1700-1709 MONTHLY VOLCANIC FORCING IN 45-DEGREE-LAT BANDS FROM N TO S
  157  156  151  136  121  108   96   70   54   47   42   37
   84   80   76   69   63   57   51   27   15   14   12   10
   46   41   38   34   32   29   26   10    2    2    2    1
   26   23   20   18   15   13   12   10    9    8    7    6
   32   28   25   22   20   17   15   13   12   10    9    8
    9    8    7    6    5    5    4    4    3    3    2    2
    1    1    1    1    0    0    0    0    0    0    0    0
    5    5    4    4    2    0    0    0    0    0    0    0
  120  121  118  106   94   82   73   64   56   50   44   39
   35   35   34   31   27   24   21   18   16   14   12   11
    0    0    0    0    0    0    0    0    0    0    0    0
    0    0    0    0    0    0    0    0    0    0    0    0
   34   30   26   22   20   17   15   13   12   10    9    8
   10    8    7    6    5    5    4    4    3    3    2    2
    0    0    0    0    0    0    0    0    0    0    0    0
    0    0    0    0    0    0    0    0    0    0    0    0
  147  236  302  305  300  269  237  209  185  162  144  127
   43   69   88   89   88   78   69   61   54   47   42   37
    0    0    0    0    0    0    0    0    0    0    0    0
    0    0    0    0    0    0    0    0    0    0    0    0
  112   99   87   76   67   59   52   46   40   35   31   28
   32   28   25   22   19   17   15   13   11   10    9    8
    0    0    0    0    0    0    0    0    0    0    0    0
    0    0    0    0    0    0    0    0    0    0    0    0
   25   22   19   17   15   13   11   10    9    8    7    5
    7    6    5    4    4    3    3    3    2    2    2    1
   38   59   67   67   64   56   50   44   39   34   30   26
  133  201  229  229  219  194  171  151  133  117  103   91
    5    5    4    4    1    0    0    0    0    0    0    0
    1    1    1    1    0    0    0    0    0    0    0    0
   23   20   18   16   14   12   11    9    8    7    6    5
   80   71   63   55   49   43   38   33   29   26   23   20
    0    0    0    0    0    0    0    0    0    0    0    0
    0    0    0    0    0    0    0    0    0    0    0    0
    5    4    4    3    3    2    2    2    1    1    1    1
   18   16   14   12   10    9    8    7    6    5    5    4
    0    0    0    0    0    0    0    0    0    0    0    0
    0    0    0    0    0    0    0    0    0    0    0    0
    1    1    0    0    0    0    0    0    0    0    0    0
    4    3    2    2    0    0    0    0    0    0    0    0

   -----     -----     -----     -----     -----
NOTE: data in (12 months) by (4 lat-zones) by (10 years)
      to get actual values of optical depth use a factor of 1.e-4
