1930-1939 MONTHLY VOLCANIC FORCING IN 45-DEGREE-LAT BANDS FROM N TO S
  147  130  115  101   89   79   70   61   54   47   42   37
   43   38   33   29   26   23   20   17   15   14   12   10
    0    0    0    0    0    0    0    0    0    0    0    0
    0    0    0    0    0    0    0    0    0    0    0    0
   33   28   62  207  316  388  387  380  340  300  265  234
    9    8   18   60   92  113  113  111   99   87   77   68
    0    0    0    0    0    0    0    0    0    0    0    0
    0    0    0    0    0    0    0    0    0    0    0    0
  206  182  161  142  125  110   97   86   76   66   57   50
   60   53   47   41   36   32   28   25   22   19   16   14
   43   77  108  113  113  104   91   81   71   63   55   49
  148  264  369  386  386  355  313  276  244  215  190  168
   44   39   34   30   27   23   21   18   16   14   12   11
   12   11   10    8    7    7    6    5    4    4    3    3
   43   38   33   29   26   23   20   18   15   14   12   10
  148  130  115  102   90   79   70   61   54   47   42   37
   10    8    7    7    5    5    4    2    0    0    0    0
    2    2    2    2    1    1    1    0    0    0    0    0
    9    8    7    6    5    5    4    4    3    3    2    2
   33   28   26   23   20   17   15   13   12   10    9    8
    0    0    0    0    0    0    0    0    0    0    0    0
    0    0    0    0    0    0    0    0    0    0    0    0
    2    1    1    1    1    0    0    0    0    0    0    0
    7    6    5    5    4    0    0    0    0    0    0    0
    0    0    0    0    0    0    0    0    0    0    0    0
    0    0    0    0    0    0    0    0    0    0    0    0
    0    0    0    0    0    0    0    0    0    0    0    0
    0    0    0    0    0    0    0    0    0    0    0    0
    0    0    0    0    0    0    0    0    0    0    0    0
    0    0    0    0    0    0    0    0    0    0    0    0
    0    0    0    0    0    0    0    0    0    0    0    0
    0    0    0    0    0    0    0    0    0    0    0    0
    0    0    0    0    0    0    0    0    0    0    0    0
    0    0    0    0    0    0    0    0    0    0    0    0
    0    0    0    0    0    0    0    0    0    0    0    0
    0    0    0    0    0    0    0    0    0    0    0    0
    0    0    0    0    0    0    0    0    0    0    0    0
    0    0    0    0    0    0    0    0    0    0    0    0
    0    0    0    0    0    0    0    0    0    0    0    0
    0    0    0    0    0    0    0    0    0    0    0    0

   -----     -----     -----     -----     -----
NOTE: data in (12 months) by (4 lat-zones) by (10 years)
      to get actual values of optical depth use a factor of 1.e-4
