2004 MONTHLY CO2 (PPMV)   24  12  LON/LAT (N-S/0-360E) IN 15 DEGREE RESOLUTION,  GLB ANNUAL MEAN = 377.03,  GROWTH RATE = 1.62,  MISS DATA = -99.99
 382.78 382.78 382.78 382.78 382.78 382.78 382.78 382.78 382.78 382.78 382.78 382.78 382.78 382.78 382.78 382.78 382.78 382.78 382.78 382.78 382.78 382.78 382.78 382.78
 383.43 385.30 385.38 384.36 383.01 382.03 381.57 382.19 383.05 383.35 383.07 382.69 382.44 382.38 382.26 382.72 383.28 383.90 383.49 382.53 381.30 380.59 380.86 381.68
 384.06 385.38 384.92 382.93 382.34 381.48 381.19 382.03 383.36 383.76 383.00 382.18 381.66 381.45 381.81 382.01 382.95 383.39 383.66 382.32 380.77 380.14 380.17 381.15
 382.59 384.31 383.34 382.17 381.79 381.55 380.85 381.79 383.17 383.01 382.01 381.04 380.31 380.05 380.36 381.40 381.92 382.70 382.30 381.12 379.93 379.03 379.09 380.06
 379.63 380.56 380.85 380.00 379.75 379.07 378.91 380.12 381.24 381.18 380.08 379.46 378.82 378.38 378.97 379.84 381.11 381.25 380.82 379.77 378.73 377.95 377.75 378.26
 377.00 377.65 378.06 378.23 377.20 375.99 375.49 377.27 378.57 378.70 378.24 377.82 377.31 377.34 377.73 378.76 379.67 380.14 379.65 378.67 377.80 377.02 376.58 376.32
 375.39 375.65 376.05 376.30 375.33 373.74 373.02 374.38 376.11 376.95 376.63 376.18 376.06 376.46 377.06 377.81 378.14 378.29 377.70 377.20 376.80 376.26 375.62 375.19
 374.65 374.81 375.19 375.38 374.75 373.85 373.12 373.74 374.70 375.59 375.21 374.99 375.05 375.49 376.29 376.89 376.73 375.86 375.36 375.35 375.37 375.19 374.91 374.60
 374.27 374.25 374.26 374.21 374.06 373.92 373.67 373.90 374.19 374.27 374.25 374.20 374.31 374.71 375.32 375.80 375.10 374.19 373.62 373.85 373.94 374.10 374.24 374.28
 374.00 373.90 373.71 373.58 373.63 373.82 373.93 374.05 373.83 373.68 373.49 373.65 373.84 374.08 374.52 374.66 374.30 373.69 373.42 373.36 373.38 373.50 373.78 373.98
 373.88 373.86 373.74 373.64 373.59 373.73 373.88 373.95 373.77 373.46 373.29 373.35 373.57 373.80 374.02 374.01 373.81 373.58 373.48 373.45 373.37 373.49 373.68 373.84
 373.65 373.65 373.65 373.65 373.65 373.65 373.65 373.65 373.65 373.65 373.65 373.65 373.65 373.65 373.65 373.65 373.65 373.65 373.65 373.65 373.65 373.65 373.65 373.65
 383.50 383.50 383.50 383.50 383.50 383.50 383.50 383.50 383.50 383.50 383.50 383.50 383.50 383.50 383.50 383.50 383.50 383.50 383.50 383.50 383.50 383.50 383.50 383.50
 383.72 385.06 385.13 384.55 383.67 383.05 382.65 383.32 384.34 384.89 384.68 384.05 383.37 382.92 382.66 383.31 384.32 385.30 384.72 383.50 382.07 381.23 381.48 382.34
 384.51 385.52 385.23 383.69 383.49 382.74 382.31 383.02 384.62 385.32 384.73 383.64 382.71 382.13 382.07 382.31 383.74 384.82 385.30 383.66 381.89 381.02 381.13 381.98
 383.41 385.20 384.31 383.40 383.16 382.93 381.90 382.58 384.24 384.54 383.71 382.38 381.35 380.79 380.81 381.66 382.68 384.02 383.78 382.47 381.20 380.35 380.39 381.15
 380.86 381.96 382.54 381.51 380.99 379.93 379.42 380.63 382.38 383.03 381.94 380.72 379.69 379.12 379.55 380.49 381.93 382.38 382.03 380.97 380.06 379.40 379.23 379.40
 378.27 379.54 380.14 379.94 378.00 376.11 375.19 377.09 379.16 379.79 379.39 378.57 377.96 377.94 378.44 379.58 380.62 381.13 380.74 379.83 379.11 378.37 377.78 377.29
 376.47 377.58 378.38 377.84 375.94 373.43 372.26 373.86 375.90 377.04 376.84 376.54 376.48 376.90 377.61 378.54 378.91 379.10 378.54 378.19 377.90 377.26 376.37 375.70
 375.27 376.00 376.62 376.51 375.11 373.70 372.64 373.12 374.05 374.89 374.83 374.95 375.27 375.79 376.71 377.43 377.26 376.28 375.79 375.89 376.03 375.80 375.36 374.85
 374.43 374.52 374.76 374.60 374.29 373.93 373.51 373.68 373.93 374.13 374.18 374.25 374.44 374.88 375.59 376.16 375.34 374.31 373.66 374.00 374.29 374.58 374.67 374.42
 373.98 373.92 373.74 373.59 373.64 373.85 373.94 374.00 373.82 373.71 373.57 373.72 373.94 374.19 374.68 374.83 374.40 373.69 373.38 373.47 373.75 374.04 374.08 374.01
 373.90 373.99 373.89 373.71 373.60 373.72 373.87 373.95 373.79 373.53 373.39 373.44 373.67 373.90 374.12 374.10 373.84 373.56 373.51 373.69 373.94 373.96 373.85 373.80
 373.75 373.75 373.75 373.75 373.75 373.75 373.75 373.75 373.75 373.75 373.75 373.75 373.75 373.75 373.75 373.75 373.75 373.75 373.75 373.75 373.75 373.75 373.75 373.75
 383.78 383.78 383.78 383.78 383.78 383.78 383.78 383.78 383.78 383.78 383.78 383.78 383.78 383.78 383.78 383.78 383.78 383.78 383.78 383.78 383.78 383.78 383.78 383.78
 384.43 385.23 384.44 383.67 383.32 383.43 383.50 384.09 384.91 385.28 385.04 384.33 383.53 382.93 382.72 383.24 384.25 385.52 385.18 384.27 383.07 382.34 382.35 383.25
 385.39 385.76 384.77 383.33 383.52 383.46 383.25 383.93 385.09 385.63 384.99 383.97 383.10 382.67 382.46 382.41 383.08 384.21 385.29 384.48 382.95 381.92 381.93 383.03
 384.36 385.48 384.27 383.48 383.48 383.61 383.06 383.55 384.88 384.87 383.82 382.51 381.85 381.52 381.64 381.97 382.06 382.83 383.43 383.29 382.15 381.09 381.05 382.23
 381.51 382.23 382.32 381.48 381.09 380.44 380.11 381.64 383.24 383.48 381.92 380.75 380.14 379.99 380.57 381.30 381.73 381.84 381.81 381.60 380.86 380.02 379.82 380.27
 378.43 379.13 379.50 379.47 378.00 376.15 375.38 377.55 379.68 379.88 379.15 378.46 378.35 378.70 379.43 380.49 381.24 381.42 381.06 380.46 379.85 378.95 378.22 377.70
 376.21 376.73 377.30 377.27 375.62 373.17 372.01 373.72 375.65 376.62 376.40 376.42 376.71 377.35 378.33 379.45 379.72 379.71 378.97 378.75 378.52 377.74 376.60 375.80
 374.91 375.30 375.92 376.08 374.90 373.44 372.30 372.70 373.52 374.25 374.47 374.82 375.33 375.97 377.08 378.04 377.86 376.67 376.10 376.26 376.43 376.04 375.43 374.79
 374.25 374.30 374.56 374.54 374.19 373.75 373.29 373.45 373.69 373.97 374.12 374.32 374.54 374.96 375.76 376.47 375.65 374.54 373.78 374.15 374.36 374.58 374.60 374.34
 373.96 373.95 373.90 373.82 373.85 373.93 373.91 373.95 373.86 373.80 373.77 373.94 374.13 374.30 374.77 374.97 374.56 373.83 373.49 373.49 373.66 373.89 374.02 374.00
 374.01 374.12 374.11 374.03 374.02 374.05 374.05 374.03 373.93 373.73 373.63 373.71 373.90 374.06 374.23 374.20 373.96 373.71 373.63 373.71 373.79 373.86 373.88 373.90
 373.93 373.93 373.93 373.93 373.93 373.93 373.93 373.93 373.93 373.93 373.93 373.93 373.93 373.93 373.93 373.93 373.93 373.93 373.93 373.93 373.93 373.93 373.93 373.93
 384.05 384.05 384.05 384.05 384.05 384.05 384.05 384.05 384.05 384.05 384.05 384.05 384.05 384.05 384.05 384.05 384.05 384.05 384.05 384.05 384.05 384.05 384.05 384.05
 383.74 383.77 383.21 383.07 383.39 383.81 384.40 385.28 386.06 386.00 385.34 384.67 384.23 383.96 383.67 383.27 383.20 383.98 384.19 383.91 383.17 382.75 382.81 383.34
 382.31 381.89 381.24 382.73 383.44 383.79 384.15 385.33 386.46 386.61 385.44 384.30 383.74 383.61 383.36 382.61 381.80 382.15 383.26 383.43 382.62 382.18 382.17 382.80
 380.84 378.93 379.89 381.88 383.37 383.83 384.02 384.89 386.25 385.76 384.35 382.97 382.61 382.52 382.63 382.35 381.10 380.80 381.73 382.49 381.84 381.22 381.23 381.86
 378.83 377.84 377.38 379.77 381.05 381.46 381.98 383.42 384.49 384.21 382.34 381.21 380.88 380.98 381.58 382.00 381.34 381.00 381.19 381.54 381.00 380.24 379.95 380.08
 377.38 376.42 376.25 376.91 378.11 378.36 378.84 380.01 381.09 380.43 379.49 378.70 378.75 379.31 380.29 381.25 381.72 381.73 381.45 381.07 380.48 379.34 378.31 377.64
 375.39 374.91 374.83 375.33 375.64 375.69 376.16 376.83 377.28 377.08 376.67 376.43 376.67 377.56 378.85 380.25 380.54 380.47 379.67 379.53 379.28 378.16 376.57 375.58
 374.45 374.23 374.49 374.80 374.99 374.93 375.07 375.09 374.85 374.62 374.64 374.79 375.20 375.97 377.31 378.56 378.56 377.40 376.83 377.03 377.13 376.36 375.38 374.64
 374.37 374.36 374.29 374.34 374.29 374.24 374.40 374.47 374.47 374.22 374.30 374.39 374.54 374.97 375.85 376.77 376.16 375.17 374.45 374.82 374.93 374.85 374.64 374.47
 374.31 374.33 374.25 374.17 374.14 374.10 374.12 374.16 374.12 374.04 374.02 374.13 374.24 374.38 374.84 375.16 374.92 374.35 374.02 374.03 374.10 374.16 374.19 374.23
 374.23 374.35 374.35 374.32 374.33 374.28 374.21 374.14 374.09 373.99 373.96 374.00 374.10 374.19 374.33 374.39 374.29 374.13 374.05 374.09 374.13 374.10 374.05 374.09
 374.16 374.16 374.16 374.16 374.16 374.16 374.16 374.16 374.16 374.16 374.16 374.16 374.16 374.16 374.16 374.16 374.16 374.16 374.16 374.16 374.16 374.16 374.16 374.16
 383.12 383.12 383.12 383.12 383.12 383.12 383.12 383.12 383.12 383.12 383.12 383.12 383.12 383.12 383.12 383.12 383.12 383.12 383.12 383.12 383.12 383.12 383.12 383.12
 381.76 381.65 381.90 382.13 381.69 381.19 381.93 383.67 385.39 385.80 385.22 384.56 384.21 384.02 383.61 382.69 381.93 381.98 382.48 382.59 382.19 381.79 381.77 381.98
 380.34 379.98 380.29 381.31 380.87 380.53 381.39 383.73 385.95 386.67 385.51 384.26 383.67 383.39 382.94 382.11 381.31 381.15 381.44 381.66 381.40 381.30 381.20 381.28
 379.54 378.51 379.29 380.23 380.45 380.29 381.16 383.07 385.51 385.68 384.59 383.25 382.66 382.34 382.07 381.77 381.05 380.69 380.82 381.03 380.86 380.64 380.59 380.63
 378.88 378.02 377.61 378.46 378.75 378.80 379.79 381.60 383.01 383.55 382.55 381.64 381.04 380.94 381.18 381.44 381.11 380.79 380.72 380.83 380.62 380.10 379.76 379.59
 377.59 376.73 376.10 376.09 376.68 376.95 377.70 378.95 380.22 380.49 380.11 379.29 378.83 379.27 380.21 380.94 381.17 381.03 380.86 380.78 380.60 379.59 378.52 377.88
 375.80 375.09 374.69 374.66 374.96 375.25 375.81 376.59 377.59 377.98 377.56 376.82 376.62 377.55 378.87 380.20 380.66 380.83 380.65 380.69 380.33 378.92 377.10 376.02
 374.78 374.49 374.45 374.52 374.66 374.75 374.98 375.38 375.61 375.83 375.49 375.21 375.23 375.99 377.40 378.69 379.14 378.87 378.71 378.85 378.60 377.31 375.97 375.08
 374.64 374.55 374.49 374.45 374.38 374.32 374.48 374.63 374.76 374.65 374.70 374.67 374.68 375.06 375.94 376.97 376.99 376.49 376.19 376.42 376.26 375.78 375.24 374.82
 374.55 374.58 374.57 374.50 374.41 374.31 374.31 374.38 374.44 374.50 374.53 374.52 374.47 374.54 374.97 375.39 375.24 374.78 374.47 374.62 374.74 374.79 374.65 374.54
 374.50 374.63 374.65 374.61 374.58 374.50 374.41 374.34 374.40 374.47 374.53 374.52 374.46 374.42 374.51 374.60 374.59 374.48 374.47 374.58 374.73 374.62 374.44 374.37
 374.50 374.50 374.50 374.50 374.50 374.50 374.50 374.50 374.50 374.50 374.50 374.50 374.50 374.50 374.50 374.50 374.50 374.50 374.50 374.50 374.50 374.50 374.50 374.50
 379.52 379.52 379.52 379.52 379.52 379.52 379.52 379.52 379.52 379.52 379.52 379.52 379.52 379.52 379.52 379.52 379.52 379.52 379.52 379.52 379.52 379.52 379.52 379.52
 379.18 379.04 379.91 380.31 379.21 377.49 377.29 378.64 380.39 381.06 380.81 380.30 380.01 379.89 379.79 379.02 377.91 377.07 377.96 378.90 379.28 379.06 378.94 379.34
 377.79 377.52 377.88 379.00 377.88 376.51 376.57 378.57 380.77 381.86 381.07 380.25 379.86 379.62 379.61 379.43 378.70 377.69 377.10 378.09 378.82 378.93 378.78 378.90
 377.54 376.06 376.70 377.38 377.19 376.26 376.32 378.14 380.89 381.44 380.78 379.97 379.67 379.47 379.34 379.38 379.25 378.70 378.36 378.62 378.99 378.91 378.73 378.81
 377.52 376.28 375.48 376.38 376.05 375.13 375.30 377.43 379.49 380.55 379.87 379.36 379.08 379.18 379.10 379.10 379.27 379.42 379.62 379.58 379.44 378.98 378.69 378.56
 377.16 375.80 374.94 375.11 374.96 373.74 373.54 375.57 377.75 378.77 378.56 378.07 377.95 378.29 378.88 379.03 379.18 379.61 379.84 379.82 379.63 378.96 378.23 377.89
 376.11 374.84 374.21 374.65 374.08 372.93 372.23 373.73 375.77 377.04 376.83 376.47 376.48 377.27 378.18 378.98 379.17 379.44 379.67 379.80 379.55 378.66 377.52 376.81
 375.38 374.61 374.37 374.59 374.25 373.48 372.74 373.41 374.52 375.47 375.39 375.32 375.45 376.07 377.24 378.14 378.40 378.15 378.13 378.31 378.18 377.45 376.69 376.09
 375.24 374.99 374.77 374.72 374.39 374.13 373.79 374.06 374.40 374.79 374.87 374.91 374.94 375.24 376.01 376.89 376.88 376.46 376.20 376.36 376.26 376.06 375.85 375.59
 375.09 375.06 375.00 374.86 374.70 374.59 374.57 374.69 374.75 374.79 374.81 374.80 374.78 374.79 375.16 375.57 375.52 375.15 374.87 374.91 374.97 375.04 375.06 375.07
 374.93 375.05 375.04 374.94 374.86 374.81 374.84 374.86 374.87 374.81 374.79 374.78 374.75 374.71 374.75 374.87 374.95 374.92 374.87 374.90 374.91 374.83 374.75 374.78
 374.84 374.84 374.84 374.84 374.84 374.84 374.84 374.84 374.84 374.84 374.84 374.84 374.84 374.84 374.84 374.84 374.84 374.84 374.84 374.84 374.84 374.84 374.84 374.84
 372.28 372.28 372.28 372.28 372.28 372.28 372.28 372.28 372.28 372.28 372.28 372.28 372.28 372.28 372.28 372.28 372.28 372.28 372.28 372.28 372.28 372.28 372.28 372.28
 373.61 371.41 369.08 368.78 370.47 372.55 374.10 375.20 376.03 375.60 374.24 373.24 372.83 372.85 373.26 372.70 371.18 369.24 370.21 371.98 373.62 374.24 374.23 374.61
 374.36 372.56 370.68 371.19 372.41 373.50 373.93 375.24 376.66 377.21 375.80 374.05 373.60 373.58 374.15 374.54 373.15 371.07 369.90 372.22 374.31 374.98 374.92 375.22
 375.06 373.40 372.77 373.12 373.51 373.72 374.08 374.99 377.18 377.84 376.71 375.41 375.08 375.09 375.10 375.09 374.67 373.44 373.44 374.70 375.81 376.04 375.79 376.14
 375.42 374.27 373.44 374.16 373.96 373.69 373.59 375.28 376.96 377.70 377.00 376.40 376.52 376.65 376.09 375.27 375.15 375.80 376.83 377.16 377.12 376.84 376.70 376.52
 375.97 374.75 374.16 374.48 374.47 373.33 373.05 374.68 376.38 377.08 376.76 376.53 376.86 377.14 376.95 375.99 375.81 377.07 377.89 377.91 377.48 377.22 376.97 376.84
 375.98 374.82 374.37 375.14 374.63 373.46 372.62 373.76 375.31 376.25 376.14 376.08 376.34 376.95 377.24 377.04 376.89 377.24 377.84 377.80 377.56 377.31 377.03 376.80
 375.71 374.88 374.70 375.04 374.81 374.06 373.27 373.75 374.67 375.45 375.44 375.48 375.67 376.15 376.91 377.22 377.11 376.83 376.83 376.94 376.89 376.81 376.72 376.50
 375.53 375.27 375.10 375.15 374.91 374.71 374.35 374.53 374.78 375.08 375.07 375.07 375.14 375.44 376.04 376.63 376.51 376.13 375.90 375.95 375.94 376.01 376.08 375.93
 375.39 375.38 375.37 375.28 375.16 375.10 375.09 375.18 375.13 375.06 374.96 374.91 374.91 374.99 375.35 375.71 375.74 375.49 375.29 375.25 375.27 375.32 375.38 375.39
 375.29 375.41 375.42 375.34 375.26 375.25 375.31 375.35 375.26 375.07 374.93 374.89 374.87 374.87 374.96 375.16 375.32 375.36 375.29 375.26 375.19 375.12 375.08 375.13
 375.18 375.18 375.18 375.18 375.18 375.18 375.18 375.18 375.18 375.18 375.18 375.18 375.18 375.18 375.18 375.18 375.18 375.18 375.18 375.18 375.18 375.18 375.18 375.18
 369.14 369.14 369.14 369.14 369.14 369.14 369.14 369.14 369.14 369.14 369.14 369.14 369.14 369.14 369.14 369.14 369.14 369.14 369.14 369.14 369.14 369.14 369.14 369.14
 369.87 369.75 369.31 369.62 370.92 372.34 373.14 373.31 373.00 371.44 369.24 368.01 367.69 367.85 368.72 369.49 369.40 368.23 368.03 368.57 369.34 369.62 369.48 369.94
 371.94 371.63 370.83 371.08 372.17 373.13 373.07 373.46 373.83 373.47 371.55 369.54 369.28 369.69 370.67 371.52 371.07 369.70 368.88 369.80 370.66 370.66 370.62 371.05
 373.17 373.14 372.31 372.32 372.84 373.29 373.30 373.40 374.56 374.86 373.61 372.29 372.00 372.18 372.44 372.35 371.97 371.35 371.43 372.00 372.31 372.25 371.99 372.75
 373.88 373.73 373.40 373.54 373.51 373.51 373.10 374.02 375.04 375.56 375.15 374.58 374.68 374.67 373.93 372.63 372.42 372.92 373.84 373.91 373.66 373.56 373.66 373.86
 374.85 374.52 374.40 374.72 374.41 373.46 373.03 374.14 375.32 376.00 375.82 375.70 375.99 375.98 375.22 373.66 373.08 374.07 374.73 374.70 374.24 374.44 374.80 375.17
 375.72 375.23 375.08 375.55 374.86 373.68 372.90 373.83 375.14 375.93 375.84 375.84 376.13 376.45 376.20 375.25 374.64 374.66 375.15 374.92 374.74 375.13 375.79 376.19
 375.97 375.47 375.36 375.42 374.82 373.93 373.31 373.98 375.03 375.75 375.61 375.57 375.72 376.07 376.41 376.16 375.77 375.50 375.41 375.35 375.25 375.67 376.18 376.44
 375.81 375.65 375.56 375.43 374.90 374.39 374.19 374.71 375.26 375.55 375.40 375.24 375.29 375.55 375.96 376.27 376.20 376.00 375.92 375.79 375.68 375.72 375.92 376.03
 375.72 375.73 375.73 375.59 375.30 375.05 375.09 375.40 375.53 375.50 375.32 375.20 375.13 375.21 375.49 375.83 376.04 376.02 375.97 375.86 375.63 375.46 375.55 375.68
 375.68 375.79 375.81 375.74 375.66 375.58 375.63 375.69 375.67 375.50 375.37 375.28 375.19 375.14 375.20 375.47 375.78 375.94 375.87 375.68 375.37 375.30 375.38 375.54
 375.58 375.58 375.58 375.58 375.58 375.58 375.58 375.58 375.58 375.58 375.58 375.58 375.58 375.58 375.58 375.58 375.58 375.58 375.58 375.58 375.58 375.58 375.58 375.58
 371.16 371.16 371.16 371.16 371.16 371.16 371.16 371.16 371.16 371.16 371.16 371.16 371.16 371.16 371.16 371.16 371.16 371.16 371.16 371.16 371.16 371.16 371.16 371.16
 371.32 372.13 371.75 371.45 372.17 373.13 373.91 374.44 374.46 373.26 371.19 370.05 369.74 370.03 370.87 372.74 374.12 374.20 372.72 371.30 370.16 369.57 369.68 370.39
 372.59 373.28 373.16 373.11 373.31 373.61 373.85 374.47 375.41 375.09 373.22 370.94 370.53 371.10 372.51 373.77 374.81 374.62 374.27 372.64 371.16 370.28 370.38 371.09
 372.93 373.60 374.44 374.47 374.05 373.87 374.23 374.64 375.64 375.76 374.05 372.19 371.86 372.36 373.29 374.07 374.21 374.54 374.11 372.98 371.94 371.35 371.21 372.14
 373.12 373.78 374.43 375.13 374.45 374.46 375.29 376.06 376.22 375.31 374.17 373.27 373.54 373.94 373.96 373.31 373.75 373.76 373.71 373.03 372.42 372.34 372.52 372.99
 374.32 374.23 374.69 375.12 374.95 374.53 375.73 377.03 376.56 375.13 374.39 374.30 374.98 375.25 374.69 373.65 373.16 373.51 373.51 373.19 372.78 373.18 373.83 374.45
 375.36 374.90 374.80 375.44 375.00 374.50 374.90 376.21 376.29 375.40 375.00 375.29 375.76 376.06 375.75 374.77 374.10 373.85 373.98 373.62 373.44 374.09 375.16 375.84
 375.77 375.27 375.21 375.35 374.94 374.21 374.13 374.78 375.49 375.57 375.49 375.61 375.82 375.97 376.10 375.69 375.28 375.04 374.84 374.61 374.49 375.13 375.89 376.30
 375.67 375.53 375.53 375.47 375.00 374.53 374.42 374.89 375.33 375.59 375.57 375.56 375.56 375.69 375.90 376.03 376.01 375.90 375.83 375.63 375.58 375.74 375.96 375.96
 375.68 375.72 375.80 375.71 375.44 375.18 375.25 375.57 375.71 375.67 375.60 375.52 375.45 375.45 375.63 375.87 376.09 376.13 376.13 376.04 375.94 375.84 375.81 375.73
 375.77 375.86 375.93 375.88 375.81 375.75 375.84 375.92 375.91 375.75 375.63 375.56 375.48 375.41 375.43 375.68 375.99 376.20 376.16 376.08 375.86 375.74 375.69 375.70
 375.84 375.84 375.84 375.84 375.84 375.84 375.84 375.84 375.84 375.84 375.84 375.84 375.84 375.84 375.84 375.84 375.84 375.84 375.84 375.84 375.84 375.84 375.84 375.84
 376.70 376.70 376.70 376.70 376.70 376.70 376.70 376.70 376.70 376.70 376.70 376.70 376.70 376.70 376.70 376.70 376.70 376.70 376.70 376.70 376.70 376.70 376.70 376.70
 377.03 378.36 378.74 377.95 377.85 377.72 377.83 378.17 378.48 377.97 376.84 376.12 375.93 376.17 376.80 378.58 380.00 380.40 378.66 376.75 375.03 374.20 374.37 375.23
 377.50 379.37 379.13 378.51 378.10 377.78 377.58 378.14 378.99 379.06 377.69 376.14 375.73 376.24 377.76 378.90 380.14 380.11 380.01 377.69 375.40 374.21 374.24 375.07
 376.31 377.61 379.09 378.76 378.33 377.77 377.60 377.69 378.74 378.72 377.26 375.67 375.25 375.68 377.04 378.56 378.71 379.05 378.34 376.75 375.16 374.14 373.91 374.82
 374.47 375.45 376.74 377.83 377.51 377.21 377.19 377.53 377.65 377.21 376.03 375.15 375.07 375.37 376.16 376.50 377.48 377.04 376.35 375.36 374.49 374.14 374.13 374.34
 375.02 375.07 375.71 376.29 376.48 376.15 376.54 376.91 376.67 375.78 375.35 375.16 375.51 375.77 375.65 375.66 375.74 375.85 375.32 374.64 374.10 374.30 374.72 375.11
 375.59 375.12 374.99 375.53 375.50 375.37 375.55 376.07 376.00 375.55 375.39 375.63 375.98 376.22 376.16 375.74 375.48 375.31 375.04 374.50 374.25 374.72 375.55 376.03
 375.86 375.40 375.31 375.46 375.40 375.12 375.13 375.40 375.64 375.62 375.63 375.75 375.94 376.07 376.22 376.07 375.82 375.53 375.21 374.92 374.82 375.37 375.99 376.31
 375.78 375.63 375.56 375.54 375.35 375.17 375.17 375.40 375.58 375.64 375.65 375.69 375.73 375.85 376.02 376.12 376.01 375.81 375.64 375.50 375.50 375.72 375.97 376.01
 375.76 375.76 375.78 375.72 375.60 375.50 375.55 375.70 375.74 375.67 375.63 375.62 375.62 375.65 375.79 375.95 376.04 375.99 375.96 375.84 375.80 375.75 375.79 375.79
 375.79 375.86 375.89 375.87 375.86 375.85 375.88 375.91 375.87 375.73 375.63 375.61 375.60 375.59 375.63 375.80 376.00 376.14 376.09 376.04 375.79 375.71 375.69 375.73
 375.86 375.86 375.86 375.86 375.86 375.86 375.86 375.86 375.86 375.86 375.86 375.86 375.86 375.86 375.86 375.86 375.86 375.86 375.86 375.86 375.86 375.86 375.86 375.86
 380.51 380.51 380.51 380.51 380.51 380.51 380.51 380.51 380.51 380.51 380.51 380.51 380.51 380.51 380.51 380.51 380.51 380.51 380.51 380.51 380.51 380.51 380.51 380.51
 381.18 382.35 381.87 380.23 379.35 379.09 379.65 380.75 381.84 382.25 381.93 381.33 380.74 380.56 380.92 382.24 383.28 383.75 382.35 380.71 379.13 378.42 378.66 379.47
 382.16 383.71 382.80 380.09 379.01 378.75 379.37 380.73 382.16 382.63 381.95 380.86 380.14 380.25 381.51 382.29 383.02 382.87 383.03 381.11 379.07 378.05 378.11 378.96
 380.93 382.95 382.63 380.37 378.95 378.53 379.24 380.31 381.64 381.67 380.47 379.16 378.72 378.94 380.26 381.80 381.47 381.34 380.76 379.61 378.30 377.50 377.39 378.36
 378.29 379.35 380.13 378.92 377.73 377.45 378.10 379.32 379.97 379.48 378.19 377.45 377.24 377.47 378.58 379.51 380.18 379.27 378.35 377.69 377.16 376.98 377.16 377.32
 377.05 377.38 377.59 377.32 376.30 375.54 376.21 377.53 378.03 377.37 376.82 376.57 376.66 376.87 377.24 378.03 378.36 378.05 377.27 376.65 376.36 376.62 376.90 376.95
 376.62 376.24 375.99 375.88 375.11 374.31 374.29 375.70 376.53 376.67 376.43 376.41 376.50 376.75 377.01 377.36 377.30 377.04 376.41 376.05 375.97 376.29 376.76 376.90
 376.40 376.06 375.87 375.75 375.15 374.48 374.20 374.85 375.85 376.38 376.22 376.18 376.27 376.44 376.77 376.95 376.77 376.17 375.73 375.58 375.65 376.12 376.58 376.71
 376.07 375.89 375.76 375.60 375.29 375.02 374.81 375.20 375.65 375.97 375.96 375.94 375.96 376.13 376.38 376.56 376.18 375.70 375.31 375.35 375.50 375.92 376.26 376.29
 375.88 375.83 375.75 375.62 375.53 375.48 375.52 375.72 375.77 375.77 375.70 375.73 375.78 375.86 376.05 376.10 375.94 375.65 375.52 375.46 375.58 375.73 375.86 375.90
 375.79 375.84 375.82 375.77 375.76 375.77 375.82 375.85 375.83 375.70 375.63 375.64 375.69 375.76 375.83 375.86 375.83 375.80 375.75 375.81 375.72 375.70 375.67 375.71
 375.80 375.80 375.80 375.80 375.80 375.80 375.80 375.80 375.80 375.80 375.80 375.80 375.80 375.80 375.80 375.80 375.80 375.80 375.80 375.80 375.80 375.80 375.80 375.80
 383.06 383.06 383.06 383.06 383.06 383.06 383.06 383.06 383.06 383.06 383.06 383.06 383.06 383.06 383.06 383.06 383.06 383.06 383.06 383.06 383.06 383.06 383.06 383.06
 382.47 383.65 384.15 384.30 383.41 382.59 382.40 383.08 383.78 383.85 383.31 382.82 382.54 382.53 382.62 383.34 384.08 384.81 384.10 383.00 381.72 381.09 381.26 381.89
 382.71 383.47 384.42 383.48 382.83 382.07 382.11 382.98 384.22 384.36 383.43 382.37 381.83 381.92 382.65 382.92 383.50 383.72 384.12 382.73 381.07 380.20 380.20 380.64
 381.32 384.09 383.93 383.20 382.44 381.97 381.67 382.53 383.70 383.56 382.35 381.04 380.40 380.47 381.37 382.44 382.22 382.42 382.12 381.21 380.00 379.23 379.03 379.63
 380.22 381.52 382.56 381.13 380.14 379.53 379.68 380.88 381.75 381.45 380.32 379.46 378.86 378.85 379.86 380.79 381.41 380.90 380.30 379.65 378.97 378.54 378.52 378.45
 378.31 379.05 379.09 378.89 377.24 375.83 376.21 378.17 379.20 378.97 378.56 378.18 377.90 378.04 378.61 379.58 380.14 380.08 379.47 378.84 378.38 378.21 378.01 377.92
 377.16 376.93 376.83 376.63 375.18 373.51 373.09 375.31 376.83 377.44 377.28 377.23 377.28 377.61 378.10 378.77 378.86 378.74 378.10 377.81 377.69 377.58 377.41 377.19
 376.42 376.21 376.23 376.22 375.21 373.98 373.27 374.13 375.62 376.48 376.39 376.48 376.69 377.00 377.57 377.99 377.76 376.91 376.43 376.42 376.56 376.71 376.78 376.64
 376.01 375.86 375.79 375.69 375.29 374.91 374.41 374.78 375.29 375.81 375.86 375.98 376.17 376.45 376.88 377.18 376.50 375.69 375.14 375.33 375.51 375.88 376.18 376.20
 375.79 375.71 375.59 375.47 375.40 375.41 375.42 375.57 375.57 375.57 375.50 375.63 375.83 376.01 376.32 376.33 375.93 375.35 375.12 375.07 375.21 375.42 375.65 375.78
 375.65 375.68 375.62 375.57 375.54 375.58 375.64 375.70 375.63 375.47 375.37 375.43 375.62 375.80 375.97 375.88 375.61 375.37 375.29 375.34 375.31 375.39 375.48 375.58
 375.56 375.56 375.56 375.56 375.56 375.56 375.56 375.56 375.56 375.56 375.56 375.56 375.56 375.56 375.56 375.56 375.56 375.56 375.56 375.56 375.56 375.56 375.56 375.56
