1993 MONTHLY CO2 (PPMV)   24  12  LON/LAT (N-S/0-360E) IN 15 DEGREE RESOLUTION,  GLB ANNUAL MEAN = 357.13,  GROWTH RATE = 0.69,  MISS DATA = -99.99
 362.33 362.33 362.33 362.33 362.33 362.33 362.33 362.33 362.33 362.33 362.33 362.33 362.33 362.33 362.33 362.33 362.33 362.33 362.33 362.33 362.33 362.33 362.33 362.33
 361.56 362.69 362.86 362.27 361.74 361.49 361.71 362.90 364.22 364.88 364.92 364.24 363.17 362.44 362.21 362.25 362.11 361.80 361.39 361.08 360.80 360.32 360.11 360.41
 361.86 364.08 364.27 363.17 362.17 361.29 360.96 361.82 363.78 365.24 365.13 363.92 362.36 361.52 361.60 361.46 361.25 360.76 360.53 360.28 359.74 359.64 359.60 359.98
 361.51 363.39 364.13 363.17 362.02 361.45 360.68 361.28 363.24 364.59 364.02 362.24 360.48 359.80 360.01 360.63 360.14 359.75 359.62 359.14 358.81 358.54 358.85 359.76
 359.44 360.40 360.76 360.63 360.61 360.48 360.45 360.87 361.49 362.04 361.15 359.65 358.38 358.03 358.53 359.29 359.59 359.16 358.68 358.50 358.02 357.71 357.90 358.41
 356.96 357.40 357.42 357.52 357.89 359.01 359.69 359.69 359.39 358.74 358.00 357.40 356.91 357.03 357.47 358.25 358.72 358.50 358.07 357.68 357.48 357.09 356.83 356.68
 355.40 355.60 355.95 355.84 356.02 356.61 357.55 357.72 357.09 356.44 356.05 355.84 355.98 356.52 357.01 357.56 357.84 357.89 357.52 357.29 357.07 356.53 355.81 355.23
 355.00 355.21 355.47 355.43 355.11 355.03 355.41 355.83 355.57 355.23 354.95 355.05 355.39 355.94 356.58 356.95 356.96 356.69 356.43 356.34 356.20 355.72 355.24 354.92
 354.78 354.85 354.96 354.89 354.57 354.19 354.25 354.38 354.53 354.24 354.28 354.49 355.02 355.49 355.98 356.29 355.96 355.40 355.16 355.19 355.12 355.02 354.92 354.81
 354.57 354.48 354.54 354.55 354.47 354.29 354.15 354.11 353.98 353.84 353.76 354.15 354.62 355.12 355.49 355.54 355.14 354.60 354.37 354.37 354.44 354.57 354.69 354.67
 354.46 354.35 354.39 354.50 354.55 354.48 354.30 354.03 353.77 353.57 353.57 353.76 354.27 354.76 355.16 355.08 354.75 354.43 354.37 354.37 354.44 354.55 354.64 354.59
 354.33 354.33 354.33 354.33 354.33 354.33 354.33 354.33 354.33 354.33 354.33 354.33 354.33 354.33 354.33 354.33 354.33 354.33 354.33 354.33 354.33 354.33 354.33 354.33
 362.13 362.13 362.13 362.13 362.13 362.13 362.13 362.13 362.13 362.13 362.13 362.13 362.13 362.13 362.13 362.13 362.13 362.13 362.13 362.13 362.13 362.13 362.13 362.13
 362.63 363.33 362.93 362.45 361.87 361.44 361.45 362.22 362.98 363.40 363.29 362.91 362.44 362.23 361.99 361.80 361.75 361.88 362.00 361.87 361.55 361.06 361.01 361.86
 363.48 364.15 363.69 362.75 361.91 361.11 361.10 361.89 363.70 364.50 364.04 362.70 361.82 361.49 361.36 361.08 361.15 361.59 361.83 361.65 360.80 360.51 360.63 361.60
 363.46 364.31 363.53 362.47 361.61 361.18 360.78 361.81 363.58 364.54 363.44 361.72 360.56 360.07 360.07 360.35 360.47 360.94 361.42 360.75 360.06 359.51 359.95 361.75
 361.33 361.69 361.22 360.42 360.44 360.43 360.68 361.00 361.85 361.98 361.32 360.10 359.00 358.55 358.88 359.49 360.03 360.39 360.25 359.93 359.10 358.58 358.91 359.85
 357.87 358.50 358.39 358.16 358.18 358.66 358.96 359.00 358.89 358.86 358.72 358.15 357.58 357.57 358.10 358.79 359.43 359.58 359.40 358.81 358.38 357.77 357.42 357.29
 355.49 356.04 356.80 356.74 356.58 356.30 356.26 356.39 356.46 356.44 356.46 356.28 356.33 356.92 357.56 358.24 358.64 358.86 358.57 358.19 357.81 357.00 355.96 355.13
 354.90 355.38 355.95 356.01 355.41 354.68 354.48 354.69 354.96 355.02 354.85 355.01 355.43 356.14 356.99 357.51 357.56 357.23 356.92 356.80 356.58 355.87 355.16 354.70
 354.57 354.77 355.00 355.00 354.68 354.31 354.20 354.24 354.30 354.14 354.17 354.39 354.97 355.53 356.18 356.62 356.19 355.47 355.13 355.18 355.08 354.91 354.75 354.57
 354.26 354.12 354.23 354.32 354.34 354.27 354.18 354.12 353.99 353.87 353.80 354.13 354.56 355.10 355.55 355.60 355.07 354.34 354.04 354.04 354.14 354.31 354.48 354.43
 354.11 353.92 353.99 354.21 354.36 354.36 354.25 354.05 353.85 353.70 353.71 353.86 354.30 354.74 355.16 355.00 354.55 354.12 354.04 354.04 354.14 354.31 354.44 354.34
 354.18 354.18 354.18 354.18 354.18 354.18 354.18 354.18 354.18 354.18 354.18 354.18 354.18 354.18 354.18 354.18 354.18 354.18 354.18 354.18 354.18 354.18 354.18 354.18
 362.81 362.81 362.81 362.81 362.81 362.81 362.81 362.81 362.81 362.81 362.81 362.81 362.81 362.81 362.81 362.81 362.81 362.81 362.81 362.81 362.81 362.81 362.81 362.81
 363.79 364.07 362.81 361.76 361.55 361.92 362.33 363.36 364.23 364.70 364.74 364.35 363.65 363.12 362.64 362.34 362.27 362.45 362.62 362.47 362.22 361.85 361.92 362.77
 365.34 366.31 364.95 363.12 362.36 361.83 362.01 362.82 364.58 365.29 365.00 363.89 362.84 362.15 361.69 361.31 361.47 362.11 362.28 361.96 361.24 361.25 361.70 362.94
 365.49 366.78 365.77 363.89 362.47 362.10 361.57 362.68 364.20 364.82 363.81 362.30 361.25 360.71 360.49 360.55 360.92 361.71 362.11 361.21 360.49 360.21 361.04 363.18
 362.72 363.49 363.07 361.99 361.52 361.29 361.53 361.74 362.40 362.19 361.36 360.29 359.43 359.25 359.63 360.23 360.90 361.73 361.80 361.00 359.85 359.31 359.78 360.87
 358.49 359.45 359.51 359.26 359.13 359.53 359.69 359.57 359.24 359.00 358.74 358.25 357.90 358.17 358.96 359.81 360.74 361.41 361.32 360.34 359.41 358.51 357.99 357.74
 355.63 356.48 357.58 357.62 357.44 357.12 356.93 356.80 356.62 356.51 356.56 356.46 356.58 357.25 358.13 359.14 359.99 360.56 360.29 359.55 358.86 357.67 356.22 355.12
 354.92 355.69 356.54 356.72 356.15 355.44 355.10 355.04 355.05 355.05 355.09 355.28 355.60 356.26 357.25 358.09 358.45 358.28 357.90 357.67 357.28 356.26 355.25 354.60
 354.54 354.93 355.33 355.45 355.21 354.95 354.79 354.64 354.46 354.32 354.52 354.80 355.17 355.56 356.26 356.86 356.60 355.91 355.56 355.60 355.41 355.07 354.72 354.47
 354.19 354.11 354.31 354.50 354.60 354.65 354.67 354.53 354.30 354.17 354.25 354.56 354.89 355.18 355.55 355.67 355.20 354.52 354.19 354.19 354.23 354.31 354.38 354.30
 354.00 353.85 353.97 354.24 354.41 354.48 354.51 354.41 354.21 354.08 354.12 354.27 354.63 354.93 355.20 355.03 354.64 354.27 354.19 354.19 354.22 354.27 354.31 354.21
 354.29 354.29 354.29 354.29 354.29 354.29 354.29 354.29 354.29 354.29 354.29 354.29 354.29 354.29 354.29 354.29 354.29 354.29 354.29 354.29 354.29 354.29 354.29 354.29
 363.47 363.47 363.47 363.47 363.47 363.47 363.47 363.47 363.47 363.47 363.47 363.47 363.47 363.47 363.47 363.47 363.47 363.47 363.47 363.47 363.47 363.47 363.47 363.47
 363.59 364.00 363.67 363.83 364.02 364.22 363.92 364.27 364.70 365.03 364.65 363.99 363.30 363.00 362.85 362.80 362.82 362.91 363.03 362.93 362.64 362.20 362.25 363.04
 364.14 364.34 364.24 364.46 364.98 364.34 363.84 363.80 365.36 365.89 365.35 363.76 362.81 362.48 362.30 362.13 362.22 362.47 362.40 362.09 361.54 361.61 362.00 362.82
 363.40 363.97 363.76 364.46 364.92 364.77 363.37 363.79 365.00 365.83 364.61 362.86 361.81 361.55 361.53 361.69 361.82 362.15 362.15 361.35 360.80 360.68 361.30 362.50
 361.06 361.19 361.37 361.78 363.12 363.32 363.24 362.80 363.32 363.10 362.39 361.22 360.45 360.33 360.89 361.48 361.90 362.33 362.22 361.43 360.45 359.94 360.04 360.21
 357.75 358.24 358.42 358.77 359.34 360.46 360.70 360.41 359.95 359.75 359.46 358.90 358.55 359.08 360.04 361.03 361.80 362.26 362.03 361.14 360.28 359.23 358.32 357.56
 355.58 356.08 356.84 356.83 356.92 356.96 357.12 357.12 356.95 356.85 356.82 356.57 356.70 357.59 358.86 360.12 361.02 361.51 361.17 360.52 359.82 358.39 356.59 355.30
 354.98 355.57 356.20 356.29 355.72 355.02 354.80 354.90 355.02 355.03 354.96 355.10 355.43 356.25 357.49 358.70 359.24 359.09 358.70 358.51 358.08 356.81 355.54 354.74
 354.64 354.99 355.44 355.50 355.12 354.68 354.50 354.40 354.33 354.26 354.42 354.65 355.05 355.50 356.29 357.11 357.08 356.51 356.14 356.21 355.95 355.43 354.92 354.60
 354.31 354.31 354.63 354.83 354.75 354.55 354.44 354.34 354.26 354.30 354.39 354.59 354.81 355.14 355.53 355.79 355.48 354.94 354.61 354.61 354.59 354.55 354.52 354.42
 354.13 354.02 354.19 354.46 354.57 354.51 354.44 354.36 354.33 354.37 354.44 354.52 354.72 354.93 355.18 355.14 354.93 354.68 354.61 354.61 354.56 354.48 354.42 354.32
 354.49 354.49 354.49 354.49 354.49 354.49 354.49 354.49 354.49 354.49 354.49 354.49 354.49 354.49 354.49 354.49 354.49 354.49 354.49 354.49 354.49 354.49 354.49 354.49
 362.87 362.87 362.87 362.87 362.87 362.87 362.87 362.87 362.87 362.87 362.87 362.87 362.87 362.87 362.87 362.87 362.87 362.87 362.87 362.87 362.87 362.87 362.87 362.87
 362.16 361.70 360.97 361.27 362.01 362.85 363.36 364.35 365.33 365.38 363.95 362.62 362.28 362.78 362.62 362.42 362.18 362.17 362.25 362.32 361.99 361.43 361.38 362.02
 361.65 361.08 360.96 361.79 363.08 363.12 362.98 363.81 365.84 366.27 364.40 362.11 361.70 362.04 361.93 361.50 361.15 360.83 360.56 360.49 360.50 360.82 361.14 361.51
 360.73 360.47 360.32 361.80 363.11 363.48 362.61 363.52 365.66 366.10 364.00 361.92 361.31 361.50 361.31 361.08 360.50 359.93 359.44 359.28 359.58 360.08 360.65 360.88
 359.21 358.68 358.59 359.29 361.26 362.06 362.34 362.81 363.73 363.48 362.13 360.91 360.57 360.65 361.01 361.26 360.76 360.12 359.67 359.59 359.72 359.72 359.69 359.23
 357.01 356.68 356.33 356.58 357.51 359.13 360.12 360.43 360.41 360.11 359.52 358.79 358.63 359.31 360.34 361.06 360.97 360.33 359.92 359.93 360.01 359.29 358.31 357.33
 355.51 355.17 355.06 354.81 355.24 355.90 356.73 357.21 357.32 357.24 357.00 356.48 356.50 357.60 359.04 360.32 360.51 360.32 359.94 360.10 359.89 358.64 356.87 355.62
 355.05 354.99 354.96 354.89 354.68 354.43 354.58 354.94 355.22 355.32 355.16 355.12 355.34 356.17 357.57 358.83 359.17 358.72 358.45 358.55 358.33 357.11 355.88 355.11
 354.78 354.77 354.94 354.95 354.72 354.42 354.36 354.35 354.41 354.41 354.62 354.85 355.13 355.53 356.31 357.22 357.22 356.70 356.31 356.44 356.19 355.70 355.21 354.90
 354.48 354.45 354.70 354.88 354.76 354.52 354.35 354.30 354.30 354.46 354.63 354.84 355.00 355.23 355.58 355.87 355.64 355.16 354.84 354.84 354.81 354.77 354.73 354.64
 354.31 354.21 354.36 354.60 354.70 354.62 354.48 354.39 354.45 354.60 354.71 354.79 354.93 355.07 355.27 355.25 355.09 354.90 354.84 354.84 354.77 354.65 354.56 354.47
 354.68 354.68 354.68 354.68 354.68 354.68 354.68 354.68 354.68 354.68 354.68 354.68 354.68 354.68 354.68 354.68 354.68 354.68 354.68 354.68 354.68 354.68 354.68 354.68
 359.60 359.60 359.60 359.60 359.60 359.60 359.60 359.60 359.60 359.60 359.60 359.60 359.60 359.60 359.60 359.60 359.60 359.60 359.60 359.60 359.60 359.60 359.60 359.60
 358.35 357.36 356.65 357.11 358.14 359.00 359.16 359.87 360.97 361.48 360.87 359.99 359.42 359.46 359.49 359.61 359.86 359.94 360.02 359.86 359.39 358.65 358.46 358.57
 357.14 356.39 356.41 357.72 359.54 359.60 358.63 358.90 360.96 362.44 361.71 359.88 359.14 358.91 358.74 358.62 358.64 358.70 358.41 357.99 357.79 358.15 358.33 358.07
 356.61 355.86 356.15 358.20 359.91 360.07 358.33 358.32 360.82 362.65 361.63 359.86 359.09 359.01 358.70 358.21 358.12 358.02 357.64 356.93 357.10 357.82 358.26 357.49
 356.49 355.78 355.78 356.90 358.76 358.99 358.28 358.51 360.07 361.07 360.43 359.29 358.94 359.15 359.09 358.83 358.42 358.44 358.24 357.83 357.79 358.05 357.99 357.21
 356.23 355.49 355.06 355.36 356.15 357.08 357.48 357.99 358.67 358.97 358.61 357.96 357.93 358.54 359.29 359.34 359.07 358.82 358.72 358.64 358.60 358.16 357.56 356.79
 355.94 355.21 354.58 354.31 354.71 355.27 356.03 356.62 357.04 357.13 356.90 356.47 356.53 357.48 358.54 359.32 359.22 359.01 358.81 358.90 358.74 358.00 356.97 356.29
 355.70 355.15 354.66 354.51 354.60 354.71 355.00 355.35 355.59 355.67 355.47 355.42 355.64 356.34 357.48 358.38 358.47 357.91 357.61 357.70 357.62 357.02 356.43 356.00
 355.30 354.93 354.76 354.75 354.78 354.78 354.85 354.86 354.91 354.84 354.94 355.07 355.33 355.73 356.41 357.14 356.99 356.40 356.00 356.09 356.00 355.89 355.78 355.61
 354.85 354.67 354.71 354.82 354.82 354.78 354.77 354.76 354.72 354.79 354.86 355.00 355.14 355.38 355.73 355.95 355.67 355.18 354.88 354.88 354.93 355.04 355.16 355.10
 354.60 354.47 354.52 354.66 354.74 354.74 354.74 354.73 354.77 354.84 354.90 354.96 355.08 355.21 355.40 355.36 355.16 354.94 354.88 354.88 354.87 354.86 354.85 354.77
 354.84 354.84 354.84 354.84 354.84 354.84 354.84 354.84 354.84 354.84 354.84 354.84 354.84 354.84 354.84 354.84 354.84 354.84 354.84 354.84 354.84 354.84 354.84 354.84
 352.63 352.63 352.63 352.63 352.63 352.63 352.63 352.63 352.63 352.63 352.63 352.63 352.63 352.63 352.63 352.63 352.63 352.63 352.63 352.63 352.63 352.63 352.63 352.63
 352.61 352.34 351.77 352.14 353.73 354.87 353.35 352.01 351.84 352.66 353.23 353.28 352.83 352.62 353.21 353.73 354.10 354.18 354.47 354.57 353.84 352.88 352.24 352.08
 352.62 353.64 353.48 354.41 356.76 356.52 353.50 351.43 352.79 355.13 355.94 354.66 353.92 353.75 353.76 354.01 354.32 354.78 354.92 354.67 354.19 353.51 352.96 352.52
 353.63 354.01 355.03 356.84 358.10 357.55 353.29 351.18 353.44 357.12 357.45 356.18 355.46 355.24 354.86 354.15 354.74 355.89 356.16 355.53 354.93 354.89 354.37 353.48
 354.55 354.71 355.29 356.89 357.93 356.57 353.68 352.37 354.44 356.94 357.69 356.96 356.81 356.77 356.11 355.15 355.59 357.18 358.20 356.95 356.03 355.93 355.83 355.17
 355.54 355.11 355.17 355.76 356.07 355.66 354.39 354.46 355.61 356.70 356.93 356.76 356.96 357.28 357.23 356.43 356.76 358.46 358.97 357.90 356.55 356.31 356.30 356.01
 356.04 355.58 355.14 355.02 355.18 355.08 355.18 355.51 356.10 356.45 356.35 356.18 356.40 357.08 357.46 357.34 357.69 358.25 358.36 357.31 356.60 356.37 356.34 356.30
 356.00 355.59 355.25 355.14 355.18 355.24 355.39 355.61 355.76 355.87 355.76 355.72 355.92 356.38 357.11 357.42 357.43 357.15 356.67 356.33 356.10 356.17 356.24 356.22
 355.64 355.36 355.25 355.26 355.27 355.26 355.31 355.35 355.40 355.37 355.49 355.57 355.66 355.93 356.41 356.84 356.63 356.05 355.71 355.63 355.67 355.80 355.93 355.89
 355.25 355.08 355.13 355.23 355.22 355.19 355.22 355.24 355.20 355.27 355.36 355.47 355.54 355.62 355.89 356.06 355.88 355.50 355.31 355.31 355.35 355.44 355.53 355.47
 355.03 354.90 354.94 355.04 355.08 355.08 355.12 355.17 355.22 355.29 355.36 355.41 355.46 355.52 355.60 355.60 355.50 355.36 355.31 355.31 355.30 355.29 355.28 355.20
 355.23 355.23 355.23 355.23 355.23 355.23 355.23 355.23 355.23 355.23 355.23 355.23 355.23 355.23 355.23 355.23 355.23 355.23 355.23 355.23 355.23 355.23 355.23 355.23
 349.07 349.07 349.07 349.07 349.07 349.07 349.07 349.07 349.07 349.07 349.07 349.07 349.07 349.07 349.07 349.07 349.07 349.07 349.07 349.07 349.07 349.07 349.07 349.07
 349.52 349.98 348.88 349.76 352.41 354.71 353.13 351.64 351.49 351.79 350.17 348.43 347.62 348.19 348.57 348.81 348.87 349.15 349.53 349.94 349.37 348.71 348.06 348.71
 352.17 352.75 351.85 353.10 356.95 357.07 353.38 350.41 351.85 353.49 352.55 349.46 348.80 349.46 349.85 350.05 350.46 350.82 351.22 351.46 351.28 349.97 349.35 350.00
 353.43 354.38 354.45 356.96 359.01 358.60 352.97 349.91 351.81 355.35 354.54 352.27 351.39 351.70 351.58 351.29 351.81 352.92 353.24 353.54 352.87 352.13 351.20 352.10
 354.26 354.81 355.66 357.67 359.15 357.34 353.42 350.78 352.42 354.55 355.33 354.33 354.34 354.24 353.64 352.53 353.01 354.33 355.60 354.66 353.90 353.47 353.51 353.79
 355.29 355.37 355.75 356.66 356.97 356.29 354.07 353.07 353.30 354.17 354.86 355.27 355.84 355.92 355.23 353.96 354.07 355.89 356.43 355.49 354.06 354.12 354.62 355.14
 356.05 356.01 355.82 355.81 355.89 355.55 355.08 354.55 354.49 354.70 355.06 355.65 356.26 356.59 356.30 355.35 355.36 355.81 355.96 354.81 354.19 354.58 355.44 356.08
 356.21 356.05 355.91 355.85 355.76 355.66 355.51 355.41 355.35 355.38 355.53 355.75 356.13 356.38 356.59 356.26 355.94 355.67 355.19 354.77 354.63 355.29 355.96 356.32
 355.96 355.85 355.87 355.87 355.78 355.65 355.59 355.59 355.62 355.66 355.71 355.76 355.85 356.08 356.33 356.43 356.17 355.74 355.51 355.33 355.47 355.75 356.03 356.10
 355.68 355.60 355.71 355.82 355.80 355.70 355.63 355.61 355.62 355.69 355.73 355.72 355.72 355.78 356.01 356.16 356.18 356.03 355.97 355.97 355.95 355.93 355.90 355.83
 355.53 355.44 355.52 355.68 355.76 355.74 355.68 355.65 355.68 355.75 355.79 355.77 355.73 355.71 355.76 355.88 355.97 356.00 355.97 355.97 355.91 355.81 355.73 355.65
 355.74 355.74 355.74 355.74 355.74 355.74 355.74 355.74 355.74 355.74 355.74 355.74 355.74 355.74 355.74 355.74 355.74 355.74 355.74 355.74 355.74 355.74 355.74 355.74
 350.55 350.55 350.55 350.55 350.55 350.55 350.55 350.55 350.55 350.55 350.55 350.55 350.55 350.55 350.55 350.55 350.55 350.55 350.55 350.55 350.55 350.55 350.55 350.55
 350.49 351.45 351.67 353.20 355.43 357.16 355.61 353.51 352.20 352.15 351.33 350.35 349.60 349.78 349.86 350.00 350.05 350.39 350.80 350.91 350.32 349.69 349.32 349.97
 352.38 352.58 352.83 354.96 358.44 358.96 356.62 353.93 354.30 354.72 353.91 351.23 350.24 350.49 350.99 351.38 351.92 352.59 352.71 352.61 351.64 350.51 350.18 350.87
 352.94 353.52 353.94 357.12 359.73 360.01 356.53 354.32 354.83 356.57 355.04 352.49 351.43 351.64 351.97 352.50 353.11 353.81 354.15 353.56 352.69 351.81 351.24 352.16
 353.96 354.30 355.23 357.42 359.49 358.94 356.59 354.14 354.41 354.66 354.52 353.29 353.23 353.35 353.29 352.85 353.15 353.57 353.64 353.39 352.86 352.69 352.85 353.49
 355.56 355.59 355.92 356.90 357.53 357.58 356.10 354.68 353.74 353.62 353.85 354.11 354.81 355.00 354.43 353.43 353.04 353.17 353.27 353.04 352.81 353.34 354.25 355.26
 356.65 356.47 356.20 356.27 356.40 356.26 355.78 354.89 354.30 354.18 354.53 355.16 355.81 356.05 355.63 354.52 353.70 353.24 353.11 352.84 352.95 354.08 355.71 356.82
 356.60 356.24 356.20 356.25 356.11 355.88 355.60 355.41 355.30 355.33 355.52 355.72 356.03 356.15 356.16 355.56 354.88 354.34 353.98 353.81 354.06 355.35 356.55 357.08
 356.13 355.97 356.11 356.23 356.10 355.85 355.72 355.72 355.76 355.82 355.87 355.91 355.92 356.04 356.15 356.11 355.82 355.52 355.35 355.21 355.48 356.08 356.60 356.55
 355.89 355.82 356.00 356.17 356.13 355.94 355.81 355.78 355.79 355.84 355.89 355.90 355.88 355.89 356.01 356.14 356.26 356.26 356.28 356.28 356.29 356.32 356.26 356.11
 355.80 355.74 355.84 356.02 356.11 356.04 355.93 355.84 355.84 355.89 355.91 355.91 355.88 355.86 355.87 356.02 356.19 356.29 356.28 356.28 356.20 356.07 355.97 355.90
 355.98 355.98 355.98 355.98 355.98 355.98 355.98 355.98 355.98 355.98 355.98 355.98 355.98 355.98 355.98 355.98 355.98 355.98 355.98 355.98 355.98 355.98 355.98 355.98
 355.39 355.39 355.39 355.39 355.39 355.39 355.39 355.39 355.39 355.39 355.39 355.39 355.39 355.39 355.39 355.39 355.39 355.39 355.39 355.39 355.39 355.39 355.39 355.39
 356.00 358.22 359.41 359.57 359.23 358.83 357.77 356.70 355.80 356.05 356.84 356.95 356.03 355.20 355.22 355.30 354.95 354.69 354.76 354.84 354.42 353.93 353.76 354.51
 357.61 359.92 360.62 360.17 359.58 358.97 358.42 357.71 358.25 358.58 358.83 357.61 356.21 355.62 356.02 356.52 356.32 355.99 355.64 355.50 354.65 354.05 354.04 354.92
 357.32 359.55 360.50 360.21 359.53 359.14 358.39 358.42 358.99 359.60 358.47 356.66 355.57 355.17 355.67 356.55 356.51 356.23 356.06 355.35 354.71 354.11 354.12 355.47
 356.61 357.73 358.49 358.82 358.78 358.55 358.50 358.03 358.15 357.34 356.39 355.44 355.09 354.93 355.14 355.37 355.64 355.36 354.83 354.66 354.20 354.14 354.59 355.57
 356.68 356.83 356.76 357.04 357.21 357.65 357.76 357.52 356.60 355.51 355.13 355.11 355.38 355.38 355.06 354.86 354.70 354.39 354.08 353.80 353.74 354.30 355.24 356.29
 356.90 356.54 356.21 356.16 356.28 356.46 356.75 356.49 355.83 355.30 355.26 355.57 355.91 356.04 355.75 355.14 354.60 354.11 353.75 353.50 353.68 354.72 356.19 357.09
 356.60 356.18 356.15 356.24 356.10 355.94 355.87 355.83 355.75 355.66 355.64 355.76 356.03 356.17 356.15 355.72 355.27 354.85 354.50 354.31 354.55 355.71 356.77 357.17
 356.06 355.90 356.16 356.36 356.19 355.83 355.71 355.74 355.81 355.80 355.74 355.73 355.89 356.10 356.19 356.14 355.93 355.70 355.57 355.44 355.69 356.26 356.71 356.56
 355.83 355.80 356.12 356.34 356.21 355.91 355.76 355.74 355.73 355.76 355.72 355.73 355.78 355.95 356.09 356.19 356.28 356.29 356.31 356.31 356.32 356.37 356.30 356.09
 355.81 355.77 355.93 356.09 356.10 355.96 355.85 355.76 355.75 355.77 355.78 355.77 355.79 355.86 355.97 356.11 356.24 356.32 356.31 356.31 356.23 356.10 355.99 355.91
 355.97 355.97 355.97 355.97 355.97 355.97 355.97 355.97 355.97 355.97 355.97 355.97 355.97 355.97 355.97 355.97 355.97 355.97 355.97 355.97 355.97 355.97 355.97 355.97
 359.51 359.51 359.51 359.51 359.51 359.51 359.51 359.51 359.51 359.51 359.51 359.51 359.51 359.51 359.51 359.51 359.51 359.51 359.51 359.51 359.51 359.51 359.51 359.51
 361.22 363.45 363.93 362.60 360.43 358.59 358.58 360.17 361.84 362.47 361.49 360.36 359.35 358.94 358.75 358.64 358.33 358.05 357.77 357.53 357.86 358.24 358.63 359.51
 363.15 365.74 365.54 362.61 359.04 357.48 358.09 359.86 362.68 363.55 362.65 360.22 358.93 358.70 359.00 359.06 358.86 358.39 358.02 357.69 357.45 357.77 358.33 359.47
 362.09 365.00 365.04 361.57 358.21 357.09 357.91 359.51 361.74 362.75 361.20 358.90 357.87 357.75 358.25 359.05 358.69 358.31 358.05 357.30 357.02 356.95 357.59 359.57
 359.70 361.02 361.18 359.49 357.51 357.10 357.88 358.75 359.72 359.52 358.42 357.21 356.83 356.72 357.29 357.92 358.18 357.74 357.16 356.82 356.35 356.37 357.12 358.14
 357.66 358.03 357.67 357.20 356.78 357.03 357.56 357.63 357.54 356.71 356.40 356.30 356.43 356.46 356.55 357.07 357.32 357.05 356.58 356.12 355.92 356.12 356.64 357.24
 356.64 356.44 356.37 356.26 356.30 356.49 356.66 356.72 356.34 356.06 355.97 356.17 356.39 356.55 356.59 356.68 356.72 356.57 356.12 355.75 355.70 356.01 356.49 356.69
 356.23 356.05 356.14 356.24 356.11 355.94 355.97 356.06 355.98 355.89 355.88 356.04 356.29 356.46 356.61 356.60 356.53 356.34 356.03 355.82 355.84 356.19 356.49 356.54
 355.91 355.84 356.08 356.22 356.04 355.71 355.65 355.69 355.77 355.72 355.78 355.88 356.08 356.28 356.45 356.55 356.44 356.24 356.12 356.04 356.11 356.27 356.37 356.20
 355.78 355.75 355.99 356.15 356.04 355.78 355.65 355.63 355.61 355.64 355.66 355.78 355.91 356.08 356.25 356.36 356.37 356.30 356.26 356.26 356.23 356.20 356.10 355.95
 355.75 355.70 355.82 355.95 355.97 355.86 355.74 355.64 355.61 355.63 355.66 355.71 355.83 355.95 356.09 356.19 356.26 356.28 356.26 356.26 356.18 356.04 355.93 355.86
 355.90 355.90 355.90 355.90 355.90 355.90 355.90 355.90 355.90 355.90 355.90 355.90 355.90 355.90 355.90 355.90 355.90 355.90 355.90 355.90 355.90 355.90 355.90 355.90
 361.97 361.97 361.97 361.97 361.97 361.97 361.97 361.97 361.97 361.97 361.97 361.97 361.97 361.97 361.97 361.97 361.97 361.97 361.97 361.97 361.97 361.97 361.97 361.97
 363.25 365.57 367.26 366.85 364.43 361.62 360.36 361.02 362.26 363.15 362.89 362.13 361.21 360.55 359.84 359.41 359.54 360.09 360.46 360.13 360.64 361.24 361.80 362.02
 363.48 366.11 367.31 366.09 363.03 360.44 359.85 360.53 362.68 363.62 363.32 361.78 360.66 360.01 359.60 359.26 359.77 360.88 360.99 360.38 359.66 360.28 360.79 361.21
 362.11 364.51 365.62 364.17 361.90 360.25 359.58 360.53 362.21 362.99 361.92 360.29 359.39 359.12 359.17 359.65 360.08 360.75 361.17 359.59 358.93 358.72 359.37 360.44
 359.84 360.94 361.60 361.13 360.39 359.62 359.74 360.17 360.90 360.58 359.52 358.56 358.15 358.12 358.74 359.45 359.83 360.03 359.36 358.91 357.96 357.75 358.14 358.72
 357.69 358.21 358.30 358.39 358.34 358.91 359.30 359.45 359.19 358.30 357.73 357.46 357.41 357.63 358.06 358.80 359.21 358.76 358.36 357.85 357.69 357.38 357.33 357.40
 356.43 356.51 356.89 356.99 357.11 357.39 357.92 358.11 357.77 357.35 357.03 356.89 357.00 357.32 357.66 358.10 358.30 358.19 357.72 357.49 357.35 357.09 356.76 356.43
 355.88 355.88 356.25 356.57 356.41 356.27 356.50 356.89 356.87 356.75 356.36 356.33 356.55 356.91 357.31 357.56 357.58 357.37 357.10 356.96 356.89 356.68 356.42 356.14
 355.55 355.52 355.81 356.02 355.92 355.64 355.71 355.90 356.13 355.89 355.84 355.83 356.13 356.51 356.85 357.09 356.90 356.54 356.36 356.36 356.32 356.25 356.12 355.84
 355.45 355.40 355.57 355.72 355.71 355.61 355.58 355.62 355.52 355.49 355.41 355.59 355.80 356.13 356.44 356.55 356.38 356.07 355.93 355.93 355.92 355.91 355.82 355.65
 355.48 355.40 355.48 355.61 355.67 355.64 355.58 355.47 355.39 355.34 355.37 355.44 355.65 355.89 356.14 356.19 356.09 355.97 355.93 355.93 355.88 355.79 355.71 355.61
 355.66 355.66 355.66 355.66 355.66 355.66 355.66 355.66 355.66 355.66 355.66 355.66 355.66 355.66 355.66 355.66 355.66 355.66 355.66 355.66 355.66 355.66 355.66 355.66
