1986 MONTHLY CO2 (PPMV)   24  12  LON/LAT (N-S/0-360E) IN 15 DEGREE RESOLUTION,  GLB ANNUAL MEAN = 347.70,  GROWTH RATE = 2.00,  MISS DATA = -99.99
 350.50 350.50 350.50 350.50 350.50 350.50 350.50 350.50 350.50 350.50 350.50 350.50 350.50 350.50 350.50 350.50 350.50 350.50 350.50 350.50 350.50 350.50 350.50 350.50
 350.98 351.05 350.39 349.44 348.72 348.60 348.60 348.94 349.76 350.53 350.86 350.80 350.75 350.62 350.59 350.57 350.48 350.62 350.96 351.40 351.74 351.66 351.41 351.15
 350.91 350.84 350.20 349.26 348.60 348.60 348.57 348.66 349.20 350.08 350.54 350.57 350.35 350.39 350.44 350.12 349.78 349.27 350.03 351.28 351.86 351.68 351.10 350.77
 350.37 350.30 349.51 348.75 348.40 348.60 348.52 348.35 348.43 348.99 349.62 349.57 349.26 349.24 349.66 349.96 349.14 348.73 348.81 350.05 351.23 351.23 350.60 350.32
 348.95 348.70 347.97 347.33 347.61 348.14 348.32 348.10 347.88 348.06 348.23 348.29 347.86 347.70 348.45 349.13 349.24 348.55 348.27 348.37 349.39 349.74 349.26 348.72
 347.16 346.97 346.35 346.02 346.26 346.92 347.32 347.44 347.51 347.60 347.37 347.05 346.67 346.75 347.17 348.23 348.76 348.74 347.96 347.71 347.68 347.86 347.46 347.06
 345.92 345.73 345.54 345.28 345.38 345.55 345.83 346.17 346.44 346.47 346.25 345.80 345.73 346.01 346.53 347.24 347.97 347.97 347.53 346.96 346.74 346.29 346.11 345.86
 345.68 345.43 345.24 345.12 344.98 344.80 344.81 344.94 344.97 344.96 344.78 344.69 344.77 345.31 345.93 346.51 346.71 346.67 346.26 346.01 345.80 345.79 345.81 345.81
 345.26 345.05 344.91 344.84 344.76 344.70 344.62 344.33 344.05 343.82 343.82 343.83 344.05 344.52 345.28 345.67 345.61 345.25 345.08 344.97 345.00 345.19 345.41 345.42
 344.79 344.67 344.60 344.60 344.64 344.66 344.55 344.27 343.98 343.82 343.73 343.64 343.67 343.92 344.50 344.90 344.83 344.60 344.53 344.53 344.60 344.75 344.89 344.90
 344.52 344.49 344.48 344.51 344.56 344.62 344.53 344.27 343.99 343.82 343.73 343.65 343.61 343.66 343.97 344.33 344.56 344.53 344.53 344.53 344.54 344.56 344.57 344.56
 344.27 344.27 344.27 344.27 344.27 344.27 344.27 344.27 344.27 344.27 344.27 344.27 344.27 344.27 344.27 344.27 344.27 344.27 344.27 344.27 344.27 344.27 344.27 344.27
 351.61 351.61 351.61 351.61 351.61 351.61 351.61 351.61 351.61 351.61 351.61 351.61 351.61 351.61 351.61 351.61 351.61 351.61 351.61 351.61 351.61 351.61 351.61 351.61
 353.01 353.58 352.67 351.62 350.72 350.60 350.60 350.67 350.99 351.28 351.50 351.66 351.90 351.99 351.81 351.66 351.65 351.68 351.55 351.37 351.00 350.62 351.14 352.54
 354.36 354.01 353.13 351.56 350.60 350.60 350.54 350.30 350.33 350.77 351.17 351.31 351.28 351.28 351.22 350.97 350.88 350.54 350.60 350.70 350.62 350.26 350.98 352.35
 353.11 353.61 352.19 350.99 350.36 350.60 350.41 349.82 349.35 349.60 350.30 350.43 350.12 349.95 350.16 350.56 350.35 349.92 349.46 349.71 350.08 349.98 350.40 351.95
 350.44 350.59 350.04 349.15 349.39 350.04 350.07 349.36 348.62 348.58 348.90 349.14 348.69 348.24 348.80 349.79 350.14 349.62 349.05 348.73 349.06 348.95 348.93 349.16
 347.34 347.87 347.67 347.48 347.69 348.39 348.60 348.33 348.11 348.11 347.95 347.70 347.24 347.12 347.51 348.74 349.51 349.52 348.79 348.43 347.98 347.52 346.85 346.71
 345.49 346.02 346.55 346.48 346.44 346.38 346.41 346.64 346.83 346.86 346.66 346.19 346.04 346.27 346.77 347.60 348.46 348.56 348.14 347.61 347.05 346.04 345.38 345.06
 345.21 345.63 346.05 346.05 345.62 345.09 344.95 345.07 345.13 345.18 345.07 345.05 345.10 345.57 346.14 346.73 346.96 346.92 346.52 346.26 345.78 345.36 345.08 345.05
 344.96 345.20 345.42 345.36 345.05 344.81 344.67 344.38 344.09 343.93 344.09 344.24 344.49 344.90 345.55 345.82 345.62 345.16 344.98 344.83 344.74 344.75 344.81 344.86
 344.69 344.78 344.84 344.80 344.76 344.71 344.60 344.31 344.02 343.93 344.01 344.08 344.18 344.39 344.85 345.02 344.71 344.34 344.26 344.26 344.32 344.43 344.55 344.61
 344.52 344.60 344.63 344.64 344.67 344.69 344.58 344.31 344.04 343.96 344.01 344.07 344.11 344.17 344.37 344.45 344.42 344.26 344.26 344.26 344.29 344.35 344.39 344.44
 344.33 344.33 344.33 344.33 344.33 344.33 344.33 344.33 344.33 344.33 344.33 344.33 344.33 344.33 344.33 344.33 344.33 344.33 344.33 344.33 344.33 344.33 344.33 344.33
 352.67 352.67 352.67 352.67 352.67 352.67 352.67 352.67 352.67 352.67 352.67 352.67 352.67 352.67 352.67 352.67 352.67 352.67 352.67 352.67 352.67 352.67 352.67 352.67
 353.26 353.59 353.08 352.47 351.95 351.88 351.88 352.01 352.49 352.95 353.22 353.18 353.09 352.90 352.39 351.99 351.84 352.06 352.10 352.15 352.02 351.87 352.18 352.91
 353.87 353.81 353.30 352.43 351.88 351.88 351.80 351.50 351.58 352.24 352.76 352.74 352.30 351.86 351.49 351.01 350.82 350.74 350.99 351.07 351.24 351.18 351.62 352.51
 353.16 353.46 352.50 351.80 351.58 351.88 351.63 350.84 350.24 350.61 351.47 351.41 350.84 350.43 350.32 350.40 350.12 350.02 349.87 350.09 350.34 350.38 350.78 352.02
 350.61 350.85 350.36 349.77 350.37 351.17 351.18 350.21 349.23 349.20 349.51 349.68 349.21 348.87 349.15 349.75 350.03 349.89 349.72 349.52 349.53 349.06 348.92 349.25
 347.21 347.97 347.96 347.87 348.25 349.18 349.43 348.98 348.59 348.54 348.27 347.92 347.60 347.73 348.15 349.08 349.74 349.96 349.62 349.41 348.75 347.69 346.55 346.38
 344.96 345.83 346.70 346.74 346.76 346.80 346.87 347.05 347.17 347.19 346.91 346.36 346.23 346.72 347.43 348.25 349.01 349.15 348.89 348.49 347.63 346.01 344.81 344.35
 344.68 345.41 346.14 346.28 345.86 345.35 345.20 345.28 345.30 345.37 345.26 345.22 345.25 345.79 346.60 347.32 347.51 347.36 346.98 346.74 345.97 345.09 344.46 344.36
 344.59 345.03 345.44 345.51 345.26 345.07 344.90 344.54 344.18 344.02 344.25 344.48 344.72 345.09 345.77 346.14 345.91 345.34 345.12 344.94 344.69 344.47 344.34 344.36
 344.50 344.66 344.79 344.84 344.92 344.95 344.82 344.46 344.10 344.02 344.19 344.36 344.48 344.65 345.04 345.14 344.79 344.37 344.26 344.26 344.27 344.30 344.33 344.37
 344.44 344.52 344.54 344.61 344.73 344.87 344.79 344.46 344.13 344.06 344.19 344.33 344.42 344.48 344.61 344.57 344.44 344.26 344.26 344.26 344.28 344.30 344.32 344.37
 344.40 344.40 344.40 344.40 344.40 344.40 344.40 344.40 344.40 344.40 344.40 344.40 344.40 344.40 344.40 344.40 344.40 344.40 344.40 344.40 344.40 344.40 344.40 344.40
 355.10 355.10 355.10 355.10 355.10 355.10 355.10 355.10 355.10 355.10 355.10 355.10 355.10 355.10 355.10 355.10 355.10 355.10 355.10 355.10 355.10 355.10 355.10 355.10
 354.16 356.85 359.64 358.45 355.52 353.64 355.57 360.33 363.58 361.89 357.44 354.82 353.57 352.99 352.67 352.40 352.32 352.44 352.60 352.95 353.63 354.04 353.79 353.10
 353.90 358.02 359.80 357.95 354.56 352.99 355.16 360.59 365.49 365.18 360.09 355.25 353.10 352.50 352.02 351.68 351.48 351.41 351.71 352.29 353.16 353.51 352.95 352.32
 352.95 355.60 357.45 355.89 353.72 352.99 354.76 359.09 363.74 364.30 359.72 354.77 351.83 351.31 351.11 350.99 350.87 350.80 350.71 351.23 352.02 352.26 351.85 351.51
 349.97 351.25 351.91 351.57 351.38 351.96 353.68 356.20 358.29 358.46 355.78 352.22 350.07 349.90 350.01 350.44 350.68 350.62 350.42 350.26 350.60 350.31 349.73 349.21
 347.01 347.51 347.46 347.51 347.99 349.27 350.81 351.88 352.41 352.62 351.12 349.48 348.17 348.55 349.09 349.89 350.46 350.64 350.23 350.00 349.42 348.49 347.20 346.68
 345.13 345.41 345.68 345.54 345.81 346.26 347.11 347.77 348.22 348.05 347.59 346.75 346.52 347.26 348.19 349.11 349.78 349.78 349.44 348.97 348.13 346.49 345.31 344.81
 344.89 345.10 345.32 345.29 345.01 344.67 344.81 345.28 345.57 345.69 345.48 345.52 345.57 346.13 347.10 347.98 348.17 347.87 347.41 347.13 346.36 345.51 344.91 344.80
 344.75 344.87 344.98 344.90 344.67 344.50 344.47 344.29 344.11 343.92 344.14 344.60 345.17 345.58 346.13 346.55 346.33 345.71 345.42 345.24 345.00 344.79 344.69 344.70
 344.59 344.64 344.66 344.60 344.51 344.45 344.36 344.18 344.00 343.92 343.98 344.22 344.69 345.18 345.52 345.44 345.04 344.65 344.51 344.51 344.51 344.53 344.54 344.56
 344.50 344.54 344.55 344.54 344.50 344.45 344.36 344.18 344.01 343.93 343.92 344.00 344.23 344.71 345.03 344.91 344.65 344.51 344.51 344.51 344.49 344.46 344.44 344.46
 344.39 344.39 344.39 344.39 344.39 344.39 344.39 344.39 344.39 344.39 344.39 344.39 344.39 344.39 344.39 344.39 344.39 344.39 344.39 344.39 344.39 344.39 344.39 344.39
 355.12 355.12 355.12 355.12 355.12 355.12 355.12 355.12 355.12 355.12 355.12 355.12 355.12 355.12 355.12 355.12 355.12 355.12 355.12 355.12 355.12 355.12 355.12 355.12
 351.92 355.50 359.79 358.41 354.67 352.30 355.33 362.57 367.51 364.95 358.25 354.66 353.38 353.13 353.04 352.87 352.69 352.59 352.41 352.71 353.53 354.13 353.09 350.81
 350.81 357.03 359.87 357.82 353.43 351.40 354.74 363.00 370.46 369.96 362.40 355.51 353.00 352.71 352.44 352.14 351.67 351.34 351.22 351.21 352.24 353.19 352.04 350.08
 350.52 353.94 357.26 355.43 352.53 351.40 354.24 361.08 368.33 369.22 362.63 355.83 352.10 351.69 351.48 351.14 350.77 350.56 350.16 350.11 350.53 351.27 350.90 349.38
 348.71 350.07 351.19 351.12 350.37 350.57 353.07 357.42 361.30 361.76 358.12 353.32 350.51 350.23 350.11 350.37 350.47 350.41 350.23 349.75 349.82 349.84 349.71 348.86
 347.02 347.00 347.01 347.14 347.46 348.41 350.37 352.49 353.84 354.29 352.36 350.26 348.33 348.47 348.91 349.71 350.27 350.50 350.18 349.90 349.54 349.06 348.30 347.51
 345.93 345.65 345.60 345.42 345.63 345.99 347.04 348.02 348.84 348.73 348.06 346.89 346.28 346.81 347.72 348.79 349.58 349.69 349.43 349.08 348.67 347.65 346.74 346.07
 345.52 345.42 345.34 345.22 344.98 344.70 344.94 345.54 345.93 346.17 345.86 345.57 345.22 345.64 346.46 347.51 347.92 347.83 347.44 347.25 346.82 346.22 345.77 345.58
 345.20 345.12 345.05 344.91 344.71 344.56 344.58 344.44 344.31 344.25 344.57 344.88 345.04 345.15 345.58 346.04 346.11 345.73 345.50 345.36 345.24 345.22 345.26 345.28
 344.86 344.81 344.78 344.70 344.59 344.52 344.45 344.32 344.20 344.27 344.56 344.85 344.98 345.01 345.13 345.13 344.95 344.72 344.60 344.60 344.65 344.75 344.86 344.89
 344.65 344.68 344.69 344.66 344.61 344.54 344.45 344.32 344.23 344.31 344.56 344.81 344.95 344.99 344.99 344.87 344.71 344.60 344.60 344.60 344.60 344.60 344.60 344.62
 344.63 344.63 344.63 344.63 344.63 344.63 344.63 344.63 344.63 344.63 344.63 344.63 344.63 344.63 344.63 344.63 344.63 344.63 344.63 344.63 344.63 344.63 344.63 344.63
 351.17 351.17 351.17 351.17 351.17 351.17 351.17 351.17 351.17 351.17 351.17 351.17 351.17 351.17 351.17 351.17 351.17 351.17 351.17 351.17 351.17 351.17 351.17 351.17
 348.18 351.02 354.68 353.82 351.12 349.35 350.84 354.12 356.22 355.87 353.26 350.95 350.19 350.54 350.37 350.23 350.34 350.48 350.08 350.16 351.18 351.98 350.64 347.77
 346.56 351.83 354.61 353.44 350.21 348.72 350.97 355.87 360.99 360.79 355.88 351.25 349.85 350.09 349.84 349.19 349.13 349.15 349.36 349.38 350.41 351.51 350.01 347.09
 345.95 348.79 352.54 351.75 349.65 348.72 350.91 356.37 362.11 362.77 357.41 352.27 349.81 349.80 349.38 348.90 348.39 348.64 348.79 348.92 349.23 349.95 349.21 346.39
 345.37 346.52 348.46 349.29 348.55 348.39 350.30 353.94 357.28 357.63 354.87 351.32 349.39 349.19 348.98 348.74 348.71 348.84 349.12 348.94 348.85 348.83 348.38 346.79
 345.84 345.74 346.43 347.07 347.18 347.38 348.69 350.62 352.04 352.50 351.08 349.56 348.10 348.18 348.30 348.62 348.85 349.18 349.23 349.14 348.84 348.31 347.65 346.71
 346.27 346.20 346.26 346.31 346.23 346.10 346.67 347.50 348.34 348.31 347.80 346.89 346.49 346.84 347.50 348.18 348.67 348.75 348.67 348.50 348.18 347.49 346.86 346.47
 346.13 346.10 346.11 345.98 345.63 345.21 345.29 345.72 346.01 346.16 345.89 345.67 345.38 345.79 346.45 347.25 347.48 347.33 347.05 346.93 346.72 346.45 346.27 346.17
 345.69 345.62 345.60 345.45 345.19 344.99 344.96 344.81 344.66 344.56 344.76 344.92 345.05 345.16 345.61 345.99 346.01 345.65 345.44 345.36 345.37 345.54 345.74 345.78
 345.21 345.15 345.12 345.04 344.98 344.92 344.86 344.71 344.57 344.57 344.72 344.87 344.94 344.97 345.10 345.15 345.01 344.82 344.71 344.71 344.82 345.02 345.22 345.27
 344.93 344.94 344.94 344.94 344.93 344.92 344.85 344.71 344.59 344.60 344.72 344.85 344.93 344.94 344.95 344.88 344.78 344.71 344.71 344.71 344.76 344.85 344.91 344.93
 344.83 344.83 344.83 344.83 344.83 344.83 344.83 344.83 344.83 344.83 344.83 344.83 344.83 344.83 344.83 344.83 344.83 344.83 344.83 344.83 344.83 344.83 344.83 344.83
 346.43 346.43 346.43 346.43 346.43 346.43 346.43 346.43 346.43 346.43 346.43 346.43 346.43 346.43 346.43 346.43 346.43 346.43 346.43 346.43 346.43 346.43 346.43 346.43
 344.53 348.08 352.44 351.87 349.14 347.30 349.48 354.42 356.71 352.09 344.32 341.53 342.25 343.85 344.62 345.11 345.63 345.77 345.56 345.15 344.45 344.11 343.52 342.91
 343.40 349.18 352.64 351.57 348.19 346.62 349.06 355.08 360.15 357.86 349.57 343.04 342.73 344.07 344.46 344.52 344.94 345.60 345.73 344.83 344.20 344.48 344.29 342.78
 342.01 345.53 350.30 349.91 347.70 346.62 348.76 353.84 359.18 358.90 352.35 346.73 344.77 345.38 344.82 344.14 344.65 345.80 346.22 345.47 344.58 345.30 345.38 342.82
 342.01 343.45 346.52 348.09 347.07 346.58 348.17 351.49 354.61 354.55 351.68 348.17 346.83 346.69 345.78 344.84 345.12 346.42 347.18 346.46 345.84 346.13 346.13 344.29
 344.52 344.25 345.41 346.53 346.54 346.34 347.23 348.76 349.87 350.20 349.18 348.12 347.17 347.18 346.73 346.11 346.21 347.05 347.38 347.04 346.65 346.61 346.57 345.77
 346.63 346.40 346.16 346.30 346.17 345.95 346.21 346.59 347.04 346.95 346.78 346.45 346.42 346.81 347.07 347.15 347.36 347.49 347.53 347.22 347.03 346.94 346.99 347.03
 346.83 346.53 346.28 346.09 345.85 345.57 345.54 345.66 345.72 345.80 345.78 345.79 345.83 346.19 346.76 347.32 347.61 347.59 347.21 346.89 346.80 346.94 347.04 347.00
 346.32 346.09 345.92 345.75 345.57 345.42 345.35 345.18 345.00 344.95 345.16 345.37 345.53 345.75 346.18 346.77 347.31 347.22 346.71 346.14 346.22 346.45 346.54 346.49
 345.75 345.64 345.57 345.49 345.43 345.38 345.30 345.12 344.95 344.96 345.12 345.30 345.40 345.49 345.74 346.18 346.69 346.66 346.01 345.57 345.61 345.78 345.86 345.82
 345.40 345.43 345.45 345.44 345.41 345.38 345.29 345.13 344.98 344.99 345.13 345.27 345.36 345.40 345.49 345.74 346.07 345.99 345.67 345.36 345.36 345.36 345.36 345.37
 345.36 345.36 345.36 345.36 345.36 345.36 345.36 345.36 345.36 345.36 345.36 345.36 345.36 345.36 345.36 345.36 345.36 345.36 345.36 345.36 345.36 345.36 345.36 345.36
 341.17 341.17 341.17 341.17 341.17 341.17 341.17 341.17 341.17 341.17 341.17 341.17 341.17 341.17 341.17 341.17 341.17 341.17 341.17 341.17 341.17 341.17 341.17 341.17
 339.03 338.86 340.50 343.10 345.05 345.33 345.86 347.23 347.63 346.63 343.15 339.85 338.46 339.17 340.49 341.58 342.02 341.47 341.32 341.54 342.61 343.58 342.72 340.53
 339.33 338.89 340.84 343.44 345.38 345.38 347.22 351.54 356.45 355.22 348.21 341.41 339.30 340.06 341.19 342.50 342.92 343.10 342.75 342.76 343.41 344.31 343.55 341.40
 339.78 339.30 341.29 343.86 345.43 345.38 347.57 353.51 359.79 359.87 352.08 344.77 341.60 342.11 342.31 342.41 343.44 344.05 344.21 343.81 343.71 344.17 343.82 341.82
 341.67 341.45 343.01 344.82 345.64 345.50 347.15 350.83 354.33 354.27 350.65 346.02 344.22 344.45 343.86 343.18 343.40 344.41 344.76 344.24 343.89 344.12 344.02 343.30
 344.70 344.32 344.98 345.76 345.96 345.72 346.42 347.68 348.49 348.67 347.51 346.33 345.49 345.77 345.43 344.55 344.27 344.62 344.80 344.49 344.28 344.52 345.09 345.15
 346.78 346.57 346.16 346.22 346.09 345.87 345.91 345.80 345.78 345.53 345.52 345.57 345.73 346.04 346.17 345.76 345.28 344.94 344.84 344.70 344.88 345.67 346.46 347.02
 347.14 346.72 346.34 346.13 345.98 345.82 345.67 345.51 345.36 345.35 345.44 345.58 345.73 345.89 346.16 346.26 345.87 345.35 345.02 345.08 345.76 346.66 347.22 347.35
 346.69 346.42 346.19 345.99 345.85 345.74 345.64 345.44 345.25 345.21 345.34 345.51 345.65 345.78 345.94 346.13 346.17 345.76 345.44 345.57 346.13 346.66 346.90 346.87
 346.19 346.11 346.04 345.93 345.81 345.73 345.63 345.44 345.25 345.21 345.32 345.45 345.56 345.67 345.80 345.97 346.11 346.06 345.80 345.77 346.00 346.16 346.24 346.23
 345.87 345.96 345.99 345.95 345.87 345.76 345.63 345.44 345.27 345.24 345.32 345.42 345.49 345.56 345.67 345.81 345.96 345.96 345.88 345.75 345.75 345.75 345.75 345.79
 345.68 345.68 345.68 345.68 345.68 345.68 345.68 345.68 345.68 345.68 345.68 345.68 345.68 345.68 345.68 345.68 345.68 345.68 345.68 345.68 345.68 345.68 345.68 345.68
 342.83 342.83 342.83 342.83 342.83 342.83 342.83 342.83 342.83 342.83 342.83 342.83 342.83 342.83 342.83 342.83 342.83 342.83 342.83 342.83 342.83 342.83 342.83 342.83
 341.87 346.51 352.04 351.76 348.73 346.19 346.20 347.48 347.80 347.47 346.02 344.11 342.51 341.90 341.56 341.47 341.14 340.82 340.38 340.42 341.32 342.40 342.10 340.70
 343.22 349.55 353.05 351.55 347.62 345.80 347.59 351.84 356.69 356.47 351.36 345.81 342.86 342.25 342.41 342.58 342.56 342.13 341.41 340.99 341.65 342.91 343.04 341.86
 343.56 347.39 351.23 349.90 347.11 345.80 347.91 353.73 359.91 360.63 353.89 346.81 343.01 343.00 343.36 343.79 343.44 343.11 342.57 341.85 341.75 342.80 343.44 342.53
 343.43 345.44 347.56 348.20 346.66 345.92 347.41 350.79 354.02 354.21 350.66 345.85 343.66 344.13 344.59 344.24 343.85 343.32 343.10 342.57 342.33 342.96 343.59 343.71
 345.08 345.43 346.19 346.78 346.52 346.07 346.54 347.34 347.75 347.78 346.60 345.44 344.69 345.25 345.31 344.73 343.91 343.37 343.20 342.99 343.09 343.65 344.60 345.05
 346.55 346.63 346.51 346.60 346.41 346.10 345.90 345.47 345.13 344.81 344.95 345.26 345.60 345.79 345.88 345.18 344.16 343.42 343.21 343.34 343.87 345.01 345.99 346.58
 346.87 346.73 346.59 346.44 346.19 345.92 345.65 345.36 345.14 345.12 345.37 345.62 345.82 345.89 345.98 345.66 344.77 343.90 343.71 344.08 345.09 346.15 346.78 346.95
 346.61 346.52 346.43 346.22 345.97 345.79 345.66 345.49 345.33 345.36 345.54 345.72 345.80 345.82 345.89 345.87 345.52 344.87 344.69 345.23 345.92 346.45 346.69 346.68
 346.32 346.31 346.27 346.12 345.92 345.77 345.68 345.51 345.36 345.37 345.54 345.72 345.80 345.80 345.82 345.89 345.84 345.74 345.71 345.90 346.16 346.26 346.31 346.31
 346.13 346.20 346.23 346.16 346.01 345.83 345.69 345.52 345.38 345.40 345.54 345.69 345.78 345.80 345.80 345.82 345.90 345.99 346.04 346.02 346.02 346.02 346.02 346.05
 345.88 345.88 345.88 345.88 345.88 345.88 345.88 345.88 345.88 345.88 345.88 345.88 345.88 345.88 345.88 345.88 345.88 345.88 345.88 345.88 345.88 345.88 345.88 345.88
 347.44 347.44 347.44 347.44 347.44 347.44 347.44 347.44 347.44 347.44 347.44 347.44 347.44 347.44 347.44 347.44 347.44 347.44 347.44 347.44 347.44 347.44 347.44 347.44
 346.72 350.71 355.21 354.77 351.97 349.91 351.38 355.02 357.00 356.61 353.74 350.09 347.30 346.11 345.61 345.28 344.90 344.47 344.22 344.18 344.56 344.87 345.07 345.13
 348.17 353.42 356.12 354.52 350.97 349.32 352.44 359.55 367.26 367.19 359.71 351.60 347.19 346.14 345.76 345.62 345.30 344.73 344.63 345.12 345.37 345.57 345.75 345.94
 348.20 351.66 354.31 352.82 350.36 349.32 352.47 360.89 369.88 371.03 361.75 351.85 346.17 345.56 345.59 345.82 345.43 344.93 344.78 345.22 345.72 345.72 345.87 346.14
 346.89 348.83 350.16 350.25 349.25 349.01 351.28 355.91 360.20 360.48 355.65 348.99 345.38 345.15 345.47 345.60 345.38 344.77 344.44 344.59 344.98 345.33 345.23 345.95
 346.56 347.24 347.64 347.94 347.92 348.09 349.05 349.86 350.01 349.93 348.41 346.92 345.38 345.51 345.50 345.49 345.13 344.64 344.28 344.24 344.40 344.74 345.37 345.92
 346.67 346.95 347.08 347.08 347.02 346.94 346.90 346.26 345.61 345.02 345.25 345.60 345.91 345.91 345.91 345.51 344.98 344.49 344.24 344.22 344.52 345.29 346.01 346.46
 346.78 346.86 346.94 346.84 346.52 346.16 345.86 345.58 345.41 345.35 345.51 345.75 346.02 346.09 346.08 345.81 345.24 344.72 344.56 344.76 345.42 346.16 346.62 346.75
 346.58 346.63 346.66 346.48 346.19 345.97 345.84 345.73 345.62 345.59 345.62 345.71 345.88 346.05 346.12 346.05 345.74 345.32 345.21 345.58 346.04 346.41 346.58 346.58
 346.37 346.40 346.40 346.27 346.07 345.93 345.86 345.75 345.64 345.59 345.59 345.62 345.71 345.88 346.06 346.13 346.04 345.91 345.90 346.05 346.23 346.29 346.32 346.33
 346.23 346.29 346.31 346.26 346.14 345.99 345.87 345.75 345.64 345.60 345.59 345.59 345.62 345.71 345.89 346.06 346.14 346.15 346.13 346.13 346.13 346.13 346.13 346.16
 345.98 345.98 345.98 345.98 345.98 345.98 345.98 345.98 345.98 345.98 345.98 345.98 345.98 345.98 345.98 345.98 345.98 345.98 345.98 345.98 345.98 345.98 345.98 345.98
 350.15 350.15 350.15 350.15 350.15 350.15 350.15 350.15 350.15 350.15 350.15 350.15 350.15 350.15 350.15 350.15 350.15 350.15 350.15 350.15 350.15 350.15 350.15 350.15
 348.66 348.69 349.08 349.67 350.10 350.49 352.85 357.08 359.70 359.46 356.62 353.11 350.54 349.56 349.28 349.02 348.59 348.14 347.98 348.18 348.65 348.98 349.02 348.80
 348.91 348.93 349.30 349.81 350.18 350.18 353.20 359.91 366.99 367.11 360.77 353.87 350.08 349.12 348.83 348.65 348.01 347.38 347.52 348.14 348.75 349.09 349.07 348.97
 349.20 349.07 349.16 349.56 349.99 350.18 353.01 360.37 368.22 369.32 361.78 353.66 348.77 348.01 347.87 347.79 347.29 346.94 346.90 347.51 348.32 348.85 349.02 349.09
 348.69 348.60 348.42 348.52 349.21 349.73 351.84 355.93 359.67 360.00 356.09 350.64 347.40 346.81 346.79 347.00 347.01 346.78 346.65 346.63 347.36 348.08 348.42 348.49
 347.75 347.73 347.53 347.52 347.87 348.50 349.59 350.46 350.69 350.67 349.37 348.08 346.47 346.27 346.23 346.63 346.86 346.87 346.48 346.32 346.55 347.20 347.57 347.61
 347.03 347.03 347.03 346.91 346.97 347.07 347.26 346.88 346.45 345.96 346.04 346.07 346.12 346.08 346.15 346.36 346.69 346.71 346.51 346.22 346.37 346.65 346.96 346.94
 346.87 346.83 346.80 346.71 346.50 346.25 346.05 345.87 345.72 345.68 345.70 345.76 345.83 345.96 346.06 346.26 346.45 346.57 346.41 346.29 346.44 346.72 346.91 346.91
 346.59 346.53 346.50 346.40 346.24 346.11 345.99 345.77 345.56 345.46 345.51 345.56 345.64 345.76 345.95 346.11 346.27 346.35 346.29 346.23 346.38 346.59 346.68 346.65
 346.28 346.24 346.22 346.17 346.11 346.07 345.98 345.76 345.55 345.47 345.49 345.51 345.54 345.61 345.75 345.95 346.10 346.17 346.14 346.13 346.19 346.28 346.32 346.30
 346.09 346.11 346.11 346.11 346.10 346.07 345.97 345.76 345.56 345.48 345.49 345.51 345.52 345.54 345.61 345.76 345.95 346.05 346.07 346.06 346.06 346.06 346.06 346.07
 345.87 345.87 345.87 345.87 345.87 345.87 345.87 345.87 345.87 345.87 345.87 345.87 345.87 345.87 345.87 345.87 345.87 345.87 345.87 345.87 345.87 345.87 345.87 345.87
 353.28 353.28 353.28 353.28 353.28 353.28 353.28 353.28 353.28 353.28 353.28 353.28 353.28 353.28 353.28 353.28 353.28 353.28 353.28 353.28 353.28 353.28 353.28 353.28
 352.90 357.62 362.64 360.98 356.29 353.15 355.49 361.09 364.31 363.82 359.75 355.18 352.28 351.51 351.31 351.20 351.03 350.63 350.42 350.47 350.93 351.02 350.95 350.75
 353.59 360.32 363.26 360.25 354.73 352.18 356.64 366.69 377.48 377.46 367.37 356.83 351.72 350.88 350.68 350.61 350.32 349.72 349.94 350.77 351.30 351.09 350.60 350.52
 353.01 357.37 360.33 357.55 353.71 352.18 356.60 368.24 380.65 382.29 370.11 357.41 350.28 349.52 349.36 349.61 349.40 349.14 349.11 349.99 350.92 350.64 350.06 350.22
 350.26 352.39 353.54 352.92 351.54 351.45 354.92 361.60 367.71 368.20 361.94 353.41 348.53 347.93 347.94 348.37 348.79 348.70 348.53 348.60 349.39 349.47 349.04 349.02
 348.06 348.66 348.70 348.71 348.83 349.61 351.58 353.33 354.01 354.10 351.86 349.66 347.09 346.92 346.98 347.58 348.12 348.51 348.21 348.04 348.01 348.09 347.82 347.68
 346.88 346.98 347.09 346.96 347.20 347.60 348.19 347.82 347.34 346.64 346.56 346.27 346.13 346.20 346.52 347.00 347.64 348.02 348.12 347.72 347.45 347.04 346.87 346.70
 346.68 346.72 346.80 346.81 346.72 346.59 346.42 346.18 345.92 345.87 345.80 345.72 345.57 345.73 346.08 346.59 347.09 347.56 347.59 347.36 346.96 346.79 346.71 346.68
 346.41 346.41 346.45 346.51 346.52 346.51 346.33 345.89 345.45 345.29 345.41 345.47 345.45 345.45 345.68 346.09 346.62 346.93 346.94 346.60 346.44 346.45 346.45 346.44
 346.11 346.10 346.12 346.20 346.36 346.46 346.30 345.86 345.43 345.30 345.41 345.49 345.48 345.43 345.47 345.68 346.09 346.38 346.24 346.06 346.01 346.09 346.13 346.12
 345.93 345.97 345.98 346.05 346.20 346.37 346.26 345.86 345.46 345.33 345.39 345.47 345.49 345.46 345.43 345.48 345.70 345.92 345.98 345.91 345.88 345.88 345.88 345.90
 345.77 345.77 345.77 345.77 345.77 345.77 345.77 345.77 345.77 345.77 345.77 345.77 345.77 345.77 345.77 345.77 345.77 345.77 345.77 345.77 345.77 345.77 345.77 345.77
