1996 MONTHLY CO2 (PPMV)   24  12  LON/LAT (N-S/0-360E) IN 15 DEGREE RESOLUTION,  GLB ANNUAL MEAN = 362.15,  GROWTH RATE = 1.75,  MISS DATA = -99.99
 366.98 366.98 366.98 366.98 366.98 366.98 366.98 366.98 366.98 366.98 366.98 366.98 366.98 366.98 366.98 366.98 366.98 366.98 366.98 366.98 366.98 366.98 366.98 366.98
 368.75 370.28 369.86 369.20 369.01 369.04 367.90 367.67 367.84 367.70 366.83 366.28 366.14 366.30 366.25 366.32 366.80 367.25 367.54 366.77 366.02 365.34 365.58 366.74
 370.54 371.98 370.91 369.08 370.13 369.40 367.73 367.07 368.35 368.64 367.49 365.96 365.38 365.33 365.75 365.82 366.64 368.05 368.36 367.33 365.20 364.63 365.12 366.30
 368.58 371.38 369.99 369.46 370.17 370.10 367.15 366.68 367.90 368.02 366.72 365.15 364.26 364.04 364.38 365.16 366.01 367.37 368.40 366.04 364.55 363.87 364.23 365.40
 364.98 366.01 366.63 365.85 367.61 367.68 366.70 366.00 366.05 365.77 364.73 363.83 363.16 362.74 363.07 363.67 364.90 366.02 365.69 365.00 363.57 363.24 363.53 363.34
 362.15 362.59 362.25 362.36 362.84 364.71 365.17 364.78 364.17 363.19 362.82 362.54 362.22 362.07 362.02 362.22 362.72 363.08 363.47 363.12 363.01 362.60 362.35 361.87
 360.67 360.09 359.52 359.04 359.86 361.26 362.76 362.94 362.35 361.79 361.47 361.35 361.40 361.68 361.53 361.13 360.67 360.91 361.46 361.76 361.87 361.64 361.20 360.75
 359.96 359.63 359.33 359.13 359.37 359.97 360.72 361.23 361.06 360.79 360.40 360.35 360.60 360.97 360.90 360.18 359.61 359.58 359.74 360.02 360.36 360.41 360.33 360.12
 359.69 359.52 359.32 359.23 359.28 359.41 359.71 359.90 360.09 359.77 359.69 359.66 359.88 360.27 360.13 359.84 359.40 359.12 358.72 358.67 358.97 359.41 359.75 359.80
 359.47 359.40 359.30 359.24 359.26 359.35 359.46 359.55 359.41 359.27 359.12 359.25 359.44 359.66 359.71 359.53 359.21 358.72 358.33 358.24 358.56 358.99 359.28 359.44
 359.28 359.29 359.25 359.22 359.22 359.26 359.33 359.29 359.15 358.98 358.96 359.03 359.23 359.42 359.52 359.35 358.90 358.44 358.29 358.41 358.76 359.00 359.14 359.22
 359.03 359.03 359.03 359.03 359.03 359.03 359.03 359.03 359.03 359.03 359.03 359.03 359.03 359.03 359.03 359.03 359.03 359.03 359.03 359.03 359.03 359.03 359.03 359.03
 367.10 367.10 367.10 367.10 367.10 367.10 367.10 367.10 367.10 367.10 367.10 367.10 367.10 367.10 367.10 367.10 367.10 367.10 367.10 367.10 367.10 367.10 367.10 367.10
 368.11 369.22 368.76 367.91 368.10 368.77 368.06 368.03 368.36 368.58 367.96 367.48 367.22 367.24 366.76 366.43 366.62 367.37 367.85 367.37 366.49 365.75 365.78 366.27
 370.03 371.90 370.90 368.53 369.68 369.37 368.04 367.36 368.80 369.33 368.69 367.19 366.48 366.20 366.26 366.07 366.73 367.92 368.33 367.43 365.68 365.12 365.43 366.23
 369.43 372.39 370.88 369.68 370.02 370.11 367.63 367.26 368.39 368.92 367.88 366.38 365.41 364.98 364.95 365.55 366.22 367.39 368.02 366.28 365.05 364.54 364.87 365.70
 366.36 367.60 368.06 366.59 367.93 368.04 367.30 366.76 366.97 366.73 365.91 364.98 364.28 363.68 363.73 364.15 365.32 366.28 366.17 365.49 364.39 364.02 364.24 364.23
 362.86 363.74 363.62 363.63 363.77 365.40 365.84 365.58 365.14 364.27 363.79 363.45 363.03 362.84 362.62 362.66 363.05 363.78 364.36 364.20 364.02 363.40 362.88 362.28
 360.75 360.69 360.71 360.41 360.96 361.92 363.15 363.43 363.06 362.61 362.17 361.77 361.76 362.08 361.95 361.42 360.91 361.32 362.25 362.76 362.87 362.26 361.30 360.57
 359.75 359.74 359.83 359.84 359.83 360.12 360.77 361.44 361.40 361.21 360.61 360.42 360.57 361.10 361.07 360.29 359.61 359.71 360.13 360.68 361.04 360.70 360.19 359.74
 359.51 359.42 359.21 359.07 359.10 359.22 359.54 359.83 360.14 359.76 359.64 359.50 359.73 360.19 360.13 359.84 359.39 359.20 358.97 359.04 359.29 359.50 359.59 359.55
 359.39 359.29 358.98 358.77 358.88 359.13 359.28 359.40 359.25 359.14 358.96 359.10 359.26 359.54 359.62 359.50 359.23 358.85 358.54 358.47 358.70 359.01 359.22 359.34
 359.28 359.29 359.13 359.02 359.04 359.16 359.20 359.12 358.98 358.83 358.82 358.89 359.08 359.29 359.42 359.31 358.97 358.61 358.48 358.57 358.83 359.02 359.14 359.20
 359.00 359.00 359.00 359.00 359.00 359.00 359.00 359.00 359.00 359.00 359.00 359.00 359.00 359.00 359.00 359.00 359.00 359.00 359.00 359.00 359.00 359.00 359.00 359.00
 368.00 368.00 368.00 368.00 368.00 368.00 368.00 368.00 368.00 368.00 368.00 368.00 368.00 368.00 368.00 368.00 368.00 368.00 368.00 368.00 368.00 368.00 368.00 368.00
 368.81 370.28 370.50 370.42 370.17 370.08 368.99 368.77 368.95 368.98 368.33 367.89 367.75 367.62 367.07 366.54 366.68 367.46 367.95 367.69 366.99 366.37 366.48 367.33
 370.41 371.61 371.18 369.91 370.91 370.31 368.86 368.21 369.36 369.69 368.90 367.68 367.24 367.04 366.59 366.10 366.58 367.69 368.17 367.59 366.31 365.88 366.23 367.15
 369.21 371.71 370.31 369.99 370.78 370.87 368.21 367.77 368.80 369.16 368.20 366.96 366.30 365.93 365.64 365.77 366.26 367.22 367.73 366.60 365.69 365.25 365.57 366.46
 366.33 367.25 367.68 366.62 368.33 368.52 367.58 366.85 367.17 367.18 366.42 365.61 364.99 364.55 364.63 364.96 365.74 366.41 366.30 365.80 364.96 364.49 364.57 364.40
 362.68 363.60 363.41 363.46 363.82 365.56 365.86 365.64 365.30 364.76 364.31 363.80 363.34 363.42 363.47 363.49 363.59 364.05 364.58 364.59 364.42 363.56 362.72 361.98
 360.24 360.41 360.55 360.16 360.73 361.71 363.17 363.53 363.30 362.90 362.39 361.74 361.66 362.24 362.35 361.81 361.04 361.40 362.44 363.13 363.22 362.21 360.76 359.78
 359.13 359.38 359.63 359.65 359.57 359.84 360.57 361.42 361.45 361.28 360.61 360.28 360.32 360.97 361.04 360.17 359.36 359.56 360.27 361.10 361.40 360.57 359.55 358.87
 359.11 359.17 359.09 358.98 358.92 358.88 359.21 359.60 360.07 359.81 359.72 359.53 359.64 360.04 359.93 359.58 359.11 359.13 359.25 359.50 359.65 359.46 359.17 359.01
 359.17 359.15 358.94 358.79 358.85 358.97 359.03 359.22 359.26 359.36 359.27 359.32 359.34 359.49 359.45 359.28 359.08 358.96 358.88 358.92 359.00 359.09 359.09 359.11
 359.19 359.21 359.12 359.07 359.13 359.19 359.15 359.09 359.16 359.22 359.26 359.27 359.30 359.35 359.36 359.22 359.02 358.85 358.83 358.89 359.06 359.12 359.13 359.13
 359.17 359.17 359.17 359.17 359.17 359.17 359.17 359.17 359.17 359.17 359.17 359.17 359.17 359.17 359.17 359.17 359.17 359.17 359.17 359.17 359.17 359.17 359.17 359.17
 368.62 368.62 368.62 368.62 368.62 368.62 368.62 368.62 368.62 368.62 368.62 368.62 368.62 368.62 368.62 368.62 368.62 368.62 368.62 368.62 368.62 368.62 368.62 368.62
 369.55 370.65 370.53 370.66 370.67 370.62 369.80 369.66 369.75 369.56 368.73 368.23 368.10 368.03 367.70 367.34 367.57 368.33 368.77 368.41 367.63 367.05 367.21 368.40
 370.55 370.95 370.42 370.35 371.30 370.81 369.69 369.22 370.21 370.33 369.36 368.04 367.63 367.60 367.32 366.91 367.35 368.45 369.12 368.49 367.19 366.68 366.97 368.09
 368.78 370.10 369.52 370.20 371.23 371.22 369.07 368.73 369.62 369.82 368.63 367.29 366.72 366.62 366.61 366.70 367.00 367.87 368.46 367.54 366.64 366.10 366.28 367.34
 365.90 366.25 366.58 366.48 368.31 368.73 368.22 367.68 367.95 367.76 366.72 365.80 365.24 365.18 365.69 366.25 366.69 367.06 366.93 366.60 365.88 365.29 365.18 364.90
 362.63 362.97 362.43 362.26 363.22 365.47 366.36 366.35 365.91 365.20 364.43 363.64 363.18 363.66 364.34 364.58 364.44 364.52 365.09 365.39 365.37 364.24 363.06 362.08
 360.12 359.95 359.56 358.79 359.71 361.41 363.54 364.03 363.65 363.07 362.33 361.40 361.18 362.16 362.63 362.25 361.21 361.51 362.79 363.88 364.09 362.78 360.84 359.60
 358.98 359.14 359.09 358.85 359.03 359.72 360.76 361.65 361.54 361.27 360.48 360.01 360.00 360.76 360.93 359.94 358.98 359.33 360.46 361.73 362.10 360.92 359.51 358.65
 359.13 359.21 359.09 358.95 358.90 358.91 359.29 359.63 360.07 359.83 359.74 359.54 359.62 359.98 359.71 359.21 358.70 358.96 359.47 359.97 360.09 359.66 359.14 358.93
 359.23 359.28 359.18 359.09 359.09 359.09 359.09 359.26 359.35 359.54 359.51 359.52 359.47 359.56 359.34 359.01 358.81 358.98 359.15 359.29 359.28 359.22 359.12 359.13
 359.24 359.30 359.27 359.25 359.29 359.29 359.23 359.21 359.37 359.55 359.62 359.59 359.54 359.50 359.40 359.15 359.01 359.02 359.12 359.16 359.25 359.23 359.18 359.17
 359.34 359.34 359.34 359.34 359.34 359.34 359.34 359.34 359.34 359.34 359.34 359.34 359.34 359.34 359.34 359.34 359.34 359.34 359.34 359.34 359.34 359.34 359.34 359.34
 368.36 368.36 368.36 368.36 368.36 368.36 368.36 368.36 368.36 368.36 368.36 368.36 368.36 368.36 368.36 368.36 368.36 368.36 368.36 368.36 368.36 368.36 368.36 368.36
 367.77 368.18 368.05 368.48 369.49 370.33 369.78 369.69 369.90 369.80 368.85 368.34 368.28 368.49 368.14 367.87 367.90 368.19 368.36 368.14 367.59 366.91 366.68 367.09
 367.49 367.86 367.47 368.73 370.86 371.03 369.70 369.12 370.42 370.85 369.81 368.07 367.57 367.51 367.47 367.22 367.38 367.92 368.08 367.64 366.74 366.48 366.45 366.67
 366.47 366.51 366.67 368.74 371.09 371.62 369.08 368.41 369.70 370.37 369.09 367.39 366.65 366.66 366.76 366.95 367.05 367.41 367.63 366.74 366.20 366.06 366.14 366.29
 364.92 364.39 364.20 365.39 368.17 368.89 368.02 367.30 367.87 368.06 367.09 365.95 365.38 365.48 366.05 366.67 366.86 366.96 366.65 366.35 365.92 365.65 365.55 364.98
 363.00 362.56 361.43 361.42 362.90 365.28 365.98 365.84 365.68 365.24 364.62 363.88 363.46 363.97 364.74 364.98 364.66 364.55 365.12 365.62 365.81 364.96 363.91 362.97
 361.04 360.30 359.40 358.43 359.42 361.17 363.18 363.60 363.31 362.94 362.40 361.65 361.48 362.36 362.81 362.44 361.23 361.48 362.90 364.26 364.68 363.63 361.97 360.82
 359.79 359.51 359.11 358.71 358.97 359.72 360.69 361.42 361.26 361.00 360.53 360.26 360.25 360.94 360.96 359.87 358.83 359.21 360.51 361.97 362.54 361.70 360.61 359.81
 359.64 359.53 359.29 359.10 359.07 359.11 359.44 359.66 359.95 359.76 359.81 359.78 359.92 360.14 359.73 359.08 358.52 358.86 359.48 360.09 360.35 360.21 359.93 359.68
 359.55 359.56 359.47 359.37 359.34 359.32 359.28 359.38 359.45 359.57 359.60 359.72 359.78 359.83 359.44 358.96 358.72 358.99 359.25 359.43 359.50 359.55 359.49 359.49
 359.46 359.56 359.54 359.50 359.51 359.49 359.42 359.37 359.45 359.55 359.61 359.66 359.75 359.78 359.63 359.26 359.09 359.19 359.34 359.44 359.53 359.46 359.34 359.33
 359.52 359.52 359.52 359.52 359.52 359.52 359.52 359.52 359.52 359.52 359.52 359.52 359.52 359.52 359.52 359.52 359.52 359.52 359.52 359.52 359.52 359.52 359.52 359.52
 365.05 365.05 365.05 365.05 365.05 365.05 365.05 365.05 365.05 365.05 365.05 365.05 365.05 365.05 365.05 365.05 365.05 365.05 365.05 365.05 365.05 365.05 365.05 365.05
 364.56 363.58 362.31 362.66 363.91 364.79 364.16 364.07 364.80 365.59 365.50 365.55 365.91 366.48 366.33 366.26 365.73 364.78 364.32 364.80 365.42 365.25 364.83 364.94
 363.90 362.90 362.32 363.67 365.72 365.73 364.01 363.29 364.91 366.41 366.41 365.40 365.31 365.44 365.64 365.46 364.74 363.58 362.91 363.70 364.59 365.14 364.93 364.51
 363.13 362.52 362.36 364.36 366.27 366.48 363.87 363.17 364.98 366.74 366.37 365.39 364.91 365.02 365.12 365.12 364.44 363.61 363.30 363.69 364.37 364.92 364.95 364.37
 363.18 362.12 361.68 362.60 364.63 364.88 363.86 363.61 364.80 365.76 365.58 364.79 364.43 364.58 364.86 365.02 364.71 364.34 364.27 364.31 364.56 364.68 364.54 363.74
 362.63 361.83 360.42 360.28 361.29 362.84 363.40 363.67 364.02 364.21 363.92 363.40 363.19 363.63 364.11 363.97 363.42 363.39 363.82 364.37 364.55 364.14 363.48 362.89
 361.53 360.53 359.46 358.59 359.27 360.53 361.97 362.36 362.36 362.30 362.07 361.64 361.63 362.38 362.66 362.14 361.01 361.19 362.35 363.43 363.81 363.25 362.30 361.58
 360.42 359.83 359.29 358.91 359.15 359.75 360.44 360.91 360.78 360.61 360.46 360.46 360.59 361.18 361.13 360.11 359.16 359.44 360.46 361.61 362.16 361.85 361.33 360.76
 360.01 359.76 359.50 359.35 359.35 359.44 359.66 359.76 359.89 359.80 359.91 360.04 360.29 360.49 360.07 359.43 358.90 359.16 359.65 360.14 360.49 360.65 360.62 360.31
 359.80 359.79 359.73 359.65 359.64 359.63 359.59 359.63 359.72 359.79 359.84 359.99 360.14 360.23 359.84 359.35 359.07 359.27 359.48 359.68 359.88 360.07 359.98 359.84
 359.70 359.82 359.82 359.79 359.80 359.79 359.72 359.69 359.75 359.81 359.84 359.91 360.06 360.16 360.03 359.64 359.40 359.44 359.59 359.76 359.99 359.90 359.68 359.58
 359.82 359.82 359.82 359.82 359.82 359.82 359.82 359.82 359.82 359.82 359.82 359.82 359.82 359.82 359.82 359.82 359.82 359.82 359.82 359.82 359.82 359.82 359.82 359.82
 359.51 359.51 359.51 359.51 359.51 359.51 359.51 359.51 359.51 359.51 359.51 359.51 359.51 359.51 359.51 359.51 359.51 359.51 359.51 359.51 359.51 359.51 359.51 359.51
 359.82 358.46 356.28 356.73 358.81 360.43 359.70 359.74 360.80 361.42 360.41 359.68 359.62 360.17 360.55 360.99 360.51 359.01 358.45 359.43 360.76 360.88 360.23 360.39
 360.29 359.01 358.02 359.48 362.33 362.06 359.42 358.62 361.33 363.43 362.69 360.42 359.97 360.19 360.64 360.82 359.96 358.31 357.47 359.29 361.28 361.92 361.29 360.72
 360.33 360.00 359.47 361.74 363.65 363.44 359.50 358.82 362.04 364.58 363.71 361.91 361.11 361.25 361.21 360.97 360.21 359.13 359.15 360.56 361.97 362.66 362.31 361.55
 361.06 360.34 360.12 361.34 363.13 362.52 360.84 360.77 362.57 363.87 363.67 362.61 362.36 362.39 362.16 361.53 360.91 360.72 361.18 361.63 362.27 362.64 362.50 361.76
 361.28 360.73 359.99 360.38 360.89 361.76 361.98 362.38 362.72 362.78 362.58 362.18 362.23 362.58 362.49 361.70 360.94 361.02 361.38 361.79 361.95 362.06 361.93 361.67
 361.01 360.38 359.84 359.53 359.90 360.66 361.65 361.91 361.82 361.64 361.46 361.20 361.36 362.01 361.99 361.16 360.17 360.20 360.87 361.39 361.62 361.59 361.47 361.25
 360.42 359.97 359.76 359.69 359.84 360.19 360.65 360.96 360.82 360.63 360.48 360.49 360.66 361.18 361.07 360.13 359.32 359.47 360.06 360.69 360.99 361.08 361.06 360.84
 360.01 359.83 359.86 359.94 359.96 359.93 360.05 360.12 360.21 360.12 360.14 360.23 360.48 360.68 360.27 359.65 359.17 359.41 359.83 360.17 360.42 360.63 360.69 360.38
 359.88 359.91 360.03 360.11 360.10 360.03 359.99 360.02 360.07 360.09 360.09 360.21 360.36 360.49 360.10 359.61 359.36 359.60 359.84 360.05 360.22 360.37 360.26 360.02
 359.93 360.03 360.11 360.14 360.15 360.11 360.07 360.05 360.07 360.08 360.10 360.15 360.30 360.41 360.31 359.92 359.72 359.78 359.94 360.09 360.29 360.23 360.04 359.89
 360.12 360.12 360.12 360.12 360.12 360.12 360.12 360.12 360.12 360.12 360.12 360.12 360.12 360.12 360.12 360.12 360.12 360.12 360.12 360.12 360.12 360.12 360.12 360.12
 355.02 355.02 355.02 355.02 355.02 355.02 355.02 355.02 355.02 355.02 355.02 355.02 355.02 355.02 355.02 355.02 355.02 355.02 355.02 355.02 355.02 355.02 355.02 355.02
 356.15 355.71 353.44 353.98 357.22 360.19 359.39 358.31 357.80 356.99 355.19 354.27 354.30 354.90 355.20 355.59 355.43 354.49 354.24 354.94 355.89 355.86 355.25 355.85
 358.59 358.09 356.51 357.93 362.16 362.67 359.49 357.36 358.43 359.21 357.71 355.45 355.24 355.62 356.04 356.38 356.26 355.51 354.80 356.27 357.60 357.60 356.97 357.11
 359.21 359.57 358.61 361.22 364.06 364.42 359.50 357.59 359.36 360.71 359.57 357.91 357.34 357.65 357.57 357.49 357.49 357.09 357.37 358.24 359.07 359.24 358.68 358.94
 359.40 359.38 359.43 361.42 363.91 363.27 360.77 359.63 360.47 361.10 360.76 359.82 359.80 359.91 359.52 358.65 358.32 358.71 359.18 359.39 359.54 359.77 359.82 359.65
 360.05 359.99 360.13 361.29 361.79 362.32 361.77 361.65 361.57 361.38 361.08 360.69 360.91 361.15 360.71 359.63 359.04 359.31 359.55 359.48 359.36 359.73 360.10 360.28
 360.58 360.53 360.63 360.83 360.94 361.10 361.64 361.68 361.59 361.27 361.06 360.84 361.03 361.45 361.14 360.20 359.53 359.49 359.62 359.49 359.47 359.89 360.51 360.82
 360.71 360.59 360.65 360.74 360.60 360.57 360.79 361.11 361.07 360.94 360.79 360.73 360.85 361.12 360.93 360.18 359.61 359.61 359.69 359.73 359.78 360.26 360.75 360.96
 360.51 360.46 360.58 360.63 360.47 360.22 360.27 360.44 360.62 360.54 360.53 360.56 360.70 360.82 360.45 359.96 359.57 359.73 359.94 360.07 360.24 360.57 360.79 360.71
 360.39 360.42 360.53 360.58 360.48 360.31 360.25 360.33 360.39 360.37 360.33 360.45 360.59 360.65 360.33 359.93 359.75 359.96 360.17 360.34 360.54 360.71 360.62 360.47
 360.36 360.42 360.49 360.52 360.50 360.41 360.35 360.31 360.30 360.25 360.23 360.30 360.47 360.58 360.49 360.20 360.09 360.21 360.35 360.53 360.70 360.64 360.46 360.34
 360.42 360.42 360.42 360.42 360.42 360.42 360.42 360.42 360.42 360.42 360.42 360.42 360.42 360.42 360.42 360.42 360.42 360.42 360.42 360.42 360.42 360.42 360.42 360.42
 356.59 356.59 356.59 356.59 356.59 356.59 356.59 356.59 356.59 356.59 356.59 356.59 356.59 356.59 356.59 356.59 356.59 356.59 356.59 356.59 356.59 356.59 356.59 356.59
 357.31 358.65 358.71 359.92 361.84 363.49 362.10 360.78 359.83 358.77 356.80 355.58 355.05 355.05 355.05 355.12 355.16 354.98 355.04 355.18 355.56 355.51 355.41 356.18
 359.78 360.68 360.37 361.59 364.97 365.12 362.26 359.90 360.57 360.62 359.03 356.47 355.77 355.97 356.04 356.06 356.33 356.50 356.24 356.73 356.85 356.64 356.53 357.17
 359.86 361.73 360.94 363.14 365.88 366.43 361.77 359.59 360.38 361.30 359.80 357.52 356.84 357.18 357.33 357.30 357.45 357.81 358.34 358.05 357.96 357.77 357.54 358.23
 359.43 360.34 360.92 362.42 365.05 364.65 362.10 360.04 360.47 360.56 359.85 358.43 358.29 358.77 358.85 358.14 358.12 358.73 359.03 358.79 358.23 358.28 358.47 358.64
 359.66 360.11 360.63 361.99 362.41 362.91 361.82 361.14 360.74 360.32 359.91 359.36 359.73 360.14 359.85 359.03 358.72 359.01 359.08 358.61 358.22 358.58 359.19 359.63
 360.41 360.45 360.66 361.03 361.17 361.14 361.43 361.24 361.08 360.69 360.46 360.33 360.60 360.93 360.59 359.79 359.42 359.36 359.18 358.68 358.48 359.11 360.11 360.71
 360.84 360.72 360.77 360.89 360.75 360.67 360.79 360.99 360.97 360.86 360.71 360.63 360.73 360.90 360.71 360.15 359.77 359.70 359.48 359.20 359.15 359.89 360.69 361.10
 360.68 360.62 360.69 360.71 360.59 360.42 360.45 360.60 360.75 360.69 360.60 360.55 360.61 360.70 360.44 360.08 359.79 359.86 359.87 359.86 360.04 360.52 360.88 360.87
 360.59 360.62 360.67 360.65 360.58 360.48 360.45 360.52 360.56 360.52 360.43 360.47 360.54 360.57 360.34 360.06 359.94 360.08 360.23 360.34 360.61 360.84 360.80 360.65
 360.60 360.67 360.71 360.67 360.63 360.56 360.52 360.49 360.45 360.38 360.35 360.38 360.47 360.53 360.45 360.27 360.22 360.36 360.48 360.69 360.87 360.83 360.66 360.55
 360.57 360.57 360.57 360.57 360.57 360.57 360.57 360.57 360.57 360.57 360.57 360.57 360.57 360.57 360.57 360.57 360.57 360.57 360.57 360.57 360.57 360.57 360.57 360.57
 361.77 361.77 361.77 361.77 361.77 361.77 361.77 361.77 361.77 361.77 361.77 361.77 361.77 361.77 361.77 361.77 361.77 361.77 361.77 361.77 361.77 361.77 361.77 361.77
 363.61 365.88 366.46 366.58 366.24 365.80 364.15 363.57 363.50 363.28 361.93 361.17 360.94 361.09 360.55 359.91 359.72 359.94 360.23 360.06 359.75 359.40 359.67 361.25
 365.85 367.71 367.36 366.24 367.13 366.13 364.03 362.70 364.22 364.65 363.55 361.21 360.54 360.59 360.32 359.92 360.09 360.91 361.20 361.07 360.18 359.64 359.90 361.46
 364.46 367.68 366.62 366.43 367.08 366.81 363.47 362.28 363.40 364.47 363.02 360.76 359.92 360.05 360.01 359.91 360.25 361.06 361.86 361.10 360.35 359.70 359.73 361.09
 361.89 363.64 364.70 364.45 365.71 365.13 363.44 361.90 362.28 362.12 361.34 360.04 359.77 359.94 360.07 359.82 360.10 360.86 360.98 360.68 359.81 359.54 359.71 360.12
 360.56 361.45 362.20 363.02 362.90 363.34 362.62 361.85 361.20 360.31 360.07 359.93 360.26 360.51 360.29 359.93 359.86 360.02 360.12 359.69 359.33 359.45 359.92 360.18
 360.59 360.61 360.81 361.13 361.29 361.34 361.59 361.35 360.79 360.24 360.10 360.33 360.72 360.93 360.63 359.98 359.61 359.62 359.57 359.29 359.16 359.67 360.45 360.88
 360.83 360.68 360.75 360.87 360.72 360.60 360.70 360.82 360.69 360.45 360.33 360.40 360.61 360.82 360.55 359.91 359.46 359.45 359.37 359.28 359.40 360.13 360.86 361.15
 360.61 360.52 360.56 360.56 360.45 360.28 360.30 360.43 360.58 360.54 360.40 360.29 360.40 360.54 360.24 359.79 359.46 359.53 359.51 359.58 359.96 360.66 361.07 360.90
 360.56 360.56 360.56 360.51 360.45 360.39 360.33 360.40 360.50 360.53 360.42 360.33 360.31 360.37 360.11 359.79 359.64 359.78 359.92 360.10 360.64 361.09 361.00 360.69
 360.62 360.70 360.71 360.64 360.60 360.56 360.48 360.45 360.49 360.52 360.49 360.44 360.39 360.35 360.24 360.04 360.00 360.19 360.36 360.76 361.17 361.16 360.87 360.61
 360.63 360.63 360.63 360.63 360.63 360.63 360.63 360.63 360.63 360.63 360.63 360.63 360.63 360.63 360.63 360.63 360.63 360.63 360.63 360.63 360.63 360.63 360.63 360.63
 365.34 365.34 365.34 365.34 365.34 365.34 365.34 365.34 365.34 365.34 365.34 365.34 365.34 365.34 365.34 365.34 365.34 365.34 365.34 365.34 365.34 365.34 365.34 365.34
 366.09 368.90 371.01 370.18 367.82 366.27 365.32 365.82 366.67 366.95 366.06 365.09 364.30 363.93 363.81 363.75 363.96 364.23 364.50 364.18 363.61 363.05 363.25 364.26
 367.59 370.38 370.49 368.14 367.20 365.98 365.05 365.27 367.27 367.94 366.89 364.88 363.83 363.50 363.42 363.47 363.87 364.84 365.09 364.65 363.29 362.68 362.92 363.96
 366.39 369.53 368.65 367.39 366.81 366.39 364.55 364.67 366.43 367.00 365.63 363.66 362.77 362.62 362.69 362.97 363.59 364.42 365.12 363.93 362.90 362.12 362.22 363.12
 363.64 365.37 366.45 365.45 365.77 365.20 364.38 363.94 364.33 364.19 363.17 362.16 361.82 361.75 362.01 362.35 362.92 363.65 363.44 363.08 362.08 361.64 361.65 361.86
 361.72 362.73 363.49 363.93 363.53 363.84 363.53 362.94 362.46 361.53 361.34 361.28 361.40 361.53 361.50 361.64 361.82 361.85 362.00 361.74 361.52 361.33 361.38 361.31
 361.09 361.22 361.62 361.95 362.01 361.98 362.10 361.94 361.36 360.90 360.75 360.95 361.21 361.37 361.23 360.87 360.52 360.60 360.81 360.90 360.92 361.08 361.28 361.30
 360.87 360.80 361.10 361.37 361.15 360.91 360.95 361.07 360.92 360.69 360.57 360.63 360.81 361.02 360.84 360.25 359.80 359.81 359.91 360.07 360.35 360.82 361.19 361.19
 360.52 360.43 360.55 360.63 360.55 360.38 360.40 360.50 360.62 360.54 360.47 360.40 360.49 360.64 360.40 360.05 359.73 359.69 359.55 359.63 360.03 360.73 361.08 360.86
 360.44 360.41 360.39 360.36 360.38 360.40 360.38 360.42 360.45 360.46 360.39 360.35 360.35 360.39 360.22 359.97 359.82 359.76 359.75 359.83 360.37 360.86 360.87 360.60
 360.52 360.56 360.55 360.52 360.52 360.53 360.48 360.43 360.43 360.43 360.41 360.39 360.37 360.35 360.27 360.11 360.01 360.06 360.14 360.50 360.89 360.95 360.75 360.53
 360.53 360.53 360.53 360.53 360.53 360.53 360.53 360.53 360.53 360.53 360.53 360.53 360.53 360.53 360.53 360.53 360.53 360.53 360.53 360.53 360.53 360.53 360.53 360.53
 366.24 366.24 366.24 366.24 366.24 366.24 366.24 366.24 366.24 366.24 366.24 366.24 366.24 366.24 366.24 366.24 366.24 366.24 366.24 366.24 366.24 366.24 366.24 366.24
 367.82 368.71 367.74 366.47 366.49 367.04 366.64 367.23 368.19 368.76 368.01 367.20 366.56 366.28 365.97 365.74 366.00 366.61 366.97 366.47 365.62 364.92 365.15 366.00
 369.84 371.24 369.88 367.21 367.95 367.46 366.50 366.49 368.80 369.73 368.97 366.95 365.95 365.67 365.52 365.35 365.83 366.95 367.29 366.44 364.80 364.44 365.03 366.05
 368.64 371.21 369.82 368.39 368.30 368.08 365.77 365.94 367.86 369.04 367.74 365.71 364.74 364.52 364.61 364.95 365.41 366.17 366.64 365.08 364.07 363.69 364.28 365.21
 365.03 366.45 367.26 366.26 367.01 366.49 365.48 364.94 365.92 366.07 365.18 363.99 363.42 363.25 363.60 364.14 364.64 364.94 364.36 363.96 363.16 363.02 363.26 363.37
 362.58 363.49 364.02 364.42 364.15 364.71 364.32 363.99 363.75 363.15 362.88 362.64 362.50 362.53 362.67 363.01 363.18 362.85 362.81 362.60 362.63 362.44 362.43 362.18
 361.42 361.46 361.84 362.08 362.22 362.27 362.65 362.65 362.27 361.90 361.73 361.73 361.83 362.03 362.07 361.94 361.56 361.56 361.81 362.08 362.18 362.05 361.87 361.61
 360.80 360.68 361.04 361.39 361.16 360.96 361.13 361.44 361.35 361.18 361.00 361.02 361.19 361.46 361.49 361.11 360.76 360.81 361.12 361.52 361.68 361.62 361.47 361.19
 360.31 360.19 360.36 360.50 360.44 360.26 360.34 360.50 360.70 360.55 360.57 360.59 360.70 360.94 360.95 360.85 360.64 360.61 360.71 360.86 361.10 361.17 361.11 360.73
 360.24 360.21 360.21 360.19 360.23 360.27 360.26 360.32 360.30 360.29 360.25 360.34 360.44 360.55 360.64 360.65 360.56 360.42 360.34 360.47 360.66 360.83 360.73 360.44
 360.40 360.46 360.46 360.40 360.40 360.41 360.35 360.26 360.20 360.15 360.16 360.21 360.31 360.41 360.49 360.51 360.41 360.26 360.26 360.40 360.67 360.68 360.57 360.42
 360.39 360.39 360.39 360.39 360.39 360.39 360.39 360.39 360.39 360.39 360.39 360.39 360.39 360.39 360.39 360.39 360.39 360.39 360.39 360.39 360.39 360.39 360.39 360.39
