1973 MONTHLY CO2 (PPMV)   24  12  LON/LAT (N-S/0-360E) IN 15 DEGREE RESOLUTION,  GLB ANNUAL MEAN = 330.97,  GROWTH RATE = 1.21,  MISS DATA = -99.99
 337.00 337.00 337.00 337.00 337.00 337.00 337.00 337.00 337.00 337.00 337.00 337.00 337.00 337.00 337.00 337.00 337.00 337.00 337.00 337.00 337.00 337.00 337.00 337.00
 344.48 344.91 344.91 344.91 344.91 344.16 340.34 335.70 333.06 333.57 333.80 334.22 334.49 334.70 334.11 332.84 331.32 330.73 330.92 331.46 331.77 332.25 335.74 340.98
 344.91 344.91 344.91 344.91 344.91 342.29 336.95 332.13 331.29 332.14 332.50 332.59 332.86 332.85 332.45 331.38 330.74 330.55 330.83 331.29 331.67 331.81 335.74 340.98
 344.48 344.91 344.91 344.91 344.91 340.41 333.23 328.48 328.89 330.19 330.63 330.70 330.41 330.41 330.36 330.52 330.51 330.62 330.80 331.11 331.52 332.19 335.74 340.98
 343.89 344.77 344.91 344.91 344.91 339.29 331.79 326.41 327.06 328.12 328.94 328.96 328.82 328.60 329.06 329.82 330.45 330.68 330.79 330.97 331.34 332.56 336.21 340.40
 343.02 344.52 344.86 344.91 344.91 339.29 331.79 326.16 326.34 326.77 327.49 328.20 328.51 328.68 328.92 329.59 330.34 330.75 330.81 330.87 331.10 332.63 335.86 339.95
 337.96 339.02 340.50 342.37 344.19 339.29 331.79 326.16 326.16 326.28 326.63 327.24 327.95 328.36 328.69 329.28 330.13 330.70 330.83 330.83 330.96 331.58 333.40 335.92
 331.46 331.95 333.23 337.13 340.37 337.29 330.66 326.16 326.16 326.16 326.26 326.52 326.93 327.64 328.25 328.92 329.70 330.27 330.18 329.85 329.60 329.69 329.95 330.60
 326.74 326.74 327.83 330.59 333.99 332.47 328.79 326.16 326.16 326.16 326.16 326.16 326.31 326.71 327.49 328.33 329.05 329.37 328.99 328.21 327.97 327.72 327.31 326.90
 326.74 326.74 326.74 327.68 328.26 328.03 326.91 326.16 326.16 326.16 326.16 326.16 326.16 326.29 326.68 327.46 328.24 328.27 327.60 326.99 326.74 326.74 326.74 326.74
 326.74 326.74 326.74 326.74 326.57 326.33 326.16 326.16 326.16 326.16 326.16 326.16 326.16 326.16 326.29 326.68 327.26 327.31 327.02 326.74 326.74 326.74 326.74 326.74
 326.49 326.49 326.49 326.49 326.49 326.49 326.49 326.49 326.49 326.49 326.49 326.49 326.49 326.49 326.49 326.49 326.49 326.49 326.49 326.49 326.49 326.49 326.49 326.49
 335.89 335.89 335.89 335.89 335.89 335.89 335.89 335.89 335.89 335.89 335.89 335.89 335.89 335.89 335.89 335.89 335.89 335.89 335.89 335.89 335.89 335.89 335.89 335.89
 339.71 339.95 339.95 339.95 339.95 339.41 337.28 334.93 333.79 334.32 334.54 334.94 335.20 335.39 334.83 333.64 332.21 331.65 331.84 332.37 332.70 332.99 334.91 337.79
 339.95 339.95 339.95 339.95 339.95 338.06 334.57 331.80 331.98 332.92 333.31 333.39 333.64 333.64 333.27 332.26 331.66 331.44 331.67 332.15 332.58 332.75 334.91 337.79
 339.71 339.95 339.95 339.95 339.95 336.70 331.64 328.54 329.44 330.94 331.49 331.59 331.32 331.32 331.29 331.45 331.43 331.46 331.57 331.89 332.38 332.92 334.91 337.79
 339.39 339.87 339.95 339.95 339.95 335.89 330.48 326.70 327.45 328.71 329.75 329.90 329.81 329.60 330.05 330.77 331.33 331.48 331.51 331.69 332.09 333.02 335.13 337.47
 338.91 339.74 339.93 339.95 339.95 335.89 330.48 326.42 326.63 327.17 328.09 329.02 329.45 329.66 329.90 330.51 331.18 331.50 331.51 331.57 331.80 332.85 334.84 337.19
 335.04 335.63 336.66 338.05 339.41 335.89 330.48 326.42 326.42 326.57 327.03 327.81 328.70 329.23 329.62 330.20 330.94 331.42 331.52 331.52 331.63 331.89 332.77 334.01
 330.02 330.29 331.21 334.13 336.58 334.43 329.67 326.42 326.42 326.42 326.55 326.88 327.40 328.30 329.08 329.81 330.54 330.97 330.73 330.28 329.97 329.87 329.62 329.63
 326.34 326.34 327.16 329.23 331.85 330.90 328.31 326.42 326.42 326.42 326.42 326.42 326.62 327.12 328.11 329.14 329.92 330.02 329.30 328.20 327.89 327.58 327.07 326.55
 326.34 326.34 326.34 327.05 327.61 327.65 326.96 326.42 326.42 326.42 326.42 326.42 326.42 326.59 327.08 328.07 328.96 328.75 327.57 326.65 326.34 326.34 326.34 326.34
 326.34 326.34 326.34 326.34 326.36 326.40 326.42 326.42 326.42 326.42 326.42 326.42 326.42 326.42 326.59 327.08 327.69 327.46 326.81 326.34 326.34 326.34 326.34 326.34
 326.43 326.43 326.43 326.43 326.43 326.43 326.43 326.43 326.43 326.43 326.43 326.43 326.43 326.43 326.43 326.43 326.43 326.43 326.43 326.43 326.43 326.43 326.43 326.43
 336.92 336.92 336.92 336.92 336.92 336.92 336.92 336.92 336.92 336.92 336.92 336.92 336.92 336.92 336.92 336.92 336.92 336.92 336.92 336.92 336.92 336.92 336.92 336.92
 340.86 341.11 341.11 341.11 341.11 340.55 338.34 335.94 334.78 335.34 335.57 335.99 336.26 336.47 335.86 334.57 333.01 332.42 332.66 333.25 333.60 333.89 335.88 338.87
 341.11 341.11 341.11 341.11 341.11 339.12 335.49 332.61 332.86 333.87 334.28 334.36 334.63 334.62 334.20 333.09 332.43 332.24 332.57 333.08 333.49 333.64 335.88 338.87
 340.86 341.11 341.11 341.11 341.11 337.70 332.39 329.16 330.15 331.77 332.37 332.49 332.19 332.19 332.11 332.23 332.19 332.33 332.55 332.89 333.33 333.83 335.88 338.87
 340.53 341.03 341.11 341.11 341.11 336.85 331.16 327.21 328.01 329.39 330.54 330.72 330.64 330.41 330.85 331.55 332.16 332.41 332.55 332.75 333.09 333.97 336.13 338.54
 340.03 340.89 341.09 341.11 341.11 336.85 331.16 326.90 327.13 327.72 328.76 329.81 330.30 330.55 330.76 331.38 332.08 332.50 332.58 332.64 332.85 333.86 335.85 338.26
 335.83 336.44 337.55 339.05 340.52 336.85 331.16 326.90 326.90 327.07 327.58 328.46 329.50 330.10 330.53 331.13 331.93 332.47 332.60 332.60 332.70 332.89 333.65 334.80
 330.37 330.65 331.64 334.80 337.49 335.29 330.31 326.90 326.90 326.90 327.05 327.42 328.02 329.05 329.94 330.76 331.54 331.98 331.65 331.10 330.73 330.56 330.14 330.01
 326.36 326.36 327.25 329.49 332.41 331.54 328.89 326.90 326.90 326.90 326.90 326.90 327.13 327.70 328.83 330.01 330.88 330.90 329.96 328.61 328.23 327.86 327.23 326.61
 326.36 326.36 326.36 327.13 327.86 328.07 327.47 326.90 326.90 326.90 326.90 326.90 326.90 327.10 327.66 328.79 329.77 329.42 327.89 326.73 326.36 326.36 326.36 326.36
 326.36 326.36 326.36 326.36 326.52 326.74 326.90 326.90 326.90 326.90 326.90 326.90 326.90 326.90 327.09 327.65 328.28 327.86 326.96 326.36 326.36 326.36 326.36 326.36
 326.69 326.69 326.69 326.69 326.69 326.69 326.69 326.69 326.69 326.69 326.69 326.69 326.69 326.69 326.69 326.69 326.69 326.69 326.69 326.69 326.69 326.69 326.69 326.69
 336.49 336.49 336.49 336.49 336.49 336.49 336.49 336.49 336.49 336.49 336.49 336.49 336.49 336.49 336.49 336.49 336.49 336.49 336.49 336.49 336.49 336.49 336.49 336.49
 338.15 338.27 338.27 338.27 338.27 337.82 336.65 335.63 335.39 335.96 336.16 336.53 336.77 336.95 336.43 335.31 333.97 333.50 333.80 334.44 334.79 334.94 335.86 337.24
 338.27 338.27 338.27 338.27 338.27 336.71 334.18 332.57 333.50 334.59 335.02 335.09 335.32 335.31 334.97 334.02 333.49 333.40 333.82 334.33 334.71 334.82 335.86 337.24
 338.15 338.27 338.27 338.27 338.27 335.59 331.53 329.31 330.69 332.54 333.28 333.45 333.18 333.18 333.13 333.27 333.31 333.56 333.89 334.24 334.59 334.89 335.85 337.23
 338.00 338.23 338.27 338.27 338.27 334.92 330.46 327.46 328.38 330.02 331.47 331.84 331.84 331.63 332.04 332.69 333.33 333.70 333.96 334.15 334.40 334.91 335.95 337.08
 337.77 338.17 338.26 338.27 338.27 334.92 330.46 327.12 327.39 328.13 329.46 330.83 331.49 331.80 331.98 332.59 333.34 333.87 334.00 334.07 334.21 334.77 335.78 336.94
 334.44 334.72 335.51 336.67 337.81 334.92 330.46 327.12 327.12 327.34 328.00 329.12 330.45 331.21 331.75 332.40 333.28 333.88 334.04 334.04 334.10 333.97 333.97 334.12
 330.06 330.19 330.93 333.37 335.45 333.71 329.80 327.12 327.12 327.12 327.31 327.79 328.56 329.87 331.01 332.00 332.89 333.35 332.95 332.31 331.87 331.55 330.69 330.05
 326.82 326.82 327.51 329.25 331.49 330.78 328.68 327.12 327.12 327.12 327.12 327.12 327.41 328.14 329.59 331.08 332.14 332.13 331.01 329.42 328.99 328.55 327.83 327.11
 326.82 326.82 326.82 327.42 327.95 328.07 327.57 327.12 327.12 327.12 327.12 327.12 327.12 327.37 328.09 329.54 330.79 330.41 328.61 327.25 326.82 326.82 326.82 326.82
 326.82 326.82 326.82 326.82 326.91 327.03 327.12 327.12 327.12 327.12 327.12 327.12 327.12 327.12 327.36 328.08 328.95 328.55 327.54 326.82 326.82 326.82 326.82 326.82
 327.05 327.05 327.05 327.05 327.05 327.05 327.05 327.05 327.05 327.05 327.05 327.05 327.05 327.05 327.05 327.05 327.05 327.05 327.05 327.05 327.05 327.05 327.05 327.05
 335.31 335.31 335.31 335.31 335.31 335.31 335.31 335.31 335.31 335.31 335.31 335.31 335.31 335.31 335.31 335.31 335.31 335.31 335.31 335.31 335.31 335.31 335.31 335.31
 335.11 335.14 335.14 335.14 335.14 334.82 334.54 334.73 335.26 335.80 335.97 336.26 336.44 336.58 336.16 335.27 334.20 333.81 333.94 334.30 334.47 334.50 334.68 334.94
 335.14 335.14 335.14 335.14 335.14 334.01 332.54 332.04 333.48 334.60 335.04 335.13 335.33 335.35 335.04 334.26 333.81 333.75 334.03 334.30 334.45 334.48 334.68 334.94
 335.11 335.14 335.14 335.14 335.14 333.21 330.40 329.13 330.74 332.67 333.50 333.73 333.62 333.62 333.59 333.63 333.67 333.89 334.14 334.33 334.43 334.49 334.68 334.94
 335.08 335.13 335.14 335.14 335.14 332.73 329.52 327.47 328.43 330.15 331.70 332.22 332.29 332.21 332.49 333.10 333.66 334.01 334.23 334.33 334.38 334.49 334.69 334.91
 335.04 335.12 335.13 335.14 335.14 332.73 329.52 327.12 327.41 328.19 329.59 330.97 331.64 331.85 332.13 332.79 333.61 334.15 334.27 334.31 334.34 334.45 334.66 334.88
 332.65 332.71 333.21 334.01 334.81 332.73 329.52 327.12 327.12 327.35 328.02 329.14 330.33 331.05 331.57 332.41 333.43 334.13 334.30 334.30 334.31 333.94 333.37 332.82
 329.48 329.51 330.00 331.70 333.15 331.86 329.04 327.12 327.12 327.12 327.31 327.75 328.47 329.67 330.76 331.80 332.87 333.51 333.19 332.57 332.14 331.73 330.64 329.71
 327.11 327.11 327.59 328.81 330.35 329.78 328.24 327.12 327.12 327.12 327.12 327.12 327.39 328.07 329.41 330.84 331.94 332.15 331.20 329.70 329.27 328.84 328.12 327.40
 327.11 327.11 327.11 327.53 327.85 327.85 327.44 327.12 327.12 327.12 327.12 327.12 327.12 327.35 328.02 329.36 330.59 330.35 328.79 327.54 327.11 327.11 327.11 327.11
 327.11 327.11 327.11 327.11 327.11 327.12 327.12 327.12 327.12 327.12 327.12 327.12 327.12 327.12 327.34 328.01 328.86 328.59 327.74 327.11 327.11 327.11 327.11 327.11
 327.19 327.19 327.19 327.19 327.19 327.19 327.19 327.19 327.19 327.19 327.19 327.19 327.19 327.19 327.19 327.19 327.19 327.19 327.19 327.19 327.19 327.19 327.19 327.19
 332.59 332.59 332.59 332.59 332.59 332.59 332.59 332.59 332.59 332.59 332.59 332.59 332.59 332.59 332.59 332.59 332.59 332.59 332.59 332.59 332.59 332.59 332.59 332.59
 331.52 331.52 331.52 331.52 331.52 331.35 331.66 332.47 333.29 333.68 333.78 333.94 334.04 334.11 333.82 333.19 332.45 332.15 332.18 332.36 332.26 331.92 331.60 331.52
 331.52 331.52 331.52 331.52 331.52 330.93 330.41 330.68 332.04 332.90 333.24 333.33 333.47 333.50 333.20 332.57 332.19 332.17 332.38 332.57 332.44 332.05 331.66 331.52
 331.52 331.52 331.52 331.52 331.52 330.50 329.11 328.69 330.03 331.53 332.23 332.44 332.49 332.49 332.37 332.15 332.09 332.30 332.53 332.66 332.51 332.10 331.70 331.52
 331.52 331.52 331.52 331.52 331.52 330.25 328.55 327.55 328.29 329.64 330.86 331.36 331.45 331.51 331.52 331.81 332.11 332.41 332.61 332.68 332.55 332.15 331.74 331.52
 331.52 331.52 331.52 331.52 331.52 330.25 328.55 327.28 327.51 328.11 329.20 330.21 330.69 330.75 331.00 331.47 332.10 332.54 332.65 332.68 332.60 332.29 331.86 331.59
 330.29 330.29 330.54 330.95 331.36 330.25 328.55 327.28 327.28 327.46 327.95 328.76 329.49 329.97 330.33 331.08 331.94 332.53 332.68 332.68 332.65 332.17 331.36 330.57
 328.66 328.66 328.90 329.77 330.50 329.80 328.30 327.28 327.28 327.28 327.42 327.71 328.17 328.94 329.69 330.48 331.42 332.02 331.85 331.42 331.10 330.74 329.78 328.93
 327.43 327.43 327.68 328.30 329.06 328.71 327.87 327.28 327.28 327.28 327.28 327.28 327.45 327.90 328.78 329.75 330.59 330.90 330.35 329.32 329.00 328.69 328.16 327.64
 327.43 327.43 327.43 327.64 327.77 327.71 327.45 327.28 327.28 327.28 327.28 327.28 327.28 327.43 327.87 328.74 329.60 329.52 328.57 327.74 327.43 327.43 327.43 327.43
 327.43 327.43 327.43 327.43 327.38 327.32 327.28 327.28 327.28 327.28 327.28 327.28 327.28 327.28 327.43 327.86 328.44 328.32 327.82 327.43 327.43 327.43 327.43 327.43
 327.40 327.40 327.40 327.40 327.40 327.40 327.40 327.40 327.40 327.40 327.40 327.40 327.40 327.40 327.40 327.40 327.40 327.40 327.40 327.40 327.40 327.40 327.40 327.40
 328.73 328.73 328.73 328.73 328.73 328.73 328.73 328.73 328.73 328.73 328.73 328.73 328.73 328.73 328.73 328.73 328.73 328.73 328.73 328.73 328.73 328.73 328.73 328.73
 330.88 330.88 330.88 330.88 330.88 330.76 329.66 328.14 327.05 326.90 326.72 326.40 326.19 326.02 326.35 327.04 327.87 328.39 328.87 329.67 330.36 330.74 330.87 330.88
 330.88 330.88 330.88 330.88 330.88 330.47 329.37 328.21 327.70 327.75 327.71 327.67 327.47 327.48 327.55 327.99 328.31 328.83 329.60 330.28 330.64 330.79 330.86 330.88
 330.88 330.88 330.88 330.88 330.88 330.17 328.98 328.12 328.15 328.53 328.88 329.07 329.34 329.34 329.10 328.57 328.57 329.30 330.12 330.59 330.71 330.78 330.85 330.88
 330.88 330.88 330.88 330.88 330.88 330.00 328.82 327.97 328.16 328.70 329.42 330.10 330.44 330.65 330.05 329.23 329.01 329.71 330.45 330.68 330.70 330.77 330.84 330.88
 330.88 330.88 330.88 330.88 330.88 330.00 328.82 327.94 328.03 328.36 329.09 329.85 330.26 330.35 330.10 329.71 329.65 330.18 330.56 330.68 330.69 330.75 330.82 330.87
 329.93 329.93 330.12 330.44 330.75 330.00 328.82 327.94 327.94 328.06 328.40 328.97 329.54 329.90 330.04 330.14 330.31 330.51 330.68 330.68 330.68 330.54 330.29 330.04
 328.67 328.67 328.86 329.53 330.11 329.67 328.65 327.94 327.94 327.94 328.04 328.25 328.60 329.19 329.74 330.13 330.41 330.46 330.25 329.97 329.79 329.63 329.17 328.78
 327.73 327.73 327.92 328.40 329.04 328.88 328.35 327.94 327.94 327.94 327.94 327.94 328.07 328.40 329.07 329.73 330.14 330.04 329.48 328.79 328.62 328.44 328.14 327.85
 327.73 327.73 327.73 327.89 328.07 328.16 328.06 327.94 327.94 327.94 327.94 327.94 327.94 328.05 328.38 329.04 329.58 329.37 328.52 327.91 327.73 327.73 327.73 327.73
 327.73 327.73 327.73 327.73 327.79 327.88 327.94 327.94 327.94 327.94 327.94 327.94 327.94 327.94 328.05 328.38 328.76 328.55 328.07 327.73 327.73 327.73 327.73 327.73
 327.87 327.87 327.87 327.87 327.87 327.87 327.87 327.87 327.87 327.87 327.87 327.87 327.87 327.87 327.87 327.87 327.87 327.87 327.87 327.87 327.87 327.87 327.87 327.87
 326.94 326.94 326.94 326.94 326.94 326.94 326.94 326.94 326.94 326.94 326.94 326.94 326.94 326.94 326.94 326.94 326.94 326.94 326.94 326.94 326.94 326.94 326.94 326.94
 330.66 330.66 330.66 330.66 330.66 330.58 330.06 328.77 326.51 324.64 323.65 323.03 322.72 322.49 322.87 323.68 324.66 325.27 325.86 326.94 328.33 329.68 330.49 330.66
 330.66 330.66 330.66 330.66 330.66 330.37 330.14 329.60 328.73 326.95 325.58 324.96 324.56 324.54 324.50 324.91 325.18 325.82 326.77 327.61 328.48 329.50 330.37 330.66
 330.66 330.66 330.66 330.66 330.66 330.16 329.59 329.53 329.61 329.08 328.02 327.39 327.40 327.38 326.77 325.81 325.49 326.40 327.42 328.00 328.49 329.38 330.28 330.66
 330.66 330.66 330.66 330.66 330.66 330.00 329.24 328.88 329.49 329.75 329.65 329.51 329.56 329.67 328.66 326.95 326.18 326.91 327.82 328.11 328.40 329.27 330.19 330.66
 330.66 330.66 330.66 330.66 330.66 330.00 329.12 328.58 328.88 329.48 329.93 330.11 330.08 330.10 329.38 328.15 327.23 327.49 327.96 328.11 328.28 328.96 329.92 330.52
 329.98 329.98 330.12 330.34 330.57 330.00 329.12 328.46 328.58 328.88 329.44 329.82 330.10 330.19 330.10 329.33 328.48 328.04 328.11 328.11 328.17 328.56 329.21 329.83
 329.08 329.08 329.21 329.69 330.10 329.76 328.99 328.46 328.46 328.57 328.85 329.21 329.54 329.93 330.23 330.04 329.32 328.55 328.24 328.18 328.20 328.33 328.63 328.93
 328.40 328.40 328.54 328.88 329.32 329.18 328.77 328.46 328.46 328.46 328.55 328.64 328.89 329.31 329.90 330.13 329.92 329.13 328.54 328.30 328.31 328.33 328.36 328.39
 328.40 328.40 328.40 328.52 328.62 328.65 328.55 328.46 328.46 328.46 328.46 328.46 328.53 328.77 329.27 329.89 330.00 329.54 328.74 328.38 328.40 328.40 328.40 328.40
 328.40 328.40 328.40 328.40 328.42 328.44 328.46 328.46 328.46 328.46 328.46 328.46 328.46 328.52 328.77 329.28 329.69 329.34 328.77 328.40 328.40 328.40 328.40 328.40
 328.53 328.53 328.53 328.53 328.53 328.53 328.53 328.53 328.53 328.53 328.53 328.53 328.53 328.53 328.53 328.53 328.53 328.53 328.53 328.53 328.53 328.53 328.53 328.53
 328.32 328.32 328.32 328.32 328.32 328.32 328.32 328.32 328.32 328.32 328.32 328.32 328.32 328.32 328.32 328.32 328.32 328.32 328.32 328.32 328.32 328.32 328.32 328.32
 332.67 332.67 332.67 332.67 332.67 332.32 331.18 329.35 327.11 325.55 324.76 324.37 324.22 324.11 324.35 324.88 325.50 325.85 326.09 326.65 328.29 330.60 332.30 332.67
 332.67 332.67 332.67 332.67 332.67 331.98 331.02 329.85 328.91 327.30 326.00 325.40 325.13 325.13 325.21 325.56 325.80 326.08 326.42 326.73 327.94 330.05 332.01 332.67
 332.67 332.67 332.67 332.67 332.67 331.66 330.28 329.61 329.61 329.08 327.82 326.87 326.59 326.49 326.33 326.01 325.96 326.29 326.66 326.87 327.77 329.79 331.81 332.67
 332.67 332.67 332.67 332.67 332.67 331.41 329.85 328.89 329.47 329.68 329.36 328.57 328.05 327.78 327.23 326.47 326.18 326.47 326.80 326.91 327.57 329.53 331.61 332.67
 332.67 332.67 332.67 332.67 332.67 331.41 329.74 328.60 328.89 329.47 329.77 329.59 329.11 328.64 327.84 327.00 326.55 326.68 326.86 326.91 327.28 328.84 331.00 332.36
 331.48 331.48 331.72 332.11 332.51 331.41 329.74 328.48 328.60 328.88 329.43 329.69 329.79 329.50 328.86 327.78 327.09 326.86 326.91 326.91 327.05 328.00 329.59 331.09
 329.88 329.88 330.12 330.97 331.67 330.97 329.49 328.48 328.48 328.59 328.85 329.21 329.51 329.76 329.61 328.78 327.72 327.18 327.17 327.34 327.44 327.81 328.67 329.50
 328.69 328.69 328.93 329.53 330.27 329.90 329.07 328.48 328.48 328.48 328.57 328.66 328.90 329.29 329.70 329.51 328.66 327.88 327.78 328.05 328.16 328.26 328.44 328.62
 328.69 328.69 328.69 328.90 329.00 328.92 328.65 328.48 328.48 328.48 328.48 328.48 328.55 328.78 329.25 329.67 329.40 328.79 328.48 328.58 328.69 328.69 328.69 328.69
 328.69 328.69 328.69 328.69 328.63 328.54 328.48 328.48 328.48 328.48 328.48 328.48 328.48 328.54 328.78 329.27 329.50 329.24 328.81 328.69 328.69 328.69 328.69 328.69
 328.67 328.67 328.67 328.67 328.67 328.67 328.67 328.67 328.67 328.67 328.67 328.67 328.67 328.67 328.67 328.67 328.67 328.67 328.67 328.67 328.67 328.67 328.67 328.67
 332.85 332.85 332.85 332.85 332.85 332.85 332.85 332.85 332.85 332.85 332.85 332.85 332.85 332.85 332.85 332.85 332.85 332.85 332.85 332.85 332.85 332.85 332.85 332.85
 338.75 338.75 338.75 338.75 338.75 337.59 334.57 331.23 329.35 328.97 328.82 328.88 328.96 329.02 328.94 328.76 328.54 328.41 328.29 328.48 330.89 334.90 338.04 338.75
 338.75 338.75 338.75 338.75 338.75 336.86 333.69 330.66 329.70 329.20 328.73 328.47 328.47 328.47 328.51 328.45 328.43 328.30 328.12 327.96 329.89 333.79 337.49 338.75
 338.75 338.75 338.75 338.75 338.75 336.19 332.38 329.83 329.72 329.61 328.94 328.28 327.84 327.73 327.92 328.23 328.36 328.19 327.99 327.88 329.49 333.30 337.11 338.75
 338.75 338.75 338.75 338.75 338.75 335.70 331.74 328.94 329.44 329.69 329.47 328.62 327.93 327.47 327.64 327.97 328.23 328.09 327.92 327.86 329.11 332.81 336.73 338.75
 338.75 338.75 338.75 338.75 338.75 335.70 331.64 328.70 328.94 329.43 329.64 329.41 328.88 328.38 327.98 327.90 328.00 327.98 327.89 327.86 328.57 331.51 335.59 338.15
 335.71 335.71 336.32 337.33 338.34 335.70 331.64 328.60 328.70 328.94 329.40 329.58 329.64 329.32 328.79 328.10 327.90 327.87 327.86 327.86 328.13 329.76 332.50 335.08
 331.66 331.66 332.27 334.42 336.24 334.61 331.04 328.60 328.60 328.69 328.91 329.21 329.47 329.66 329.46 328.85 328.16 327.96 327.96 328.04 328.09 328.63 329.84 331.04
 328.63 328.63 329.24 330.77 332.71 331.97 330.02 328.60 328.60 328.60 328.67 328.75 328.95 329.28 329.62 329.50 328.90 328.36 328.25 328.35 328.40 328.45 328.52 328.60
 328.63 328.63 328.63 329.16 329.55 329.54 329.01 328.60 328.60 328.60 328.60 328.60 328.66 328.85 329.25 329.62 329.43 328.93 328.58 328.58 328.63 328.63 328.63 328.63
 328.63 328.63 328.63 328.63 328.62 328.61 328.60 328.60 328.60 328.60 328.60 328.60 328.60 328.65 328.85 329.26 329.45 329.17 328.76 328.63 328.63 328.63 328.63 328.63
 328.69 328.69 328.69 328.69 328.69 328.69 328.69 328.69 328.69 328.69 328.69 328.69 328.69 328.69 328.69 328.69 328.69 328.69 328.69 328.69 328.69 328.69 328.69 328.69
 334.27 334.27 334.27 334.27 334.27 334.27 334.27 334.27 334.27 334.27 334.27 334.27 334.27 334.27 334.27 334.27 334.27 334.27 334.27 334.27 334.27 334.27 334.27 334.27
 338.28 338.28 338.28 338.28 338.28 337.19 334.53 331.94 331.26 331.84 332.16 332.49 332.70 332.86 332.48 331.67 330.70 330.21 329.92 329.88 331.75 335.05 337.68 338.28
 338.28 338.28 338.28 338.28 338.28 336.52 333.53 330.88 330.48 330.96 331.23 331.29 331.46 331.45 331.27 330.66 330.27 329.94 329.59 329.28 330.83 334.10 337.22 338.28
 338.28 338.28 338.28 338.28 338.28 335.91 332.35 329.93 329.97 330.26 330.29 330.12 329.71 329.66 329.75 330.08 330.06 329.73 329.35 329.14 330.48 333.69 336.90 338.28
 338.28 338.28 338.28 338.28 338.28 335.46 331.77 329.15 329.56 329.88 329.91 329.41 328.89 328.49 328.91 329.53 329.83 329.54 329.21 329.10 330.16 333.28 336.58 338.28
 338.28 338.28 338.28 338.28 338.28 335.46 331.69 328.95 329.15 329.55 329.77 329.69 329.29 329.00 329.01 329.30 329.50 329.33 329.15 329.10 329.70 332.18 335.62 337.78
 335.38 335.38 335.96 336.92 337.89 335.46 331.69 328.87 328.95 329.15 329.53 329.70 329.72 329.43 329.24 329.13 329.16 329.16 329.10 329.10 329.33 330.63 332.83 334.89
 331.50 331.50 332.08 334.14 335.90 334.43 331.13 328.87 328.87 328.95 329.13 329.37 329.54 329.63 329.49 329.26 329.10 329.07 329.03 328.98 328.95 329.33 330.17 331.02
 328.60 328.60 329.18 330.65 332.55 331.95 330.19 328.87 328.87 328.87 328.93 328.99 329.16 329.38 329.61 329.50 329.28 329.06 328.91 328.78 328.75 328.72 328.67 328.62
 328.60 328.60 328.60 329.10 329.56 329.67 329.25 328.87 328.87 328.87 328.87 328.87 328.92 329.08 329.36 329.60 329.45 329.12 328.78 328.63 328.60 328.60 328.60 328.60
 328.60 328.60 328.60 328.60 328.68 328.79 328.87 328.87 328.87 328.87 328.87 328.87 328.87 328.91 329.07 329.36 329.47 329.12 328.75 328.60 328.60 328.60 328.60 328.60
 328.80 328.80 328.80 328.80 328.80 328.80 328.80 328.80 328.80 328.80 328.80 328.80 328.80 328.80 328.80 328.80 328.80 328.80 328.80 328.80 328.80 328.80 328.80 328.80
 336.60 336.60 336.60 336.60 336.60 336.60 336.60 336.60 336.60 336.60 336.60 336.60 336.60 336.60 336.60 336.60 336.60 336.60 336.60 336.60 336.60 336.60 336.60 336.60
 341.83 341.83 341.83 341.83 341.83 340.29 336.57 333.02 332.24 333.21 333.73 334.19 334.45 334.65 334.22 333.30 332.19 331.62 331.31 331.32 333.69 337.81 341.08 341.83
 341.83 341.83 341.83 341.83 341.83 339.34 335.13 331.44 330.97 331.86 332.42 332.61 332.86 332.85 332.71 332.08 331.70 331.33 330.95 330.62 332.57 336.64 340.51 341.83
 341.83 341.83 341.83 341.83 341.83 338.47 333.45 330.05 330.16 330.68 330.98 330.97 330.57 330.53 330.76 331.33 331.46 331.10 330.69 330.46 332.13 336.12 340.12 341.83
 341.83 341.83 341.83 341.83 341.83 337.84 332.64 328.94 329.52 330.04 330.23 329.83 329.34 328.93 329.58 330.59 331.15 330.89 330.54 330.42 331.73 335.61 339.72 341.83
 341.83 341.83 341.83 341.83 341.83 337.84 332.52 328.65 328.94 329.52 329.89 329.92 329.62 329.38 329.56 330.18 330.71 330.66 330.48 330.42 331.16 334.24 338.52 341.20
 337.85 337.85 338.65 339.97 341.30 337.84 332.52 328.53 328.65 328.93 329.48 329.79 329.91 329.70 329.63 329.79 330.20 330.44 330.42 330.42 330.71 332.25 334.86 337.30
 332.55 332.55 333.35 336.16 338.54 336.40 331.72 328.53 328.53 328.64 328.90 329.26 329.52 329.75 329.74 329.74 329.91 330.16 330.13 329.98 329.87 330.27 331.12 332.00
 328.58 328.58 329.37 331.39 333.92 332.95 330.39 328.53 328.53 328.53 328.62 328.71 328.95 329.30 329.72 329.80 329.82 329.79 329.59 329.24 329.13 329.02 328.84 328.65
 328.58 328.58 328.58 329.27 329.79 329.77 329.06 328.53 328.53 328.53 328.53 328.53 328.60 328.83 329.26 329.72 329.75 329.47 328.99 328.69 328.58 328.58 328.58 328.58
 328.58 328.58 328.58 328.58 328.56 328.54 328.53 328.53 328.53 328.53 328.53 328.53 328.53 328.59 328.83 329.27 329.55 329.23 328.79 328.58 328.58 328.58 328.58 328.58
 328.64 328.64 328.64 328.64 328.64 328.64 328.64 328.64 328.64 328.64 328.64 328.64 328.64 328.64 328.64 328.64 328.64 328.64 328.64 328.64 328.64 328.64 328.64 328.64
