1970 MONTHLY CO2 (PPMV)   24  12  LON/LAT (N-S/0-360E) IN 15 DEGREE RESOLUTION,  GLB ANNUAL MEAN = 325.50,  GROWTH RATE = 1.48,  MISS DATA = -99.99
 325.82 325.82 325.82 325.82 325.82 325.82 325.82 325.82 325.82 325.82 325.82 325.82 325.82 325.82 325.82 325.82 325.82 325.82 325.82 325.82 325.82 325.82 325.82 325.82
 325.82 325.82 325.82 325.82 325.82 325.82 325.82 325.82 325.82 325.82 325.82 325.82 325.82 325.82 325.82 325.82 325.82 325.82 325.82 325.82 325.82 325.82 325.82 325.82
 325.82 325.82 325.82 325.82 325.82 325.82 325.82 325.82 325.82 325.82 325.82 325.82 325.82 325.82 325.82 325.82 325.82 325.82 325.82 325.82 325.82 325.82 325.82 325.82
 325.82 325.82 325.82 325.82 325.82 325.82 325.82 325.82 325.82 325.82 325.82 325.82 325.82 325.82 325.82 325.82 325.82 325.82 325.82 325.82 325.82 325.82 325.82 325.82
 325.82 325.82 325.82 325.82 325.82 325.82 325.82 325.82 325.82 325.82 325.82 325.82 325.82 325.82 325.82 325.82 325.82 325.82 325.82 325.82 325.82 325.82 325.82 325.82
 325.82 325.82 325.82 325.82 325.82 325.82 325.82 325.82 325.82 325.82 325.82 325.82 325.82 325.82 325.82 325.82 325.82 325.82 325.82 325.82 325.82 325.82 325.82 325.82
 325.82 325.82 325.82 325.82 325.82 325.82 325.82 325.82 325.82 325.82 325.82 325.82 325.82 325.82 325.82 325.82 325.82 325.82 325.82 325.82 325.82 325.82 325.82 325.82
 325.82 325.82 325.82 325.82 325.82 325.82 325.82 325.82 325.82 325.82 325.82 325.82 325.82 325.82 325.82 325.82 325.82 325.82 325.82 325.82 325.82 325.82 325.82 325.82
 325.82 325.82 325.82 325.82 325.82 325.82 325.82 325.82 325.82 325.82 325.82 325.82 325.82 325.82 325.82 325.82 325.82 325.82 325.82 325.82 325.82 325.82 325.82 325.82
 325.82 325.82 325.82 325.82 325.82 325.82 325.82 325.82 325.82 325.82 325.82 325.82 325.82 325.82 325.82 325.82 325.82 325.82 325.82 325.82 325.82 325.82 325.82 325.82
 325.82 325.82 325.82 325.82 325.82 325.82 325.82 325.82 325.82 325.82 325.82 325.82 325.82 325.82 325.82 325.82 325.82 325.82 325.82 325.82 325.82 325.82 325.82 325.82
 325.82 325.82 325.82 325.82 325.82 325.82 325.82 325.82 325.82 325.82 325.82 325.82 325.82 325.82 325.82 325.82 325.82 325.82 325.82 325.82 325.82 325.82 325.82 325.82
 326.46 326.46 326.46 326.46 326.46 326.46 326.46 326.46 326.46 326.46 326.46 326.46 326.46 326.46 326.46 326.46 326.46 326.46 326.46 326.46 326.46 326.46 326.46 326.46
 326.46 326.46 326.46 326.46 326.46 326.46 326.46 326.46 326.46 326.46 326.46 326.46 326.46 326.46 326.46 326.46 326.46 326.46 326.46 326.46 326.46 326.46 326.46 326.46
 326.46 326.46 326.46 326.46 326.46 326.46 326.46 326.46 326.46 326.46 326.46 326.46 326.46 326.46 326.46 326.46 326.46 326.46 326.46 326.46 326.46 326.46 326.46 326.46
 326.46 326.46 326.46 326.46 326.46 326.46 326.46 326.46 326.46 326.46 326.46 326.46 326.46 326.46 326.46 326.46 326.46 326.46 326.46 326.46 326.46 326.46 326.46 326.46
 326.46 326.46 326.46 326.46 326.46 326.46 326.46 326.46 326.46 326.46 326.46 326.46 326.46 326.46 326.46 326.46 326.46 326.46 326.46 326.46 326.46 326.46 326.46 326.46
 326.46 326.46 326.46 326.46 326.46 326.46 326.46 326.46 326.46 326.46 326.46 326.46 326.46 326.46 326.46 326.46 326.46 326.46 326.46 326.46 326.46 326.46 326.46 326.46
 326.46 326.46 326.46 326.46 326.46 326.46 326.46 326.46 326.46 326.46 326.46 326.46 326.46 326.46 326.46 326.46 326.46 326.46 326.46 326.46 326.46 326.46 326.46 326.46
 326.46 326.46 326.46 326.46 326.46 326.46 326.46 326.46 326.46 326.46 326.46 326.46 326.46 326.46 326.46 326.46 326.46 326.46 326.46 326.46 326.46 326.46 326.46 326.46
 326.46 326.46 326.46 326.46 326.46 326.46 326.46 326.46 326.46 326.46 326.46 326.46 326.46 326.46 326.46 326.46 326.46 326.46 326.46 326.46 326.46 326.46 326.46 326.46
 326.46 326.46 326.46 326.46 326.46 326.46 326.46 326.46 326.46 326.46 326.46 326.46 326.46 326.46 326.46 326.46 326.46 326.46 326.46 326.46 326.46 326.46 326.46 326.46
 326.46 326.46 326.46 326.46 326.46 326.46 326.46 326.46 326.46 326.46 326.46 326.46 326.46 326.46 326.46 326.46 326.46 326.46 326.46 326.46 326.46 326.46 326.46 326.46
 326.46 326.46 326.46 326.46 326.46 326.46 326.46 326.46 326.46 326.46 326.46 326.46 326.46 326.46 326.46 326.46 326.46 326.46 326.46 326.46 326.46 326.46 326.46 326.46
 327.29 327.29 327.29 327.29 327.29 327.29 327.29 327.29 327.29 327.29 327.29 327.29 327.29 327.29 327.29 327.29 327.29 327.29 327.29 327.29 327.29 327.29 327.29 327.29
 327.29 327.29 327.29 327.29 327.29 327.29 327.29 327.29 327.29 327.29 327.29 327.29 327.29 327.29 327.29 327.29 327.29 327.29 327.29 327.29 327.29 327.29 327.29 327.29
 327.29 327.29 327.29 327.29 327.29 327.29 327.29 327.29 327.29 327.29 327.29 327.29 327.29 327.29 327.29 327.29 327.29 327.29 327.29 327.29 327.29 327.29 327.29 327.29
 327.29 327.29 327.29 327.29 327.29 327.29 327.29 327.29 327.29 327.29 327.29 327.29 327.29 327.29 327.29 327.29 327.29 327.29 327.29 327.29 327.29 327.29 327.29 327.29
 327.29 327.29 327.29 327.29 327.29 327.29 327.29 327.29 327.29 327.29 327.29 327.29 327.29 327.29 327.29 327.29 327.29 327.29 327.29 327.29 327.29 327.29 327.29 327.29
 327.29 327.29 327.29 327.29 327.29 327.29 327.29 327.29 327.29 327.29 327.29 327.29 327.29 327.29 327.29 327.29 327.29 327.29 327.29 327.29 327.29 327.29 327.29 327.29
 327.29 327.29 327.29 327.29 327.29 327.29 327.29 327.29 327.29 327.29 327.29 327.29 327.29 327.29 327.29 327.29 327.29 327.29 327.29 327.29 327.29 327.29 327.29 327.29
 327.29 327.29 327.29 327.29 327.29 327.29 327.29 327.29 327.29 327.29 327.29 327.29 327.29 327.29 327.29 327.29 327.29 327.29 327.29 327.29 327.29 327.29 327.29 327.29
 327.29 327.29 327.29 327.29 327.29 327.29 327.29 327.29 327.29 327.29 327.29 327.29 327.29 327.29 327.29 327.29 327.29 327.29 327.29 327.29 327.29 327.29 327.29 327.29
 327.29 327.29 327.29 327.29 327.29 327.29 327.29 327.29 327.29 327.29 327.29 327.29 327.29 327.29 327.29 327.29 327.29 327.29 327.29 327.29 327.29 327.29 327.29 327.29
 327.29 327.29 327.29 327.29 327.29 327.29 327.29 327.29 327.29 327.29 327.29 327.29 327.29 327.29 327.29 327.29 327.29 327.29 327.29 327.29 327.29 327.29 327.29 327.29
 327.29 327.29 327.29 327.29 327.29 327.29 327.29 327.29 327.29 327.29 327.29 327.29 327.29 327.29 327.29 327.29 327.29 327.29 327.29 327.29 327.29 327.29 327.29 327.29
 327.92 327.92 327.92 327.92 327.92 327.92 327.92 327.92 327.92 327.92 327.92 327.92 327.92 327.92 327.92 327.92 327.92 327.92 327.92 327.92 327.92 327.92 327.92 327.92
 327.92 327.92 327.92 327.92 327.92 327.92 327.92 327.92 327.92 327.92 327.92 327.92 327.92 327.92 327.92 327.92 327.92 327.92 327.92 327.92 327.92 327.92 327.92 327.92
 327.92 327.92 327.92 327.92 327.92 327.92 327.92 327.92 327.92 327.92 327.92 327.92 327.92 327.92 327.92 327.92 327.92 327.92 327.92 327.92 327.92 327.92 327.92 327.92
 327.92 327.92 327.92 327.92 327.92 327.92 327.92 327.92 327.92 327.92 327.92 327.92 327.92 327.92 327.92 327.92 327.92 327.92 327.92 327.92 327.92 327.92 327.92 327.92
 327.92 327.92 327.92 327.92 327.92 327.92 327.92 327.92 327.92 327.92 327.92 327.92 327.92 327.92 327.92 327.92 327.92 327.92 327.92 327.92 327.92 327.92 327.92 327.92
 327.92 327.92 327.92 327.92 327.92 327.92 327.92 327.92 327.92 327.92 327.92 327.92 327.92 327.92 327.92 327.92 327.92 327.92 327.92 327.92 327.92 327.92 327.92 327.92
 327.92 327.92 327.92 327.92 327.92 327.92 327.92 327.92 327.92 327.92 327.92 327.92 327.92 327.92 327.92 327.92 327.92 327.92 327.92 327.92 327.92 327.92 327.92 327.92
 327.92 327.92 327.92 327.92 327.92 327.92 327.92 327.92 327.92 327.92 327.92 327.92 327.92 327.92 327.92 327.92 327.92 327.92 327.92 327.92 327.92 327.92 327.92 327.92
 327.92 327.92 327.92 327.92 327.92 327.92 327.92 327.92 327.92 327.92 327.92 327.92 327.92 327.92 327.92 327.92 327.92 327.92 327.92 327.92 327.92 327.92 327.92 327.92
 327.92 327.92 327.92 327.92 327.92 327.92 327.92 327.92 327.92 327.92 327.92 327.92 327.92 327.92 327.92 327.92 327.92 327.92 327.92 327.92 327.92 327.92 327.92 327.92
 327.92 327.92 327.92 327.92 327.92 327.92 327.92 327.92 327.92 327.92 327.92 327.92 327.92 327.92 327.92 327.92 327.92 327.92 327.92 327.92 327.92 327.92 327.92 327.92
 327.92 327.92 327.92 327.92 327.92 327.92 327.92 327.92 327.92 327.92 327.92 327.92 327.92 327.92 327.92 327.92 327.92 327.92 327.92 327.92 327.92 327.92 327.92 327.92
 327.76 327.76 327.76 327.76 327.76 327.76 327.76 327.76 327.76 327.76 327.76 327.76 327.76 327.76 327.76 327.76 327.76 327.76 327.76 327.76 327.76 327.76 327.76 327.76
 327.76 327.76 327.76 327.76 327.76 327.76 327.76 327.76 327.76 327.76 327.76 327.76 327.76 327.76 327.76 327.76 327.76 327.76 327.76 327.76 327.76 327.76 327.76 327.76
 327.76 327.76 327.76 327.76 327.76 327.76 327.76 327.76 327.76 327.76 327.76 327.76 327.76 327.76 327.76 327.76 327.76 327.76 327.76 327.76 327.76 327.76 327.76 327.76
 327.76 327.76 327.76 327.76 327.76 327.76 327.76 327.76 327.76 327.76 327.76 327.76 327.76 327.76 327.76 327.76 327.76 327.76 327.76 327.76 327.76 327.76 327.76 327.76
 327.76 327.76 327.76 327.76 327.76 327.76 327.76 327.76 327.76 327.76 327.76 327.76 327.76 327.76 327.76 327.76 327.76 327.76 327.76 327.76 327.76 327.76 327.76 327.76
 327.76 327.76 327.76 327.76 327.76 327.76 327.76 327.76 327.76 327.76 327.76 327.76 327.76 327.76 327.76 327.76 327.76 327.76 327.76 327.76 327.76 327.76 327.76 327.76
 327.76 327.76 327.76 327.76 327.76 327.76 327.76 327.76 327.76 327.76 327.76 327.76 327.76 327.76 327.76 327.76 327.76 327.76 327.76 327.76 327.76 327.76 327.76 327.76
 327.76 327.76 327.76 327.76 327.76 327.76 327.76 327.76 327.76 327.76 327.76 327.76 327.76 327.76 327.76 327.76 327.76 327.76 327.76 327.76 327.76 327.76 327.76 327.76
 327.76 327.76 327.76 327.76 327.76 327.76 327.76 327.76 327.76 327.76 327.76 327.76 327.76 327.76 327.76 327.76 327.76 327.76 327.76 327.76 327.76 327.76 327.76 327.76
 327.76 327.76 327.76 327.76 327.76 327.76 327.76 327.76 327.76 327.76 327.76 327.76 327.76 327.76 327.76 327.76 327.76 327.76 327.76 327.76 327.76 327.76 327.76 327.76
 327.76 327.76 327.76 327.76 327.76 327.76 327.76 327.76 327.76 327.76 327.76 327.76 327.76 327.76 327.76 327.76 327.76 327.76 327.76 327.76 327.76 327.76 327.76 327.76
 327.76 327.76 327.76 327.76 327.76 327.76 327.76 327.76 327.76 327.76 327.76 327.76 327.76 327.76 327.76 327.76 327.76 327.76 327.76 327.76 327.76 327.76 327.76 327.76
 326.21 326.21 326.21 326.21 326.21 326.21 326.21 326.21 326.21 326.21 326.21 326.21 326.21 326.21 326.21 326.21 326.21 326.21 326.21 326.21 326.21 326.21 326.21 326.21
 326.21 326.21 326.21 326.21 326.21 326.21 326.21 326.21 326.21 326.21 326.21 326.21 326.21 326.21 326.21 326.21 326.21 326.21 326.21 326.21 326.21 326.21 326.21 326.21
 326.21 326.21 326.21 326.21 326.21 326.21 326.21 326.21 326.21 326.21 326.21 326.21 326.21 326.21 326.21 326.21 326.21 326.21 326.21 326.21 326.21 326.21 326.21 326.21
 326.21 326.21 326.21 326.21 326.21 326.21 326.21 326.21 326.21 326.21 326.21 326.21 326.21 326.21 326.21 326.21 326.21 326.21 326.21 326.21 326.21 326.21 326.21 326.21
 326.21 326.21 326.21 326.21 326.21 326.21 326.21 326.21 326.21 326.21 326.21 326.21 326.21 326.21 326.21 326.21 326.21 326.21 326.21 326.21 326.21 326.21 326.21 326.21
 326.21 326.21 326.21 326.21 326.21 326.21 326.21 326.21 326.21 326.21 326.21 326.21 326.21 326.21 326.21 326.21 326.21 326.21 326.21 326.21 326.21 326.21 326.21 326.21
 326.21 326.21 326.21 326.21 326.21 326.21 326.21 326.21 326.21 326.21 326.21 326.21 326.21 326.21 326.21 326.21 326.21 326.21 326.21 326.21 326.21 326.21 326.21 326.21
 326.21 326.21 326.21 326.21 326.21 326.21 326.21 326.21 326.21 326.21 326.21 326.21 326.21 326.21 326.21 326.21 326.21 326.21 326.21 326.21 326.21 326.21 326.21 326.21
 326.21 326.21 326.21 326.21 326.21 326.21 326.21 326.21 326.21 326.21 326.21 326.21 326.21 326.21 326.21 326.21 326.21 326.21 326.21 326.21 326.21 326.21 326.21 326.21
 326.21 326.21 326.21 326.21 326.21 326.21 326.21 326.21 326.21 326.21 326.21 326.21 326.21 326.21 326.21 326.21 326.21 326.21 326.21 326.21 326.21 326.21 326.21 326.21
 326.21 326.21 326.21 326.21 326.21 326.21 326.21 326.21 326.21 326.21 326.21 326.21 326.21 326.21 326.21 326.21 326.21 326.21 326.21 326.21 326.21 326.21 326.21 326.21
 326.21 326.21 326.21 326.21 326.21 326.21 326.21 326.21 326.21 326.21 326.21 326.21 326.21 326.21 326.21 326.21 326.21 326.21 326.21 326.21 326.21 326.21 326.21 326.21
 323.89 323.89 323.89 323.89 323.89 323.89 323.89 323.89 323.89 323.89 323.89 323.89 323.89 323.89 323.89 323.89 323.89 323.89 323.89 323.89 323.89 323.89 323.89 323.89
 323.89 323.89 323.89 323.89 323.89 323.89 323.89 323.89 323.89 323.89 323.89 323.89 323.89 323.89 323.89 323.89 323.89 323.89 323.89 323.89 323.89 323.89 323.89 323.89
 323.89 323.89 323.89 323.89 323.89 323.89 323.89 323.89 323.89 323.89 323.89 323.89 323.89 323.89 323.89 323.89 323.89 323.89 323.89 323.89 323.89 323.89 323.89 323.89
 323.89 323.89 323.89 323.89 323.89 323.89 323.89 323.89 323.89 323.89 323.89 323.89 323.89 323.89 323.89 323.89 323.89 323.89 323.89 323.89 323.89 323.89 323.89 323.89
 323.89 323.89 323.89 323.89 323.89 323.89 323.89 323.89 323.89 323.89 323.89 323.89 323.89 323.89 323.89 323.89 323.89 323.89 323.89 323.89 323.89 323.89 323.89 323.89
 323.89 323.89 323.89 323.89 323.89 323.89 323.89 323.89 323.89 323.89 323.89 323.89 323.89 323.89 323.89 323.89 323.89 323.89 323.89 323.89 323.89 323.89 323.89 323.89
 323.89 323.89 323.89 323.89 323.89 323.89 323.89 323.89 323.89 323.89 323.89 323.89 323.89 323.89 323.89 323.89 323.89 323.89 323.89 323.89 323.89 323.89 323.89 323.89
 323.89 323.89 323.89 323.89 323.89 323.89 323.89 323.89 323.89 323.89 323.89 323.89 323.89 323.89 323.89 323.89 323.89 323.89 323.89 323.89 323.89 323.89 323.89 323.89
 323.89 323.89 323.89 323.89 323.89 323.89 323.89 323.89 323.89 323.89 323.89 323.89 323.89 323.89 323.89 323.89 323.89 323.89 323.89 323.89 323.89 323.89 323.89 323.89
 323.89 323.89 323.89 323.89 323.89 323.89 323.89 323.89 323.89 323.89 323.89 323.89 323.89 323.89 323.89 323.89 323.89 323.89 323.89 323.89 323.89 323.89 323.89 323.89
 323.89 323.89 323.89 323.89 323.89 323.89 323.89 323.89 323.89 323.89 323.89 323.89 323.89 323.89 323.89 323.89 323.89 323.89 323.89 323.89 323.89 323.89 323.89 323.89
 323.89 323.89 323.89 323.89 323.89 323.89 323.89 323.89 323.89 323.89 323.89 323.89 323.89 323.89 323.89 323.89 323.89 323.89 323.89 323.89 323.89 323.89 323.89 323.89
 322.22 322.22 322.22 322.22 322.22 322.22 322.22 322.22 322.22 322.22 322.22 322.22 322.22 322.22 322.22 322.22 322.22 322.22 322.22 322.22 322.22 322.22 322.22 322.22
 322.22 322.22 322.22 322.22 322.22 322.22 322.22 322.22 322.22 322.22 322.22 322.22 322.22 322.22 322.22 322.22 322.22 322.22 322.22 322.22 322.22 322.22 322.22 322.22
 322.22 322.22 322.22 322.22 322.22 322.22 322.22 322.22 322.22 322.22 322.22 322.22 322.22 322.22 322.22 322.22 322.22 322.22 322.22 322.22 322.22 322.22 322.22 322.22
 322.22 322.22 322.22 322.22 322.22 322.22 322.22 322.22 322.22 322.22 322.22 322.22 322.22 322.22 322.22 322.22 322.22 322.22 322.22 322.22 322.22 322.22 322.22 322.22
 322.22 322.22 322.22 322.22 322.22 322.22 322.22 322.22 322.22 322.22 322.22 322.22 322.22 322.22 322.22 322.22 322.22 322.22 322.22 322.22 322.22 322.22 322.22 322.22
 322.22 322.22 322.22 322.22 322.22 322.22 322.22 322.22 322.22 322.22 322.22 322.22 322.22 322.22 322.22 322.22 322.22 322.22 322.22 322.22 322.22 322.22 322.22 322.22
 322.22 322.22 322.22 322.22 322.22 322.22 322.22 322.22 322.22 322.22 322.22 322.22 322.22 322.22 322.22 322.22 322.22 322.22 322.22 322.22 322.22 322.22 322.22 322.22
 322.22 322.22 322.22 322.22 322.22 322.22 322.22 322.22 322.22 322.22 322.22 322.22 322.22 322.22 322.22 322.22 322.22 322.22 322.22 322.22 322.22 322.22 322.22 322.22
 322.22 322.22 322.22 322.22 322.22 322.22 322.22 322.22 322.22 322.22 322.22 322.22 322.22 322.22 322.22 322.22 322.22 322.22 322.22 322.22 322.22 322.22 322.22 322.22
 322.22 322.22 322.22 322.22 322.22 322.22 322.22 322.22 322.22 322.22 322.22 322.22 322.22 322.22 322.22 322.22 322.22 322.22 322.22 322.22 322.22 322.22 322.22 322.22
 322.22 322.22 322.22 322.22 322.22 322.22 322.22 322.22 322.22 322.22 322.22 322.22 322.22 322.22 322.22 322.22 322.22 322.22 322.22 322.22 322.22 322.22 322.22 322.22
 322.22 322.22 322.22 322.22 322.22 322.22 322.22 322.22 322.22 322.22 322.22 322.22 322.22 322.22 322.22 322.22 322.22 322.22 322.22 322.22 322.22 322.22 322.22 322.22
 322.68 322.68 322.68 322.68 322.68 322.68 322.68 322.68 322.68 322.68 322.68 322.68 322.68 322.68 322.68 322.68 322.68 322.68 322.68 322.68 322.68 322.68 322.68 322.68
 322.68 322.68 322.68 322.68 322.68 322.68 322.68 322.68 322.68 322.68 322.68 322.68 322.68 322.68 322.68 322.68 322.68 322.68 322.68 322.68 322.68 322.68 322.68 322.68
 322.68 322.68 322.68 322.68 322.68 322.68 322.68 322.68 322.68 322.68 322.68 322.68 322.68 322.68 322.68 322.68 322.68 322.68 322.68 322.68 322.68 322.68 322.68 322.68
 322.68 322.68 322.68 322.68 322.68 322.68 322.68 322.68 322.68 322.68 322.68 322.68 322.68 322.68 322.68 322.68 322.68 322.68 322.68 322.68 322.68 322.68 322.68 322.68
 322.68 322.68 322.68 322.68 322.68 322.68 322.68 322.68 322.68 322.68 322.68 322.68 322.68 322.68 322.68 322.68 322.68 322.68 322.68 322.68 322.68 322.68 322.68 322.68
 322.68 322.68 322.68 322.68 322.68 322.68 322.68 322.68 322.68 322.68 322.68 322.68 322.68 322.68 322.68 322.68 322.68 322.68 322.68 322.68 322.68 322.68 322.68 322.68
 322.68 322.68 322.68 322.68 322.68 322.68 322.68 322.68 322.68 322.68 322.68 322.68 322.68 322.68 322.68 322.68 322.68 322.68 322.68 322.68 322.68 322.68 322.68 322.68
 322.68 322.68 322.68 322.68 322.68 322.68 322.68 322.68 322.68 322.68 322.68 322.68 322.68 322.68 322.68 322.68 322.68 322.68 322.68 322.68 322.68 322.68 322.68 322.68
 322.68 322.68 322.68 322.68 322.68 322.68 322.68 322.68 322.68 322.68 322.68 322.68 322.68 322.68 322.68 322.68 322.68 322.68 322.68 322.68 322.68 322.68 322.68 322.68
 322.68 322.68 322.68 322.68 322.68 322.68 322.68 322.68 322.68 322.68 322.68 322.68 322.68 322.68 322.68 322.68 322.68 322.68 322.68 322.68 322.68 322.68 322.68 322.68
 322.68 322.68 322.68 322.68 322.68 322.68 322.68 322.68 322.68 322.68 322.68 322.68 322.68 322.68 322.68 322.68 322.68 322.68 322.68 322.68 322.68 322.68 322.68 322.68
 322.68 322.68 322.68 322.68 322.68 322.68 322.68 322.68 322.68 322.68 322.68 322.68 322.68 322.68 322.68 322.68 322.68 322.68 322.68 322.68 322.68 322.68 322.68 322.68
 324.24 324.24 324.24 324.24 324.24 324.24 324.24 324.24 324.24 324.24 324.24 324.24 324.24 324.24 324.24 324.24 324.24 324.24 324.24 324.24 324.24 324.24 324.24 324.24
 324.24 324.24 324.24 324.24 324.24 324.24 324.24 324.24 324.24 324.24 324.24 324.24 324.24 324.24 324.24 324.24 324.24 324.24 324.24 324.24 324.24 324.24 324.24 324.24
 324.24 324.24 324.24 324.24 324.24 324.24 324.24 324.24 324.24 324.24 324.24 324.24 324.24 324.24 324.24 324.24 324.24 324.24 324.24 324.24 324.24 324.24 324.24 324.24
 324.24 324.24 324.24 324.24 324.24 324.24 324.24 324.24 324.24 324.24 324.24 324.24 324.24 324.24 324.24 324.24 324.24 324.24 324.24 324.24 324.24 324.24 324.24 324.24
 324.24 324.24 324.24 324.24 324.24 324.24 324.24 324.24 324.24 324.24 324.24 324.24 324.24 324.24 324.24 324.24 324.24 324.24 324.24 324.24 324.24 324.24 324.24 324.24
 324.24 324.24 324.24 324.24 324.24 324.24 324.24 324.24 324.24 324.24 324.24 324.24 324.24 324.24 324.24 324.24 324.24 324.24 324.24 324.24 324.24 324.24 324.24 324.24
 324.24 324.24 324.24 324.24 324.24 324.24 324.24 324.24 324.24 324.24 324.24 324.24 324.24 324.24 324.24 324.24 324.24 324.24 324.24 324.24 324.24 324.24 324.24 324.24
 324.24 324.24 324.24 324.24 324.24 324.24 324.24 324.24 324.24 324.24 324.24 324.24 324.24 324.24 324.24 324.24 324.24 324.24 324.24 324.24 324.24 324.24 324.24 324.24
 324.24 324.24 324.24 324.24 324.24 324.24 324.24 324.24 324.24 324.24 324.24 324.24 324.24 324.24 324.24 324.24 324.24 324.24 324.24 324.24 324.24 324.24 324.24 324.24
 324.24 324.24 324.24 324.24 324.24 324.24 324.24 324.24 324.24 324.24 324.24 324.24 324.24 324.24 324.24 324.24 324.24 324.24 324.24 324.24 324.24 324.24 324.24 324.24
 324.24 324.24 324.24 324.24 324.24 324.24 324.24 324.24 324.24 324.24 324.24 324.24 324.24 324.24 324.24 324.24 324.24 324.24 324.24 324.24 324.24 324.24 324.24 324.24
 324.24 324.24 324.24 324.24 324.24 324.24 324.24 324.24 324.24 324.24 324.24 324.24 324.24 324.24 324.24 324.24 324.24 324.24 324.24 324.24 324.24 324.24 324.24 324.24
 325.90 325.90 325.90 325.90 325.90 325.90 325.90 325.90 325.90 325.90 325.90 325.90 325.90 325.90 325.90 325.90 325.90 325.90 325.90 325.90 325.90 325.90 325.90 325.90
 327.22 327.22 327.22 327.05 326.27 325.19 324.39 324.11 324.02 323.99 323.99 324.06 324.35 324.95 325.63 325.98 326.08 326.14 326.48 326.94 327.22 327.22 327.22 327.22
 327.22 327.22 327.22 326.92 326.02 325.05 324.47 324.29 324.11 324.02 323.99 323.99 324.06 324.38 325.11 325.77 326.08 326.08 326.42 326.88 327.22 327.22 327.22 327.22
 327.22 327.22 327.22 326.83 325.91 324.99 324.56 324.47 324.29 324.11 324.02 323.99 323.99 324.09 324.72 325.56 326.08 326.08 326.42 326.88 327.22 327.22 327.22 327.22
 327.22 327.22 327.15 326.66 325.72 324.90 324.59 324.56 324.47 324.29 324.11 324.02 323.99 323.99 324.51 325.35 325.98 326.08 326.37 326.82 327.16 327.22 327.22 327.22
 327.22 327.12 326.85 326.22 325.41 324.83 324.59 324.59 324.56 324.47 324.31 324.15 324.08 324.03 324.31 324.95 325.69 326.00 326.25 326.61 327.01 327.18 327.22 327.22
 326.62 326.52 326.15 325.65 325.16 324.78 324.59 324.59 324.59 324.56 324.49 324.38 324.29 324.19 324.19 324.46 325.12 325.70 326.00 326.19 326.43 326.60 326.62 326.62
 325.83 325.73 325.53 325.33 325.04 324.78 324.59 324.59 324.59 324.59 324.57 324.54 324.50 324.42 324.27 324.23 324.49 325.12 325.54 325.73 325.76 325.81 325.83 325.83
 325.23 325.23 325.23 325.23 325.04 324.78 324.59 324.59 324.59 324.59 324.59 324.59 324.59 324.56 324.47 324.28 324.32 324.66 325.17 325.36 325.29 325.25 325.23 325.23
 325.23 325.23 325.23 325.23 325.04 324.78 324.59 324.59 324.59 324.59 324.59 324.59 324.59 324.59 324.56 324.47 324.46 324.72 325.06 325.23 325.23 325.23 325.23 325.23
 325.23 325.23 325.23 325.23 325.04 324.78 324.59 324.59 324.59 324.59 324.59 324.59 324.59 324.59 324.59 324.56 324.70 324.96 325.18 325.23 325.23 325.23 325.23 325.23
 324.91 324.91 324.91 324.91 324.91 324.91 324.91 324.91 324.91 324.91 324.91 324.91 324.91 324.91 324.91 324.91 324.91 324.91 324.91 324.91 324.91 324.91 324.91 324.91
 326.11 326.11 326.11 326.11 326.11 326.11 326.11 326.11 326.11 326.11 326.11 326.11 326.11 326.11 326.11 326.11 326.11 326.11 326.11 326.11 326.11 326.11 326.11 326.11
 326.11 326.11 326.11 326.11 326.11 326.11 326.11 326.11 326.11 326.11 326.11 326.11 326.11 326.11 326.11 326.11 326.11 326.11 326.11 326.11 326.11 326.11 326.11 326.11
 326.11 326.11 326.11 326.11 326.11 326.11 326.11 326.11 326.11 326.11 326.11 326.11 326.11 326.11 326.11 326.11 326.11 326.11 326.11 326.11 326.11 326.11 326.11 326.11
 326.11 326.11 326.11 326.11 326.11 326.11 326.11 326.11 326.11 326.11 326.11 326.11 326.11 326.11 326.11 326.11 326.11 326.11 326.11 326.11 326.11 326.11 326.11 326.11
 326.11 326.11 326.11 326.11 326.11 326.11 326.11 326.11 326.11 326.11 326.11 326.11 326.11 326.11 326.11 326.11 326.11 326.11 326.11 326.11 326.11 326.11 326.11 326.11
 326.11 326.11 326.11 326.11 326.11 326.11 326.11 326.11 326.11 326.11 326.11 326.11 326.11 326.11 326.11 326.11 326.11 326.11 326.11 326.11 326.11 326.11 326.11 326.11
 326.11 326.11 326.11 326.11 326.11 326.11 326.11 326.11 326.11 326.11 326.11 326.11 326.11 326.11 326.11 326.11 326.11 326.11 326.11 326.11 326.11 326.11 326.11 326.11
 326.11 326.11 326.11 326.11 326.11 326.11 326.11 326.11 326.11 326.11 326.11 326.11 326.11 326.11 326.11 326.11 326.11 326.11 326.11 326.11 326.11 326.11 326.11 326.11
 326.11 326.11 326.11 326.11 326.11 326.11 326.11 326.11 326.11 326.11 326.11 326.11 326.11 326.11 326.11 326.11 326.11 326.11 326.11 326.11 326.11 326.11 326.11 326.11
 326.11 326.11 326.11 326.11 326.11 326.11 326.11 326.11 326.11 326.11 326.11 326.11 326.11 326.11 326.11 326.11 326.11 326.11 326.11 326.11 326.11 326.11 326.11 326.11
 326.11 326.11 326.11 326.11 326.11 326.11 326.11 326.11 326.11 326.11 326.11 326.11 326.11 326.11 326.11 326.11 326.11 326.11 326.11 326.11 326.11 326.11 326.11 326.11
 326.11 326.11 326.11 326.11 326.11 326.11 326.11 326.11 326.11 326.11 326.11 326.11 326.11 326.11 326.11 326.11 326.11 326.11 326.11 326.11 326.11 326.11 326.11 326.11
