1988 MONTHLY CO2 (PPMV)   24  12  LON/LAT (N-S/0-360E) IN 15 DEGREE RESOLUTION,  GLB ANNUAL MEAN = 351.39,  GROWTH RATE = 2.09,  MISS DATA = -99.99
 354.26 354.26 354.26 354.26 354.26 354.26 354.26 354.26 354.26 354.26 354.26 354.26 354.26 354.26 354.26 354.26 354.26 354.26 354.26 354.26 354.26 354.26 354.26 354.26
 354.42 354.50 352.55 349.50 347.20 347.35 350.49 355.69 359.36 359.89 358.77 357.22 355.90 355.17 354.80 354.65 354.60 354.34 354.21 354.45 355.65 356.15 355.80 354.89
 354.26 354.37 352.12 349.08 346.82 346.82 349.73 355.79 361.81 362.99 360.37 357.34 355.31 354.47 354.18 353.91 353.79 353.27 353.88 355.47 356.46 356.24 354.93 354.24
 353.74 354.00 352.01 349.08 347.04 346.82 349.40 355.41 361.69 363.32 360.16 356.51 353.89 353.14 353.03 353.39 353.07 352.74 352.98 354.48 355.70 354.73 353.35 353.14
 352.45 352.67 351.49 349.65 347.93 347.34 349.04 353.17 357.22 358.25 356.53 354.07 352.27 351.68 351.96 352.59 352.84 352.39 352.08 352.49 353.15 352.79 351.63 351.61
 350.74 351.15 350.87 350.18 349.34 348.38 348.98 351.01 352.67 353.17 352.47 351.76 350.86 350.88 351.18 351.87 352.33 352.30 351.72 351.62 351.61 351.19 350.58 350.26
 349.61 350.00 350.46 350.45 350.01 349.29 349.14 349.37 349.89 349.80 349.83 349.74 349.91 350.36 350.80 351.31 351.67 351.75 351.53 351.39 351.20 350.62 349.83 349.35
 349.32 349.65 350.01 350.07 349.77 349.39 349.10 348.83 348.52 348.46 348.52 348.89 349.29 349.83 350.38 350.73 350.71 350.49 350.35 350.34 350.28 349.88 349.48 349.20
 348.96 349.12 349.31 349.39 349.28 349.18 348.90 348.31 347.72 347.46 347.77 348.28 348.98 349.43 349.87 350.07 349.66 349.08 348.86 348.94 348.91 348.94 348.96 348.92
 348.57 348.60 348.66 348.75 348.95 349.06 348.85 348.26 347.67 347.49 347.73 348.24 348.70 349.16 349.47 349.38 348.80 348.14 347.90 347.90 348.02 348.24 348.47 348.54
 348.33 348.38 348.39 348.49 348.71 348.93 348.79 348.26 347.72 347.57 347.85 348.23 348.67 348.96 349.24 348.96 348.43 347.97 347.90 347.90 347.99 348.14 348.24 348.29
 348.32 348.32 348.32 348.32 348.32 348.32 348.32 348.32 348.32 348.32 348.32 348.32 348.32 348.32 348.32 348.32 348.32 348.32 348.32 348.32 348.32 348.32 348.32 348.32
 355.00 355.00 355.00 355.00 355.00 355.00 355.00 355.00 355.00 355.00 355.00 355.00 355.00 355.00 355.00 355.00 355.00 355.00 355.00 355.00 355.00 355.00 355.00 355.00
 355.45 355.45 353.32 349.85 347.26 347.36 350.40 355.35 358.93 359.48 358.55 357.44 356.64 356.27 355.67 355.27 355.07 355.20 355.30 355.51 355.95 355.99 355.81 355.46
 355.11 355.42 352.82 349.42 346.83 346.83 349.46 354.83 360.08 361.24 359.35 357.25 355.92 355.31 354.98 354.48 354.30 353.97 354.45 355.37 355.88 355.70 355.02 354.94
 355.10 355.25 352.94 349.47 347.09 346.83 349.12 354.29 359.65 361.15 358.99 356.52 354.65 354.03 353.82 354.07 353.60 353.30 353.32 354.24 355.01 354.51 353.91 354.20
 353.79 354.01 352.43 350.20 348.15 347.44 348.94 352.72 356.45 357.48 356.26 354.53 353.16 352.61 352.80 353.27 353.44 352.97 352.69 352.92 353.34 353.09 352.47 352.77
 351.55 352.07 351.72 350.82 349.77 348.55 349.03 351.23 353.19 353.82 353.14 352.44 351.65 351.69 351.98 352.58 352.94 352.90 352.45 352.35 352.33 351.87 351.30 351.01
 349.94 350.47 351.13 351.09 350.44 349.36 349.12 349.74 350.71 350.78 350.63 350.27 350.35 350.94 351.50 352.07 352.34 352.43 352.25 352.17 351.97 351.25 350.26 349.59
 349.51 349.99 350.50 350.49 349.89 349.17 348.91 348.95 348.95 348.99 348.91 349.12 349.44 350.11 350.92 351.40 351.40 351.12 350.97 351.00 350.89 350.30 349.72 349.33
 349.07 349.31 349.57 349.49 349.10 348.78 348.58 348.22 347.86 347.66 347.91 348.32 348.92 349.44 350.09 350.55 350.21 349.61 349.35 349.44 349.35 349.23 349.10 348.99
 348.58 348.64 348.70 348.67 348.67 348.64 348.50 348.14 347.78 347.68 347.85 348.24 348.59 349.00 349.42 349.56 349.17 348.56 348.29 348.29 348.33 348.42 348.51 348.54
 348.30 348.35 348.38 348.41 348.50 348.58 348.47 348.14 347.81 347.73 347.94 348.22 348.56 348.78 349.04 348.95 348.67 348.36 348.29 348.29 348.27 348.24 348.21 348.24
 348.34 348.34 348.34 348.34 348.34 348.34 348.34 348.34 348.34 348.34 348.34 348.34 348.34 348.34 348.34 348.34 348.34 348.34 348.34 348.34 348.34 348.34 348.34 348.34
 356.10 356.10 356.10 356.10 356.10 356.10 356.10 356.10 356.10 356.10 356.10 356.10 356.10 356.10 356.10 356.10 356.10 356.10 356.10 356.10 356.10 356.10 356.10 356.10
 355.55 355.55 354.39 352.48 351.06 351.22 353.43 357.00 359.62 359.94 358.99 357.83 357.00 356.58 356.06 355.72 355.64 355.95 356.13 356.31 356.47 356.33 356.02 355.58
 355.22 355.51 354.08 352.24 350.82 350.82 352.63 356.33 359.90 360.62 359.11 357.43 356.32 355.81 355.44 354.97 354.89 354.80 355.19 355.67 355.95 355.77 355.16 355.06
 355.21 355.33 353.96 352.04 350.84 350.82 352.31 355.66 359.15 360.08 358.45 356.51 355.04 354.66 354.55 354.74 354.34 354.19 354.14 354.64 354.99 354.55 354.09 354.38
 353.90 354.06 353.02 351.73 350.94 350.88 351.99 354.36 356.61 357.23 356.15 354.66 353.50 353.34 353.78 354.25 354.34 353.99 353.76 353.72 353.75 353.28 352.77 352.98
 351.60 352.08 351.89 351.39 350.97 350.61 351.16 352.62 353.91 354.37 353.57 352.71 351.98 352.36 353.00 353.72 354.02 353.96 353.53 353.24 352.96 352.29 351.58 351.16
 349.93 350.46 351.13 351.09 350.66 349.93 349.89 350.55 351.40 351.48 351.16 350.56 350.57 351.39 352.26 353.11 353.46 353.49 353.17 352.90 352.56 351.64 350.43 349.61
 349.47 349.96 350.49 350.46 349.81 349.03 348.86 349.09 349.27 349.37 349.20 349.26 349.45 350.23 351.33 352.16 352.39 352.08 351.77 351.69 351.46 350.64 349.81 349.28
 349.03 349.27 349.53 349.42 348.97 348.62 348.47 348.22 347.96 347.80 348.03 348.35 348.81 349.32 350.16 350.99 350.95 350.47 350.15 350.20 350.00 349.60 349.19 348.96
 348.55 348.58 348.63 348.57 348.53 348.47 348.38 348.12 347.87 347.81 347.97 348.25 348.49 348.80 349.27 349.74 349.74 349.40 349.14 349.14 349.01 348.81 348.60 348.53
 348.27 348.29 348.30 348.33 348.38 348.44 348.36 348.12 347.89 347.85 348.02 348.23 348.45 348.59 348.81 349.03 349.19 349.20 349.14 349.14 348.91 348.56 348.28 348.25
 348.47 348.47 348.47 348.47 348.47 348.47 348.47 348.47 348.47 348.47 348.47 348.47 348.47 348.47 348.47 348.47 348.47 348.47 348.47 348.47 348.47 348.47 348.47 348.47
 357.60 357.60 357.60 357.60 357.60 357.60 357.60 357.60 357.60 357.60 357.60 357.60 357.60 357.60 357.60 357.60 357.60 357.60 357.60 357.60 357.60 357.60 357.60 357.60
 356.58 357.90 359.34 358.98 356.57 354.05 354.88 358.01 360.50 360.71 359.56 358.32 357.60 357.41 357.17 356.95 356.83 356.99 357.27 357.31 356.75 355.93 355.65 355.87
 355.93 357.23 358.33 357.45 354.49 352.56 353.94 357.81 361.61 362.19 360.16 358.07 357.01 356.80 356.62 356.35 356.17 356.02 356.47 356.95 356.55 355.70 355.12 355.34
 355.47 356.07 356.23 354.81 353.07 352.08 353.67 357.35 361.19 362.08 359.87 357.47 355.94 355.78 355.80 355.94 355.62 355.46 355.49 356.03 356.15 355.31 354.63 354.81
 353.86 353.85 353.14 352.09 351.73 351.77 353.20 355.81 358.20 358.76 357.44 355.67 354.45 354.46 354.96 355.45 355.51 355.24 355.02 355.00 355.02 354.44 353.64 353.37
 351.40 351.41 350.92 350.45 350.46 350.81 351.92 353.62 354.95 355.43 354.52 353.56 352.71 353.23 354.08 354.95 355.27 355.20 354.71 354.37 354.06 353.23 352.21 351.36
 349.63 349.68 349.95 349.79 349.72 349.60 350.14 351.05 351.98 352.05 351.69 351.00 350.96 351.85 352.99 354.19 354.67 354.68 354.28 353.95 353.53 352.30 350.67 349.53
 349.13 349.31 349.51 349.48 349.16 348.77 348.86 349.25 349.48 349.63 349.46 349.47 349.57 350.40 351.70 352.88 353.32 352.99 352.60 352.51 352.18 350.99 349.80 349.07
 348.85 348.92 349.01 348.95 348.74 348.57 348.50 348.24 347.97 347.82 348.12 348.44 348.83 349.32 350.27 351.34 351.48 351.04 350.68 350.73 350.43 349.81 349.18 348.85
 348.55 348.53 348.54 348.52 348.51 348.49 348.39 348.12 347.87 347.84 348.04 348.31 348.50 348.74 349.23 349.85 350.00 349.74 349.46 349.46 349.28 348.98 348.67 348.57
 348.38 348.37 348.36 348.38 348.42 348.46 348.37 348.13 347.90 347.88 348.07 348.29 348.46 348.55 348.73 349.07 349.39 349.52 349.46 349.46 349.19 348.77 348.45 348.39
 348.57 348.57 348.57 348.57 348.57 348.57 348.57 348.57 348.57 348.57 348.57 348.57 348.57 348.57 348.57 348.57 348.57 348.57 348.57 348.57 348.57 348.57 348.57 348.57
 357.21 357.21 357.21 357.21 357.21 357.21 357.21 357.21 357.21 357.21 357.21 357.21 357.21 357.21 357.21 357.21 357.21 357.21 357.21 357.21 357.21 357.21 357.21 357.21
 354.91 355.66 356.73 356.84 355.86 354.95 356.02 358.52 360.39 360.56 359.70 358.57 357.69 357.26 357.12 356.98 356.87 356.86 356.81 356.79 356.55 356.17 355.52 354.72
 353.46 354.69 355.87 356.09 355.01 354.23 355.48 358.53 361.55 362.02 360.37 358.51 357.32 356.87 356.64 356.49 356.24 356.04 355.91 355.71 355.66 355.46 354.63 353.90
 353.18 353.41 354.21 354.42 354.18 354.03 355.27 358.18 361.26 361.97 360.10 357.96 356.46 356.08 355.94 355.94 355.70 355.40 355.04 354.94 354.86 354.60 353.99 353.29
 352.40 352.08 351.74 351.81 352.64 353.32 354.71 356.78 358.55 358.95 357.75 356.15 354.91 354.84 355.12 355.56 355.45 355.17 354.86 354.68 354.50 353.91 353.30 352.64
 351.00 350.52 349.99 349.87 350.47 351.55 352.98 354.47 355.52 355.93 354.93 353.80 352.86 353.37 354.37 355.17 355.33 355.08 354.79 354.59 354.38 353.48 352.37 351.37
 349.83 349.41 349.19 348.95 349.21 349.64 350.61 351.65 352.52 352.61 352.07 351.08 350.81 351.86 353.16 354.51 354.83 354.81 354.51 354.47 354.13 352.87 351.16 349.99
 349.42 349.18 348.98 348.88 348.81 348.73 349.02 349.55 349.85 350.05 349.81 349.61 349.56 350.37 351.82 353.10 353.55 353.18 352.89 352.92 352.66 351.48 350.29 349.55
 349.12 348.95 348.82 348.75 348.72 348.69 348.70 348.47 348.24 348.14 348.47 348.78 348.99 349.39 350.34 351.48 351.62 351.18 350.81 350.91 350.64 350.10 349.56 349.25
 348.79 348.71 348.66 348.65 348.66 348.67 348.58 348.34 348.13 348.16 348.43 348.68 348.79 348.89 349.33 349.92 350.03 349.74 349.43 349.43 349.31 349.12 348.92 348.86
 348.60 348.60 348.60 348.61 348.63 348.65 348.56 348.35 348.16 348.20 348.42 348.64 348.74 348.76 348.86 349.13 349.40 349.49 349.43 349.43 349.22 348.89 348.63 348.59
 348.74 348.74 348.74 348.74 348.74 348.74 348.74 348.74 348.74 348.74 348.74 348.74 348.74 348.74 348.74 348.74 348.74 348.74 348.74 348.74 348.74 348.74 348.74 348.74
 354.81 354.81 354.81 354.81 354.81 354.81 354.81 354.81 354.81 354.81 354.81 354.81 354.81 354.81 354.81 354.81 354.81 354.81 354.81 354.81 354.81 354.81 354.81 354.81
 352.31 352.17 352.19 352.95 354.34 356.05 357.10 357.83 358.19 357.90 356.74 355.48 354.72 354.61 354.39 354.31 354.32 354.51 354.47 354.24 353.43 352.72 352.26 352.15
 350.39 350.81 351.82 353.50 355.54 356.65 357.26 358.02 358.81 358.46 356.91 355.24 354.39 353.98 353.83 353.61 353.58 353.74 353.80 353.18 352.54 352.13 351.60 350.97
 349.13 349.24 350.92 353.74 355.84 356.93 357.15 357.80 358.54 358.37 356.94 355.43 354.31 353.90 353.52 353.31 353.19 353.37 353.33 352.95 352.28 351.96 351.39 350.14
 349.21 348.92 350.09 352.22 354.55 355.91 356.59 356.87 356.86 356.65 355.81 354.72 353.87 353.63 353.48 353.51 353.40 353.52 353.63 353.35 352.78 352.12 351.44 350.32
 350.03 349.47 349.71 350.57 351.78 353.33 354.39 354.73 354.81 354.94 354.13 353.17 352.46 352.78 353.43 353.68 353.72 353.70 353.69 353.55 353.20 352.42 351.56 350.70
 350.61 350.14 349.72 349.59 349.94 350.52 351.30 351.95 352.37 352.38 351.85 350.92 350.68 351.69 352.70 353.61 353.70 353.67 353.53 353.51 353.23 352.47 351.47 350.91
 350.50 350.04 349.64 349.44 349.31 349.14 349.32 349.73 349.96 350.09 349.80 349.62 349.66 350.44 351.73 352.68 352.92 352.51 352.26 352.30 352.21 351.68 351.15 350.75
 349.91 349.55 349.29 349.18 349.11 349.05 349.02 348.78 348.53 348.38 348.59 348.86 349.17 349.62 350.47 351.43 351.46 351.01 350.66 350.74 350.64 350.49 350.35 350.17
 349.25 349.07 348.97 348.94 348.99 349.01 348.91 348.67 348.43 348.39 348.56 348.78 348.94 349.15 349.58 350.09 350.15 349.86 349.59 349.59 349.55 349.50 349.44 349.40
 348.86 348.84 348.83 348.86 348.91 348.97 348.89 348.67 348.45 348.43 348.58 348.76 348.91 348.99 349.14 349.39 349.59 349.65 349.59 349.59 349.42 349.14 348.93 348.88
 348.98 348.98 348.98 348.98 348.98 348.98 348.98 348.98 348.98 348.98 348.98 348.98 348.98 348.98 348.98 348.98 348.98 348.98 348.98 348.98 348.98 348.98 348.98 348.98
 348.96 348.96 348.96 348.96 348.96 348.96 348.96 348.96 348.96 348.96 348.96 348.96 348.96 348.96 348.96 348.96 348.96 348.96 348.96 348.96 348.96 348.96 348.96 348.96
 347.39 346.70 346.05 347.12 349.94 353.09 353.48 352.15 350.78 350.00 348.56 347.30 346.86 347.49 347.96 348.68 349.14 349.45 349.59 349.73 349.98 350.32 349.63 348.36
 346.47 345.92 346.36 348.57 352.38 354.64 354.56 353.38 352.39 351.15 349.34 347.58 347.30 347.49 348.31 348.99 349.67 350.23 350.08 349.51 349.63 350.12 349.55 347.91
 345.54 345.24 346.84 350.53 353.61 355.20 354.77 354.06 353.34 352.43 350.98 349.89 349.34 349.38 349.35 349.64 350.36 350.94 350.85 350.08 349.47 349.85 349.46 347.54
 346.69 346.37 348.28 351.13 353.44 354.55 354.62 354.04 353.32 352.71 352.22 351.70 351.54 351.22 350.78 350.60 350.85 351.42 351.63 350.91 350.30 350.12 349.89 348.52
 349.22 348.75 349.63 350.93 351.93 352.85 353.26 353.13 352.96 353.00 352.57 352.02 351.71 351.68 351.66 351.27 351.34 351.64 351.70 351.45 351.08 350.88 350.64 350.09
 351.06 350.80 350.48 350.54 350.68 350.91 351.21 351.53 351.74 351.77 351.40 350.79 350.68 351.34 351.69 351.80 351.67 351.64 351.63 351.52 351.41 351.35 351.31 351.38
 351.20 350.80 350.48 350.30 350.10 349.85 349.86 350.04 350.11 350.17 349.98 349.90 350.02 350.58 351.39 351.69 351.54 351.14 350.95 350.96 351.02 351.21 351.40 351.42
 350.49 350.16 349.94 349.86 349.78 349.72 349.63 349.38 349.12 348.97 349.11 349.32 349.59 349.99 350.59 351.13 350.92 350.45 350.19 350.22 350.30 350.53 350.77 350.76
 349.72 349.53 349.44 349.45 349.57 349.64 349.56 349.30 349.05 348.98 349.08 349.23 349.37 349.55 349.93 350.25 350.21 349.89 349.70 349.70 349.73 349.81 349.89 349.87
 349.26 349.23 349.23 349.29 349.42 349.57 349.53 349.30 349.07 349.01 349.10 349.22 349.33 349.40 349.54 349.69 349.77 349.75 349.70 349.70 349.60 349.44 349.32 349.28
 349.38 349.38 349.38 349.38 349.38 349.38 349.38 349.38 349.38 349.38 349.38 349.38 349.38 349.38 349.38 349.38 349.38 349.38 349.38 349.38 349.38 349.38 349.38 349.38
 345.04 345.04 345.04 345.04 345.04 345.04 345.04 345.04 345.04 345.04 345.04 345.04 345.04 345.04 345.04 345.04 345.04 345.04 345.04 345.04 345.04 345.04 345.04 345.04
 346.81 348.66 348.26 345.72 345.15 346.00 347.48 349.62 350.93 350.34 347.49 344.43 342.66 342.70 342.97 343.68 344.24 344.70 344.69 344.63 344.85 345.43 345.28 344.54
 348.53 353.86 353.28 348.89 346.21 346.11 347.72 350.87 354.16 353.45 349.36 345.13 343.57 343.50 344.12 344.69 345.68 346.45 346.10 345.05 344.96 345.68 346.17 345.64
 348.81 353.18 355.72 351.37 347.10 346.23 347.84 351.69 355.63 355.75 351.79 348.11 346.24 346.16 346.11 346.49 347.29 348.06 347.91 346.65 345.60 346.38 347.07 346.67
 348.10 350.83 352.70 352.10 348.41 346.88 348.03 351.07 354.12 354.42 352.60 350.29 349.31 348.90 348.45 348.16 348.40 348.95 349.24 348.35 347.58 347.69 348.26 348.14
 349.47 349.92 350.62 350.79 349.74 348.33 348.74 350.75 352.53 353.09 352.22 351.19 350.50 350.33 349.90 349.15 349.11 349.38 349.53 349.40 349.15 349.26 349.52 349.72
 350.92 350.90 350.76 350.83 350.42 349.73 349.73 350.34 351.22 351.35 351.00 350.47 350.39 350.80 350.64 350.09 349.71 349.63 349.75 349.77 349.84 350.17 350.61 351.03
 351.11 350.90 350.74 350.61 350.41 350.17 350.12 350.18 350.18 350.22 350.11 350.05 350.15 350.54 350.94 350.67 350.22 349.91 349.89 349.93 350.07 350.54 351.02 351.24
 350.62 350.44 350.32 350.24 350.13 350.04 349.95 349.71 349.48 349.38 349.53 349.71 349.90 350.19 350.58 350.80 350.49 350.16 350.05 350.05 350.16 350.44 350.71 350.77
 350.07 349.98 349.93 349.92 349.96 349.98 349.90 349.66 349.44 349.39 349.51 349.68 349.79 349.92 350.19 350.41 350.43 350.22 350.14 350.14 350.13 350.15 350.16 350.15
 349.75 349.76 349.77 349.80 349.87 349.94 349.88 349.66 349.46 349.42 349.53 349.66 349.78 349.83 349.93 350.06 350.16 350.18 350.14 350.14 350.04 349.87 349.74 349.73
 349.82 349.82 349.82 349.82 349.82 349.82 349.82 349.82 349.82 349.82 349.82 349.82 349.82 349.82 349.82 349.82 349.82 349.82 349.82 349.82 349.82 349.82 349.82 349.82
 346.49 346.49 346.49 346.49 346.49 346.49 346.49 346.49 346.49 346.49 346.49 346.49 346.49 346.49 346.49 346.49 346.49 346.49 346.49 346.49 346.49 346.49 346.49 346.49
 349.10 352.27 353.03 349.56 346.29 344.08 345.07 348.37 350.82 350.71 348.53 346.34 345.25 345.45 345.69 345.98 346.00 346.05 346.18 346.14 345.74 345.40 345.30 345.50
 350.19 357.24 357.47 351.39 345.10 342.75 344.53 349.07 353.67 353.73 350.27 346.84 345.70 345.97 346.46 346.80 347.03 347.15 347.13 346.87 346.24 345.75 345.77 345.78
 349.22 355.18 358.58 351.98 344.92 342.33 344.55 349.63 354.83 355.65 352.07 348.73 347.07 347.08 347.34 347.65 347.93 348.13 348.19 347.82 347.08 346.63 346.37 346.12
 347.68 351.36 353.72 352.12 346.36 343.58 344.89 348.92 353.07 353.87 352.13 349.89 348.87 348.50 348.33 348.35 348.51 348.63 348.75 348.46 347.96 347.66 347.43 347.24
 349.05 349.93 350.86 350.81 348.94 346.40 346.52 349.05 351.40 352.09 351.33 350.43 349.87 349.72 349.25 348.78 348.88 348.93 348.85 348.77 348.53 348.61 348.81 349.09
 350.79 351.02 351.06 351.21 350.44 349.15 348.76 349.35 350.39 350.57 350.38 350.10 350.18 350.46 350.13 349.41 349.12 349.05 349.00 348.88 348.92 349.42 350.13 350.78
 351.08 351.04 351.03 350.88 350.49 350.04 349.86 349.86 349.88 349.93 349.94 350.02 350.20 350.48 350.62 350.13 349.70 349.57 349.55 349.47 349.60 350.20 350.81 351.13
 350.66 350.59 350.55 350.36 350.05 349.81 349.71 349.59 349.48 349.46 349.64 349.89 350.14 350.37 350.58 350.60 350.40 350.27 350.29 350.23 350.32 350.52 350.71 350.76
 350.21 350.14 350.10 349.98 349.84 349.74 349.68 349.56 349.45 349.47 349.65 349.90 350.08 350.23 350.41 350.61 350.78 350.79 350.81 350.81 350.70 350.51 350.33 350.27
 349.94 349.94 349.94 349.91 349.84 349.77 349.68 349.56 349.47 349.51 349.68 349.88 350.07 350.16 350.26 350.46 350.69 350.82 350.81 350.81 350.59 350.24 349.98 349.94
 350.07 350.07 350.07 350.07 350.07 350.07 350.07 350.07 350.07 350.07 350.07 350.07 350.07 350.07 350.07 350.07 350.07 350.07 350.07 350.07 350.07 350.07 350.07 350.07
 351.35 351.35 351.35 351.35 351.35 351.35 351.35 351.35 351.35 351.35 351.35 351.35 351.35 351.35 351.35 351.35 351.35 351.35 351.35 351.35 351.35 351.35 351.35 351.35
 354.72 356.48 355.81 352.06 348.47 345.97 347.97 353.28 357.17 357.57 355.86 353.59 351.78 350.86 350.55 350.33 350.20 350.19 350.38 350.52 350.57 350.51 350.96 351.96
 355.16 360.46 359.73 353.40 346.88 344.24 347.10 354.17 361.31 362.35 358.50 354.22 351.70 350.87 350.37 350.20 350.09 350.07 350.40 350.94 350.91 350.47 350.46 350.91
 353.96 358.98 360.62 353.45 346.36 343.73 346.88 354.30 362.02 363.78 359.20 354.21 351.09 350.27 350.09 350.09 350.21 350.14 350.25 350.66 350.77 350.13 349.79 350.41
 351.35 354.43 355.40 352.68 347.17 344.70 346.66 351.83 356.98 358.14 355.79 352.54 350.60 349.92 349.77 350.25 350.42 350.28 350.02 349.86 349.77 349.60 349.41 349.93
 350.68 351.42 351.45 350.72 348.97 346.97 347.50 349.96 351.96 352.50 351.79 351.13 350.46 350.25 350.01 350.12 350.56 350.36 349.75 349.27 348.87 349.13 349.62 350.26
 350.92 350.88 350.71 350.62 350.13 349.31 349.11 349.24 349.72 349.62 349.83 350.10 350.51 350.71 350.49 350.14 350.19 350.04 349.44 348.78 348.68 349.27 350.20 350.87
 350.97 350.76 350.60 350.49 350.38 350.24 350.03 349.73 349.46 349.42 349.64 350.00 350.41 350.72 350.83 350.48 350.20 350.01 349.61 349.25 349.30 350.01 350.71 351.09
 350.61 350.44 350.32 350.26 350.21 350.16 350.00 349.67 349.34 349.27 349.54 349.92 350.33 350.60 350.80 350.79 350.56 350.30 350.22 350.07 350.18 350.43 350.67 350.75
 350.21 350.11 350.06 350.06 350.10 350.12 349.99 349.67 349.34 349.29 349.54 349.93 350.22 350.47 350.65 350.78 350.83 350.76 350.76 350.76 350.66 350.51 350.35 350.29
 349.97 349.96 349.95 349.98 350.03 350.08 349.97 349.67 349.38 349.35 349.60 349.91 350.20 350.37 350.52 350.64 350.74 350.78 350.76 350.76 350.57 350.26 350.03 349.98
 350.13 350.13 350.13 350.13 350.13 350.13 350.13 350.13 350.13 350.13 350.13 350.13 350.13 350.13 350.13 350.13 350.13 350.13 350.13 350.13 350.13 350.13 350.13 350.13
 354.57 354.57 354.57 354.57 354.57 354.57 354.57 354.57 354.57 354.57 354.57 354.57 354.57 354.57 354.57 354.57 354.57 354.57 354.57 354.57 354.57 354.57 354.57 354.57
 357.70 359.63 359.46 355.44 350.72 346.90 348.91 355.07 359.75 360.30 358.55 356.51 355.13 354.55 354.29 354.05 354.03 354.00 353.90 353.69 353.22 352.88 353.40 354.65
 358.01 363.52 362.90 356.03 348.09 344.49 347.55 355.49 363.43 364.76 360.88 356.76 354.53 353.92 353.39 353.17 353.03 353.00 353.08 352.99 352.76 352.58 353.02 353.86
 357.08 361.84 363.07 354.89 346.90 343.74 347.19 355.25 363.64 365.67 361.13 356.22 353.20 352.57 352.47 352.45 352.59 352.43 352.17 352.18 352.17 352.10 352.48 353.36
 353.86 356.49 356.45 352.69 346.93 344.48 346.80 352.46 358.00 359.34 357.06 353.89 351.94 351.40 351.54 352.36 352.59 352.42 351.92 351.43 351.34 351.41 351.52 352.31
 351.85 352.04 351.11 349.70 347.98 346.41 347.43 350.24 352.42 353.00 352.41 351.94 351.29 351.17 351.30 351.92 352.61 352.40 351.63 350.97 350.54 350.61 350.97 351.45
 350.99 350.27 349.52 349.10 348.90 348.56 348.86 349.24 349.83 349.74 350.08 350.52 351.03 351.30 351.32 351.45 351.85 351.83 351.18 350.48 350.28 350.48 350.87 351.13
 350.83 350.13 349.48 349.28 349.46 349.68 349.72 349.60 349.42 349.40 349.68 350.19 350.75 351.14 351.39 351.31 351.21 351.08 350.69 350.34 350.31 350.66 351.01 351.17
 350.50 350.05 349.68 349.58 349.70 349.80 349.74 349.48 349.21 349.16 349.46 349.93 350.51 350.89 351.19 351.25 350.97 350.58 350.46 350.36 350.42 350.58 350.74 350.76
 350.12 349.97 349.86 349.83 349.83 349.84 349.73 349.47 349.21 349.18 349.43 349.90 350.28 350.65 350.92 350.98 350.83 350.55 350.46 350.46 350.40 350.32 350.24 350.21
 349.88 349.90 349.91 349.90 349.88 349.84 349.72 349.47 349.24 349.24 349.53 349.88 350.26 350.49 350.71 350.72 350.62 350.50 350.46 350.46 350.30 350.05 349.86 349.85
 350.01 350.01 350.01 350.01 350.01 350.01 350.01 350.01 350.01 350.01 350.01 350.01 350.01 350.01 350.01 350.01 350.01 350.01 350.01 350.01 350.01 350.01 350.01 350.01
 357.96 357.96 357.96 357.96 357.96 357.96 357.96 357.96 357.96 357.96 357.96 357.96 357.96 357.96 357.96 357.96 357.96 357.96 357.96 357.96 357.96 357.96 357.96 357.96
 358.88 360.87 361.61 358.75 354.20 350.08 352.16 358.61 363.56 364.02 361.78 359.32 357.81 357.39 357.19 357.27 357.61 357.54 357.09 356.66 356.47 356.17 356.29 356.86
 358.30 362.65 363.02 358.08 351.11 347.49 350.57 358.69 366.76 367.97 363.64 359.09 356.68 356.05 355.80 355.62 355.73 355.49 355.73 355.93 355.99 355.75 355.48 355.56
 357.28 360.80 361.92 355.77 349.50 346.68 350.10 358.08 366.43 368.35 363.43 358.11 354.79 354.25 354.27 354.60 354.54 354.28 354.08 354.62 355.07 354.71 354.40 354.65
 354.52 356.27 356.01 352.97 348.81 347.06 349.46 354.91 360.16 361.37 358.81 355.25 353.06 352.69 353.05 353.92 354.25 353.91 353.42 353.35 353.60 353.46 352.94 353.31
 352.37 352.37 351.40 350.18 348.99 348.08 349.32 351.94 353.87 354.39 353.61 352.92 352.12 352.15 352.45 353.17 353.81 353.73 353.13 352.80 352.62 352.30 352.07 352.05
 351.24 350.54 349.87 349.44 349.36 349.23 349.70 350.12 350.67 350.52 350.80 351.17 351.66 352.08 352.28 352.59 352.99 353.13 352.82 352.52 352.32 351.99 351.59 351.38
 350.98 350.33 349.73 349.55 349.70 349.87 349.94 349.90 349.78 349.76 349.97 350.52 351.18 351.71 352.17 352.25 352.14 352.00 351.85 351.74 351.70 351.57 351.44 351.30
 350.57 350.14 349.80 349.73 349.86 349.95 349.89 349.61 349.32 349.20 349.47 349.97 350.70 351.25 351.70 351.87 351.43 350.90 350.74 350.77 350.77 350.83 350.89 350.84
 350.11 349.96 349.85 349.85 349.92 349.97 349.86 349.58 349.29 349.22 349.41 349.87 350.32 350.81 351.22 351.24 350.85 350.29 350.09 350.09 350.11 350.17 350.22 350.23
 349.83 349.84 349.85 349.87 349.91 349.94 349.84 349.58 349.32 349.28 349.53 349.86 350.27 350.56 350.86 350.77 350.46 350.16 350.09 350.09 350.02 349.91 349.82 349.81
 349.95 349.95 349.95 349.95 349.95 349.95 349.95 349.95 349.95 349.95 349.95 349.95 349.95 349.95 349.95 349.95 349.95 349.95 349.95 349.95 349.95 349.95 349.95 349.95
