1969 MONTHLY CO2 (PPMV)   24  12  LON/LAT (N-S/0-360E) IN 15 DEGREE RESOLUTION,  GLB ANNUAL MEAN = 324.02,  GROWTH RATE = 1.26,  MISS DATA = -99.99
 324.16 324.16 324.16 324.16 324.16 324.16 324.16 324.16 324.16 324.16 324.16 324.16 324.16 324.16 324.16 324.16 324.16 324.16 324.16 324.16 324.16 324.16 324.16 324.16
 324.16 324.16 324.16 324.16 324.16 324.16 324.16 324.16 324.16 324.16 324.16 324.16 324.16 324.16 324.16 324.16 324.16 324.16 324.16 324.16 324.16 324.16 324.16 324.16
 324.16 324.16 324.16 324.16 324.16 324.16 324.16 324.16 324.16 324.16 324.16 324.16 324.16 324.16 324.16 324.16 324.16 324.16 324.16 324.16 324.16 324.16 324.16 324.16
 324.16 324.16 324.16 324.16 324.16 324.16 324.16 324.16 324.16 324.16 324.16 324.16 324.16 324.16 324.16 324.16 324.16 324.16 324.16 324.16 324.16 324.16 324.16 324.16
 324.16 324.16 324.16 324.16 324.16 324.16 324.16 324.16 324.16 324.16 324.16 324.16 324.16 324.16 324.16 324.16 324.16 324.16 324.16 324.16 324.16 324.16 324.16 324.16
 324.16 324.16 324.16 324.16 324.16 324.16 324.16 324.16 324.16 324.16 324.16 324.16 324.16 324.16 324.16 324.16 324.16 324.16 324.16 324.16 324.16 324.16 324.16 324.16
 324.16 324.16 324.16 324.16 324.16 324.16 324.16 324.16 324.16 324.16 324.16 324.16 324.16 324.16 324.16 324.16 324.16 324.16 324.16 324.16 324.16 324.16 324.16 324.16
 324.16 324.16 324.16 324.16 324.16 324.16 324.16 324.16 324.16 324.16 324.16 324.16 324.16 324.16 324.16 324.16 324.16 324.16 324.16 324.16 324.16 324.16 324.16 324.16
 324.16 324.16 324.16 324.16 324.16 324.16 324.16 324.16 324.16 324.16 324.16 324.16 324.16 324.16 324.16 324.16 324.16 324.16 324.16 324.16 324.16 324.16 324.16 324.16
 324.16 324.16 324.16 324.16 324.16 324.16 324.16 324.16 324.16 324.16 324.16 324.16 324.16 324.16 324.16 324.16 324.16 324.16 324.16 324.16 324.16 324.16 324.16 324.16
 324.16 324.16 324.16 324.16 324.16 324.16 324.16 324.16 324.16 324.16 324.16 324.16 324.16 324.16 324.16 324.16 324.16 324.16 324.16 324.16 324.16 324.16 324.16 324.16
 324.16 324.16 324.16 324.16 324.16 324.16 324.16 324.16 324.16 324.16 324.16 324.16 324.16 324.16 324.16 324.16 324.16 324.16 324.16 324.16 324.16 324.16 324.16 324.16
 325.65 325.65 325.65 325.65 325.65 325.65 325.65 325.65 325.65 325.65 325.65 325.65 325.65 325.65 325.65 325.65 325.65 325.65 325.65 325.65 325.65 325.65 325.65 325.65
 325.64 325.64 325.64 325.64 325.64 325.64 325.64 325.64 325.64 325.64 325.64 325.64 325.64 325.64 325.64 325.64 325.64 325.64 325.64 325.64 325.64 325.64 325.64 325.64
 325.64 325.64 325.64 325.64 325.64 325.64 325.64 325.64 325.64 325.64 325.64 325.64 325.64 325.64 325.64 325.64 325.64 325.64 325.64 325.64 325.64 325.64 325.64 325.64
 325.64 325.64 325.64 325.64 325.64 325.64 325.64 325.64 325.64 325.64 325.64 325.64 325.64 325.64 325.64 325.64 325.64 325.64 325.64 325.64 325.64 325.64 325.64 325.64
 325.64 325.64 325.64 325.64 325.64 325.64 325.64 325.64 325.64 325.64 325.64 325.64 325.64 325.64 325.64 325.64 325.64 325.64 325.64 325.64 325.64 325.64 325.64 325.64
 325.64 325.64 325.64 325.64 325.64 325.64 325.64 325.64 325.64 325.64 325.64 325.64 325.64 325.64 325.64 325.64 325.64 325.64 325.64 325.64 325.64 325.64 325.64 325.64
 325.64 325.64 325.64 325.64 325.64 325.64 325.64 325.64 325.64 325.64 325.64 325.64 325.64 325.64 325.64 325.64 325.64 325.64 325.64 325.64 325.64 325.64 325.64 325.64
 325.64 325.64 325.64 325.64 325.64 325.64 325.64 325.64 325.64 325.64 325.64 325.64 325.64 325.64 325.64 325.64 325.64 325.64 325.64 325.64 325.64 325.64 325.64 325.64
 325.64 325.64 325.64 325.64 325.64 325.64 325.64 325.64 325.64 325.64 325.64 325.64 325.64 325.64 325.64 325.64 325.64 325.64 325.64 325.64 325.64 325.64 325.64 325.64
 325.64 325.64 325.64 325.64 325.64 325.64 325.64 325.64 325.64 325.64 325.64 325.64 325.64 325.64 325.64 325.64 325.64 325.64 325.64 325.64 325.64 325.64 325.64 325.64
 325.64 325.64 325.64 325.64 325.64 325.64 325.64 325.64 325.64 325.64 325.64 325.64 325.64 325.64 325.64 325.64 325.64 325.64 325.64 325.64 325.64 325.64 325.64 325.64
 325.65 325.65 325.65 325.65 325.65 325.65 325.65 325.65 325.65 325.65 325.65 325.65 325.65 325.65 325.65 325.65 325.65 325.65 325.65 325.65 325.65 325.65 325.65 325.65
 325.49 325.49 325.49 325.49 325.49 325.49 325.49 325.49 325.49 325.49 325.49 325.49 325.49 325.49 325.49 325.49 325.49 325.49 325.49 325.49 325.49 325.49 325.49 325.49
 325.50 325.50 325.50 325.50 325.50 325.50 325.50 325.50 325.50 325.50 325.50 325.50 325.50 325.50 325.50 325.50 325.50 325.50 325.50 325.50 325.50 325.50 325.50 325.50
 325.50 325.50 325.50 325.50 325.50 325.50 325.50 325.50 325.50 325.50 325.50 325.50 325.50 325.50 325.50 325.50 325.50 325.50 325.50 325.50 325.50 325.50 325.50 325.50
 325.50 325.50 325.50 325.50 325.50 325.50 325.50 325.50 325.50 325.50 325.50 325.50 325.50 325.50 325.50 325.50 325.50 325.50 325.50 325.50 325.50 325.50 325.50 325.50
 325.50 325.50 325.50 325.50 325.50 325.50 325.50 325.50 325.50 325.50 325.50 325.50 325.50 325.50 325.50 325.50 325.50 325.50 325.50 325.50 325.50 325.50 325.50 325.50
 325.50 325.50 325.50 325.50 325.50 325.50 325.50 325.50 325.50 325.50 325.50 325.50 325.50 325.50 325.50 325.50 325.50 325.50 325.50 325.50 325.50 325.50 325.50 325.50
 325.50 325.50 325.50 325.50 325.50 325.50 325.50 325.50 325.50 325.50 325.50 325.50 325.50 325.50 325.50 325.50 325.50 325.50 325.50 325.50 325.50 325.50 325.50 325.50
 325.50 325.50 325.50 325.50 325.50 325.50 325.50 325.50 325.50 325.50 325.50 325.50 325.50 325.50 325.50 325.50 325.50 325.50 325.50 325.50 325.50 325.50 325.50 325.50
 325.50 325.50 325.50 325.50 325.50 325.50 325.50 325.50 325.50 325.50 325.50 325.50 325.50 325.50 325.50 325.50 325.50 325.50 325.50 325.50 325.50 325.50 325.50 325.50
 325.50 325.50 325.50 325.50 325.50 325.50 325.50 325.50 325.50 325.50 325.50 325.50 325.50 325.50 325.50 325.50 325.50 325.50 325.50 325.50 325.50 325.50 325.50 325.50
 325.50 325.50 325.50 325.50 325.50 325.50 325.50 325.50 325.50 325.50 325.50 325.50 325.50 325.50 325.50 325.50 325.50 325.50 325.50 325.50 325.50 325.50 325.50 325.50
 325.49 325.49 325.49 325.49 325.49 325.49 325.49 325.49 325.49 325.49 325.49 325.49 325.49 325.49 325.49 325.49 325.49 325.49 325.49 325.49 325.49 325.49 325.49 325.49
 326.21 326.21 326.21 326.21 326.21 326.21 326.21 326.21 326.21 326.21 326.21 326.21 326.21 326.21 326.21 326.21 326.21 326.21 326.21 326.21 326.21 326.21 326.21 326.21
 326.21 326.21 326.21 326.21 326.21 326.21 326.21 326.21 326.21 326.21 326.21 326.21 326.21 326.21 326.21 326.21 326.21 326.21 326.21 326.21 326.21 326.21 326.21 326.21
 326.21 326.21 326.21 326.21 326.21 326.21 326.21 326.21 326.21 326.21 326.21 326.21 326.21 326.21 326.21 326.21 326.21 326.21 326.21 326.21 326.21 326.21 326.21 326.21
 326.21 326.21 326.21 326.21 326.21 326.21 326.21 326.21 326.21 326.21 326.21 326.21 326.21 326.21 326.21 326.21 326.21 326.21 326.21 326.21 326.21 326.21 326.21 326.21
 326.21 326.21 326.21 326.21 326.21 326.21 326.21 326.21 326.21 326.21 326.21 326.21 326.21 326.21 326.21 326.21 326.21 326.21 326.21 326.21 326.21 326.21 326.21 326.21
 326.21 326.21 326.21 326.21 326.21 326.21 326.21 326.21 326.21 326.21 326.21 326.21 326.21 326.21 326.21 326.21 326.21 326.21 326.21 326.21 326.21 326.21 326.21 326.21
 326.21 326.21 326.21 326.21 326.21 326.21 326.21 326.21 326.21 326.21 326.21 326.21 326.21 326.21 326.21 326.21 326.21 326.21 326.21 326.21 326.21 326.21 326.21 326.21
 326.21 326.21 326.21 326.21 326.21 326.21 326.21 326.21 326.21 326.21 326.21 326.21 326.21 326.21 326.21 326.21 326.21 326.21 326.21 326.21 326.21 326.21 326.21 326.21
 326.21 326.21 326.21 326.21 326.21 326.21 326.21 326.21 326.21 326.21 326.21 326.21 326.21 326.21 326.21 326.21 326.21 326.21 326.21 326.21 326.21 326.21 326.21 326.21
 326.21 326.21 326.21 326.21 326.21 326.21 326.21 326.21 326.21 326.21 326.21 326.21 326.21 326.21 326.21 326.21 326.21 326.21 326.21 326.21 326.21 326.21 326.21 326.21
 326.21 326.21 326.21 326.21 326.21 326.21 326.21 326.21 326.21 326.21 326.21 326.21 326.21 326.21 326.21 326.21 326.21 326.21 326.21 326.21 326.21 326.21 326.21 326.21
 326.21 326.21 326.21 326.21 326.21 326.21 326.21 326.21 326.21 326.21 326.21 326.21 326.21 326.21 326.21 326.21 326.21 326.21 326.21 326.21 326.21 326.21 326.21 326.21
 326.24 326.24 326.24 326.24 326.24 326.24 326.24 326.24 326.24 326.24 326.24 326.24 326.24 326.24 326.24 326.24 326.24 326.24 326.24 326.24 326.24 326.24 326.24 326.24
 326.24 326.24 326.24 326.24 326.24 326.24 326.24 326.24 326.24 326.24 326.24 326.24 326.24 326.24 326.24 326.24 326.24 326.24 326.24 326.24 326.24 326.24 326.24 326.24
 326.24 326.24 326.24 326.24 326.24 326.24 326.24 326.24 326.24 326.24 326.24 326.24 326.24 326.24 326.24 326.24 326.24 326.24 326.24 326.24 326.24 326.24 326.24 326.24
 326.24 326.24 326.24 326.24 326.24 326.24 326.24 326.24 326.24 326.24 326.24 326.24 326.24 326.24 326.24 326.24 326.24 326.24 326.24 326.24 326.24 326.24 326.24 326.24
 326.24 326.24 326.24 326.24 326.24 326.24 326.24 326.24 326.24 326.24 326.24 326.24 326.24 326.24 326.24 326.24 326.24 326.24 326.24 326.24 326.24 326.24 326.24 326.24
 326.24 326.24 326.24 326.24 326.24 326.24 326.24 326.24 326.24 326.24 326.24 326.24 326.24 326.24 326.24 326.24 326.24 326.24 326.24 326.24 326.24 326.24 326.24 326.24
 326.24 326.24 326.24 326.24 326.24 326.24 326.24 326.24 326.24 326.24 326.24 326.24 326.24 326.24 326.24 326.24 326.24 326.24 326.24 326.24 326.24 326.24 326.24 326.24
 326.24 326.24 326.24 326.24 326.24 326.24 326.24 326.24 326.24 326.24 326.24 326.24 326.24 326.24 326.24 326.24 326.24 326.24 326.24 326.24 326.24 326.24 326.24 326.24
 326.24 326.24 326.24 326.24 326.24 326.24 326.24 326.24 326.24 326.24 326.24 326.24 326.24 326.24 326.24 326.24 326.24 326.24 326.24 326.24 326.24 326.24 326.24 326.24
 326.24 326.24 326.24 326.24 326.24 326.24 326.24 326.24 326.24 326.24 326.24 326.24 326.24 326.24 326.24 326.24 326.24 326.24 326.24 326.24 326.24 326.24 326.24 326.24
 326.24 326.24 326.24 326.24 326.24 326.24 326.24 326.24 326.24 326.24 326.24 326.24 326.24 326.24 326.24 326.24 326.24 326.24 326.24 326.24 326.24 326.24 326.24 326.24
 326.24 326.24 326.24 326.24 326.24 326.24 326.24 326.24 326.24 326.24 326.24 326.24 326.24 326.24 326.24 326.24 326.24 326.24 326.24 326.24 326.24 326.24 326.24 326.24
 324.96 324.96 324.96 324.96 324.96 324.96 324.96 324.96 324.96 324.96 324.96 324.96 324.96 324.96 324.96 324.96 324.96 324.96 324.96 324.96 324.96 324.96 324.96 324.96
 324.96 324.96 324.96 324.96 324.96 324.96 324.96 324.96 324.96 324.96 324.96 324.96 324.96 324.96 324.96 324.96 324.96 324.96 324.96 324.96 324.96 324.96 324.96 324.96
 324.96 324.96 324.96 324.96 324.96 324.96 324.96 324.96 324.96 324.96 324.96 324.96 324.96 324.96 324.96 324.96 324.96 324.96 324.96 324.96 324.96 324.96 324.96 324.96
 324.96 324.96 324.96 324.96 324.96 324.96 324.96 324.96 324.96 324.96 324.96 324.96 324.96 324.96 324.96 324.96 324.96 324.96 324.96 324.96 324.96 324.96 324.96 324.96
 324.96 324.96 324.96 324.96 324.96 324.96 324.96 324.96 324.96 324.96 324.96 324.96 324.96 324.96 324.96 324.96 324.96 324.96 324.96 324.96 324.96 324.96 324.96 324.96
 324.96 324.96 324.96 324.96 324.96 324.96 324.96 324.96 324.96 324.96 324.96 324.96 324.96 324.96 324.96 324.96 324.96 324.96 324.96 324.96 324.96 324.96 324.96 324.96
 324.96 324.96 324.96 324.96 324.96 324.96 324.96 324.96 324.96 324.96 324.96 324.96 324.96 324.96 324.96 324.96 324.96 324.96 324.96 324.96 324.96 324.96 324.96 324.96
 324.96 324.96 324.96 324.96 324.96 324.96 324.96 324.96 324.96 324.96 324.96 324.96 324.96 324.96 324.96 324.96 324.96 324.96 324.96 324.96 324.96 324.96 324.96 324.96
 324.96 324.96 324.96 324.96 324.96 324.96 324.96 324.96 324.96 324.96 324.96 324.96 324.96 324.96 324.96 324.96 324.96 324.96 324.96 324.96 324.96 324.96 324.96 324.96
 324.96 324.96 324.96 324.96 324.96 324.96 324.96 324.96 324.96 324.96 324.96 324.96 324.96 324.96 324.96 324.96 324.96 324.96 324.96 324.96 324.96 324.96 324.96 324.96
 324.96 324.96 324.96 324.96 324.96 324.96 324.96 324.96 324.96 324.96 324.96 324.96 324.96 324.96 324.96 324.96 324.96 324.96 324.96 324.96 324.96 324.96 324.96 324.96
 324.96 324.96 324.96 324.96 324.96 324.96 324.96 324.96 324.96 324.96 324.96 324.96 324.96 324.96 324.96 324.96 324.96 324.96 324.96 324.96 324.96 324.96 324.96 324.96
 322.78 322.78 322.78 322.78 322.78 322.78 322.78 322.78 322.78 322.78 322.78 322.78 322.78 322.78 322.78 322.78 322.78 322.78 322.78 322.78 322.78 322.78 322.78 322.78
 322.78 322.78 322.78 322.78 322.78 322.78 322.78 322.78 322.78 322.78 322.78 322.78 322.78 322.78 322.78 322.78 322.78 322.78 322.78 322.78 322.78 322.78 322.78 322.78
 322.78 322.78 322.78 322.78 322.78 322.78 322.78 322.78 322.78 322.78 322.78 322.78 322.78 322.78 322.78 322.78 322.78 322.78 322.78 322.78 322.78 322.78 322.78 322.78
 322.78 322.78 322.78 322.78 322.78 322.78 322.78 322.78 322.78 322.78 322.78 322.78 322.78 322.78 322.78 322.78 322.78 322.78 322.78 322.78 322.78 322.78 322.78 322.78
 322.78 322.78 322.78 322.78 322.78 322.78 322.78 322.78 322.78 322.78 322.78 322.78 322.78 322.78 322.78 322.78 322.78 322.78 322.78 322.78 322.78 322.78 322.78 322.78
 322.78 322.78 322.78 322.78 322.78 322.78 322.78 322.78 322.78 322.78 322.78 322.78 322.78 322.78 322.78 322.78 322.78 322.78 322.78 322.78 322.78 322.78 322.78 322.78
 322.78 322.78 322.78 322.78 322.78 322.78 322.78 322.78 322.78 322.78 322.78 322.78 322.78 322.78 322.78 322.78 322.78 322.78 322.78 322.78 322.78 322.78 322.78 322.78
 322.78 322.78 322.78 322.78 322.78 322.78 322.78 322.78 322.78 322.78 322.78 322.78 322.78 322.78 322.78 322.78 322.78 322.78 322.78 322.78 322.78 322.78 322.78 322.78
 322.78 322.78 322.78 322.78 322.78 322.78 322.78 322.78 322.78 322.78 322.78 322.78 322.78 322.78 322.78 322.78 322.78 322.78 322.78 322.78 322.78 322.78 322.78 322.78
 322.78 322.78 322.78 322.78 322.78 322.78 322.78 322.78 322.78 322.78 322.78 322.78 322.78 322.78 322.78 322.78 322.78 322.78 322.78 322.78 322.78 322.78 322.78 322.78
 322.78 322.78 322.78 322.78 322.78 322.78 322.78 322.78 322.78 322.78 322.78 322.78 322.78 322.78 322.78 322.78 322.78 322.78 322.78 322.78 322.78 322.78 322.78 322.78
 322.78 322.78 322.78 322.78 322.78 322.78 322.78 322.78 322.78 322.78 322.78 322.78 322.78 322.78 322.78 322.78 322.78 322.78 322.78 322.78 322.78 322.78 322.78 322.78
 320.86 320.86 320.86 320.86 320.86 320.86 320.86 320.86 320.86 320.86 320.86 320.86 320.86 320.86 320.86 320.86 320.86 320.86 320.86 320.86 320.86 320.86 320.86 320.86
 320.86 320.86 320.86 320.86 320.86 320.86 320.86 320.86 320.86 320.86 320.86 320.86 320.86 320.86 320.86 320.86 320.86 320.86 320.86 320.86 320.86 320.86 320.86 320.86
 320.86 320.86 320.86 320.86 320.86 320.86 320.86 320.86 320.86 320.86 320.86 320.86 320.86 320.86 320.86 320.86 320.86 320.86 320.86 320.86 320.86 320.86 320.86 320.86
 320.86 320.86 320.86 320.86 320.86 320.86 320.86 320.86 320.86 320.86 320.86 320.86 320.86 320.86 320.86 320.86 320.86 320.86 320.86 320.86 320.86 320.86 320.86 320.86
 320.86 320.86 320.86 320.86 320.86 320.86 320.86 320.86 320.86 320.86 320.86 320.86 320.86 320.86 320.86 320.86 320.86 320.86 320.86 320.86 320.86 320.86 320.86 320.86
 320.86 320.86 320.86 320.86 320.86 320.86 320.86 320.86 320.86 320.86 320.86 320.86 320.86 320.86 320.86 320.86 320.86 320.86 320.86 320.86 320.86 320.86 320.86 320.86
 320.86 320.86 320.86 320.86 320.86 320.86 320.86 320.86 320.86 320.86 320.86 320.86 320.86 320.86 320.86 320.86 320.86 320.86 320.86 320.86 320.86 320.86 320.86 320.86
 320.86 320.86 320.86 320.86 320.86 320.86 320.86 320.86 320.86 320.86 320.86 320.86 320.86 320.86 320.86 320.86 320.86 320.86 320.86 320.86 320.86 320.86 320.86 320.86
 320.86 320.86 320.86 320.86 320.86 320.86 320.86 320.86 320.86 320.86 320.86 320.86 320.86 320.86 320.86 320.86 320.86 320.86 320.86 320.86 320.86 320.86 320.86 320.86
 320.86 320.86 320.86 320.86 320.86 320.86 320.86 320.86 320.86 320.86 320.86 320.86 320.86 320.86 320.86 320.86 320.86 320.86 320.86 320.86 320.86 320.86 320.86 320.86
 320.86 320.86 320.86 320.86 320.86 320.86 320.86 320.86 320.86 320.86 320.86 320.86 320.86 320.86 320.86 320.86 320.86 320.86 320.86 320.86 320.86 320.86 320.86 320.86
 320.86 320.86 320.86 320.86 320.86 320.86 320.86 320.86 320.86 320.86 320.86 320.86 320.86 320.86 320.86 320.86 320.86 320.86 320.86 320.86 320.86 320.86 320.86 320.86
 320.95 320.95 320.95 320.95 320.95 320.95 320.95 320.95 320.95 320.95 320.95 320.95 320.95 320.95 320.95 320.95 320.95 320.95 320.95 320.95 320.95 320.95 320.95 320.95
 320.95 320.95 320.95 320.95 320.95 320.95 320.95 320.95 320.95 320.95 320.95 320.95 320.95 320.95 320.95 320.95 320.95 320.95 320.95 320.95 320.95 320.95 320.95 320.95
 320.95 320.95 320.95 320.95 320.95 320.95 320.95 320.95 320.95 320.95 320.95 320.95 320.95 320.95 320.95 320.95 320.95 320.95 320.95 320.95 320.95 320.95 320.95 320.95
 320.95 320.95 320.95 320.95 320.95 320.95 320.95 320.95 320.95 320.95 320.95 320.95 320.95 320.95 320.95 320.95 320.95 320.95 320.95 320.95 320.95 320.95 320.95 320.95
 320.95 320.95 320.95 320.95 320.95 320.95 320.95 320.95 320.95 320.95 320.95 320.95 320.95 320.95 320.95 320.95 320.95 320.95 320.95 320.95 320.95 320.95 320.95 320.95
 320.95 320.95 320.95 320.95 320.95 320.95 320.95 320.95 320.95 320.95 320.95 320.95 320.95 320.95 320.95 320.95 320.95 320.95 320.95 320.95 320.95 320.95 320.95 320.95
 320.95 320.95 320.95 320.95 320.95 320.95 320.95 320.95 320.95 320.95 320.95 320.95 320.95 320.95 320.95 320.95 320.95 320.95 320.95 320.95 320.95 320.95 320.95 320.95
 320.95 320.95 320.95 320.95 320.95 320.95 320.95 320.95 320.95 320.95 320.95 320.95 320.95 320.95 320.95 320.95 320.95 320.95 320.95 320.95 320.95 320.95 320.95 320.95
 320.95 320.95 320.95 320.95 320.95 320.95 320.95 320.95 320.95 320.95 320.95 320.95 320.95 320.95 320.95 320.95 320.95 320.95 320.95 320.95 320.95 320.95 320.95 320.95
 320.95 320.95 320.95 320.95 320.95 320.95 320.95 320.95 320.95 320.95 320.95 320.95 320.95 320.95 320.95 320.95 320.95 320.95 320.95 320.95 320.95 320.95 320.95 320.95
 320.95 320.95 320.95 320.95 320.95 320.95 320.95 320.95 320.95 320.95 320.95 320.95 320.95 320.95 320.95 320.95 320.95 320.95 320.95 320.95 320.95 320.95 320.95 320.95
 320.95 320.95 320.95 320.95 320.95 320.95 320.95 320.95 320.95 320.95 320.95 320.95 320.95 320.95 320.95 320.95 320.95 320.95 320.95 320.95 320.95 320.95 320.95 320.95
 322.42 322.42 322.42 322.42 322.42 322.42 322.42 322.42 322.42 322.42 322.42 322.42 322.42 322.42 322.42 322.42 322.42 322.42 322.42 322.42 322.42 322.42 322.42 322.42
 322.42 322.42 322.42 322.42 322.42 322.42 322.42 322.42 322.42 322.42 322.42 322.42 322.42 322.42 322.42 322.42 322.42 322.42 322.42 322.42 322.42 322.42 322.42 322.42
 322.42 322.42 322.42 322.42 322.42 322.42 322.42 322.42 322.42 322.42 322.42 322.42 322.42 322.42 322.42 322.42 322.42 322.42 322.42 322.42 322.42 322.42 322.42 322.42
 322.42 322.42 322.42 322.42 322.42 322.42 322.42 322.42 322.42 322.42 322.42 322.42 322.42 322.42 322.42 322.42 322.42 322.42 322.42 322.42 322.42 322.42 322.42 322.42
 322.42 322.42 322.42 322.42 322.42 322.42 322.42 322.42 322.42 322.42 322.42 322.42 322.42 322.42 322.42 322.42 322.42 322.42 322.42 322.42 322.42 322.42 322.42 322.42
 322.42 322.42 322.42 322.42 322.42 322.42 322.42 322.42 322.42 322.42 322.42 322.42 322.42 322.42 322.42 322.42 322.42 322.42 322.42 322.42 322.42 322.42 322.42 322.42
 322.42 322.42 322.42 322.42 322.42 322.42 322.42 322.42 322.42 322.42 322.42 322.42 322.42 322.42 322.42 322.42 322.42 322.42 322.42 322.42 322.42 322.42 322.42 322.42
 322.42 322.42 322.42 322.42 322.42 322.42 322.42 322.42 322.42 322.42 322.42 322.42 322.42 322.42 322.42 322.42 322.42 322.42 322.42 322.42 322.42 322.42 322.42 322.42
 322.42 322.42 322.42 322.42 322.42 322.42 322.42 322.42 322.42 322.42 322.42 322.42 322.42 322.42 322.42 322.42 322.42 322.42 322.42 322.42 322.42 322.42 322.42 322.42
 322.42 322.42 322.42 322.42 322.42 322.42 322.42 322.42 322.42 322.42 322.42 322.42 322.42 322.42 322.42 322.42 322.42 322.42 322.42 322.42 322.42 322.42 322.42 322.42
 322.42 322.42 322.42 322.42 322.42 322.42 322.42 322.42 322.42 322.42 322.42 322.42 322.42 322.42 322.42 322.42 322.42 322.42 322.42 322.42 322.42 322.42 322.42 322.42
 322.42 322.42 322.42 322.42 322.42 322.42 322.42 322.42 322.42 322.42 322.42 322.42 322.42 322.42 322.42 322.42 322.42 322.42 322.42 322.42 322.42 322.42 322.42 322.42
 323.48 323.48 323.48 323.48 323.48 323.48 323.48 323.48 323.48 323.48 323.48 323.48 323.48 323.48 323.48 323.48 323.48 323.48 323.48 323.48 323.48 323.48 323.48 323.48
 323.48 323.48 323.48 323.48 323.48 323.48 323.48 323.48 323.48 323.48 323.48 323.48 323.48 323.48 323.48 323.48 323.48 323.48 323.48 323.48 323.48 323.48 323.48 323.48
 323.48 323.48 323.48 323.48 323.48 323.48 323.48 323.48 323.48 323.48 323.48 323.48 323.48 323.48 323.48 323.48 323.48 323.48 323.48 323.48 323.48 323.48 323.48 323.48
 323.48 323.48 323.48 323.48 323.48 323.48 323.48 323.48 323.48 323.48 323.48 323.48 323.48 323.48 323.48 323.48 323.48 323.48 323.48 323.48 323.48 323.48 323.48 323.48
 323.48 323.48 323.48 323.48 323.48 323.48 323.48 323.48 323.48 323.48 323.48 323.48 323.48 323.48 323.48 323.48 323.48 323.48 323.48 323.48 323.48 323.48 323.48 323.48
 323.48 323.48 323.48 323.48 323.48 323.48 323.48 323.48 323.48 323.48 323.48 323.48 323.48 323.48 323.48 323.48 323.48 323.48 323.48 323.48 323.48 323.48 323.48 323.48
 323.48 323.48 323.48 323.48 323.48 323.48 323.48 323.48 323.48 323.48 323.48 323.48 323.48 323.48 323.48 323.48 323.48 323.48 323.48 323.48 323.48 323.48 323.48 323.48
 323.48 323.48 323.48 323.48 323.48 323.48 323.48 323.48 323.48 323.48 323.48 323.48 323.48 323.48 323.48 323.48 323.48 323.48 323.48 323.48 323.48 323.48 323.48 323.48
 323.48 323.48 323.48 323.48 323.48 323.48 323.48 323.48 323.48 323.48 323.48 323.48 323.48 323.48 323.48 323.48 323.48 323.48 323.48 323.48 323.48 323.48 323.48 323.48
 323.48 323.48 323.48 323.48 323.48 323.48 323.48 323.48 323.48 323.48 323.48 323.48 323.48 323.48 323.48 323.48 323.48 323.48 323.48 323.48 323.48 323.48 323.48 323.48
 323.48 323.48 323.48 323.48 323.48 323.48 323.48 323.48 323.48 323.48 323.48 323.48 323.48 323.48 323.48 323.48 323.48 323.48 323.48 323.48 323.48 323.48 323.48 323.48
 323.48 323.48 323.48 323.48 323.48 323.48 323.48 323.48 323.48 323.48 323.48 323.48 323.48 323.48 323.48 323.48 323.48 323.48 323.48 323.48 323.48 323.48 323.48 323.48
 325.05 325.05 325.05 325.05 325.05 325.05 325.05 325.05 325.05 325.05 325.05 325.05 325.05 325.05 325.05 325.05 325.05 325.05 325.05 325.05 325.05 325.05 325.05 325.05
 325.05 325.05 325.05 325.05 325.05 325.05 325.05 325.05 325.05 325.05 325.05 325.05 325.05 325.05 325.05 325.05 325.05 325.05 325.05 325.05 325.05 325.05 325.05 325.05
 325.05 325.05 325.05 325.05 325.05 325.05 325.05 325.05 325.05 325.05 325.05 325.05 325.05 325.05 325.05 325.05 325.05 325.05 325.05 325.05 325.05 325.05 325.05 325.05
 325.05 325.05 325.05 325.05 325.05 325.05 325.05 325.05 325.05 325.05 325.05 325.05 325.05 325.05 325.05 325.05 325.05 325.05 325.05 325.05 325.05 325.05 325.05 325.05
 325.05 325.05 325.05 325.05 325.05 325.05 325.05 325.05 325.05 325.05 325.05 325.05 325.05 325.05 325.05 325.05 325.05 325.05 325.05 325.05 325.05 325.05 325.05 325.05
 325.05 325.05 325.05 325.05 325.05 325.05 325.05 325.05 325.05 325.05 325.05 325.05 325.05 325.05 325.05 325.05 325.05 325.05 325.05 325.05 325.05 325.05 325.05 325.05
 325.05 325.05 325.05 325.05 325.05 325.05 325.05 325.05 325.05 325.05 325.05 325.05 325.05 325.05 325.05 325.05 325.05 325.05 325.05 325.05 325.05 325.05 325.05 325.05
 325.05 325.05 325.05 325.05 325.05 325.05 325.05 325.05 325.05 325.05 325.05 325.05 325.05 325.05 325.05 325.05 325.05 325.05 325.05 325.05 325.05 325.05 325.05 325.05
 325.05 325.05 325.05 325.05 325.05 325.05 325.05 325.05 325.05 325.05 325.05 325.05 325.05 325.05 325.05 325.05 325.05 325.05 325.05 325.05 325.05 325.05 325.05 325.05
 325.05 325.05 325.05 325.05 325.05 325.05 325.05 325.05 325.05 325.05 325.05 325.05 325.05 325.05 325.05 325.05 325.05 325.05 325.05 325.05 325.05 325.05 325.05 325.05
 325.05 325.05 325.05 325.05 325.05 325.05 325.05 325.05 325.05 325.05 325.05 325.05 325.05 325.05 325.05 325.05 325.05 325.05 325.05 325.05 325.05 325.05 325.05 325.05
 325.05 325.05 325.05 325.05 325.05 325.05 325.05 325.05 325.05 325.05 325.05 325.05 325.05 325.05 325.05 325.05 325.05 325.05 325.05 325.05 325.05 325.05 325.05 325.05
