     0.010
     0.030
     0.050
     0.100
     0.200
     0.300
     0.500
     1.000
     1.500
     2.000
     3.000
     5.000
     7.000
    10.000
    15.000
    20.000
    30.000
    50.000
    70.000
    80.000
   100.000
   150.000
   200.000
   250.000
   300.000
   400.000
   500.000
   600.000
 1 -90  0.03  0.08  0.13  0.25  0.50  0.73  1.19  2.21  3.34  4.17  5.66  6.33  5.99  5.06  4.04  3.50  3.53  3.38  2.61  2.23  1.57  0.79  0.45  0.25  0.12  0.05  0.03  0.02
 1 -85  0.03  0.08  0.13  0.25  0.50  0.73  1.19  2.21  3.37  4.18  5.64  6.35  6.04  5.16  4.17  3.60  3.52  3.19  2.43  2.07  1.45  0.70  0.42  0.24  0.12  0.05  0.03  0.02
 1 -80  0.03  0.08  0.13  0.25  0.50  0.74  1.20  2.22  3.37  4.18  5.63  6.35  6.04  5.18  4.21  3.63  3.52  3.16  2.40  2.05  1.43  0.69  0.42  0.24  0.11  0.04  0.03  0.02
 1 -75  0.03  0.08  0.13  0.26  0.52  0.76  1.24  2.31  3.44  4.24  5.64  6.49  6.30  5.49  4.60  4.06  3.81  3.18  2.35  2.00  1.37  0.67  0.40  0.23  0.11  0.04  0.03  0.02
 1 -70  0.03  0.08  0.14  0.27  0.53  0.79  1.28  2.38  3.51  4.30  5.67  6.65  6.57  5.82  5.01  4.50  4.11  3.21  2.28  1.93  1.31  0.65  0.39  0.22  0.10  0.04  0.03  0.02
 1 -65  0.03  0.08  0.14  0.28  0.55  0.81  1.32  2.46  3.60  4.43  5.88  7.05  7.11  6.46  5.71  5.24  4.33  3.13  2.12  1.78  1.19  0.60  0.36  0.20  0.07  0.04  0.03  0.02
 1 -60  0.03  0.09  0.14  0.29  0.57  0.84  1.36  2.54  3.70  4.56  6.09  7.46  7.67  7.13  6.43  5.96  4.56  3.06  1.97  1.64  1.07  0.55  0.34  0.19  0.07  0.04  0.03  0.02
 1 -55  0.03  0.09  0.15  0.30  0.60  0.88  1.43  2.65  3.88  4.73  6.29  7.81  8.17  7.84  6.94  6.30  4.43  2.78  1.70  1.40  0.87  0.45  0.27  0.15  0.07  0.04  0.03  0.03
 1 -50  0.03  0.09  0.15  0.31  0.60  0.89  1.45  2.70  3.92  4.77  6.43  8.18  8.71  8.43  7.35  6.59  4.27  2.47  1.37  1.11  0.66  0.34  0.20  0.10  0.07  0.04  0.03  0.03
 1 -45  0.03  0.09  0.15  0.30  0.60  0.89  1.46  2.78  4.01  4.91  6.65  8.48  9.09  8.83  7.54  6.63  4.26  2.41  1.28  1.03  0.58  0.28  0.17  0.07  0.05  0.04  0.04  0.03
 1 -40  0.03  0.09  0.15  0.30  0.60  0.90  1.48  2.87  4.11  5.03  6.83  8.74  9.40  9.21  7.71  6.67  4.25  2.32  1.17  0.92  0.50  0.23  0.10  0.06  0.05  0.04  0.04  0.03
 1 -35  0.03  0.09  0.16  0.31  0.62  0.92  1.52  2.94  4.26  5.22  7.09  8.99  9.62  9.35  7.87  6.84  4.23  2.01  0.92  0.71  0.36  0.14  0.08  0.06  0.05  0.04  0.04  0.03
 1 -30  0.03  0.09  0.16  0.31  0.63  0.94  1.55  3.02  4.38  5.38  7.32  9.23  9.82  9.54  8.00  6.97  4.19  1.70  0.67  0.51  0.23  0.09  0.06  0.05  0.05  0.04  0.04  0.04
 1 -25  0.03  0.10  0.16  0.32  0.64  0.95  1.57  3.06  4.51  5.56  7.54  9.50 10.07  9.80  8.06  6.89  4.08  1.53  0.56  0.42  0.18  0.07  0.05  0.04  0.04  0.04  0.04  0.04
 1 -20  0.03  0.09  0.16  0.32  0.63  0.94  1.57  3.13  4.63  5.73  7.79  9.78 10.31 10.01  8.11  6.81  3.97  1.35  0.45  0.34  0.14  0.05  0.04  0.04  0.04  0.04  0.04  0.03
 1 -15  0.03  0.09  0.16  0.32  0.63  0.95  1.58  3.15  4.71  5.90  8.03  9.98 10.47 10.18  8.22  6.90  3.85  1.26  0.39  0.30  0.14  0.04  0.03  0.03  0.04  0.04  0.04  0.03
 1 -10  0.03  0.09  0.16  0.31  0.63  0.94  1.58  3.19  4.83  6.06  8.30 10.23 10.72 10.37  8.36  7.00  3.74  1.18  0.33  0.27  0.08  0.04  0.03  0.03  0.03  0.04  0.03  0.03
 1  -5  0.03  0.09  0.16  0.31  0.63  0.95  1.58  3.19  4.84  6.09  8.32 10.18 10.60 10.25  8.25  6.90  3.61  1.12  0.31  0.25  0.07  0.04  0.03  0.03  0.03  0.03  0.03  0.03
 1   0  0.03  0.10  0.17  0.34  0.67  0.99  1.63  3.15  4.86  6.12  8.34 10.12 10.47 10.15  8.15  6.80  3.50  1.08  0.29  0.24  0.06  0.03  0.03  0.03  0.03  0.03  0.03  0.03
 1   5  0.03  0.10  0.17  0.34  0.67  0.99  1.64  3.17  4.84  6.09  8.16  9.84 10.19  9.83  7.98  6.73  3.64  1.19  0.34  0.28  0.05  0.03  0.03  0.03  0.03  0.04  0.04  0.03
 1  10  0.03  0.10  0.17  0.34  0.67  1.00  1.64  3.18  4.86  6.07  8.07  9.57  9.86  9.49  7.81  6.68  3.79  1.30  0.40  0.31  0.06  0.04  0.03  0.03  0.04  0.04  0.04  0.04
 1  15  0.03  0.10  0.17  0.34  0.67  1.01  1.65  3.19  4.86  6.07  7.96  9.25  9.43  9.02  7.50  6.45  3.82  1.36  0.41  0.32  0.06  0.04  0.04  0.04  0.04  0.04  0.04  0.04
 1  20  0.04  0.11  0.18  0.35  0.69  1.03  1.68  3.19  4.84  6.05  7.84  8.95  8.98  8.55  7.18  6.23  3.85  1.39  0.41  0.32  0.12  0.04  0.04  0.04  0.04  0.04  0.05  0.04
 1  25  0.04  0.11  0.18  0.35  0.69  1.03  1.70  3.28  4.93  6.16  7.80  8.62  8.53  8.07  7.08  6.40  4.24  1.63  0.58  0.45  0.21  0.06  0.05  0.05  0.05  0.05  0.05  0.04
 1  30  0.04  0.11  0.19  0.37  0.73  1.08  1.77  3.34  5.05  6.27  7.74  8.30  8.07  7.57  6.96  6.55  4.62  1.95  0.77  0.60  0.30  0.10  0.08  0.06  0.06  0.05  0.05  0.05
 1  35  0.04  0.12  0.20  0.39  0.77  1.14  1.86  3.50  5.25  6.44  7.65  8.02  7.75  7.25  6.79  6.48  5.03  2.44  1.19  0.94  0.51  0.26  0.17  0.09  0.07  0.05  0.05  0.05
 1  40  0.04  0.13  0.21  0.41  0.82  1.21  1.97  3.69  5.45  6.60  7.57  7.74  7.44  6.99  6.65  6.40  5.41  2.93  1.61  1.29  0.74  0.40  0.23  0.13  0.09  0.06  0.05  0.05
 1  45  0.04  0.13  0.22  0.43  0.86  1.27  2.07  3.89  5.59  6.65  7.40  7.49  7.22  6.80  6.58  6.45  5.53  3.26  1.91  1.56  0.96  0.52  0.28  0.17  0.09  0.06  0.05  0.05
 1  50  0.05  0.14  0.23  0.45  0.89  1.32  2.16  4.09  5.67  6.65  7.26  7.28  7.04  6.70  6.58  6.50  5.62  3.57  2.20  1.83  1.19  0.63  0.33  0.19  0.10  0.06  0.05  0.05
 1  55  0.05  0.14  0.23  0.46  0.91  1.34  2.19  4.11  5.46  6.35  6.96  7.15  6.97  6.67  6.36  6.13  5.33  3.58  2.37  2.00  1.37  0.70  0.38  0.22  0.10  0.06  0.05  0.05
 1  60  0.05  0.14  0.23  0.46  0.92  1.36  2.22  4.19  5.47  6.33  6.90  7.10  6.95  6.61  6.19  5.87  5.11  3.64  2.57  2.18  1.53  0.76  0.44  0.24  0.10  0.06  0.05  0.05
 1  65  0.05  0.14  0.23  0.46  0.90  1.33  2.17  4.07  5.34  6.21  6.91  7.28  7.18  6.86  6.33  5.93  4.98  3.64  2.56  2.17  1.52  0.76  0.42  0.23  0.10  0.06  0.05  0.05
 1  70  0.05  0.14  0.22  0.45  0.88  1.31  2.12  3.96  5.22  6.11  6.92  7.44  7.41  7.09  6.47  5.99  4.84  3.63  2.55  2.16  1.52  0.75  0.40  0.23  0.10  0.06  0.05  0.05
 1  75  0.04  0.13  0.22  0.43  0.84  1.24  2.01  3.72  4.93  5.78  6.64  7.12  7.02  6.62  6.00  5.51  4.60  3.56  2.65  2.29  1.71  0.80  0.41  0.24  0.11  0.06  0.05  0.05
 1  80  0.04  0.13  0.21  0.41  0.81  1.20  1.92  3.47  4.65  5.47  6.37  6.80  6.62  6.14  5.52  5.01  4.36  3.48  2.74  2.42  1.90  0.84  0.43  0.25  0.11  0.06  0.05  0.05
 1  85  0.04  0.13  0.21  0.41  0.81  1.20  1.92  3.47  4.65  5.48  6.40  6.84  6.67  6.19  5.56  5.05  4.37  3.48  2.74  2.43  1.91  0.84  0.43  0.25  0.11  0.06  0.05  0.05
 1  90  0.04  0.13  0.21  0.41  0.81  1.19  1.91  3.45  4.63  5.46  6.38  6.91  6.78  6.36  5.73  5.16  4.38  3.45  2.72  2.42  1.92  0.87  0.43  0.25  0.11  0.06  0.05  0.05
 2 -90  0.03  0.10  0.16  0.31  0.62  0.92  1.49  2.76  4.08  4.91  5.82  5.66  5.09  4.30  3.84  3.62  3.35  2.91  2.27  1.94  1.37  0.70  0.43  0.26  0.15  0.04  0.03  0.02
 2 -85  0.03  0.10  0.16  0.32  0.62  0.92  1.50  2.78  4.11  4.96  5.89  5.78  5.22  4.45  4.02  3.79  3.44  2.84  2.15  1.84  1.29  0.63  0.39  0.24  0.14  0.04  0.03  0.02
 2 -80  0.03  0.10  0.16  0.32  0.62  0.92  1.50  2.78  4.09  4.95  5.94  5.84  5.26  4.46  4.03  3.80  3.43  2.83  2.14  1.83  1.27  0.62  0.38  0.24  0.14  0.04  0.03  0.02
 2 -75  0.03  0.09  0.16  0.31  0.62  0.92  1.48  2.75  4.07  4.98  6.12  6.28  5.80  4.98  4.45  4.15  3.64  2.84  2.14  1.81  1.24  0.59  0.38  0.23  0.12  0.04  0.03  0.02
 2 -70  0.03  0.09  0.16  0.31  0.61  0.91  1.47  2.73  4.07  5.02  6.33  6.75  6.36  5.52  4.89  4.50  3.83  2.85  2.13  1.79  1.20  0.57  0.37  0.22  0.11  0.04  0.03  0.02
 2 -65  0.03  0.10  0.16  0.32  0.62  0.92  1.49  2.78  4.13  5.13  6.59  7.27  7.01  6.20  5.44  4.96  4.08  2.82  2.03  1.69  1.12  0.54  0.35  0.20  0.08  0.04  0.03  0.02
 2 -60  0.03  0.10  0.16  0.32  0.63  0.93  1.51  2.81  4.18  5.20  6.80  7.75  7.65  6.87  5.99  5.41  4.33  2.79  1.92  1.59  1.04  0.50  0.33  0.19  0.08  0.04  0.03  0.02
 2 -55  0.03  0.10  0.17  0.33  0.66  0.97  1.57  2.90  4.30  5.30  6.92  8.07  8.13  7.56  6.58  5.92  4.28  2.60  1.64  1.35  0.83  0.41  0.26  0.15  0.07  0.04  0.03  0.03
 2 -50  0.03  0.10  0.17  0.34  0.66  0.98  1.58  2.91  4.28  5.25  6.96  8.38  8.64  8.13  7.08  6.39  4.22  2.37  1.28  1.04  0.60  0.31  0.18  0.09  0.06  0.04  0.03  0.03
 2 -45  0.03  0.10  0.17  0.33  0.66  0.97  1.58  2.97  4.33  5.32  7.08  8.62  8.98  8.54  7.31  6.48  4.23  2.24  1.20  0.95  0.52  0.26  0.11  0.07  0.05  0.04  0.04  0.03
 2 -40  0.03  0.10  0.17  0.33  0.65  0.97  1.59  3.04  4.38  5.38  7.17  8.81  9.28  8.94  7.54  6.60  4.23  2.10  1.10  0.86  0.43  0.21  0.09  0.06  0.05  0.04  0.04  0.03
 2 -35  0.03  0.10  0.17  0.33  0.65  0.97  1.60  3.07  4.47  5.48  7.31  9.00  9.51  9.19  7.72  6.71  4.14  1.85  0.89  0.68  0.32  0.12  0.07  0.05  0.05  0.04  0.04  0.03
 2 -30  0.03  0.10  0.17  0.33  0.66  0.98  1.61  3.12  4.53  5.55  7.42  9.18  9.72  9.47  7.88  6.79  4.04  1.61  0.68  0.51  0.22  0.08  0.05  0.05  0.04  0.04  0.04  0.03
 2 -25  0.03  0.10  0.16  0.33  0.65  0.97  1.60  3.11  4.55  5.59  7.50  9.43 10.04  9.83  8.03  6.79  3.93  1.47  0.55  0.41  0.17  0.06  0.04  0.04  0.04  0.04  0.04  0.03
 2 -20  0.03  0.10  0.16  0.32  0.63  0.95  1.57  3.12  4.56  5.61  7.60  9.70 10.36 10.14  8.16  6.79  3.82  1.34  0.43  0.32  0.13  0.05  0.04  0.04  0.04  0.04  0.04  0.03
 2 -15  0.03  0.09  0.16  0.31  0.62  0.93  1.55  3.06  4.52  5.64  7.72  9.91 10.59 10.39  8.31  6.89  3.77  1.22  0.39  0.30  0.13  0.04  0.03  0.03  0.03  0.04  0.04  0.03
 2 -10  0.03  0.09  0.15  0.31  0.61  0.91  1.52  3.03  4.52  5.65  7.89 10.16 10.90 10.67  8.51  7.01  3.71  1.11  0.34  0.27  0.08  0.04  0.03  0.03  0.03  0.03  0.03  0.03
 2  -5  0.03  0.09  0.15  0.30  0.61  0.91  1.51  3.01  4.49  5.63  7.90 10.17 10.87 10.60  8.27  6.64  3.58  1.08  0.33  0.27  0.06  0.03  0.03  0.03  0.03  0.03  0.03  0.03
 2   0  0.03  0.10  0.16  0.32  0.64  0.95  1.56  2.94  4.46  5.59  7.89 10.13 10.77 10.52  8.02  6.28  3.47  1.08  0.33  0.27  0.06  0.03  0.03  0.03  0.03  0.03  0.03  0.03
 2   5  0.03  0.10  0.16  0.32  0.64  0.95  1.56  2.98  4.49  5.64  7.81  9.93 10.54 10.22  8.01  6.49  3.59  1.19  0.39  0.31  0.06  0.03  0.03  0.03  0.03  0.04  0.04  0.04
 2  10  0.03  0.10  0.16  0.32  0.64  0.95  1.57  3.03  4.57  5.72  7.80  9.76 10.28  9.92  8.00  6.71  3.73  1.31  0.45  0.34  0.06  0.03  0.03  0.03  0.04  0.04  0.05  0.04
 2  15  0.03  0.10  0.16  0.33  0.65  0.96  1.58  3.07  4.61  5.76  7.73  9.48  9.89  9.50  7.83  6.71  3.91  1.40  0.47  0.36  0.07  0.04  0.04  0.04  0.04  0.05  0.05  0.04
 2  20  0.03  0.10  0.17  0.34  0.67  0.99  1.62  3.09  4.66  5.80  7.68  9.20  9.47  9.09  7.67  6.72  4.09  1.46  0.50  0.38  0.08  0.05  0.04  0.04  0.04  0.05  0.05  0.05
 2  25  0.03  0.10  0.17  0.34  0.68  1.01  1.66  3.19  4.77  5.96  7.75  8.93  9.05  8.61  7.43  6.64  4.41  1.65  0.63  0.48  0.21  0.07  0.06  0.05  0.05  0.05  0.05  0.05
 2  30  0.04  0.11  0.18  0.36  0.71  1.06  1.72  3.25  4.91  6.10  7.78  8.69  8.61  8.10  7.16  6.54  4.71  1.91  0.81  0.62  0.29  0.18  0.09  0.07  0.06  0.05  0.05  0.05
 2  35  0.04  0.11  0.19  0.38  0.75  1.11  1.81  3.39  5.12  6.36  7.83  8.44  8.23  7.68  6.96  6.51  5.05  2.51  1.24  0.97  0.52  0.34  0.23  0.11  0.08  0.06  0.05  0.05
 2  40  0.04  0.12  0.20  0.40  0.79  1.17  1.90  3.52  5.35  6.62  7.89  8.19  7.86  7.32  6.80  6.46  5.36  3.11  1.67  1.35  0.78  0.51  0.32  0.16  0.10  0.06  0.05  0.05
 2  45  0.04  0.13  0.21  0.42  0.82  1.22  1.99  3.73  5.58  6.81  7.81  7.94  7.60  7.08  6.66  6.42  5.51  3.45  2.04  1.68  1.06  0.63  0.37  0.21  0.10  0.06  0.05  0.05
 2  50  0.04  0.13  0.22  0.43  0.86  1.27  2.08  3.95  5.78  6.96  7.77  7.73  7.40  6.93  6.59  6.40  5.63  3.78  2.39  2.00  1.32  0.74  0.41  0.23  0.10  0.06  0.05  0.05
 2  55  0.05  0.14  0.23  0.45  0.90  1.33  2.17  4.09  5.79  6.88  7.57  7.56  7.25  6.83  6.46  6.22  5.61  3.87  2.54  2.15  1.48  0.79  0.45  0.25  0.11  0.06  0.06  0.05
 2  60  0.05  0.14  0.24  0.48  0.94  1.40  2.28  4.30  6.00  7.06  7.60  7.50  7.16  6.72  6.38  6.16  5.65  4.01  2.74  2.33  1.63  0.83  0.49  0.27  0.12  0.07  0.06  0.05
 2  65  0.05  0.14  0.24  0.48  0.95  1.40  2.28  4.29  5.84  6.82  7.37  7.42  7.19  6.82  6.40  6.12  5.52  3.92  2.82  2.41  1.72  0.87  0.47  0.27  0.11  0.07  0.06  0.05
 2  70  0.05  0.14  0.24  0.48  0.94  1.40  2.27  4.25  5.65  6.55  7.14  7.35  7.21  6.90  6.42  6.08  5.38  3.80  2.88  2.48  1.81  0.91  0.46  0.28  0.12  0.07  0.06  0.05
 2  75  0.05  0.14  0.24  0.47  0.93  1.38  2.24  4.17  5.37  6.16  7.00  7.54  7.53  7.23  6.65  6.23  5.40  3.75  2.91  2.50  1.83  0.94  0.48  0.28  0.13  0.07  0.06  0.05
 2  80  0.05  0.14  0.23  0.47  0.92  1.36  2.20  4.07  5.09  5.76  6.86  7.72  7.84  7.55  6.88  6.38  5.41  3.69  2.94  2.53  1.86  0.98  0.50  0.28  0.14  0.07  0.06  0.05
 2  85  0.05  0.14  0.23  0.46  0.91  1.35  2.18  4.04  5.05  5.72  6.84  7.73  7.87  7.59  6.93  6.42  5.43  3.69  2.94  2.53  1.85  0.98  0.50  0.28  0.14  0.07  0.06  0.05
 2  90  0.05  0.14  0.23  0.45  0.89  1.32  2.13  3.94  4.91  5.59  6.76  7.80  7.99  7.73  7.09  6.55  5.47  3.66  2.92  2.52  1.85  1.00  0.51  0.28  0.14  0.07  0.06  0.05
 3 -90  0.05  0.14  0.23  0.46  0.91  1.34  2.16  3.92  5.05  5.72  5.72  5.29  4.87  4.34  3.81  3.46  3.36  2.69  2.19  1.89  1.33  0.66  0.38  0.23  0.11  0.04  0.03  0.02
 3 -85  0.05  0.14  0.24  0.47  0.93  1.37  2.20  4.00  5.21  5.93  5.96  5.49  5.02  4.45  3.90  3.55  3.46  2.71  2.14  1.82  1.27  0.62  0.36  0.21  0.11  0.04  0.03  0.02
 3 -80  0.05  0.14  0.24  0.47  0.92  1.36  2.19  3.98  5.28  6.04  6.07  5.53  5.04  4.44  3.89  3.55  3.47  2.73  2.13  1.82  1.27  0.61  0.35  0.21  0.11  0.04  0.03  0.02
 3 -75  0.05  0.14  0.23  0.45  0.88  1.30  2.09  3.81  5.33  6.26  6.61  6.12  5.54  4.85  4.21  3.81  3.57  2.75  2.11  1.78  1.22  0.59  0.34  0.20  0.10  0.04  0.03  0.02
 3 -70  0.04  0.13  0.21  0.42  0.84  1.23  1.99  3.63  5.34  6.43  7.15  6.71  6.05  5.25  4.53  4.07  3.67  2.78  2.10  1.75  1.17  0.57  0.33  0.20  0.10  0.04  0.03  0.02
 3 -65  0.04  0.12  0.21  0.41  0.81  1.19  1.92  3.52  5.28  6.46  7.44  7.23  6.64  5.82  5.13  4.69  3.88  2.77  1.98  1.65  1.09  0.54  0.32  0.19  0.09  0.05  0.03  0.03
 3 -60  0.04  0.12  0.20  0.40  0.78  1.15  1.86  3.41  5.20  6.44  7.71  7.77  7.25  6.40  5.74  5.32  4.09  2.76  1.86  1.54  1.01  0.50  0.30  0.18  0.08  0.05  0.03  0.03
 3 -55  0.04  0.12  0.20  0.39  0.77  1.14  1.85  3.39  5.16  6.38  7.78  8.12  7.75  7.02  6.30  5.84  4.31  2.64  1.63  1.35  0.83  0.41  0.24  0.14  0.07  0.04  0.03  0.03
 3 -50  0.04  0.12  0.19  0.39  0.76  1.12  1.80  3.29  4.98  6.15  7.74  8.48  8.28  7.53  6.76  6.29  4.50  2.48  1.32  1.08  0.65  0.30  0.17  0.08  0.06  0.04  0.03  0.03
 3 -45  0.04  0.11  0.19  0.37  0.73  1.08  1.75  3.25  4.88  6.06  7.75  8.71  8.67  7.99  6.84  6.12  4.32  2.33  1.20  0.97  0.56  0.25  0.11  0.06  0.05  0.04  0.03  0.03
 3 -40  0.04  0.11  0.18  0.36  0.72  1.06  1.73  3.23  4.80  5.95  7.71  8.89  9.02  8.47  6.99  6.01  4.12  2.16  1.07  0.86  0.47  0.20  0.09  0.06  0.04  0.04  0.03  0.03
 3 -35  0.04  0.11  0.18  0.35  0.70  1.04  1.70  3.21  4.78  5.92  7.72  9.05  9.30  8.87  7.52  6.59  4.13  1.92  0.86  0.67  0.34  0.13  0.07  0.05  0.04  0.04  0.04  0.03
 3 -30  0.04  0.11  0.17  0.35  0.69  1.03  1.68  3.20  4.75  5.87  7.71  9.21  9.58  9.28  8.03  7.16  4.14  1.68  0.65  0.49  0.21  0.09  0.05  0.04  0.04  0.04  0.04  0.03
 3 -25  0.03  0.10  0.17  0.34  0.67  1.00  1.64  3.15  4.67  5.75  7.60  9.35  9.89  9.70  8.23  7.19  4.00  1.44  0.50  0.37  0.15  0.06  0.04  0.04  0.04  0.04  0.04  0.03
 3 -20  0.03  0.10  0.16  0.33  0.65  0.97  1.60  3.11  4.55  5.58  7.50  9.55 10.21 10.07  8.40  7.22  3.88  1.19  0.35  0.26  0.10  0.04  0.03  0.03  0.04  0.04  0.04  0.03
 3 -15  0.03  0.10  0.16  0.32  0.63  0.95  1.56  3.03  4.40  5.44  7.39  9.62 10.45 10.42  8.46  7.09  3.83  1.15  0.35  0.26  0.10  0.04  0.03  0.03  0.03  0.04  0.03  0.03
 3 -10  0.03  0.09  0.16  0.31  0.62  0.93  1.53  2.97  4.30  5.29  7.32  9.73 10.74 10.77  8.54  6.97  3.78  1.12  0.34  0.26  0.11  0.03  0.03  0.03  0.03  0.03  0.03  0.03
 3  -5  0.03  0.09  0.15  0.31  0.61  0.91  1.51  2.93  4.22  5.20  7.25  9.72 10.76 10.80  8.49  6.87  3.73  1.10  0.34  0.26  0.06  0.03  0.03  0.03  0.03  0.03  0.03  0.02
 3   0  0.03  0.10  0.16  0.32  0.64  0.95  1.54  2.86  4.15  5.10  7.17  9.64 10.69 10.77  8.42  6.75  3.68  1.11  0.34  0.27  0.12  0.03  0.03  0.03  0.03  0.03  0.03  0.03
 3   5  0.03  0.10  0.16  0.32  0.64  0.94  1.54  2.92  4.24  5.23  7.23  9.60 10.56 10.52  8.35  6.84  3.76  1.20  0.38  0.30  0.06  0.03  0.03  0.03  0.03  0.04  0.04  0.03
 3  10  0.03  0.10  0.16  0.32  0.63  0.94  1.55  2.98  4.37  5.40  7.36  9.58 10.39 10.29  8.29  6.95  3.84  1.28  0.43  0.33  0.06  0.04  0.03  0.03  0.03  0.04  0.05  0.04
 3  15  0.03  0.10  0.16  0.32  0.64  0.95  1.57  3.05  4.45  5.51  7.40  9.42 10.09  9.90  8.00  6.74  3.93  1.33  0.43  0.34  0.06  0.04  0.04  0.04  0.04  0.05  0.05  0.05
 3  20  0.03  0.10  0.17  0.34  0.66  0.99  1.62  3.09  4.55  5.63  7.48  9.26  9.74  9.49  7.69  6.52  4.02  1.37  0.44  0.35  0.14  0.05  0.04  0.04  0.05  0.05  0.05  0.05
 3  25  0.03  0.10  0.17  0.34  0.67  1.00  1.64  3.15  4.65  5.79  7.64  9.13  9.44  9.08  7.54  6.55  4.31  1.67  0.62  0.49  0.24  0.07  0.06  0.06  0.06  0.05  0.05  0.05
 3  30  0.04  0.11  0.18  0.35  0.70  1.03  1.68  3.19  4.77  5.93  7.77  9.01  9.11  8.65  7.38  6.57  4.58  2.04  0.83  0.66  0.36  0.22  0.11  0.08  0.07  0.06  0.05  0.05
 3  35  0.04  0.11  0.18  0.36  0.72  1.06  1.73  3.24  4.91  6.15  7.93  8.91  8.82  8.26  7.20  6.55  4.76  2.52  1.26  1.03  0.63  0.38  0.26  0.11  0.08  0.06  0.05  0.05
 3  40  0.04  0.11  0.19  0.38  0.75  1.10  1.78  3.29  5.07  6.38  8.12  8.78  8.51  7.88  7.06  6.54  4.92  3.02  1.69  1.41  0.91  0.55  0.34  0.17  0.10  0.06  0.05  0.05
 3  45  0.04  0.12  0.19  0.38  0.76  1.12  1.82  3.39  5.25  6.58  8.14  8.55  8.20  7.55  6.82  6.39  5.18  3.36  2.02  1.70  1.14  0.69  0.40  0.23  0.11  0.07  0.06  0.05
 3  50  0.04  0.12  0.20  0.39  0.77  1.14  1.86  3.52  5.44  6.78  8.19  8.37  7.96  7.31  6.65  6.24  5.42  3.69  2.34  1.99  1.37  0.82  0.47  0.26  0.12  0.07  0.06  0.05
 3  55  0.04  0.12  0.20  0.40  0.80  1.18  1.93  3.63  5.51  6.81  8.04  8.16  7.73  7.11  6.52  6.15  5.46  3.86  2.55  2.18  1.53  0.89  0.52  0.28  0.13  0.07  0.06  0.05
 3  60  0.04  0.13  0.21  0.43  0.84  1.25  2.03  3.82  5.81  7.11  8.13  8.06  7.56  6.89  6.43  6.16  5.57  4.08  2.81  2.39  1.68  0.96  0.56  0.31  0.13  0.07  0.06  0.05
 3  65  0.04  0.13  0.22  0.44  0.87  1.29  2.11  3.96  5.82  7.02  7.90  7.84  7.38  6.77  6.31  6.03  5.49  4.13  2.93  2.52  1.82  1.01  0.59  0.33  0.13  0.07  0.06  0.05
 3  70  0.05  0.14  0.23  0.46  0.90  1.34  2.17  4.08  5.81  6.93  7.68  7.63  7.21  6.65  6.18  5.90  5.41  4.18  3.05  2.64  1.96  1.06  0.62  0.36  0.13  0.07  0.06  0.05
 3  75  0.05  0.14  0.23  0.46  0.91  1.34  2.18  4.09  5.67  6.70  7.46  7.58  7.28  6.81  6.18  5.79  5.35  4.22  3.10  2.68  2.00  1.09  0.62  0.35  0.15  0.07  0.06  0.05
 3  80  0.05  0.14  0.23  0.46  0.91  1.35  2.19  4.08  5.51  6.46  7.22  7.50  7.34  6.96  6.18  5.66  5.28  4.26  3.15  2.72  2.03  1.13  0.62  0.35  0.14  0.08  0.06  0.05
 3  85  0.05  0.14  0.23  0.46  0.91  1.34  2.18  4.07  5.48  6.44  7.22  7.51  7.35  6.97  6.21  5.70  5.32  4.29  3.16  2.73  2.03  1.12  0.62  0.35  0.14  0.08  0.06  0.06
 3  90  0.05  0.14  0.23  0.45  0.89  1.31  2.13  3.98  5.31  6.26  7.06  7.47  7.41  7.13  6.39  5.86  5.42  4.36  3.23  2.79  2.08  1.15  0.62  0.35  0.14  0.08  0.06  0.06
 4 -90  0.06  0.18  0.29  0.57  1.12  1.63  2.56  4.36  5.13  5.60  5.78  5.40  4.92  4.28  3.62  3.24  2.93  2.86  2.23  1.88  1.27  0.59  0.34  0.19  0.09  0.04  0.03  0.02
 4 -85  0.06  0.18  0.30  0.59  1.15  1.68  2.65  4.53  5.39  5.89  6.05  5.64  5.10  4.40  3.71  3.33  3.03  2.89  2.21  1.85  1.23  0.57  0.33  0.19  0.10  0.04  0.03  0.03
 4 -80  0.06  0.18  0.30  0.60  1.17  1.70  2.69  4.61  5.48  5.97  6.10  5.65  5.10  4.40  3.70  3.33  3.03  2.91  2.21  1.85  1.24  0.57  0.33  0.20  0.10  0.04  0.03  0.03
 4 -75  0.06  0.18  0.30  0.59  1.15  1.68  2.66  4.65  5.88  6.61  6.70  6.12  5.51  4.78  4.10  3.74  3.40  2.91  2.18  1.83  1.23  0.55  0.33  0.19  0.09  0.04  0.03  0.03
 4 -70  0.06  0.17  0.29  0.57  1.12  1.64  2.61  4.63  6.24  7.22  7.28  6.57  5.92  5.18  4.53  4.17  3.76  2.91  2.15  1.80  1.22  0.54  0.32  0.18  0.08  0.04  0.03  0.03
 4 -65  0.06  0.17  0.28  0.55  1.08  1.58  2.53  4.54  6.33  7.43  7.66  7.03  6.41  5.67  5.09  4.73  4.05  2.91  2.04  1.70  1.14  0.50  0.29  0.17  0.08  0.04  0.03  0.03
 4 -60  0.05  0.16  0.26  0.52  1.03  1.52  2.44  4.41  6.37  7.61  8.03  7.48  6.89  6.15  5.63  5.27  4.32  2.89  1.92  1.59  1.04  0.46  0.25  0.15  0.08  0.04  0.03  0.03
 4 -55  0.05  0.15  0.25  0.50  0.98  1.45  2.33  4.24  6.27  7.54  8.17  7.83  7.29  6.64  6.21  5.91  4.57  2.74  1.70  1.39  0.83  0.38  0.20  0.12  0.07  0.04  0.03  0.03
 4 -50  0.05  0.14  0.24  0.47  0.93  1.36  2.19  3.99  6.00  7.31  8.24  8.20  7.74  7.00  6.70  6.49  4.79  2.56  1.40  1.12  0.62  0.30  0.14  0.08  0.05  0.04  0.03  0.03
 4 -45  0.04  0.13  0.22  0.44  0.87  1.28  2.06  3.78  5.73  7.04  8.23  8.47  8.10  7.38  6.71  6.28  4.58  2.38  1.30  1.03  0.57  0.26  0.13  0.06  0.05  0.04  0.03  0.03
 4 -40  0.04  0.13  0.21  0.42  0.82  1.21  1.96  3.59  5.46  6.77  8.21  8.72  8.48  7.79  6.77  6.09  4.36  2.18  1.20  0.95  0.52  0.23  0.09  0.06  0.04  0.04  0.03  0.03
 4 -35  0.04  0.12  0.20  0.39  0.78  1.15  1.86  3.47  5.26  6.54  8.14  8.94  8.87  8.32  7.01  6.12  4.15  1.93  1.00  0.79  0.42  0.18  0.07  0.05  0.04  0.04  0.03  0.03
 4 -30  0.04  0.11  0.19  0.38  0.74  1.10  1.79  3.35  5.06  6.27  8.02  9.14  9.27  8.87  7.28  6.16  3.94  1.68  0.80  0.62  0.32  0.09  0.06  0.04  0.04  0.04  0.03  0.03
 4 -25  0.04  0.11  0.18  0.36  0.72  1.06  1.73  3.26  4.88  6.02  7.77  9.23  9.59  9.37  7.71  6.51  3.92  1.47  0.59  0.45  0.21  0.06  0.04  0.04  0.03  0.04  0.03  0.03
 4 -20  0.04  0.10  0.17  0.35  0.69  1.02  1.67  3.18  4.66  5.71  7.52  9.37  9.95  9.83  8.12  6.86  3.92  1.27  0.38  0.29  0.12  0.04  0.03  0.03  0.03  0.03  0.03  0.03
 4 -15  0.03  0.10  0.17  0.34  0.67  1.00  1.63  3.10  4.49  5.51  7.30  9.33 10.12 10.18  8.35  7.03  3.90  1.18  0.35  0.27  0.11  0.03  0.03  0.03  0.03  0.03  0.03  0.03
 4 -10  0.03  0.10  0.17  0.33  0.66  0.98  1.61  3.04  4.36  5.32  7.16  9.34 10.33 10.53  8.59  7.20  3.88  1.09  0.32  0.25  0.11  0.03  0.03  0.03  0.03  0.03  0.03  0.03
 4  -5  0.03  0.10  0.17  0.33  0.65  0.97  1.59  3.01  4.29  5.23  7.07  9.32 10.37 10.60  8.62  7.20  3.88  1.09  0.31  0.25  0.11  0.03  0.03  0.03  0.03  0.03  0.03  0.02
 4   0  0.03  0.10  0.17  0.34  0.66  0.98  1.59  2.96  4.22  5.12  6.97  9.25 10.32 10.61  8.62  7.19  3.90  1.12  0.31  0.25  0.12  0.03  0.03  0.03  0.03  0.03  0.03  0.03
 4   5  0.03  0.10  0.17  0.33  0.66  0.98  1.59  2.99  4.28  5.25  7.09  9.32 10.26 10.38  8.50  7.15  3.97  1.22  0.47  0.36  0.14  0.03  0.03  0.03  0.03  0.03  0.03  0.03
 4  10  0.03  0.10  0.16  0.33  0.65  0.97  1.58  3.04  4.41  5.42  7.27  9.40 10.19 10.18  8.38  7.13  4.05  1.31  0.63  0.46  0.15  0.03  0.03  0.03  0.03  0.04  0.04  0.04
 4  15  0.03  0.10  0.16  0.33  0.65  0.97  1.59  3.08  4.47  5.51  7.37  9.34 10.00  9.86  8.14  6.97  4.07  1.37  0.65  0.48  0.16  0.04  0.03  0.04  0.04  0.05  0.05  0.04
 4  20  0.03  0.10  0.17  0.34  0.67  0.99  1.62  3.09  4.53  5.62  7.51  9.29  9.77  9.52  7.88  6.78  4.09  1.42  0.68  0.51  0.17  0.05  0.04  0.04  0.05  0.05  0.05  0.05
 4  25  0.03  0.10  0.17  0.34  0.67  0.99  1.63  3.10  4.56  5.67  7.59  9.23  9.60  9.27  7.75  6.79  4.31  1.65  0.78  0.60  0.27  0.09  0.07  0.06  0.06  0.06  0.05  0.05
 4  30  0.03  0.10  0.17  0.34  0.67  1.00  1.63  3.10  4.59  5.71  7.63  9.17  9.41  8.98  7.62  6.77  4.52  1.93  0.91  0.72  0.38  0.19  0.11  0.08  0.07  0.06  0.05  0.05
 4  35  0.03  0.10  0.17  0.34  0.68  1.00  1.63  3.06  4.58  5.72  7.64  9.09  9.21  8.67  7.42  6.67  4.58  2.30  1.25  1.03  0.64  0.40  0.18  0.11  0.08  0.06  0.05  0.05
 4  40  0.04  0.11  0.17  0.35  0.68  1.01  1.63  3.02  4.59  5.76  7.73  8.99  8.99  8.38  7.27  6.59  4.64  2.69  1.59  1.34  0.90  0.57  0.34  0.14  0.09  0.06  0.05  0.05
 4  45  0.03  0.10  0.17  0.34  0.68  1.00  1.63  3.03  4.62  5.82  7.73  8.82  8.72  8.04  6.99  6.36  4.74  3.00  1.87  1.59  1.09  0.69  0.40  0.19  0.11  0.07  0.06  0.05
 4  50  0.03  0.10  0.17  0.34  0.67  1.00  1.62  3.06  4.70  5.90  7.78  8.69  8.51  7.79  6.77  6.15  4.83  3.30  2.14  1.82  1.27  0.79  0.47  0.26  0.13  0.07  0.06  0.05
 4  55  0.03  0.10  0.17  0.34  0.68  1.00  1.63  3.08  4.71  5.93  7.73  8.49  8.22  7.50  6.50  5.88  4.98  3.52  2.33  1.99  1.41  0.85  0.52  0.29  0.13  0.07  0.06  0.05
 4  60  0.04  0.11  0.18  0.35  0.70  1.04  1.69  3.18  4.97  6.24  7.89  8.39  8.01  7.19  6.28  5.72  5.19  3.79  2.57  2.19  1.55  0.90  0.57  0.32  0.14  0.07  0.06  0.05
 4  65  0.04  0.11  0.18  0.36  0.71  1.05  1.72  3.24  5.02  6.26  7.68  8.02  7.62  6.84  6.12  5.68  5.18  3.86  2.74  2.34  1.65  1.00  0.64  0.37  0.15  0.07  0.06  0.05
 4  70  0.04  0.11  0.18  0.37  0.72  1.07  1.75  3.30  5.07  6.25  7.45  7.65  7.23  6.48  5.95  5.65  5.17  3.94  2.91  2.48  1.75  1.09  0.72  0.42  0.19  0.08  0.06  0.05
 4  75  0.04  0.11  0.19  0.38  0.74  1.10  1.80  3.40  5.08  6.16  7.09  7.19  6.80  6.15  5.80  5.61  5.20  4.06  3.03  2.60  1.86  1.15  0.73  0.42  0.18  0.08  0.06  0.05
 4  80  0.04  0.12  0.19  0.39  0.76  1.13  1.85  3.51  5.09  6.07  6.74  6.75  6.38  5.81  5.63  5.57  5.21  4.17  3.14  2.71  1.98  1.20  0.74  0.41  0.17  0.08  0.06  0.05
 4  85  0.04  0.12  0.20  0.39  0.77  1.15  1.87  3.55  5.12  6.06  6.70  6.74  6.40  5.84  5.66  5.59  5.24  4.21  3.17  2.73  2.00  1.21  0.74  0.42  0.17  0.09  0.06  0.05
 4  90  0.04  0.12  0.19  0.39  0.77  1.14  1.86  3.52  5.08  6.01  6.63  6.73  6.46  5.96  5.82  5.75  5.37  4.31  3.25  2.81  2.04  1.22  0.74  0.42  0.17  0.09  0.06  0.05
 5 -90  0.06  0.18  0.30  0.59  1.14  1.64  2.53  4.00  4.90  5.54  5.62  5.41  4.78  4.04  3.69  3.57  3.42  2.80  2.14  1.78  1.17  0.54  0.28  0.16  0.06  0.03  0.03  0.03
 5 -85  0.06  0.19  0.31  0.61  1.17  1.69  2.60  4.16  5.17  5.85  5.89  5.57  4.91  4.13  3.75  3.62  3.49  2.85  2.14  1.78  1.17  0.53  0.29  0.17  0.06  0.04  0.03  0.03
 5 -80  0.06  0.19  0.31  0.61  1.18  1.71  2.64  4.23  5.28  5.98  6.01  5.59  4.91  4.12  3.75  3.62  3.49  2.86  2.15  1.79  1.18  0.53  0.29  0.17  0.06  0.04  0.03  0.03
 5 -75  0.06  0.19  0.31  0.61  1.19  1.72  2.68  4.38  5.62  6.43  6.61  6.22  5.59  4.80  4.23  3.95  3.62  2.76  2.02  1.68  1.12  0.51  0.28  0.16  0.06  0.04  0.03  0.03
 5 -70  0.06  0.19  0.31  0.61  1.19  1.73  2.71  4.55  5.99  6.90  7.19  6.80  6.23  5.47  4.71  4.30  3.76  2.68  1.89  1.57  1.05  0.48  0.26  0.15  0.07  0.04  0.03  0.03
 5 -65  0.06  0.19  0.32  0.63  1.23  1.80  2.84  4.92  6.50  7.47  7.55  7.02  6.46  5.76  5.21  4.90  4.27  2.83  1.91  1.56  1.00  0.49  0.25  0.15  0.07  0.04  0.03  0.03
 5 -60  0.06  0.19  0.32  0.64  1.25  1.83  2.92  5.21  6.93  7.97  7.85  7.21  6.68  6.05  5.71  5.50  4.75  2.95  1.90  1.53  0.93  0.48  0.24  0.14  0.07  0.04  0.03  0.03
 5 -55  0.06  0.19  0.31  0.61  1.20  1.76  2.82  5.07  7.02  8.15  8.13  7.49  6.96  6.42  6.11  5.88  4.86  2.76  1.75  1.41  0.81  0.47  0.22  0.13  0.06  0.04  0.03  0.03
 5 -50  0.06  0.18  0.29  0.58  1.14  1.67  2.68  4.81  6.90  8.14  8.35  7.83  7.31  6.68  6.42  6.21  4.93  2.53  1.53  1.22  0.67  0.44  0.20  0.09  0.05  0.04  0.03  0.03
 5 -45  0.05  0.16  0.27  0.53  1.04  1.52  2.44  4.40  6.49  7.81  8.37  8.10  7.61  6.94  6.49  6.17  4.80  2.41  1.42  1.12  0.61  0.39  0.17  0.07  0.05  0.04  0.03  0.03
 5 -40  0.05  0.15  0.24  0.48  0.94  1.38  2.22  4.02  6.09  7.46  8.40  8.39  7.95  7.25  6.61  6.15  4.64  2.28  1.31  1.02  0.53  0.34  0.16  0.06  0.04  0.03  0.03  0.03
 5 -35  0.04  0.13  0.22  0.44  0.86  1.27  2.05  3.77  5.72  7.07  8.29  8.60  8.32  7.73  7.02  6.51  4.53  2.01  1.04  0.80  0.39  0.25  0.09  0.05  0.04  0.03  0.03  0.03
 5 -30  0.04  0.12  0.20  0.41  0.80  1.18  1.91  3.53  5.37  6.64  8.14  8.81  8.72  8.23  7.43  6.85  4.40  1.75  0.78  0.59  0.26  0.10  0.06  0.05  0.04  0.03  0.03  0.03
 5 -25  0.04  0.12  0.19  0.39  0.76  1.13  1.83  3.39  5.10  6.29  7.86  8.92  9.06  8.77  7.67  6.86  4.24  1.59  0.61  0.46  0.19  0.06  0.04  0.04  0.03  0.03  0.03  0.03
 5 -20  0.04  0.11  0.19  0.37  0.73  1.08  1.76  3.26  4.81  5.89  7.57  9.06  9.46  9.27  7.91  6.88  4.10  1.43  0.45  0.34  0.13  0.04  0.03  0.03  0.03  0.03  0.03  0.03
 5 -15  0.04  0.11  0.18  0.36  0.71  1.06  1.71  3.20  4.67  5.72  7.38  9.04  9.66  9.65  8.19  7.11  4.10  1.31  0.38  0.29  0.12  0.03  0.03  0.03  0.03  0.03  0.03  0.03
 5 -10  0.04  0.11  0.18  0.36  0.71  1.04  1.69  3.15  4.55  5.55  7.26  9.08  9.88 10.03  8.48  7.34  4.09  1.18  0.30  0.24  0.10  0.03  0.03  0.03  0.03  0.03  0.03  0.03
 5  -5  0.04  0.11  0.18  0.35  0.70  1.03  1.68  3.12  4.50  5.49  7.23  9.11  9.97 10.16  8.40  7.11  3.87  1.01  0.26  0.21  0.10  0.03  0.03  0.03  0.03  0.03  0.03  0.02
 5   0  0.04  0.11  0.18  0.35  0.69  1.02  1.66  3.10  4.46  5.43  7.19  9.13 10.00 10.24  8.30  6.89  3.66  0.86  0.22  0.19  0.09  0.03  0.03  0.03  0.03  0.03  0.03  0.02
 5   5  0.04  0.10  0.17  0.35  0.69  1.02  1.65  3.10  4.48  5.49  7.29  9.24 10.02 10.13  8.38  7.10  3.95  1.12  0.39  0.32  0.16  0.03  0.03  0.03  0.03  0.03  0.03  0.03
 5  10  0.03  0.10  0.17  0.34  0.67  1.00  1.63  3.12  4.55  5.59  7.42  9.35 10.05 10.06  8.45  7.31  4.23  1.37  0.55  0.44  0.22  0.03  0.03  0.03  0.03  0.04  0.04  0.03
 5  15  0.03  0.10  0.17  0.34  0.67  0.99  1.63  3.12  4.55  5.60  7.44  9.32  9.94  9.81  8.29  7.23  4.16  1.45  0.59  0.47  0.24  0.04  0.03  0.03  0.04  0.04  0.04  0.04
 5  20  0.03  0.10  0.17  0.34  0.67  1.00  1.63  3.10  4.54  5.61  7.50  9.30  9.79  9.56  8.11  7.14  4.09  1.54  0.63  0.51  0.26  0.06  0.05  0.05  0.05  0.05  0.05  0.04
 5  25  0.03  0.10  0.17  0.34  0.67  0.99  1.62  3.07  4.50  5.57  7.46  9.21  9.66  9.38  7.96  7.04  4.34  1.73  0.75  0.61  0.33  0.10  0.07  0.06  0.06  0.05  0.05  0.05
 5  30  0.03  0.10  0.17  0.33  0.66  0.98  1.59  3.04  4.45  5.52  7.41  9.12  9.51  9.16  7.80  6.92  4.59  1.95  0.89  0.72  0.42  0.17  0.09  0.07  0.06  0.06  0.05  0.05
 5  35  0.03  0.10  0.17  0.33  0.65  0.97  1.58  2.98  4.38  5.43  7.31  8.99  9.32  8.91  7.59  6.76  4.63  2.23  1.15  0.96  0.61  0.34  0.14  0.09  0.07  0.06  0.05  0.05
 5  40  0.03  0.10  0.17  0.33  0.65  0.97  1.57  2.91  4.33  5.37  7.28  8.86  9.12  8.66  7.39  6.60  4.67  2.52  1.41  1.19  0.81  0.50  0.22  0.12  0.08  0.06  0.05  0.05
 5  45  0.03  0.10  0.16  0.32  0.64  0.95  1.54  2.87  4.25  5.30  7.15  8.65  8.87  8.35  7.09  6.35  4.66  2.75  1.66  1.41  0.98  0.62  0.36  0.16  0.10  0.06  0.06  0.05
 5  50  0.03  0.09  0.16  0.31  0.62  0.92  1.50  2.85  4.22  5.25  7.07  8.48  8.65  8.08  6.85  6.11  4.63  2.96  1.90  1.62  1.15  0.73  0.44  0.20  0.11  0.07  0.06  0.05
 5  55  0.03  0.09  0.15  0.31  0.60  0.90  1.47  2.80  4.11  5.13  6.95  8.28  8.35  7.73  6.55  5.83  4.65  3.13  2.04  1.73  1.23  0.78  0.49  0.28  0.13  0.07  0.06  0.05
 5  60  0.03  0.09  0.15  0.31  0.61  0.91  1.48  2.82  4.25  5.30  7.05  8.15  8.09  7.34  6.28  5.65  4.72  3.34  2.22  1.86  1.30  0.82  0.54  0.31  0.14  0.08  0.06  0.05
 5  65  0.03  0.09  0.15  0.30  0.60  0.89  1.46  2.77  4.17  5.20  6.83  7.74  7.58  6.80  5.78  5.18  4.45  3.37  2.35  1.99  1.41  0.89  0.60  0.36  0.15  0.08  0.06  0.05
 5  70  0.03  0.09  0.15  0.30  0.59  0.88  1.43  2.73  4.10  5.09  6.62  7.34  7.06  6.25  5.28  4.71  4.18  3.39  2.49  2.12  1.52  0.96  0.67  0.42  0.24  0.08  0.06  0.05
 5  75  0.03  0.09  0.15  0.30  0.59  0.88  1.44  2.73  4.16  5.19  6.61  7.06  6.63  5.77  5.06  4.67  4.33  3.50  2.54  2.17  1.56  0.98  0.67  0.42  0.23  0.08  0.06  0.05
 5  80  0.03  0.09  0.15  0.30  0.59  0.87  1.43  2.72  4.22  5.29  6.63  6.80  6.21  5.30  4.83  4.63  4.47  3.61  2.60  2.22  1.60  1.01  0.67  0.42  0.23  0.09  0.06  0.05
 5  85  0.03  0.09  0.15  0.29  0.58  0.87  1.42  2.70  4.21  5.30  6.63  6.79  6.19  5.29  4.82  4.63  4.49  3.64  2.63  2.24  1.61  1.01  0.68  0.42  0.23  0.09  0.06  0.05
 5  90  0.03  0.09  0.14  0.29  0.57  0.85  1.38  2.63  4.11  5.21  6.57  6.76  6.17  5.28  4.77  4.57  4.47  3.69  2.65  2.25  1.59  1.00  0.68  0.42  0.23  0.09  0.06  0.05
 6 -90  0.06  0.18  0.29  0.57  1.10  1.58  2.40  3.61  4.71  5.51  5.55  5.67  5.44  4.86  4.34  4.11  3.46  2.84  2.09  1.76  1.20  0.48  0.21  0.09  0.05  0.03  0.03  0.03
 6 -85  0.06  0.18  0.30  0.59  1.13  1.63  2.48  3.78  5.00  5.86  5.94  5.85  5.54  4.98  4.44  4.16  3.52  2.88  2.11  1.77  1.20  0.47  0.21  0.09  0.05  0.03  0.03  0.03
 6 -80  0.06  0.18  0.30  0.60  1.14  1.65  2.51  3.83  5.07  5.95  6.05  5.95  5.60  4.99  4.45  4.16  3.53  2.89  2.11  1.77  1.20  0.47  0.22  0.09  0.05  0.04  0.03  0.03
 6 -75  0.06  0.19  0.31  0.60  1.16  1.68  2.57  4.03  5.33  6.24  6.54  6.53  6.14  5.49  4.77  4.36  3.70  2.89  2.09  1.75  1.20  0.46  0.21  0.10  0.06  0.04  0.03  0.03
 6 -70  0.06  0.19  0.31  0.61  1.19  1.72  2.66  4.31  5.69  6.63  7.08  7.04  6.61  5.93  5.07  4.56  3.89  2.90  2.07  1.74  1.20  0.46  0.21  0.10  0.06  0.04  0.03  0.03
 6 -65  0.06  0.19  0.32  0.63  1.22  1.77  2.77  4.62  6.14  7.13  7.37  7.10  6.64  5.98  5.36  5.01  4.30  3.01  2.08  1.74  1.17  0.50  0.24  0.10  0.06  0.04  0.03  0.03
 6 -60  0.06  0.19  0.32  0.63  1.23  1.80  2.84  4.87  6.49  7.52  7.55  7.09  6.61  6.00  5.64  5.42  4.67  3.09  2.08  1.72  1.14  0.53  0.28  0.10  0.06  0.04  0.03  0.03
 6 -55  0.06  0.19  0.31  0.62  1.22  1.79  2.85  5.04  6.88  8.00  7.88  7.25  6.75  6.27  6.01  5.81  4.81  2.92  1.91  1.58  1.01  0.51  0.29  0.10  0.06  0.04  0.03  0.03
 6 -50  0.06  0.19  0.31  0.61  1.20  1.77  2.82  5.04  7.02  8.24  8.12  7.45  6.98  6.47  6.32  6.18  4.93  2.71  1.64  1.36  0.86  0.48  0.30  0.09  0.05  0.04  0.03  0.03
 6 -45  0.06  0.17  0.28  0.56  1.10  1.61  2.58  4.60  6.63  7.92  8.24  7.80  7.31  6.73  6.36  6.09  4.85  2.59  1.53  1.26  0.80  0.44  0.27  0.08  0.05  0.04  0.03  0.03
 6 -40  0.05  0.15  0.25  0.50  0.98  1.45  2.32  4.20  6.28  7.64  8.41  8.21  7.72  7.04  6.47  6.02  4.74  2.46  1.41  1.16  0.73  0.40  0.24  0.07  0.05  0.04  0.03  0.03
 6 -35  0.05  0.14  0.23  0.45  0.89  1.32  2.12  3.88  5.84  7.16  8.24  8.40  8.06  7.47  6.83  6.36  4.79  2.19  1.10  0.89  0.53  0.29  0.12  0.07  0.05  0.04  0.03  0.03
 6 -30  0.04  0.13  0.21  0.41  0.81  1.20  1.94  3.57  5.40  6.65  8.06  8.60  8.44  7.93  7.20  6.67  4.82  1.92  0.79  0.63  0.35  0.19  0.07  0.05  0.04  0.04  0.03  0.03
 6 -25  0.04  0.12  0.20  0.40  0.78  1.16  1.87  3.42  5.16  6.38  7.88  8.71  8.71  8.34  7.45  6.78  4.59  1.68  0.60  0.47  0.24  0.06  0.05  0.04  0.04  0.04  0.04  0.03
 6 -20  0.04  0.12  0.20  0.39  0.76  1.12  1.81  3.29  4.90  6.04  7.66  8.85  9.05  8.73  7.68  6.89  4.35  1.45  0.43  0.33  0.14  0.05  0.03  0.03  0.03  0.03  0.04  0.03
 6 -15  0.04  0.11  0.19  0.38  0.74  1.09  1.77  3.27  4.82  5.94  7.57  8.91  9.29  9.11  7.84  6.91  4.15  1.35  0.41  0.31  0.14  0.04  0.03  0.03  0.03  0.03  0.04  0.03
 6 -10  0.04  0.11  0.19  0.38  0.74  1.09  1.76  3.23  4.75  5.84  7.53  9.01  9.55  9.51  8.03  6.95  3.95  1.23  0.38  0.30  0.13  0.03  0.03  0.03  0.03  0.03  0.03  0.03
 6  -5  0.04  0.11  0.19  0.37  0.73  1.08  1.75  3.21  4.73  5.82  7.54  9.10  9.73  9.72  8.21  7.15  4.00  1.16  0.34  0.27  0.13  0.03  0.03  0.03  0.03  0.03  0.03  0.03
 6   0  0.04  0.11  0.18  0.36  0.71  1.05  1.71  3.22  4.72  5.81  7.57  9.20  9.87  9.90  8.40  7.37  4.07  1.11  0.31  0.26  0.14  0.03  0.03  0.03  0.03  0.03  0.03  0.03
 6   5  0.04  0.11  0.18  0.36  0.71  1.05  1.71  3.21  4.71  5.81  7.63  9.30  9.89  9.89  8.43  7.40  4.24  1.27  0.43  0.35  0.18  0.03  0.03  0.03  0.03  0.03  0.03  0.03
 6  10  0.04  0.11  0.18  0.35  0.69  1.03  1.69  3.22  4.74  5.86  7.71  9.41  9.95  9.90  8.45  7.41  4.39  1.42  0.55  0.44  0.23  0.03  0.03  0.03  0.03  0.04  0.04  0.03
 6  15  0.04  0.11  0.17  0.35  0.69  1.03  1.68  3.20  4.71  5.81  7.67  9.37  9.87  9.69  8.22  7.19  4.30  1.50  0.58  0.47  0.25  0.04  0.04  0.04  0.04  0.04  0.04  0.03
 6  20  0.04  0.11  0.18  0.35  0.70  1.03  1.68  3.17  4.66  5.76  7.66  9.35  9.76  9.50  7.99  6.96  4.23  1.58  0.62  0.50  0.27  0.06  0.04  0.04  0.05  0.05  0.04  0.04
 6  25  0.03  0.10  0.17  0.34  0.68  1.01  1.65  3.12  4.58  5.67  7.55  9.21  9.63  9.34  7.98  7.10  4.40  1.71  0.66  0.54  0.30  0.09  0.06  0.05  0.05  0.05  0.05  0.04
 6  30  0.03  0.10  0.17  0.34  0.66  0.99  1.62  3.08  4.50  5.58  7.44  9.10  9.49  9.16  7.98  7.22  4.56  1.85  0.72  0.58  0.33  0.14  0.07  0.06  0.05  0.05  0.05  0.04
 6  35  0.03  0.10  0.17  0.33  0.66  0.98  1.59  3.00  4.39  5.43  7.27  8.91  9.27  8.92  7.70  6.91  4.56  2.12  0.99  0.80  0.48  0.21  0.10  0.07  0.06  0.06  0.05  0.04
 6  40  0.03  0.10  0.17  0.33  0.65  0.96  1.56  2.92  4.29  5.31  7.16  8.72  9.03  8.67  7.41  6.59  4.55  2.40  1.27  1.04  0.65  0.37  0.16  0.10  0.07  0.06  0.05  0.05
 6  45  0.03  0.10  0.16  0.32  0.63  0.93  1.52  2.85  4.16  5.15  6.94  8.46  8.76  8.36  7.10  6.32  4.57  2.58  1.48  1.23  0.81  0.49  0.28  0.13  0.09  0.06  0.06  0.05
 6  50  0.03  0.09  0.15  0.30  0.60  0.89  1.46  2.79  4.06  5.02  6.76  8.24  8.51  8.06  6.82  6.07  4.58  2.75  1.69  1.42  0.97  0.60  0.36  0.16  0.10  0.07  0.06  0.05
 6  55  0.03  0.09  0.15  0.29  0.58  0.86  1.41  2.71  3.89  4.81  6.52  7.96  8.16  7.67  6.51  5.79  4.41  2.85  1.78  1.49  1.02  0.64  0.41  0.19  0.11  0.07  0.06  0.05
 6  60  0.03  0.09  0.15  0.29  0.58  0.86  1.40  2.69  3.96  4.88  6.50  7.74  7.84  7.24  6.21  5.59  4.30  2.99  1.92  1.59  1.07  0.67  0.45  0.27  0.12  0.07  0.06  0.05
 6  65  0.03  0.08  0.14  0.28  0.56  0.83  1.36  2.61  3.85  4.74  6.27  7.36  7.36  6.69  5.67  5.03  4.00  2.99  2.02  1.69  1.16  0.71  0.51  0.30  0.13  0.08  0.06  0.05
 6  70  0.03  0.08  0.14  0.27  0.54  0.80  1.32  2.53  3.74  4.61  6.06  7.02  6.91  6.17  5.12  4.47  3.71  2.98  2.12  1.79  1.25  0.75  0.56  0.33  0.15  0.08  0.06  0.05
 6  75  0.03  0.08  0.13  0.26  0.52  0.77  1.27  2.43  3.69  4.57  6.05  6.86  6.61  5.80  4.87  4.30  3.75  3.03  2.17  1.84  1.30  0.78  0.58  0.35  0.17  0.09  0.06  0.05
 6  80  0.03  0.08  0.13  0.25  0.50  0.74  1.21  2.33  3.62  4.53  6.06  6.71  6.32  5.43  4.62  4.12  3.78  3.07  2.21  1.89  1.36  0.80  0.61  0.37  0.20  0.09  0.07  0.05
 6  85  0.03  0.08  0.13  0.25  0.49  0.74  1.21  2.31  3.61  4.52  6.04  6.69  6.31  5.42  4.61  4.12  3.79  3.08  2.22  1.89  1.37  0.80  0.61  0.38  0.20  0.09  0.07  0.05
 6  90  0.02  0.07  0.12  0.25  0.49  0.73  1.19  2.28  3.52  4.41  5.91  6.58  6.26  5.41  4.55  4.04  3.70  3.05  2.19  1.86  1.33  0.79  0.62  0.38  0.20  0.09  0.07  0.05
 7 -90  0.05  0.16  0.26  0.51  0.97  1.39  2.08  2.96  4.16  5.01  5.40  5.77  5.73  5.25  4.63  4.21  3.73  2.82  2.08  1.72  1.14  0.46  0.19  0.08  0.05  0.03  0.03  0.03
 7 -85  0.06  0.16  0.27  0.53  1.01  1.45  2.17  3.15  4.44  5.33  5.77  6.00  5.87  5.33  4.75  4.33  3.83  2.89  2.11  1.73  1.13  0.45  0.20  0.08  0.05  0.03  0.03  0.03
 7 -80  0.06  0.17  0.28  0.54  1.03  1.47  2.21  3.23  4.55  5.44  5.86  6.09  5.95  5.38  4.78  4.35  3.85  2.91  2.12  1.74  1.13  0.45  0.20  0.08  0.05  0.03  0.03  0.03
 7 -75  0.05  0.16  0.26  0.52  0.99  1.42  2.14  3.19  4.57  5.50  6.12  6.63  6.56  5.96  5.09  4.48  3.78  2.93  2.14  1.77  1.16  0.46  0.20  0.08  0.05  0.03  0.03  0.03
 7 -70  0.05  0.15  0.25  0.49  0.95  1.37  2.08  3.19  4.67  5.65  6.50  7.20  7.11  6.47  5.36  4.60  3.73  2.98  2.18  1.80  1.21  0.47  0.21  0.09  0.05  0.04  0.03  0.03
 7 -65  0.05  0.16  0.26  0.52  1.00  1.46  2.26  3.68  5.28  6.35  7.06  7.35  7.01  6.30  5.57  5.13  4.32  3.15  2.18  1.82  1.24  0.50  0.24  0.10  0.06  0.04  0.03  0.03
 7 -60  0.05  0.16  0.27  0.53  1.04  1.52  2.40  4.11  5.79  6.92  7.46  7.34  6.83  6.09  5.75  5.60  4.84  3.25  2.16  1.82  1.26  0.54  0.28  0.10  0.06  0.04  0.03  0.03
 7 -55  0.05  0.16  0.26  0.52  1.03  1.51  2.42  4.34  6.18  7.37  7.85  7.53  6.96  6.34  6.14  6.03  5.00  3.10  2.03  1.69  1.12  0.52  0.29  0.09  0.06  0.04  0.03  0.03
 7 -50  0.05  0.16  0.26  0.52  1.02  1.51  2.43  4.42  6.37  7.61  8.12  7.73  7.16  6.52  6.51  6.48  5.14  2.90  1.79  1.48  0.95  0.48  0.30  0.09  0.05  0.04  0.03  0.03
 7 -45  0.05  0.15  0.25  0.50  0.98  1.44  2.31  4.19  6.15  7.43  8.22  8.04  7.50  6.83  6.56  6.36  5.10  2.85  1.70  1.39  0.87  0.44  0.27  0.08  0.05  0.04  0.03  0.03
 7 -40  0.05  0.14  0.24  0.47  0.92  1.35  2.18  3.98  5.98  7.29  8.39  8.43  7.95  7.23  6.68  6.27  5.04  2.80  1.61  1.30  0.78  0.40  0.24  0.09  0.05  0.04  0.03  0.03
 7 -35  0.04  0.13  0.22  0.44  0.86  1.27  2.05  3.76  5.67  6.97  8.25  8.56  8.21  7.58  6.83  6.30  4.95  2.52  1.29  1.03  0.58  0.30  0.19  0.09  0.06  0.04  0.04  0.03
 7 -30  0.04  0.12  0.21  0.41  0.80  1.19  1.92  3.54  5.35  6.61  8.10  8.70  8.51  7.95  7.00  6.33  4.84  2.24  1.00  0.77  0.40  0.20  0.09  0.07  0.05  0.04  0.04  0.03
 7 -25  0.04  0.12  0.20  0.40  0.79  1.16  1.87  3.41  5.17  6.42  8.01  8.81  8.71  8.23  7.24  6.54  4.65  1.91  0.75  0.58  0.28  0.07  0.05  0.04  0.04  0.04  0.04  0.04
 7 -20  0.04  0.12  0.20  0.39  0.77  1.14  1.83  3.30  4.96  6.17  7.86  8.93  8.95  8.49  7.45  6.73  4.45  1.60  0.52  0.40  0.17  0.05  0.04  0.04  0.04  0.04  0.04  0.04
 7 -15  0.04  0.12  0.19  0.38  0.75  1.11  1.78  3.27  4.89  6.06  7.79  9.04  9.26  8.89  7.70  6.91  4.15  1.41  0.47  0.36  0.17  0.04  0.03  0.03  0.03  0.04  0.04  0.04
 7 -10  0.04  0.11  0.19  0.38  0.74  1.10  1.77  3.24  4.82  5.97  7.76  9.18  9.58  9.37  8.02  7.11  3.84  1.20  0.42  0.33  0.16  0.04  0.03  0.03  0.03  0.03  0.04  0.03
 7  -5  0.04  0.11  0.19  0.38  0.74  1.09  1.76  3.22  4.79  5.93  7.75  9.26  9.80  9.64  8.07  7.03  3.89  1.16  0.41  0.33  0.17  0.03  0.03  0.03  0.03  0.03  0.03  0.03
 7   0  0.04  0.11  0.18  0.36  0.70  1.05  1.71  3.24  4.79  5.93  7.79  9.41 10.01  9.90  8.15  6.99  3.97  1.14  0.41  0.33  0.18  0.03  0.03  0.03  0.03  0.03  0.03  0.03
 7   5  0.04  0.11  0.18  0.36  0.71  1.06  1.72  3.23  4.78  5.93  7.84  9.48 10.02  9.93  8.32  7.24  4.21  1.34  0.53  0.42  0.20  0.03  0.03  0.03  0.03  0.03  0.03  0.03
 7  10  0.04  0.11  0.18  0.35  0.70  1.04  1.70  3.25  4.81  5.96  7.91  9.58 10.07  9.96  8.49  7.46  4.43  1.54  0.65  0.50  0.22  0.04  0.03  0.03  0.03  0.03  0.03  0.03
 7  15  0.04  0.11  0.18  0.35  0.70  1.04  1.71  3.24  4.80  5.93  7.86  9.50  9.92  9.71  8.30  7.31  4.41  1.61  0.67  0.51  0.23  0.04  0.03  0.04  0.04  0.04  0.04  0.03
 7  20  0.04  0.11  0.18  0.36  0.71  1.06  1.72  3.22  4.76  5.90  7.84  9.45  9.79  9.51  8.12  7.16  4.42  1.67  0.70  0.54  0.24  0.06  0.04  0.04  0.05  0.05  0.04  0.03
 7  25  0.04  0.11  0.18  0.35  0.70  1.04  1.69  3.21  4.72  5.84  7.72  9.28  9.63  9.33  7.96  7.03  4.41  1.81  0.74  0.57  0.26  0.08  0.05  0.05  0.05  0.05  0.05  0.04
 7  30  0.03  0.10  0.17  0.35  0.69  1.02  1.67  3.19  4.67  5.78  7.63  9.15  9.45  9.14  7.80  6.91  4.40  1.95  0.80  0.60  0.27  0.10  0.06  0.06  0.05  0.05  0.05  0.04
 7  35  0.03  0.10  0.17  0.34  0.68  1.01  1.65  3.12  4.56  5.64  7.44  8.93  9.21  8.88  7.59  6.75  4.42  2.09  0.97  0.76  0.38  0.14  0.08  0.06  0.06  0.05  0.05  0.04
 7  40  0.03  0.10  0.17  0.34  0.67  0.99  1.61  3.05  4.47  5.52  7.31  8.71  8.96  8.60  7.38  6.57  4.42  2.24  1.15  0.91  0.50  0.19  0.10  0.07  0.06  0.06  0.05  0.04
 7  45  0.03  0.10  0.16  0.33  0.65  0.96  1.57  2.95  4.30  5.32  7.07  8.44  8.67  8.28  7.06  6.29  4.43  2.40  1.30  1.06  0.64  0.33  0.16  0.10  0.08  0.06  0.05  0.04
 7  50  0.03  0.09  0.16  0.31  0.62  0.92  1.50  2.87  4.18  5.16  6.87  8.20  8.40  7.96  6.77  6.03  4.43  2.55  1.46  1.21  0.79  0.44  0.27  0.13  0.09  0.06  0.05  0.05
 7  55  0.03  0.09  0.15  0.30  0.59  0.88  1.44  2.78  4.00  4.94  6.63  7.93  8.07  7.58  6.38  5.61  4.24  2.61  1.55  1.29  0.88  0.51  0.33  0.16  0.10  0.07  0.06  0.05
 7  60  0.03  0.09  0.15  0.29  0.58  0.87  1.42  2.75  4.05  5.00  6.60  7.72  7.76  7.15  6.01  5.31  4.12  2.73  1.70  1.41  0.96  0.57  0.38  0.19  0.11  0.07  0.06  0.05
 7  65  0.03  0.09  0.14  0.28  0.56  0.84  1.37  2.65  3.91  4.81  6.31  7.29  7.23  6.56  5.43  4.71  3.77  2.74  1.79  1.50  1.04  0.60  0.42  0.25  0.12  0.07  0.06  0.05
 7  70  0.03  0.08  0.14  0.27  0.54  0.80  1.32  2.54  3.76  4.62  6.02  6.86  6.70  5.98  4.85  4.12  3.42  2.76  1.89  1.59  1.13  0.64  0.47  0.28  0.13  0.08  0.06  0.05
 7  75  0.03  0.08  0.13  0.26  0.52  0.77  1.26  2.43  3.69  4.55  5.95  6.62  6.34  5.57  4.58  3.94  3.40  2.81  1.96  1.64  1.16  0.65  0.49  0.29  0.15  0.08  0.06  0.05
 7  80  0.02  0.07  0.12  0.25  0.49  0.73  1.20  2.30  3.61  4.50  5.90  6.41  5.99  5.16  4.31  3.76  3.38  2.86  2.02  1.70  1.19  0.66  0.52  0.31  0.16  0.08  0.06  0.05
 7  85  0.02  0.07  0.12  0.24  0.49  0.72  1.19  2.29  3.59  4.49  5.88  6.38  5.96  5.14  4.30  3.77  3.38  2.86  2.03  1.70  1.19  0.66  0.52  0.31  0.18  0.09  0.06  0.05
 7  90  0.02  0.07  0.12  0.24  0.48  0.72  1.18  2.26  3.50  4.40  5.78  6.25  5.86  5.09  4.26  3.73  3.29  2.80  2.01  1.67  1.16  0.65  0.53  0.32  0.18  0.09  0.06  0.05
 8 -90  0.04  0.13  0.21  0.42  0.80  1.15  1.74  2.60  3.63  4.34  5.30  6.57  6.60  6.01  4.90  3.87  3.14  2.67  1.95  1.62  1.09  0.46  0.16  0.07  0.05  0.03  0.03  0.03
 8 -85  0.05  0.13  0.22  0.43  0.83  1.20  1.82  2.74  3.94  4.73  5.71  6.76  6.79  6.08  4.98  4.04  3.32  2.79  2.01  1.66  1.10  0.45  0.16  0.07  0.05  0.03  0.03  0.03
 8 -80  0.05  0.14  0.23  0.45  0.85  1.23  1.87  2.85  4.12  4.94  5.89  6.85  6.87  6.15  5.05  4.12  3.39  2.85  2.04  1.68  1.11  0.45  0.16  0.07  0.05  0.04  0.03  0.03
 8 -75  0.05  0.14  0.23  0.46  0.89  1.29  1.99  3.19  4.53  5.41  6.26  6.92  6.87  6.29  5.29  4.48  3.67  3.00  2.14  1.77  1.19  0.48  0.16  0.07  0.05  0.04  0.03  0.03
 8 -70  0.05  0.14  0.24  0.47  0.91  1.32  2.07  3.48  4.90  5.83  6.63  7.02  6.89  6.39  5.40  4.74  3.92  3.19  2.26  1.88  1.28  0.51  0.17  0.08  0.05  0.04  0.03  0.03
 8 -65  0.05  0.14  0.23  0.45  0.89  1.30  2.07  3.62  5.17  6.22  7.11  7.38  7.13  6.48  5.69  5.25  4.46  3.42  2.30  1.91  1.28  0.53  0.19  0.08  0.05  0.04  0.03  0.03
 8 -60  0.05  0.14  0.22  0.45  0.88  1.29  2.07  3.76  5.40  6.52  7.47  7.57  7.20  6.48  5.96  5.73  4.89  3.52  2.27  1.88  1.25  0.55  0.29  0.09  0.05  0.04  0.03  0.03
 8 -55  0.04  0.13  0.22  0.44  0.88  1.30  2.11  3.94  5.77  6.96  7.92  7.91  7.46  6.82  6.32  6.02  5.07  3.46  2.18  1.82  1.20  0.55  0.30  0.09  0.06  0.04  0.03  0.03
 8 -50  0.05  0.14  0.22  0.45  0.88  1.31  2.14  4.03  5.96  7.24  8.29  8.29  7.82  7.12  6.66  6.35  5.30  3.37  1.99  1.67  1.11  0.53  0.32  0.10  0.06  0.04  0.03  0.03
 8 -45  0.05  0.13  0.22  0.45  0.88  1.30  2.11  3.92  5.85  7.16  8.34  8.52  8.07  7.34  6.68  6.25  5.22  3.22  1.84  1.53  1.00  0.50  0.31  0.10  0.06  0.04  0.04  0.03
 8 -40  0.04  0.13  0.22  0.44  0.86  1.28  2.07  3.83  5.78  7.11  8.45  8.79  8.42  7.66  6.76  6.16  5.14  3.09  1.71  1.40  0.89  0.45  0.29  0.10  0.06  0.04  0.04  0.03
 8 -35  0.04  0.13  0.21  0.42  0.82  1.22  1.97  3.66  5.55  6.87  8.37  8.90  8.59  7.87  6.87  6.22  5.00  2.75  1.36  1.09  0.65  0.33  0.23  0.09  0.06  0.04  0.04  0.04
 8 -30  0.04  0.12  0.20  0.40  0.78  1.16  1.87  3.49  5.31  6.60  8.27  9.00  8.78  8.10  6.99  6.27  4.85  2.41  1.04  0.82  0.45  0.22  0.09  0.07  0.06  0.05  0.04  0.04
 8 -25  0.04  0.12  0.20  0.39  0.77  1.13  1.83  3.35  5.11  6.39  8.17  9.15  9.03  8.41  7.25  6.47  4.68  2.05  0.75  0.59  0.31  0.08  0.05  0.05  0.04  0.05  0.04  0.04
 8 -20  0.04  0.12  0.19  0.38  0.76  1.11  1.79  3.23  4.90  6.14  8.02  9.28  9.31  8.70  7.46  6.63  4.52  1.71  0.48  0.37  0.17  0.05  0.04  0.04  0.04  0.04  0.04  0.04
 8 -15  0.04  0.11  0.19  0.37  0.73  1.07  1.73  3.20  4.80  5.96  7.85  9.35  9.60  9.11  7.72  6.85  4.20  1.48  0.47  0.36  0.15  0.04  0.03  0.03  0.03  0.04  0.04  0.04
 8 -10  0.04  0.11  0.18  0.36  0.71  1.05  1.71  3.15  4.69  5.81  7.75  9.45  9.94  9.63  8.08  7.10  3.86  1.23  0.44  0.33  0.14  0.04  0.03  0.03  0.03  0.04  0.04  0.04
 8  -5  0.04  0.11  0.18  0.36  0.71  1.05  1.69  3.13  4.64  5.75  7.69  9.49 10.14  9.94  8.24  7.18  3.82  1.19  0.44  0.34  0.14  0.04  0.03  0.03  0.03  0.03  0.04  0.03
 8   0  0.03  0.10  0.17  0.34  0.67  1.00  1.64  3.16  4.63  5.73  7.71  9.64 10.38 10.25  8.44  7.29  3.84  1.16  0.44  0.34  0.14  0.04  0.03  0.03  0.03  0.03  0.03  0.03
 8   5  0.04  0.11  0.18  0.35  0.69  1.02  1.67  3.15  4.65  5.75  7.77  9.66 10.33 10.23  8.52  7.40  4.13  1.32  0.55  0.41  0.17  0.03  0.03  0.03  0.03  0.03  0.03  0.03
 8  10  0.03  0.10  0.17  0.34  0.68  1.02  1.66  3.17  4.70  5.82  7.85  9.73 10.32 10.21  8.60  7.49  4.39  1.49  0.65  0.48  0.19  0.03  0.03  0.03  0.03  0.03  0.03  0.03
 8  15  0.04  0.11  0.18  0.35  0.70  1.03  1.69  3.20  4.77  5.90  7.89  9.62 10.08  9.88  8.38  7.33  4.38  1.57  0.68  0.49  0.19  0.04  0.03  0.03  0.04  0.04  0.04  0.03
 8  20  0.04  0.11  0.18  0.36  0.71  1.06  1.72  3.21  4.80  5.96  7.95  9.56  9.88  9.60  8.18  7.18  4.38  1.65  0.71  0.52  0.20  0.05  0.04  0.04  0.04  0.05  0.04  0.03
 8  25  0.04  0.11  0.18  0.36  0.71  1.05  1.71  3.25  4.84  6.00  7.91  9.39  9.67  9.36  7.98  7.03  4.36  1.77  0.74  0.55  0.22  0.06  0.05  0.05  0.05  0.05  0.05  0.04
 8  30  0.04  0.11  0.18  0.36  0.70  1.05  1.71  3.27  4.86  6.04  7.90  9.26  9.46  9.12  7.80  6.89  4.35  1.89  0.78  0.58  0.23  0.09  0.06  0.05  0.05  0.05  0.05  0.04
 8  35  0.04  0.11  0.18  0.35  0.70  1.04  1.70  3.23  4.78  5.93  7.75  9.03  9.19  8.82  7.58  6.74  4.36  1.98  0.91  0.69  0.32  0.11  0.07  0.06  0.06  0.05  0.05  0.04
 8  40  0.04  0.11  0.18  0.35  0.69  1.03  1.68  3.19  4.73  5.86  7.63  8.81  8.91  8.52  7.34  6.55  4.34  2.09  1.03  0.80  0.41  0.14  0.09  0.07  0.06  0.05  0.05  0.04
 8  45  0.03  0.10  0.17  0.34  0.68  1.01  1.65  3.11  4.61  5.72  7.48  8.58  8.63  8.17  7.00  6.24  4.26  2.24  1.20  0.95  0.54  0.25  0.12  0.08  0.07  0.06  0.05  0.04
 8  50  0.03  0.10  0.17  0.33  0.66  0.98  1.61  3.06  4.52  5.62  7.35  8.36  8.35  7.81  6.67  5.94  4.17  2.39  1.37  1.11  0.69  0.34  0.20  0.11  0.08  0.06  0.05  0.04
 8  55  0.03  0.10  0.16  0.32  0.63  0.94  1.55  2.99  4.39  5.47  7.20  8.15  8.05  7.42  6.29  5.56  3.96  2.50  1.50  1.22  0.78  0.39  0.23  0.14  0.09  0.06  0.05  0.04
 8  60  0.03  0.10  0.16  0.32  0.63  0.94  1.54  2.98  4.48  5.59  7.24  8.00  7.76  6.98  5.94  5.30  3.83  2.67  1.68  1.36  0.86  0.44  0.27  0.16  0.10  0.06  0.05  0.04
 8  65  0.03  0.09  0.16  0.31  0.61  0.92  1.51  2.91  4.38  5.45  6.95  7.49  7.14  6.32  5.35  4.75  3.62  2.70  1.78  1.45  0.94  0.49  0.32  0.20  0.10  0.06  0.05  0.04
 8  70  0.03  0.09  0.15  0.30  0.60  0.89  1.47  2.83  4.26  5.27  6.60  6.93  6.49  5.64  4.75  4.20  3.39  2.73  1.87  1.54  1.02  0.54  0.37  0.22  0.11  0.07  0.05  0.04
 8  75  0.03  0.09  0.15  0.30  0.59  0.88  1.45  2.80  4.20  5.15  6.23  6.30  5.77  4.96  4.29  3.89  3.38  2.76  1.92  1.58  1.07  0.57  0.39  0.23  0.12  0.07  0.06  0.05
 8  80  0.03  0.09  0.15  0.30  0.59  0.87  1.44  2.77  4.15  5.07  5.91  5.69  5.06  4.28  3.83  3.57  3.37  2.78  1.96  1.62  1.10  0.59  0.40  0.24  0.13  0.07  0.06  0.05
 8  85  0.03  0.09  0.15  0.30  0.59  0.87  1.44  2.77  4.17  5.06  5.84  5.62  5.01  4.27  3.85  3.60  3.39  2.78  1.97  1.62  1.10  0.59  0.40  0.24  0.14  0.08  0.06  0.05
 8  90  0.03  0.09  0.15  0.29  0.58  0.87  1.42  2.74  4.12  4.99  5.72  5.45  4.86  4.16  3.76  3.53  3.31  2.72  1.95  1.61  1.10  0.60  0.41  0.23  0.14  0.08  0.06  0.05
 9 -90  0.04  0.12  0.21  0.41  0.79  1.16  1.82  3.08  4.44  5.34  5.91  6.25  6.04  5.62  4.99  4.32  2.77  2.03  1.54  1.31  0.91  0.44  0.11  0.06  0.04  0.03  0.03  0.03
 9 -85  0.04  0.13  0.21  0.41  0.81  1.18  1.85  3.15  4.63  5.63  6.25  6.50  6.25  5.76  5.06  4.48  3.06  2.28  1.63  1.36  0.93  0.44  0.12  0.06  0.04  0.04  0.03  0.03
 9 -80  0.04  0.13  0.21  0.42  0.81  1.18  1.86  3.17  4.72  5.78  6.46  6.66  6.35  5.82  5.09  4.54  3.16  2.38  1.70  1.41  0.96  0.45  0.13  0.06  0.05  0.04  0.03  0.03
 9 -75  0.04  0.12  0.20  0.40  0.79  1.16  1.84  3.21  4.78  5.89  6.90  7.14  6.78  6.16  5.33  4.80  3.48  2.64  1.89  1.57  1.06  0.49  0.15  0.07  0.05  0.04  0.03  0.03
 9 -70  0.04  0.12  0.20  0.39  0.77  1.13  1.80  3.24  4.75  5.86  7.17  7.49  7.14  6.47  5.49  4.91  3.68  2.85  2.06  1.72  1.18  0.54  0.17  0.08  0.05  0.04  0.03  0.03
 9 -65  0.04  0.12  0.19  0.39  0.76  1.12  1.81  3.34  4.91  6.06  7.45  7.83  7.53  6.89  6.01  5.48  4.24  3.20  2.24  1.88  1.27  0.59  0.27  0.08  0.05  0.04  0.03  0.03
 9 -60  0.04  0.12  0.20  0.39  0.77  1.14  1.85  3.45  5.11  6.31  7.75  8.15  7.85  7.19  6.52  6.09  4.75  3.41  2.31  1.94  1.32  0.63  0.31  0.09  0.06  0.04  0.03  0.03
 9 -55  0.04  0.12  0.20  0.40  0.79  1.17  1.91  3.61  5.42  6.66  8.06  8.43  8.10  7.51  6.78  6.28  5.00  3.46  2.26  1.88  1.22  0.62  0.31  0.10  0.06  0.04  0.03  0.03
 9 -50  0.04  0.12  0.20  0.40  0.80  1.19  1.94  3.71  5.57  6.87  8.31  8.76  8.46  7.79  7.03  6.51  5.32  3.54  2.16  1.77  1.10  0.58  0.31  0.10  0.06  0.04  0.04  0.03
 9 -45  0.04  0.12  0.20  0.40  0.80  1.18  1.93  3.63  5.50  6.84  8.36  8.91  8.62  7.88  6.95  6.36  5.19  3.35  1.97  1.59  0.96  0.53  0.30  0.10  0.06  0.04  0.04  0.04
 9 -40  0.04  0.12  0.20  0.40  0.79  1.17  1.90  3.57  5.46  6.80  8.46  9.11  8.85  8.07  6.95  6.23  5.08  3.18  1.80  1.44  0.83  0.47  0.29  0.09  0.06  0.04  0.04  0.04
 9 -35  0.04  0.12  0.19  0.39  0.76  1.13  1.84  3.46  5.29  6.62  8.40  9.25  9.04  8.27  7.04  6.24  4.95  2.79  1.45  1.13  0.60  0.34  0.23  0.09  0.06  0.05  0.04  0.04
 9 -30  0.04  0.11  0.19  0.37  0.73  1.09  1.77  3.35  5.10  6.40  8.32  9.36  9.24  8.50  7.14  6.26  4.80  2.41  1.12  0.85  0.39  0.21  0.10  0.07  0.06  0.05  0.05  0.04
 9 -25  0.04  0.11  0.19  0.37  0.73  1.08  1.74  3.24  4.92  6.17  8.16  9.46  9.47  8.82  7.38  6.45  4.72  2.13  0.88  0.67  0.29  0.08  0.06  0.05  0.05  0.05  0.05  0.04
 9 -20  0.04  0.11  0.18  0.36  0.72  1.06  1.71  3.15  4.73  5.93  7.95  9.54  9.71  9.10  7.58  6.60  4.63  1.85  0.67  0.50  0.20  0.05  0.04  0.04  0.04  0.05  0.05  0.05
 9 -15  0.04  0.11  0.17  0.35  0.69  1.02  1.66  3.12  4.62  5.73  7.70  9.50  9.91  9.44  7.81  6.82  4.30  1.56  0.57  0.43  0.17  0.04  0.04  0.04  0.04  0.04  0.04  0.04
 9 -10  0.03  0.10  0.17  0.34  0.67  1.00  1.63  3.10  4.52  5.57  7.52  9.51 10.17  9.91  8.14  7.05  3.93  1.25  0.47  0.35  0.14  0.04  0.03  0.03  0.03  0.04  0.04  0.04
 9  -5  0.03  0.10  0.17  0.34  0.67  1.00  1.62  3.07  4.47  5.49  7.42  9.49 10.33 10.22  8.25  7.05  3.84  1.21  0.46  0.35  0.14  0.04  0.03  0.03  0.03  0.04  0.04  0.04
 9   0  0.03  0.10  0.16  0.32  0.64  0.96  1.58  3.09  4.46  5.48  7.42  9.58 10.52 10.53  8.42  7.09  3.78  1.16  0.46  0.35  0.14  0.04  0.03  0.03  0.03  0.03  0.04  0.03
 9   5  0.03  0.10  0.17  0.34  0.66  0.99  1.62  3.09  4.49  5.52  7.49  9.58 10.44 10.47  8.55  7.30  4.07  1.30  0.53  0.40  0.15  0.03  0.03  0.03  0.03  0.03  0.03  0.03
 9  10  0.03  0.10  0.17  0.34  0.67  0.99  1.63  3.11  4.56  5.61  7.60  9.64 10.38 10.38  8.66  7.49  4.34  1.44  0.60  0.44  0.16  0.03  0.03  0.03  0.03  0.03  0.03  0.03
 9  15  0.03  0.10  0.17  0.34  0.68  1.01  1.65  3.14  4.66  5.74  7.74  9.57 10.12  9.99  8.43  7.35  4.32  1.48  0.61  0.44  0.16  0.03  0.03  0.03  0.03  0.04  0.04  0.03
 9  20  0.04  0.11  0.18  0.35  0.70  1.04  1.68  3.15  4.72  5.86  7.87  9.54  9.91  9.67  8.23  7.20  4.31  1.51  0.62  0.46  0.17  0.04  0.04  0.04  0.04  0.04  0.04  0.04
 9  25  0.04  0.11  0.18  0.35  0.69  1.03  1.68  3.21  4.81  5.98  7.89  9.37  9.65  9.34  8.10  7.20  4.36  1.60  0.65  0.48  0.18  0.06  0.04  0.04  0.04  0.05  0.04  0.04
 9  30  0.04  0.11  0.18  0.35  0.70  1.04  1.70  3.24  4.89  6.10  7.97  9.24  9.38  9.02  7.96  7.21  4.42  1.68  0.68  0.50  0.19  0.07  0.05  0.05  0.05  0.05  0.04  0.04
 9  35  0.04  0.11  0.18  0.36  0.71  1.05  1.72  3.26  4.92  6.13  7.93  9.01  9.06  8.65  7.57  6.83  4.34  1.86  0.86  0.65  0.28  0.09  0.06  0.05  0.05  0.05  0.04  0.04
 9  40  0.04  0.11  0.18  0.36  0.71  1.06  1.73  3.29  4.97  6.20  7.93  8.80  8.73  8.27  7.17  6.41  4.24  2.05  1.04  0.79  0.37  0.13  0.08  0.06  0.05  0.05  0.05  0.04
 9  45  0.04  0.11  0.18  0.36  0.72  1.07  1.74  3.29  5.00  6.25  7.93  8.60  8.39  7.83  6.78  6.09  4.19  2.22  1.20  0.94  0.50  0.22  0.11  0.08  0.06  0.05  0.05  0.04
 9  50  0.04  0.11  0.18  0.37  0.72  1.08  1.75  3.32  5.06  6.33  7.92  8.36  8.04  7.37  6.41  5.78  4.14  2.37  1.38  1.10  0.65  0.29  0.17  0.10  0.07  0.05  0.05  0.04
 9  55  0.04  0.11  0.18  0.36  0.71  1.06  1.74  3.35  5.08  6.35  7.87  8.13  7.67  6.92  5.98  5.38  3.99  2.47  1.51  1.22  0.75  0.35  0.21  0.13  0.08  0.06  0.05  0.04
 9  60  0.04  0.11  0.18  0.37  0.73  1.08  1.78  3.44  5.33  6.63  8.00  7.95  7.32  6.43  5.59  5.08  3.90  2.63  1.70  1.37  0.86  0.41  0.25  0.16  0.10  0.06  0.05  0.04
 9  65  0.04  0.11  0.19  0.37  0.74  1.11  1.82  3.51  5.38  6.63  7.71  7.41  6.72  5.82  5.04  4.55  3.69  2.63  1.81  1.48  0.95  0.47  0.29  0.18  0.10  0.06  0.05  0.04
 9  70  0.04  0.12  0.19  0.38  0.76  1.13  1.86  3.58  5.40  6.57  7.37  6.87  6.12  5.23  4.47  4.00  3.45  2.62  1.91  1.57  1.04  0.53  0.33  0.20  0.10  0.06  0.05  0.04
 9  75  0.04  0.12  0.20  0.39  0.77  1.15  1.89  3.63  5.18  6.13  6.55  6.05  5.44  4.72  4.25  3.97  3.41  2.64  1.92  1.59  1.06  0.54  0.34  0.21  0.11  0.06  0.05  0.04
 9  80  0.04  0.12  0.20  0.39  0.78  1.17  1.91  3.67  4.92  5.65  5.71  5.23  4.77  4.22  4.03  3.93  3.35  2.64  1.92  1.59  1.07  0.54  0.35  0.22  0.12  0.06  0.05  0.04
 9  85  0.04  0.12  0.20  0.40  0.79  1.17  1.93  3.70  4.86  5.53  5.58  5.18  4.76  4.23  4.03  3.93  3.35  2.64  1.92  1.59  1.07  0.54  0.35  0.22  0.12  0.06  0.05  0.04
 9  90  0.04  0.12  0.20  0.39  0.78  1.16  1.90  3.65  4.72  5.35  5.37  5.01  4.63  4.14  3.95  3.85  3.24  2.56  1.90  1.58  1.05  0.54  0.36  0.21  0.12  0.06  0.05  0.04
10 -90  0.03  0.10  0.17  0.33  0.65  0.96  1.56  2.88  4.18  5.09  6.63  7.52  7.37  6.58  5.70  5.25  3.85  1.86  1.45  1.32  0.97  0.50  0.12  0.06  0.05  0.04  0.03  0.03
10 -85  0.03  0.10  0.17  0.33  0.65  0.97  1.56  2.89  4.18  5.09  6.59  7.40  7.26  6.53  5.65  5.22  4.03  2.08  1.42  1.23  0.87  0.49  0.13  0.06  0.05  0.04  0.03  0.03
10 -80  0.03  0.10  0.16  0.33  0.65  0.95  1.54  2.85  4.12  5.04  6.56  7.40  7.28  6.56  5.62  5.15  4.00  2.14  1.47  1.27  0.90  0.50  0.14  0.06  0.05  0.04  0.03  0.03
10 -75  0.03  0.10  0.16  0.33  0.64  0.95  1.54  2.86  4.15  5.10  6.65  7.61  7.58  6.94  6.11  5.67  4.36  2.53  1.72  1.47  1.02  0.55  0.26  0.07  0.05  0.04  0.03  0.03
10 -70  0.03  0.10  0.16  0.33  0.64  0.95  1.55  2.88  4.22  5.19  6.75  7.79  7.80  7.22  6.56  6.13  4.59  2.82  1.92  1.64  1.13  0.61  0.29  0.07  0.05  0.04  0.03  0.03
10 -65  0.03  0.10  0.17  0.34  0.66  0.98  1.60  2.99  4.44  5.49  7.08  8.07  8.04  7.47  6.99  6.63  4.97  3.16  2.13  1.81  1.23  0.64  0.31  0.09  0.05  0.04  0.03  0.03
10 -60  0.03  0.10  0.17  0.35  0.68  1.01  1.65  3.11  4.66  5.81  7.42  8.37  8.32  7.73  7.39  7.17  5.38  3.44  2.23  1.87  1.25  0.66  0.33  0.10  0.06  0.04  0.03  0.03
10 -55  0.04  0.11  0.18  0.35  0.70  1.04  1.70  3.21  4.90  6.09  7.72  8.60  8.49  7.96  7.33  6.91  5.34  3.47  2.23  1.84  1.17  0.61  0.32  0.18  0.06  0.04  0.03  0.03
10 -50  0.04  0.11  0.18  0.35  0.70  1.04  1.71  3.25  4.98  6.22  7.95  8.86  8.75  8.12  7.24  6.67  5.34  3.53  2.21  1.80  1.11  0.56  0.30  0.17  0.06  0.04  0.04  0.03
10 -45  0.04  0.11  0.18  0.35  0.69  1.03  1.69  3.23  4.95  6.22  8.04  9.05  8.95  8.22  7.33  6.76  5.42  3.50  2.10  1.69  1.00  0.51  0.29  0.09  0.06  0.04  0.04  0.03
10 -40  0.04  0.11  0.18  0.35  0.69  1.03  1.68  3.21  4.93  6.19  8.14  9.28  9.20  8.42  7.47  6.89  5.51  3.48  2.00  1.60  0.92  0.46  0.27  0.09  0.06  0.05  0.04  0.04
10 -35  0.03  0.10  0.17  0.34  0.68  1.01  1.66  3.17  4.84  6.09  8.11  9.42  9.42  8.66  7.53  6.82  5.22  2.91  1.50  1.18  0.64  0.32  0.15  0.08  0.06  0.05  0.04  0.04
10 -30  0.03  0.10  0.17  0.34  0.67  1.00  1.64  3.13  4.75  5.96  8.05  9.53  9.63  8.93  7.60  6.76  4.92  2.33  1.02  0.78  0.37  0.16  0.10  0.07  0.06  0.05  0.05  0.04
10 -25  0.03  0.10  0.17  0.34  0.68  1.01  1.64  3.09  4.65  5.81  7.89  9.58  9.82  9.25  7.76  6.80  4.65  1.95  0.79  0.60  0.26  0.09  0.06  0.05  0.05  0.05  0.05  0.04
10 -20  0.03  0.10  0.17  0.34  0.67  1.00  1.63  3.07  4.55  5.67  7.70  9.58  9.99  9.52  7.88  6.82  4.37  1.58  0.59  0.44  0.17  0.06  0.04  0.04  0.04  0.05  0.05  0.04
10 -15  0.03  0.10  0.16  0.33  0.65  0.97  1.59  3.06  4.48  5.53  7.50  9.48 10.05  9.73  8.06  7.02  4.14  1.41  0.51  0.38  0.14  0.04  0.04  0.04  0.04  0.04  0.05  0.04
10 -10  0.03  0.10  0.16  0.32  0.64  0.95  1.57  3.06  4.43  5.44  7.35  9.42 10.18 10.05  8.30  7.23  3.90  1.25  0.43  0.32  0.12  0.04  0.03  0.03  0.03  0.04  0.04  0.04
10  -5  0.03  0.10  0.16  0.32  0.64  0.95  1.57  3.04  4.39  5.39  7.25  9.34 10.25 10.25  8.37  7.24  3.80  1.21  0.41  0.31  0.12  0.04  0.03  0.03  0.03  0.04  0.04  0.03
10   0  0.03  0.09  0.16  0.32  0.63  0.94  1.56  3.05  4.41  5.38  7.25  9.36 10.34 10.47  8.51  7.29  3.75  1.17  0.39  0.29  0.11  0.03  0.03  0.03  0.03  0.03  0.03  0.03
10   5  0.03  0.10  0.16  0.33  0.65  0.97  1.59  3.06  4.44  5.42  7.28  9.30 10.22 10.38  8.54  7.35  3.99  1.28  0.47  0.35  0.13  0.03  0.03  0.03  0.03  0.03  0.03  0.03
10  10  0.03  0.10  0.17  0.33  0.66  0.98  1.61  3.09  4.49  5.50  7.37  9.31 10.11 10.24  8.54  7.38  4.23  1.39  0.55  0.40  0.14  0.03  0.03  0.03  0.03  0.03  0.03  0.03
10  15  0.03  0.10  0.17  0.34  0.67  0.99  1.63  3.11  4.58  5.62  7.48  9.26  9.86  9.83  8.29  7.18  4.20  1.44  0.57  0.41  0.14  0.03  0.03  0.03  0.03  0.04  0.04  0.03
10  20  0.04  0.11  0.18  0.35  0.69  1.02  1.66  3.13  4.63  5.72  7.60  9.24  9.65  9.50  8.05  6.99  4.17  1.47  0.59  0.43  0.14  0.04  0.04  0.04  0.04  0.04  0.04  0.04
10  25  0.03  0.10  0.17  0.35  0.69  1.02  1.68  3.22  4.80  5.94  7.74  9.09  9.35  9.10  7.89  6.98  4.23  1.54  0.61  0.45  0.16  0.06  0.04  0.04  0.04  0.05  0.04  0.04
10  30  0.04  0.11  0.18  0.36  0.71  1.05  1.72  3.27  4.96  6.18  7.93  8.99  9.05  8.70  7.70  6.98  4.31  1.61  0.65  0.47  0.18  0.07  0.05  0.05  0.05  0.05  0.04  0.04
10  35  0.04  0.11  0.19  0.37  0.73  1.09  1.78  3.37  5.16  6.44  8.06  8.75  8.62  8.14  7.21  6.57  4.27  1.82  0.86  0.65  0.30  0.10  0.06  0.05  0.05  0.05  0.04  0.04
10  40  0.04  0.12  0.19  0.38  0.76  1.13  1.84  3.48  5.38  6.72  8.19  8.51  8.18  7.62  6.75  6.16  4.23  2.03  1.06  0.82  0.41  0.19  0.09  0.06  0.05  0.05  0.04  0.04
10  45  0.04  0.12  0.20  0.40  0.80  1.19  1.93  3.62  5.61  6.98  8.23  8.27  7.81  7.19  6.45  5.95  4.29  2.26  1.25  0.98  0.54  0.24  0.14  0.08  0.06  0.05  0.04  0.04
10  50  0.04  0.13  0.21  0.42  0.83  1.24  2.01  3.80  5.83  7.21  8.25  8.00  7.43  6.78  6.15  5.74  4.32  2.48  1.45  1.16  0.68  0.28  0.16  0.11  0.08  0.05  0.04  0.04
10  55  0.04  0.13  0.22  0.43  0.85  1.27  2.08  3.96  5.91  7.24  8.08  7.72  7.11  6.44  5.84  5.44  4.26  2.55  1.56  1.26  0.78  0.35  0.20  0.14  0.09  0.05  0.04  0.04
10  60  0.05  0.14  0.23  0.45  0.89  1.33  2.18  4.17  6.19  7.49  8.10  7.53  6.83  6.07  5.57  5.24  4.26  2.67  1.72  1.40  0.87  0.41  0.25  0.16  0.09  0.05  0.04  0.04
10  65  0.05  0.14  0.23  0.46  0.92  1.37  2.23  4.25  6.07  7.24  7.65  7.05  6.38  5.65  5.17  4.87  4.02  2.70  1.87  1.53  1.00  0.47  0.27  0.18  0.09  0.05  0.04  0.04
10  70  0.05  0.14  0.24  0.47  0.94  1.39  2.27  4.31  5.93  6.97  7.21  6.58  5.93  5.22  4.77  4.48  3.77  2.72  2.00  1.67  1.12  0.52  0.30  0.19  0.09  0.05  0.04  0.04
10  75  0.05  0.14  0.24  0.47  0.93  1.38  2.25  4.26  5.50  6.29  6.49  6.03  5.50  4.85  4.41  4.15  3.61  2.74  2.06  1.72  1.17  0.54  0.31  0.20  0.10  0.05  0.04  0.04
10  80  0.05  0.14  0.23  0.46  0.92  1.36  2.22  4.19  5.07  5.62  5.77  5.49  5.08  4.49  4.05  3.81  3.46  2.76  2.10  1.77  1.22  0.57  0.33  0.21  0.11  0.06  0.04  0.04
10  85  0.05  0.14  0.23  0.46  0.91  1.35  2.21  4.16  5.06  5.62  5.78  5.52  5.10  4.50  4.05  3.80  3.45  2.76  2.11  1.77  1.22  0.57  0.33  0.21  0.13  0.06  0.04  0.04
10  90  0.05  0.14  0.23  0.46  0.91  1.35  2.20  4.14  5.01  5.56  5.75  5.49  5.08  4.47  3.97  3.72  3.39  2.73  2.09  1.76  1.22  0.58  0.34  0.21  0.12  0.06  0.04  0.04
11 -90  0.03  0.08  0.14  0.28  0.55  0.82  1.33  2.51  3.69  4.53  5.95  6.85  7.19  7.20  7.04  6.70  5.39  3.21  2.30  2.04  1.42  0.67  0.32  0.17  0.05  0.04  0.03  0.02
11 -85  0.03  0.09  0.14  0.28  0.56  0.83  1.35  2.54  3.73  4.58  6.04  7.01  7.23  7.04  6.75  6.47  5.35  3.28  2.22  1.90  1.27  0.62  0.31  0.07  0.05  0.04  0.03  0.02
11 -80  0.03  0.09  0.14  0.28  0.56  0.83  1.35  2.55  3.74  4.58  6.04  7.00  7.19  6.95  6.65  6.37  5.26  3.23  2.21  1.90  1.29  0.63  0.32  0.18  0.05  0.03  0.03  0.02
11 -75  0.03  0.09  0.14  0.29  0.57  0.84  1.37  2.59  3.79  4.66  6.10  7.14  7.32  7.00  6.83  6.67  5.39  3.32  2.27  1.96  1.34  0.67  0.33  0.19  0.05  0.04  0.03  0.02
11 -70  0.03  0.09  0.15  0.29  0.57  0.85  1.38  2.61  3.83  4.74  6.18  7.29  7.47  7.07  6.99  6.94  5.49  3.32  2.27  1.96  1.38  0.72  0.35  0.20  0.06  0.04  0.03  0.02
11 -65  0.03  0.09  0.15  0.30  0.58  0.87  1.41  2.67  3.95  4.92  6.46  7.61  7.74  7.26  7.10  7.04  5.47  3.36  2.24  1.92  1.33  0.72  0.36  0.20  0.06  0.04  0.03  0.03
11 -60  0.03  0.09  0.15  0.30  0.60  0.89  1.45  2.74  4.07  5.10  6.73  7.92  8.02  7.47  7.25  7.15  5.47  3.41  2.18  1.82  1.21  0.69  0.36  0.20  0.06  0.04  0.03  0.03
11 -55  0.03  0.09  0.16  0.31  0.62  0.92  1.49  2.82  4.24  5.28  6.97  8.23  8.33  7.83  7.18  6.77  5.24  3.33  2.09  1.71  1.04  0.59  0.32  0.18  0.06  0.04  0.03  0.03
11 -50  0.03  0.09  0.16  0.31  0.62  0.92  1.50  2.84  4.27  5.32  7.14  8.55  8.71  8.12  7.08  6.40  5.03  3.26  1.98  1.59  0.92  0.48  0.28  0.10  0.06  0.04  0.04  0.03
11 -45  0.03  0.09  0.15  0.31  0.61  0.91  1.49  2.86  4.28  5.35  7.25  8.80  9.03  8.39  7.24  6.50  5.05  3.19  1.87  1.49  0.84  0.43  0.25  0.09  0.06  0.04  0.04  0.03
11 -40  0.03  0.09  0.15  0.31  0.61  0.91  1.49  2.89  4.30  5.37  7.36  9.08  9.37  8.73  7.44  6.62  5.10  3.13  1.78  1.40  0.77  0.39  0.23  0.08  0.06  0.05  0.04  0.04
11 -35  0.03  0.09  0.16  0.31  0.62  0.92  1.51  2.92  4.35  5.43  7.45  9.27  9.63  9.03  7.61  6.68  4.82  2.59  1.32  1.03  0.53  0.28  0.12  0.07  0.06  0.05  0.04  0.04
11 -30  0.03  0.09  0.16  0.31  0.62  0.93  1.53  2.97  4.38  5.46  7.51  9.39  9.83  9.36  7.79  6.75  4.52  2.05  0.87  0.66  0.30  0.15  0.09  0.06  0.05  0.05  0.05  0.04
11 -25  0.03  0.10  0.16  0.32  0.64  0.95  1.56  2.99  4.42  5.49  7.52  9.47  9.96  9.60  7.89  6.74  4.31  1.81  0.70  0.53  0.22  0.09  0.06  0.05  0.05  0.05  0.05  0.04
11 -20  0.03  0.10  0.16  0.32  0.64  0.95  1.57  3.03  4.46  5.53  7.54  9.53 10.07  9.80  7.96  6.69  4.10  1.57  0.56  0.41  0.15  0.06  0.05  0.04  0.05  0.05  0.05  0.04
11 -15  0.03  0.10  0.16  0.32  0.63  0.95  1.56  3.06  4.48  5.54  7.51  9.49 10.09  9.91  8.10  6.90  3.95  1.40  0.49  0.37  0.14  0.05  0.04  0.04  0.04  0.04  0.04  0.04
11 -10  0.03  0.09  0.16  0.31  0.63  0.94  1.56  3.11  4.53  5.57  7.51  9.48 10.19 10.09  8.28  7.11  3.81  1.23  0.42  0.32  0.13  0.04  0.03  0.03  0.04  0.04  0.04  0.04
11  -5  0.03  0.09  0.16  0.32  0.63  0.94  1.57  3.12  4.54  5.58  7.44  9.38 10.14 10.11  8.27  7.09  3.69  1.16  0.40  0.31  0.13  0.04  0.03  0.03  0.03  0.04  0.03  0.03
11   0  0.03  0.10  0.16  0.32  0.64  0.96  1.59  3.13  4.58  5.61  7.45  9.34 10.11 10.18  8.31  7.11  3.61  1.09  0.37  0.29  0.13  0.03  0.03  0.03  0.03  0.03  0.03  0.03
11   5  0.03  0.10  0.17  0.33  0.66  0.98  1.61  3.12  4.56  5.58  7.37  9.17  9.95 10.06  8.30  7.13  3.83  1.18  0.42  0.32  0.13  0.03  0.03  0.03  0.03  0.03  0.03  0.03
11  10  0.03  0.10  0.17  0.33  0.66  0.99  1.62  3.13  4.56  5.59  7.34  9.06  9.77  9.90  8.27  7.14  4.04  1.27  0.46  0.35  0.13  0.04  0.03  0.03  0.03  0.04  0.04  0.03
11  15  0.03  0.10  0.17  0.34  0.67  1.00  1.64  3.15  4.64  5.69  7.43  8.93  9.45  9.45  8.00  6.94  3.97  1.32  0.48  0.35  0.13  0.04  0.03  0.03  0.04  0.04  0.04  0.04
11  20  0.04  0.11  0.18  0.35  0.69  1.03  1.67  3.16  4.70  5.78  7.49  8.84  9.18  9.07  7.74  6.74  3.91  1.36  0.49  0.36  0.13  0.04  0.04  0.04  0.04  0.04  0.04  0.04
11  25  0.04  0.11  0.18  0.35  0.70  1.04  1.71  3.29  4.92  6.08  7.66  8.67  8.82  8.60  7.51  6.68  4.04  1.47  0.57  0.42  0.17  0.05  0.04  0.04  0.04  0.04  0.04  0.04
11  30  0.04  0.11  0.19  0.37  0.73  1.09  1.78  3.38  5.15  6.38  7.88  8.54  8.46  8.11  7.25  6.62  4.16  1.59  0.65  0.49  0.21  0.08  0.05  0.05  0.05  0.04  0.04  0.04
11  35  0.04  0.12  0.20  0.39  0.78  1.16  1.89  3.57  5.47  6.77  8.02  8.29  8.04  7.57  6.89  6.41  4.39  1.94  0.92  0.71  0.34  0.15  0.07  0.06  0.05  0.05  0.04  0.04
11  40  0.04  0.13  0.21  0.42  0.83  1.23  2.00  3.78  5.80  7.16  8.16  8.05  7.63  7.10  6.58  6.20  4.62  2.28  1.19  0.92  0.47  0.20  0.11  0.08  0.06  0.05  0.04  0.04
11  45  0.05  0.14  0.23  0.45  0.89  1.31  2.14  4.01  6.08  7.42  8.14  7.81  7.32  6.78  6.41  6.15  4.72  2.49  1.40  1.11  0.62  0.28  0.16  0.10  0.07  0.05  0.05  0.04
11  50  0.05  0.14  0.24  0.48  0.95  1.40  2.28  4.26  6.31  7.62  8.09  7.55  7.01  6.49  6.24  6.07  4.78  2.68  1.62  1.31  0.79  0.36  0.20  0.13  0.08  0.05  0.05  0.04
11  55  0.05  0.15  0.25  0.49  0.97  1.44  2.34  4.40  6.23  7.42  7.78  7.32  6.81  6.30  6.01  5.81  4.64  2.74  1.72  1.42  0.94  0.42  0.23  0.15  0.08  0.05  0.05  0.04
11  60  0.05  0.15  0.25  0.50  0.99  1.47  2.40  4.58  6.32  7.45  7.67  7.17  6.65  6.07  5.80  5.64  4.56  2.86  1.86  1.56  1.07  0.48  0.26  0.16  0.09  0.05  0.05  0.04
11  65  0.05  0.15  0.24  0.49  0.96  1.43  2.33  4.42  6.04  7.10  7.43  7.07  6.59  5.98  5.57  5.31  4.46  2.96  2.06  1.76  1.26  0.57  0.30  0.19  0.09  0.05  0.04  0.04
11  70  0.05  0.14  0.24  0.47  0.94  1.39  2.26  4.22  5.74  6.76  7.19  6.96  6.51  5.90  5.33  4.98  4.35  3.06  2.25  1.94  1.44  0.66  0.34  0.21  0.09  0.05  0.04  0.04
11  75  0.05  0.14  0.23  0.47  0.92  1.36  2.19  4.03  5.42  6.35  6.74  6.35  5.77  5.08  4.52  4.19  3.80  2.98  2.19  1.88  1.37  0.62  0.32  0.19  0.10  0.05  0.04  0.04
11  80  0.05  0.14  0.23  0.46  0.90  1.32  2.12  3.85  5.11  5.93  6.27  5.72  5.01  4.26  3.70  3.39  3.24  2.90  2.12  1.81  1.31  0.58  0.29  0.17  0.10  0.06  0.04  0.04
11  85  0.05  0.14  0.23  0.45  0.89  1.31  2.11  3.83  5.06  5.89  6.25  5.73  5.04  4.28  3.70  3.38  3.24  2.90  2.12  1.81  1.31  0.58  0.29  0.17  0.10  0.06  0.04  0.04
11  90  0.05  0.14  0.23  0.45  0.89  1.30  2.10  3.80  4.99  5.79  6.17  5.67  5.01  4.24  3.61  3.29  3.18  2.85  2.09  1.79  1.29  0.58  0.29  0.17  0.10  0.05  0.04  0.04
12 -90  0.03  0.08  0.13  0.25  0.49  0.73  1.18  2.21  3.35  4.21  5.79  6.66  6.48  5.78  5.51  5.58  5.29  4.18  2.88  2.47  1.71  0.82  0.43  0.23  0.11  0.04  0.03  0.02
12 -85  0.03  0.08  0.13  0.25  0.49  0.73  1.18  2.21  3.36  4.20  5.75  6.70  6.55  5.84  5.46  5.38  5.03  4.00  2.74  2.32  1.56  0.74  0.42  0.23  0.11  0.04  0.03  0.02
12 -80  0.03  0.08  0.13  0.25  0.49  0.73  1.18  2.21  3.35  4.19  5.73  6.69  6.55  5.83  5.43  5.33  4.96  3.92  2.68  2.27  1.54  0.74  0.42  0.23  0.11  0.04  0.03  0.02
12 -75  0.03  0.08  0.13  0.26  0.51  0.75  1.22  2.28  3.41  4.24  5.73  6.77  6.72  6.02  5.60  5.45  4.99  3.82  2.58  2.19  1.49  0.72  0.41  0.22  0.06  0.04  0.03  0.02
12 -70  0.03  0.08  0.13  0.26  0.52  0.77  1.26  2.36  3.46  4.29  5.74  6.86  6.89  6.23  5.79  5.59  5.01  3.68  2.43  2.06  1.40  0.70  0.41  0.22  0.06  0.04  0.03  0.02
12 -65  0.03  0.08  0.14  0.27  0.54  0.80  1.30  2.43  3.55  4.41  5.91  7.17  7.30  6.70  6.19  5.91  5.01  3.48  2.23  1.87  1.25  0.65  0.38  0.20  0.07  0.04  0.03  0.02
12 -60  0.03  0.08  0.14  0.28  0.55  0.82  1.34  2.50  3.65  4.54  6.11  7.52  7.76  7.22  6.61  6.25  5.04  3.32  2.05  1.69  1.09  0.59  0.35  0.19  0.07  0.04  0.03  0.02
12 -55  0.03  0.09  0.15  0.29  0.58  0.86  1.39  2.61  3.83  4.71  6.32  7.88  8.24  7.87  7.02  6.46  4.94  3.08  1.85  1.51  0.91  0.50  0.29  0.16  0.07  0.04  0.03  0.03
12 -50  0.03  0.09  0.15  0.30  0.59  0.87  1.41  2.66  3.87  4.76  6.47  8.25  8.77  8.41  7.34  6.63  4.82  2.83  1.62  1.30  0.75  0.43  0.24  0.11  0.07  0.04  0.03  0.03
12 -45  0.03  0.09  0.15  0.29  0.58  0.87  1.42  2.73  3.96  4.89  6.68  8.55  9.16  8.82  7.39  6.40  4.60  2.63  1.48  1.18  0.66  0.36  0.20  0.09  0.06  0.04  0.04  0.03
12 -40  0.03  0.09  0.15  0.29  0.59  0.87  1.44  2.81  4.06  5.01  6.86  8.84  9.51  9.22  7.41  6.17  4.38  2.42  1.33  1.05  0.57  0.30  0.12  0.07  0.05  0.04  0.04  0.03
12 -35  0.03  0.09  0.15  0.30  0.60  0.90  1.48  2.88  4.21  5.20  7.13  9.07  9.70  9.39  7.76  6.65  4.36  2.08  1.02  0.79  0.41  0.19  0.10  0.06  0.05  0.05  0.04  0.04
12 -30  0.03  0.09  0.15  0.31  0.61  0.91  1.51  2.95  4.33  5.36  7.35  9.27  9.84  9.56  8.11  7.12  4.32  1.75  0.71  0.54  0.25  0.13  0.07  0.06  0.05  0.05  0.04  0.04
12 -25  0.03  0.10  0.16  0.32  0.63  0.94  1.55  3.01  4.46  5.54  7.55  9.45  9.98  9.69  8.12  7.03  4.17  1.60  0.59  0.44  0.18  0.08  0.05  0.05  0.05  0.05  0.04  0.04
12 -20  0.03  0.10  0.16  0.32  0.63  0.95  1.57  3.10  4.60  5.72  7.77  9.62 10.09  9.82  8.10  6.91  4.01  1.45  0.49  0.36  0.13  0.06  0.04  0.04  0.04  0.04  0.04  0.04
12 -15  0.03  0.10  0.16  0.32  0.64  0.95  1.59  3.15  4.70  5.86  7.92  9.72 10.17  9.93  8.18  7.01  3.91  1.33  0.43  0.32  0.13  0.05  0.04  0.04  0.04  0.04  0.04  0.04
12 -10  0.03  0.10  0.16  0.32  0.64  0.96  1.60  3.23  4.83  6.00  8.07  9.87 10.35 10.10  8.31  7.12  3.82  1.20  0.38  0.29  0.12  0.04  0.03  0.03  0.03  0.04  0.04  0.03
12  -5  0.03  0.10  0.16  0.32  0.64  0.96  1.61  3.25  4.86  6.04  8.02  9.76 10.25 10.02  8.11  6.86  3.64  1.13  0.36  0.28  0.13  0.04  0.03  0.03  0.03  0.04  0.03  0.03
12   0  0.03  0.10  0.17  0.34  0.67  1.00  1.66  3.24  4.89  6.07  8.03  9.68 10.14  9.98  7.95  6.60  3.48  1.07  0.34  0.27  0.13  0.03  0.03  0.03  0.03  0.03  0.03  0.03
12   5  0.03  0.10  0.17  0.34  0.68  1.01  1.66  3.24  4.85  6.02  7.87  9.42  9.89  9.73  7.94  6.74  3.70  1.17  0.38  0.30  0.13  0.04  0.03  0.03  0.03  0.04  0.03  0.03
12  10  0.03  0.10  0.17  0.34  0.68  1.01  1.67  3.23  4.83  5.98  7.78  9.19  9.60  9.46  7.93  6.89  3.93  1.27  0.43  0.33  0.12  0.04  0.03  0.03  0.04  0.04  0.04  0.04
12  15  0.03  0.10  0.17  0.34  0.68  1.02  1.67  3.23  4.84  6.01  7.76  8.97  9.23  9.01  7.65  6.67  3.88  1.37  0.46  0.35  0.12  0.04  0.04  0.04  0.04  0.04  0.04  0.04
12  20  0.04  0.11  0.18  0.35  0.70  1.04  1.69  3.21  4.85  6.02  7.69  8.76  8.89  8.60  7.37  6.46  3.85  1.44  0.48  0.36  0.13  0.05  0.04  0.04  0.04  0.04  0.05  0.04
12  25  0.04  0.11  0.18  0.35  0.70  1.04  1.71  3.30  4.97  6.17  7.70  8.49  8.48  8.14  7.25  6.58  4.13  1.59  0.60  0.45  0.19  0.06  0.05  0.05  0.04  0.05  0.05  0.04
12  30  0.04  0.11  0.19  0.37  0.73  1.08  1.77  3.35  5.11  6.32  7.72  8.25  8.08  7.68  7.12  6.70  4.40  1.79  0.75  0.56  0.25  0.09  0.06  0.05  0.05  0.05  0.05  0.04
12  35  0.04  0.12  0.20  0.39  0.78  1.15  1.88  3.55  5.36  6.58  7.70  7.95  7.71  7.27  6.94  6.69  4.77  2.18  1.05  0.82  0.44  0.21  0.10  0.07  0.06  0.05  0.05  0.04
12  40  0.04  0.13  0.21  0.42  0.83  1.23  2.00  3.76  5.62  6.81  7.69  7.68  7.35  6.92  6.79  6.67  5.11  2.56  1.36  1.09  0.63  0.30  0.16  0.10  0.07  0.05  0.05  0.04
12  45  0.05  0.14  0.22  0.45  0.88  1.31  2.13  4.01  5.82  6.93  7.56  7.45  7.12  6.72  6.59  6.48  5.09  2.87  1.62  1.31  0.80  0.38  0.20  0.13  0.08  0.05  0.05  0.04
12  50  0.05  0.14  0.24  0.47  0.94  1.39  2.26  4.22  5.93  7.01  7.45  7.24  6.92  6.59  6.41  6.27  5.04  3.17  1.89  1.55  0.98  0.46  0.24  0.15  0.08  0.05  0.05  0.04
12  55  0.05  0.14  0.24  0.48  0.94  1.39  2.26  4.23  5.69  6.68  7.16  7.14  6.88  6.55  6.21  5.97  4.84  3.18  2.02  1.69  1.14  0.54  0.28  0.16  0.09  0.05  0.05  0.04
12  60  0.05  0.14  0.24  0.47  0.94  1.39  2.26  4.26  5.65  6.60  7.07  7.11  6.87  6.48  6.05  5.76  4.69  3.24  2.19  1.85  1.29  0.62  0.31  0.18  0.09  0.05  0.05  0.04
12  65  0.05  0.15  0.24  0.48  0.94  1.39  2.24  4.11  5.52  6.48  7.04  7.13  6.86  6.40  5.84  5.47  4.57  3.21  2.26  1.92  1.36  0.65  0.30  0.18  0.09  0.06  0.05  0.04
12  70  0.05  0.15  0.24  0.48  0.94  1.39  2.22  3.98  5.39  6.35  6.98  7.12  6.82  6.31  5.64  5.20  4.46  3.17  2.31  1.98  1.42  0.68  0.30  0.18  0.10  0.06  0.05  0.04
12  75  0.05  0.14  0.23  0.46  0.90  1.32  2.09  3.63  5.08  6.06  6.74  6.77  6.41  5.85  5.21  4.78  4.24  3.20  2.33  1.99  1.43  0.67  0.32  0.19  0.10  0.06  0.05  0.04
12  80  0.04  0.13  0.22  0.44  0.85  1.24  1.95  3.31  4.77  5.77  6.50  6.42  5.99  5.39  4.76  4.34  4.02  3.23  2.35  2.01  1.44  0.67  0.34  0.21  0.10  0.06  0.05  0.04
12  85  0.04  0.13  0.22  0.44  0.85  1.24  1.94  3.28  4.75  5.75  6.49  6.44  6.03  5.43  4.78  4.35  4.01  3.23  2.35  2.01  1.44  0.67  0.34  0.21  0.10  0.06  0.05  0.04
12  90  0.04  0.13  0.22  0.43  0.84  1.23  1.92  3.25  4.72  5.71  6.40  6.43  6.08  5.51  4.82  4.34  3.96  3.18  2.30  1.95  1.41  0.67  0.34  0.20  0.10  0.06  0.05  0.04
