     0.010
     0.030
     0.050
     0.100
     0.200
     0.300
     0.500
     1.000
     1.500
     2.000
     3.000
     5.000
     7.000
    10.000
    15.000
    20.000
    30.000
    50.000
    70.000
    80.000
   100.000
   150.000
   200.000
   250.000
   300.000
   400.000
   500.000
   600.000
 1 -90  0.02  0.07  0.11  0.22  0.45  0.68  1.13  2.30  3.31  4.10  5.76  6.69  6.41  5.48  4.61  3.99  3.41  2.81  2.23  1.89  1.27  0.64  0.34  0.19  0.08  0.06  0.03  0.02
 1 -85  0.02  0.07  0.11  0.22  0.45  0.68  1.13  2.29  3.30  4.10  5.78  6.71  6.42  5.47  4.60  3.99  3.41  2.82  2.22  1.89  1.27  0.64  0.34  0.19  0.09  0.06  0.03  0.02
 1 -80  0.02  0.07  0.11  0.22  0.45  0.68  1.13  2.27  3.29  4.11  5.80  6.72  6.43  5.47  4.59  3.98  3.42  2.82  2.22  1.88  1.27  0.64  0.34  0.19  0.09  0.05  0.03  0.02
 1 -75  0.02  0.07  0.12  0.23  0.46  0.69  1.16  2.33  3.36  4.19  5.83  6.86  6.67  5.74  4.93  4.36  3.71  2.89  2.20  1.86  1.25  0.64  0.34  0.19  0.08  0.05  0.03  0.03
 1 -70  0.02  0.07  0.12  0.24  0.48  0.71  1.19  2.39  3.43  4.28  5.86  6.99  6.91  6.02  5.26  4.73  4.03  2.97  2.16  1.82  1.21  0.62  0.34  0.19  0.08  0.05  0.03  0.03
 1 -65  0.02  0.07  0.12  0.25  0.49  0.74  1.23  2.47  3.54  4.42  6.04  7.32  7.38  6.57  5.86  5.37  4.30  2.98  2.01  1.68  1.10  0.55  0.33  0.19  0.12  0.05  0.03  0.03
 1 -60  0.03  0.08  0.13  0.26  0.51  0.77  1.28  2.56  3.67  4.57  6.24  7.65  7.85  7.13  6.47  6.01  4.57  2.99  1.87  1.55  0.99  0.48  0.31  0.20  0.12  0.05  0.04  0.03
 1 -55  0.03  0.08  0.13  0.27  0.53  0.80  1.33  2.67  3.82  4.78  6.49  7.97  8.29  7.68  6.87  6.28  4.49  2.76  1.54  1.26  0.78  0.36  0.25  0.18  0.12  0.05  0.04  0.03
 1 -50  0.03  0.08  0.14  0.27  0.55  0.82  1.37  2.75  3.94  4.97  6.70  8.29  8.72  8.21  7.24  6.57  4.44  2.57  1.27  1.01  0.57  0.24  0.18  0.17  0.10  0.05  0.04  0.03
 1 -45  0.03  0.08  0.14  0.27  0.55  0.83  1.39  2.81  4.01  4.99  6.81  8.61  9.10  8.72  7.49  6.68  4.55  2.58  1.25  0.97  0.53  0.19  0.15  0.12  0.07  0.04  0.04  0.03
 1 -40  0.03  0.08  0.14  0.27  0.55  0.83  1.39  2.80  4.16  5.20  7.15  9.01  9.52  9.07  7.73  6.75  4.57  2.60  1.29  1.00  0.52  0.18  0.13  0.08  0.05  0.04  0.04  0.03
 1 -35  0.03  0.08  0.14  0.28  0.56  0.85  1.42  2.86  4.03  5.07  7.09  9.08  9.60  9.35  7.87  6.89  4.52  2.36  1.03  0.77  0.37  0.16  0.09  0.06  0.05  0.04  0.04  0.03
 1 -30  0.03  0.08  0.14  0.28  0.57  0.85  1.43  2.88  4.16  5.22  7.27  9.32  9.84  9.43  8.05  7.07  4.48  2.07  0.78  0.56  0.24  0.10  0.06  0.05  0.04  0.04  0.04  0.03
 1 -25  0.03  0.09  0.14  0.29  0.58  0.87  1.46  2.95  4.24  5.40  7.60  9.50  9.94  9.49  8.00  7.00  4.40  1.85  0.70  0.49  0.19  0.07  0.04  0.04  0.04  0.04  0.04  0.03
 1 -20  0.03  0.08  0.14  0.28  0.56  0.85  1.42  2.87  4.33  5.53  7.71  9.62 10.20  9.73  8.06  6.95  4.37  1.68  0.59  0.41  0.13  0.05  0.04  0.03  0.03  0.04  0.04  0.03
 1 -15  0.03  0.08  0.14  0.28  0.57  0.85  1.43  2.92  4.42  5.44  7.53  9.69 10.45  9.87  8.11  6.99  4.19  1.63  0.53  0.36  0.13  0.04  0.03  0.03  0.03  0.03  0.03  0.03
 1 -10  0.03  0.08  0.14  0.28  0.56  0.84  1.41  2.87  4.26  5.39  7.35  9.49 10.13  9.81  8.07  7.07  4.08  1.56  0.47  0.32  0.09  0.03  0.03  0.03  0.03  0.03  0.03  0.03
 1  -5  0.03  0.08  0.14  0.28  0.56  0.85  1.42  2.92  4.44  5.57  7.62  9.46 10.05  9.66  7.92  6.91  3.97  1.50  0.45  0.30  0.07  0.03  0.02  0.02  0.02  0.03  0.03  0.02
 1   0  0.03  0.09  0.15  0.30  0.61  0.92  1.56  3.22  4.66  5.83  7.67  9.62 10.25  9.59  7.78  6.75  3.75  1.37  0.41  0.28  0.06  0.03  0.02  0.02  0.02  0.03  0.03  0.02
 1   5  0.03  0.09  0.15  0.30  0.61  0.92  1.55  3.18  4.76  5.88  7.89  9.43  9.75  9.47  7.81  6.71  3.94  1.48  0.48  0.31  0.06  0.03  0.03  0.03  0.03  0.03  0.03  0.03
 1  10  0.03  0.09  0.15  0.30  0.61  0.92  1.54  3.16  4.70  5.94  7.68  9.00  9.27  9.18  7.82  6.75  4.14  1.64  0.54  0.36  0.06  0.03  0.03  0.03  0.03  0.03  0.03  0.03
 1  15  0.03  0.09  0.15  0.31  0.62  0.93  1.56  3.19  4.82  6.08  7.64  8.79  9.02  8.97  7.50  6.51  4.06  1.64  0.58  0.40  0.07  0.03  0.03  0.03  0.03  0.03  0.04  0.03
 1  20  0.03  0.09  0.16  0.32  0.64  0.96  1.62  3.31  5.00  6.34  7.83  8.65  8.96  8.76  7.21  6.31  4.13  1.73  0.58  0.42  0.16  0.04  0.03  0.03  0.03  0.03  0.04  0.04
 1  25  0.03  0.09  0.16  0.32  0.63  0.95  1.60  3.25  5.12  6.33  7.80  8.59  8.66  8.15  7.01  6.46  4.41  2.12  0.79  0.60  0.25  0.06  0.04  0.04  0.04  0.04  0.04  0.04
 1  30  0.03  0.10  0.17  0.33  0.67  1.01  1.70  3.47  5.19  6.54  7.83  8.39  8.43  7.79  7.05  6.66  4.79  2.37  0.93  0.70  0.32  0.10  0.06  0.05  0.04  0.04  0.04  0.04
 1  35  0.03  0.10  0.17  0.35  0.70  1.06  1.78  3.63  5.44  6.77  8.04  8.25  8.04  7.56  7.00  6.59  5.10  2.68  1.23  0.95  0.49  0.24  0.15  0.07  0.06  0.04  0.04  0.04
 1  40  0.04  0.11  0.18  0.37  0.74  1.11  1.87  3.83  5.59  6.92  8.06  8.13  7.69  7.06  6.67  6.50  5.45  3.07  1.65  1.24  0.68  0.35  0.22  0.11  0.07  0.05  0.04  0.04
 1  45  0.04  0.11  0.19  0.38  0.76  1.14  1.92  3.93  5.61  6.89  7.91  7.77  7.25  6.82  6.62  6.42  5.57  3.41  1.90  1.52  0.95  0.49  0.30  0.19  0.08  0.05  0.04  0.04
 1  50  0.04  0.11  0.19  0.38  0.77  1.16  1.95  3.99  5.82  7.01  7.70  7.45  6.76  6.21  6.34  6.36  5.73  3.71  2.16  1.76  1.15  0.61  0.34  0.23  0.09  0.05  0.04  0.04
 1  55  0.04  0.12  0.20  0.39  0.79  1.18  1.99  4.06  5.79  6.73  7.27  6.94  6.41  6.02  6.06  6.08  5.47  3.75  2.35  1.93  1.33  0.67  0.39  0.26  0.10  0.05  0.04  0.04
 1  60  0.04  0.12  0.20  0.39  0.79  1.19  1.99  4.06  5.66  6.47  6.93  6.55  6.14  5.90  5.79  5.72  5.14  3.70  2.53  2.12  1.52  0.74  0.44  0.27  0.10  0.05  0.04  0.04
 1  65  0.04  0.12  0.19  0.39  0.77  1.17  1.96  4.00  5.66  6.43  6.92  6.54  6.24  6.08  5.85  5.69  4.95  3.65  2.53  2.13  1.54  0.74  0.41  0.25  0.10  0.05  0.04  0.04
 1  70  0.04  0.11  0.19  0.38  0.76  1.15  1.93  3.94  5.64  6.37  6.90  6.55  6.34  6.25  5.91  5.65  4.80  3.61  2.54  2.15  1.55  0.73  0.39  0.23  0.10  0.05  0.04  0.04
 1  75  0.04  0.11  0.18  0.36  0.73  1.10  1.84  3.76  5.42  6.07  6.57  6.11  5.84  5.73  5.36  5.08  4.56  3.51  2.63  2.29  1.74  0.77  0.40  0.23  0.10  0.05  0.04  0.04
 1  80  0.04  0.11  0.18  0.35  0.71  1.07  1.79  3.67  5.16  5.75  6.20  5.66  5.33  5.17  4.80  4.52  4.32  3.42  2.72  2.42  1.93  0.81  0.41  0.24  0.11  0.05  0.04  0.04
 1  85  0.04  0.11  0.18  0.35  0.71  1.07  1.79  3.65  5.13  5.71  6.14  5.61  5.29  5.14  4.78  4.50  4.31  3.41  2.71  2.43  1.93  0.81  0.41  0.24  0.10  0.05  0.04  0.04
 1  90  0.04  0.11  0.18  0.35  0.71  1.06  1.79  3.64  5.10  5.66  6.08  5.55  5.25  5.12  4.76  4.48  4.29  3.41  2.71  2.43  1.93  0.81  0.41  0.24  0.10  0.05  0.04  0.04
 2 -90  0.03  0.08  0.14  0.27  0.55  0.83  1.39  2.81  4.09  5.03  6.28  6.31  5.67  4.75  4.27  3.81  2.77  2.61  2.29  1.96  1.38  0.65  0.35  0.21  0.12  0.06  0.03  0.02
 2 -85  0.03  0.08  0.14  0.27  0.55  0.83  1.38  2.80  4.08  5.03  6.29  6.32  5.68  4.74  4.26  3.80  2.78  2.61  2.28  1.96  1.38  0.65  0.35  0.21  0.13  0.06  0.03  0.02
 2 -80  0.03  0.08  0.14  0.27  0.55  0.83  1.38  2.79  4.07  5.04  6.31  6.33  5.69  4.73  4.26  3.79  2.78  2.61  2.28  1.95  1.38  0.65  0.35  0.21  0.13  0.06  0.03  0.03
 2 -75  0.03  0.08  0.14  0.27  0.55  0.82  1.37  2.76  4.05  5.03  6.40  6.69  6.17  5.21  4.65  4.14  2.99  2.62  2.27  1.93  1.35  0.64  0.36  0.21  0.12  0.05  0.03  0.03
 2 -70  0.03  0.08  0.14  0.27  0.54  0.81  1.36  2.73  4.02  5.03  6.49  7.04  6.66  5.69  5.04  4.49  3.27  2.63  2.24  1.90  1.30  0.61  0.36  0.21  0.11  0.05  0.04  0.03
 2 -65  0.03  0.08  0.14  0.28  0.55  0.83  1.38  2.78  4.08  5.11  6.65  7.45  7.22  6.30  5.55  4.96  3.71  2.67  2.06  1.74  1.17  0.54  0.34  0.20  0.12  0.05  0.04  0.03
 2 -60  0.03  0.08  0.14  0.28  0.56  0.85  1.41  2.83  4.15  5.20  6.82  7.86  7.79  6.91  6.06  5.41  4.14  2.71  1.90  1.58  1.05  0.47  0.32  0.20  0.12  0.05  0.04  0.03
 2 -55  0.03  0.09  0.15  0.29  0.58  0.88  1.46  2.94  4.28  5.38  7.02  8.15  8.22  7.47  6.60  5.92  4.27  2.58  1.52  1.25  0.79  0.35  0.25  0.18  0.11  0.05  0.04  0.03
 2 -50  0.03  0.09  0.15  0.30  0.60  0.90  1.51  3.02  4.38  5.53  7.20  8.44  8.66  8.04  7.14  6.46  4.39  2.47  1.21  0.96  0.54  0.24  0.17  0.15  0.09  0.05  0.04  0.03
 2 -45  0.03  0.09  0.15  0.30  0.60  0.90  1.51  3.06  4.39  5.49  7.24  8.74  9.05  8.57  7.44  6.62  4.49  2.41  1.20  0.92  0.48  0.18  0.17  0.10  0.07  0.04  0.04  0.03
 2 -40  0.03  0.09  0.15  0.30  0.60  0.90  1.51  3.05  4.51  5.64  7.50  9.13  9.53  9.05  7.74  6.73  4.52  2.38  1.21  0.91  0.44  0.16  0.11  0.07  0.05  0.04  0.03  0.03
 2 -35  0.03  0.09  0.15  0.30  0.60  0.90  1.51  3.05  4.31  5.43  7.37  9.18  9.62  9.33  7.84  6.79  4.42  2.20  0.98  0.72  0.32  0.13  0.08  0.05  0.04  0.04  0.03  0.03
 2 -30  0.03  0.09  0.15  0.30  0.60  0.90  1.51  3.05  4.38  5.50  7.47  9.37  9.85  9.49  8.01  6.92  4.33  1.97  0.77  0.55  0.22  0.09  0.05  0.04  0.04  0.04  0.04  0.03
 2 -25  0.03  0.09  0.15  0.30  0.59  0.89  1.50  3.03  4.32  5.49  7.65  9.54 10.04  9.67  8.03  6.91  4.25  1.83  0.66  0.47  0.18  0.06  0.04  0.03  0.03  0.04  0.03  0.03
 2 -20  0.03  0.08  0.14  0.28  0.57  0.86  1.43  2.90  4.35  5.58  7.68  9.59 10.33 10.03  8.16  6.91  4.22  1.68  0.55  0.38  0.12  0.04  0.03  0.03  0.03  0.03  0.03  0.03
 2 -15  0.03  0.08  0.14  0.28  0.56  0.85  1.43  2.93  4.37  5.33  7.39  9.68 10.58 10.13  8.19  6.96  4.10  1.58  0.51  0.34  0.12  0.04  0.03  0.03  0.03  0.03  0.03  0.03
 2 -10  0.03  0.08  0.14  0.27  0.55  0.83  1.39  2.85  4.15  5.19  7.08  9.44 10.37 10.18  8.18  7.06  4.07  1.47  0.47  0.32  0.08  0.03  0.03  0.02  0.03  0.03  0.03  0.02
 2  -5  0.03  0.08  0.14  0.27  0.55  0.83  1.40  2.89  4.30  5.34  7.31  9.40 10.36 10.09  7.85  6.64  3.91  1.44  0.46  0.32  0.07  0.03  0.02  0.02  0.02  0.03  0.03  0.02
 2   0  0.03  0.09  0.15  0.30  0.61  0.91  1.55  3.21  4.53  5.66  7.49  9.79 10.82 10.21  7.58  6.17  3.63  1.32  0.44  0.31  0.06  0.03  0.02  0.02  0.02  0.03  0.03  0.02
 2   5  0.03  0.09  0.15  0.30  0.59  0.90  1.52  3.12  4.61  5.66  7.69  9.51 10.23 10.03  7.73  6.40  3.82  1.44  0.52  0.34  0.06  0.03  0.03  0.02  0.03  0.03  0.03  0.03
 2  10  0.03  0.09  0.15  0.29  0.59  0.89  1.49  3.06  4.47  5.60  7.46  9.09  9.63  9.57  7.89  6.74  4.05  1.63  0.60  0.40  0.06  0.03  0.03  0.03  0.03  0.03  0.03  0.03
 2  15  0.03  0.09  0.15  0.29  0.59  0.89  1.50  3.07  4.65  5.78  7.54  8.90  9.28  9.27  7.71  6.71  4.12  1.71  0.66  0.46  0.07  0.03  0.03  0.03  0.03  0.03  0.04  0.04
 2  20  0.03  0.09  0.15  0.31  0.62  0.93  1.57  3.21  4.78  6.02  7.72  8.84  9.27  9.12  7.62  6.75  4.37  1.85  0.69  0.49  0.09  0.04  0.03  0.03  0.03  0.04  0.04  0.04
 2  25  0.03  0.09  0.15  0.31  0.62  0.93  1.57  3.20  4.96  6.09  7.70  8.74  8.91  8.47  7.28  6.65  4.58  2.20  0.88  0.66  0.26  0.06  0.05  0.04  0.04  0.04  0.04  0.04
 2  30  0.03  0.10  0.16  0.33  0.66  0.99  1.66  3.40  5.08  6.40  7.85  8.57  8.67  8.12  7.18  6.63  4.90  2.38  1.00  0.75  0.31  0.18  0.08  0.06  0.05  0.04  0.04  0.04
 2  35  0.03  0.10  0.17  0.34  0.69  1.04  1.74  3.55  5.38  6.70  8.17  8.50  8.36  7.86  7.14  6.62  5.15  2.81  1.30  0.99  0.47  0.30  0.21  0.09  0.06  0.04  0.04  0.04
 2  40  0.04  0.11  0.18  0.36  0.73  1.09  1.84  3.77  5.54  6.89  8.23  8.44  8.08  7.38  6.82  6.55  5.42  3.27  1.70  1.26  0.66  0.42  0.29  0.13  0.08  0.05  0.04  0.04
 2  45  0.04  0.11  0.18  0.37  0.74  1.12  1.89  3.86  5.64  7.00  8.28  8.25  7.71  7.21  6.81  6.45  5.58  3.61  1.97  1.57  0.95  0.55  0.37  0.23  0.09  0.05  0.04  0.04
 2  50  0.04  0.11  0.19  0.38  0.76  1.14  1.91  3.90  5.86  7.24  8.14  7.97  7.24  6.62  6.51  6.35  5.77  3.88  2.27  1.85  1.19  0.65  0.40  0.28  0.10  0.05  0.05  0.04
 2  55  0.04  0.12  0.20  0.39  0.79  1.18  1.99  4.06  5.95  7.16  7.87  7.60  6.95  6.43  6.32  6.23  5.73  3.99  2.46  2.02  1.37  0.70  0.43  0.30  0.11  0.06  0.05  0.04
 2  60  0.04  0.12  0.20  0.40  0.81  1.22  2.05  4.18  5.97  7.10  7.66  7.27  6.68  6.27  6.13  6.05  5.65  4.05  2.65  2.21  1.56  0.76  0.48  0.31  0.12  0.06  0.05  0.04
 2  65  0.04  0.12  0.20  0.40  0.81  1.22  2.05  4.19  5.88  6.89  7.42  7.06  6.61  6.31  6.08  5.93  5.44  3.91  2.75  2.33  1.70  0.83  0.47  0.30  0.12  0.06  0.05  0.04
 2  70  0.04  0.12  0.20  0.40  0.81  1.22  2.05  4.18  5.81  6.70  7.19  6.85  6.54  6.36  6.02  5.79  5.28  3.79  2.85  2.45  1.83  0.89  0.47  0.29  0.12  0.06  0.05  0.04
 2  75  0.04  0.12  0.20  0.40  0.80  1.21  2.03  4.15  5.66  6.38  7.06  6.91  6.77  6.66  6.20  5.87  5.31  3.73  2.90  2.51  1.88  0.93  0.49  0.29  0.12  0.06  0.04  0.04
 2  80  0.04  0.12  0.20  0.40  0.80  1.20  2.02  4.11  5.49  6.05  6.92  7.00  7.00  6.95  6.37  5.96  5.34  3.65  2.92  2.55  1.91  0.97  0.50  0.29  0.12  0.06  0.04  0.04
 2  85  0.04  0.12  0.20  0.40  0.80  1.20  2.01  4.09  5.45  6.00  6.85  6.95  6.96  6.92  6.35  5.93  5.33  3.64  2.92  2.55  1.91  0.97  0.50  0.29  0.12  0.06  0.04  0.04
 2  90  0.04  0.12  0.20  0.40  0.80  1.20  2.01  4.07  5.42  5.95  6.79  6.89  6.91  6.90  6.32  5.91  5.31  3.64  2.92  2.55  1.91  0.97  0.50  0.29  0.12  0.06  0.04  0.04
 3 -90  0.04  0.12  0.20  0.40  0.80  1.21  2.03  4.13  5.50  6.34  6.42  5.84  5.15  4.48  3.86  3.15  2.60  2.61  2.42  2.09  1.49  0.58  0.32  0.19  0.11  0.05  0.03  0.02
 3 -85  0.04  0.12  0.20  0.40  0.80  1.21  2.03  4.11  5.49  6.35  6.44  5.85  5.16  4.47  3.85  3.14  2.60  2.61  2.42  2.08  1.49  0.58  0.32  0.19  0.11  0.05  0.03  0.03
 3 -80  0.04  0.12  0.20  0.40  0.80  1.21  2.02  4.10  5.47  6.35  6.46  5.87  5.17  4.46  3.84  3.14  2.60  2.61  2.41  2.07  1.49  0.58  0.32  0.19  0.11  0.05  0.03  0.03
 3 -75  0.04  0.11  0.19  0.38  0.77  1.15  1.93  3.90  5.40  6.42  6.87  6.41  5.68  4.86  4.16  3.43  2.72  2.59  2.37  2.03  1.44  0.57  0.32  0.19  0.11  0.05  0.03  0.03
 3 -70  0.04  0.11  0.18  0.36  0.73  1.09  1.83  3.70  5.32  6.47  7.28  6.94  6.18  5.26  4.48  3.76  2.92  2.58  2.29  1.95  1.37  0.56  0.32  0.19  0.11  0.05  0.03  0.03
 3 -65  0.04  0.11  0.18  0.35  0.71  1.06  1.77  3.57  5.22  6.43  7.47  7.41  6.76  5.82  5.09  4.47  3.35  2.61  2.07  1.76  1.22  0.50  0.30  0.18  0.12  0.05  0.03  0.03
 3 -60  0.03  0.10  0.17  0.34  0.69  1.03  1.72  3.46  5.14  6.40  7.66  7.88  7.34  6.38  5.69  5.15  3.76  2.65  1.87  1.57  1.07  0.45  0.28  0.18  0.12  0.05  0.04  0.03
 3 -55  0.03  0.10  0.17  0.34  0.68  1.03  1.72  3.45  5.13  6.41  7.77  8.19  7.82  6.93  6.24  5.73  4.20  2.62  1.54  1.28  0.84  0.34  0.23  0.17  0.10  0.05  0.04  0.03
 3 -50  0.03  0.10  0.17  0.34  0.68  1.02  1.71  3.44  5.13  6.45  7.91  8.50  8.31  7.52  6.82  6.33  4.59  2.58  1.28  1.02  0.62  0.24  0.17  0.12  0.08  0.04  0.04  0.03
 3 -45  0.03  0.10  0.17  0.33  0.67  1.00  1.68  3.41  5.03  6.31  7.88  8.83  8.79  8.14  7.11  6.31  4.51  2.48  1.22  0.95  0.52  0.17  0.14  0.08  0.06  0.04  0.03  0.03
 3 -40  0.03  0.10  0.16  0.33  0.66  0.99  1.66  3.36  5.00  6.30  8.02  9.21  9.35  8.78  7.33  6.20  4.38  2.42  1.15  0.88  0.45  0.14  0.10  0.06  0.05  0.04  0.03  0.03
 3 -35  0.03  0.10  0.16  0.32  0.64  0.96  1.61  3.27  4.75  5.99  7.83  9.27  9.52  9.14  7.76  6.72  4.40  2.24  0.93  0.69  0.32  0.13  0.07  0.05  0.04  0.03  0.03  0.03
 3 -30  0.03  0.09  0.16  0.31  0.63  0.95  1.59  3.22  4.71  5.95  7.83  9.43  9.79  9.44  8.24  7.31  4.45  2.03  0.73  0.52  0.19  0.09  0.05  0.04  0.03  0.03  0.03  0.03
 3 -25  0.03  0.09  0.15  0.31  0.62  0.93  1.55  3.15  4.54  5.76  7.82  9.55 10.04  9.73  8.32  7.33  4.34  1.82  0.60  0.42  0.15  0.06  0.04  0.03  0.03  0.03  0.03  0.03
 3 -20  0.03  0.09  0.15  0.29  0.59  0.89  1.49  3.02  4.52  5.82  7.77  9.47 10.27 10.20  8.49  7.35  4.27  1.55  0.46  0.31  0.09  0.04  0.03  0.03  0.03  0.03  0.03  0.03
 3 -15  0.03  0.09  0.14  0.29  0.58  0.88  1.48  3.03  4.44  5.40  7.33  9.49 10.45 10.29  8.39  7.16  4.16  1.51  0.45  0.30  0.10  0.03  0.02  0.02  0.03  0.03  0.03  0.03
 3 -10  0.03  0.08  0.14  0.28  0.57  0.86  1.45  2.97  4.18  5.14  6.83  9.14 10.28 10.40  8.25  7.02  4.14  1.48  0.47  0.31  0.12  0.03  0.02  0.02  0.02  0.03  0.03  0.02
 3  -5  0.03  0.08  0.14  0.28  0.57  0.86  1.45  2.99  4.24  5.18  6.92  9.03 10.25 10.36  8.09  6.87  4.05  1.46  0.46  0.32  0.06  0.03  0.02  0.02  0.02  0.03  0.02  0.02
 3   0  0.03  0.09  0.15  0.30  0.61  0.92  1.56  3.24  4.38  5.42  7.09  9.43 10.80 10.61  8.00  6.64  3.84  1.34  0.45  0.31  0.13  0.03  0.02  0.02  0.02  0.03  0.03  0.02
 3   5  0.03  0.09  0.15  0.30  0.60  0.90  1.52  3.14  4.48  5.40  7.26  9.21 10.31 10.43  8.01  6.76  3.99  1.44  0.51  0.34  0.06  0.03  0.02  0.02  0.02  0.03  0.03  0.03
 3  10  0.03  0.09  0.14  0.29  0.58  0.88  1.48  3.04  4.29  5.23  7.08  8.88  9.76  9.87  8.09  6.99  4.20  1.61  0.58  0.39  0.06  0.03  0.03  0.03  0.03  0.03  0.04  0.03
 3  15  0.03  0.09  0.15  0.29  0.59  0.89  1.49  3.05  4.52  5.49  7.35  8.84  9.40  9.51  7.80  6.71  4.18  1.69  0.64  0.44  0.07  0.03  0.03  0.03  0.03  0.04  0.04  0.04
 3  20  0.03  0.09  0.15  0.31  0.61  0.93  1.56  3.20  4.65  5.76  7.55  8.93  9.48  9.38  7.63  6.55  4.34  1.80  0.66  0.47  0.19  0.04  0.04  0.03  0.04  0.04  0.04  0.04
 3  25  0.03  0.09  0.15  0.31  0.62  0.93  1.57  3.20  4.81  5.88  7.57  8.85  9.13  8.82  7.41  6.56  4.53  2.25  0.89  0.68  0.30  0.07  0.05  0.04  0.04  0.04  0.04  0.04
 3  30  0.03  0.10  0.16  0.32  0.64  0.97  1.63  3.33  4.95  6.20  7.83  8.76  8.96  8.56  7.40  6.66  4.82  2.54  1.07  0.82  0.39  0.20  0.09  0.06  0.05  0.04  0.04  0.04
 3  35  0.03  0.10  0.16  0.33  0.66  1.00  1.68  3.43  5.21  6.50  8.25  8.83  8.82  8.34  7.39  6.71  4.93  2.90  1.36  1.06  0.57  0.31  0.22  0.10  0.07  0.05  0.04  0.04
 3  40  0.03  0.10  0.17  0.34  0.69  1.04  1.76  3.61  5.33  6.66  8.31  8.92  8.72  7.97  7.13  6.67  5.04  3.26  1.74  1.32  0.77  0.42  0.30  0.13  0.08  0.05  0.04  0.04
 3  45  0.03  0.10  0.17  0.35  0.70  1.05  1.77  3.63  5.48  6.89  8.59  8.90  8.42  7.79  7.08  6.51  5.32  3.56  1.94  1.57  0.99  0.55  0.39  0.24  0.10  0.06  0.05  0.04
 3  50  0.03  0.10  0.17  0.35  0.69  1.05  1.76  3.60  5.64  7.16  8.55  8.67  7.94  7.22  6.73  6.33  5.61  3.79  2.21  1.81  1.17  0.66  0.43  0.30  0.11  0.06  0.05  0.05
 3  55  0.04  0.11  0.18  0.36  0.72  1.09  1.83  3.74  5.76  7.17  8.38  8.34  7.65  6.96  6.55  6.27  5.61  3.96  2.45  2.02  1.35  0.75  0.48  0.33  0.12  0.06  0.05  0.05
 3  60  0.04  0.11  0.19  0.37  0.75  1.12  1.89  3.86  5.85  7.24  8.26  8.05  7.34  6.70  6.37  6.16  5.58  4.11  2.70  2.25  1.55  0.86  0.54  0.35  0.13  0.06  0.05  0.05
 3  65  0.04  0.11  0.19  0.38  0.77  1.16  1.94  3.97  5.87  7.17  8.03  7.75  7.09  6.52  6.17  5.94  5.38  4.11  2.84  2.41  1.75  0.95  0.59  0.37  0.13  0.06  0.05  0.05
 3  70  0.04  0.12  0.20  0.39  0.79  1.19  2.00  4.07  5.88  7.10  7.79  7.44  6.84  6.35  5.97  5.72  5.19  4.13  2.99  2.58  1.94  1.04  0.64  0.39  0.14  0.06  0.05  0.04
 3  75  0.04  0.12  0.20  0.39  0.79  1.19  2.00  4.07  5.77  6.90  7.53  7.28  6.84  6.46  5.90  5.52  5.11  4.13  3.04  2.64  2.00  1.08  0.64  0.38  0.19  0.06  0.05  0.04
 3  80  0.04  0.12  0.20  0.39  0.79  1.19  2.00  4.06  5.65  6.68  7.26  7.13  6.83  6.58  5.83  5.33  5.03  4.13  3.06  2.68  2.04  1.12  0.63  0.37  0.18  0.06  0.05  0.04
 3  85  0.04  0.12  0.20  0.39  0.79  1.19  1.99  4.04  5.62  6.63  7.20  7.07  6.79  6.55  5.81  5.31  5.02  4.12  3.06  2.68  2.04  1.12  0.63  0.37  0.18  0.06  0.05  0.04
 3  90  0.04  0.12  0.20  0.39  0.79  1.19  1.99  4.03  5.58  6.58  7.13  7.00  6.74  6.53  5.79  5.28  5.00  4.11  3.06  2.69  2.04  1.12  0.63  0.37  0.18  0.06  0.05  0.04
 4 -90  0.05  0.16  0.26  0.53  1.07  1.61  2.70  5.53  6.29  6.46  6.16  5.44  4.85  4.23  3.56  2.75  2.29  2.86  2.41  2.07  1.37  0.47  0.28  0.18  0.10  0.04  0.03  0.03
 4 -85  0.05  0.16  0.26  0.53  1.07  1.61  2.70  5.52  6.28  6.46  6.18  5.45  4.87  4.23  3.55  2.74  2.29  2.86  2.41  2.06  1.37  0.47  0.28  0.18  0.10  0.05  0.03  0.03
 4 -80  0.05  0.16  0.26  0.53  1.07  1.60  2.70  5.51  6.27  6.47  6.20  5.47  4.87  4.22  3.55  2.73  2.29  2.86  2.40  2.05  1.37  0.47  0.28  0.18  0.11  0.05  0.03  0.03
 4 -75  0.05  0.15  0.25  0.51  1.02  1.54  2.59  5.27  6.46  6.93  6.75  5.96  5.30  4.59  3.95  3.17  2.60  2.82  2.35  2.02  1.37  0.46  0.28  0.17  0.10  0.05  0.03  0.03
 4 -70  0.05  0.15  0.24  0.49  0.98  1.48  2.48  5.04  6.61  7.39  7.28  6.47  5.74  4.97  4.33  3.67  3.01  2.77  2.26  1.96  1.36  0.44  0.27  0.17  0.10  0.05  0.03  0.03
 4 -65  0.05  0.14  0.23  0.47  0.94  1.42  2.38  4.81  6.54  7.49  7.64  7.02  6.26  5.45  4.83  4.32  3.49  2.78  2.07  1.77  1.22  0.40  0.25  0.16  0.10  0.05  0.03  0.03
 4 -60  0.05  0.14  0.23  0.45  0.90  1.36  2.27  4.59  6.48  7.60  8.01  7.56  6.78  5.93  5.33  4.94  3.94  2.81  1.89  1.59  1.07  0.36  0.22  0.15  0.10  0.05  0.03  0.03
 4 -55  0.04  0.13  0.22  0.43  0.86  1.30  2.17  4.38  6.32  7.54  8.18  7.91  7.23  6.36  5.90  5.67  4.39  2.74  1.60  1.31  0.83  0.29  0.18  0.14  0.08  0.04  0.03  0.03
 4 -50  0.04  0.12  0.21  0.41  0.82  1.24  2.07  4.17  6.22  7.58  8.42  8.26  7.72  6.86  6.54  6.42  4.79  2.65  1.36  1.06  0.59  0.22  0.13  0.11  0.07  0.04  0.03  0.03
 4 -45  0.04  0.12  0.19  0.39  0.78  1.18  1.98  4.02  5.98  7.36  8.44  8.65  8.29  7.55  6.90  6.37  4.65  2.50  1.31  0.99  0.51  0.18  0.11  0.08  0.05  0.04  0.03  0.03
 4 -40  0.04  0.11  0.19  0.37  0.75  1.13  1.90  3.86  5.73  7.16  8.52  9.07  8.87  8.23  7.07  6.20  4.52  2.39  1.22  0.92  0.45  0.14  0.11  0.06  0.04  0.03  0.03  0.03
 4 -35  0.04  0.11  0.18  0.35  0.71  1.07  1.79  3.63  5.37  6.70  8.28  9.19  9.21  8.70  7.30  6.23  4.34  2.19  1.04  0.78  0.37  0.13  0.08  0.05  0.04  0.03  0.03  0.03
 4 -30  0.03  0.10  0.17  0.34  0.68  1.02  1.71  3.48  5.17  6.50  8.17  9.39  9.56  9.16  7.55  6.32  4.21  1.99  0.86  0.65  0.29  0.09  0.05  0.04  0.03  0.03  0.03  0.03
 4 -25  0.03  0.10  0.16  0.33  0.66  0.99  1.66  3.37  4.91  6.18  8.05  9.46  9.90  9.60  7.87  6.65  4.22  1.85  0.67  0.49  0.20  0.05  0.03  0.03  0.03  0.03  0.03  0.03
 4 -20  0.03  0.09  0.16  0.31  0.63  0.95  1.59  3.24  4.88  6.23  7.98  9.33 10.10 10.22  8.26  6.96  4.26  1.62  0.48  0.33  0.11  0.04  0.03  0.02  0.02  0.03  0.03  0.03
 4 -15  0.03  0.09  0.15  0.31  0.62  0.94  1.58  3.24  4.73  5.78  7.59  9.34 10.16 10.25  8.35  7.07  4.18  1.52  0.44  0.31  0.11  0.03  0.02  0.02  0.02  0.03  0.03  0.03
 4 -10  0.03  0.09  0.15  0.30  0.61  0.92  1.56  3.21  4.49  5.50  7.05  8.97  9.99 10.31  8.38  7.23  4.22  1.45  0.43  0.30  0.12  0.03  0.02  0.02  0.02  0.02  0.02  0.02
 4  -5  0.03  0.09  0.15  0.30  0.61  0.92  1.55  3.22  4.46  5.41  7.01  8.84  9.90 10.25  8.30  7.21  4.20  1.46  0.43  0.30  0.13  0.03  0.02  0.02  0.02  0.02  0.02  0.02
 4   0  0.03  0.09  0.15  0.31  0.63  0.95  1.60  3.34  4.51  5.52  7.09  9.15 10.38 10.49  8.27  7.10  4.08  1.37  0.42  0.29  0.13  0.03  0.02  0.02  0.02  0.02  0.02  0.02
 4   5  0.03  0.09  0.15  0.31  0.61  0.93  1.57  3.25  4.57  5.45  7.19  9.00 10.09 10.33  8.14  7.08  4.22  1.47  0.58  0.39  0.14  0.03  0.02  0.02  0.02  0.03  0.03  0.03
 4  10  0.03  0.09  0.15  0.30  0.60  0.90  1.52  3.12  4.29  5.17  6.99  8.74  9.68  9.79  8.11  7.19  4.44  1.64  0.77  0.52  0.17  0.03  0.02  0.02  0.03  0.03  0.03  0.03
 4  15  0.03  0.09  0.15  0.30  0.60  0.90  1.52  3.11  4.48  5.44  7.35  8.85  9.42  9.45  7.88  6.94  4.39  1.76  0.86  0.59  0.19  0.03  0.03  0.03  0.03  0.03  0.04  0.04
 4  20  0.03  0.09  0.15  0.31  0.62  0.93  1.57  3.23  4.62  5.67  7.52  9.04  9.56  9.33  7.79  6.83  4.46  1.88  0.90  0.63  0.21  0.05  0.03  0.03  0.04  0.04  0.04  0.04
 4  25  0.03  0.09  0.15  0.31  0.62  0.93  1.57  3.21  4.69  5.74  7.51  8.93  9.23  8.94  7.65  6.78  4.59  2.22  1.05  0.78  0.32  0.08  0.05  0.05  0.04  0.04  0.04  0.04
 4  30  0.03  0.09  0.16  0.31  0.62  0.94  1.58  3.24  4.78  5.95  7.71  8.84  9.12  8.82  7.65  6.85  4.80  2.44  1.17  0.88  0.41  0.16  0.09  0.06  0.05  0.05  0.04  0.04
 4  35  0.03  0.09  0.16  0.31  0.63  0.95  1.59  3.26  4.89  6.11  8.01  8.93  9.13  8.72  7.62  6.86  4.81  2.74  1.39  1.08  0.58  0.34  0.15  0.09  0.06  0.05  0.05  0.04
 4  40  0.03  0.10  0.16  0.32  0.64  0.97  1.63  3.35  4.86  6.08  7.85  9.01  9.17  8.54  7.42  6.77  4.82  3.00  1.68  1.29  0.77  0.44  0.30  0.12  0.08  0.05  0.05  0.04
 4  45  0.03  0.09  0.16  0.31  0.63  0.95  1.61  3.31  4.98  6.25  8.18  9.11  8.97  8.37  7.33  6.60  4.93  3.24  1.82  1.48  0.94  0.53  0.38  0.16  0.09  0.06  0.05  0.05
 4  50  0.03  0.09  0.15  0.31  0.62  0.93  1.57  3.22  4.98  6.38  8.14  8.92  8.56  7.88  7.01  6.38  5.05  3.41  2.03  1.66  1.06  0.61  0.42  0.30  0.11  0.06  0.05  0.05
 4  55  0.03  0.09  0.15  0.31  0.62  0.93  1.57  3.23  4.97  6.33  8.05  8.68  8.27  7.54  6.69  6.11  5.15  3.63  2.25  1.87  1.24  0.69  0.47  0.33  0.13  0.07  0.05  0.05
 4  60  0.03  0.09  0.16  0.31  0.63  0.95  1.60  3.28  5.02  6.39  8.00  8.45  7.95  7.18  6.35  5.81  5.24  3.84  2.50  2.09  1.42  0.78  0.55  0.36  0.14  0.07  0.05  0.05
 4  65  0.03  0.09  0.16  0.32  0.64  0.96  1.61  3.30  5.00  6.35  7.80  8.09  7.54  6.78  6.13  5.69  5.11  3.87  2.69  2.26  1.57  0.92  0.65  0.41  0.14  0.07  0.05  0.05
 4  70  0.03  0.10  0.16  0.32  0.64  0.96  1.62  3.31  4.97  6.29  7.59  7.71  7.12  6.38  5.91  5.57  4.99  3.90  2.88  2.44  1.72  1.06  0.76  0.46  0.24  0.07  0.05  0.05
 4  75  0.03  0.10  0.16  0.33  0.65  0.98  1.65  3.36  4.92  6.17  7.23  7.22  6.66  6.00  5.70  5.47  4.93  3.97  2.98  2.55  1.85  1.13  0.77  0.46  0.23  0.07  0.05  0.05
 4  80  0.03  0.10  0.17  0.33  0.66  1.00  1.68  3.41  4.87  6.04  6.86  6.73  6.19  5.62  5.48  5.37  4.89  4.02  3.06  2.63  1.95  1.19  0.77  0.45  0.22  0.07  0.05  0.05
 4  85  0.03  0.10  0.17  0.33  0.66  1.00  1.67  3.39  4.83  5.99  6.79  6.67  6.14  5.59  5.46  5.35  4.87  4.02  3.06  2.64  1.95  1.19  0.77  0.45  0.22  0.07  0.05  0.04
 4  90  0.03  0.10  0.17  0.33  0.66  1.00  1.67  3.37  4.79  5.93  6.72  6.60  6.09  5.56  5.44  5.32  4.85  4.01  3.05  2.64  1.95  1.19  0.77  0.45  0.21  0.07  0.05  0.04
 5 -90  0.06  0.17  0.29  0.58  1.17  1.77  2.98  6.13  6.78  6.98  6.28  4.89  4.07  3.39  3.11  2.81  3.02  2.97  2.31  1.95  1.30  0.47  0.25  0.15  0.08  0.04  0.03  0.03
 5 -85  0.06  0.17  0.29  0.58  1.17  1.77  2.98  6.12  6.76  6.98  6.30  4.90  4.08  3.38  3.10  2.80  3.02  2.97  2.30  1.94  1.30  0.47  0.25  0.15  0.08  0.04  0.03  0.03
 5 -80  0.06  0.17  0.29  0.58  1.17  1.77  2.97  6.11  6.75  6.99  6.31  4.91  4.09  3.37  3.09  2.80  3.02  2.98  2.30  1.93  1.30  0.47  0.25  0.15  0.08  0.04  0.03  0.03
 5 -75  0.06  0.17  0.28  0.57  1.14  1.72  2.89  5.93  6.80  7.21  6.78  5.56  4.81  4.09  3.64  3.16  3.07  2.84  2.14  1.80  1.23  0.44  0.23  0.14  0.08  0.04  0.03  0.03
 5 -70  0.05  0.16  0.27  0.55  1.10  1.66  2.79  5.71  6.83  7.40  7.20  6.22  5.55  4.82  4.23  3.59  3.14  2.68  1.95  1.65  1.13  0.41  0.22  0.14  0.08  0.04  0.03  0.03
 5 -65  0.05  0.16  0.27  0.55  1.11  1.66  2.79  5.68  7.05  7.72  7.49  6.58  5.92  5.19  4.82  4.35  3.70  2.78  1.88  1.56  1.02  0.39  0.21  0.14  0.08  0.04  0.03  0.03
 5 -60  0.06  0.17  0.28  0.55  1.11  1.67  2.79  5.66  7.27  8.05  7.79  6.95  6.28  5.55  5.28  5.07  4.33  2.92  1.82  1.48  0.91  0.38  0.21  0.15  0.08  0.04  0.03  0.03
 5 -55  0.05  0.16  0.26  0.53  1.06  1.59  2.66  5.39  7.20  8.17  8.08  7.40  6.66  5.88  5.60  5.54  4.62  2.77  1.63  1.30  0.76  0.35  0.19  0.15  0.07  0.04  0.03  0.03
 5 -50  0.05  0.15  0.25  0.51  1.02  1.53  2.57  5.19  7.24  8.46  8.46  7.82  7.13  6.29  6.01  6.04  4.85  2.57  1.46  1.13  0.61  0.34  0.18  0.10  0.06  0.04  0.03  0.03
 5 -45  0.05  0.14  0.23  0.47  0.94  1.42  2.38  4.85  6.97  8.26  8.66  8.32  7.79  7.04  6.54  6.15  4.75  2.47  1.39  1.04  0.51  0.29  0.15  0.08  0.05  0.03  0.03  0.03
 5 -40  0.04  0.13  0.21  0.43  0.86  1.30  2.18  4.44  6.53  7.95  8.79  8.76  8.33  7.68  6.77  6.16  4.69  2.42  1.28  0.94  0.43  0.24  0.12  0.07  0.04  0.03  0.03  0.03
 5 -35  0.04  0.12  0.20  0.39  0.79  1.19  2.00  4.07  6.01  7.37  8.54  8.92  8.76  8.16  7.23  6.54  4.59  2.19  1.05  0.78  0.34  0.19  0.09  0.05  0.04  0.03  0.03  0.03
 5 -30  0.04  0.11  0.18  0.36  0.73  1.10  1.85  3.77  5.64  7.03  8.40  9.13  9.09  8.62  7.68  6.96  4.55  2.01  0.84  0.61  0.23  0.10  0.06  0.04  0.03  0.03  0.03  0.03
 5 -25  0.03  0.10  0.17  0.35  0.70  1.06  1.77  3.62  5.30  6.60  8.20  9.19  9.50  9.14  7.85  6.97  4.46  1.93  0.69  0.50  0.18  0.06  0.04  0.03  0.03  0.03  0.03  0.03
 5 -20  0.03  0.10  0.17  0.33  0.67  1.01  1.71  3.49  5.24  6.61  8.15  9.07  9.69  9.86  8.09  6.96  4.37  1.77  0.54  0.38  0.12  0.04  0.03  0.03  0.03  0.03  0.03  0.03
 5 -15  0.03  0.10  0.16  0.33  0.66  0.99  1.67  3.44  5.03  6.21  7.91  9.19  9.76  9.95  8.30  7.13  4.30  1.63  0.46  0.33  0.12  0.03  0.02  0.02  0.02  0.03  0.03  0.03
 5 -10  0.03  0.10  0.16  0.32  0.65  0.98  1.66  3.43  4.83  5.95  7.44  8.94  9.70 10.00  8.40  7.35  4.37  1.53  0.40  0.29  0.11  0.03  0.02  0.02  0.02  0.03  0.03  0.02
 5  -5  0.03  0.10  0.16  0.32  0.65  0.98  1.66  3.45  4.76  5.77  7.34  8.88  9.58  9.92  8.22  7.14  4.17  1.38  0.36  0.26  0.11  0.03  0.02  0.02  0.02  0.02  0.02  0.02
 5   0  0.03  0.09  0.16  0.32  0.64  0.97  1.64  3.42  4.71  5.73  7.31  9.08  9.88 10.07  8.06  6.82  3.90  1.15  0.31  0.22  0.11  0.03  0.02  0.02  0.02  0.02  0.02  0.02
 5   5  0.03  0.09  0.16  0.32  0.64  0.96  1.62  3.36  4.71  5.62  7.31  8.98  9.88 10.08  8.07  7.03  4.21  1.40  0.47  0.33  0.16  0.03  0.02  0.02  0.02  0.03  0.03  0.02
 5  10  0.03  0.09  0.15  0.30  0.61  0.92  1.56  3.20  4.35  5.25  7.05  8.75  9.67  9.76  8.17  7.36  4.63  1.69  0.67  0.48  0.22  0.03  0.02  0.02  0.03  0.03  0.03  0.03
 5  15  0.03  0.09  0.15  0.30  0.61  0.92  1.55  3.18  4.46  5.45  7.38  8.95  9.55  9.53  8.05  7.21  4.53  1.85  0.76  0.56  0.25  0.04  0.03  0.03  0.03  0.04  0.04  0.03
 5  20  0.03  0.09  0.16  0.31  0.63  0.94  1.59  3.26  4.59  5.61  7.45  9.13  9.72  9.40  8.04  7.20  4.49  1.98  0.82  0.59  0.28  0.05  0.04  0.04  0.04  0.04  0.04  0.04
 5  25  0.03  0.09  0.15  0.31  0.62  0.93  1.56  3.20  4.55  5.59  7.40  8.96  9.34  9.11  7.90  7.02  4.66  2.23  0.98  0.74  0.36  0.09  0.05  0.04  0.04  0.04  0.04  0.04
 5  30  0.03  0.09  0.15  0.30  0.61  0.91  1.54  3.15  4.59  5.66  7.49  8.80  9.19  9.02  7.83  6.95  4.89  2.41  1.12  0.87  0.44  0.15  0.08  0.06  0.05  0.05  0.04  0.04
 5  35  0.03  0.09  0.15  0.30  0.61  0.91  1.54  3.14  4.61  5.76  7.67  8.82  9.19  8.93  7.75  6.91  4.89  2.67  1.30  1.02  0.57  0.32  0.12  0.07  0.06  0.05  0.05  0.04
 5  40  0.03  0.09  0.15  0.30  0.61  0.92  1.55  3.19  4.51  5.62  7.33  8.78  9.21  8.81  7.56  6.79  4.90  2.89  1.51  1.19  0.72  0.41  0.19  0.10  0.07  0.05  0.05  0.04
 5  45  0.03  0.09  0.15  0.29  0.59  0.90  1.51  3.11  4.57  5.68  7.57  8.83  9.03  8.57  7.41  6.64  4.89  3.03  1.65  1.36  0.89  0.49  0.34  0.14  0.09  0.06  0.05  0.05
 5  50  0.03  0.08  0.14  0.28  0.57  0.85  1.44  2.96  4.46  5.63  7.43  8.61  8.65  8.14  7.12  6.40  4.87  3.13  1.85  1.54  1.01  0.58  0.40  0.18  0.10  0.06  0.05  0.05
 5  55  0.03  0.08  0.14  0.27  0.55  0.83  1.41  2.89  4.32  5.45  7.25  8.34  8.35  7.75  6.75  6.09  4.85  3.26  2.02  1.69  1.12  0.64  0.45  0.32  0.12  0.07  0.05  0.05
 5  60  0.03  0.08  0.14  0.27  0.55  0.83  1.40  2.88  4.30  5.42  7.15  8.14  8.04  7.34  6.40  5.78  4.81  3.40  2.21  1.85  1.23  0.71  0.53  0.35  0.13  0.07  0.05  0.05
 5  65  0.03  0.08  0.13  0.27  0.54  0.81  1.37  2.81  4.19  5.27  6.94  7.77  7.57  6.82  5.90  5.27  4.44  3.39  2.38  2.02  1.40  0.82  0.62  0.41  0.14  0.07  0.05  0.05
 5  70  0.03  0.08  0.13  0.26  0.53  0.80  1.34  2.74  4.07  5.12  6.73  7.39  7.09  6.30  5.39  4.77  4.07  3.37  2.56  2.19  1.56  0.94  0.71  0.47  0.29  0.07  0.06  0.05
 5  75  0.03  0.08  0.13  0.26  0.53  0.79  1.33  2.72  4.07  5.14  6.68  7.10  6.66  5.83  5.16  4.70  4.15  3.44  2.61  2.24  1.61  0.97  0.71  0.47  0.29  0.08  0.06  0.05
 5  80  0.03  0.08  0.13  0.26  0.53  0.79  1.33  2.70  4.07  5.15  6.62  6.80  6.22  5.36  4.93  4.63  4.25  3.50  2.64  2.27  1.64  0.99  0.71  0.46  0.28  0.08  0.06  0.05
 5  85  0.03  0.08  0.13  0.26  0.53  0.79  1.32  2.68  4.03  5.09  6.55  6.73  6.17  5.33  4.91  4.61  4.23  3.50  2.63  2.27  1.64  0.99  0.71  0.46  0.28  0.08  0.06  0.05
 5  90  0.03  0.08  0.13  0.26  0.52  0.79  1.32  2.66  3.99  5.03  6.47  6.66  6.11  5.30  4.88  4.59  4.21  3.49  2.63  2.27  1.64  0.99  0.71  0.46  0.28  0.08  0.05  0.05
 6 -90  0.06  0.18  0.29  0.59  1.19  1.80  3.04  6.26  7.02  7.36  6.62  5.01  4.29  3.90  3.44  3.16  3.02  2.91  2.16  1.88  1.34  0.48  0.21  0.12  0.06  0.03  0.03  0.03
 6 -85  0.06  0.18  0.29  0.59  1.19  1.80  3.03  6.25  7.01  7.36  6.64  5.03  4.30  3.89  3.43  3.15  3.02  2.91  2.16  1.87  1.34  0.48  0.21  0.12  0.07  0.04  0.03  0.03
 6 -80  0.06  0.18  0.29  0.59  1.19  1.80  3.03  6.24  6.99  7.37  6.66  5.04  4.31  3.88  3.42  3.15  3.02  2.92  2.15  1.86  1.34  0.48  0.21  0.13  0.07  0.04  0.03  0.03
 6 -75  0.06  0.18  0.29  0.59  1.19  1.79  3.01  6.19  7.00  7.45  7.02  5.59  4.88  4.31  3.78  3.36  3.13  2.90  2.09  1.81  1.34  0.48  0.21  0.13  0.07  0.04  0.03  0.03
 6 -70  0.06  0.17  0.29  0.58  1.17  1.77  2.97  6.08  7.00  7.52  7.34  6.15  5.47  4.77  4.20  3.64  3.25  2.86  2.03  1.74  1.30  0.46  0.20  0.13  0.07  0.04  0.03  0.03
 6 -65  0.06  0.17  0.29  0.57  1.15  1.74  2.92  5.96  7.06  7.68  7.45  6.37  5.69  4.97  4.67  4.27  3.71  2.91  1.99  1.67  1.19  0.46  0.23  0.13  0.07  0.04  0.03  0.03
 6 -60  0.06  0.17  0.28  0.56  1.13  1.70  2.86  5.82  7.10  7.80  7.52  6.58  5.92  5.18  5.08  4.86  4.19  2.99  1.94  1.60  1.09  0.45  0.26  0.13  0.07  0.04  0.03  0.03
 6 -55  0.05  0.16  0.27  0.55  1.10  1.66  2.77  5.62  7.22  8.06  7.77  6.94  6.21  5.47  5.38  5.39  4.51  2.90  1.73  1.41  0.91  0.39  0.27  0.12  0.07  0.04  0.03  0.03
 6 -50  0.05  0.16  0.27  0.55  1.09  1.65  2.76  5.58  7.47  8.56  8.13  7.33  6.62  5.84  5.74  5.92  4.78  2.70  1.51  1.21  0.74  0.35  0.27  0.11  0.06  0.04  0.03  0.03
 6 -45  0.05  0.15  0.25  0.50  1.00  1.51  2.54  5.18  7.27  8.51  8.58  8.01  7.45  6.72  6.28  5.99  4.72  2.60  1.43  1.13  0.65  0.31  0.24  0.10  0.05  0.03  0.03  0.03
 6 -40  0.04  0.13  0.22  0.45  0.90  1.35  2.27  4.64  6.80  8.20  8.84  8.54  8.01  7.36  6.48  5.97  4.71  2.53  1.34  1.04  0.59  0.27  0.20  0.08  0.05  0.03  0.03  0.03
 6 -35  0.04  0.12  0.20  0.41  0.82  1.23  2.07  4.21  6.20  7.55  8.55  8.73  8.50  7.88  6.97  6.34  4.76  2.30  1.10  0.86  0.47  0.22  0.12  0.07  0.05  0.03  0.03  0.03
 6 -30  0.04  0.11  0.18  0.37  0.74  1.12  1.88  3.82  5.73  7.11  8.36  8.93  8.85  8.35  7.40  6.71  4.87  2.14  0.86  0.66  0.32  0.15  0.07  0.05  0.04  0.03  0.03  0.03
 6 -25  0.04  0.11  0.18  0.36  0.72  1.09  1.82  3.73  5.47  6.75  8.19  8.95  9.19  8.79  7.62  6.85  4.71  1.97  0.69  0.52  0.23  0.06  0.04  0.03  0.03  0.03  0.03  0.03
 6 -20  0.03  0.10  0.17  0.35  0.70  1.06  1.79  3.66  5.48  6.82  8.23  8.84  9.30  9.44  7.91  6.98  4.51  1.77  0.53  0.38  0.13  0.04  0.03  0.03  0.03  0.03  0.03  0.03
 6 -15  0.03  0.10  0.17  0.34  0.68  1.03  1.74  3.59  5.27  6.57  8.19  9.07  9.40  9.60  8.09  6.94  4.25  1.63  0.48  0.35  0.13  0.03  0.03  0.03  0.03  0.03  0.03  0.03
 6 -10  0.03  0.10  0.17  0.34  0.68  1.03  1.74  3.60  5.15  6.36  7.84  8.98  9.42  9.57  8.08  6.96  4.15  1.55  0.47  0.35  0.13  0.03  0.02  0.02  0.02  0.03  0.03  0.03
 6  -5  0.03  0.10  0.17  0.34  0.68  1.03  1.75  3.63  5.03  6.11  7.69  9.01  9.30  9.49  8.22  7.20  4.28  1.53  0.43  0.32  0.13  0.03  0.02  0.02  0.02  0.03  0.03  0.02
 6   0  0.03  0.10  0.16  0.32  0.65  0.99  1.67  3.47  4.86  5.89  7.51  9.03  9.38  9.51  8.30  7.35  4.36  1.45  0.39  0.29  0.14  0.03  0.02  0.02  0.02  0.03  0.03  0.02
 6   5  0.03  0.10  0.16  0.32  0.65  0.99  1.67  3.46  4.84  5.83  7.47  9.04  9.67  9.71  8.23  7.37  4.52  1.58  0.49  0.35  0.18  0.03  0.02  0.02  0.02  0.03  0.03  0.02
 6  10  0.03  0.09  0.16  0.31  0.63  0.95  1.60  3.28  4.49  5.45  7.22  8.86  9.68  9.70  8.23  7.49  4.78  1.73  0.63  0.46  0.22  0.03  0.03  0.02  0.03  0.03  0.03  0.03
 6  15  0.03  0.09  0.16  0.31  0.63  0.95  1.60  3.29  4.54  5.61  7.49  9.09  9.69  9.60  8.07  7.22  4.71  1.87  0.71  0.54  0.25  0.04  0.03  0.03  0.03  0.03  0.03  0.03
 6  20  0.03  0.10  0.16  0.32  0.64  0.97  1.64  3.36  4.68  5.73  7.53  9.21  9.83  9.46  7.98  7.06  4.63  1.98  0.76  0.55  0.27  0.05  0.04  0.04  0.04  0.04  0.04  0.03
 6  25  0.03  0.09  0.16  0.31  0.63  0.95  1.60  3.26  4.56  5.61  7.47  9.03  9.42  9.22  8.01  7.10  4.72  2.13  0.84  0.63  0.31  0.08  0.05  0.04  0.04  0.04  0.04  0.04
 6  30  0.03  0.09  0.15  0.30  0.61  0.92  1.55  3.18  4.56  5.56  7.43  8.80  9.23  9.10  8.05  7.23  4.86  2.27  0.92  0.71  0.35  0.12  0.06  0.05  0.05  0.04  0.04  0.04
 6  35  0.03  0.09  0.15  0.30  0.61  0.92  1.54  3.15  4.54  5.61  7.51  8.74  9.15  8.96  7.84  7.00  4.80  2.56  1.15  0.89  0.47  0.18  0.09  0.06  0.05  0.05  0.04  0.04
 6  40  0.03  0.09  0.15  0.30  0.60  0.91  1.53  3.15  4.38  5.43  7.11  8.59  9.09  8.83  7.56  6.75  4.79  2.82  1.39  1.10  0.60  0.33  0.14  0.09  0.06  0.05  0.05  0.04
 6  45  0.03  0.09  0.14  0.29  0.58  0.88  1.48  3.06  4.41  5.46  7.22  8.51  8.84  8.46  7.31  6.55  4.81  2.90  1.53  1.25  0.80  0.41  0.27  0.12  0.08  0.06  0.05  0.05
 6  50  0.03  0.08  0.14  0.27  0.55  0.82  1.39  2.85  4.24  5.31  7.01  8.23  8.45  8.02  7.01  6.30  4.80  2.97  1.71  1.42  0.93  0.51  0.35  0.15  0.09  0.06  0.05  0.05
 6  55  0.03  0.08  0.13  0.26  0.52  0.79  1.33  2.74  4.02  5.01  6.70  7.86  8.06  7.56  6.60  5.96  4.60  3.02  1.83  1.53  1.01  0.56  0.40  0.18  0.10  0.06  0.05  0.05
 6  60  0.03  0.08  0.13  0.26  0.52  0.78  1.31  2.70  3.93  4.90  6.52  7.59  7.71  7.11  6.23  5.65  4.38  3.07  1.97  1.65  1.08  0.61  0.46  0.30  0.11  0.07  0.06  0.05
 6  65  0.02  0.07  0.12  0.25  0.50  0.75  1.26  2.59  3.79  4.73  6.33  7.29  7.29  6.60  5.70  5.08  4.00  3.00  2.09  1.77  1.21  0.68  0.54  0.35  0.12  0.07  0.06  0.05
 6  70  0.02  0.07  0.12  0.24  0.48  0.72  1.22  2.49  3.64  4.55  6.13  6.97  6.86  6.09  5.16  4.51  3.62  2.93  2.22  1.90  1.34  0.75  0.61  0.39  0.14  0.07  0.06  0.05
 6  75  0.02  0.07  0.11  0.23  0.46  0.70  1.17  2.39  3.55  4.46  6.09  6.80  6.56  5.72  4.89  4.32  3.62  2.94  2.27  1.96  1.40  0.79  0.63  0.41  0.15  0.08  0.06  0.05
 6  80  0.02  0.07  0.11  0.22  0.44  0.67  1.12  2.28  3.45  4.36  6.04  6.63  6.26  5.35  4.63  4.12  3.64  2.97  2.31  2.01  1.45  0.81  0.65  0.42  0.25  0.08  0.06  0.05
 6  85  0.02  0.07  0.11  0.22  0.44  0.67  1.12  2.26  3.41  4.31  5.97  6.56  6.20  5.32  4.60  4.09  3.62  2.96  2.31  2.01  1.45  0.81  0.65  0.42  0.25  0.08  0.06  0.04
 6  90  0.02  0.07  0.11  0.22  0.44  0.67  1.11  2.24  3.36  4.24  5.88  6.49  6.14  5.29  4.58  4.07  3.60  2.95  2.31  2.01  1.45  0.81  0.65  0.42  0.25  0.08  0.06  0.04
 7 -90  0.05  0.16  0.27  0.53  1.07  1.62  2.74  5.68  6.52  6.95  6.47  5.20  4.50  4.19  3.58  3.27  3.19  2.77  2.13  1.84  1.25  0.49  0.26  0.12  0.06  0.03  0.03  0.03
 7 -85  0.05  0.16  0.27  0.53  1.07  1.62  2.74  5.67  6.51  6.96  6.49  5.21  4.51  4.18  3.57  3.27  3.19  2.77  2.13  1.83  1.25  0.49  0.27  0.12  0.06  0.03  0.03  0.03
 7 -80  0.05  0.16  0.27  0.53  1.07  1.62  2.74  5.65  6.50  6.96  6.51  5.23  4.52  4.17  3.56  3.26  3.19  2.78  2.12  1.82  1.25  0.49  0.27  0.12  0.06  0.03  0.03  0.03
 7 -75  0.05  0.15  0.25  0.50  1.00  1.51  2.55  5.27  6.24  6.79  6.73  5.69  5.12  4.66  3.87  3.36  3.07  2.76  2.10  1.81  1.28  0.50  0.27  0.12  0.06  0.03  0.03  0.03
 7 -70  0.05  0.14  0.23  0.46  0.92  1.39  2.34  4.81  5.94  6.60  6.89  6.18  5.73  5.11  4.23  3.52  3.00  2.73  2.06  1.78  1.29  0.50  0.28  0.12  0.06  0.04  0.03  0.03
 7 -65  0.05  0.14  0.23  0.47  0.94  1.41  2.38  4.86  6.21  6.96  7.19  6.37  5.78  5.04  4.67  4.25  3.66  2.82  1.99  1.69  1.23  0.48  0.25  0.13  0.06  0.04  0.03  0.03
 7 -60  0.05  0.14  0.24  0.47  0.95  1.43  2.40  4.87  6.42  7.26  7.42  6.56  5.84  5.01  5.07  4.95  4.30  2.95  1.92  1.62  1.17  0.46  0.28  0.13  0.07  0.04  0.03  0.03
 7 -55  0.05  0.14  0.23  0.46  0.91  1.37  2.30  4.65  6.45  7.43  7.66  6.99  6.17  5.33  5.45  5.55  4.63  2.94  1.76  1.45  0.97  0.39  0.27  0.13  0.07  0.04  0.03  0.03
 7 -50  0.05  0.14  0.23  0.46  0.91  1.37  2.29  4.63  6.60  7.84  8.01  7.42  6.61  5.71  5.81  6.16  4.91  2.81  1.58  1.27  0.78  0.33  0.26  0.13  0.07  0.04  0.03  0.03
 7 -45  0.04  0.13  0.22  0.44  0.88  1.33  2.24  4.55  6.64  7.93  8.47  8.09  7.52  6.73  6.40  6.24  4.92  2.79  1.54  1.23  0.69  0.30  0.23  0.12  0.06  0.04  0.03  0.03
 7 -40  0.04  0.12  0.21  0.42  0.83  1.26  2.11  4.30  6.35  7.77  8.65  8.54  8.04  7.42  6.63  6.24  4.98  2.82  1.51  1.18  0.64  0.27  0.20  0.11  0.06  0.03  0.03  0.03
 7 -35  0.04  0.12  0.19  0.39  0.78  1.18  1.98  4.03  5.96  7.30  8.42  8.69  8.50  7.89  6.94  6.31  4.88  2.58  1.30  1.01  0.52  0.22  0.16  0.09  0.06  0.04  0.03  0.03
 7 -30  0.04  0.11  0.18  0.37  0.73  1.11  1.86  3.78  5.65  7.01  8.29  8.86  8.79  8.28  7.14  6.37  4.84  2.43  1.08  0.82  0.38  0.16  0.08  0.06  0.05  0.04  0.03  0.03
 7 -25  0.04  0.11  0.18  0.36  0.73  1.10  1.84  3.77  5.55  6.83  8.22  8.86  9.06  8.60  7.38  6.61  4.71  2.15  0.86  0.64  0.27  0.06  0.04  0.04  0.03  0.03  0.03  0.03
 7 -20  0.04  0.11  0.18  0.36  0.72  1.09  1.84  3.77  5.65  6.97  8.37  8.82  9.11  9.15  7.70  6.85  4.54  1.89  0.64  0.46  0.16  0.04  0.03  0.03  0.03  0.03  0.03  0.03
 7 -15  0.03  0.10  0.17  0.35  0.70  1.05  1.77  3.66  5.42  6.82  8.44  9.12  9.32  9.44  8.07  6.98  4.18  1.66  0.56  0.41  0.16  0.04  0.03  0.03  0.03  0.03  0.03  0.03
 7 -10  0.03  0.10  0.17  0.34  0.69  1.04  1.76  3.64  5.31  6.60  8.16  9.17  9.42  9.39  8.19  7.15  3.99  1.50  0.50  0.38  0.15  0.03  0.03  0.02  0.02  0.03  0.03  0.03
 7  -5  0.03  0.10  0.17  0.34  0.69  1.04  1.76  3.66  5.14  6.27  7.97  9.26  9.31  9.30  8.24  7.14  4.18  1.53  0.49  0.37  0.16  0.03  0.02  0.02  0.02  0.03  0.03  0.03
 7   0  0.03  0.10  0.16  0.32  0.64  0.97  1.65  3.42  4.83  5.85  7.57  9.07  9.15  9.17  8.14  7.07  4.34  1.53  0.48  0.36  0.17  0.03  0.02  0.02  0.02  0.03  0.03  0.02
 7   5  0.03  0.10  0.16  0.33  0.66  0.99  1.68  3.47  4.87  5.91  7.58  9.23  9.66  9.53  8.24  7.28  4.54  1.70  0.58  0.42  0.20  0.03  0.02  0.02  0.02  0.03  0.03  0.02
 7  10  0.03  0.09  0.16  0.32  0.64  0.96  1.62  3.32  4.62  5.65  7.42  9.10  9.86  9.79  8.38  7.58  4.84  1.87  0.73  0.53  0.23  0.03  0.02  0.02  0.02  0.03  0.03  0.02
 7  15  0.03  0.10  0.16  0.32  0.64  0.97  1.64  3.36  4.66  5.80  7.66  9.32  9.93  9.80  8.27  7.42  4.87  1.97  0.79  0.58  0.24  0.03  0.03  0.03  0.03  0.03  0.03  0.03
 7  20  0.03  0.10  0.16  0.33  0.66  1.00  1.68  3.46  4.86  5.96  7.75  9.35  9.97  9.59  8.18  7.32  4.84  2.06  0.82  0.58  0.25  0.05  0.03  0.03  0.04  0.04  0.04  0.03
 7  25  0.03  0.10  0.16  0.32  0.65  0.97  1.64  3.35  4.69  5.81  7.72  9.19  9.56  9.36  8.05  7.08  4.74  2.18  0.90  0.64  0.27  0.07  0.04  0.04  0.04  0.04  0.04  0.03
 7  30  0.03  0.09  0.16  0.32  0.63  0.96  1.61  3.29  4.69  5.71  7.61  8.93  9.33  9.17  7.91  6.92  4.68  2.35  0.97  0.73  0.30  0.09  0.05  0.05  0.04  0.05  0.04  0.04
 7  35  0.03  0.09  0.16  0.31  0.63  0.95  1.59  3.25  4.66  5.73  7.61  8.82  9.16  8.96  7.74  6.79  4.63  2.51  1.12  0.86  0.39  0.12  0.07  0.05  0.05  0.05  0.04  0.04
 7  40  0.03  0.09  0.15  0.31  0.62  0.93  1.56  3.21  4.48  5.56  7.25  8.59  9.02  8.77  7.52  6.69  4.66  2.69  1.30  1.02  0.51  0.18  0.09  0.07  0.06  0.05  0.05  0.04
 7  45  0.03  0.09  0.15  0.30  0.60  0.90  1.52  3.13  4.48  5.54  7.23  8.37  8.65  8.28  7.17  6.43  4.67  2.75  1.42  1.15  0.71  0.33  0.15  0.09  0.07  0.06  0.05  0.04
 7  50  0.03  0.08  0.14  0.28  0.56  0.84  1.42  2.92  4.30  5.36  6.97  8.05  8.25  7.82  6.85  6.16  4.66  2.82  1.56  1.30  0.84  0.43  0.29  0.12  0.08  0.06  0.05  0.04
 7  55  0.03  0.08  0.13  0.26  0.53  0.80  1.34  2.76  4.03  5.00  6.59  7.63  7.79  7.31  6.35  5.69  4.43  2.81  1.66  1.40  0.94  0.49  0.36  0.15  0.09  0.06  0.05  0.04
 7  60  0.03  0.08  0.13  0.26  0.52  0.78  1.31  2.69  3.91  4.86  6.40  7.35  7.44  6.84  5.91  5.28  4.18  2.78  1.77  1.51  1.03  0.55  0.41  0.17  0.10  0.06  0.05  0.04
 7  65  0.02  0.07  0.12  0.25  0.49  0.75  1.25  2.57  3.74  4.65  6.16  7.00  6.97  6.29  5.32  4.65  3.71  2.68  1.86  1.59  1.12  0.59  0.46  0.29  0.11  0.07  0.05  0.04
 7  70  0.02  0.07  0.12  0.24  0.47  0.71  1.20  2.45  3.57  4.45  5.92  6.63  6.50  5.74  4.73  4.03  3.25  2.58  1.94  1.68  1.20  0.64  0.51  0.33  0.12  0.07  0.05  0.04
 7  75  0.02  0.07  0.11  0.22  0.45  0.68  1.14  2.33  3.45  4.34  5.85  6.42  6.15  5.33  4.44  3.82  3.17  2.57  2.00  1.74  1.24  0.65  0.53  0.34  0.13  0.07  0.05  0.04
 7  80  0.02  0.06  0.11  0.21  0.43  0.65  1.09  2.21  3.33  4.22  5.77  6.20  5.80  4.91  4.15  3.62  3.13  2.60  2.05  1.79  1.27  0.65  0.55  0.35  0.14  0.07  0.05  0.04
 7  85  0.02  0.06  0.11  0.21  0.43  0.64  1.08  2.19  3.29  4.16  5.69  6.13  5.75  4.88  4.13  3.59  3.11  2.60  2.05  1.79  1.27  0.65  0.55  0.35  0.15  0.07  0.05  0.04
 7  90  0.02  0.06  0.11  0.21  0.43  0.64  1.07  2.16  3.25  4.10  5.61  6.05  5.69  4.85  4.10  3.57  3.10  2.59  2.05  1.79  1.27  0.65  0.55  0.35  0.15  0.07  0.05  0.04
 8 -90  0.04  0.12  0.21  0.42  0.84  1.26  2.13  4.41  5.62  6.22  6.64  6.13  5.66  5.05  3.88  3.08  3.25  3.06  2.35  1.98  1.32  0.52  0.28  0.12  0.06  0.03  0.03  0.03
 8 -85  0.04  0.12  0.21  0.41  0.84  1.26  2.13  4.40  5.61  6.22  6.66  6.15  5.67  5.04  3.87  3.08  3.25  3.07  2.34  1.97  1.32  0.52  0.29  0.12  0.06  0.03  0.03  0.03
 8 -80  0.04  0.12  0.21  0.41  0.83  1.26  2.13  4.38  5.59  6.22  6.68  6.16  5.68  5.03  3.86  3.07  3.25  3.07  2.33  1.96  1.32  0.52  0.29  0.12  0.06  0.03  0.03  0.03
 8 -75  0.04  0.12  0.21  0.42  0.84  1.26  2.12  4.36  5.65  6.32  6.79  6.15  5.65  5.03  4.06  3.34  3.37  3.12  2.36  2.00  1.39  0.54  0.30  0.13  0.06  0.04  0.03  0.03
 8 -70  0.04  0.12  0.20  0.41  0.82  1.24  2.09  4.26  5.66  6.38  6.89  6.18  5.64  4.99  4.29  3.65  3.45  3.11  2.34  1.99  1.42  0.55  0.31  0.13  0.07  0.04  0.03  0.03
 8 -65  0.04  0.12  0.20  0.40  0.79  1.19  2.00  4.06  5.65  6.48  7.15  6.60  5.93  5.14  4.81  4.40  3.92  3.14  2.17  1.83  1.28  0.52  0.33  0.14  0.07  0.04  0.03  0.03
 8 -60  0.04  0.12  0.19  0.39  0.77  1.16  1.94  3.92  5.62  6.61  7.40  7.01  6.23  5.35  5.30  5.13  4.38  3.20  2.01  1.68  1.14  0.48  0.29  0.15  0.07  0.04  0.03  0.03
 8 -55  0.04  0.11  0.19  0.38  0.76  1.15  1.92  3.84  5.63  6.82  7.68  7.53  6.72  5.82  5.59  5.57  4.71  3.25  1.85  1.53  1.00  0.41  0.29  0.15  0.07  0.04  0.03  0.03
 8 -50  0.04  0.12  0.19  0.39  0.78  1.16  1.94  3.89  5.84  7.14  8.06  8.00  7.27  6.25  5.92  6.02  5.07  3.22  1.70  1.38  0.87  0.36  0.28  0.15  0.07  0.04  0.03  0.03
 8 -45  0.04  0.12  0.20  0.39  0.79  1.19  1.99  4.03  6.04  7.33  8.46  8.48  8.00  7.17  6.49  6.15  5.09  3.14  1.64  1.34  0.81  0.34  0.26  0.14  0.07  0.04  0.03  0.03
 8 -40  0.04  0.12  0.19  0.39  0.78  1.18  1.98  4.02  5.90  7.35  8.55  8.75  8.31  7.67  6.71  6.19  5.12  3.09  1.64  1.32  0.78  0.31  0.24  0.13  0.07  0.04  0.03  0.03
 8 -35  0.04  0.11  0.19  0.37  0.75  1.13  1.90  3.86  5.70  7.04  8.41  8.85  8.67  8.03  6.97  6.29  4.97  2.81  1.41  1.12  0.63  0.26  0.19  0.10  0.06  0.04  0.03  0.03
 8 -30  0.04  0.11  0.18  0.36  0.72  1.08  1.81  3.68  5.53  6.89  8.35  9.01  8.89  8.26  7.10  6.36  4.86  2.61  1.15  0.90  0.45  0.19  0.08  0.06  0.05  0.04  0.03  0.03
 8 -25  0.04  0.11  0.18  0.36  0.72  1.08  1.81  3.70  5.50  6.80  8.32  9.03  9.17  8.59  7.33  6.56  4.75  2.26  0.89  0.68  0.31  0.06  0.04  0.04  0.04  0.04  0.04  0.03
 8 -20  0.04  0.11  0.18  0.35  0.71  1.07  1.81  3.70  5.58  6.87  8.45  9.10  9.32  9.13  7.65  6.77  4.58  1.97  0.62  0.45  0.16  0.04  0.03  0.03  0.03  0.03  0.03  0.03
 8 -15  0.03  0.10  0.17  0.34  0.68  1.02  1.73  3.57  5.32  6.75  8.48  9.34  9.59  9.59  8.12  6.96  4.20  1.73  0.57  0.41  0.14  0.04  0.03  0.03  0.03  0.03  0.03  0.03
 8 -10  0.03  0.10  0.16  0.33  0.67  1.01  1.70  3.51  5.16  6.45  8.16  9.41  9.69  9.54  8.31  7.18  3.98  1.52  0.53  0.38  0.12  0.03  0.03  0.03  0.03  0.03  0.03  0.03
 8  -5  0.03  0.10  0.16  0.33  0.66  1.00  1.70  3.54  4.99  6.10  7.95  9.53  9.58  9.45  8.48  7.31  4.14  1.56  0.52  0.38  0.13  0.03  0.03  0.02  0.03  0.03  0.03  0.03
 8   0  0.03  0.09  0.15  0.31  0.62  0.93  1.58  3.27  4.60  5.55  7.36  9.13  9.23  9.20  8.46  7.42  4.28  1.59  0.51  0.37  0.14  0.03  0.03  0.02  0.02  0.03  0.03  0.03
 8   5  0.03  0.09  0.16  0.32  0.64  0.97  1.63  3.38  4.73  5.77  7.51  9.43  9.82  9.61  8.53  7.49  4.50  1.72  0.60  0.43  0.17  0.03  0.02  0.02  0.02  0.03  0.03  0.02
 8  10  0.03  0.09  0.16  0.31  0.63  0.95  1.60  3.28  4.63  5.69  7.48  9.36 10.14 10.02  8.59  7.63  4.80  1.84  0.73  0.52  0.20  0.03  0.02  0.02  0.02  0.03  0.03  0.02
 8  15  0.03  0.10  0.16  0.32  0.64  0.97  1.63  3.35  4.69  5.90  7.74  9.55 10.24 10.09  8.46  7.49  4.84  1.92  0.79  0.58  0.21  0.03  0.03  0.03  0.03  0.03  0.03  0.03
 8  20  0.03  0.10  0.16  0.33  0.67  1.00  1.69  3.48  5.00  6.18  7.97  9.51 10.15  9.79  8.29  7.37  4.79  2.01  0.83  0.58  0.23  0.04  0.03  0.03  0.03  0.04  0.03  0.03
 8  25  0.03  0.10  0.16  0.32  0.65  0.98  1.65  3.38  4.83  6.06  8.04  9.41  9.76  9.53  8.11  7.13  4.70  2.12  0.88  0.63  0.24  0.05  0.04  0.04  0.04  0.04  0.04  0.03
 8  30  0.03  0.10  0.16  0.32  0.65  0.98  1.65  3.36  4.85  5.97  7.90  9.16  9.51  9.26  7.94  6.94  4.63  2.28  0.94  0.70  0.27  0.07  0.05  0.04  0.04  0.04  0.04  0.04
 8  35  0.03  0.10  0.16  0.32  0.65  0.97  1.64  3.34  4.86  5.99  7.88  9.02  9.24  8.98  7.75  6.77  4.56  2.37  1.04  0.79  0.35  0.10  0.06  0.05  0.05  0.05  0.04  0.04
 8  40  0.03  0.09  0.16  0.32  0.64  0.96  1.62  3.31  4.69  5.87  7.63  8.75  9.02  8.68  7.49  6.66  4.60  2.51  1.18  0.92  0.46  0.13  0.08  0.06  0.05  0.05  0.04  0.04
 8  45  0.03  0.09  0.15  0.31  0.62  0.94  1.59  3.27  4.72  5.86  7.51  8.41  8.53  8.09  7.02  6.31  4.51  2.57  1.36  1.10  0.67  0.28  0.12  0.08  0.06  0.05  0.05  0.04
 8  50  0.03  0.09  0.15  0.30  0.60  0.90  1.52  3.12  4.60  5.74  7.27  8.10  8.11  7.58  6.64  6.00  4.41  2.66  1.53  1.26  0.81  0.39  0.24  0.10  0.07  0.06  0.05  0.04
 8  55  0.03  0.08  0.14  0.28  0.56  0.85  1.43  2.94  4.32  5.40  6.90  7.66  7.59  7.00  6.14  5.58  4.16  2.69  1.65  1.37  0.89  0.44  0.29  0.13  0.08  0.06  0.05  0.04
 8  60  0.03  0.08  0.14  0.27  0.55  0.83  1.40  2.86  4.22  5.29  6.75  7.40  7.24  6.52  5.73  5.22  3.87  2.69  1.77  1.48  0.96  0.46  0.32  0.15  0.09  0.06  0.05  0.04
 8  65  0.03  0.08  0.13  0.27  0.53  0.80  1.35  2.76  4.08  5.11  6.49  6.95  6.66  5.88  5.12  4.61  3.51  2.58  1.82  1.54  1.02  0.50  0.35  0.22  0.10  0.06  0.05  0.04
 8  70  0.03  0.08  0.13  0.26  0.52  0.78  1.31  2.67  3.93  4.92  6.21  6.48  6.07  5.23  4.49  4.01  3.14  2.47  1.87  1.60  1.08  0.53  0.39  0.25  0.11  0.06  0.05  0.04
 8  75  0.03  0.08  0.13  0.25  0.51  0.76  1.28  2.61  3.84  4.81  5.93  5.92  5.40  4.55  4.00  3.64  3.04  2.42  1.90  1.63  1.11  0.55  0.40  0.26  0.12  0.06  0.05  0.04
 8  80  0.02  0.07  0.12  0.25  0.50  0.75  1.25  2.54  3.75  4.69  5.64  5.36  4.72  3.87  3.50  3.27  2.98  2.42  1.93  1.67  1.15  0.57  0.41  0.27  0.12  0.07  0.05  0.04
 8  85  0.02  0.07  0.12  0.25  0.50  0.75  1.25  2.52  3.71  4.63  5.57  5.29  4.66  3.84  3.48  3.24  2.96  2.41  1.93  1.68  1.15  0.57  0.41  0.26  0.13  0.07  0.05  0.04
 8  90  0.02  0.07  0.12  0.25  0.50  0.74  1.24  2.50  3.67  4.57  5.49  5.22  4.61  3.81  3.45  3.22  2.94  2.40  1.93  1.68  1.15  0.57  0.41  0.26  0.13  0.07  0.05  0.04
 9 -90  0.04  0.11  0.18  0.36  0.73  1.10  1.86  3.81  5.48  6.31  6.61  5.81  5.29  4.83  4.15  3.55  3.68  3.19  2.34  1.95  1.34  0.55  0.31  0.13  0.07  0.04  0.03  0.03
 9 -85  0.04  0.11  0.18  0.36  0.73  1.10  1.86  3.79  5.46  6.31  6.63  5.83  5.30  4.82  4.14  3.55  3.68  3.20  2.34  1.95  1.34  0.55  0.32  0.13  0.07  0.04  0.03  0.03
 9 -80  0.04  0.11  0.18  0.36  0.73  1.10  1.85  3.78  5.45  6.32  6.65  5.84  5.31  4.81  4.13  3.54  3.68  3.20  2.33  1.94  1.34  0.55  0.33  0.14  0.07  0.04  0.03  0.03
 9 -75  0.04  0.11  0.18  0.35  0.71  1.07  1.79  3.64  5.30  6.22  6.90  6.30  5.66  4.98  4.38  3.81  3.74  3.35  2.46  2.04  1.43  0.59  0.35  0.15  0.07  0.04  0.03  0.03
 9 -70  0.03  0.10  0.17  0.34  0.69  1.04  1.73  3.51  5.11  6.10  7.12  6.78  6.03  5.19  4.61  4.07  3.58  3.34  2.49  2.07  1.48  0.61  0.37  0.15  0.08  0.04  0.03  0.03
 9 -65  0.03  0.10  0.17  0.34  0.68  1.02  1.71  3.43  5.09  6.23  7.38  7.35  6.59  5.69  5.25  4.86  3.90  3.37  2.37  1.98  1.38  0.59  0.30  0.16  0.08  0.04  0.03  0.03
 9 -60  0.03  0.10  0.17  0.34  0.69  1.03  1.72  3.46  5.15  6.36  7.64  7.86  7.15  6.26  5.88  5.65  4.38  3.44  2.24  1.88  1.27  0.56  0.32  0.17  0.08  0.04  0.03  0.03
 9 -55  0.04  0.11  0.18  0.35  0.70  1.05  1.75  3.51  5.22  6.47  7.79  8.20  7.58  6.66  6.09  5.91  4.73  3.41  2.00  1.64  1.03  0.48  0.29  0.18  0.08  0.04  0.03  0.03
 9 -50  0.04  0.11  0.18  0.35  0.71  1.06  1.77  3.53  5.37  6.65  8.02  8.51  8.01  6.98  6.34  6.19  5.17  3.40  1.84  1.46  0.84  0.40  0.27  0.17  0.08  0.04  0.03  0.03
 9 -45  0.04  0.11  0.18  0.36  0.72  1.08  1.81  3.66  5.54  6.80  8.38  8.87  8.51  7.70  6.77  6.32  5.17  3.29  1.77  1.41  0.77  0.37  0.25  0.16  0.08  0.04  0.04  0.03
 9 -40  0.04  0.11  0.18  0.36  0.72  1.08  1.81  3.68  5.45  6.90  8.47  9.04  8.66  7.94  6.90  6.32  5.16  3.21  1.78  1.40  0.76  0.34  0.25  0.14  0.07  0.04  0.04  0.03
 9 -35  0.03  0.10  0.17  0.35  0.70  1.05  1.75  3.56  5.30  6.63  8.33  9.11  8.98  8.30  7.11  6.39  5.00  2.88  1.52  1.17  0.59  0.26  0.20  0.11  0.07  0.04  0.04  0.03
 9 -30  0.03  0.10  0.17  0.33  0.67  1.01  1.69  3.43  5.20  6.53  8.29  9.30  9.23  8.50  7.21  6.40  4.88  2.63  1.24  0.93  0.40  0.17  0.09  0.07  0.05  0.04  0.04  0.04
 9 -25  0.03  0.10  0.17  0.34  0.68  1.02  1.71  3.49  5.20  6.49  8.26  9.27  9.43  8.78  7.41  6.58  4.83  2.32  1.04  0.76  0.30  0.07  0.05  0.04  0.04  0.04  0.04  0.04
 9 -20  0.03  0.10  0.17  0.33  0.67  1.01  1.69  3.47  5.23  6.46  8.28  9.33  9.61  9.27  7.71  6.78  4.75  2.12  0.83  0.59  0.19  0.05  0.03  0.03  0.03  0.03  0.04  0.04
 9 -15  0.03  0.09  0.16  0.32  0.64  0.96  1.62  3.35  5.00  6.34  8.18  9.42  9.85  9.75  8.17  6.95  4.35  1.84  0.70  0.50  0.16  0.04  0.03  0.03  0.03  0.03  0.04  0.04
 9 -10  0.03  0.09  0.15  0.31  0.62  0.94  1.58  3.26  4.78  5.99  7.79  9.36  9.79  9.63  8.34  7.16  4.08  1.58  0.57  0.41  0.13  0.03  0.03  0.03  0.03  0.03  0.03  0.03
 9  -5  0.03  0.09  0.15  0.31  0.62  0.94  1.60  3.31  4.67  5.70  7.61  9.49  9.70  9.55  8.49  7.20  4.19  1.61  0.57  0.41  0.13  0.03  0.03  0.03  0.03  0.03  0.03  0.03
 9   0  0.03  0.09  0.15  0.29  0.59  0.89  1.50  3.11  4.30  5.21  6.95  8.99  9.24  9.23  8.41  7.25  4.28  1.64  0.55  0.40  0.14  0.03  0.03  0.02  0.03  0.03  0.03  0.03
 9   5  0.03  0.09  0.15  0.30  0.61  0.93  1.57  3.24  4.51  5.52  7.24  9.39  9.82  9.65  8.60  7.43  4.48  1.74  0.62  0.43  0.16  0.03  0.02  0.02  0.02  0.03  0.03  0.02
 9  10  0.03  0.09  0.15  0.31  0.61  0.93  1.56  3.20  4.54  5.64  7.35  9.36 10.17 10.13  8.74  7.65  4.75  1.83  0.71  0.50  0.17  0.03  0.02  0.02  0.02  0.03  0.03  0.02
 9  15  0.03  0.09  0.16  0.31  0.63  0.95  1.60  3.28  4.62  5.86  7.63  9.55 10.32 10.26  8.59  7.54  4.77  1.83  0.74  0.53  0.18  0.03  0.02  0.03  0.03  0.03  0.03  0.03
 9  20  0.03  0.10  0.16  0.32  0.65  0.98  1.66  3.41  4.98  6.23  7.98  9.50 10.21  9.93  8.37  7.42  4.71  1.87  0.74  0.52  0.19  0.04  0.03  0.03  0.03  0.03  0.03  0.03
 9  25  0.03  0.09  0.16  0.32  0.64  0.96  1.61  3.29  4.84  6.13  8.12  9.47  9.87  9.62  8.22  7.34  4.71  1.94  0.78  0.55  0.19  0.05  0.04  0.03  0.03  0.04  0.04  0.03
 9  30  0.03  0.10  0.16  0.32  0.64  0.97  1.62  3.32  4.87  6.07  7.99  9.26  9.61  9.26  8.13  7.31  4.71  2.07  0.81  0.59  0.22  0.06  0.04  0.04  0.04  0.04  0.04  0.04
 9  35  0.03  0.10  0.16  0.32  0.65  0.97  1.64  3.34  4.97  6.19  8.06  9.10  9.21  8.90  7.78  6.91  4.56  2.21  0.97  0.72  0.31  0.08  0.05  0.04  0.04  0.04  0.04  0.04
 9  40  0.03  0.10  0.16  0.32  0.65  0.98  1.65  3.37  4.92  6.21  7.99  8.86  8.89  8.45  7.34  6.58  4.54  2.43  1.19  0.91  0.44  0.12  0.07  0.05  0.05  0.04  0.04  0.04
 9  45  0.03  0.10  0.16  0.33  0.65  0.99  1.66  3.42  5.02  6.29  7.84  8.38  8.24  7.71  6.77  6.15  4.43  2.51  1.41  1.12  0.66  0.28  0.11  0.07  0.06  0.05  0.04  0.04
 9  50  0.03  0.10  0.16  0.32  0.65  0.98  1.65  3.39  5.08  6.32  7.68  8.07  7.72  7.06  6.28  5.78  4.34  2.64  1.58  1.28  0.80  0.37  0.22  0.10  0.07  0.05  0.04  0.04
 9  55  0.03  0.09  0.16  0.31  0.63  0.94  1.59  3.25  4.89  6.12  7.37  7.57  7.08  6.39  5.72  5.34  4.14  2.68  1.69  1.38  0.88  0.44  0.27  0.12  0.08  0.05  0.05  0.04
 9  60  0.03  0.09  0.16  0.31  0.62  0.94  1.58  3.23  4.90  6.14  7.30  7.28  6.65  5.85  5.27  4.94  3.90  2.66  1.79  1.48  0.94  0.46  0.29  0.17  0.09  0.05  0.05  0.04
 9  65  0.03  0.09  0.16  0.31  0.63  0.95  1.60  3.26  4.90  6.09  7.01  6.76  6.05  5.23  4.66  4.32  3.54  2.52  1.84  1.53  1.00  0.49  0.31  0.19  0.09  0.05  0.04  0.04
 9  70  0.03  0.10  0.16  0.32  0.64  0.96  1.61  3.28  4.90  6.03  6.71  6.23  5.43  4.61  4.04  3.69  3.17  2.37  1.88  1.59  1.06  0.52  0.33  0.20  0.10  0.06  0.05  0.04
 9  75  0.03  0.10  0.16  0.32  0.64  0.96  1.62  3.29  4.70  5.64  5.96  5.42  4.73  4.07  3.78  3.62  3.07  2.32  1.87  1.59  1.06  0.51  0.34  0.21  0.10  0.06  0.05  0.04
 9  80  0.03  0.10  0.16  0.32  0.64  0.97  1.62  3.28  4.49  5.24  5.21  4.61  4.03  3.53  3.51  3.55  2.99  2.31  1.86  1.59  1.07  0.51  0.34  0.22  0.11  0.06  0.04  0.04
 9  85  0.03  0.10  0.16  0.32  0.64  0.96  1.61  3.26  4.45  5.18  5.13  4.54  3.98  3.51  3.49  3.53  2.98  2.30  1.86  1.59  1.07  0.51  0.34  0.22  0.11  0.06  0.04  0.04
 9  90  0.03  0.10  0.16  0.32  0.64  0.96  1.61  3.24  4.41  5.13  5.06  4.47  3.92  3.47  3.46  3.50  2.96  2.30  1.86  1.60  1.07  0.51  0.34  0.22  0.11  0.06  0.04  0.04
10 -90  0.03  0.09  0.14  0.29  0.58  0.87  1.47  2.97  4.37  5.40  6.72  6.94  6.23  5.42  4.95  4.64  4.21  3.30  2.24  1.87  1.31  0.59  0.38  0.16  0.08  0.04  0.03  0.03
10 -85  0.03  0.09  0.14  0.29  0.58  0.87  1.46  2.96  4.35  5.41  6.74  6.96  6.24  5.41  4.94  4.63  4.21  3.30  2.24  1.86  1.31  0.59  0.39  0.16  0.08  0.04  0.03  0.03
10 -80  0.03  0.09  0.14  0.29  0.58  0.87  1.46  2.94  4.34  5.41  6.76  6.97  6.25  5.40  4.93  4.62  4.21  3.31  2.23  1.86  1.31  0.59  0.40  0.17  0.08  0.04  0.03  0.03
10 -75  0.03  0.09  0.15  0.29  0.58  0.87  1.46  2.94  4.32  5.42  6.83  7.27  6.66  5.81  5.38  5.21  4.40  3.66  2.48  2.05  1.44  0.64  0.30  0.17  0.08  0.04  0.03  0.03
10 -70  0.03  0.09  0.15  0.29  0.58  0.87  1.46  2.93  4.31  5.42  6.89  7.56  7.08  6.25  5.80  5.75  4.51  3.76  2.57  2.12  1.49  0.67  0.33  0.18  0.08  0.04  0.03  0.03
10 -65  0.03  0.09  0.15  0.30  0.60  0.90  1.50  3.00  4.44  5.61  7.15  7.93  7.53  6.69  6.32  6.30  4.76  3.75  2.49  2.06  1.38  0.63  0.33  0.19  0.09  0.04  0.03  0.03
10 -60  0.03  0.09  0.15  0.31  0.62  0.93  1.55  3.09  4.60  5.82  7.42  8.28  7.97  7.11  6.85  6.88  5.21  3.82  2.39  1.97  1.25  0.58  0.33  0.20  0.09  0.04  0.03  0.03
10 -55  0.03  0.09  0.16  0.32  0.63  0.95  1.58  3.15  4.70  5.93  7.57  8.48  8.23  7.35  6.79  6.63  5.20  3.54  2.10  1.70  1.03  0.48  0.30  0.19  0.10  0.05  0.03  0.03
10 -50  0.03  0.09  0.16  0.32  0.63  0.95  1.58  3.15  4.77  6.02  7.74  8.71  8.47  7.49  6.73  6.41  5.28  3.45  1.95  1.55  0.88  0.38  0.26  0.19  0.09  0.05  0.04  0.03
10 -45  0.03  0.09  0.16  0.31  0.63  0.94  1.58  3.19  4.89  6.12  8.04  9.07  8.88  8.10  7.18  6.78  5.52  3.51  1.94  1.54  0.86  0.36  0.24  0.16  0.08  0.05  0.04  0.03
10 -40  0.03  0.09  0.16  0.31  0.63  0.95  1.59  3.22  4.87  6.25  8.18  9.25  9.03  8.22  7.45  7.03  5.69  3.58  2.04  1.61  0.89  0.35  0.24  0.12  0.07  0.04  0.04  0.03
10 -35  0.03  0.09  0.16  0.31  0.62  0.94  1.57  3.18  4.75  6.00  7.99  9.27  9.28  8.62  7.59  7.01  5.37  3.06  1.59  1.23  0.63  0.25  0.17  0.09  0.06  0.04  0.04  0.04
10 -30  0.03  0.09  0.15  0.31  0.61  0.92  1.54  3.13  4.73  5.95  7.95  9.44  9.54  8.81  7.64  6.94  5.07  2.58  1.14  0.85  0.37  0.15  0.10  0.07  0.05  0.04  0.04  0.04
10 -25  0.03  0.09  0.16  0.31  0.63  0.94  1.58  3.23  4.78  6.00  7.96  9.35  9.64  9.01  7.72  6.96  4.84  2.15  0.96  0.70  0.27  0.08  0.05  0.05  0.04  0.04  0.04  0.04
10 -20  0.03  0.09  0.15  0.31  0.62  0.93  1.57  3.21  4.80  5.93  7.90  9.37  9.81  9.41  7.92  7.00  4.58  1.86  0.76  0.53  0.16  0.05  0.04  0.03  0.03  0.04  0.04  0.04
10 -15  0.03  0.09  0.15  0.30  0.60  0.90  1.52  3.13  4.64  5.84  7.72  9.32  9.98  9.82  8.29  7.15  4.29  1.73  0.66  0.46  0.13  0.04  0.03  0.03  0.03  0.03  0.04  0.04
10 -10  0.03  0.09  0.14  0.29  0.58  0.87  1.47  3.03  4.40  5.52  7.33  9.14  9.73  9.61  8.39  7.33  4.11  1.61  0.56  0.39  0.11  0.03  0.03  0.03  0.03  0.03  0.03  0.03
10  -5  0.03  0.09  0.14  0.29  0.58  0.88  1.49  3.09  4.38  5.34  7.23  9.24  9.63  9.49  8.52  7.36  4.20  1.63  0.54  0.37  0.11  0.03  0.03  0.03  0.03  0.03  0.03  0.03
10   0  0.03  0.08  0.14  0.28  0.57  0.86  1.46  3.03  4.11  5.00  6.64  8.75  9.19  9.14  8.44  7.44  4.26  1.66  0.51  0.35  0.11  0.03  0.02  0.02  0.02  0.03  0.03  0.02
10   5  0.03  0.09  0.15  0.30  0.60  0.90  1.52  3.15  4.36  5.35  7.02  9.16  9.60  9.51  8.59  7.47  4.42  1.73  0.59  0.40  0.13  0.03  0.02  0.02  0.02  0.03  0.03  0.02
10  10  0.03  0.09  0.15  0.30  0.60  0.91  1.53  3.14  4.48  5.57  7.19  9.10  9.86  9.95  8.66  7.53  4.63  1.79  0.68  0.47  0.15  0.03  0.02  0.02  0.02  0.03  0.03  0.02
10  15  0.03  0.09  0.15  0.31  0.61  0.93  1.56  3.20  4.57  5.77  7.39  9.23 10.02 10.09  8.47  7.38  4.61  1.76  0.71  0.50  0.16  0.03  0.02  0.03  0.03  0.03  0.03  0.03
10  20  0.03  0.09  0.16  0.32  0.64  0.96  1.62  3.33  4.91  6.17  7.77  9.17  9.93  9.81  8.19  7.19  4.55  1.81  0.71  0.50  0.17  0.04  0.03  0.03  0.03  0.03  0.03  0.03
10  25  0.03  0.09  0.15  0.31  0.62  0.94  1.58  3.23  4.86  6.17  8.00  9.25  9.67  9.43  7.98  7.16  4.57  1.89  0.74  0.53  0.18  0.05  0.03  0.03  0.03  0.03  0.04  0.03
10  30  0.03  0.10  0.16  0.32  0.64  0.97  1.63  3.33  4.94  6.21  7.97  9.12  9.44  9.01  7.90  7.16  4.61  1.99  0.76  0.55  0.21  0.06  0.04  0.04  0.03  0.04  0.04  0.03
10  35  0.03  0.10  0.16  0.33  0.66  1.00  1.68  3.42  5.18  6.51  8.20  8.94  8.88  8.48  7.47  6.70  4.49  2.11  0.93  0.69  0.32  0.09  0.05  0.04  0.04  0.04  0.04  0.04
10  40  0.03  0.10  0.17  0.34  0.68  1.03  1.73  3.53  5.34  6.73  8.31  8.73  8.38  7.79  6.91  6.33  4.47  2.34  1.19  0.91  0.46  0.22  0.08  0.05  0.05  0.04  0.04  0.04
10  45  0.04  0.11  0.18  0.36  0.72  1.08  1.82  3.73  5.53  6.89  8.12  8.13  7.65  7.07  6.38  5.95  4.45  2.52  1.46  1.16  0.69  0.30  0.17  0.07  0.06  0.04  0.04  0.04
10  50  0.04  0.11  0.18  0.37  0.73  1.11  1.86  3.82  5.81  7.07  8.02  7.78  7.09  6.35  5.88  5.63  4.48  2.75  1.66  1.33  0.84  0.38  0.21  0.10  0.07  0.05  0.04  0.04
10  55  0.04  0.11  0.18  0.37  0.74  1.11  1.87  3.82  5.76  6.90  7.57  7.16  6.43  5.78  5.45  5.34  4.41  2.78  1.73  1.40  0.90  0.44  0.25  0.15  0.08  0.05  0.04  0.04
10  60  0.04  0.11  0.19  0.38  0.76  1.14  1.92  3.92  5.84  6.95  7.40  6.80  6.00  5.36  5.13  5.07  4.27  2.75  1.81  1.48  0.95  0.47  0.27  0.17  0.08  0.05  0.04  0.04
10  65  0.04  0.12  0.19  0.39  0.77  1.17  1.96  4.00  5.77  6.69  6.92  6.23  5.47  4.89  4.70  4.64  3.93  2.64  1.90  1.57  1.04  0.49  0.28  0.17  0.09  0.05  0.04  0.04
10  70  0.04  0.12  0.20  0.39  0.79  1.19  1.99  4.06  5.68  6.44  6.43  5.63  4.92  4.41  4.27  4.20  3.58  2.54  1.99  1.66  1.13  0.51  0.29  0.18  0.09  0.05  0.04  0.04
10  75  0.04  0.12  0.19  0.39  0.78  1.18  1.98  4.02  5.29  5.76  5.62  4.94  4.39  4.01  3.92  3.84  3.38  2.51  2.02  1.70  1.17  0.52  0.29  0.19  0.09  0.05  0.04  0.04
10  80  0.04  0.12  0.19  0.39  0.78  1.17  1.96  3.98  4.88  5.08  4.81  4.26  3.86  3.62  3.56  3.50  3.21  2.52  2.07  1.75  1.21  0.54  0.30  0.19  0.09  0.05  0.04  0.04
10  85  0.04  0.12  0.19  0.39  0.78  1.17  1.95  3.96  4.84  5.02  4.74  4.19  3.81  3.59  3.54  3.47  3.19  2.51  2.06  1.75  1.21  0.54  0.30  0.19  0.11  0.05  0.04  0.04
10  90  0.04  0.12  0.19  0.39  0.77  1.16  1.95  3.94  4.80  4.97  4.66  4.12  3.76  3.56  3.51  3.45  3.18  2.50  2.06  1.75  1.21  0.54  0.30  0.19  0.11  0.05  0.04  0.04
11 -90  0.02  0.07  0.12  0.25  0.50  0.75  1.26  2.54  3.63  4.50  6.20  7.21  7.08  6.38  5.94  6.01  5.10  3.80  2.64  2.19  1.46  0.63  0.30  0.16  0.10  0.04  0.03  0.02
11 -85  0.02  0.07  0.12  0.25  0.50  0.75  1.26  2.53  3.61  4.50  6.23  7.22  7.09  6.37  5.93  6.00  5.10  3.80  2.63  2.18  1.46  0.63  0.30  0.22  0.10  0.04  0.03  0.03
11 -80  0.02  0.07  0.12  0.25  0.50  0.75  1.25  2.52  3.60  4.51  6.25  7.24  7.10  6.36  5.92  6.00  5.10  3.81  2.62  2.17  1.46  0.63  0.30  0.16  0.10  0.04  0.03  0.03
11 -75  0.03  0.08  0.13  0.25  0.50  0.76  1.26  2.53  3.64  4.59  6.29  7.36  7.29  6.53  6.24  6.38  5.34  3.97  2.74  2.27  1.53  0.67  0.32  0.17  0.10  0.04  0.03  0.03
11 -70  0.03  0.08  0.13  0.26  0.51  0.77  1.28  2.55  3.69  4.67  6.34  7.48  7.47  6.70  6.54  6.73  5.53  3.97  2.73  2.26  1.53  0.70  0.34  0.18  0.10  0.04  0.03  0.03
11 -65  0.03  0.08  0.13  0.26  0.53  0.79  1.31  2.62  3.82  4.85  6.56  7.74  7.76  6.96  6.78  6.88  5.52  3.80  2.54  2.09  1.37  0.65  0.34  0.19  0.10  0.04  0.03  0.03
11 -60  0.03  0.08  0.14  0.27  0.54  0.82  1.36  2.71  3.96  5.03  6.79  8.01  8.05  7.22  7.02  7.06  5.53  3.66  2.33  1.90  1.19  0.58  0.33  0.20  0.10  0.05  0.03  0.03
11 -55  0.03  0.08  0.14  0.28  0.56  0.84  1.40  2.80  4.10  5.18  6.97  8.26  8.34  7.55  6.94  6.68  5.26  3.38  2.00  1.61  0.94  0.46  0.29  0.20  0.10  0.05  0.03  0.03
11 -50  0.03  0.08  0.14  0.28  0.57  0.85  1.41  2.81  4.13  5.25  7.10  8.52  8.62  7.76  6.81  6.30  5.10  3.25  1.79  1.40  0.75  0.34  0.24  0.19  0.10  0.05  0.04  0.03
11 -45  0.03  0.08  0.14  0.28  0.56  0.84  1.40  2.83  4.23  5.30  7.29  8.88  9.01  8.33  7.18  6.59  5.30  3.28  1.78  1.39  0.74  0.31  0.22  0.15  0.08  0.05  0.04  0.03
11 -40  0.03  0.08  0.14  0.28  0.55  0.83  1.40  2.83  4.30  5.47  7.50  9.13  9.26  8.50  7.46  6.80  5.39  3.31  1.87  1.46  0.77  0.31  0.22  0.11  0.07  0.04  0.04  0.03
11 -35  0.03  0.08  0.14  0.28  0.56  0.85  1.42  2.88  4.19  5.29  7.36  9.11  9.42  8.92  7.64  6.88  5.07  2.84  1.44  1.09  0.53  0.23  0.14  0.08  0.06  0.04  0.04  0.03
11 -30  0.03  0.08  0.14  0.28  0.57  0.85  1.42  2.88  4.26  5.34  7.40  9.29  9.68  9.11  7.77  6.93  4.76  2.37  1.00  0.73  0.30  0.14  0.09  0.06  0.05  0.04  0.04  0.04
11 -25  0.03  0.09  0.15  0.29  0.59  0.88  1.48  3.01  4.38  5.52  7.58  9.26  9.69  9.19  7.75  6.87  4.58  2.06  0.88  0.62  0.23  0.08  0.06  0.05  0.04  0.04  0.04  0.04
11 -20  0.03  0.09  0.14  0.29  0.58  0.87  1.47  2.99  4.44  5.52  7.58  9.33  9.87  9.47  7.86  6.84  4.40  1.88  0.73  0.50  0.14  0.05  0.04  0.04  0.04  0.04  0.04  0.04
11 -15  0.03  0.09  0.14  0.28  0.57  0.86  1.45  2.98  4.41  5.49  7.39  9.24 10.04  9.78  8.13  6.99  4.19  1.75  0.65  0.44  0.13  0.04  0.03  0.03  0.03  0.04  0.04  0.03
11 -10  0.03  0.08  0.14  0.28  0.56  0.84  1.42  2.90  4.21  5.27  7.08  9.03  9.68  9.55  8.20  7.17  4.07  1.62  0.56  0.39  0.12  0.04  0.03  0.03  0.03  0.03  0.03  0.03
11  -5  0.03  0.08  0.14  0.28  0.56  0.85  1.44  2.97  4.28  5.25  7.14  9.08  9.55  9.38  8.23  7.15  4.10  1.58  0.54  0.37  0.12  0.03  0.03  0.03  0.03  0.03  0.03  0.03
11   0  0.03  0.09  0.14  0.29  0.58  0.88  1.49  3.08  4.17  5.12  6.73  8.72  9.24  9.04  8.13  7.19  4.06  1.54  0.50  0.35  0.12  0.03  0.03  0.02  0.02  0.03  0.03  0.02
11   5  0.03  0.09  0.15  0.30  0.60  0.90  1.52  3.13  4.40  5.38  7.08  8.99  9.37  9.31  8.30  7.20  4.24  1.60  0.55  0.37  0.13  0.03  0.03  0.02  0.02  0.03  0.03  0.02
11  10  0.03  0.09  0.15  0.30  0.60  0.90  1.52  3.13  4.51  5.59  7.15  8.83  9.45  9.60  8.39  7.26  4.44  1.67  0.60  0.41  0.13  0.03  0.03  0.03  0.03  0.03  0.03  0.03
11  15  0.03  0.09  0.15  0.30  0.61  0.92  1.55  3.18  4.61  5.79  7.28  8.85  9.51  9.65  8.14  7.10  4.34  1.63  0.63  0.44  0.15  0.03  0.03  0.03  0.03  0.03  0.03  0.03
11  20  0.03  0.09  0.16  0.31  0.63  0.96  1.61  3.31  4.93  6.21  7.64  8.76  9.41  9.38  7.83  6.89  4.27  1.68  0.62  0.44  0.16  0.04  0.03  0.03  0.03  0.03  0.03  0.03
11  25  0.03  0.09  0.16  0.31  0.63  0.95  1.59  3.24  5.01  6.32  7.91  8.88  9.19  8.89  7.54  6.85  4.33  1.84  0.71  0.52  0.19  0.05  0.03  0.03  0.03  0.03  0.03  0.03
11  30  0.03  0.10  0.16  0.33  0.66  1.00  1.68  3.44  5.16  6.52  7.98  8.78  8.96  8.44  7.42  6.81  4.43  1.97  0.76  0.56  0.23  0.07  0.04  0.04  0.03  0.03  0.03  0.03
11  35  0.03  0.10  0.17  0.35  0.70  1.06  1.78  3.63  5.51  6.94  8.28  8.60  8.37  7.95  7.12  6.53  4.55  2.18  0.97  0.73  0.36  0.16  0.06  0.05  0.04  0.04  0.04  0.03
11  40  0.04  0.11  0.18  0.37  0.74  1.11  1.87  3.83  5.84  7.32  8.47  8.42  7.84  7.23  6.64  6.31  4.77  2.51  1.29  0.98  0.50  0.22  0.09  0.06  0.05  0.04  0.04  0.04
11  45  0.04  0.12  0.19  0.39  0.78  1.18  1.98  4.06  6.03  7.43  8.18  7.78  7.15  6.64  6.27  6.06  4.80  2.71  1.56  1.24  0.75  0.34  0.20  0.08  0.06  0.04  0.04  0.04
11  50  0.04  0.12  0.20  0.41  0.82  1.24  2.09  4.28  6.38  7.57  8.02  7.37  6.57  5.91  5.86  5.86  4.90  2.94  1.77  1.43  0.91  0.44  0.24  0.15  0.07  0.05  0.04  0.04
11  55  0.04  0.12  0.21  0.41  0.83  1.25  2.11  4.31  6.24  7.17  7.40  6.67  5.99  5.51  5.57  5.68  4.79  2.98  1.85  1.51  1.02  0.50  0.27  0.16  0.08  0.05  0.04  0.04
11  60  0.04  0.13  0.21  0.42  0.84  1.27  2.13  4.34  6.18  7.04  7.05  6.24  5.62  5.23  5.35  5.48  4.61  2.96  1.93  1.60  1.13  0.52  0.27  0.17  0.08  0.05  0.04  0.04
11  65  0.04  0.12  0.20  0.41  0.82  1.23  2.06  4.21  5.95  6.72  6.74  5.97  5.44  5.11  5.11  5.12  4.44  2.96  2.09  1.76  1.29  0.58  0.30  0.18  0.09  0.05  0.04  0.04
11  70  0.04  0.12  0.20  0.40  0.80  1.21  2.03  4.15  5.72  6.40  6.41  5.70  5.25  4.99  4.87  4.75  4.26  2.96  2.24  1.93  1.45  0.65  0.32  0.19  0.09  0.05  0.04  0.04
11  75  0.04  0.12  0.20  0.40  0.80  1.20  2.02  4.12  5.43  5.98  5.89  4.95  4.40  4.14  4.04  3.93  3.67  2.84  2.16  1.85  1.38  0.60  0.29  0.17  0.09  0.05  0.04  0.04
11  80  0.04  0.12  0.20  0.39  0.79  1.18  1.99  4.06  5.13  5.55  5.36  4.20  3.54  3.28  3.21  3.11  3.10  2.75  2.09  1.79  1.31  0.56  0.26  0.15  0.09  0.05  0.04  0.04
11  85  0.04  0.12  0.20  0.39  0.78  1.18  1.98  4.04  5.09  5.50  5.30  4.14  3.49  3.26  3.19  3.09  3.08  2.74  2.09  1.79  1.31  0.56  0.26  0.15  0.09  0.05  0.04  0.04
11  90  0.04  0.12  0.19  0.39  0.78  1.18  1.98  4.02  5.06  5.45  5.22  4.08  3.44  3.23  3.17  3.06  3.07  2.74  2.09  1.79  1.31  0.56  0.26  0.15  0.09  0.05  0.04  0.03
12 -90  0.02  0.07  0.11  0.22  0.45  0.67  1.12  2.27  3.25  4.03  5.70  6.90  6.81  6.02  5.60  5.39  4.96  3.58  2.51  2.09  1.33  0.63  0.33  0.18  0.08  0.05  0.03  0.02
12 -85  0.02  0.07  0.11  0.22  0.44  0.67  1.12  2.25  3.24  4.04  5.72  6.92  6.82  6.01  5.59  5.38  4.96  3.59  2.51  2.08  1.33  0.63  0.33  0.18  0.08  0.05  0.03  0.02
12 -80  0.02  0.07  0.11  0.22  0.44  0.67  1.11  2.24  3.22  4.04  5.74  6.93  6.83  6.00  5.58  5.37  4.96  3.59  2.50  2.08  1.33  0.63  0.33  0.18  0.08  0.05  0.03  0.02
12 -75  0.02  0.07  0.11  0.23  0.46  0.68  1.14  2.29  3.29  4.13  5.80  7.03  7.00  6.17  5.75  5.54  5.08  3.59  2.48  2.07  1.34  0.63  0.33  0.18  0.12  0.05  0.03  0.03
12 -70  0.02  0.07  0.12  0.23  0.47  0.70  1.17  2.34  3.36  4.22  5.85  7.13  7.16  6.34  5.92  5.71  5.18  3.55  2.40  2.00  1.30  0.62  0.34  0.18  0.11  0.05  0.03  0.03
12 -65  0.02  0.07  0.12  0.24  0.49  0.73  1.21  2.42  3.48  4.37  6.05  7.42  7.53  6.75  6.27  6.02  5.20  3.43  2.20  1.82  1.16  0.55  0.32  0.19  0.11  0.05  0.03  0.03
12 -60  0.03  0.08  0.13  0.25  0.50  0.76  1.26  2.51  3.61  4.53  6.25  7.70  7.91  7.16  6.62  6.33  5.22  3.32  2.00  1.64  1.01  0.48  0.30  0.19  0.11  0.05  0.03  0.03
12 -55  0.03  0.08  0.13  0.27  0.53  0.79  1.32  2.64  3.78  4.76  6.49  8.00  8.31  7.68  6.93  6.46  5.06  3.09  1.73  1.40  0.81  0.40  0.27  0.19  0.11  0.05  0.03  0.03
12 -50  0.03  0.08  0.13  0.27  0.54  0.80  1.34  2.67  3.84  4.87  6.64  8.30  8.71  8.09  7.17  6.59  4.99  2.90  1.50  1.18  0.63  0.32  0.22  0.19  0.10  0.05  0.04  0.03
12 -45  0.03  0.08  0.13  0.27  0.53  0.80  1.34  2.72  3.93  4.89  6.79  8.65  9.09  8.63  7.27  6.47  4.91  2.79  1.44  1.12  0.60  0.27  0.18  0.13  0.08  0.05  0.04  0.03
12 -40  0.03  0.08  0.13  0.27  0.53  0.80  1.34  2.70  4.06  5.10  7.09  8.98  9.42  8.88  7.35  6.29  4.72  2.68  1.47  1.14  0.60  0.24  0.16  0.09  0.06  0.04  0.04  0.03
12 -35  0.03  0.08  0.14  0.27  0.55  0.82  1.37  2.78  3.95  4.98  7.02  8.99  9.49  9.20  7.69  6.74  4.65  2.41  1.15  0.87  0.42  0.19  0.11  0.07  0.05  0.04  0.04  0.03
12 -30  0.03  0.08  0.14  0.28  0.55  0.83  1.39  2.80  4.09  5.12  7.17  9.21  9.71  9.28  8.03  7.20  4.58  2.11  0.84  0.61  0.25  0.12  0.07  0.05  0.04  0.04  0.04  0.03
12 -25  0.03  0.09  0.14  0.28  0.57  0.86  1.44  2.93  4.23  5.37  7.50  9.30  9.72  9.27  7.94  7.10  4.45  1.89  0.76  0.53  0.19  0.08  0.05  0.04  0.04  0.04  0.04  0.03
12 -20  0.03  0.08  0.14  0.28  0.57  0.85  1.43  2.90  4.33  5.46  7.59  9.42  9.93  9.46  7.98  7.02  4.35  1.77  0.65  0.44  0.12  0.05  0.04  0.03  0.03  0.04  0.04  0.03
12 -15  0.03  0.08  0.14  0.28  0.57  0.85  1.44  2.94  4.41  5.45  7.43  9.41 10.14  9.68  8.10  7.07  4.19  1.68  0.59  0.39  0.11  0.04  0.03  0.03  0.03  0.03  0.03  0.03
12 -10  0.03  0.08  0.14  0.28  0.56  0.84  1.41  2.89  4.26  5.36  7.24  9.21  9.78  9.53  8.08  7.15  4.10  1.58  0.52  0.35  0.11  0.04  0.03  0.03  0.03  0.03  0.03  0.03
12  -5  0.03  0.08  0.14  0.28  0.56  0.85  1.43  2.95  4.40  5.47  7.43  9.20  9.66  9.37  7.91  6.85  4.00  1.53  0.50  0.34  0.13  0.03  0.03  0.02  0.03  0.03  0.03  0.02
12   0  0.03  0.09  0.15  0.30  0.60  0.91  1.54  3.18  4.47  5.55  7.24  9.07  9.59  9.15  7.66  6.59  3.82  1.44  0.46  0.31  0.13  0.03  0.03  0.02  0.02  0.03  0.03  0.02
12   5  0.03  0.09  0.15  0.30  0.61  0.91  1.54  3.18  4.64  5.69  7.52  9.10  9.36  9.20  7.87  6.75  4.05  1.52  0.52  0.34  0.12  0.03  0.03  0.03  0.03  0.03  0.03  0.03
12  10  0.03  0.09  0.15  0.30  0.61  0.92  1.55  3.18  4.67  5.84  7.43  8.78  9.14  9.18  8.02  6.96  4.29  1.64  0.57  0.38  0.13  0.03  0.03  0.03  0.03  0.03  0.03  0.03
12  15  0.03  0.09  0.15  0.31  0.61  0.93  1.56  3.20  4.75  5.98  7.43  8.68  9.07  9.11  7.72  6.75  4.17  1.64  0.61  0.42  0.14  0.04  0.03  0.03  0.03  0.03  0.03  0.03
12  20  0.03  0.09  0.16  0.32  0.63  0.96  1.61  3.30  4.99  6.32  7.69  8.56  8.98  8.88  7.40  6.53  4.14  1.75  0.63  0.45  0.16  0.04  0.03  0.03  0.03  0.03  0.03  0.03
12  25  0.03  0.09  0.15  0.31  0.62  0.94  1.58  3.21  5.04  6.31  7.79  8.60  8.76  8.33  7.19  6.66  4.32  2.00  0.78  0.58  0.22  0.05  0.04  0.04  0.03  0.03  0.03  0.03
12  30  0.03  0.10  0.16  0.33  0.66  0.99  1.67  3.41  5.12  6.47  7.80  8.46  8.55  7.93  7.20  6.81  4.57  2.16  0.87  0.65  0.27  0.08  0.05  0.04  0.04  0.04  0.03  0.03
12  35  0.03  0.10  0.17  0.35  0.70  1.05  1.76  3.59  5.43  6.80  8.05  8.28  8.04  7.58  7.10  6.75  4.84  2.39  1.09  0.84  0.44  0.20  0.08  0.06  0.05  0.04  0.04  0.04
12  40  0.04  0.11  0.18  0.37  0.74  1.11  1.86  3.81  5.71  7.09  8.17  8.11  7.57  6.95  6.76  6.71  5.17  2.72  1.43  1.10  0.63  0.29  0.16  0.08  0.06  0.04  0.04  0.04
12  45  0.04  0.11  0.19  0.38  0.77  1.16  1.96  4.02  5.82  7.12  7.88  7.56  7.00  6.59  6.45  6.36  5.12  3.06  1.71  1.37  0.86  0.41  0.24  0.15  0.07  0.05  0.04  0.04
12  50  0.04  0.12  0.20  0.41  0.82  1.23  2.07  4.23  6.17  7.24  7.66  7.12  6.46  5.97  6.02  6.04  5.14  3.38  1.95  1.59  1.03  0.50  0.28  0.18  0.08  0.05  0.04  0.04
12  55  0.04  0.12  0.20  0.41  0.82  1.23  2.07  4.24  6.01  6.80  7.10  6.54  6.07  5.76  5.81  5.85  4.98  3.40  2.08  1.70  1.18  0.57  0.30  0.20  0.08  0.05  0.04  0.04
12  60  0.04  0.12  0.20  0.40  0.81  1.22  2.06  4.21  5.89  6.60  6.77  6.20  5.84  5.67  5.63  5.63  4.75  3.36  2.21  1.84  1.32  0.63  0.32  0.20  0.09  0.05  0.04  0.04
12  65  0.04  0.12  0.21  0.42  0.84  1.27  2.13  4.36  5.85  6.54  6.70  6.05  5.69  5.53  5.40  5.30  4.59  3.24  2.27  1.91  1.39  0.65  0.30  0.18  0.09  0.05  0.04  0.04
12  70  0.04  0.13  0.21  0.43  0.86  1.30  2.19  4.48  5.79  6.45  6.59  5.92  5.53  5.38  5.15  4.96  4.44  3.14  2.32  1.97  1.46  0.66  0.28  0.16  0.09  0.05  0.04  0.04
12  75  0.04  0.12  0.21  0.41  0.83  1.25  2.11  4.34  5.52  6.18  6.29  5.46  5.01  4.87  4.66  4.49  4.21  3.14  2.33  1.99  1.46  0.65  0.30  0.17  0.09  0.05  0.04  0.04
12  80  0.04  0.12  0.20  0.40  0.79  1.20  2.02  4.16  5.28  5.90  5.98  4.99  4.48  4.32  4.17  4.03  3.98  3.15  2.34  2.01  1.47  0.65  0.32  0.19  0.09  0.05  0.04  0.04
12  85  0.04  0.12  0.20  0.39  0.79  1.20  2.02  4.14  5.24  5.85  5.91  4.93  4.44  4.30  4.15  4.00  3.97  3.15  2.34  2.01  1.47  0.65  0.32  0.19  0.09  0.05  0.04  0.04
12  90  0.04  0.12  0.20  0.39  0.79  1.20  2.01  4.12  5.20  5.79  5.84  4.87  4.38  4.27  4.13  3.98  3.95  3.14  2.34  2.01  1.47  0.65  0.32  0.19  0.09  0.05  0.04  0.03
