     3    64     3
        .000  1.00000000        .000
        .000   .99467117        .000
        .000   .98862660       1.088
        .000   .98174226      10.867
        .000   .97386760      40.726
        .000   .96482760     105.454
        .000   .95443410     221.271
        .000   .94249105     405.096
        .000   .92879730     674.273
        .000   .91315103    1046.210
        .000   .89535499    1537.911
        .000   .87522358    2165.385
        .000   .85259068    2942.965
        .000   .82731885    3882.497
        .000   .79930973    4992.464
        .000   .76851469    6277.065
        .000   .73494524    7735.303
        .000   .69868290    9360.145
        .000   .65988702   11137.855
        .000   .61879963   13047.562
        .000   .57574666   15061.147
        .000   .53113484   17143.541
        .000   .48544332   19253.414
        .000   .43921080   21344.312
        .000   .39301825   23366.135
        .000   .34746850   25266.887
        .000   .30316412   26994.602
        .000   .26068544   28499.234
        .000   .22057019   29734.408
        .000   .18329623   30658.914
        .000   .14926878   31237.799
        .000   .11881219   31443.094
        .000   .09216691   31254.062
        .000   .06947458   30660.146
        .000   .05064684   29686.322
        .000   .03544162   28379.479
        .000   .02355588   26791.846
        .000   .01463712   24979.922
        .000   .00829402   23003.555
        .000   .00410671   20925.059
        .000   .00163591   18808.412
        .000   .00043106   16718.572
        .000   .00003697   14720.895
        .000   .00000000   12880.532
        .000   .00000000   11237.881
        .000   .00000000    9780.576
        .000   .00000000    8490.317
        .000   .00000000    7349.993
        .000   .00000000    6343.775
        .000   .00000000    5457.127
        .000   .00000000    4676.805
        .000   .00000000    3990.798
        .000   .00000000    3388.279
        .000   .00000000    2859.533
        .000   .00000000    2395.865
        .000   .00000000    1989.525
        .000   .00000000    1633.630
        .000   .00000000    1322.067
        .000   .00000000    1049.436
        .000   .00000000     810.957
        .000   .00000000     602.426
        .000   .00000000     420.131
        .000   .00000000     260.814
        .000   .00000000     121.609
        .000   .00000000        .000
