     0.010
     0.030
     0.050
     0.100
     0.200
     0.300
     0.500
     1.000
     1.500
     2.000
     3.000
     5.000
     7.000
    10.000
    15.000
    20.000
    30.000
    50.000
    70.000
    80.000
   100.000
   150.000
   200.000
   250.000
   300.000
   400.000
   500.000
   600.000
 1 -90  0.02  0.07  0.11  0.22  0.44  0.65  1.05  1.93  2.80  3.40  4.71  5.67  5.61  5.01  4.32  3.86  3.70  2.97  2.04  1.67  1.05  0.45  0.31  0.19  0.10  0.05  0.03  0.02
 1 -85  0.02  0.07  0.11  0.22  0.44  0.65  1.05  1.93  2.80  3.39  4.71  5.66  5.61  5.02  4.32  3.84  3.64  2.93  2.01  1.64  1.04  0.44  0.31  0.19  0.10  0.05  0.03  0.02
 1 -80  0.02  0.07  0.11  0.22  0.44  0.65  1.05  1.93  2.79  3.39  4.71  5.67  5.61  5.01  4.31  3.83  3.63  2.92  2.01  1.64  1.04  0.44  0.30  0.19  0.10  0.04  0.03  0.02
 1 -75  0.02  0.07  0.12  0.23  0.45  0.67  1.08  1.99  2.86  3.46  4.72  5.79  5.85  5.29  4.65  4.20  3.90  2.97  1.99  1.62  1.01  0.43  0.30  0.18  0.09  0.04  0.03  0.02
 1 -70  0.02  0.07  0.12  0.24  0.47  0.69  1.12  2.06  2.93  3.54  4.74  5.92  6.09  5.57  4.99  4.58  4.17  3.02  1.97  1.60  0.99  0.43  0.29  0.18  0.09  0.04  0.03  0.02
 1 -65  0.02  0.07  0.12  0.25  0.48  0.72  1.16  2.14  3.03  3.66  4.90  6.26  6.56  6.14  5.60  5.22  4.35  2.97  1.87  1.50  0.91  0.40  0.28  0.17  0.07  0.04  0.03  0.02
 1 -60  0.03  0.08  0.13  0.26  0.50  0.74  1.20  2.22  3.13  3.77  5.06  6.59  7.04  6.71  6.22  5.87  4.54  2.93  1.77  1.41  0.84  0.37  0.26  0.15  0.07  0.04  0.03  0.03
 1 -55  0.03  0.08  0.14  0.27  0.53  0.79  1.27  2.34  3.31  3.95  5.24  6.89  7.47  7.35  6.65  6.16  4.39  2.68  1.54  1.22  0.67  0.29  0.20  0.12  0.07  0.04  0.03  0.03
 1 -50  0.03  0.08  0.14  0.28  0.54  0.80  1.30  2.39  3.36  3.99  5.35  7.21  7.95  7.86  7.02  6.43  4.22  2.39  1.23  0.96  0.50  0.21  0.15  0.10  0.07  0.04  0.04  0.03
 1 -45  0.03  0.08  0.14  0.27  0.54  0.81  1.31  2.48  3.46  4.12  5.54  7.47  8.28  8.23  7.20  6.47  4.22  2.34  1.17  0.91  0.47  0.20  0.14  0.08  0.06  0.04  0.04  0.03
 1 -40  0.03  0.08  0.14  0.27  0.55  0.81  1.34  2.58  3.56  4.24  5.69  7.70  8.59  8.63  7.39  6.53  4.23  2.29  1.10  0.85  0.43  0.18  0.10  0.06  0.05  0.04  0.04  0.03
 1 -35  0.03  0.08  0.14  0.28  0.56  0.83  1.37  2.65  3.71  4.42  5.93  7.94  8.82  8.83  7.59  6.73  4.25  2.01  0.88  0.68  0.33  0.14  0.08  0.06  0.05  0.05  0.04  0.04
 1 -30  0.03  0.09  0.14  0.28  0.57  0.84  1.39  2.72  3.81  4.56  6.13  8.16  9.04  9.05  7.79  6.91  4.25  1.74  0.67  0.51  0.22  0.10  0.06  0.05  0.05  0.05  0.04  0.04
 1 -25  0.03  0.09  0.14  0.29  0.57  0.86  1.41  2.75  3.92  4.70  6.33  8.42  9.27  9.29  7.88  6.89  4.20  1.60  0.57  0.43  0.18  0.07  0.05  0.04  0.04  0.04  0.04  0.04
 1 -20  0.03  0.08  0.14  0.28  0.56  0.84  1.41  2.80  4.02  4.85  6.56  8.69  9.50  9.49  7.95  6.86  4.13  1.44  0.48  0.36  0.15  0.05  0.04  0.04  0.04  0.04  0.04  0.04
 1 -15  0.03  0.08  0.14  0.28  0.56  0.84  1.40  2.81  4.08  4.99  6.80  8.89  9.65  9.66  8.09  6.98  4.04  1.38  0.43  0.32  0.14  0.05  0.04  0.04  0.04  0.04  0.04  0.03
 1 -10  0.03  0.08  0.14  0.28  0.55  0.83  1.40  2.84  4.18  5.13  7.05  9.13  9.89  9.86  8.26  7.10  3.93  1.32  0.38  0.29  0.09  0.04  0.03  0.03  0.03  0.04  0.04  0.03
 1  -5  0.03  0.08  0.14  0.28  0.56  0.84  1.40  2.84  4.19  5.16  7.07  9.08  9.78  9.76  8.15  6.99  3.80  1.27  0.36  0.28  0.07  0.04  0.03  0.03  0.03  0.03  0.03  0.03
 1   0  0.03  0.09  0.15  0.30  0.59  0.88  1.45  2.80  4.20  5.19  7.12  9.02  9.65  9.64  8.05  6.89  3.70  1.23  0.34  0.27  0.06  0.04  0.03  0.03  0.03  0.03  0.03  0.03
 1   5  0.03  0.09  0.15  0.30  0.59  0.88  1.45  2.81  4.18  5.16  6.96  8.78  9.39  9.33  7.86  6.81  3.83  1.35  0.40  0.30  0.06  0.04  0.03  0.03  0.03  0.04  0.04  0.04
 1  10  0.03  0.09  0.15  0.30  0.60  0.89  1.46  2.82  4.18  5.12  6.88  8.57  9.10  9.02  7.67  6.73  3.96  1.45  0.46  0.34  0.06  0.04  0.03  0.03  0.04  0.04  0.04  0.04
 1  15  0.03  0.09  0.15  0.30  0.60  0.90  1.47  2.84  4.17  5.09  6.76  8.30  8.73  8.57  7.33  6.46  3.94  1.51  0.47  0.34  0.07  0.04  0.04  0.04  0.04  0.04  0.04  0.04
 1  20  0.03  0.09  0.16  0.31  0.62  0.92  1.50  2.84  4.14  5.04  6.61  8.02  8.33  8.13  7.00  6.18  3.90  1.54  0.48  0.35  0.13  0.05  0.04  0.04  0.04  0.04  0.05  0.04
 1  25  0.03  0.09  0.16  0.31  0.62  0.93  1.52  2.92  4.20  5.12  6.55  7.70  7.90  7.68  6.85  6.25  4.22  1.78  0.65  0.49  0.21  0.06  0.05  0.05  0.05  0.05  0.05  0.05
 1  30  0.03  0.10  0.17  0.33  0.65  0.97  1.58  2.96  4.27  5.16  6.47  7.40  7.46  7.19  6.67  6.31  4.52  2.05  0.84  0.64  0.31  0.11  0.08  0.06  0.06  0.05  0.05  0.05
 1  35  0.04  0.11  0.17  0.35  0.69  1.02  1.65  3.08  4.37  5.26  6.38  7.13  7.12  6.83  6.44  6.18  4.85  2.46  1.22  0.95  0.49  0.24  0.16  0.09  0.07  0.05  0.05  0.05
 1  40  0.04  0.11  0.18  0.36  0.72  1.06  1.72  3.19  4.48  5.37  6.33  6.85  6.79  6.51  6.26  6.06  5.17  2.86  1.57  1.25  0.68  0.35  0.21  0.13  0.08  0.06  0.05  0.05
 1  45  0.04  0.11  0.19  0.37  0.74  1.09  1.77  3.30  4.56  5.41  6.20  6.60  6.54  6.29  6.15  6.07  5.24  3.11  1.81  1.46  0.87  0.45  0.25  0.16  0.09  0.06  0.05  0.05
 1  50  0.04  0.12  0.19  0.38  0.76  1.12  1.82  3.42  4.61  5.44  6.09  6.37  6.31  6.13  6.10  6.09  5.28  3.36  2.04  1.68  1.07  0.55  0.29  0.18  0.10  0.06  0.05  0.05
 1  55  0.04  0.12  0.19  0.39  0.76  1.13  1.83  3.41  4.43  5.18  5.81  6.20  6.18  6.02  5.82  5.67  4.96  3.33  2.17  1.82  1.23  0.62  0.35  0.20  0.10  0.06  0.05  0.05
 1  60  0.04  0.12  0.20  0.39  0.78  1.15  1.87  3.49  4.48  5.20  5.75  6.10  6.08  5.87  5.56  5.34  4.71  3.35  2.36  2.00  1.39  0.68  0.41  0.23  0.10  0.06  0.05  0.05
 1  65  0.04  0.12  0.19  0.39  0.76  1.13  1.83  3.40  4.37  5.10  5.74  6.21  6.22  6.00  5.60  5.32  4.53  3.33  2.34  1.98  1.38  0.68  0.39  0.22  0.10  0.06  0.05  0.05
 1  70  0.04  0.12  0.19  0.38  0.75  1.11  1.79  3.31  4.27  5.00  5.73  6.31  6.37  6.15  5.65  5.31  4.35  3.31  2.32  1.96  1.38  0.68  0.37  0.22  0.10  0.06  0.05  0.05
 1  75  0.04  0.11  0.18  0.36  0.71  1.05  1.69  3.08  3.98  4.67  5.42  5.94  5.92  5.60  5.11  4.76  4.09  3.22  2.41  2.09  1.57  0.72  0.39  0.23  0.11  0.06  0.05  0.05
 1  80  0.04  0.11  0.18  0.35  0.69  1.01  1.61  2.85  3.70  4.34  5.12  5.57  5.46  5.06  4.57  4.22  3.82  3.14  2.51  2.23  1.76  0.77  0.40  0.24  0.11  0.06  0.05  0.05
 1  85  0.04  0.11  0.18  0.35  0.69  1.01  1.61  2.84  3.70  4.34  5.12  5.57  5.47  5.06  4.57  4.22  3.83  3.14  2.51  2.23  1.76  0.77  0.40  0.24  0.11  0.06  0.05  0.05
 1  90  0.04  0.11  0.18  0.36  0.70  1.02  1.62  2.87  3.73  4.37  5.16  5.62  5.52  5.11  4.60  4.23  3.83  3.13  2.50  2.23  1.77  0.78  0.40  0.24  0.11  0.06  0.05  0.05
 2 -90  0.03  0.08  0.14  0.27  0.54  0.80  1.29  2.36  3.33  4.00  5.01  5.27  4.91  4.29  3.94  3.72  3.44  2.76  1.97  1.63  1.06  0.43  0.29  0.20  0.12  0.04  0.03  0.02
 2 -85  0.03  0.08  0.14  0.27  0.54  0.80  1.29  2.36  3.34  4.01  5.01  5.28  4.92  4.29  3.95  3.74  3.42  2.74  1.95  1.61  1.04  0.42  0.28  0.19  0.12  0.04  0.03  0.02
 2 -80  0.03  0.08  0.14  0.27  0.54  0.80  1.29  2.36  3.33  4.01  5.02  5.28  4.92  4.29  3.95  3.74  3.41  2.73  1.94  1.60  1.04  0.42  0.28  0.19  0.12  0.04  0.03  0.02
 2 -75  0.03  0.08  0.14  0.27  0.54  0.79  1.28  2.34  3.33  4.01  5.12  5.64  5.40  4.78  4.35  4.08  3.61  2.74  1.95  1.59  1.01  0.41  0.28  0.19  0.11  0.04  0.03  0.02
 2 -70  0.03  0.08  0.14  0.27  0.53  0.79  1.27  2.32  3.32  4.02  5.21  6.00  5.89  5.27  4.76  4.41  3.79  2.75  1.95  1.59  0.99  0.39  0.28  0.18  0.09  0.04  0.03  0.02
 2 -65  0.03  0.08  0.14  0.28  0.54  0.80  1.29  2.37  3.39  4.10  5.38  6.42  6.46  5.88  5.27  4.86  4.04  2.73  1.86  1.50  0.92  0.37  0.26  0.17  0.07  0.04  0.03  0.02
 2 -60  0.03  0.09  0.14  0.28  0.55  0.82  1.32  2.42  3.45  4.18  5.54  6.83  7.02  6.50  5.79  5.31  4.30  2.70  1.77  1.42  0.86  0.35  0.25  0.15  0.08  0.04  0.03  0.03
 2 -55  0.03  0.09  0.15  0.30  0.58  0.86  1.38  2.53  3.60  4.30  5.65  7.09  7.44  7.13  6.35  5.81  4.25  2.51  1.50  1.20  0.67  0.28  0.19  0.12  0.07  0.04  0.03  0.03
 2 -50  0.03  0.09  0.15  0.30  0.59  0.87  1.40  2.55  3.61  4.29  5.69  7.37  7.90  7.65  6.84  6.27  4.18  2.29  1.16  0.91  0.47  0.21  0.13  0.09  0.06  0.04  0.04  0.03
 2 -45  0.03  0.09  0.15  0.30  0.59  0.87  1.41  2.63  3.69  4.41  5.84  7.59  8.22  8.04  7.06  6.38  4.20  2.19  1.10  0.85  0.42  0.19  0.11  0.07  0.05  0.04  0.04  0.03
 2 -40  0.03  0.09  0.15  0.30  0.59  0.87  1.43  2.71  3.77  4.50  5.95  7.78  8.51  8.44  7.29  6.51  4.23  2.08  1.04  0.80  0.37  0.17  0.09  0.06  0.05  0.04  0.04  0.03
 2 -35  0.03  0.09  0.15  0.30  0.59  0.88  1.44  2.76  3.88  4.62  6.12  7.99  8.74  8.69  7.48  6.64  4.19  1.86  0.86  0.65  0.29  0.12  0.07  0.05  0.05  0.04  0.04  0.04
 2 -30  0.03  0.09  0.15  0.30  0.59  0.88  1.45  2.81  3.94  4.71  6.26  8.17  8.96  8.95  7.66  6.76  4.14  1.64  0.67  0.50  0.21  0.09  0.06  0.05  0.04  0.04  0.04  0.04
 2 -25  0.03  0.09  0.15  0.30  0.59  0.88  1.44  2.79  3.97  4.75  6.34  8.40  9.25  9.28  7.83  6.80  4.07  1.54  0.56  0.42  0.17  0.06  0.04  0.04  0.04  0.04  0.04  0.04
 2 -20  0.03  0.09  0.14  0.28  0.57  0.85  1.41  2.80  3.98  4.77  6.45  8.65  9.53  9.58  7.98  6.85  4.01  1.42  0.45  0.33  0.14  0.05  0.04  0.04  0.04  0.04  0.04  0.03
 2 -15  0.03  0.08  0.14  0.28  0.56  0.84  1.39  2.75  3.94  4.81  6.57  8.84  9.74  9.83  8.16  6.97  3.97  1.34  0.42  0.31  0.14  0.04  0.03  0.03  0.03  0.04  0.04  0.03
 2 -10  0.03  0.08  0.14  0.27  0.55  0.82  1.36  2.71  3.95  4.83  6.72  9.07 10.04 10.10  8.36  7.09  3.91  1.24  0.38  0.29  0.08  0.04  0.03  0.03  0.03  0.03  0.03  0.03
 2  -5  0.03  0.08  0.14  0.27  0.54  0.81  1.35  2.70  3.92  4.81  6.73  9.07 10.00 10.04  8.13  6.72  3.78  1.23  0.38  0.29  0.07  0.04  0.03  0.03  0.03  0.03  0.03  0.03
 2   0  0.03  0.09  0.15  0.29  0.58  0.86  1.40  2.63  3.90  4.77  6.72  9.03  9.90  9.96  7.89  6.35  3.66  1.23  0.38  0.30  0.06  0.03  0.03  0.03  0.03  0.03  0.04  0.03
 2   5  0.03  0.09  0.15  0.29  0.58  0.86  1.40  2.67  3.92  4.82  6.66  8.87  9.70  9.67  7.88  6.56  3.78  1.35  0.44  0.34  0.06  0.04  0.03  0.03  0.03  0.04  0.04  0.04
 2  10  0.03  0.09  0.15  0.29  0.58  0.86  1.41  2.71  3.98  4.87  6.67  8.73  9.47  9.41  7.86  6.76  3.90  1.46  0.50  0.37  0.06  0.04  0.03  0.03  0.04  0.04  0.05  0.04
 2  15  0.03  0.09  0.15  0.29  0.58  0.86  1.42  2.75  3.99  4.87  6.58  8.48  9.13  9.02  7.67  6.72  4.03  1.55  0.53  0.39  0.07  0.04  0.04  0.04  0.04  0.04  0.05  0.05
 2  20  0.03  0.09  0.15  0.30  0.60  0.89  1.46  2.76  4.00  4.86  6.49  8.22  8.75  8.63  7.49  6.67  4.14  1.64  0.57  0.41  0.09  0.05  0.04  0.04  0.04  0.05  0.05  0.05
 2  25  0.03  0.09  0.15  0.31  0.61  0.91  1.49  2.85  4.08  4.97  6.52  7.96  8.34  8.17  7.21  6.51  4.38  1.82  0.71  0.52  0.21  0.07  0.06  0.05  0.05  0.05  0.05  0.05
 2  30  0.03  0.10  0.16  0.32  0.64  0.95  1.54  2.89  4.17  5.05  6.50  7.71  7.90  7.67  6.89  6.32  4.60  2.03  0.87  0.65  0.28  0.16  0.09  0.07  0.06  0.05  0.05  0.05
 2  35  0.03  0.10  0.17  0.34  0.67  0.99  1.61  2.99  4.31  5.21  6.51  7.47  7.53  7.23  6.63  6.22  4.86  2.54  1.25  0.96  0.48  0.30  0.21  0.11  0.08  0.06  0.05  0.05
 2  40  0.04  0.11  0.18  0.36  0.70  1.04  1.67  3.08  4.45  5.39  6.56  7.22  7.16  6.84  6.42  6.12  5.10  3.04  1.62  1.28  0.68  0.43  0.28  0.15  0.09  0.06  0.05  0.05
 2  45  0.04  0.11  0.18  0.37  0.72  1.07  1.73  3.22  4.59  5.52  6.49  6.98  6.89  6.56  6.25  6.05  5.20  3.29  1.91  1.54  0.92  0.53  0.33  0.20  0.10  0.06  0.05  0.05
 2  50  0.04  0.11  0.19  0.37  0.74  1.10  1.79  3.37  4.72  5.65  6.46  6.76  6.64  6.36  6.13  5.98  5.28  3.55  2.21  1.82  1.16  0.63  0.37  0.22  0.11  0.06  0.06  0.05
 2  55  0.04  0.12  0.19  0.39  0.76  1.13  1.84  3.44  4.68  5.56  6.27  6.56  6.45  6.21  5.95  5.76  5.21  3.59  2.32  1.94  1.30  0.68  0.41  0.24  0.12  0.07  0.06  0.05
 2  60  0.04  0.12  0.20  0.41  0.80  1.19  1.93  3.61  4.88  5.75  6.31  6.46  6.31  6.03  5.80  5.63  5.21  3.69  2.48  2.09  1.44  0.72  0.45  0.26  0.12  0.07  0.06  0.05
 2  65  0.04  0.12  0.20  0.41  0.80  1.19  1.92  3.57  4.72  5.52  6.08  6.35  6.29  6.07  5.76  5.53  5.02  3.55  2.53  2.16  1.53  0.77  0.44  0.26  0.12  0.07  0.06  0.05
 2  70  0.04  0.12  0.20  0.40  0.80  1.18  1.91  3.53  4.56  5.29  5.85  6.25  6.27  6.10  5.71  5.42  4.82  3.41  2.59  2.23  1.63  0.82  0.43  0.26  0.12  0.07  0.06  0.05
 2  75  0.04  0.12  0.20  0.40  0.79  1.17  1.89  3.48  4.32  4.94  5.73  6.42  6.56  6.39  5.88  5.52  4.81  3.34  2.62  2.27  1.67  0.86  0.45  0.27  0.13  0.07  0.06  0.05
 2  80  0.04  0.12  0.20  0.40  0.79  1.16  1.87  3.42  4.09  4.58  5.62  6.60  6.85  6.67  6.06  5.61  4.79  3.28  2.66  2.30  1.71  0.90  0.47  0.27  0.14  0.07  0.06  0.05
 2  85  0.04  0.12  0.20  0.40  0.79  1.16  1.87  3.42  4.09  4.58  5.61  6.60  6.86  6.68  6.06  5.62  4.79  3.27  2.66  2.30  1.71  0.90  0.47  0.27  0.14  0.07  0.06  0.05
 2  90  0.04  0.12  0.20  0.40  0.79  1.16  1.88  3.43  4.13  4.63  5.70  6.70  6.96  6.77  6.13  5.67  4.82  3.27  2.67  2.31  1.72  0.91  0.48  0.27  0.14  0.07  0.06  0.05
 3 -90  0.04  0.12  0.20  0.40  0.78  1.15  1.83  3.26  4.19  4.82  4.98  4.83  4.54  4.12  3.67  3.40  3.42  2.67  2.00  1.66  1.09  0.45  0.27  0.17  0.09  0.04  0.03  0.02
 3 -85  0.04  0.12  0.20  0.40  0.78  1.15  1.83  3.27  4.19  4.82  4.98  4.82  4.53  4.10  3.65  3.37  3.40  2.66  1.99  1.65  1.08  0.45  0.26  0.17  0.09  0.04  0.03  0.02
 3 -80  0.04  0.12  0.20  0.40  0.78  1.15  1.83  3.27  4.20  4.84  5.00  4.84  4.55  4.10  3.64  3.36  3.40  2.66  1.98  1.64  1.08  0.45  0.26  0.17  0.09  0.04  0.03  0.02
 3 -75  0.04  0.12  0.19  0.38  0.75  1.10  1.75  3.13  4.21  4.96  5.43  5.39  5.04  4.51  3.97  3.62  3.49  2.67  1.96  1.61  1.03  0.43  0.25  0.16  0.08  0.04  0.03  0.02
 3 -70  0.04  0.11  0.18  0.36  0.71  1.04  1.67  3.00  4.21  5.06  5.86  5.93  5.54  4.92  4.29  3.88  3.56  2.68  1.95  1.58  0.99  0.42  0.25  0.16  0.08  0.04  0.03  0.02
 3 -65  0.04  0.11  0.18  0.35  0.69  1.02  1.63  2.94  4.19  5.07  6.07  6.40  6.11  5.49  4.90  4.50  3.75  2.67  1.84  1.49  0.92  0.39  0.24  0.15  0.08  0.04  0.03  0.03
 3 -60  0.03  0.10  0.17  0.34  0.67  0.99  1.59  2.88  4.16  5.07  6.28  6.87  6.69  6.06  5.50  5.12  3.95  2.65  1.72  1.39  0.86  0.37  0.22  0.14  0.08  0.04  0.03  0.03
 3 -55  0.03  0.10  0.17  0.34  0.68  1.00  1.60  2.90  4.20  5.07  6.33  7.17  7.13  6.66  6.07  5.65  4.19  2.55  1.51  1.22  0.70  0.29  0.18  0.11  0.07  0.04  0.03  0.03
 3 -50  0.03  0.10  0.17  0.34  0.67  0.98  1.58  2.84  4.09  4.93  6.31  7.48  7.62  7.14  6.56  6.15  4.41  2.41  1.23  0.98  0.55  0.22  0.14  0.07  0.05  0.04  0.03  0.03
 3 -45  0.03  0.10  0.17  0.33  0.65  0.96  1.55  2.84  4.08  4.92  6.36  7.69  7.97  7.58  6.67  6.04  4.27  2.29  1.13  0.90  0.49  0.19  0.10  0.06  0.05  0.04  0.04  0.03
 3 -40  0.03  0.10  0.16  0.32  0.64  0.95  1.53  2.85  4.07  4.89  6.38  7.88  8.30  8.02  6.80  5.97  4.14  2.16  1.03  0.81  0.42  0.16  0.09  0.06  0.04  0.04  0.04  0.03
 3 -35  0.03  0.10  0.16  0.32  0.63  0.93  1.52  2.85  4.10  4.93  6.46  8.06  8.57  8.39  7.30  6.56  4.21  1.94  0.84  0.65  0.31  0.13  0.07  0.05  0.04  0.04  0.04  0.03
 3 -30  0.03  0.09  0.16  0.31  0.62  0.92  1.50  2.85  4.10  4.94  6.51  8.23  8.84  8.76  7.80  7.14  4.28  1.74  0.65  0.48  0.20  0.09  0.05  0.04  0.04  0.04  0.04  0.03
 3 -25  0.03  0.09  0.15  0.31  0.61  0.90  1.47  2.81  4.04  4.86  6.44  8.36  9.11  9.14  8.00  7.21  4.18  1.51  0.52  0.38  0.15  0.06  0.04  0.04  0.04  0.04  0.04  0.03
 3 -20  0.03  0.09  0.15  0.29  0.58  0.87  1.43  2.78  3.96  4.74  6.38  8.53  9.40  9.48  8.20  7.28  4.09  1.29  0.38  0.28  0.10  0.05  0.03  0.03  0.03  0.04  0.04  0.03
 3 -15  0.03  0.09  0.14  0.29  0.57  0.85  1.40  2.71  3.83  4.64  6.29  8.57  9.60  9.82  8.27  7.16  4.06  1.29  0.39  0.28  0.11  0.04  0.03  0.03  0.03  0.04  0.03  0.03
 3 -10  0.03  0.08  0.14  0.28  0.56  0.83  1.37  2.66  3.75  4.52  6.23  8.66  9.86 10.15  8.36  7.04  4.00  1.28  0.39  0.29  0.12  0.03  0.03  0.03  0.03  0.03  0.03  0.03
 3  -5  0.03  0.08  0.14  0.28  0.55  0.82  1.36  2.63  3.69  4.45  6.18  8.64  9.85 10.16  8.31  6.93  3.95  1.27  0.39  0.29  0.07  0.03  0.03  0.03  0.03  0.03  0.03  0.03
 3   0  0.03  0.09  0.15  0.29  0.58  0.86  1.38  2.56  3.63  4.36  6.10  8.57  9.76 10.13  8.25  6.84  3.93  1.28  0.39  0.30  0.13  0.03  0.03  0.03  0.03  0.03  0.03  0.03
 3   5  0.03  0.09  0.15  0.29  0.57  0.85  1.39  2.62  3.70  4.48  6.17  8.54  9.64  9.90  8.20  6.94  3.99  1.37  0.44  0.33  0.06  0.04  0.03  0.03  0.03  0.04  0.04  0.03
 3  10  0.03  0.09  0.14  0.29  0.57  0.85  1.39  2.68  3.82  4.62  6.29  8.54  9.53  9.71  8.15  7.03  4.06  1.45  0.49  0.36  0.07  0.04  0.03  0.03  0.04  0.04  0.04  0.04
 3  15  0.03  0.09  0.15  0.29  0.58  0.86  1.41  2.73  3.87  4.69  6.30  8.40  9.28  9.36  7.86  6.78  4.09  1.51  0.50  0.37  0.08  0.04  0.04  0.04  0.04  0.05  0.05  0.05
 3  20  0.03  0.09  0.15  0.30  0.60  0.89  1.46  2.77  3.94  4.76  6.34  8.25  8.97  8.99  7.54  6.50  4.10  1.56  0.52  0.39  0.15  0.05  0.04  0.04  0.05  0.05  0.05  0.05
 3  25  0.03  0.09  0.15  0.31  0.61  0.90  1.48  2.82  4.01  4.87  6.44  8.11  8.67  8.61  7.36  6.47  4.32  1.85  0.71  0.53  0.24  0.08  0.06  0.06  0.06  0.05  0.05  0.05
 3  30  0.03  0.10  0.16  0.32  0.63  0.93  1.51  2.85  4.10  4.96  6.49  7.97  8.35  8.19  7.16  6.43  4.51  2.17  0.91  0.70  0.35  0.18  0.11  0.08  0.07  0.06  0.05  0.05
 3  35  0.03  0.10  0.16  0.33  0.65  0.96  1.55  2.88  4.19  5.09  6.59  7.86  8.07  7.80  6.95  6.35  4.61  2.57  1.28  1.02  0.58  0.31  0.23  0.12  0.08  0.06  0.06  0.05
 3  40  0.03  0.10  0.17  0.34  0.67  0.99  1.59  2.90  4.29  5.24  6.74  7.76  7.79  7.44  6.77  6.28  4.70  2.98  1.64  1.34  0.80  0.45  0.30  0.16  0.10  0.06  0.06  0.05
 3  45  0.03  0.10  0.17  0.34  0.67  1.00  1.61  2.98  4.40  5.38  6.76  7.57  7.51  7.10  6.49  6.09  4.91  3.23  1.91  1.57  0.98  0.56  0.36  0.21  0.12  0.07  0.06  0.06
 3  50  0.03  0.10  0.17  0.34  0.68  1.00  1.63  3.06  4.52  5.53  6.84  7.42  7.26  6.83  6.28  5.91  5.11  3.49  2.16  1.80  1.17  0.68  0.42  0.24  0.13  0.07  0.06  0.06
 3  55  0.04  0.11  0.18  0.35  0.70  1.03  1.68  3.13  4.54  5.54  6.72  7.20  7.01  6.59  6.11  5.78  5.11  3.59  2.32  1.94  1.31  0.76  0.47  0.26  0.14  0.07  0.06  0.06
 3  60  0.04  0.11  0.19  0.37  0.73  1.08  1.76  3.28  4.79  5.84  6.83  7.08  6.80  6.33  5.98  5.75  5.17  3.74  2.53  2.12  1.44  0.83  0.52  0.29  0.14  0.07  0.06  0.06
 3  65  0.04  0.12  0.19  0.38  0.75  1.12  1.81  3.37  4.79  5.76  6.61  6.82  6.58  6.16  5.80  5.55  5.01  3.73  2.61  2.23  1.59  0.88  0.55  0.32  0.14  0.07  0.06  0.06
 3  70  0.04  0.12  0.20  0.39  0.78  1.15  1.86  3.46  4.78  5.68  6.38  6.56  6.35  5.98  5.61  5.36  4.86  3.72  2.69  2.33  1.73  0.94  0.59  0.35  0.14  0.07  0.06  0.06
 3  75  0.04  0.12  0.20  0.39  0.78  1.15  1.86  3.44  4.64  5.47  6.14  6.47  6.39  6.10  5.56  5.18  4.74  3.72  2.72  2.36  1.77  0.98  0.58  0.34  0.14  0.08  0.06  0.06
 3  80  0.04  0.12  0.20  0.39  0.78  1.15  1.86  3.43  4.51  5.25  5.90  6.39  6.43  6.21  5.50  5.00  4.62  3.71  2.75  2.40  1.82  1.02  0.58  0.33  0.14  0.08  0.06  0.06
 3  85  0.04  0.12  0.20  0.39  0.78  1.15  1.86  3.43  4.50  5.24  5.90  6.38  6.42  6.21  5.49  4.99  4.61  3.71  2.76  2.41  1.82  1.02  0.58  0.33  0.14  0.08  0.06  0.06
 3  90  0.04  0.12  0.20  0.40  0.78  1.15  1.87  3.45  4.50  5.23  5.88  6.40  6.48  6.28  5.56  5.06  4.68  3.76  2.81  2.45  1.86  1.04  0.59  0.34  0.14  0.08  0.06  0.06
 4 -90  0.05  0.16  0.26  0.52  1.01  1.47  2.29  3.83  4.27  4.59  4.75  4.73  4.47  4.03  3.50  3.18  2.94  2.83  2.06  1.68  1.06  0.43  0.26  0.17  0.08  0.04  0.03  0.02
 4 -85  0.05  0.16  0.26  0.52  1.01  1.47  2.30  3.84  4.30  4.63  4.80  4.75  4.48  4.03  3.48  3.16  2.91  2.82  2.06  1.68  1.06  0.43  0.26  0.16  0.08  0.04  0.03  0.02
 4 -80  0.05  0.16  0.26  0.52  1.01  1.47  2.30  3.84  4.31  4.64  4.80  4.75  4.48  4.02  3.48  3.16  2.90  2.82  2.06  1.68  1.06  0.43  0.26  0.16  0.08  0.04  0.03  0.03
 4 -75  0.05  0.15  0.26  0.50  0.98  1.43  2.25  3.81  4.61  5.18  5.35  5.21  4.89  4.40  3.87  3.55  3.26  2.80  2.03  1.66  1.05  0.41  0.25  0.16  0.08  0.04  0.03  0.03
 4 -70  0.05  0.15  0.25  0.49  0.95  1.38  2.19  3.78  4.91  5.72  5.89  5.65  5.28  4.78  4.26  3.94  3.59  2.79  2.00  1.64  1.05  0.40  0.24  0.15  0.07  0.04  0.03  0.03
 4 -65  0.05  0.14  0.24  0.47  0.91  1.34  2.12  3.72  4.99  5.90  6.26  6.12  5.78  5.25  4.78  4.46  3.85  2.77  1.90  1.55  0.98  0.37  0.22  0.13  0.07  0.04  0.03  0.03
 4 -60  0.05  0.14  0.23  0.45  0.88  1.29  2.06  3.66  5.07  6.08  6.62  6.59  6.27  5.73  5.30  4.99  4.11  2.76  1.79  1.45  0.90  0.34  0.19  0.12  0.07  0.04  0.03  0.03
 4 -55  0.04  0.13  0.22  0.43  0.85  1.24  1.99  3.56  5.04  6.04  6.77  6.95  6.68  6.23  5.90  5.64  4.38  2.64  1.60  1.28  0.72  0.29  0.15  0.09  0.06  0.04  0.03  0.03
 4 -50  0.04  0.12  0.21  0.41  0.80  1.18  1.89  3.38  4.86  5.86  6.84  7.31  7.14  6.61  6.41  6.26  4.63  2.49  1.33  1.04  0.54  0.23  0.10  0.08  0.05  0.04  0.03  0.03
 4 -45  0.04  0.12  0.20  0.39  0.76  1.12  1.80  3.24  4.69  5.68  6.84  7.55  7.49  6.99  6.45  6.09  4.48  2.34  1.25  0.97  0.50  0.21  0.10  0.06  0.05  0.04  0.03  0.03
 4 -40  0.04  0.11  0.19  0.37  0.73  1.07  1.72  3.11  4.53  5.50  6.82  7.78  7.83  7.38  6.54  5.96  4.32  2.18  1.17  0.91  0.47  0.18  0.09  0.06  0.04  0.04  0.03  0.03
 4 -35  0.04  0.11  0.18  0.35  0.69  1.02  1.65  3.04  4.43  5.37  6.80  7.98  8.20  7.87  6.79  6.04  4.20  1.97  0.99  0.77  0.38  0.15  0.08  0.05  0.04  0.04  0.03  0.03
 4 -30  0.03  0.10  0.17  0.34  0.66  0.98  1.59  2.95  4.30  5.20  6.74  8.17  8.56  8.36  7.03  6.11  4.06  1.75  0.81  0.62  0.30  0.09  0.06  0.04  0.04  0.04  0.04  0.03
 4 -25  0.03  0.10  0.16  0.32  0.64  0.95  1.54  2.88  4.18  5.04  6.58  8.27  8.84  8.82  7.45  6.49  4.09  1.56  0.62  0.46  0.21  0.06  0.04  0.04  0.03  0.04  0.04  0.03
 4 -20  0.03  0.09  0.16  0.31  0.62  0.91  1.49  2.82  4.02  4.81  6.40  8.40  9.17  9.25  7.87  6.87  4.12  1.38  0.42  0.31  0.12  0.04  0.03  0.03  0.03  0.03  0.04  0.03
 4 -15  0.03  0.09  0.15  0.30  0.60  0.89  1.46  2.76  3.88  4.68  6.23  8.34  9.30  9.56  8.10  7.05  4.13  1.33  0.40  0.30  0.12  0.04  0.03  0.03  0.03  0.03  0.03  0.03
 4 -10  0.03  0.09  0.15  0.30  0.59  0.88  1.43  2.70  3.77  4.52  6.11  8.34  9.48  9.88  8.35  7.23  4.11  1.27  0.37  0.28  0.12  0.03  0.03  0.03  0.03  0.03  0.03  0.03
 4  -5  0.03  0.09  0.15  0.30  0.59  0.87  1.42  2.67  3.71  4.44  6.04  8.30  9.49  9.94  8.39  7.24  4.13  1.28  0.37  0.28  0.12  0.03  0.03  0.03  0.03  0.03  0.03  0.03
 4   0  0.03  0.09  0.15  0.30  0.60  0.88  1.42  2.62  3.64  4.34  5.94  8.22  9.42  9.95  8.42  7.27  4.16  1.30  0.37  0.28  0.12  0.03  0.03  0.03  0.03  0.03  0.03  0.03
 4   5  0.03  0.09  0.15  0.30  0.59  0.88  1.42  2.66  3.71  4.46  6.05  8.29  9.38  9.74  8.33  7.25  4.23  1.40  0.53  0.39  0.14  0.03  0.03  0.03  0.03  0.03  0.03  0.03
 4  10  0.03  0.09  0.15  0.29  0.58  0.87  1.42  2.71  3.83  4.61  6.20  8.37  9.34  9.58  8.22  7.21  4.29  1.49  0.69  0.49  0.16  0.04  0.03  0.03  0.03  0.04  0.04  0.04
 4  15  0.03  0.09  0.15  0.30  0.59  0.87  1.43  2.75  3.89  4.69  6.25  8.31  9.19  9.30  7.98  7.02  4.26  1.55  0.72  0.52  0.16  0.04  0.03  0.04  0.04  0.05  0.05  0.05
 4  20  0.03  0.09  0.15  0.31  0.60  0.90  1.46  2.77  3.94  4.77  6.34  8.25  8.97  9.00  7.71  6.79  4.21  1.61  0.76  0.54  0.17  0.06  0.04  0.04  0.05  0.05  0.05  0.05
 4  25  0.03  0.09  0.15  0.31  0.61  0.90  1.47  2.79  3.96  4.80  6.38  8.17  8.81  8.77  7.57  6.75  4.36  1.82  0.86  0.64  0.26  0.09  0.07  0.06  0.06  0.06  0.06  0.05
 4  30  0.03  0.09  0.15  0.31  0.61  0.90  1.48  2.79  3.98  4.82  6.39  8.09  8.62  8.50  7.43  6.70  4.50  2.07  0.98  0.75  0.36  0.17  0.11  0.08  0.07  0.06  0.06  0.05
 4  35  0.03  0.09  0.16  0.31  0.61  0.91  1.47  2.75  3.96  4.79  6.36  8.01  8.43  8.23  7.25  6.57  4.49  2.36  1.27  1.01  0.57  0.33  0.17  0.11  0.08  0.06  0.06  0.05
 4  40  0.03  0.10  0.16  0.31  0.62  0.91  1.47  2.69  3.94  4.79  6.41  7.92  8.24  7.97  7.09  6.44  4.48  2.66  1.56  1.28  0.79  0.47  0.31  0.14  0.09  0.07  0.06  0.05
 4  45  0.03  0.09  0.16  0.31  0.61  0.90  1.46  2.69  3.94  4.81  6.39  7.77  8.01  7.66  6.79  6.19  4.54  2.89  1.78  1.47  0.93  0.56  0.36  0.19  0.11  0.07  0.06  0.06
 4  50  0.03  0.09  0.15  0.30  0.60  0.89  1.44  2.70  3.97  4.84  6.43  7.68  7.82  7.41  6.55  5.94  4.59  3.13  1.99  1.65  1.07  0.65  0.43  0.25  0.13  0.08  0.06  0.06
 4  55  0.03  0.09  0.15  0.30  0.60  0.89  1.44  2.70  3.94  4.83  6.39  7.51  7.55  7.10  6.25  5.65  4.70  3.29  2.13  1.78  1.20  0.71  0.48  0.27  0.14  0.08  0.06  0.06
 4  60  0.03  0.09  0.16  0.31  0.62  0.91  1.49  2.78  4.16  5.10  6.58  7.44  7.33  6.77  5.99  5.45  4.87  3.51  2.33  1.95  1.32  0.76  0.53  0.30  0.15  0.08  0.06  0.06
 4  65  0.03  0.10  0.16  0.32  0.62  0.92  1.50  2.81  4.17  5.10  6.42  7.09  6.93  6.38  5.78  5.36  4.82  3.53  2.45  2.06  1.40  0.85  0.60  0.35  0.16  0.08  0.06  0.06
 4  70  0.03  0.10  0.16  0.32  0.63  0.93  1.52  2.85  4.18  5.09  6.25  6.75  6.53  5.99  5.56  5.28  4.76  3.54  2.57  2.17  1.49  0.95  0.68  0.40  0.18  0.08  0.06  0.06
 4  75  0.03  0.10  0.16  0.33  0.64  0.96  1.55  2.92  4.18  5.02  5.94  6.31  6.11  5.63  5.37  5.21  4.75  3.61  2.65  2.25  1.59  1.00  0.68  0.40  0.17  0.08  0.06  0.06
 4  80  0.03  0.10  0.17  0.33  0.66  0.98  1.59  2.98  4.16  4.95  5.63  5.87  5.68  5.29  5.18  5.13  4.72  3.68  2.73  2.34  1.70  1.06  0.69  0.40  0.16  0.09  0.07  0.06
 4  85  0.03  0.10  0.17  0.33  0.66  0.98  1.59  2.99  4.16  4.94  5.61  5.86  5.68  5.28  5.18  5.13  4.73  3.68  2.73  2.34  1.70  1.06  0.69  0.40  0.16  0.09  0.07  0.06
 4  90  0.03  0.10  0.17  0.34  0.66  0.98  1.60  3.00  4.19  4.97  5.64  5.87  5.69  5.31  5.22  5.18  4.79  3.73  2.77  2.38  1.73  1.09  0.70  0.40  0.16  0.09  0.07  0.06
 5 -90  0.06  0.17  0.29  0.56  1.08  1.56  2.38  3.71  4.43  4.93  4.78  4.42  3.94  3.46  3.41  3.40  3.32  2.75  2.02  1.65  1.04  0.42  0.25  0.15  0.06  0.03  0.03  0.03
 5 -85  0.06  0.17  0.29  0.56  1.08  1.56  2.39  3.73  4.47  4.98  4.83  4.46  3.97  3.47  3.41  3.39  3.31  2.74  2.01  1.64  1.04  0.42  0.24  0.15  0.06  0.04  0.03  0.03
 5 -80  0.06  0.17  0.29  0.56  1.09  1.56  2.40  3.74  4.49  5.00  4.85  4.46  3.97  3.47  3.41  3.39  3.31  2.74  2.01  1.64  1.03  0.42  0.24  0.15  0.06  0.04  0.03  0.03
 5 -75  0.06  0.17  0.28  0.55  1.07  1.54  2.37  3.77  4.65  5.27  5.32  5.06  4.66  4.16  3.88  3.70  3.42  2.63  1.87  1.52  0.96  0.39  0.22  0.14  0.06  0.04  0.03  0.03
 5 -70  0.06  0.16  0.27  0.54  1.04  1.51  2.34  3.80  4.82  5.54  5.80  5.66  5.34  4.86  4.35  4.02  3.53  2.52  1.73  1.41  0.88  0.36  0.21  0.13  0.07  0.04  0.03  0.03
 5 -65  0.06  0.17  0.27  0.54  1.05  1.54  2.41  4.06  5.19  5.99  6.14  5.96  5.66  5.21  4.83  4.60  4.02  2.65  1.74  1.40  0.84  0.37  0.20  0.12  0.06  0.04  0.03  0.03
 5 -60  0.06  0.17  0.28  0.55  1.07  1.56  2.48  4.32  5.55  6.44  6.47  6.25  5.97  5.54  5.33  5.18  4.50  2.78  1.75  1.39  0.79  0.37  0.19  0.12  0.06  0.04  0.03  0.03
 5 -55  0.05  0.16  0.27  0.53  1.03  1.51  2.40  4.24  5.66  6.62  6.79  6.62  6.32  5.95  5.73  5.55  4.61  2.62  1.64  1.29  0.69  0.37  0.18  0.11  0.06  0.04  0.03  0.03
 5 -50  0.05  0.15  0.26  0.51  0.99  1.45  2.31  4.08  5.61  6.65  7.04  7.01  6.71  6.24  6.06  5.90  4.72  2.43  1.45  1.13  0.58  0.36  0.16  0.08  0.05  0.04  0.03  0.03
 5 -45  0.05  0.14  0.23  0.46  0.91  1.33  2.13  3.77  5.31  6.37  7.07  7.28  7.04  6.53  6.15  5.89  4.63  2.36  1.37  1.06  0.53  0.33  0.15  0.07  0.05  0.04  0.03  0.03
 5 -40  0.04  0.13  0.21  0.42  0.83  1.22  1.95  3.48  5.04  6.11  7.10  7.55  7.37  6.85  6.30  5.90  4.53  2.27  1.28  0.99  0.48  0.29  0.13  0.06  0.04  0.04  0.03  0.03
 5 -35  0.04  0.12  0.20  0.39  0.77  1.13  1.82  3.30  4.79  5.81  6.99  7.74  7.71  7.30  6.71  6.31  4.48  2.04  1.04  0.79  0.36  0.21  0.09  0.06  0.04  0.04  0.03  0.03
 5 -30  0.04  0.11  0.18  0.36  0.71  1.05  1.69  3.10  4.52  5.48  6.87  7.92  8.06  7.75  7.12  6.70  4.42  1.82  0.80  0.59  0.24  0.10  0.06  0.05  0.04  0.04  0.03  0.03
 5 -25  0.04  0.10  0.17  0.35  0.68  1.01  1.62  2.98  4.32  5.21  6.64  8.02  8.37  8.24  7.37  6.75  4.33  1.68  0.65  0.48  0.19  0.06  0.04  0.04  0.03  0.03  0.03  0.03
 5 -20  0.03  0.10  0.17  0.33  0.65  0.96  1.56  2.86  4.07  4.88  6.38  8.15  8.74  8.71  7.61  6.81  4.25  1.55  0.50  0.36  0.13  0.04  0.03  0.03  0.03  0.03  0.03  0.03
 5 -15  0.03  0.10  0.16  0.32  0.63  0.94  1.52  2.81  3.96  4.76  6.23  8.12  8.91  9.07  7.91  7.08  4.29  1.46  0.43  0.32  0.12  0.04  0.03  0.03  0.03  0.03  0.03  0.03
 5 -10  0.03  0.10  0.16  0.32  0.63  0.93  1.50  2.75  3.86  4.63  6.15  8.14  9.11  9.44  8.22  7.34  4.31  1.36  0.36  0.27  0.11  0.03  0.03  0.03  0.03  0.03  0.03  0.03
 5  -5  0.03  0.10  0.16  0.32  0.62  0.92  1.48  2.73  3.83  4.59  6.14  8.15  9.17  9.56  8.15  7.12  4.10  1.20  0.32  0.24  0.10  0.03  0.03  0.03  0.03  0.03  0.03  0.03
 5   0  0.03  0.09  0.16  0.31  0.62  0.91  1.47  2.72  3.80  4.54  6.10  8.14  9.18  9.65  8.09  6.93  3.91  1.05  0.29  0.22  0.10  0.03  0.03  0.03  0.03  0.03  0.03  0.03
 5   5  0.03  0.09  0.16  0.31  0.61  0.91  1.47  2.73  3.83  4.61  6.17  8.22  9.19  9.56  8.19  7.15  4.19  1.30  0.45  0.34  0.16  0.03  0.03  0.03  0.03  0.03  0.03  0.03
 5  10  0.03  0.09  0.15  0.30  0.60  0.89  1.45  2.77  3.91  4.71  6.28  8.31  9.22  9.50  8.28  7.35  4.45  1.54  0.60  0.46  0.22  0.04  0.03  0.03  0.03  0.04  0.04  0.03
 5  15  0.03  0.09  0.15  0.30  0.60  0.89  1.45  2.77  3.93  4.72  6.27  8.27  9.12  9.26  8.11  7.26  4.34  1.62  0.64  0.49  0.23  0.04  0.04  0.04  0.04  0.05  0.05  0.04
 5  20  0.03  0.09  0.15  0.31  0.61  0.90  1.47  2.76  3.93  4.74  6.31  8.24  8.98  9.03  7.93  7.14  4.23  1.69  0.68  0.53  0.25  0.06  0.05  0.05  0.05  0.05  0.05  0.05
 5  25  0.03  0.09  0.15  0.30  0.60  0.89  1.46  2.75  3.90  4.71  6.27  8.13  8.86  8.87  7.76  7.01  4.43  1.86  0.80  0.62  0.31  0.10  0.07  0.06  0.06  0.06  0.05  0.05
 5  30  0.03  0.09  0.15  0.30  0.59  0.88  1.44  2.72  3.86  4.66  6.19  8.03  8.70  8.68  7.60  6.87  4.61  2.05  0.93  0.73  0.39  0.16  0.09  0.07  0.06  0.06  0.06  0.05
 5  35  0.03  0.09  0.15  0.30  0.59  0.88  1.42  2.66  3.79  4.56  6.06  7.89  8.51  8.44  7.41  6.70  4.60  2.27  1.15  0.93  0.55  0.30  0.14  0.09  0.07  0.06  0.06  0.05
 5  40  0.03  0.09  0.15  0.30  0.59  0.87  1.41  2.59  3.72  4.48  6.01  7.75  8.32  8.21  7.24  6.54  4.58  2.50  1.37  1.13  0.72  0.43  0.21  0.12  0.09  0.07  0.06  0.06
 5  45  0.03  0.09  0.15  0.29  0.57  0.85  1.37  2.54  3.62  4.38  5.87  7.56  8.08  7.92  6.94  6.27  4.54  2.67  1.59  1.32  0.85  0.52  0.33  0.16  0.10  0.07  0.06  0.06
 5  50  0.03  0.08  0.14  0.28  0.55  0.82  1.33  2.51  3.57  4.31  5.80  7.43  7.90  7.67  6.70  6.02  4.48  2.84  1.80  1.50  1.00  0.61  0.41  0.20  0.12  0.08  0.06  0.06
 5  55  0.03  0.08  0.14  0.27  0.54  0.80  1.30  2.45  3.46  4.18  5.69  7.27  7.64  7.34  6.39  5.72  4.47  2.96  1.90  1.58  1.06  0.65  0.46  0.27  0.14  0.08  0.07  0.06
 5  60  0.03  0.08  0.14  0.27  0.54  0.80  1.31  2.47  3.58  4.35  5.83  7.20  7.43  6.98  6.11  5.52  4.52  3.13  2.06  1.70  1.12  0.68  0.50  0.29  0.15  0.08  0.07  0.06
 5  65  0.03  0.08  0.13  0.27  0.53  0.79  1.28  2.42  3.51  4.25  5.66  6.86  6.97  6.47  5.62  5.05  4.23  3.13  2.17  1.82  1.23  0.75  0.56  0.35  0.16  0.08  0.07  0.06
 5  70  0.03  0.08  0.13  0.26  0.52  0.77  1.26  2.37  3.43  4.16  5.49  6.52  6.52  5.96  5.13  4.57  3.95  3.13  2.29  1.93  1.34  0.82  0.62  0.41  0.23  0.09  0.07  0.06
 5  75  0.03  0.08  0.13  0.26  0.52  0.77  1.26  2.38  3.48  4.24  5.51  6.28  6.12  5.51  4.92  4.53  4.08  3.21  2.32  1.96  1.36  0.84  0.61  0.40  0.22  0.09  0.07  0.06
 5  80  0.03  0.08  0.13  0.26  0.52  0.77  1.26  2.38  3.53  4.32  5.52  6.03  5.73  5.06  4.71  4.49  4.20  3.30  2.36  2.00  1.40  0.86  0.61  0.40  0.22  0.09  0.07  0.06
 5  85  0.03  0.08  0.13  0.26  0.52  0.77  1.26  2.38  3.53  4.31  5.52  6.03  5.72  5.06  4.71  4.49  4.21  3.31  2.37  2.00  1.40  0.86  0.61  0.40  0.22  0.10  0.07  0.06
 5  90  0.03  0.08  0.13  0.26  0.52  0.77  1.26  2.38  3.53  4.32  5.52  6.04  5.73  5.06  4.69  4.49  4.24  3.35  2.40  2.03  1.42  0.87  0.63  0.40  0.22  0.10  0.07  0.06
 6 -90  0.06  0.17  0.29  0.56  1.08  1.55  2.34  3.50  4.54  5.26  5.14  4.78  4.44  4.06  3.94  3.84  3.33  2.77  2.00  1.66  1.09  0.39  0.19  0.09  0.05  0.03  0.03  0.03
 6 -85  0.06  0.17  0.29  0.57  1.08  1.56  2.36  3.53  4.59  5.33  5.21  4.82  4.45  4.06  3.94  3.83  3.32  2.76  1.99  1.65  1.08  0.39  0.19  0.09  0.06  0.04  0.03  0.03
 6 -80  0.06  0.18  0.29  0.57  1.09  1.56  2.36  3.54  4.61  5.34  5.23  4.83  4.46  4.06  3.93  3.83  3.32  2.76  2.00  1.65  1.08  0.39  0.19  0.09  0.05  0.04  0.03  0.03
 6 -75  0.06  0.17  0.29  0.57  1.09  1.57  2.39  3.66  4.74  5.48  5.57  5.34  4.99  4.56  4.23  4.00  3.47  2.74  1.96  1.63  1.07  0.38  0.18  0.09  0.05  0.04  0.03  0.03
 6 -70  0.06  0.17  0.29  0.56  1.09  1.57  2.41  3.81  4.89  5.63  5.90  5.83  5.51  5.05  4.52  4.17  3.62  2.72  1.93  1.61  1.06  0.37  0.17  0.09  0.05  0.04  0.03  0.03
 6 -65  0.06  0.17  0.28  0.56  1.08  1.57  2.43  3.95  5.09  5.87  6.05  5.95  5.66  5.21  4.83  4.60  3.98  2.80  1.93  1.59  1.03  0.40  0.21  0.10  0.06  0.04  0.03  0.03
 6 -60  0.06  0.17  0.28  0.55  1.08  1.57  2.45  4.10  5.28  6.11  6.19  6.07  5.80  5.37  5.16  5.03  4.35  2.87  1.92  1.57  1.00  0.44  0.24  0.10  0.06  0.04  0.03  0.03
 6 -55  0.06  0.17  0.28  0.54  1.06  1.55  2.46  4.26  5.62  6.55  6.56  6.35  6.08  5.75  5.58  5.44  4.52  2.73  1.76  1.44  0.87  0.41  0.25  0.09  0.06  0.04  0.03  0.03
 6 -50  0.06  0.16  0.27  0.54  1.06  1.55  2.46  4.32  5.81  6.82  6.84  6.64  6.38  6.00  5.92  5.82  4.67  2.57  1.53  1.24  0.74  0.39  0.26  0.09  0.05  0.04  0.03  0.03
 6 -45  0.05  0.15  0.25  0.49  0.97  1.42  2.25  3.95  5.49  6.55  6.99  7.03  6.75  6.29  5.97  5.74  4.62  2.51  1.46  1.18  0.70  0.36  0.24  0.08  0.05  0.04  0.03  0.03
 6 -40  0.05  0.13  0.22  0.44  0.87  1.27  2.03  3.62  5.22  6.32  7.17  7.42  7.16  6.61  6.08  5.68  4.56  2.42  1.38  1.11  0.66  0.33  0.21  0.07  0.05  0.04  0.03  0.03
 6 -35  0.04  0.12  0.20  0.40  0.79  1.17  1.87  3.36  4.86  5.88  6.98  7.59  7.48  7.04  6.46  6.05  4.66  2.21  1.10  0.88  0.49  0.25  0.12  0.07  0.05  0.04  0.03  0.03
 6 -30  0.04  0.11  0.18  0.37  0.72  1.06  1.71  3.10  4.49  5.43  6.77  7.75  7.83  7.48  6.84  6.41  4.74  1.99  0.82  0.64  0.33  0.17  0.07  0.05  0.04  0.04  0.03  0.03
 6 -25  0.04  0.11  0.18  0.35  0.70  1.03  1.65  2.99  4.31  5.20  6.57  7.83  8.07  7.87  7.12  6.59  4.58  1.79  0.66  0.50  0.24  0.07  0.05  0.04  0.04  0.04  0.04  0.03
 6 -20  0.04  0.11  0.17  0.35  0.68  1.00  1.60  2.87  4.08  4.90  6.34  7.93  8.37  8.24  7.40  6.78  4.42  1.58  0.49  0.36  0.14  0.05  0.04  0.03  0.03  0.04  0.04  0.04
 6 -15  0.03  0.10  0.17  0.33  0.66  0.97  1.56  2.84  4.03  4.84  6.27  7.97  8.58  8.59  7.58  6.86  4.29  1.50  0.47  0.34  0.14  0.04  0.03  0.03  0.03  0.04  0.04  0.04
 6 -10  0.03  0.10  0.17  0.33  0.66  0.97  1.55  2.81  3.98  4.79  6.29  8.04  8.80  8.98  7.78  6.93  4.14  1.40  0.44  0.32  0.14  0.04  0.03  0.03  0.03  0.03  0.03  0.03
 6  -5  0.03  0.10  0.17  0.33  0.65  0.96  1.54  2.79  3.97  4.79  6.33  8.10  8.93  9.18  7.99  7.14  4.20  1.34  0.41  0.30  0.14  0.04  0.03  0.03  0.03  0.03  0.03  0.03
 6   0  0.03  0.10  0.16  0.32  0.63  0.93  1.51  2.80  3.97  4.79  6.36  8.18  9.05  9.37  8.21  7.38  4.28  1.29  0.37  0.29  0.14  0.04  0.03  0.03  0.03  0.03  0.03  0.03
 6   5  0.03  0.10  0.16  0.32  0.63  0.93  1.51  2.80  3.98  4.81  6.39  8.25  9.07  9.36  8.24  7.41  4.43  1.43  0.48  0.37  0.18  0.04  0.03  0.03  0.03  0.03  0.03  0.03
 6  10  0.03  0.09  0.16  0.31  0.62  0.91  1.49  2.83  4.04  4.87  6.45  8.34  9.13  9.37  8.26  7.42  4.56  1.57  0.59  0.45  0.22  0.04  0.03  0.03  0.03  0.04  0.04  0.03
 6  15  0.03  0.09  0.16  0.31  0.62  0.91  1.49  2.82  4.03  4.85  6.40  8.28  9.03  9.16  8.03  7.20  4.46  1.63  0.62  0.48  0.24  0.05  0.04  0.04  0.04  0.05  0.04  0.04
 6  20  0.03  0.10  0.16  0.32  0.63  0.93  1.50  2.81  4.00  4.83  6.39  8.25  8.93  8.97  7.79  6.96  4.37  1.69  0.65  0.51  0.25  0.06  0.05  0.05  0.05  0.05  0.05  0.04
 6  25  0.03  0.09  0.16  0.31  0.61  0.91  1.48  2.78  3.95  4.75  6.29  8.11  8.82  8.83  7.78  7.08  4.51  1.81  0.70  0.54  0.28  0.09  0.06  0.06  0.06  0.06  0.05  0.05
 6  30  0.03  0.09  0.15  0.30  0.60  0.89  1.45  2.75  3.88  4.67  6.17  7.98  8.67  8.67  7.78  7.19  4.63  1.93  0.74  0.58  0.30  0.14  0.08  0.06  0.06  0.06  0.05  0.05
 6  35  0.03  0.09  0.15  0.30  0.59  0.88  1.43  2.68  3.78  4.53  5.98  7.79  8.45  8.44  7.51  6.87  4.59  2.16  1.00  0.79  0.44  0.20  0.11  0.08  0.07  0.06  0.06  0.05
 6  40  0.03  0.09  0.15  0.30  0.58  0.86  1.40  2.59  3.67  4.41  5.87  7.60  8.22  8.20  7.24  6.55  4.53  2.40  1.25  1.00  0.58  0.33  0.16  0.10  0.08  0.07  0.06  0.05
 6  45  0.03  0.09  0.14  0.29  0.56  0.83  1.35  2.51  3.53  4.23  5.65  7.36  7.96  7.91  6.94  6.28  4.51  2.53  1.44  1.17  0.72  0.42  0.26  0.13  0.09  0.07  0.06  0.05
 6  50  0.03  0.08  0.14  0.27  0.53  0.79  1.30  2.46  3.43  4.10  5.49  7.17  7.75  7.64  6.68  6.02  4.49  2.67  1.62  1.34  0.87  0.51  0.34  0.16  0.10  0.07  0.06  0.06
 6  55  0.03  0.08  0.13  0.26  0.51  0.76  1.24  2.37  3.26  3.90  5.29  6.94  7.45  7.29  6.37  5.73  4.30  2.74  1.70  1.40  0.91  0.54  0.38  0.19  0.12  0.08  0.07  0.06
 6  60  0.03  0.08  0.13  0.26  0.51  0.76  1.24  2.35  3.32  3.99  5.33  6.81  7.20  6.89  6.09  5.53  4.18  2.86  1.83  1.50  0.96  0.56  0.42  0.26  0.13  0.08  0.07  0.06
 6  65  0.03  0.07  0.12  0.25  0.49  0.73  1.19  2.27  3.22  3.87  5.17  6.52  6.79  6.39  5.56  4.99  3.89  2.85  1.93  1.59  1.05  0.60  0.47  0.29  0.14  0.08  0.07  0.06
 6  70  0.02  0.07  0.12  0.24  0.47  0.70  1.15  2.19  3.12  3.75  5.02  6.23  6.38  5.89  5.03  4.44  3.60  2.84  2.03  1.69  1.14  0.64  0.52  0.32  0.16  0.09  0.07  0.06
 6  75  0.02  0.07  0.12  0.23  0.46  0.68  1.11  2.12  3.07  3.73  5.05  6.11  6.12  5.54  4.78  4.26  3.65  2.88  2.07  1.73  1.19  0.66  0.54  0.34  0.18  0.09  0.07  0.06
 6  80  0.02  0.07  0.11  0.22  0.44  0.65  1.07  2.04  3.02  3.70  5.07  6.00  5.85  5.19  4.53  4.08  3.69  2.92  2.11  1.78  1.24  0.68  0.55  0.35  0.19  0.10  0.07  0.06
 6  85  0.02  0.07  0.11  0.22  0.44  0.65  1.07  2.04  3.02  3.70  5.07  5.99  5.85  5.19  4.53  4.08  3.69  2.92  2.11  1.78  1.24  0.68  0.55  0.36  0.19  0.10  0.07  0.06
 6  90  0.02  0.07  0.11  0.22  0.44  0.65  1.07  2.04  3.01  3.70  5.07  5.99  5.85  5.18  4.51  4.07  3.68  2.93  2.11  1.78  1.24  0.69  0.57  0.36  0.20  0.11  0.07  0.06
 7 -90  0.05  0.16  0.26  0.51  0.96  1.37  2.05  2.91  4.05  4.85  5.16  5.15  4.86  4.30  4.04  3.85  3.56  2.73  1.99  1.62  1.03  0.40  0.19  0.09  0.05  0.03  0.03  0.03
 7 -85  0.05  0.16  0.26  0.51  0.97  1.38  2.06  2.92  4.08  4.88  5.20  5.18  4.88  4.31  4.05  3.85  3.55  2.72  1.98  1.62  1.02  0.39  0.19  0.08  0.05  0.03  0.03  0.03
 7 -80  0.05  0.16  0.26  0.51  0.97  1.38  2.06  2.92  4.09  4.89  5.21  5.20  4.89  4.32  4.05  3.84  3.55  2.72  1.99  1.62  1.02  0.39  0.19  0.08  0.05  0.03  0.03  0.03
 7 -75  0.05  0.15  0.24  0.48  0.91  1.30  1.94  2.78  3.97  4.79  5.32  5.61  5.43  4.89  4.32  3.92  3.43  2.71  1.99  1.63  1.05  0.40  0.19  0.08  0.05  0.03  0.03  0.03
 7 -70  0.05  0.14  0.22  0.44  0.84  1.20  1.81  2.65  3.85  4.69  5.43  6.02  5.97  5.46  4.59  4.00  3.31  2.70  2.00  1.65  1.08  0.40  0.20  0.09  0.05  0.03  0.03  0.03
 7 -65  0.05  0.14  0.23  0.45  0.87  1.26  1.93  3.03  4.27  5.14  5.73  6.08  5.92  5.43  4.90  4.56  3.87  2.82  1.97  1.64  1.09  0.43  0.21  0.10  0.05  0.04  0.03  0.03
 7 -60  0.05  0.14  0.24  0.46  0.90  1.31  2.05  3.42  4.68  5.59  6.02  6.12  5.86  5.38  5.21  5.12  4.43  2.92  1.94  1.63  1.10  0.45  0.25  0.10  0.06  0.04  0.03  0.03
 7 -55  0.05  0.14  0.23  0.45  0.89  1.30  2.07  3.65  5.05  6.02  6.43  6.43  6.15  5.77  5.69  5.62  4.63  2.81  1.82  1.51  0.96  0.42  0.25  0.10  0.06  0.04  0.03  0.03
 7 -50  0.05  0.14  0.23  0.45  0.89  1.31  2.10  3.77  5.26  6.27  6.76  6.75  6.47  6.03  6.10  6.10  4.82  2.69  1.63  1.33  0.80  0.39  0.26  0.09  0.05  0.04  0.03  0.03
 7 -45  0.04  0.13  0.22  0.44  0.86  1.26  2.01  3.58  5.08  6.11  6.88  7.12  6.87  6.38  6.15  5.99  4.82  2.72  1.60  1.29  0.75  0.35  0.23  0.08  0.05  0.04  0.03  0.03
 7 -40  0.04  0.13  0.21  0.41  0.81  1.19  1.91  3.43  4.96  6.00  7.04  7.51  7.32  6.79  6.28  5.90  4.80  2.74  1.56  1.24  0.70  0.32  0.21  0.08  0.05  0.04  0.03  0.03
 7 -35  0.04  0.12  0.20  0.39  0.76  1.12  1.80  3.27  4.71  5.69  6.89  7.63  7.57  7.14  6.45  5.96  4.76  2.52  1.30  1.01  0.54  0.25  0.16  0.08  0.05  0.04  0.04  0.03
 7 -30  0.04  0.11  0.18  0.36  0.72  1.05  1.70  3.10  4.46  5.37  6.71  7.74  7.85  7.51  6.63  6.03  4.70  2.30  1.04  0.79  0.38  0.18  0.09  0.06  0.05  0.04  0.04  0.04
 7 -25  0.04  0.11  0.18  0.36  0.70  1.04  1.66  2.99  4.32  5.22  6.60  7.83  8.03  7.79  6.93  6.32  4.57  2.02  0.82  0.61  0.28  0.08  0.05  0.05  0.04  0.04  0.04  0.04
 7 -20  0.04  0.11  0.18  0.35  0.69  1.02  1.63  2.89  4.15  5.01  6.46  7.94  8.26  8.04  7.21  6.61  4.45  1.73  0.59  0.43  0.17  0.05  0.04  0.04  0.04  0.04  0.04  0.04
 7 -15  0.03  0.10  0.17  0.34  0.67  0.99  1.58  2.86  4.11  4.95  6.42  8.03  8.53  8.42  7.49  6.86  4.24  1.55  0.54  0.40  0.17  0.05  0.04  0.03  0.03  0.04  0.04  0.04
 7 -10  0.03  0.10  0.17  0.34  0.66  0.98  1.57  2.83  4.06  4.91  6.48  8.17  8.82  8.87  7.83  7.11  4.00  1.34  0.48  0.36  0.16  0.04  0.03  0.03  0.03  0.04  0.04  0.04
 7  -5  0.03  0.10  0.17  0.34  0.66  0.97  1.55  2.80  4.04  4.91  6.51  8.24  8.99  9.12  7.89  7.05  4.07  1.32  0.47  0.36  0.17  0.04  0.03  0.03  0.03  0.03  0.04  0.03
 7   0  0.03  0.10  0.16  0.32  0.62  0.93  1.51  2.82  4.05  4.92  6.56  8.37  9.18  9.38  7.98  7.00  4.15  1.30  0.47  0.36  0.17  0.04  0.03  0.03  0.03  0.03  0.03  0.03
 7   5  0.03  0.10  0.16  0.32  0.64  0.94  1.52  2.82  4.06  4.93  6.59  8.41  9.18  9.40  8.14  7.23  4.38  1.49  0.58  0.44  0.20  0.04  0.03  0.03  0.03  0.03  0.03  0.03
 7  10  0.03  0.10  0.16  0.32  0.62  0.93  1.51  2.86  4.11  4.98  6.63  8.49  9.23  9.42  8.28  7.44  4.58  1.68  0.70  0.53  0.23  0.04  0.03  0.03  0.03  0.04  0.03  0.03
 7  15  0.03  0.10  0.16  0.32  0.63  0.93  1.52  2.86  4.13  4.98  6.58  8.40  9.08  9.17  8.09  7.31  4.57  1.73  0.72  0.54  0.24  0.05  0.04  0.04  0.04  0.04  0.04  0.03
 7  20  0.03  0.10  0.16  0.33  0.64  0.95  1.54  2.86  4.11  4.97  6.57  8.35  8.95  8.96  7.90  7.16  4.57  1.78  0.74  0.56  0.24  0.06  0.05  0.05  0.05  0.05  0.05  0.04
 7  25  0.03  0.10  0.16  0.32  0.63  0.94  1.53  2.86  4.09  4.93  6.47  8.19  8.81  8.79  7.74  7.02  4.54  1.90  0.78  0.58  0.25  0.09  0.06  0.06  0.06  0.06  0.05  0.04
 7  30  0.03  0.09  0.16  0.31  0.62  0.92  1.51  2.85  4.04  4.87  6.37  8.05  8.64  8.62  7.58  6.87  4.50  2.02  0.82  0.61  0.25  0.11  0.07  0.06  0.06  0.06  0.05  0.04
 7  35  0.03  0.09  0.16  0.31  0.61  0.91  1.48  2.78  3.93  4.72  6.16  7.83  8.41  8.38  7.38  6.70  4.48  2.14  0.99  0.76  0.37  0.13  0.08  0.07  0.07  0.06  0.05  0.05
 7  40  0.03  0.09  0.15  0.30  0.60  0.89  1.45  2.70  3.82  4.58  6.01  7.62  8.16  8.14  7.19  6.53  4.44  2.26  1.16  0.90  0.47  0.18  0.11  0.08  0.07  0.07  0.06  0.05
 7  45  0.03  0.09  0.15  0.29  0.58  0.86  1.39  2.59  3.64  4.36  5.76  7.36  7.89  7.84  6.91  6.26  4.43  2.39  1.30  1.04  0.60  0.30  0.16  0.11  0.08  0.07  0.06  0.05
 7  50  0.03  0.08  0.14  0.28  0.55  0.81  1.33  2.51  3.51  4.19  5.56  7.13  7.65  7.56  6.64  6.00  4.40  2.51  1.43  1.17  0.73  0.38  0.27  0.13  0.09  0.07  0.06  0.05
 7  55  0.03  0.08  0.13  0.26  0.52  0.77  1.26  2.41  3.31  3.96  5.33  6.90  7.36  7.21  6.26  5.59  4.19  2.54  1.51  1.25  0.80  0.43  0.31  0.17  0.11  0.07  0.06  0.05
 7  60  0.03  0.08  0.13  0.26  0.51  0.76  1.24  2.38  3.36  4.03  5.34  6.75  7.10  6.81  5.91  5.28  4.05  2.63  1.65  1.36  0.88  0.48  0.36  0.19  0.12  0.08  0.06  0.05
 7  65  0.02  0.07  0.12  0.25  0.49  0.73  1.19  2.28  3.23  3.88  5.14  6.41  6.65  6.27  5.33  4.68  3.68  2.63  1.74  1.45  0.97  0.51  0.40  0.25  0.13  0.08  0.06  0.05
 7  70  0.02  0.07  0.12  0.24  0.47  0.70  1.14  2.18  3.10  3.72  4.94  6.07  6.19  5.72  4.75  4.07  3.32  2.62  1.83  1.53  1.05  0.54  0.43  0.28  0.14  0.08  0.06  0.05
 7  75  0.02  0.07  0.11  0.23  0.45  0.67  1.09  2.09  3.03  3.67  4.93  5.90  5.88  5.33  4.48  3.88  3.29  2.67  1.89  1.58  1.08  0.54  0.45  0.29  0.15  0.09  0.07  0.05
 7  80  0.02  0.06  0.11  0.22  0.43  0.63  1.04  1.99  2.96  3.63  4.92  5.73  5.56  4.94  4.21  3.70  3.26  2.70  1.95  1.63  1.11  0.55  0.47  0.30  0.16  0.09  0.07  0.05
 7  85  0.02  0.06  0.11  0.22  0.43  0.63  1.04  1.99  2.96  3.62  4.91  5.72  5.56  4.93  4.20  3.70  3.26  2.70  1.95  1.63  1.11  0.55  0.47  0.30  0.17  0.09  0.07  0.05
 7  90  0.02  0.06  0.11  0.21  0.43  0.63  1.04  1.99  2.95  3.61  4.90  5.71  5.55  4.92  4.17  3.67  3.24  2.70  1.95  1.63  1.11  0.55  0.49  0.31  0.18  0.09  0.07  0.05
 8 -90  0.04  0.12  0.20  0.40  0.76  1.08  1.63  2.37  3.39  4.11  5.05  6.05  6.05  5.19  4.14  3.38  2.88  2.48  1.80  1.49  0.97  0.39  0.16  0.08  0.05  0.03  0.03  0.03
 8 -85  0.04  0.12  0.20  0.40  0.76  1.09  1.64  2.40  3.44  4.18  5.14  6.11  6.08  5.21  4.14  3.38  2.89  2.49  1.81  1.49  0.97  0.39  0.17  0.08  0.05  0.03  0.03  0.03
 8 -80  0.04  0.12  0.20  0.40  0.76  1.09  1.64  2.40  3.45  4.19  5.15  6.12  6.09  5.22  4.15  3.39  2.90  2.50  1.81  1.49  0.97  0.39  0.17  0.08  0.05  0.04  0.03  0.03
 8 -75  0.04  0.12  0.21  0.40  0.77  1.11  1.70  2.61  3.63  4.36  5.24  6.02  5.98  5.32  4.35  3.67  3.07  2.57  1.86  1.54  1.02  0.42  0.17  0.08  0.05  0.04  0.03  0.03
 8 -70  0.04  0.12  0.20  0.40  0.78  1.12  1.74  2.83  3.82  4.54  5.32  5.90  5.85  5.42  4.54  3.94  3.24  2.65  1.91  1.60  1.09  0.44  0.18  0.08  0.05  0.04  0.03  0.03
 8 -65  0.04  0.12  0.20  0.39  0.76  1.11  1.75  3.00  4.06  4.85  5.67  6.13  6.02  5.58  4.99  4.60  3.82  2.84  1.90  1.58  1.05  0.45  0.20  0.09  0.05  0.04  0.03  0.03
 8 -60  0.04  0.12  0.19  0.38  0.75  1.11  1.77  3.16  4.31  5.15  6.02  6.36  6.19  5.73  5.44  5.26  4.38  3.00  1.87  1.54  1.00  0.45  0.26  0.09  0.06  0.04  0.03  0.03
 8 -55  0.04  0.12  0.19  0.38  0.76  1.12  1.82  3.37  4.71  5.61  6.49  6.80  6.60  6.23  5.91  5.66  4.70  3.07  1.85  1.53  0.96  0.44  0.27  0.10  0.06  0.04  0.03  0.03
 8 -50  0.04  0.12  0.20  0.39  0.77  1.14  1.86  3.48  4.93  5.91  6.88  7.25  7.06  6.63  6.30  6.03  4.99  3.11  1.77  1.45  0.91  0.42  0.28  0.10  0.06  0.04  0.04  0.03
 8 -45  0.04  0.12  0.20  0.39  0.77  1.14  1.84  3.39  4.84  5.84  6.93  7.50  7.35  6.88  6.32  5.92  4.94  3.07  1.73  1.41  0.86  0.39  0.26  0.10  0.06  0.04  0.04  0.03
 8 -40  0.04  0.12  0.20  0.39  0.77  1.13  1.82  3.34  4.82  5.81  7.03  7.76  7.70  7.20  6.41  5.84  4.89  3.01  1.67  1.35  0.81  0.37  0.25  0.09  0.06  0.04  0.04  0.04
 8 -35  0.04  0.11  0.19  0.37  0.73  1.08  1.75  3.21  4.64  5.61  6.94  7.85  7.86  7.42  6.53  5.92  4.80  2.75  1.38  1.10  0.62  0.28  0.20  0.09  0.06  0.04  0.04  0.04
 8 -30  0.04  0.11  0.18  0.35  0.70  1.03  1.67  3.08  4.46  5.39  6.83  7.94  8.04  7.64  6.67  5.99  4.69  2.48  1.10  0.86  0.45  0.20  0.10  0.07  0.06  0.05  0.04  0.04
 8 -25  0.04  0.11  0.18  0.35  0.69  1.02  1.64  2.96  4.31  5.23  6.73  8.08  8.28  7.96  6.95  6.24  4.57  2.16  0.83  0.63  0.31  0.08  0.06  0.05  0.05  0.05  0.05  0.04
 8 -20  0.04  0.11  0.18  0.35  0.68  1.00  1.60  2.86  4.14  5.02  6.60  8.23  8.57  8.25  7.23  6.49  4.47  1.83  0.56  0.41  0.17  0.06  0.04  0.04  0.04  0.04  0.05  0.04
 8 -15  0.03  0.10  0.17  0.33  0.65  0.96  1.55  2.82  4.07  4.92  6.51  8.32  8.85  8.66  7.55  6.81  4.24  1.60  0.53  0.39  0.15  0.05  0.04  0.04  0.04  0.04  0.04  0.04
 8 -10  0.03  0.10  0.16  0.33  0.64  0.95  1.53  2.78  4.00  4.85  6.52  8.43  9.17  9.16  7.95  7.12  3.98  1.36  0.50  0.36  0.13  0.04  0.04  0.03  0.04  0.04  0.04  0.04
 8  -5  0.03  0.10  0.16  0.32  0.64  0.94  1.51  2.75  3.97  4.82  6.52  8.46  9.33  9.44  8.09  7.20  3.98  1.33  0.50  0.37  0.14  0.04  0.03  0.03  0.03  0.04  0.04  0.04
 8   0  0.03  0.09  0.15  0.30  0.60  0.89  1.46  2.78  3.98  4.83  6.56  8.60  9.54  9.74  8.27  7.28  3.99  1.30  0.50  0.37  0.15  0.04  0.03  0.03  0.03  0.04  0.04  0.03
 8   5  0.03  0.10  0.16  0.31  0.62  0.92  1.49  2.78  4.01  4.86  6.59  8.61  9.50  9.70  8.32  7.37  4.26  1.46  0.60  0.45  0.17  0.04  0.03  0.03  0.03  0.03  0.03  0.03
 8  10  0.03  0.09  0.16  0.31  0.62  0.91  1.49  2.81  4.07  4.93  6.65  8.67  9.49  9.66  8.37  7.44  4.52  1.62  0.70  0.52  0.20  0.04  0.03  0.03  0.03  0.04  0.03  0.03
 8  15  0.03  0.10  0.16  0.32  0.63  0.93  1.51  2.84  4.14  5.00  6.68  8.56  9.25  9.31  8.14  7.30  4.51  1.69  0.73  0.54  0.21  0.04  0.04  0.04  0.04  0.04  0.04  0.03
 8  20  0.03  0.10  0.17  0.33  0.65  0.96  1.54  2.86  4.16  5.06  6.73  8.51  9.05  9.04  7.93  7.14  4.51  1.74  0.77  0.57  0.22  0.06  0.05  0.05  0.05  0.05  0.05  0.04
 8  25  0.03  0.10  0.16  0.32  0.64  0.95  1.54  2.90  4.20  5.08  6.68  8.34  8.87  8.80  7.73  6.99  4.48  1.86  0.80  0.59  0.23  0.07  0.06  0.05  0.05  0.06  0.05  0.04
 8  30  0.03  0.10  0.16  0.32  0.64  0.95  1.54  2.92  4.21  5.11  6.65  8.21  8.67  8.58  7.54  6.84  4.45  1.97  0.83  0.61  0.24  0.09  0.07  0.06  0.06  0.06  0.05  0.05
 8  35  0.03  0.10  0.16  0.32  0.63  0.94  1.53  2.88  4.13  4.98  6.46  7.97  8.42  8.32  7.34  6.67  4.43  2.04  0.95  0.72  0.32  0.11  0.08  0.07  0.06  0.06  0.05  0.05
 8  40  0.03  0.10  0.16  0.32  0.62  0.92  1.50  2.83  4.04  4.86  6.31  7.75  8.16  8.06  7.14  6.49  4.40  2.12  1.06  0.81  0.40  0.14  0.09  0.08  0.07  0.06  0.06  0.05
 8  45  0.03  0.09  0.16  0.31  0.61  0.90  1.46  2.73  3.88  4.68  6.11  7.52  7.89  7.75  6.84  6.21  4.30  2.24  1.20  0.95  0.52  0.22  0.13  0.09  0.08  0.06  0.06  0.05
 8  50  0.03  0.09  0.15  0.30  0.59  0.87  1.41  2.66  3.77  4.53  5.94  7.30  7.64  7.44  6.56  5.93  4.19  2.35  1.35  1.09  0.65  0.30  0.19  0.12  0.09  0.07  0.06  0.05
 8  55  0.03  0.08  0.14  0.28  0.55  0.82  1.35  2.57  3.60  4.34  5.76  7.10  7.36  7.09  6.19  5.56  3.94  2.43  1.46  1.19  0.73  0.33  0.22  0.15  0.10  0.07  0.06  0.05
 8  60  0.03  0.08  0.14  0.27  0.55  0.81  1.33  2.55  3.67  4.43  5.81  6.98  7.11  6.67  5.85  5.28  3.77  2.56  1.64  1.33  0.81  0.37  0.26  0.17  0.11  0.07  0.06  0.05
 8  65  0.03  0.08  0.13  0.27  0.53  0.79  1.29  2.47  3.55  4.29  5.58  6.54  6.54  6.03  5.24  4.69  3.51  2.57  1.73  1.41  0.89  0.41  0.30  0.19  0.11  0.07  0.06  0.05
 8  70  0.03  0.08  0.13  0.26  0.51  0.76  1.25  2.39  3.43  4.14  5.34  6.10  5.97  5.40  4.64  4.11  3.24  2.58  1.81  1.49  0.96  0.46  0.34  0.21  0.12  0.07  0.06  0.05
 8  75  0.03  0.08  0.13  0.25  0.50  0.75  1.23  2.35  3.38  4.08  5.11  5.58  5.33  4.74  4.17  3.77  3.20  2.59  1.85  1.53  1.00  0.48  0.35  0.22  0.13  0.08  0.06  0.05
 8  80  0.03  0.08  0.13  0.25  0.50  0.74  1.21  2.31  3.33  4.02  4.88  5.06  4.69  4.08  3.70  3.43  3.15  2.59  1.89  1.57  1.04  0.50  0.36  0.23  0.14  0.08  0.06  0.05
 8  85  0.03  0.08  0.13  0.25  0.50  0.74  1.21  2.32  3.33  4.02  4.87  5.06  4.68  4.08  3.70  3.43  3.16  2.59  1.89  1.57  1.04  0.50  0.36  0.23  0.15  0.08  0.06  0.05
 8  90  0.03  0.08  0.13  0.25  0.50  0.74  1.21  2.31  3.33  4.01  4.86  5.04  4.67  4.08  3.70  3.43  3.15  2.58  1.89  1.56  1.04  0.50  0.36  0.23  0.16  0.09  0.07  0.05
 9 -90  0.04  0.11  0.18  0.36  0.69  1.01  1.57  2.59  3.68  4.46  4.99  5.45  5.43  5.03  4.13  3.47  2.12  1.46  1.06  0.91  0.64  0.35  0.10  0.06  0.04  0.04  0.03  0.03
 9 -85  0.04  0.11  0.18  0.36  0.69  1.01  1.57  2.59  3.68  4.47  5.05  5.53  5.49  5.07  4.15  3.51  2.15  1.48  1.06  0.91  0.64  0.35  0.11  0.06  0.05  0.04  0.03  0.03
 9 -80  0.04  0.11  0.18  0.36  0.69  1.01  1.57  2.59  3.68  4.47  5.05  5.53  5.49  5.07  4.16  3.51  2.17  1.50  1.07  0.91  0.64  0.35  0.13  0.06  0.05  0.04  0.03  0.03
 9 -75  0.04  0.11  0.18  0.35  0.68  1.00  1.57  2.68  3.73  4.50  5.32  5.85  5.78  5.33  4.43  3.81  2.43  1.67  1.18  1.01  0.71  0.39  0.15  0.07  0.05  0.04  0.03  0.03
 9 -70  0.03  0.10  0.17  0.34  0.67  0.98  1.56  2.76  3.79  4.54  5.59  6.16  6.05  5.56  4.68  4.08  2.71  1.85  1.31  1.11  0.78  0.42  0.16  0.08  0.05  0.04  0.03  0.03
 9 -65  0.03  0.10  0.17  0.34  0.67  0.99  1.59  2.89  4.02  4.82  5.96  6.58  6.49  6.02  5.34  4.88  3.51  2.34  1.53  1.28  0.86  0.45  0.23  0.08  0.06  0.04  0.03  0.03
 9 -60  0.03  0.10  0.17  0.34  0.68  1.01  1.63  3.01  4.23  5.10  6.33  7.01  6.94  6.46  5.98  5.66  4.27  2.79  1.75  1.44  0.94  0.49  0.27  0.10  0.06  0.04  0.03  0.03
 9 -55  0.04  0.11  0.18  0.35  0.70  1.03  1.68  3.17  4.54  5.45  6.67  7.35  7.28  6.92  6.37  5.95  4.67  3.05  1.87  1.52  0.91  0.47  0.27  0.10  0.06  0.04  0.04  0.03
 9 -50  0.04  0.11  0.18  0.36  0.71  1.05  1.72  3.26  4.69  5.65  6.92  7.70  7.68  7.28  6.69  6.24  5.05  3.28  1.93  1.54  0.88  0.45  0.27  0.10  0.06  0.04  0.04  0.03
 9 -45  0.04  0.11  0.18  0.36  0.71  1.05  1.70  3.19  4.62  5.60  6.95  7.86  7.87  7.40  6.64  6.10  4.96  3.19  1.85  1.47  0.82  0.42  0.26  0.09  0.06  0.04  0.04  0.04
 9 -40  0.04  0.11  0.18  0.36  0.70  1.04  1.69  3.15  4.60  5.57  7.02  8.04  8.09  7.60  6.66  5.98  4.86  3.09  1.76  1.39  0.75  0.38  0.25  0.09  0.06  0.05  0.04  0.04
 9 -35  0.03  0.10  0.17  0.35  0.68  1.01  1.64  3.06  4.47  5.42  6.95  8.15  8.27  7.81  6.75  6.02  4.77  2.78  1.46  1.13  0.56  0.28  0.20  0.09  0.06  0.05  0.04  0.04
 9 -30  0.03  0.10  0.17  0.33  0.66  0.98  1.58  2.97  4.33  5.25  6.87  8.24  8.46  8.04  6.87  6.05  4.67  2.46  1.17  0.88  0.39  0.19  0.10  0.07  0.06  0.05  0.05  0.04
 9 -25  0.03  0.10  0.17  0.33  0.66  0.97  1.57  2.87  4.19  5.08  6.72  8.35  8.68  8.36  7.14  6.28  4.63  2.23  0.95  0.71  0.29  0.08  0.06  0.05  0.05  0.05  0.05  0.05
 9 -20  0.03  0.10  0.17  0.33  0.65  0.95  1.53  2.79  4.04  4.89  6.56  8.45  8.94  8.65  7.40  6.50  4.59  1.98  0.74  0.54  0.21  0.06  0.05  0.04  0.04  0.05  0.05  0.05
 9 -15  0.03  0.10  0.16  0.31  0.62  0.92  1.49  2.76  3.95  4.76  6.41  8.45  9.13  8.99  7.69  6.80  4.35  1.70  0.64  0.47  0.18  0.05  0.04  0.04  0.04  0.04  0.05  0.05
 9 -10  0.03  0.09  0.15  0.31  0.61  0.90  1.46  2.74  3.89  4.68  6.36  8.46  9.36  9.44  8.05  7.11  4.06  1.39  0.53  0.39  0.15  0.04  0.04  0.04  0.04  0.04  0.04  0.04
 9  -5  0.03  0.09  0.15  0.31  0.60  0.89  1.45  2.70  3.85  4.65  6.34  8.44  9.48  9.70  8.13  7.10  3.99  1.35  0.53  0.39  0.15  0.04  0.03  0.03  0.04  0.04  0.04  0.04
 9   0  0.03  0.09  0.15  0.29  0.58  0.86  1.41  2.72  3.86  4.66  6.38  8.55  9.67 10.00  8.26  7.10  3.94  1.31  0.54  0.39  0.15  0.04  0.03  0.03  0.03  0.04  0.04  0.03
 9   5  0.03  0.09  0.15  0.30  0.60  0.89  1.45  2.73  3.90  4.71  6.42  8.55  9.59  9.91  8.34  7.28  4.21  1.45  0.61  0.44  0.17  0.04  0.03  0.03  0.03  0.04  0.03  0.03
 9  10  0.03  0.09  0.15  0.30  0.60  0.89  1.46  2.77  3.97  4.79  6.50  8.61  9.54  9.80  8.41  7.44  4.46  1.59  0.67  0.49  0.18  0.04  0.03  0.03  0.03  0.04  0.03  0.03
 9  15  0.03  0.09  0.16  0.31  0.61  0.91  1.48  2.79  4.06  4.89  6.59  8.53  9.29  9.39  8.18  7.30  4.44  1.61  0.68  0.50  0.18  0.04  0.03  0.04  0.04  0.04  0.04  0.03
 9  20  0.03  0.10  0.16  0.32  0.63  0.94  1.51  2.80  4.09  4.98  6.68  8.51  9.08  9.07  7.95  7.15  4.44  1.62  0.69  0.51  0.19  0.05  0.04  0.04  0.04  0.05  0.04  0.04
 9  25  0.03  0.10  0.16  0.32  0.62  0.93  1.51  2.86  4.16  5.05  6.68  8.34  8.85  8.77  7.82  7.14  4.48  1.69  0.71  0.52  0.19  0.07  0.05  0.05  0.05  0.05  0.05  0.04
 9  30  0.03  0.10  0.16  0.32  0.63  0.93  1.52  2.88  4.21  5.12  6.70  8.21  8.60  8.48  7.68  7.13  4.52  1.75  0.73  0.53  0.20  0.08  0.06  0.05  0.05  0.06  0.05  0.05
 9  35  0.03  0.10  0.16  0.32  0.63  0.94  1.53  2.89  4.20  5.10  6.61  7.98  8.31  8.15  7.32  6.75  4.43  1.92  0.91  0.68  0.29  0.10  0.07  0.06  0.06  0.06  0.05  0.05
 9  40  0.03  0.10  0.16  0.32  0.64  0.94  1.54  2.89  4.20  5.09  6.55  7.76  8.01  7.84  6.98  6.36  4.31  2.07  1.08  0.82  0.38  0.13  0.09  0.07  0.06  0.06  0.05  0.05
 9  45  0.03  0.10  0.16  0.32  0.64  0.95  1.54  2.86  4.16  5.05  6.48  7.55  7.69  7.44  6.62  6.05  4.21  2.20  1.21  0.95  0.49  0.20  0.12  0.09  0.07  0.06  0.05  0.05
 9  50  0.03  0.10  0.16  0.32  0.64  0.94  1.53  2.86  4.15  5.04  6.43  7.33  7.37  7.04  6.29  5.74  4.10  2.32  1.36  1.09  0.62  0.25  0.16  0.11  0.08  0.06  0.05  0.05
 9  55  0.03  0.09  0.16  0.31  0.62  0.92  1.50  2.85  4.10  4.98  6.34  7.12  7.04  6.62  5.86  5.31  3.90  2.38  1.47  1.19  0.71  0.30  0.19  0.14  0.09  0.06  0.05  0.05
 9  60  0.03  0.09  0.16  0.31  0.62  0.92  1.51  2.90  4.27  5.20  6.48  6.99  6.73  6.15  5.46  4.97  3.77  2.51  1.64  1.33  0.81  0.35  0.23  0.16  0.10  0.07  0.05  0.05
 9  65  0.03  0.10  0.16  0.32  0.63  0.93  1.53  2.92  4.26  5.17  6.23  6.50  6.16  5.54  4.86  4.39  3.51  2.49  1.73  1.42  0.89  0.41  0.27  0.17  0.11  0.06  0.05  0.05
 9  70  0.03  0.10  0.16  0.32  0.63  0.94  1.54  2.94  4.24  5.14  5.98  6.02  5.58  4.93  4.26  3.80  3.25  2.47  1.82  1.50  0.98  0.46  0.31  0.19  0.11  0.07  0.05  0.05
 9  75  0.03  0.10  0.16  0.32  0.64  0.95  1.55  2.95  4.03  4.77  5.29  5.27  4.93  4.42  4.03  3.76  3.20  2.47  1.82  1.50  0.99  0.46  0.31  0.20  0.12  0.07  0.05  0.05
 9  80  0.03  0.10  0.16  0.32  0.64  0.95  1.55  2.95  3.81  4.40  4.59  4.52  4.28  3.90  3.80  3.72  3.14  2.46  1.82  1.51  1.00  0.46  0.32  0.21  0.12  0.07  0.05  0.05
 9  85  0.03  0.10  0.16  0.32  0.64  0.95  1.56  2.96  3.81  4.39  4.57  4.51  4.27  3.90  3.80  3.72  3.13  2.46  1.82  1.51  1.00  0.46  0.32  0.21  0.12  0.07  0.06  0.05
 9  90  0.03  0.10  0.16  0.32  0.64  0.95  1.55  2.95  3.79  4.37  4.55  4.50  4.25  3.88  3.78  3.69  3.11  2.45  1.82  1.50  0.99  0.46  0.32  0.21  0.12  0.07  0.06  0.05
10 -90  0.03  0.09  0.15  0.29  0.57  0.84  1.35  2.46  3.41  4.07  5.28  6.04  6.06  5.60  4.78  4.17  2.73  0.79  0.40  0.39  0.33  0.34  0.10  0.06  0.05  0.04  0.03  0.03
10 -85  0.03  0.09  0.15  0.29  0.57  0.84  1.35  2.47  3.41  4.06  5.26  6.04  6.06  5.61  4.80  4.22  2.79  0.82  0.42  0.39  0.33  0.34  0.11  0.06  0.05  0.04  0.03  0.03
10 -80  0.03  0.09  0.15  0.29  0.57  0.84  1.35  2.47  3.41  4.06  5.26  6.04  6.06  5.61  4.79  4.22  2.79  0.84  0.43  0.40  0.33  0.34  0.12  0.06  0.05  0.04  0.03  0.03
10 -75  0.03  0.09  0.15  0.29  0.57  0.85  1.36  2.51  3.48  4.16  5.40  6.32  6.41  5.98  5.32  4.84  3.27  1.23  0.65  0.57  0.41  0.37  0.23  0.07  0.05  0.04  0.03  0.03
10 -70  0.03  0.09  0.15  0.29  0.57  0.85  1.37  2.54  3.56  4.26  5.54  6.59  6.76  6.34  5.84  5.47  3.74  1.65  0.89  0.75  0.50  0.41  0.25  0.07  0.05  0.04  0.03  0.03
10 -65  0.03  0.09  0.15  0.30  0.59  0.88  1.42  2.65  3.77  4.55  5.87  6.95  7.13  6.74  6.39  6.13  4.39  2.28  1.27  1.04  0.64  0.43  0.26  0.08  0.05  0.04  0.03  0.03
10 -60  0.03  0.09  0.16  0.31  0.61  0.91  1.47  2.76  3.98  4.83  6.19  7.31  7.50  7.13  6.94  6.79  5.00  2.87  1.64  1.31  0.78  0.45  0.27  0.09  0.06  0.04  0.03  0.03
10 -55  0.03  0.10  0.16  0.32  0.63  0.93  1.52  2.86  4.20  5.07  6.46  7.56  7.72  7.45  6.99  6.64  5.08  3.12  1.87  1.50  0.85  0.43  0.26  0.16  0.06  0.04  0.04  0.03
10 -50  0.03  0.10  0.16  0.32  0.63  0.94  1.53  2.91  4.27  5.18  6.65  7.83  8.01  7.67  6.97  6.47  5.14  3.31  2.01  1.60  0.90  0.41  0.25  0.15  0.06  0.04  0.04  0.03
10 -45  0.03  0.09  0.16  0.31  0.62  0.92  1.51  2.87  4.22  5.14  6.69  8.01  8.21  7.78  7.08  6.57  5.24  3.36  1.99  1.58  0.87  0.39  0.24  0.09  0.06  0.05  0.04  0.04
10 -40  0.03  0.09  0.16  0.31  0.62  0.92  1.51  2.85  4.20  5.11  6.74  8.19  8.44  7.97  7.24  6.72  5.34  3.39  1.95  1.54  0.84  0.38  0.23  0.09  0.06  0.05  0.04  0.04
10 -35  0.03  0.09  0.16  0.31  0.61  0.91  1.49  2.82  4.14  5.03  6.70  8.30  8.63  8.21  7.30  6.67  5.09  2.88  1.50  1.16  0.59  0.27  0.15  0.08  0.06  0.05  0.05  0.04
10 -30  0.03  0.09  0.15  0.31  0.60  0.90  1.47  2.79  4.07  4.92  6.62  8.37  8.82  8.47  7.38  6.62  4.83  2.37  1.05  0.79  0.35  0.15  0.10  0.07  0.06  0.05  0.05  0.04
10 -25  0.03  0.09  0.16  0.31  0.61  0.91  1.47  2.75  3.99  4.81  6.48  8.43  9.00  8.77  7.54  6.69  4.60  2.05  0.85  0.63  0.26  0.09  0.07  0.06  0.05  0.05  0.05  0.05
10 -20  0.03  0.09  0.15  0.31  0.61  0.90  1.46  2.73  3.90  4.70  6.35  8.48  9.19  9.04  7.69  6.74  4.38  1.70  0.65  0.48  0.18  0.06  0.05  0.05  0.05  0.05  0.05  0.05
10 -15  0.03  0.09  0.15  0.30  0.59  0.87  1.42  2.70  3.84  4.62  6.24  8.42  9.26  9.26  7.93  7.02  4.23  1.56  0.58  0.42  0.15  0.05  0.04  0.04  0.04  0.05  0.05  0.05
10 -10  0.03  0.09  0.14  0.29  0.57  0.85  1.40  2.70  3.81  4.58  6.22  8.39  9.39  9.60  8.23  7.30  4.05  1.40  0.51  0.37  0.13  0.04  0.04  0.04  0.04  0.04  0.04  0.04
10  -5  0.03  0.09  0.14  0.29  0.57  0.85  1.40  2.68  3.78  4.56  6.21  8.31  9.41  9.74  8.28  7.30  3.98  1.37  0.49  0.36  0.13  0.04  0.03  0.03  0.03  0.04  0.04  0.04
10   0  0.03  0.09  0.14  0.28  0.56  0.84  1.38  2.68  3.80  4.57  6.25  8.37  9.50  9.95  8.37  7.31  3.92  1.34  0.47  0.35  0.13  0.04  0.03  0.03  0.03  0.04  0.04  0.03
10   5  0.03  0.09  0.15  0.29  0.58  0.87  1.42  2.70  3.84  4.62  6.26  8.32  9.40  9.81  8.33  7.33  4.15  1.45  0.55  0.40  0.14  0.04  0.03  0.03  0.03  0.03  0.03  0.03
10  10  0.03  0.09  0.15  0.30  0.59  0.88  1.44  2.74  3.89  4.68  6.31  8.34  9.31  9.65  8.29  7.34  4.35  1.56  0.63  0.46  0.16  0.04  0.03  0.03  0.03  0.04  0.04  0.03
10  15  0.03  0.09  0.15  0.30  0.60  0.89  1.46  2.75  3.96  4.76  6.37  8.26  9.05  9.23  8.01  7.13  4.32  1.58  0.65  0.46  0.16  0.04  0.03  0.03  0.04  0.04  0.04  0.04
10  20  0.03  0.10  0.16  0.31  0.62  0.92  1.49  2.76  3.98  4.82  6.42  8.23  8.85  8.90  7.75  6.92  4.29  1.58  0.66  0.48  0.16  0.05  0.04  0.04  0.04  0.05  0.05  0.04
10  25  0.03  0.09  0.16  0.31  0.61  0.91  1.49  2.84  4.10  4.97  6.51  8.09  8.58  8.53  7.59  6.91  4.34  1.63  0.68  0.49  0.18  0.06  0.05  0.04  0.05  0.05  0.05  0.05
10  30  0.03  0.10  0.16  0.32  0.63  0.93  1.52  2.87  4.20  5.11  6.63  7.99  8.31  8.18  7.43  6.90  4.39  1.68  0.70  0.51  0.19  0.08  0.06  0.05  0.05  0.05  0.05  0.05
10  35  0.03  0.10  0.17  0.33  0.65  0.97  1.57  2.95  4.33  5.27  6.67  7.75  7.91  7.68  6.97  6.47  4.32  1.86  0.90  0.68  0.30  0.10  0.07  0.06  0.05  0.05  0.05  0.05
10  40  0.03  0.10  0.17  0.34  0.67  0.99  1.61  3.01  4.45  5.43  6.74  7.52  7.51  7.21  6.53  6.04  4.22  2.03  1.09  0.84  0.41  0.18  0.10  0.07  0.06  0.05  0.05  0.05
10  45  0.04  0.11  0.18  0.35  0.70  1.03  1.67  3.09  4.56  5.57  6.75  7.29  7.15  6.80  6.21  5.80  4.22  2.22  1.25  0.99  0.53  0.21  0.12  0.09  0.07  0.06  0.05  0.05
10  50  0.04  0.11  0.18  0.36  0.72  1.06  1.73  3.20  4.69  5.73  6.76  7.04  6.80  6.41  5.92  5.57  4.20  2.40  1.42  1.14  0.66  0.25  0.14  0.12  0.08  0.06  0.05  0.05
10  55  0.04  0.11  0.18  0.37  0.73  1.08  1.75  3.29  4.70  5.73  6.61  6.78  6.49  6.08  5.60  5.24  4.10  2.43  1.50  1.22  0.74  0.30  0.18  0.13  0.09  0.06  0.05  0.05
10  60  0.04  0.11  0.19  0.38  0.75  1.12  1.82  3.44  4.94  5.99  6.67  6.59  6.20  5.68  5.30  5.02  4.07  2.53  1.64  1.33  0.82  0.36  0.22  0.15  0.10  0.06  0.05  0.05
10  65  0.04  0.12  0.20  0.39  0.77  1.14  1.85  3.48  4.81  5.76  6.24  6.10  5.72  5.23  4.88  4.63  3.82  2.54  1.77  1.45  0.93  0.41  0.25  0.17  0.10  0.06  0.05  0.05
10  70  0.04  0.12  0.20  0.39  0.78  1.16  1.88  3.52  4.69  5.53  5.81  5.60  5.24  4.76  4.45  4.23  3.56  2.55  1.89  1.57  1.05  0.46  0.28  0.18  0.10  0.06  0.05  0.05
10  75  0.04  0.12  0.20  0.39  0.77  1.15  1.86  3.48  4.28  4.86  5.08  5.03  4.78  4.38  4.09  3.90  3.40  2.57  1.93  1.62  1.10  0.49  0.29  0.19  0.11  0.06  0.05  0.05
10  80  0.04  0.12  0.20  0.39  0.77  1.14  1.84  3.43  3.87  4.20  4.36  4.45  4.32  4.00  3.74  3.57  3.24  2.58  1.98  1.67  1.14  0.51  0.30  0.20  0.11  0.06  0.05  0.05
10  85  0.04  0.12  0.20  0.39  0.77  1.14  1.84  3.43  3.87  4.20  4.36  4.46  4.32  3.99  3.73  3.56  3.24  2.58  1.98  1.67  1.15  0.51  0.30  0.20  0.12  0.07  0.05  0.05
10  90  0.04  0.12  0.20  0.39  0.77  1.13  1.84  3.43  3.85  4.17  4.34  4.45  4.31  3.98  3.70  3.52  3.21  2.57  1.98  1.66  1.14  0.51  0.30  0.20  0.12  0.07  0.05  0.05
11 -90  0.03  0.08  0.13  0.25  0.49  0.73  1.18  2.21  3.09  3.68  5.00  6.17  6.44  6.24  5.93  5.65  4.36  2.01  1.08  0.90  0.56  0.40  0.26  0.15  0.05  0.04  0.03  0.02
11 -85  0.03  0.08  0.13  0.25  0.49  0.73  1.19  2.22  3.12  3.73  5.05  6.19  6.43  6.21  5.90  5.64  4.39  2.05  1.09  0.90  0.56  0.39  0.26  0.07  0.05  0.04  0.03  0.02
11 -80  0.03  0.08  0.13  0.25  0.49  0.73  1.19  2.23  3.13  3.74  5.05  6.18  6.42  6.20  5.90  5.64  4.38  2.06  1.10  0.90  0.56  0.39  0.26  0.16  0.05  0.04  0.03  0.02
11 -75  0.03  0.08  0.13  0.25  0.50  0.74  1.21  2.27  3.19  3.83  5.10  6.30  6.59  6.38  6.22  6.07  4.66  2.25  1.21  1.00  0.62  0.42  0.27  0.17  0.05  0.04  0.03  0.03
11 -70  0.03  0.08  0.13  0.26  0.51  0.75  1.22  2.30  3.26  3.92  5.15  6.43  6.76  6.54  6.54  6.49  4.93  2.45  1.34  1.10  0.68  0.45  0.29  0.17  0.06  0.04  0.03  0.03
11 -65  0.03  0.08  0.13  0.26  0.52  0.77  1.26  2.38  3.39  4.09  5.39  6.71  7.05  6.80  6.77  6.72  5.07  2.73  1.54  1.24  0.74  0.46  0.28  0.17  0.06  0.04  0.03  0.03
11 -60  0.03  0.08  0.14  0.27  0.54  0.80  1.30  2.45  3.52  4.26  5.62  7.00  7.33  7.05  7.01  6.95  5.22  3.00  1.73  1.37  0.78  0.45  0.28  0.17  0.06  0.04  0.03  0.03
11 -55  0.03  0.09  0.14  0.28  0.56  0.83  1.35  2.54  3.69  4.44  5.83  7.28  7.64  7.44  6.98  6.64  5.09  3.07  1.81  1.43  0.76  0.40  0.25  0.15  0.06  0.04  0.04  0.03
11 -50  0.03  0.09  0.14  0.28  0.56  0.83  1.36  2.57  3.73  4.48  5.96  7.57  8.00  7.72  6.90  6.31  4.92  3.09  1.82  1.42  0.74  0.34  0.22  0.10  0.06  0.04  0.04  0.03
11 -45  0.03  0.08  0.14  0.28  0.55  0.82  1.35  2.57  3.71  4.48  6.02  7.77  8.29  7.96  7.05  6.40  4.96  3.08  1.78  1.39  0.71  0.33  0.21  0.09  0.06  0.05  0.04  0.03
11 -40  0.03  0.08  0.14  0.28  0.55  0.82  1.35  2.60  3.71  4.47  6.06  7.96  8.58  8.26  7.23  6.52  5.02  3.06  1.73  1.34  0.68  0.32  0.20  0.08  0.06  0.05  0.04  0.04
11 -35  0.03  0.09  0.14  0.28  0.56  0.83  1.37  2.63  3.76  4.51  6.12  8.10  8.78  8.53  7.39  6.59  4.76  2.58  1.31  1.00  0.48  0.24  0.12  0.07  0.06  0.05  0.05  0.04
11 -30  0.03  0.09  0.14  0.28  0.56  0.84  1.38  2.66  3.78  4.53  6.15  8.19  8.96  8.84  7.55  6.66  4.50  2.09  0.89  0.67  0.28  0.15  0.09  0.06  0.06  0.05  0.05  0.04
11 -25  0.03  0.09  0.15  0.29  0.58  0.86  1.40  2.66  3.81  4.56  6.16  8.29  9.11  9.07  7.65  6.66  4.33  1.91  0.75  0.55  0.22  0.09  0.06  0.05  0.05  0.05  0.05  0.04
11 -20  0.03  0.09  0.15  0.29  0.58  0.86  1.40  2.69  3.83  4.60  6.20  8.40  9.26  9.28  7.74  6.64  4.17  1.69  0.61  0.44  0.16  0.06  0.05  0.05  0.05  0.05  0.05  0.04
11 -15  0.03  0.09  0.14  0.28  0.57  0.84  1.39  2.70  3.84  4.62  6.23  8.41  9.30  9.41  7.93  6.90  4.08  1.54  0.56  0.40  0.15  0.05  0.04  0.04  0.04  0.05  0.05  0.04
11 -10  0.03  0.08  0.14  0.28  0.56  0.83  1.38  2.74  3.88  4.68  6.33  8.44  9.42  9.66  8.18  7.16  3.97  1.39  0.49  0.36  0.14  0.04  0.04  0.04  0.04  0.04  0.04  0.04
11  -5  0.03  0.08  0.14  0.28  0.56  0.84  1.39  2.73  3.88  4.69  6.34  8.34  9.35  9.66  8.17  7.14  3.87  1.32  0.47  0.35  0.14  0.04  0.03  0.03  0.03  0.04  0.04  0.03
11   0  0.03  0.09  0.14  0.29  0.57  0.85  1.41  2.73  3.92  4.73  6.40  8.34  9.31  9.70  8.19  7.13  3.79  1.26  0.46  0.34  0.13  0.04  0.03  0.03  0.03  0.04  0.03  0.03
11   5  0.03  0.09  0.15  0.30  0.59  0.87  1.43  2.73  3.91  4.71  6.31  8.20  9.16  9.54  8.11  7.13  4.00  1.35  0.50  0.37  0.14  0.04  0.03  0.03  0.03  0.04  0.03  0.03
11  10  0.03  0.09  0.15  0.30  0.59  0.88  1.44  2.75  3.91  4.69  6.25  8.12  9.01  9.35  8.03  7.12  4.19  1.44  0.54  0.40  0.14  0.04  0.03  0.03  0.04  0.04  0.04  0.04
11  15  0.03  0.09  0.15  0.30  0.60  0.89  1.46  2.77  3.97  4.76  6.29  7.99  8.70  8.88  7.72  6.89  4.10  1.47  0.55  0.40  0.14  0.04  0.04  0.04  0.04  0.04  0.04  0.04
11  20  0.03  0.09  0.16  0.31  0.62  0.92  1.49  2.77  3.98  4.81  6.31  7.90  8.43  8.49  7.43  6.66  4.02  1.48  0.56  0.41  0.14  0.05  0.04  0.04  0.04  0.04  0.04  0.04
11  25  0.03  0.09  0.16  0.31  0.62  0.92  1.51  2.89  4.16  5.04  6.45  7.74  8.10  8.05  7.20  6.57  4.11  1.57  0.63  0.46  0.18  0.06  0.05  0.04  0.04  0.04  0.05  0.04
11  30  0.03  0.10  0.17  0.33  0.65  0.97  1.57  2.95  4.33  5.26  6.61  7.62  7.77  7.61  6.95  6.48  4.19  1.66  0.71  0.53  0.22  0.08  0.06  0.05  0.05  0.05  0.05  0.05
11  35  0.04  0.11  0.18  0.35  0.69  1.02  1.66  3.10  4.56  5.54  6.69  7.38  7.38  7.11  6.59  6.22  4.36  1.96  0.97  0.74  0.34  0.14  0.08  0.06  0.05  0.05  0.05  0.05
11  40  0.04  0.11  0.18  0.37  0.72  1.07  1.74  3.24  4.76  5.80  6.79  7.15  6.98  6.66  6.26  5.95  4.51  2.25  1.20  0.93  0.46  0.19  0.12  0.08  0.06  0.05  0.05  0.05
11  45  0.04  0.12  0.20  0.39  0.76  1.13  1.83  3.38  4.92  5.97  6.75  6.89  6.65  6.31  6.04  5.85  4.55  2.41  1.37  1.09  0.60  0.25  0.15  0.11  0.08  0.06  0.05  0.05
11  50  0.04  0.12  0.21  0.41  0.81  1.19  1.92  3.54  5.07  6.14  6.70  6.61  6.31  5.99  5.85  5.74  4.57  2.57  1.56  1.26  0.74  0.31  0.17  0.12  0.09  0.06  0.05  0.05
11  55  0.04  0.13  0.21  0.41  0.82  1.21  1.95  3.62  4.95  5.94  6.37  6.33  6.06  5.76  5.60  5.47  4.41  2.59  1.62  1.35  0.87  0.37  0.20  0.14  0.09  0.06  0.05  0.05
11  60  0.04  0.13  0.21  0.42  0.83  1.23  2.01  3.76  5.06  5.99  6.25  6.10  5.82  5.48  5.37  5.30  4.31  2.68  1.74  1.46  0.99  0.43  0.23  0.15  0.10  0.06  0.05  0.05
11  65  0.04  0.12  0.21  0.41  0.81  1.19  1.94  3.63  4.81  5.66  5.99  5.94  5.70  5.35  5.12  4.97  4.21  2.77  1.92  1.64  1.17  0.52  0.28  0.18  0.10  0.06  0.05  0.05
11  70  0.04  0.12  0.20  0.40  0.79  1.17  1.89  3.47  4.55  5.34  5.74  5.78  5.58  5.23  4.87  4.64  4.10  2.85  2.10  1.82  1.35  0.61  0.32  0.21  0.10  0.06  0.05  0.05
11  75  0.04  0.12  0.20  0.40  0.78  1.15  1.84  3.33  4.28  4.97  5.29  5.12  4.78  4.38  4.05  3.84  3.55  2.78  2.04  1.76  1.28  0.57  0.30  0.19  0.10  0.06  0.05  0.05
11  80  0.04  0.12  0.20  0.39  0.76  1.12  1.79  3.18  4.01  4.60  4.86  4.48  4.00  3.53  3.24  3.04  2.99  2.70  1.97  1.69  1.22  0.53  0.27  0.17  0.11  0.06  0.05  0.05
11  85  0.04  0.12  0.20  0.39  0.76  1.12  1.79  3.19  4.01  4.61  4.87  4.49  4.00  3.53  3.24  3.05  2.99  2.70  1.97  1.69  1.22  0.53  0.27  0.17  0.11  0.06  0.05  0.05
11  90  0.04  0.12  0.20  0.39  0.76  1.12  1.79  3.19  4.01  4.61  4.88  4.49  4.01  3.54  3.24  3.05  3.00  2.70  1.97  1.69  1.22  0.53  0.27  0.17  0.11  0.06  0.05  0.05
12 -90  0.02  0.07  0.11  0.22  0.44  0.65  1.05  1.94  2.82  3.43  4.72  5.88  6.04  5.66  5.50  5.37  4.70  3.21  1.87  1.50  0.88  0.43  0.31  0.19  0.09  0.05  0.03  0.02
12 -85  0.02  0.07  0.11  0.22  0.44  0.65  1.05  1.94  2.82  3.42  4.73  5.89  6.04  5.64  5.43  5.27  4.61  3.17  1.85  1.48  0.86  0.43  0.31  0.19  0.09  0.04  0.03  0.02
12 -80  0.02  0.07  0.11  0.22  0.44  0.65  1.05  1.95  2.82  3.42  4.72  5.89  6.04  5.63  5.42  5.26  4.60  3.17  1.86  1.49  0.87  0.43  0.31  0.19  0.09  0.04  0.03  0.02
12 -75  0.02  0.07  0.11  0.23  0.45  0.67  1.08  2.01  2.89  3.50  4.75  5.97  6.19  5.81  5.59  5.42  4.72  3.18  1.85  1.49  0.87  0.43  0.31  0.19  0.06  0.04  0.03  0.02
12 -70  0.02  0.07  0.12  0.23  0.46  0.69  1.11  2.08  2.96  3.57  4.78  6.06  6.35  5.99  5.76  5.59  4.83  3.18  1.85  1.49  0.87  0.43  0.31  0.18  0.06  0.04  0.03  0.03
12 -65  0.02  0.07  0.12  0.24  0.48  0.71  1.16  2.17  3.06  3.69  4.94  6.35  6.73  6.41  6.12  5.89  4.91  3.14  1.82  1.45  0.83  0.40  0.29  0.17  0.06  0.04  0.03  0.03
12 -60  0.03  0.08  0.13  0.25  0.50  0.74  1.20  2.25  3.17  3.82  5.11  6.63  7.10  6.84  6.48  6.21  4.99  3.10  1.78  1.40  0.78  0.38  0.26  0.15  0.07  0.04  0.03  0.03
12 -55  0.03  0.08  0.13  0.27  0.52  0.78  1.26  2.35  3.35  3.98  5.29  6.94  7.51  7.42  6.82  6.38  4.90  2.93  1.67  1.31  0.69  0.34  0.23  0.14  0.07  0.04  0.03  0.03
12 -50  0.03  0.08  0.14  0.27  0.53  0.79  1.28  2.41  3.39  4.02  5.40  7.26  7.98  7.89  7.10  6.53  4.78  2.73  1.49  1.16  0.59  0.30  0.19  0.11  0.07  0.05  0.04  0.03
12 -45  0.03  0.08  0.13  0.27  0.53  0.79  1.28  2.44  3.44  4.10  5.54  7.50  8.30  8.21  7.09  6.27  4.56  2.56  1.40  1.09  0.55  0.28  0.17  0.09  0.06  0.05  0.04  0.03
12 -40  0.03  0.08  0.13  0.27  0.53  0.79  1.30  2.52  3.50  4.16  5.64  7.71  8.61  8.58  7.09  6.05  4.35  2.38  1.29  1.00  0.50  0.25  0.12  0.07  0.06  0.05  0.04  0.04
12 -35  0.03  0.08  0.14  0.27  0.54  0.81  1.33  2.58  3.62  4.31  5.83  7.90  8.79  8.76  7.45  6.52  4.34  2.08  1.01  0.78  0.37  0.18  0.10  0.06  0.05  0.05  0.04  0.04
12 -30  0.03  0.08  0.14  0.28  0.55  0.82  1.36  2.64  3.72  4.43  5.98  8.05  8.95  8.98  7.81  7.00  4.33  1.79  0.73  0.55  0.23  0.13  0.08  0.06  0.05  0.05  0.05  0.04
12 -25  0.03  0.09  0.14  0.29  0.57  0.84  1.39  2.68  3.83  4.57  6.15  8.26  9.11  9.15  7.86  6.94  4.21  1.69  0.63  0.46  0.18  0.08  0.06  0.05  0.05  0.05  0.05  0.04
12 -20  0.03  0.09  0.14  0.28  0.56  0.84  1.40  2.74  3.93  4.72  6.34  8.47  9.28  9.30  7.89  6.88  4.10  1.55  0.53  0.38  0.13  0.06  0.04  0.04  0.04  0.05  0.04  0.04
12 -15  0.03  0.09  0.14  0.28  0.56  0.84  1.40  2.76  3.99  4.85  6.53  8.60  9.36  9.43  8.02  7.02  4.05  1.45  0.48  0.35  0.13  0.05  0.04  0.04  0.04  0.04  0.04  0.04
12 -10  0.03  0.08  0.14  0.28  0.56  0.84  1.40  2.81  4.11  5.01  6.77  8.76  9.55  9.65  8.20  7.16  3.97  1.34  0.44  0.32  0.13  0.04  0.03  0.03  0.03  0.04  0.04  0.03
12  -5  0.03  0.08  0.14  0.28  0.56  0.84  1.41  2.81  4.11  5.03  6.80  8.66  9.43  9.58  8.01  6.89  3.80  1.29  0.42  0.31  0.13  0.04  0.03  0.03  0.03  0.04  0.03  0.03
12   0  0.03  0.09  0.15  0.30  0.59  0.88  1.45  2.79  4.15  5.07  6.85  8.62  9.32  9.54  7.85  6.63  3.64  1.23  0.40  0.31  0.14  0.04  0.03  0.03  0.03  0.04  0.03  0.03
12   5  0.03  0.09  0.15  0.30  0.60  0.89  1.46  2.80  4.11  5.02  6.67  8.38  9.08  9.26  7.80  6.77  3.86  1.33  0.45  0.34  0.13  0.04  0.03  0.03  0.03  0.04  0.04  0.03
12  10  0.03  0.09  0.15  0.30  0.60  0.90  1.47  2.81  4.08  4.96  6.55  8.18  8.83  8.97  7.74  6.89  4.07  1.43  0.50  0.36  0.13  0.04  0.04  0.04  0.04  0.04  0.04  0.04
12  15  0.03  0.09  0.15  0.31  0.61  0.90  1.47  2.81  4.09  4.95  6.48  7.97  8.48  8.49  7.40  6.62  3.99  1.50  0.52  0.38  0.13  0.04  0.04  0.04  0.04  0.04  0.04  0.04
12  20  0.03  0.10  0.16  0.31  0.62  0.92  1.49  2.80  4.06  4.92  6.39  7.78  8.14  8.07  7.07  6.35  3.89  1.56  0.55  0.40  0.13  0.05  0.04  0.04  0.04  0.04  0.05  0.04
12  25  0.03  0.09  0.16  0.31  0.62  0.92  1.50  2.88  4.15  5.03  6.39  7.53  7.77  7.63  6.92  6.40  4.11  1.70  0.67  0.49  0.20  0.06  0.05  0.05  0.04  0.05  0.05  0.04
12  30  0.03  0.10  0.16  0.33  0.65  0.96  1.55  2.91  4.23  5.12  6.39  7.32  7.39  7.16  6.74  6.44  4.31  1.85  0.81  0.60  0.26  0.09  0.06  0.05  0.05  0.05  0.05  0.05
12  35  0.04  0.10  0.17  0.35  0.68  1.01  1.64  3.06  4.41  5.31  6.38  7.06  7.05  6.75  6.52  6.37  4.62  2.17  1.09  0.84  0.43  0.19  0.10  0.07  0.06  0.05  0.05  0.05
12  40  0.04  0.11  0.18  0.37  0.72  1.06  1.72  3.19  4.57  5.50  6.40  6.81  6.69  6.40  6.35  6.29  4.90  2.49  1.35  1.08  0.61  0.27  0.15  0.10  0.07  0.05  0.05  0.05
12  45  0.04  0.12  0.19  0.38  0.76  1.12  1.81  3.35  4.70  5.61  6.29  6.54  6.40  6.16  6.10  6.06  4.84  2.75  1.56  1.26  0.74  0.33  0.18  0.12  0.08  0.06  0.05  0.05
12  50  0.04  0.12  0.20  0.41  0.80  1.18  1.91  3.51  4.81  5.72  6.19  6.27  6.14  5.98  5.90  5.83  4.75  3.00  1.78  1.46  0.89  0.40  0.22  0.14  0.09  0.06  0.05  0.05
12  55  0.04  0.12  0.21  0.41  0.80  1.18  1.91  3.51  4.60  5.41  5.87  6.10  6.02  5.88  5.67  5.52  4.52  2.98  1.88  1.57  1.04  0.48  0.25  0.16  0.09  0.06  0.05  0.05
12  60  0.04  0.12  0.20  0.41  0.80  1.19  1.92  3.57  4.61  5.36  5.77  5.99  5.92  5.73  5.47  5.30  4.36  3.02  2.03  1.72  1.18  0.56  0.29  0.17  0.09  0.06  0.05  0.05
12  65  0.04  0.13  0.21  0.42  0.82  1.21  1.93  3.48  4.53  5.29  5.74  5.95  5.83  5.57  5.23  4.99  4.24  2.98  2.09  1.78  1.25  0.59  0.28  0.17  0.10  0.06  0.05  0.05
12  70  0.04  0.13  0.22  0.43  0.83  1.22  1.93  3.39  4.46  5.22  5.71  5.90  5.74  5.41  4.98  4.69  4.12  2.93  2.14  1.84  1.32  0.62  0.28  0.17  0.10  0.06  0.05  0.05
12  75  0.04  0.12  0.21  0.41  0.79  1.16  1.82  3.09  4.20  4.97  5.51  5.53  5.27  4.89  4.51  4.25  3.90  2.96  2.16  1.85  1.33  0.62  0.31  0.19  0.11  0.06  0.05  0.05
12  80  0.04  0.12  0.20  0.39  0.75  1.10  1.70  2.80  3.95  4.74  5.31  5.16  4.81  4.38  4.04  3.81  3.68  2.98  2.17  1.86  1.34  0.62  0.33  0.20  0.11  0.06  0.05  0.05
12  85  0.04  0.12  0.20  0.39  0.76  1.10  1.71  2.81  3.96  4.76  5.32  5.17  4.82  4.38  4.05  3.82  3.68  2.98  2.17  1.86  1.34  0.62  0.33  0.20  0.12  0.06  0.05  0.05
12  90  0.04  0.12  0.20  0.39  0.76  1.11  1.73  2.86  4.05  4.86  5.41  5.21  4.84  4.40  4.07  3.84  3.69  2.99  2.17  1.85  1.34  0.63  0.33  0.20  0.12  0.06  0.05  0.05
