     3    64     3
        .000  1.00000000        .000
        .000   .99467117        .000
        .230   .98862660        .653
       2.296   .98174226       6.520
       8.606   .97386760      24.436
      22.285   .96482760      63.272
      46.760   .95443410     132.763
      85.606   .94249105     243.058
     142.489   .92879730     404.564
     221.088   .91315103     627.726
     324.996   .89535499     922.747
     457.595   .87522358    1299.231
     621.916   .85259068    1765.779
     820.460   .82731885    2329.498
    1055.021   .79930973    2995.478
    1326.487   .76851469    3766.240
    1634.646   .73494524    4641.182
    1978.012   .69868290    5616.087
    2353.682   .65988702    6682.713
    2757.247   .61879963    7828.538
    3182.763   .57574666    9036.688
    3622.820   .53113484   10286.124
    4068.685   .48544332   11552.050
    4510.539   .43921080   12806.589
    4937.796   .39301825   14019.682
    5339.468   .34746850   15160.133
    5704.574   .30316412   16196.763
    6022.537   .26068544   17099.541
    6283.557   .22057019   17840.645
    6478.926   .18329623   18395.350
    6601.258   .14926878   18742.680
    6644.642   .11881219   18865.857
    6604.695   .09216691   18752.438
    6479.187   .06947458   18396.088
    6273.396   .05064684   17811.795
    5997.230   .03544162   17027.688
    5661.727   .02355588   16075.106
    5278.826   .01463712   14987.954
    4861.175   .00829402   13802.133
    4421.941   .00410671   12555.035
    3974.646   .00163591   11285.048
    3533.015   .00043106   10031.144
    3110.860   .00003697    8832.537
    2721.950   .00000000    7728.320
    2374.820   .00000000    6742.729
    2066.858   .00000000    5868.346
    1794.197   .00000000    5094.190
    1553.221   .00000000    4409.996
    1340.584   .00000000    3806.265
    1153.215   .00000000    3274.277
     988.315   .00000000    2806.083
     843.346   .00000000    2394.479
     716.020   .00000000    2032.967
     604.284   .00000000    1715.720
     506.301   .00000000    1437.519
     420.432   .00000000    1193.715
     345.223   .00000000     980.178
     279.383   .00000000     793.240
     221.770   .00000000     629.661
     171.374   .00000000     486.574
     127.306   .00000000     361.456
      88.783   .00000000     252.078
      55.116   .00000000     156.489
      25.699   .00000000      72.966
        .000   .00000000        .000
