     0.010
     0.030
     0.050
     0.100
     0.200
     0.300
     0.500
     1.000
     1.500
     2.000
     3.000
     5.000
     7.000
    10.000
    15.000
    20.000
    30.000
    50.000
    70.000
    80.000
   100.000
   150.000
   200.000
   250.000
   300.000
   400.000
   500.000
   600.000
 1 -90  0.02  0.07  0.11  0.22  0.45  0.68  1.14  2.32  3.35  4.15  5.84  6.77  6.46  5.52  4.63  4.01  3.40  2.81  2.25  1.92  1.29  0.66  0.34  0.19  0.08  0.06  0.03  0.02
 1 -85  0.02  0.07  0.11  0.22  0.45  0.68  1.14  2.32  3.35  4.15  5.84  6.77  6.46  5.52  4.63  4.01  3.40  2.81  2.25  1.92  1.29  0.66  0.34  0.19  0.08  0.06  0.03  0.02
 1 -80  0.02  0.07  0.11  0.22  0.45  0.68  1.14  2.32  3.35  4.15  5.84  6.77  6.46  5.52  4.63  4.01  3.40  2.81  2.25  1.92  1.29  0.66  0.34  0.19  0.08  0.05  0.03  0.02
 1 -75  0.02  0.07  0.12  0.23  0.46  0.70  1.17  2.39  3.44  4.24  5.85  6.89  6.70  5.80  4.97  4.39  3.70  2.88  2.23  1.90  1.27  0.66  0.35  0.18  0.08  0.05  0.03  0.02
 1 -70  0.02  0.07  0.12  0.24  0.48  0.72  1.21  2.45  3.52  4.32  5.87  7.01  6.93  6.08  5.31  4.77  4.02  2.96  2.20  1.86  1.23  0.64  0.35  0.19  0.08  0.05  0.03  0.02
 1 -65  0.02  0.07  0.12  0.25  0.50  0.75  1.25  2.54  3.64  4.46  6.04  7.33  7.40  6.64  5.92  5.41  4.30  2.96  2.05  1.73  1.11  0.56  0.33  0.19  0.11  0.05  0.03  0.03
 1 -60  0.03  0.08  0.13  0.26  0.51  0.77  1.30  2.64  3.78  4.61  6.23  7.65  7.86  7.20  6.53  6.05  4.57  2.97  1.90  1.59  1.00  0.49  0.32  0.19  0.12  0.05  0.03  0.03
 1 -55  0.03  0.08  0.14  0.27  0.55  0.82  1.38  2.82  4.00  4.88  6.49  7.96  8.27  7.80  6.97  6.35  4.49  2.76  1.61  1.34  0.79  0.37  0.26  0.18  0.11  0.05  0.03  0.03
 1 -50  0.03  0.08  0.14  0.28  0.56  0.84  1.41  2.87  4.08  5.01  6.66  8.26  8.70  8.30  7.33  6.63  4.45  2.56  1.31  1.07  0.57  0.25  0.19  0.17  0.09  0.05  0.03  0.03
 1 -45  0.03  0.08  0.14  0.27  0.55  0.83  1.39  2.81  4.01  4.91  6.68  8.57  9.09  8.73  7.44  6.63  4.54  2.59  1.31  1.03  0.53  0.19  0.15  0.11  0.07  0.04  0.03  0.03
 1 -40  0.03  0.08  0.14  0.27  0.55  0.82  1.38  2.77  4.08  5.04  6.92  8.88  9.45  9.00  7.64  6.65  4.52  2.60  1.34  1.06  0.53  0.18  0.13  0.07  0.05  0.04  0.03  0.03
 1 -35  0.03  0.08  0.14  0.28  0.56  0.84  1.41  2.83  3.93  4.84  6.78  8.87  9.46  9.25  7.75  6.80  4.46  2.35  1.08  0.82  0.38  0.15  0.09  0.05  0.04  0.04  0.03  0.03
 1 -30  0.03  0.08  0.14  0.28  0.56  0.85  1.42  2.85  4.05  4.95  6.90  9.04  9.64  9.30  7.90  6.97  4.40  2.07  0.83  0.59  0.24  0.10  0.06  0.04  0.04  0.04  0.03  0.03
 1 -25  0.03  0.09  0.14  0.29  0.57  0.86  1.44  2.90  4.14  5.17  7.20  9.27  9.76  9.37  7.87  6.91  4.30  1.87  0.73  0.51  0.19  0.06  0.04  0.04  0.03  0.04  0.03  0.03
 1 -20  0.03  0.08  0.14  0.28  0.56  0.83  1.39  2.79  4.20  5.27  7.25  9.49 10.15  9.65  7.99  6.88  4.26  1.68  0.61  0.42  0.13  0.05  0.03  0.03  0.03  0.03  0.03  0.03
 1 -15  0.03  0.08  0.14  0.28  0.55  0.83  1.38  2.77  4.24  5.20  7.13  9.59 10.43  9.85  8.04  6.90  4.12  1.64  0.55  0.36  0.13  0.04  0.03  0.03  0.03  0.03  0.03  0.03
 1 -10  0.03  0.08  0.14  0.27  0.54  0.81  1.36  2.70  4.08  5.21  7.17  9.39 10.12  9.87  8.05  6.96  4.02  1.57  0.48  0.32  0.08  0.03  0.02  0.02  0.02  0.03  0.03  0.02
 1  -5  0.03  0.08  0.14  0.27  0.54  0.81  1.36  2.70  4.22  5.38  7.62  9.33  9.95  9.70  7.90  6.77  3.91  1.51  0.45  0.30  0.07  0.03  0.02  0.02  0.02  0.02  0.02  0.02
 1   0  0.03  0.09  0.15  0.30  0.59  0.89  1.49  3.01  4.48  5.65  7.74  9.59 10.15  9.71  7.81  6.62  3.69  1.37  0.41  0.28  0.06  0.03  0.02  0.02  0.02  0.02  0.03  0.02
 1   5  0.03  0.09  0.15  0.30  0.59  0.89  1.49  3.00  4.62  5.73  7.88  9.34  9.59  9.49  7.80  6.58  3.88  1.48  0.47  0.31  0.05  0.03  0.02  0.02  0.02  0.03  0.03  0.03
 1  10  0.03  0.09  0.15  0.30  0.60  0.90  1.50  3.03  4.57  5.79  7.54  8.80  9.01  9.03  7.73  6.63  4.05  1.64  0.54  0.36  0.06  0.03  0.02  0.02  0.02  0.03  0.03  0.03
 1  15  0.03  0.09  0.15  0.30  0.60  0.91  1.52  3.06  4.72  5.94  7.39  8.47  8.66  8.67  7.30  6.38  3.97  1.63  0.58  0.40  0.07  0.03  0.03  0.03  0.03  0.03  0.03  0.03
 1  20  0.03  0.09  0.16  0.31  0.63  0.94  1.58  3.20  4.89  6.24  7.53  8.29  8.54  8.38  6.93  6.13  4.04  1.70  0.59  0.43  0.16  0.04  0.03  0.03  0.03  0.03  0.03  0.03
 1  25  0.03  0.09  0.16  0.31  0.62  0.94  1.57  3.17  5.02  6.20  7.51  8.21  8.28  7.79  6.72  6.30  4.34  2.07  0.79  0.60  0.26  0.05  0.04  0.03  0.03  0.03  0.03  0.03
 1  30  0.03  0.10  0.17  0.33  0.66  1.00  1.67  3.39  5.09  6.39  7.50  8.01  8.07  7.45  6.78  6.49  4.71  2.30  0.92  0.71  0.32  0.09  0.06  0.05  0.04  0.03  0.03  0.03
 1  35  0.03  0.10  0.17  0.35  0.70  1.05  1.76  3.57  5.37  6.62  7.69  7.90  7.73  7.28  6.78  6.43  5.04  2.60  1.22  0.95  0.49  0.24  0.15  0.07  0.05  0.04  0.03  0.03
 1  40  0.04  0.11  0.18  0.36  0.73  1.10  1.85  3.76  5.46  6.71  7.72  7.82  7.41  6.84  6.50  6.34  5.39  2.98  1.64  1.24  0.68  0.35  0.22  0.11  0.07  0.04  0.04  0.03
 1  45  0.04  0.11  0.19  0.37  0.75  1.13  1.89  3.84  5.42  6.62  7.53  7.39  6.91  6.60  6.42  6.25  5.51  3.36  1.88  1.53  0.95  0.50  0.31  0.20  0.08  0.04  0.04  0.04
 1  50  0.04  0.11  0.19  0.38  0.76  1.15  1.92  3.90  5.66  6.76  7.34  7.10  6.45  6.04  6.20  6.23  5.66  3.69  2.15  1.78  1.16  0.61  0.35  0.24  0.09  0.05  0.04  0.04
 1  55  0.04  0.12  0.19  0.38  0.77  1.16  1.95  3.95  5.59  6.42  6.88  6.60  6.13  5.88  5.94  5.94  5.40  3.72  2.33  1.94  1.34  0.68  0.39  0.26  0.09  0.05  0.04  0.04
 1  60  0.04  0.12  0.20  0.39  0.79  1.18  1.98  4.02  5.58  6.33  6.71  6.31  5.93  5.79  5.71  5.65  5.10  3.70  2.53  2.14  1.53  0.75  0.44  0.27  0.09  0.05  0.04  0.04
 1  65  0.04  0.12  0.19  0.39  0.77  1.16  1.95  3.97  5.60  6.31  6.73  6.31  6.05  5.98  5.78  5.63  4.92  3.65  2.54  2.15  1.55  0.74  0.41  0.25  0.10  0.05  0.04  0.04
 1  70  0.04  0.11  0.19  0.38  0.76  1.15  1.92  3.92  5.61  6.29  6.75  6.36  6.18  6.18  5.85  5.60  4.78  3.61  2.55  2.17  1.57  0.74  0.39  0.23  0.10  0.05  0.04  0.04
 1  75  0.04  0.11  0.18  0.36  0.73  1.10  1.84  3.76  5.43  6.03  6.47  5.96  5.71  5.67  5.32  5.04  4.56  3.52  2.64  2.32  1.76  0.78  0.40  0.23  0.10  0.05  0.04  0.04
 1  80  0.04  0.11  0.18  0.35  0.71  1.07  1.80  3.69  5.20  5.76  6.16  5.56  5.24  5.13  4.79  4.50  4.33  3.43  2.73  2.44  1.94  0.82  0.41  0.24  0.11  0.05  0.04  0.04
 1  85  0.04  0.11  0.18  0.35  0.71  1.07  1.80  3.69  5.20  5.76  6.16  5.56  5.25  5.13  4.79  4.50  4.33  3.43  2.73  2.44  1.94  0.82  0.41  0.24  0.11  0.05  0.04  0.04
 1  90  0.04  0.11  0.18  0.35  0.71  1.07  1.80  3.69  5.20  5.76  6.16  5.56  5.25  5.13  4.79  4.50  4.33  3.43  2.73  2.44  1.94  0.82  0.41  0.24  0.11  0.05  0.04  0.04
 2 -90  0.03  0.08  0.14  0.28  0.55  0.83  1.40  2.84  4.15  5.10  6.37  6.38  5.73  4.78  4.29  3.81  2.73  2.60  2.32  1.99  1.41  0.67  0.36  0.21  0.13  0.06  0.03  0.02
 2 -85  0.03  0.08  0.14  0.28  0.55  0.83  1.40  2.84  4.15  5.10  6.37  6.38  5.73  4.78  4.29  3.81  2.73  2.60  2.32  1.99  1.41  0.67  0.36  0.21  0.13  0.06  0.03  0.02
 2 -80  0.03  0.08  0.14  0.28  0.55  0.83  1.40  2.84  4.15  5.10  6.37  6.38  5.73  4.78  4.29  3.81  2.73  2.60  2.32  1.99  1.41  0.67  0.36  0.21  0.13  0.05  0.03  0.02
 2 -75  0.03  0.08  0.14  0.27  0.55  0.83  1.39  2.83  4.14  5.10  6.44  6.72  6.20  5.27  4.69  4.16  2.94  2.60  2.32  1.98  1.38  0.66  0.37  0.20  0.12  0.05  0.03  0.02
 2 -70  0.03  0.08  0.14  0.27  0.55  0.82  1.38  2.81  4.13  5.08  6.51  7.06  6.67  5.76  5.10  4.53  3.23  2.61  2.28  1.95  1.33  0.63  0.37  0.20  0.11  0.05  0.03  0.03
 2 -65  0.03  0.08  0.14  0.28  0.56  0.84  1.40  2.86  4.19  5.16  6.66  7.46  7.23  6.37  5.61  5.00  3.68  2.65  2.11  1.79  1.19  0.56  0.35  0.20  0.12  0.05  0.03  0.03
 2 -60  0.03  0.08  0.14  0.28  0.57  0.85  1.43  2.92  4.27  5.26  6.82  7.86  7.79  6.98  6.12  5.46  4.13  2.69  1.94  1.63  1.06  0.48  0.32  0.20  0.12  0.05  0.03  0.03
 2 -55  0.03  0.09  0.15  0.30  0.60  0.90  1.51  3.08  4.46  5.48  7.02  8.14  8.20  7.59  6.69  5.99  4.27  2.57  1.58  1.32  0.80  0.36  0.25  0.18  0.11  0.05  0.03  0.03
 2 -50  0.03  0.09  0.15  0.30  0.61  0.92  1.54  3.14  4.53  5.59  7.18  8.41  8.64  8.14  7.22  6.52  4.40  2.45  1.26  1.02  0.55  0.24  0.18  0.14  0.09  0.05  0.03  0.03
 2 -45  0.03  0.09  0.15  0.30  0.60  0.90  1.51  3.07  4.40  5.43  7.12  8.70  9.04  8.58  7.40  6.57  4.47  2.42  1.26  0.98  0.48  0.18  0.16  0.09  0.06  0.04  0.03  0.03
 2 -40  0.03  0.09  0.15  0.30  0.60  0.90  1.50  3.04  4.44  5.49  7.28  9.01  9.46  9.00  7.65  6.63  4.47  2.37  1.27  0.97  0.44  0.16  0.11  0.06  0.05  0.04  0.03  0.03
 2 -35  0.03  0.09  0.15  0.30  0.60  0.90  1.50  3.03  4.22  5.21  7.07  8.97  9.49  9.25  7.73  6.69  4.36  2.19  1.03  0.77  0.33  0.13  0.07  0.05  0.04  0.03  0.03  0.03
 2 -30  0.03  0.09  0.15  0.30  0.60  0.89  1.50  3.02  4.28  5.25  7.11  9.09  9.65  9.36  7.86  6.81  4.26  1.97  0.81  0.58  0.22  0.08  0.05  0.04  0.04  0.03  0.03  0.03
 2 -25  0.03  0.09  0.15  0.29  0.59  0.88  1.48  2.98  4.23  5.27  7.25  9.32  9.87  9.56  7.91  6.81  4.15  1.84  0.70  0.49  0.18  0.06  0.04  0.03  0.03  0.03  0.03  0.03
 2 -20  0.03  0.08  0.14  0.28  0.56  0.84  1.41  2.82  4.23  5.33  7.22  9.46 10.28  9.95  8.10  6.84  4.11  1.68  0.57  0.39  0.12  0.04  0.03  0.03  0.03  0.03  0.03  0.03
 2 -15  0.03  0.08  0.14  0.28  0.55  0.83  1.38  2.78  4.19  5.09  6.99  9.59 10.56 10.11  8.12  6.88  4.04  1.60  0.53  0.35  0.12  0.03  0.03  0.02  0.03  0.03  0.03  0.03
 2 -10  0.03  0.08  0.13  0.27  0.54  0.81  1.35  2.69  3.97  5.01  6.91  9.35 10.36 10.24  8.15  6.95  4.01  1.48  0.48  0.32  0.08  0.03  0.02  0.02  0.02  0.03  0.03  0.02
 2  -5  0.03  0.08  0.13  0.27  0.53  0.80  1.34  2.68  4.08  5.15  7.31  9.26 10.25 10.14  7.83  6.50  3.84  1.45  0.47  0.32  0.07  0.03  0.02  0.02  0.02  0.02  0.02  0.02
 2   0  0.03  0.09  0.15  0.29  0.59  0.88  1.48  3.00  4.35  5.49  7.58  9.76 10.74 10.35  7.61  6.03  3.57  1.31  0.45  0.31  0.06  0.03  0.02  0.02  0.02  0.02  0.03  0.02
 2   5  0.03  0.09  0.14  0.29  0.58  0.87  1.46  2.95  4.47  5.52  7.68  9.42 10.08 10.06  7.71  6.27  3.76  1.44  0.51  0.34  0.05  0.03  0.02  0.02  0.02  0.03  0.03  0.03
 2  10  0.03  0.09  0.14  0.29  0.58  0.87  1.45  2.93  4.34  5.44  7.32  8.88  9.37  9.42  7.79  6.61  3.96  1.62  0.59  0.40  0.06  0.03  0.02  0.02  0.02  0.03  0.03  0.03
 2  15  0.03  0.09  0.15  0.29  0.58  0.87  1.46  2.95  4.55  5.64  7.29  8.57  8.90  8.96  7.50  6.56  4.03  1.69  0.66  0.46  0.07  0.03  0.03  0.03  0.03  0.03  0.03  0.03
 2  20  0.03  0.09  0.15  0.30  0.61  0.91  1.53  3.10  4.67  5.91  7.42  8.47  8.84  8.72  7.33  6.57  4.28  1.82  0.70  0.51  0.09  0.04  0.03  0.03  0.03  0.03  0.03  0.03
 2  25  0.03  0.09  0.15  0.31  0.61  0.92  1.54  3.11  4.86  5.95  7.39  8.35  8.51  8.09  6.98  6.48  4.51  2.15  0.88  0.66  0.26  0.06  0.04  0.04  0.04  0.03  0.03  0.03
 2  30  0.03  0.10  0.16  0.32  0.65  0.98  1.64  3.32  4.98  6.26  7.52  8.18  8.31  7.77  6.90  6.45  4.82  2.32  1.00  0.75  0.31  0.18  0.07  0.05  0.04  0.04  0.03  0.03
 2  35  0.03  0.10  0.17  0.34  0.68  1.03  1.72  3.50  5.31  6.55  7.83  8.14  8.04  7.58  6.92  6.46  5.09  2.73  1.29  0.99  0.47  0.30  0.21  0.09  0.06  0.04  0.04  0.03
 2  40  0.04  0.11  0.18  0.36  0.72  1.08  1.82  3.70  5.41  6.68  7.88  8.13  7.79  7.15  6.65  6.39  5.36  3.19  1.69  1.26  0.66  0.42  0.29  0.13  0.08  0.04  0.04  0.04
 2  45  0.04  0.11  0.18  0.37  0.73  1.11  1.85  3.77  5.45  6.74  7.90  7.88  7.38  6.99  6.61  6.29  5.53  3.56  1.95  1.58  0.96  0.55  0.37  0.23  0.09  0.05  0.04  0.04
 2  50  0.04  0.11  0.19  0.37  0.75  1.12  1.88  3.81  5.69  7.00  7.79  7.62  6.94  6.45  6.38  6.22  5.70  3.86  2.27  1.87  1.19  0.65  0.40  0.28  0.10  0.05  0.04  0.04
 2  55  0.04  0.12  0.19  0.39  0.77  1.16  1.95  3.95  5.75  6.87  7.49  7.27  6.68  6.30  6.20  6.10  5.66  3.96  2.44  2.03  1.38  0.70  0.44  0.30  0.11  0.05  0.04  0.04
 2  60  0.04  0.12  0.20  0.40  0.81  1.22  2.04  4.13  5.88  6.95  7.42  7.02  6.47  6.16  6.05  5.97  5.61  4.05  2.65  2.23  1.57  0.77  0.48  0.31  0.11  0.05  0.04  0.04
 2  65  0.04  0.12  0.20  0.40  0.81  1.22  2.04  4.15  5.81  6.77  7.22  6.85  6.43  6.21  6.01  5.86  5.41  3.91  2.76  2.35  1.71  0.83  0.48  0.30  0.11  0.05  0.04  0.04
 2  70  0.04  0.12  0.20  0.40  0.81  1.22  2.04  4.15  5.77  6.62  7.03  6.67  6.38  6.28  5.97  5.74  5.25  3.79  2.86  2.48  1.85  0.90  0.47  0.29  0.12  0.05  0.04  0.04
 2  75  0.04  0.12  0.20  0.40  0.80  1.21  2.03  4.14  5.65  6.34  6.96  6.77  6.65  6.60  6.16  5.84  5.31  3.74  2.91  2.54  1.89  0.94  0.49  0.29  0.12  0.06  0.04  0.04
 2  80  0.04  0.12  0.20  0.40  0.80  1.20  2.02  4.12  5.52  6.05  6.88  6.92  6.93  6.92  6.35  5.94  5.35  3.67  2.94  2.57  1.93  0.97  0.51  0.29  0.12  0.06  0.04  0.04
 2  85  0.04  0.12  0.20  0.40  0.80  1.20  2.02  4.12  5.52  6.06  6.88  6.92  6.93  6.92  6.35  5.94  5.35  3.67  2.94  2.57  1.93  0.97  0.51  0.29  0.12  0.06  0.04  0.04
 2  90  0.04  0.12  0.20  0.40  0.80  1.20  2.02  4.12  5.52  6.06  6.88  6.92  6.93  6.92  6.35  5.94  5.35  3.67  2.94  2.57  1.93  0.97  0.51  0.29  0.13  0.06  0.04  0.04
 3 -90  0.04  0.12  0.20  0.40  0.81  1.22  2.05  4.18  5.60  6.45  6.52  5.91  5.20  4.51  3.87  3.14  2.55  2.60  2.45  2.12  1.51  0.59  0.33  0.19  0.11  0.05  0.03  0.02
 3 -85  0.04  0.12  0.20  0.40  0.81  1.22  2.05  4.19  5.60  6.45  6.52  5.91  5.20  4.51  3.87  3.14  2.55  2.60  2.45  2.12  1.51  0.59  0.33  0.19  0.11  0.05  0.03  0.02
 3 -80  0.04  0.12  0.20  0.40  0.81  1.22  2.05  4.19  5.60  6.45  6.52  5.91  5.20  4.51  3.87  3.14  2.55  2.60  2.45  2.12  1.51  0.59  0.33  0.19  0.11  0.05  0.03  0.03
 3 -75  0.04  0.11  0.19  0.38  0.77  1.16  1.95  3.99  5.53  6.51  6.92  6.43  5.69  4.91  4.20  3.44  2.67  2.58  2.42  2.08  1.47  0.59  0.33  0.19  0.11  0.05  0.03  0.03
 3 -70  0.04  0.11  0.18  0.36  0.73  1.10  1.86  3.79  5.45  6.56  7.31  6.96  6.19  5.32  4.53  3.78  2.87  2.56  2.34  2.01  1.40  0.57  0.32  0.18  0.11  0.05  0.03  0.03
 3 -65  0.04  0.11  0.18  0.35  0.71  1.07  1.80  3.67  5.36  6.51  7.48  7.42  6.76  5.88  5.14  4.50  3.32  2.59  2.12  1.82  1.24  0.51  0.30  0.18  0.12  0.05  0.03  0.03
 3 -60  0.03  0.10  0.17  0.34  0.69  1.04  1.75  3.56  5.28  6.48  7.66  7.88  7.34  6.45  5.75  5.19  3.74  2.64  1.91  1.63  1.09  0.45  0.29  0.18  0.11  0.05  0.03  0.03
 3 -55  0.03  0.10  0.17  0.35  0.70  1.05  1.76  3.59  5.33  6.52  7.77  8.18  7.79  7.04  6.32  5.79  4.20  2.61  1.60  1.35  0.85  0.34  0.23  0.17  0.10  0.05  0.03  0.03
 3 -50  0.03  0.10  0.17  0.34  0.69  1.04  1.75  3.57  5.31  6.53  7.89  8.48  8.29  7.60  6.91  6.40  4.60  2.56  1.32  1.08  0.62  0.24  0.17  0.12  0.07  0.04  0.03  0.03
 3 -45  0.03  0.10  0.17  0.33  0.67  1.00  1.69  3.43  5.06  6.27  7.78  8.79  8.78  8.15  7.08  6.27  4.49  2.49  1.28  1.01  0.52  0.17  0.14  0.08  0.05  0.04  0.03  0.03
 3 -40  0.03  0.10  0.16  0.33  0.65  0.99  1.65  3.36  4.95  6.17  7.81  9.10  9.29  8.73  7.24  6.10  4.33  2.41  1.21  0.93  0.45  0.14  0.10  0.06  0.04  0.03  0.03  0.03
 3 -35  0.03  0.10  0.16  0.32  0.64  0.96  1.61  3.26  4.68  5.79  7.55  9.07  9.40  9.06  7.65  6.62  4.33  2.23  0.98  0.73  0.32  0.13  0.07  0.04  0.04  0.03  0.03  0.03
 3 -30  0.03  0.09  0.16  0.31  0.63  0.94  1.58  3.20  4.63  5.72  7.48  9.16  9.60  9.32  8.11  7.21  4.37  2.03  0.77  0.55  0.19  0.08  0.05  0.04  0.03  0.03  0.03  0.03
 3 -25  0.03  0.09  0.15  0.31  0.61  0.92  1.54  3.11  4.46  5.55  7.42  9.32  9.88  9.64  8.20  7.24  4.24  1.83  0.63  0.44  0.15  0.05  0.03  0.03  0.03  0.03  0.03  0.03
 3 -20  0.03  0.09  0.15  0.29  0.58  0.88  1.46  2.94  4.42  5.58  7.32  9.34 10.23 10.14  8.43  7.27  4.16  1.55  0.48  0.32  0.09  0.04  0.03  0.02  0.03  0.03  0.03  0.03
 3 -15  0.03  0.09  0.14  0.29  0.57  0.86  1.44  2.89  4.28  5.17  6.94  9.39 10.43 10.28  8.32  7.07  4.09  1.53  0.47  0.31  0.10  0.03  0.02  0.02  0.02  0.03  0.03  0.02
 3 -10  0.03  0.08  0.14  0.28  0.56  0.84  1.40  2.82  4.01  4.98  6.67  9.04 10.28 10.48  8.23  6.91  4.08  1.49  0.47  0.31  0.12  0.03  0.02  0.02  0.02  0.02  0.02  0.02
 3  -5  0.03  0.08  0.14  0.28  0.55  0.83  1.38  2.79  4.03  5.00  6.93  8.89 10.15 10.42  8.06  6.74  3.98  1.47  0.47  0.32  0.06  0.03  0.02  0.02  0.02  0.02  0.02  0.02
 3   0  0.03  0.09  0.15  0.30  0.59  0.89  1.49  3.04  4.21  5.27  7.18  9.41 10.72 10.75  8.03  6.50  3.77  1.34  0.45  0.31  0.13  0.03  0.02  0.02  0.02  0.02  0.02  0.02
 3   5  0.03  0.09  0.15  0.29  0.58  0.88  1.47  2.97  4.35  5.26  7.25  9.12 10.16 10.47  7.99  6.62  3.92  1.44  0.50  0.33  0.06  0.03  0.02  0.02  0.02  0.03  0.03  0.02
 3  10  0.03  0.09  0.14  0.29  0.58  0.86  1.45  2.92  4.16  5.07  6.94  8.67  9.50  9.72  7.98  6.86  4.10  1.60  0.58  0.39  0.06  0.03  0.02  0.02  0.02  0.03  0.03  0.03
 3  15  0.03  0.09  0.14  0.29  0.58  0.87  1.45  2.93  4.41  5.34  7.10  8.51  9.02  9.19  7.58  6.57  4.09  1.68  0.64  0.45  0.07  0.03  0.03  0.03  0.03  0.03  0.03  0.03
 3  20  0.03  0.09  0.15  0.30  0.61  0.91  1.53  3.08  4.53  5.63  7.24  8.57  9.05  8.97  7.33  6.37  4.26  1.77  0.67  0.49  0.19  0.04  0.03  0.03  0.03  0.03  0.04  0.03
 3  25  0.03  0.09  0.15  0.31  0.61  0.92  1.54  3.12  4.70  5.74  7.26  8.45  8.72  8.42  7.11  6.38  4.46  2.20  0.89  0.68  0.31  0.06  0.05  0.04  0.04  0.04  0.04  0.03
 3  30  0.03  0.10  0.16  0.32  0.64  0.96  1.60  3.25  4.84  6.05  7.49  8.36  8.57  8.20  7.12  6.48  4.75  2.47  1.07  0.82  0.39  0.20  0.09  0.06  0.05  0.04  0.04  0.03
 3  35  0.03  0.10  0.16  0.33  0.66  0.99  1.66  3.38  5.14  6.35  7.90  8.47  8.50  8.05  7.16  6.54  4.87  2.82  1.36  1.07  0.57  0.31  0.22  0.09  0.06  0.04  0.04  0.04
 3  40  0.03  0.10  0.17  0.34  0.69  1.03  1.74  3.53  5.19  6.44  7.95  8.60  8.44  7.74  6.95  6.50  4.98  3.17  1.73  1.33  0.77  0.42  0.30  0.14  0.08  0.05  0.04  0.04
 3  45  0.03  0.10  0.17  0.34  0.69  1.04  1.74  3.53  5.29  6.62  8.21  8.53  8.09  7.58  6.88  6.35  5.27  3.51  1.92  1.58  1.00  0.55  0.39  0.24  0.10  0.05  0.04  0.04
 3  50  0.03  0.10  0.17  0.34  0.69  1.03  1.73  3.50  5.47  6.92  8.20  8.32  7.65  7.06  6.60  6.20  5.54  3.77  2.20  1.82  1.17  0.66  0.43  0.31  0.11  0.05  0.04  0.04
 3  55  0.04  0.11  0.18  0.35  0.71  1.07  1.79  3.63  5.56  6.89  8.01  8.01  7.38  6.84  6.44  6.14  5.53  3.93  2.43  2.03  1.36  0.75  0.48  0.33  0.12  0.06  0.04  0.04
 3  60  0.04  0.11  0.19  0.37  0.74  1.12  1.88  3.81  5.74  7.07  8.01  7.80  7.13  6.59  6.28  6.08  5.54  4.10  2.70  2.27  1.56  0.86  0.54  0.35  0.13  0.06  0.05  0.04
 3  65  0.04  0.11  0.19  0.38  0.77  1.15  1.93  3.92  5.78  7.03  7.81  7.53  6.90  6.43  6.09  5.87  5.34  4.11  2.85  2.44  1.76  0.95  0.60  0.37  0.13  0.06  0.05  0.04
 3  70  0.04  0.12  0.20  0.39  0.79  1.19  1.99  4.04  5.82  7.00  7.62  7.26  6.68  6.27  5.91  5.65  5.15  4.13  3.00  2.61  1.96  1.04  0.65  0.39  0.14  0.06  0.05  0.04
 3  75  0.04  0.12  0.20  0.39  0.79  1.19  1.99  4.05  5.74  6.84  7.42  7.15  6.72  6.41  5.86  5.48  5.09  4.15  3.06  2.67  2.02  1.09  0.65  0.38  0.19  0.06  0.05  0.04
 3  80  0.04  0.12  0.20  0.39  0.79  1.19  2.00  4.07  5.66  6.67  7.22  7.05  6.76  6.55  5.81  5.31  5.03  4.15  3.09  2.71  2.06  1.13  0.64  0.38  0.18  0.06  0.05  0.04
 3  85  0.04  0.12  0.20  0.39  0.79  1.19  2.00  4.07  5.66  6.67  7.22  7.05  6.76  6.55  5.81  5.31  5.03  4.15  3.09  2.71  2.06  1.13  0.64  0.38  0.18  0.06  0.05  0.04
 3  90  0.04  0.12  0.20  0.39  0.79  1.19  2.00  4.07  5.66  6.68  7.22  7.06  6.77  6.55  5.82  5.31  5.03  4.15  3.09  2.71  2.06  1.13  0.64  0.38  0.18  0.06  0.05  0.04
 4 -90  0.05  0.16  0.27  0.53  1.07  1.62  2.73  5.64  6.43  6.59  6.26  5.49  4.89  4.25  3.57  2.72  2.25  2.86  2.44  2.09  1.39  0.48  0.29  0.18  0.11  0.05  0.03  0.03
 4 -85  0.05  0.16  0.27  0.53  1.07  1.62  2.73  5.64  6.43  6.59  6.26  5.49  4.89  4.25  3.57  2.72  2.25  2.86  2.44  2.10  1.39  0.48  0.29  0.18  0.11  0.05  0.03  0.03
 4 -80  0.05  0.16  0.27  0.53  1.07  1.62  2.73  5.65  6.43  6.59  6.26  5.49  4.88  4.25  3.57  2.72  2.25  2.86  2.44  2.10  1.39  0.48  0.29  0.18  0.11  0.05  0.03  0.03
 4 -75  0.05  0.15  0.26  0.51  1.03  1.55  2.62  5.41  6.64  7.05  6.79  5.97  5.31  4.63  3.99  3.17  2.55  2.81  2.39  2.07  1.40  0.46  0.28  0.17  0.10  0.05  0.03  0.03
 4 -70  0.05  0.15  0.25  0.49  0.99  1.49  2.52  5.17  6.79  7.50  7.31  6.48  5.73  5.02  4.37  3.68  2.97  2.75  2.31  2.01  1.38  0.44  0.27  0.17  0.11  0.05  0.03  0.03
 4 -65  0.05  0.14  0.24  0.47  0.95  1.43  2.41  4.94  6.72  7.59  7.66  7.02  6.25  5.51  4.88  4.35  3.46  2.76  2.12  1.83  1.23  0.40  0.25  0.16  0.10  0.05  0.03  0.03
 4 -60  0.05  0.14  0.23  0.45  0.91  1.37  2.31  4.72  6.65  7.69  8.01  7.56  6.77  6.00  5.39  4.98  3.93  2.79  1.93  1.65  1.09  0.36  0.22  0.15  0.10  0.05  0.03  0.03
 4 -55  0.04  0.13  0.22  0.43  0.87  1.32  2.21  4.53  6.52  7.66  8.18  7.89  7.20  6.45  5.97  5.72  4.39  2.73  1.66  1.38  0.84  0.29  0.18  0.14  0.08  0.04  0.03  0.03
 4 -50  0.04  0.12  0.21  0.41  0.83  1.25  2.11  4.31  6.41  7.67  8.40  8.23  7.70  6.94  6.61  6.48  4.80  2.63  1.41  1.12  0.60  0.22  0.14  0.10  0.06  0.04  0.03  0.03
 4 -45  0.04  0.12  0.19  0.39  0.78  1.18  1.99  4.06  6.04  7.34  8.34  8.62  8.28  7.56  6.87  6.32  4.63  2.51  1.37  1.05  0.51  0.17  0.11  0.07  0.05  0.03  0.03  0.03
 4 -40  0.04  0.11  0.19  0.37  0.75  1.13  1.90  3.87  5.70  7.06  8.33  8.95  8.81  8.18  6.99  6.11  4.46  2.38  1.27  0.97  0.45  0.14  0.10  0.06  0.04  0.03  0.03  0.03
 4 -35  0.04  0.11  0.18  0.35  0.71  1.06  1.79  3.63  5.32  6.53  8.02  8.99  9.10  8.63  7.20  6.14  4.27  2.17  1.08  0.82  0.37  0.13  0.07  0.05  0.03  0.03  0.03  0.03
 4 -30  0.03  0.10  0.17  0.34  0.68  1.02  1.71  3.47  5.10  6.29  7.83  9.12  9.37  9.05  7.42  6.22  4.13  1.99  0.91  0.68  0.29  0.09  0.05  0.03  0.03  0.03  0.03  0.03
 4 -25  0.03  0.10  0.16  0.33  0.65  0.98  1.65  3.34  4.84  5.98  7.66  9.24  9.74  9.51  7.76  6.56  4.12  1.86  0.70  0.51  0.20  0.05  0.03  0.03  0.03  0.03  0.03  0.03
 4 -20  0.03  0.09  0.16  0.31  0.62  0.94  1.57  3.18  4.79  6.02  7.55  9.20 10.06 10.18  8.20  6.89  4.15  1.62  0.50  0.34  0.11  0.04  0.02  0.02  0.02  0.02  0.03  0.02
 4 -15  0.03  0.09  0.15  0.30  0.61  0.92  1.54  3.11  4.58  5.57  7.21  9.25 10.15 10.25  8.29  6.98  4.11  1.54  0.46  0.31  0.11  0.03  0.02  0.02  0.02  0.02  0.02  0.02
 4 -10  0.03  0.09  0.15  0.30  0.60  0.91  1.52  3.07  4.34  5.36  6.91  8.89 10.00 10.40  8.37  7.12  4.16  1.46  0.44  0.30  0.12  0.02  0.02  0.02  0.02  0.02  0.02  0.02
 4  -5  0.03  0.09  0.15  0.30  0.60  0.90  1.50  3.03  4.27  5.25  7.04  8.71  9.80 10.32  8.28  7.08  4.13  1.47  0.43  0.30  0.13  0.02  0.02  0.02  0.02  0.02  0.02  0.02
 4   0  0.03  0.09  0.15  0.30  0.61  0.92  1.54  3.14  4.34  5.37  7.20  9.14 10.29 10.64  8.31  6.95  4.02  1.37  0.42  0.29  0.13  0.02  0.02  0.02  0.02  0.02  0.02  0.02
 4   5  0.03  0.09  0.15  0.30  0.60  0.91  1.52  3.08  4.44  5.31  7.19  8.91  9.95 10.37  8.12  6.94  4.15  1.47  0.57  0.38  0.14  0.02  0.02  0.02  0.02  0.02  0.02  0.02
 4  10  0.03  0.09  0.15  0.29  0.59  0.89  1.48  2.99  4.16  5.00  6.85  8.53  9.42  9.64  7.99  7.06  4.34  1.63  0.77  0.52  0.17  0.03  0.02  0.02  0.02  0.03  0.03  0.03
 4  15  0.03  0.09  0.15  0.29  0.59  0.89  1.48  2.99  4.38  5.28  7.11  8.53  9.03  9.12  7.66  6.79  4.30  1.75  0.86  0.59  0.19  0.03  0.02  0.02  0.03  0.03  0.03  0.03
 4  20  0.03  0.09  0.15  0.31  0.61  0.92  1.54  3.11  4.50  5.54  7.21  8.68  9.13  8.92  7.48  6.65  4.37  1.85  0.91  0.64  0.21  0.04  0.03  0.03  0.03  0.03  0.04  0.03
 4  25  0.03  0.09  0.15  0.31  0.61  0.92  1.54  3.12  4.58  5.59  7.19  8.53  8.82  8.54  7.34  6.60  4.51  2.17  1.05  0.78  0.32  0.08  0.05  0.04  0.04  0.04  0.04  0.04
 4  30  0.03  0.09  0.15  0.31  0.62  0.93  1.56  3.15  4.67  5.79  7.36  8.43  8.72  8.45  7.36  6.66  4.73  2.37  1.17  0.89  0.41  0.16  0.09  0.06  0.05  0.04  0.04  0.04
 4  35  0.03  0.09  0.16  0.31  0.63  0.94  1.58  3.20  4.81  5.95  7.65  8.56  8.79  8.42  7.39  6.68  4.75  2.66  1.40  1.08  0.58  0.34  0.15  0.08  0.06  0.04  0.04  0.04
 4  40  0.03  0.09  0.16  0.32  0.64  0.96  1.61  3.27  4.71  5.85  7.47  8.67  8.88  8.31  7.23  6.59  4.75  2.92  1.68  1.30  0.77  0.44  0.30  0.12  0.07  0.05  0.04  0.04
 4  45  0.03  0.09  0.16  0.31  0.62  0.94  1.58  3.20  4.77  5.96  7.78  8.72  8.64  8.15  7.13  6.43  4.88  3.19  1.80  1.48  0.95  0.53  0.38  0.16  0.09  0.05  0.04  0.04
 4  50  0.03  0.09  0.15  0.30  0.61  0.92  1.54  3.12  4.78  6.11  7.76  8.56  8.26  7.72  6.88  6.24  4.97  3.39  2.02  1.68  1.06  0.61  0.42  0.30  0.11  0.06  0.05  0.04
 4  55  0.03  0.09  0.15  0.30  0.61  0.92  1.54  3.12  4.75  6.03  7.66  8.33  7.99  7.41  6.56  5.97  5.07  3.60  2.24  1.89  1.24  0.69  0.48  0.33  0.13  0.06  0.05  0.04
 4  60  0.03  0.09  0.16  0.31  0.63  0.94  1.58  3.21  4.87  6.19  7.72  8.17  7.72  7.06  6.25  5.71  5.18  3.82  2.50  2.11  1.43  0.79  0.55  0.36  0.14  0.06  0.05  0.04
 4  65  0.03  0.09  0.16  0.32  0.63  0.95  1.60  3.23  4.87  6.17  7.55  7.84  7.34  6.68  6.04  5.60  5.06  3.86  2.70  2.29  1.59  0.93  0.66  0.41  0.14  0.06  0.05  0.04
 4  70  0.03  0.10  0.16  0.32  0.64  0.96  1.61  3.26  4.87  6.15  7.39  7.51  6.96  6.29  5.83  5.50  4.94  3.90  2.90  2.47  1.74  1.07  0.76  0.46  0.24  0.07  0.05  0.04
 4  75  0.03  0.10  0.16  0.32  0.65  0.98  1.64  3.33  4.85  6.08  7.09  7.08  6.53  5.94  5.64  5.42  4.89  3.97  3.01  2.58  1.87  1.14  0.78  0.46  0.23  0.07  0.05  0.04
 4  80  0.03  0.10  0.17  0.33  0.66  1.00  1.67  3.39  4.84  6.00  6.79  6.65  6.11  5.58  5.45  5.34  4.87  4.04  3.08  2.66  1.97  1.20  0.78  0.46  0.22  0.07  0.05  0.04
 4  85  0.03  0.10  0.17  0.33  0.66  1.00  1.67  3.39  4.84  6.01  6.80  6.65  6.12  5.59  5.45  5.34  4.87  4.04  3.08  2.66  1.97  1.20  0.78  0.46  0.22  0.07  0.05  0.04
 4  90  0.03  0.10  0.17  0.33  0.66  1.00  1.68  3.40  4.84  6.01  6.80  6.66  6.12  5.59  5.46  5.34  4.87  4.04  3.08  2.66  1.97  1.20  0.78  0.46  0.22  0.07  0.05  0.04
 5 -90  0.06  0.17  0.29  0.58  1.18  1.78  3.02  6.29  6.94  7.12  6.38  4.93  4.08  3.39  3.10  2.78  3.00  2.98  2.33  1.97  1.32  0.47  0.25  0.15  0.09  0.04  0.03  0.03
 5 -85  0.06  0.17  0.29  0.58  1.18  1.78  3.02  6.29  6.94  7.12  6.38  4.92  4.08  3.39  3.10  2.78  3.00  2.98  2.33  1.97  1.32  0.47  0.25  0.15  0.09  0.04  0.03  0.03
 5 -80  0.06  0.17  0.29  0.58  1.18  1.78  3.02  6.29  6.94  7.12  6.38  4.92  4.08  3.39  3.10  2.78  3.00  2.98  2.33  1.97  1.32  0.47  0.25  0.15  0.08  0.04  0.03  0.03
 5 -75  0.06  0.17  0.28  0.57  1.15  1.74  2.94  6.12  7.00  7.34  6.82  5.56  4.80  4.12  3.66  3.15  3.04  2.84  2.18  1.85  1.25  0.44  0.23  0.14  0.08  0.04  0.03  0.03
 5 -70  0.05  0.16  0.27  0.55  1.11  1.68  2.84  5.89  7.03  7.52  7.23  6.21  5.53  4.86  4.27  3.60  3.11  2.67  1.99  1.70  1.15  0.41  0.22  0.14  0.08  0.04  0.03  0.03
 5 -65  0.05  0.17  0.28  0.55  1.11  1.68  2.84  5.85  7.25  7.82  7.50  6.57  5.89  5.23  4.87  4.38  3.68  2.77  1.92  1.62  1.03  0.40  0.22  0.14  0.08  0.04  0.03  0.03
 5 -60  0.06  0.17  0.28  0.55  1.11  1.68  2.83  5.82  7.47  8.14  7.79  6.93  6.26  5.60  5.33  5.11  4.32  2.91  1.86  1.54  0.92  0.38  0.21  0.14  0.08  0.04  0.03  0.03
 5 -55  0.05  0.16  0.27  0.53  1.07  1.61  2.71  5.56  7.41  8.29  8.07  7.37  6.63  5.95  5.66  5.59  4.62  2.76  1.68  1.36  0.76  0.35  0.20  0.14  0.07  0.04  0.03  0.03
 5 -50  0.05  0.15  0.25  0.51  1.03  1.55  2.61  5.35  7.45  8.57  8.44  7.79  7.10  6.35  6.08  6.10  4.86  2.55  1.51  1.19  0.61  0.33  0.18  0.10  0.06  0.04  0.03  0.03
 5 -45  0.05  0.14  0.23  0.47  0.94  1.42  2.39  4.90  7.05  8.26  8.57  8.28  7.78  7.05  6.51  6.11  4.73  2.48  1.44  1.10  0.50  0.28  0.15  0.08  0.05  0.03  0.03  0.03
 5 -40  0.04  0.13  0.21  0.43  0.86  1.30  2.18  4.47  6.52  7.86  8.61  8.64  8.27  7.64  6.69  6.07  4.63  2.40  1.32  0.99  0.43  0.24  0.12  0.06  0.04  0.03  0.03  0.03
 5 -35  0.04  0.12  0.20  0.39  0.79  1.19  2.00  4.08  5.97  7.22  8.29  8.73  8.64  8.09  7.14  6.45  4.52  2.17  1.10  0.82  0.34  0.19  0.09  0.05  0.04  0.03  0.03  0.03
 5 -30  0.04  0.11  0.18  0.36  0.73  1.10  1.85  3.77  5.59  6.84  8.07  8.86  8.91  8.52  7.55  6.86  4.47  2.00  0.88  0.64  0.23  0.09  0.06  0.04  0.03  0.03  0.03  0.03
 5 -25  0.03  0.10  0.17  0.35  0.70  1.05  1.77  3.59  5.25  6.42  7.82  8.97  9.34  9.06  7.75  6.88  4.35  1.94  0.72  0.52  0.18  0.05  0.03  0.03  0.03  0.03  0.03  0.03
 5 -20  0.03  0.10  0.17  0.33  0.67  1.01  1.69  3.44  5.17  6.42  7.73  8.94  9.65  9.83  8.04  6.89  4.25  1.77  0.56  0.39  0.12  0.04  0.03  0.02  0.02  0.02  0.03  0.03
 5 -15  0.03  0.10  0.16  0.32  0.65  0.98  1.64  3.32  4.90  6.03  7.56  9.11  9.74  9.96  8.25  7.04  4.22  1.64  0.47  0.33  0.11  0.03  0.02  0.02  0.02  0.02  0.03  0.02
 5 -10  0.03  0.10  0.16  0.32  0.64  0.97  1.63  3.30  4.70  5.83  7.32  8.87  9.70 10.09  8.40  7.24  4.30  1.53  0.41  0.29  0.11  0.03  0.02  0.02  0.02  0.02  0.02  0.02
 5  -5  0.03  0.10  0.16  0.32  0.64  0.96  1.61  3.27  4.58  5.62  7.38  8.76  9.47  9.99  8.22  7.00  4.10  1.39  0.36  0.26  0.11  0.02  0.02  0.02  0.02  0.02  0.02  0.02
 5   0  0.03  0.09  0.16  0.31  0.63  0.95  1.59  3.22  4.54  5.58  7.42  9.07  9.78 10.22  8.10  6.68  3.83  1.15  0.32  0.23  0.11  0.02  0.02  0.02  0.02  0.02  0.02  0.02
 5   5  0.03  0.09  0.16  0.31  0.63  0.94  1.58  3.20  4.58  5.48  7.30  8.89  9.74 10.12  8.06  6.90  4.15  1.40  0.46  0.33  0.16  0.02  0.02  0.02  0.02  0.02  0.02  0.02
 5  10  0.03  0.09  0.15  0.30  0.61  0.91  1.52  3.08  4.22  5.08  6.91  8.55  9.42  9.62  8.06  7.24  4.53  1.69  0.67  0.48  0.22  0.03  0.02  0.02  0.02  0.03  0.03  0.03
 5  15  0.03  0.09  0.15  0.30  0.60  0.91  1.52  3.06  4.35  5.30  7.13  8.63  9.18  9.21  7.83  7.07  4.44  1.84  0.76  0.56  0.25  0.03  0.03  0.03  0.03  0.03  0.03  0.03
 5  20  0.03  0.09  0.15  0.31  0.62  0.93  1.56  3.15  4.46  5.48  7.13  8.77  9.29  8.99  7.74  7.01  4.40  1.95  0.83  0.61  0.28  0.05  0.03  0.03  0.03  0.04  0.04  0.03
 5  25  0.03  0.09  0.15  0.31  0.61  0.92  1.54  3.12  4.43  5.43  7.08  8.57  8.93  8.71  7.59  6.83  4.58  2.18  0.97  0.74  0.37  0.09  0.05  0.04  0.04  0.04  0.04  0.03
 5  30  0.03  0.09  0.15  0.30  0.60  0.90  1.51  3.06  4.48  5.48  7.14  8.39  8.79  8.65  7.54  6.75  4.81  2.35  1.12  0.87  0.45  0.15  0.08  0.05  0.04  0.04  0.04  0.04
 5  35  0.03  0.09  0.15  0.30  0.60  0.91  1.52  3.08  4.52  5.58  7.30  8.45  8.85  8.62  7.50  6.72  4.82  2.60  1.30  1.02  0.57  0.32  0.12  0.07  0.05  0.04  0.04  0.04
 5  40  0.03  0.09  0.15  0.30  0.61  0.91  1.53  3.11  4.34  5.37  6.93  8.43  8.91  8.58  7.37  6.61  4.83  2.81  1.51  1.19  0.72  0.41  0.19  0.10  0.06  0.05  0.04  0.04
 5  45  0.03  0.09  0.15  0.29  0.59  0.88  1.48  3.00  4.35  5.37  7.16  8.43  8.69  8.34  7.20  6.46  4.84  2.98  1.63  1.36  0.89  0.49  0.35  0.14  0.08  0.05  0.05  0.04
 5  50  0.03  0.08  0.14  0.28  0.56  0.84  1.41  2.85  4.25  5.33  7.03  8.23  8.34  7.97  6.98  6.27  4.79  3.10  1.84  1.56  1.01  0.58  0.40  0.18  0.10  0.06  0.05  0.04
 5  55  0.03  0.08  0.14  0.27  0.54  0.82  1.37  2.77  4.09  5.13  6.85  7.98  8.05  7.60  6.62  5.95  4.76  3.23  2.01  1.71  1.12  0.64  0.46  0.31  0.12  0.06  0.05  0.04
 5  60  0.03  0.08  0.14  0.27  0.55  0.83  1.38  2.80  4.13  5.17  6.83  7.83  7.79  7.20  6.28  5.66  4.74  3.38  2.22  1.88  1.24  0.72  0.53  0.34  0.13  0.06  0.05  0.04
 5  65  0.03  0.08  0.13  0.27  0.54  0.81  1.35  2.74  4.04  5.06  6.66  7.50  7.34  6.70  5.79  5.17  4.37  3.37  2.39  2.05  1.41  0.83  0.62  0.41  0.14  0.07  0.05  0.04
 5  70  0.03  0.08  0.13  0.26  0.53  0.79  1.32  2.68  3.95  4.95  6.50  7.17  6.90  6.20  5.31  4.68  4.01  3.36  2.57  2.21  1.58  0.95  0.71  0.47  0.29  0.07  0.05  0.04
 5  75  0.03  0.08  0.13  0.26  0.53  0.79  1.32  2.68  3.99  5.02  6.51  6.94  6.52  5.75  5.10  4.63  4.10  3.43  2.62  2.27  1.63  0.98  0.72  0.47  0.29  0.07  0.05  0.05
 5  80  0.03  0.08  0.13  0.26  0.53  0.79  1.32  2.67  4.03  5.08  6.53  6.70  6.13  5.31  4.89  4.59  4.22  3.51  2.66  2.30  1.66  1.00  0.72  0.46  0.28  0.08  0.05  0.05
 5  85  0.03  0.08  0.13  0.26  0.53  0.79  1.32  2.68  4.03  5.09  6.54  6.71  6.14  5.31  4.89  4.59  4.22  3.51  2.66  2.30  1.66  1.00  0.72  0.46  0.28  0.08  0.06  0.05
 5  90  0.03  0.08  0.13  0.26  0.53  0.79  1.32  2.68  4.03  5.09  6.54  6.71  6.14  5.31  4.90  4.59  4.22  3.51  2.66  2.30  1.66  1.00  0.72  0.46  0.28  0.08  0.06  0.05
 6 -90  0.06  0.18  0.30  0.59  1.20  1.81  3.08  6.44  7.19  7.50  6.73  5.04  4.29  3.90  3.41  3.12  3.01  2.92  2.18  1.89  1.36  0.49  0.21  0.12  0.06  0.03  0.03  0.03
 6 -85  0.06  0.18  0.30  0.59  1.20  1.81  3.08  6.44  7.19  7.50  6.72  5.03  4.29  3.90  3.41  3.12  3.01  2.92  2.18  1.89  1.36  0.49  0.21  0.13  0.07  0.03  0.03  0.03
 6 -80  0.06  0.18  0.30  0.59  1.20  1.81  3.08  6.44  7.19  7.50  6.72  5.03  4.29  3.90  3.41  3.12  3.01  2.92  2.18  1.89  1.36  0.49  0.21  0.13  0.07  0.03  0.03  0.03
 6 -75  0.06  0.18  0.29  0.59  1.19  1.81  3.06  6.39  7.20  7.57  7.07  5.57  4.85  4.33  3.78  3.34  3.10  2.90  2.12  1.85  1.36  0.48  0.21  0.13  0.07  0.04  0.03  0.03
 6 -70  0.06  0.17  0.29  0.58  1.18  1.78  3.02  6.29  7.21  7.64  7.37  6.13  5.43  4.80  4.22  3.64  3.23  2.85  2.07  1.79  1.32  0.47  0.20  0.13  0.07  0.04  0.03  0.03
 6 -65  0.06  0.17  0.29  0.58  1.16  1.75  2.97  6.15  7.27  7.79  7.47  6.34  5.65  5.00  4.71  4.29  3.69  2.90  2.03  1.72  1.20  0.47  0.24  0.14  0.07  0.04  0.03  0.03
 6 -60  0.06  0.17  0.28  0.57  1.14  1.72  2.91  6.01  7.31  7.90  7.52  6.55  5.88  5.22  5.13  4.90  4.18  2.98  1.98  1.65  1.09  0.46  0.26  0.14  0.07  0.04  0.03  0.03
 6 -55  0.05  0.16  0.28  0.55  1.11  1.67  2.82  5.80  7.44  8.16  7.76  6.90  6.16  5.52  5.43  5.44  4.51  2.89  1.77  1.47  0.91  0.39  0.27  0.13  0.07  0.04  0.03  0.03
 6 -50  0.05  0.16  0.27  0.55  1.10  1.66  2.80  5.75  7.68  8.67  8.11  7.29  6.57  5.89  5.79  5.98  4.78  2.69  1.56  1.27  0.74  0.34  0.27  0.11  0.06  0.03  0.03  0.03
 6 -45  0.05  0.15  0.25  0.50  1.01  1.52  2.56  5.24  7.36  8.52  8.50  7.97  7.43  6.73  6.25  5.95  4.69  2.60  1.49  1.19  0.65  0.31  0.24  0.09  0.05  0.03  0.03  0.03
 6 -40  0.04  0.13  0.22  0.45  0.90  1.36  2.28  4.67  6.81  8.13  8.66  8.42  7.94  7.32  6.40  5.88  4.66  2.51  1.38  1.09  0.59  0.27  0.20  0.08  0.05  0.03  0.03  0.03
 6 -35  0.04  0.12  0.20  0.41  0.82  1.23  2.07  4.23  6.17  7.41  8.30  8.54  8.39  7.81  6.88  6.25  4.69  2.27  1.14  0.89  0.47  0.22  0.11  0.07  0.04  0.03  0.03  0.03
 6 -30  0.04  0.11  0.18  0.37  0.74  1.12  1.87  3.82  5.69  6.93  8.04  8.66  8.67  8.25  7.27  6.62  4.79  2.13  0.90  0.69  0.32  0.15  0.07  0.05  0.04  0.03  0.03  0.03
 6 -25  0.04  0.11  0.18  0.36  0.72  1.08  1.82  3.71  5.43  6.58  7.82  8.73  9.04  8.71  7.52  6.77  4.60  1.98  0.72  0.54  0.23  0.06  0.04  0.03  0.03  0.03  0.03  0.03
 6 -20  0.03  0.10  0.17  0.35  0.70  1.06  1.78  3.62  5.43  6.65  7.82  8.71  9.25  9.41  7.86  6.91  4.40  1.76  0.54  0.39  0.13  0.04  0.03  0.03  0.02  0.03  0.03  0.03
 6 -15  0.03  0.10  0.17  0.34  0.68  1.02  1.71  3.48  5.15  6.41  7.86  8.99  9.38  9.62  8.05  6.86  4.18  1.64  0.50  0.36  0.13  0.03  0.02  0.02  0.02  0.03  0.03  0.03
 6 -10  0.03  0.10  0.17  0.34  0.68  1.02  1.71  3.48  5.03  6.27  7.74  8.92  9.43  9.67  8.09  6.85  4.08  1.55  0.47  0.34  0.13  0.03  0.02  0.02  0.02  0.02  0.03  0.02
 6  -5  0.03  0.10  0.17  0.33  0.67  1.01  1.70  3.46  4.87  5.98  7.75  8.91  9.20  9.56  8.23  7.07  4.21  1.53  0.43  0.32  0.13  0.03  0.02  0.02  0.02  0.02  0.02  0.02
 6   0  0.03  0.10  0.16  0.32  0.64  0.97  1.62  3.28  4.70  5.74  7.61  9.02  9.26  9.64  8.35  7.22  4.31  1.45  0.39  0.29  0.14  0.03  0.02  0.02  0.02  0.02  0.02  0.02
 6   5  0.03  0.10  0.16  0.32  0.65  0.97  1.63  3.30  4.72  5.69  7.46  8.96  9.52  9.74  8.22  7.24  4.46  1.58  0.48  0.35  0.18  0.03  0.02  0.02  0.02  0.02  0.02  0.02
 6  10  0.03  0.09  0.16  0.31  0.62  0.94  1.57  3.17  4.36  5.29  7.08  8.66  9.44  9.56  8.12  7.37  4.69  1.73  0.63  0.46  0.22  0.03  0.02  0.02  0.02  0.03  0.03  0.02
 6  15  0.03  0.09  0.16  0.31  0.62  0.94  1.57  3.17  4.43  5.46  7.25  8.78  9.33  9.30  7.86  7.08  4.62  1.87  0.71  0.54  0.25  0.03  0.03  0.03  0.03  0.03  0.03  0.03
 6  20  0.03  0.10  0.16  0.32  0.64  0.96  1.61  3.26  4.56  5.60  7.22  8.86  9.41  9.05  7.68  6.88  4.54  1.95  0.77  0.56  0.27  0.05  0.03  0.03  0.03  0.04  0.03  0.03
 6  25  0.03  0.09  0.16  0.31  0.62  0.94  1.57  3.19  4.44  5.45  7.16  8.64  9.02  8.83  7.71  6.91  4.64  2.08  0.84  0.63  0.31  0.08  0.04  0.04  0.04  0.04  0.04  0.03
 6  30  0.03  0.09  0.15  0.30  0.61  0.91  1.53  3.09  4.44  5.38  7.08  8.39  8.84  8.74  7.77  7.03  4.78  2.21  0.92  0.72  0.36  0.12  0.06  0.04  0.04  0.04  0.04  0.03
 6  35  0.03  0.09  0.15  0.30  0.60  0.91  1.52  3.09  4.44  5.43  7.13  8.37  8.81  8.66  7.59  6.80  4.73  2.48  1.15  0.90  0.47  0.18  0.09  0.06  0.05  0.04  0.04  0.04
 6  40  0.03  0.09  0.15  0.30  0.60  0.90  1.51  3.06  4.21  5.17  6.70  8.23  8.78  8.60  7.36  6.56  4.73  2.74  1.39  1.11  0.60  0.33  0.14  0.08  0.06  0.05  0.04  0.04
 6  45  0.03  0.09  0.14  0.29  0.58  0.87  1.45  2.94  4.18  5.14  6.80  8.10  8.49  8.23  7.09  6.37  4.75  2.85  1.51  1.26  0.80  0.41  0.28  0.11  0.07  0.05  0.05  0.04
 6  50  0.03  0.08  0.13  0.27  0.54  0.81  1.36  2.74  4.03  5.01  6.61  7.84  8.13  7.85  6.87  6.15  4.71  2.94  1.70  1.44  0.94  0.51  0.35  0.14  0.09  0.06  0.05  0.04
 6  55  0.03  0.08  0.13  0.26  0.52  0.78  1.30  2.62  3.79  4.69  6.28  7.48  7.75  7.40  6.46  5.81  4.51  2.99  1.82  1.55  1.02  0.56  0.40  0.18  0.10  0.06  0.05  0.04
 6  60  0.03  0.08  0.13  0.26  0.51  0.77  1.29  2.60  3.75  4.64  6.17  7.26  7.43  6.95  6.10  5.52  4.30  3.04  1.97  1.67  1.10  0.62  0.47  0.29  0.11  0.06  0.05  0.04
 6  65  0.02  0.07  0.12  0.25  0.49  0.74  1.24  2.51  3.62  4.49  6.02  6.99  7.04  6.46  5.58  4.96  3.92  2.98  2.10  1.80  1.22  0.69  0.54  0.34  0.12  0.06  0.05  0.04
 6  70  0.02  0.07  0.12  0.24  0.48  0.72  1.20  2.42  3.50  4.36  5.87  6.72  6.65  5.98  5.06  4.41  3.55  2.91  2.23  1.93  1.35  0.76  0.62  0.38  0.14  0.07  0.05  0.04
 6  75  0.02  0.07  0.11  0.23  0.46  0.69  1.16  2.34  3.44  4.32  5.90  6.62  6.41  5.63  4.82  4.24  3.56  2.92  2.28  1.98  1.42  0.80  0.64  0.41  0.15  0.07  0.05  0.04
 6  80  0.02  0.07  0.11  0.22  0.44  0.67  1.12  2.25  3.38  4.28  5.94  6.52  6.16  5.29  4.57  4.06  3.60  2.96  2.32  2.03  1.47  0.82  0.66  0.42  0.25  0.08  0.05  0.04
 6  85  0.02  0.07  0.11  0.22  0.44  0.67  1.12  2.25  3.39  4.28  5.94  6.53  6.16  5.29  4.58  4.07  3.60  2.96  2.32  2.03  1.47  0.82  0.66  0.42  0.25  0.08  0.06  0.04
 6  90  0.02  0.07  0.11  0.22  0.44  0.67  1.12  2.26  3.39  4.29  5.95  6.53  6.17  5.30  4.58  4.07  3.60  2.96  2.32  2.03  1.47  0.82  0.66  0.42  0.25  0.08  0.06  0.04
 7 -90  0.05  0.16  0.27  0.53  1.08  1.64  2.79  5.86  6.69  7.10  6.57  5.21  4.49  4.19  3.55  3.24  3.17  2.78  2.15  1.85  1.27  0.50  0.27  0.12  0.06  0.03  0.03  0.03
 7 -85  0.05  0.16  0.27  0.53  1.08  1.64  2.79  5.86  6.69  7.10  6.56  5.21  4.49  4.19  3.56  3.24  3.17  2.78  2.15  1.85  1.27  0.50  0.27  0.12  0.06  0.03  0.03  0.03
 7 -80  0.05  0.16  0.27  0.53  1.08  1.64  2.79  5.86  6.69  7.10  6.56  5.21  4.49  4.19  3.56  3.24  3.17  2.78  2.15  1.86  1.27  0.50  0.28  0.12  0.06  0.03  0.03  0.03
 7 -75  0.05  0.15  0.25  0.50  1.01  1.53  2.61  5.48  6.44  6.92  6.77  5.66  5.07  4.68  3.88  3.35  3.05  2.75  2.13  1.85  1.30  0.51  0.28  0.12  0.06  0.03  0.03  0.03
 7 -70  0.05  0.14  0.23  0.46  0.93  1.41  2.39  5.01  6.15  6.72  6.91  6.14  5.69  5.13  4.25  3.53  2.97  2.71  2.09  1.82  1.31  0.51  0.29  0.12  0.06  0.03  0.03  0.03
 7 -65  0.05  0.14  0.23  0.47  0.95  1.43  2.42  5.05  6.41  7.07  7.20  6.32  5.74  5.06  4.71  4.27  3.64  2.81  2.02  1.74  1.24  0.49  0.25  0.13  0.06  0.03  0.03  0.03
 7 -60  0.05  0.14  0.24  0.47  0.96  1.44  2.44  5.04  6.63  7.36  7.41  6.52  5.79  5.04  5.12  4.99  4.29  2.94  1.96  1.67  1.18  0.46  0.28  0.14  0.07  0.04  0.03  0.03
 7 -55  0.05  0.14  0.23  0.46  0.92  1.39  2.34  4.80  6.65  7.52  7.64  6.95  6.11  5.37  5.50  5.60  4.63  2.93  1.80  1.51  0.97  0.39  0.27  0.14  0.07  0.04  0.03  0.03
 7 -50  0.05  0.14  0.23  0.46  0.92  1.39  2.33  4.77  6.79  7.93  7.99  7.38  6.56  5.75  5.86  6.22  4.92  2.80  1.62  1.32  0.78  0.33  0.27  0.13  0.06  0.03  0.03  0.03
 7 -45  0.04  0.13  0.22  0.44  0.89  1.34  2.25  4.60  6.72  7.93  8.39  8.05  7.51  6.73  6.36  6.20  4.89  2.80  1.59  1.28  0.69  0.30  0.23  0.12  0.06  0.03  0.03  0.03
 7 -40  0.04  0.12  0.21  0.42  0.84  1.26  2.12  4.32  6.34  7.68  8.47  8.42  7.96  7.37  6.54  6.15  4.93  2.79  1.55  1.22  0.64  0.26  0.20  0.11  0.06  0.03  0.03  0.03
 7 -35  0.04  0.12  0.19  0.39  0.78  1.18  1.98  4.05  5.93  7.16  8.18  8.50  8.38  7.82  6.84  6.23  4.81  2.55  1.34  1.04  0.52  0.22  0.16  0.08  0.05  0.03  0.03  0.03
 7 -30  0.04  0.11  0.18  0.37  0.73  1.11  1.86  3.78  5.61  6.84  7.98  8.59  8.61  8.18  7.01  6.28  4.77  2.42  1.12  0.85  0.38  0.16  0.07  0.05  0.04  0.03  0.03  0.03
 7 -25  0.04  0.11  0.18  0.36  0.73  1.09  1.84  3.75  5.52  6.67  7.86  8.64  8.90  8.53  7.28  6.54  4.61  2.16  0.88  0.66  0.27  0.06  0.04  0.03  0.03  0.03  0.03  0.03
 7 -20  0.04  0.11  0.18  0.36  0.72  1.09  1.83  3.74  5.61  6.81  7.97  8.69  9.07  9.12  7.66  6.79  4.43  1.88  0.65  0.47  0.16  0.04  0.03  0.03  0.03  0.03  0.03  0.03
 7 -15  0.03  0.10  0.17  0.34  0.69  1.04  1.74  3.55  5.31  6.68  8.13  9.04  9.30  9.47  8.03  6.91  4.11  1.67  0.57  0.41  0.16  0.03  0.02  0.02  0.02  0.03  0.03  0.03
 7 -10  0.03  0.10  0.17  0.34  0.69  1.03  1.73  3.53  5.20  6.52  8.08  9.12  9.43  9.48  8.20  7.05  3.92  1.50  0.50  0.38  0.15  0.03  0.02  0.02  0.02  0.02  0.03  0.03
 7  -5  0.03  0.10  0.17  0.34  0.68  1.02  1.72  3.50  4.99  6.15  8.03  9.17  9.20  9.37  8.25  7.02  4.11  1.54  0.49  0.37  0.16  0.03  0.02  0.02  0.02  0.02  0.02  0.02
 7   0  0.03  0.09  0.16  0.32  0.63  0.95  1.60  3.22  4.67  5.69  7.67  9.04  9.00  9.28  8.20  6.95  4.29  1.54  0.48  0.36  0.17  0.03  0.02  0.02  0.02  0.02  0.02  0.02
 7   5  0.03  0.10  0.16  0.32  0.65  0.98  1.64  3.32  4.75  5.78  7.57  9.15  9.50  9.54  8.24  7.16  4.49  1.71  0.57  0.42  0.20  0.03  0.02  0.02  0.02  0.02  0.02  0.02
 7  10  0.03  0.09  0.16  0.32  0.63  0.95  1.59  3.21  4.50  5.49  7.29  8.92  9.63  9.65  8.28  7.46  4.76  1.86  0.72  0.52  0.23  0.03  0.02  0.02  0.02  0.02  0.02  0.02
 7  15  0.03  0.10  0.16  0.32  0.64  0.96  1.61  3.25  4.55  5.66  7.43  9.03  9.60  9.51  8.07  7.29  4.79  1.97  0.78  0.59  0.24  0.03  0.02  0.02  0.03  0.03  0.03  0.02
 7  20  0.03  0.10  0.16  0.33  0.66  0.99  1.66  3.36  4.75  5.85  7.46  9.01  9.58  9.20  7.89  7.15  4.76  2.03  0.83  0.59  0.25  0.04  0.03  0.03  0.03  0.03  0.03  0.03
 7  25  0.03  0.10  0.16  0.32  0.64  0.97  1.62  3.28  4.57  5.66  7.43  8.82  9.18  8.99  7.77  6.91  4.67  2.13  0.89  0.64  0.27  0.06  0.04  0.04  0.04  0.04  0.04  0.03
 7  30  0.03  0.09  0.16  0.31  0.63  0.95  1.58  3.20  4.57  5.53  7.26  8.54  8.96  8.82  7.64  6.72  4.60  2.29  0.97  0.73  0.30  0.09  0.05  0.04  0.04  0.04  0.04  0.03
 7  35  0.03  0.09  0.16  0.31  0.63  0.94  1.58  3.19  4.57  5.54  7.24  8.46  8.83  8.67  7.51  6.60  4.56  2.44  1.13  0.86  0.39  0.12  0.06  0.05  0.04  0.04  0.04  0.03
 7  40  0.03  0.09  0.15  0.31  0.61  0.92  1.54  3.12  4.31  5.30  6.86  8.24  8.72  8.54  7.34  6.50  4.59  2.61  1.29  1.03  0.52  0.18  0.09  0.06  0.05  0.05  0.04  0.04
 7  45  0.03  0.09  0.15  0.29  0.59  0.89  1.49  3.02  4.26  5.23  6.81  7.96  8.30  8.04  6.95  6.24  4.61  2.70  1.40  1.17  0.72  0.33  0.14  0.08  0.06  0.05  0.04  0.04
 7  50  0.03  0.08  0.14  0.28  0.55  0.83  1.39  2.81  4.10  5.07  6.57  7.66  7.93  7.65  6.70  6.00  4.56  2.79  1.56  1.32  0.85  0.44  0.30  0.11  0.07  0.05  0.05  0.04
 7  55  0.03  0.08  0.13  0.26  0.52  0.79  1.31  2.65  3.81  4.69  6.18  7.24  7.48  7.13  6.19  5.53  4.34  2.78  1.66  1.42  0.95  0.50  0.36  0.15  0.09  0.06  0.05  0.04
 7  60  0.03  0.08  0.13  0.26  0.51  0.77  1.29  2.59  3.72  4.59  6.03  7.00  7.15  6.68  5.77  5.13  4.09  2.75  1.77  1.53  1.04  0.56  0.42  0.17  0.10  0.06  0.05  0.04
 7  65  0.02  0.07  0.12  0.25  0.49  0.74  1.23  2.48  3.57  4.41  5.84  6.68  6.72  6.14  5.19  4.52  3.63  2.65  1.86  1.62  1.13  0.60  0.47  0.29  0.11  0.06  0.05  0.04
 7  70  0.02  0.07  0.12  0.23  0.47  0.71  1.18  2.38  3.42  4.25  5.66  6.37  6.28  5.61  4.62  3.92  3.17  2.54  1.94  1.71  1.22  0.65  0.51  0.33  0.12  0.06  0.05  0.04
 7  75  0.02  0.07  0.11  0.22  0.45  0.68  1.13  2.28  3.34  4.19  5.65  6.22  5.99  5.23  4.35  3.73  3.11  2.55  2.00  1.76  1.25  0.65  0.54  0.34  0.13  0.07  0.05  0.04
 7  80  0.02  0.06  0.11  0.21  0.43  0.64  1.08  2.17  3.26  4.13  5.65  6.07  5.69  4.84  4.09  3.55  3.08  2.58  2.06  1.80  1.28  0.66  0.55  0.35  0.14  0.07  0.05  0.04
 7  85  0.02  0.06  0.11  0.21  0.43  0.64  1.08  2.18  3.27  4.14  5.66  6.08  5.70  4.85  4.09  3.56  3.08  2.58  2.06  1.80  1.28  0.66  0.55  0.35  0.15  0.07  0.05  0.04
 7  90  0.02  0.06  0.11  0.21  0.43  0.64  1.08  2.18  3.27  4.14  5.66  6.08  5.70  4.85  4.09  3.56  3.09  2.58  2.06  1.80  1.28  0.66  0.55  0.35  0.15  0.07  0.05  0.04
 8 -90  0.04  0.12  0.21  0.42  0.84  1.27  2.17  4.55  5.77  6.36  6.75  6.14  5.64  5.05  3.87  3.07  3.28  3.10  2.38  2.01  1.35  0.52  0.28  0.12  0.06  0.03  0.03  0.03
 8 -85  0.04  0.12  0.21  0.42  0.84  1.27  2.17  4.55  5.77  6.36  6.74  6.14  5.64  5.05  3.87  3.07  3.28  3.10  2.39  2.01  1.35  0.52  0.29  0.12  0.06  0.03  0.03  0.03
 8 -80  0.04  0.12  0.21  0.42  0.84  1.28  2.17  4.55  5.78  6.36  6.74  6.14  5.64  5.05  3.87  3.07  3.28  3.10  2.39  2.01  1.35  0.52  0.30  0.13  0.06  0.03  0.03  0.03
 8 -75  0.04  0.12  0.21  0.42  0.84  1.28  2.16  4.52  5.84  6.45  6.84  6.12  5.60  5.05  4.08  3.35  3.39  3.15  2.42  2.06  1.41  0.55  0.32  0.13  0.07  0.04  0.03  0.03
 8 -70  0.04  0.12  0.21  0.41  0.83  1.26  2.13  4.41  5.85  6.49  6.92  6.15  5.59  5.01  4.32  3.67  3.46  3.13  2.40  2.06  1.45  0.56  0.33  0.13  0.07  0.04  0.03  0.03
 8 -65  0.04  0.12  0.20  0.40  0.80  1.21  2.04  4.20  5.84  6.58  7.16  6.57  5.88  5.17  4.86  4.43  3.92  3.14  2.23  1.90  1.30  0.52  0.35  0.14  0.07  0.04  0.03  0.03
 8 -60  0.04  0.12  0.19  0.39  0.78  1.17  1.98  4.05  5.80  6.69  7.39  6.98  6.18  5.39  5.36  5.18  4.39  3.20  2.06  1.74  1.15  0.48  0.30  0.15  0.07  0.04  0.03  0.03
 8 -55  0.04  0.11  0.19  0.38  0.77  1.16  1.95  3.96  5.79  6.89  7.65  7.50  6.67  5.86  5.64  5.62  4.71  3.24  1.89  1.58  1.00  0.41  0.29  0.15  0.07  0.04  0.03  0.03
 8 -50  0.04  0.12  0.19  0.39  0.78  1.17  1.97  4.00  6.00  7.21  8.03  7.97  7.22  6.28  5.96  6.07  5.08  3.21  1.74  1.43  0.87  0.36  0.28  0.15  0.07  0.04  0.03  0.03
 8 -45  0.04  0.12  0.20  0.39  0.79  1.19  2.00  4.06  6.10  7.31  8.37  8.45  7.98  7.17  6.44  6.11  5.06  3.15  1.69  1.40  0.80  0.34  0.26  0.14  0.07  0.04  0.03  0.03
 8 -40  0.04  0.12  0.19  0.39  0.78  1.18  1.98  4.03  5.87  7.25  8.36  8.63  8.23  7.61  6.62  6.11  5.08  3.07  1.68  1.37  0.78  0.31  0.24  0.12  0.06  0.04  0.03  0.03
 8 -35  0.04  0.11  0.19  0.37  0.75  1.13  1.90  3.86  5.66  6.89  8.16  8.66  8.54  7.95  6.87  6.22  4.91  2.78  1.45  1.15  0.63  0.25  0.19  0.10  0.06  0.04  0.03  0.03
 8 -30  0.04  0.11  0.18  0.36  0.72  1.08  1.81  3.68  5.48  6.71  8.04  8.74  8.71  8.15  6.97  6.27  4.79  2.60  1.19  0.93  0.45  0.19  0.08  0.06  0.05  0.04  0.03  0.03
 8 -25  0.04  0.11  0.18  0.36  0.71  1.08  1.81  3.68  5.47  6.64  7.96  8.81  9.01  8.50  7.22  6.49  4.65  2.26  0.92  0.70  0.31  0.06  0.04  0.03  0.03  0.03  0.03  0.03
 8 -20  0.04  0.11  0.18  0.35  0.71  1.07  1.80  3.67  5.54  6.71  8.06  8.97  9.27  9.09  7.60  6.71  4.48  1.96  0.64  0.46  0.16  0.04  0.03  0.03  0.03  0.03  0.03  0.03
 8 -15  0.03  0.10  0.17  0.34  0.67  1.01  1.70  3.46  5.21  6.61  8.17  9.27  9.58  9.61  8.08  6.88  4.13  1.73  0.58  0.41  0.14  0.03  0.03  0.02  0.02  0.03  0.03  0.03
 8 -10  0.03  0.10  0.16  0.33  0.66  1.00  1.67  3.39  5.05  6.37  8.08  9.36  9.70  9.62  8.32  7.08  3.91  1.53  0.53  0.38  0.12  0.03  0.02  0.02  0.02  0.03  0.03  0.03
 8  -5  0.03  0.10  0.16  0.33  0.66  0.99  1.66  3.37  4.83  5.97  8.01  9.44  9.48  9.50  8.50  7.19  4.08  1.57  0.52  0.38  0.12  0.03  0.02  0.02  0.02  0.02  0.03  0.03
 8   0  0.03  0.09  0.15  0.30  0.61  0.91  1.52  3.07  4.43  5.39  7.45  9.09  9.07  9.28  8.52  7.30  4.24  1.60  0.51  0.37  0.14  0.03  0.02  0.02  0.02  0.02  0.02  0.02
 8   5  0.03  0.09  0.16  0.32  0.63  0.95  1.59  3.22  4.61  5.64  7.50  9.36  9.66  9.61  8.53  7.38  4.45  1.73  0.59  0.42  0.16  0.03  0.02  0.02  0.02  0.02  0.02  0.02
 8  10  0.03  0.09  0.16  0.31  0.62  0.94  1.57  3.17  4.51  5.55  7.35  9.18  9.91  9.89  8.50  7.52  4.72  1.83  0.72  0.52  0.20  0.03  0.02  0.02  0.02  0.02  0.02  0.02
 8  15  0.03  0.10  0.16  0.32  0.64  0.96  1.60  3.24  4.59  5.77  7.51  9.28  9.92  9.82  8.27  7.37  4.76  1.91  0.79  0.58  0.21  0.03  0.02  0.02  0.02  0.03  0.03  0.02
 8  20  0.03  0.10  0.16  0.33  0.66  0.99  1.67  3.38  4.90  6.08  7.69  9.19  9.78  9.42  8.01  7.21  4.71  1.98  0.83  0.59  0.23  0.04  0.03  0.03  0.03  0.03  0.03  0.03
 8  25  0.03  0.10  0.16  0.32  0.65  0.98  1.63  3.30  4.72  5.92  7.76  9.05  9.40  9.19  7.84  6.96  4.62  2.06  0.88  0.62  0.24  0.05  0.03  0.03  0.03  0.04  0.03  0.03
 8  30  0.03  0.10  0.16  0.32  0.65  0.97  1.62  3.28  4.74  5.80  7.57  8.79  9.16  8.93  7.68  6.75  4.55  2.22  0.94  0.70  0.28  0.07  0.04  0.04  0.04  0.04  0.04  0.03
 8  35  0.03  0.10  0.16  0.32  0.64  0.97  1.62  3.28  4.77  5.81  7.53  8.68  8.93  8.70  7.52  6.58  4.49  2.30  1.04  0.79  0.35  0.09  0.05  0.04  0.04  0.04  0.04  0.03
 8  40  0.03  0.09  0.16  0.32  0.63  0.95  1.59  3.22  4.53  5.63  7.26  8.42  8.74  8.47  7.31  6.48  4.53  2.44  1.17  0.93  0.46  0.13  0.07  0.05  0.05  0.04  0.04  0.03
 8  45  0.03  0.09  0.15  0.31  0.62  0.93  1.56  3.16  4.51  5.57  7.10  8.01  8.18  7.85  6.80  6.12  4.45  2.53  1.35  1.11  0.68  0.29  0.11  0.07  0.06  0.05  0.04  0.04
 8  50  0.03  0.09  0.15  0.30  0.59  0.89  1.50  3.02  4.41  5.46  6.88  7.72  7.80  7.40  6.49  5.84  4.32  2.64  1.53  1.28  0.82  0.40  0.25  0.10  0.07  0.05  0.04  0.04
 8  55  0.03  0.08  0.14  0.28  0.56  0.84  1.40  2.83  4.12  5.11  6.51  7.28  7.27  6.81  5.98  5.43  4.07  2.67  1.65  1.39  0.90  0.45  0.29  0.12  0.08  0.05  0.04  0.04
 8  60  0.03  0.08  0.14  0.27  0.55  0.82  1.37  2.76  4.03  5.02  6.39  7.04  6.94  6.34  5.58  5.07  3.78  2.66  1.77  1.50  0.97  0.47  0.32  0.15  0.09  0.06  0.05  0.04
 8  65  0.03  0.08  0.13  0.26  0.53  0.80  1.33  2.68  3.91  4.87  6.17  6.63  6.39  5.72  4.98  4.48  3.42  2.55  1.82  1.56  1.03  0.51  0.36  0.21  0.10  0.06  0.05  0.04
 8  70  0.03  0.08  0.13  0.26  0.51  0.77  1.29  2.60  3.79  4.73  5.95  6.21  5.84  5.09  4.38  3.89  3.06  2.43  1.87  1.62  1.09  0.54  0.40  0.24  0.11  0.06  0.05  0.04
 8  75  0.03  0.08  0.13  0.25  0.50  0.76  1.27  2.55  3.74  4.67  5.73  5.71  5.22  4.44  3.90  3.54  2.97  2.39  1.90  1.65  1.12  0.56  0.41  0.26  0.12  0.06  0.05  0.04
 8  80  0.02  0.07  0.12  0.25  0.50  0.74  1.25  2.51  3.69  4.61  5.52  5.22  4.59  3.79  3.43  3.20  2.93  2.39  1.93  1.69  1.16  0.58  0.42  0.27  0.12  0.06  0.05  0.04
 8  85  0.02  0.07  0.12  0.25  0.50  0.74  1.25  2.52  3.69  4.62  5.53  5.23  4.60  3.79  3.43  3.20  2.93  2.39  1.93  1.69  1.16  0.58  0.42  0.27  0.13  0.07  0.05  0.04
 8  90  0.02  0.07  0.12  0.25  0.50  0.75  1.25  2.52  3.70  4.62  5.54  5.23  4.60  3.79  3.44  3.20  2.93  2.39  1.93  1.69  1.16  0.58  0.42  0.27  0.13  0.07  0.05  0.04
 9 -90  0.04  0.11  0.18  0.37  0.74  1.11  1.88  3.89  5.61  6.44  6.73  5.84  5.29  4.82  4.16  3.57  3.79  3.31  2.44  2.03  1.39  0.56  0.32  0.13  0.06  0.04  0.03  0.03
 9 -85  0.04  0.11  0.18  0.37  0.74  1.11  1.88  3.89  5.61  6.44  6.73  5.84  5.29  4.82  4.17  3.57  3.79  3.31  2.44  2.03  1.39  0.56  0.33  0.13  0.07  0.04  0.03  0.03
 9 -80  0.04  0.11  0.18  0.37  0.74  1.11  1.88  3.89  5.61  6.44  6.73  5.84  5.29  4.82  4.17  3.57  3.79  3.31  2.44  2.03  1.39  0.56  0.34  0.14  0.07  0.04  0.03  0.03
 9 -75  0.04  0.11  0.18  0.36  0.72  1.08  1.82  3.76  5.47  6.33  6.95  6.29  5.63  5.00  4.42  3.85  3.83  3.46  2.57  2.15  1.48  0.60  0.35  0.14  0.07  0.04  0.03  0.03
 9 -70  0.03  0.10  0.17  0.35  0.69  1.05  1.76  3.62  5.28  6.19  7.15  6.77  5.99  5.22  4.66  4.11  3.65  3.44  2.60  2.17  1.53  0.63  0.37  0.15  0.07  0.04  0.03  0.03
 9 -65  0.03  0.10  0.17  0.34  0.68  1.03  1.73  3.54  5.25  6.31  7.39  7.34  6.55  5.72  5.30  4.91  3.94  3.43  2.47  2.08  1.42  0.60  0.31  0.16  0.07  0.04  0.03  0.03
 9 -60  0.03  0.10  0.17  0.35  0.69  1.04  1.75  3.57  5.30  6.43  7.63  7.84  7.12  6.31  5.93  5.70  4.39  3.47  2.32  1.96  1.30  0.57  0.32  0.17  0.08  0.04  0.03  0.03
 9 -55  0.04  0.11  0.18  0.35  0.71  1.06  1.78  3.61  5.37  6.53  7.76  8.18  7.55  6.71  6.13  5.96  4.73  3.41  2.06  1.71  1.04  0.48  0.30  0.18  0.08  0.04  0.03  0.03
 9 -50  0.04  0.11  0.18  0.35  0.71  1.07  1.79  3.63  5.52  6.70  7.98  8.48  7.97  7.02  6.38  6.24  5.17  3.39  1.88  1.51  0.84  0.40  0.27  0.17  0.08  0.04  0.03  0.03
 9 -45  0.04  0.11  0.18  0.36  0.72  1.08  1.81  3.67  5.57  6.76  8.29  8.84  8.49  7.69  6.72  6.27  5.15  3.30  1.82  1.46  0.77  0.37  0.25  0.15  0.08  0.04  0.03  0.03
 9 -40  0.04  0.11  0.18  0.36  0.72  1.08  1.81  3.67  5.40  6.79  8.29  8.92  8.58  7.87  6.81  6.24  5.12  3.19  1.83  1.45  0.76  0.34  0.25  0.13  0.07  0.04  0.03  0.03
 9 -35  0.03  0.10  0.17  0.35  0.70  1.05  1.75  3.56  5.25  6.46  8.08  8.92  8.85  8.22  7.01  6.31  4.94  2.86  1.56  1.21  0.59  0.26  0.20  0.10  0.06  0.04  0.04  0.03
 9 -30  0.03  0.10  0.17  0.33  0.67  1.01  1.69  3.42  5.14  6.33  7.98  9.04  9.04  8.38  7.07  6.32  4.81  2.62  1.28  0.96  0.40  0.17  0.09  0.06  0.05  0.04  0.04  0.03
 9 -25  0.03  0.10  0.17  0.34  0.67  1.02  1.70  3.47  5.16  6.32  7.91  9.05  9.26  8.68  7.29  6.51  4.74  2.32  1.07  0.78  0.30  0.07  0.05  0.04  0.04  0.04  0.04  0.04
 9 -20  0.03  0.10  0.17  0.33  0.67  1.00  1.68  3.43  5.18  6.28  7.89  9.21  9.55  9.21  7.66  6.73  4.65  2.11  0.84  0.60  0.19  0.04  0.03  0.03  0.03  0.03  0.03  0.04
 9 -15  0.03  0.09  0.16  0.32  0.63  0.95  1.60  3.23  4.87  6.18  7.87  9.34  9.83  9.76  8.13  6.88  4.28  1.85  0.72  0.50  0.16  0.03  0.03  0.02  0.03  0.03  0.03  0.03
 9 -10  0.03  0.09  0.15  0.31  0.62  0.93  1.55  3.14  4.65  5.89  7.70  9.31  9.79  9.70  8.35  7.06  4.01  1.59  0.58  0.41  0.13  0.03  0.02  0.02  0.02  0.03  0.03  0.03
 9  -5  0.03  0.09  0.15  0.31  0.62  0.93  1.55  3.14  4.50  5.56  7.65  9.41  9.59  9.59  8.50  7.08  4.13  1.62  0.57  0.41  0.13  0.03  0.02  0.02  0.02  0.03  0.03  0.03
 9   0  0.03  0.09  0.14  0.29  0.58  0.87  1.45  2.91  4.12  5.03  7.01  8.95  9.08  9.29  8.47  7.14  4.25  1.65  0.56  0.40  0.14  0.03  0.02  0.02  0.02  0.02  0.03  0.02
 9   5  0.03  0.09  0.15  0.30  0.61  0.91  1.53  3.08  4.38  5.38  7.23  9.32  9.66  9.63  8.60  7.32  4.44  1.75  0.61  0.43  0.15  0.03  0.02  0.02  0.02  0.02  0.02  0.02
 9  10  0.03  0.09  0.15  0.30  0.61  0.92  1.53  3.09  4.42  5.50  7.23  9.19  9.94 10.00  8.65  7.54  4.67  1.82  0.70  0.49  0.17  0.03  0.02  0.02  0.02  0.02  0.02  0.02
 9  15  0.03  0.09  0.16  0.31  0.62  0.94  1.57  3.17  4.52  5.73  7.40  9.27 10.01 10.00  8.42  7.43  4.70  1.82  0.73  0.53  0.18  0.03  0.02  0.02  0.02  0.03  0.03  0.02
 9  20  0.03  0.10  0.16  0.32  0.65  0.97  1.63  3.31  4.88  6.14  7.70  9.17  9.83  9.58  8.11  7.26  4.63  1.84  0.74  0.53  0.19  0.03  0.03  0.03  0.03  0.03  0.03  0.03
 9  25  0.03  0.09  0.16  0.32  0.63  0.95  1.59  3.21  4.73  6.00  7.85  9.12  9.52  9.29  7.96  7.18  4.63  1.89  0.77  0.55  0.19  0.05  0.03  0.03  0.03  0.03  0.03  0.03
 9  30  0.03  0.10  0.16  0.32  0.64  0.96  1.60  3.24  4.76  5.91  7.67  8.90  9.28  8.95  7.87  7.13  4.63  2.01  0.80  0.59  0.22  0.06  0.04  0.03  0.03  0.04  0.03  0.03
 9  35  0.03  0.10  0.16  0.32  0.64  0.97  1.62  3.28  4.88  6.02  7.72  8.77  8.92  8.63  7.56  6.73  4.49  2.13  0.96  0.72  0.31  0.08  0.05  0.04  0.04  0.04  0.04  0.03
 9  40  0.03  0.10  0.16  0.32  0.65  0.97  1.63  3.29  4.77  5.99  7.64  8.54  8.62  8.23  7.17  6.41  4.47  2.35  1.18  0.92  0.44  0.12  0.07  0.05  0.04  0.04  0.04  0.03
 9  45  0.03  0.10  0.16  0.32  0.65  0.98  1.64  3.32  4.82  6.01  7.44  8.00  7.90  7.47  6.54  5.97  4.37  2.47  1.40  1.14  0.67  0.28  0.10  0.07  0.05  0.04  0.04  0.04
 9  50  0.03  0.10  0.16  0.32  0.65  0.97  1.63  3.30  4.90  6.07  7.31  7.71  7.42  6.88  6.12  5.63  4.26  2.62  1.59  1.31  0.81  0.38  0.23  0.09  0.06  0.04  0.04  0.04
 9  55  0.03  0.09  0.16  0.31  0.62  0.93  1.56  3.15  4.71  5.86  6.99  7.19  6.76  6.19  5.56  5.19  4.06  2.65  1.69  1.40  0.89  0.45  0.27  0.11  0.07  0.05  0.04  0.04
 9  60  0.03  0.09  0.15  0.31  0.62  0.93  1.56  3.14  4.72  5.89  6.94  6.92  6.34  5.67  5.11  4.80  3.81  2.63  1.79  1.50  0.95  0.47  0.29  0.17  0.08  0.05  0.04  0.04
 9  65  0.03  0.09  0.16  0.31  0.63  0.94  1.58  3.18  4.75  5.87  6.69  6.43  5.77  5.06  4.52  4.19  3.45  2.49  1.83  1.55  1.01  0.50  0.31  0.18  0.09  0.05  0.04  0.04
 9  70  0.03  0.09  0.16  0.32  0.63  0.95  1.60  3.22  4.78  5.86  6.44  5.95  5.19  4.46  3.92  3.58  3.09  2.34  1.88  1.61  1.07  0.52  0.34  0.20  0.09  0.05  0.04  0.04
 9  75  0.03  0.10  0.16  0.32  0.64  0.96  1.61  3.24  4.62  5.52  5.76  5.20  4.54  3.95  3.68  3.52  3.00  2.29  1.86  1.60  1.06  0.52  0.34  0.21  0.10  0.05  0.04  0.04
 9  80  0.03  0.10  0.16  0.32  0.64  0.96  1.61  3.26  4.45  5.17  5.08  4.46  3.89  3.44  3.44  3.48  2.95  2.28  1.87  1.60  1.07  0.52  0.34  0.22  0.10  0.05  0.04  0.04
 9  85  0.03  0.10  0.16  0.32  0.64  0.96  1.61  3.26  4.45  5.18  5.09  4.47  3.90  3.45  3.44  3.49  2.95  2.29  1.87  1.60  1.07  0.52  0.34  0.22  0.11  0.06  0.04  0.04
 9  90  0.03  0.10  0.16  0.32  0.64  0.96  1.61  3.26  4.46  5.19  5.10  4.48  3.90  3.45  3.44  3.49  2.95  2.29  1.87  1.60  1.07  0.52  0.34  0.22  0.11  0.06  0.04  0.04
10 -90  0.03  0.09  0.14  0.29  0.58  0.88  1.47  3.01  4.44  5.50  6.82  7.01  6.25  5.41  4.97  4.67  4.31  3.48  2.37  1.98  1.38  0.60  0.37  0.15  0.07  0.04  0.03  0.03
10 -85  0.03  0.09  0.14  0.29  0.58  0.88  1.48  3.01  4.44  5.50  6.82  7.01  6.25  5.41  4.97  4.68  4.31  3.48  2.38  1.98  1.38  0.60  0.38  0.15  0.07  0.04  0.03  0.03
10 -80  0.03  0.09  0.14  0.29  0.58  0.88  1.48  3.01  4.44  5.50  6.82  7.01  6.25  5.42  4.97  4.68  4.31  3.47  2.38  1.98  1.38  0.60  0.39  0.16  0.08  0.04  0.03  0.03
10 -75  0.03  0.09  0.15  0.29  0.58  0.88  1.48  3.01  4.44  5.50  6.87  7.29  6.64  5.84  5.43  5.27  4.48  3.82  2.64  2.19  1.51  0.66  0.31  0.17  0.08  0.04  0.03  0.03
10 -70  0.03  0.09  0.15  0.29  0.59  0.88  1.48  3.02  4.43  5.49  6.91  7.57  7.06  6.29  5.85  5.81  4.57  3.89  2.72  2.26  1.56  0.69  0.33  0.18  0.08  0.04  0.03  0.03
10 -65  0.03  0.09  0.15  0.30  0.60  0.91  1.52  3.10  4.57  5.67  7.14  7.93  7.51  6.74  6.37  6.36  4.78  3.84  2.62  2.18  1.44  0.65  0.34  0.19  0.09  0.04  0.03  0.03
10 -60  0.03  0.09  0.15  0.31  0.62  0.94  1.57  3.19  4.73  5.87  7.40  8.26  7.95  7.17  6.90  6.94  5.23  3.87  2.49  2.07  1.29  0.59  0.33  0.20  0.09  0.04  0.03  0.03
10 -55  0.03  0.09  0.16  0.32  0.63  0.96  1.60  3.25  4.83  5.97  7.54  8.46  8.20  7.41  6.84  6.68  5.21  3.55  2.16  1.77  1.05  0.48  0.30  0.19  0.09  0.04  0.03  0.03
10 -50  0.03  0.09  0.16  0.32  0.64  0.96  1.60  3.25  4.90  6.06  7.70  8.68  8.44  7.54  6.77  6.46  5.29  3.44  1.99  1.60  0.88  0.38  0.26  0.19  0.09  0.04  0.03  0.03
10 -45  0.03  0.09  0.16  0.31  0.63  0.94  1.58  3.19  4.91  6.06  7.94  9.04  8.86  8.10  7.13  6.73  5.51  3.52  1.99  1.60  0.86  0.36  0.24  0.15  0.08  0.04  0.04  0.03
10 -40  0.03  0.09  0.16  0.31  0.63  0.95  1.58  3.20  4.82  6.12  7.98  9.14  8.95  8.14  7.35  6.95  5.65  3.57  2.09  1.66  0.89  0.35  0.25  0.12  0.07  0.04  0.04  0.03
10 -35  0.03  0.09  0.16  0.31  0.62  0.94  1.57  3.17  4.68  5.82  7.74  9.07  9.15  8.53  7.48  6.94  5.32  3.04  1.64  1.28  0.64  0.25  0.16  0.09  0.06  0.04  0.04  0.03
10 -30  0.03  0.09  0.15  0.31  0.61  0.92  1.54  3.11  4.65  5.74  7.62  9.18  9.36  8.68  7.50  6.86  5.01  2.58  1.18  0.88  0.37  0.14  0.09  0.06  0.05  0.04  0.04  0.04
10 -25  0.03  0.09  0.16  0.31  0.63  0.94  1.58  3.19  4.72  5.82  7.60  9.13  9.46  8.90  7.60  6.88  4.75  2.16  0.99  0.71  0.27  0.07  0.05  0.04  0.04  0.04  0.04  0.04
10 -20  0.03  0.09  0.15  0.31  0.62  0.93  1.56  3.16  4.72  5.73  7.49  9.25  9.75  9.34  7.85  6.94  4.48  1.85  0.78  0.54  0.16  0.05  0.03  0.03  0.03  0.04  0.04  0.04
10 -15  0.03  0.09  0.15  0.30  0.59  0.89  1.49  3.00  4.50  5.66  7.38  9.23  9.96  9.82  8.24  7.08  4.22  1.74  0.69  0.47  0.13  0.04  0.03  0.03  0.03  0.03  0.03  0.03
10 -10  0.03  0.09  0.14  0.29  0.57  0.86  1.44  2.89  4.26  5.39  7.21  9.08  9.73  9.67  8.39  7.23  4.05  1.62  0.57  0.39  0.11  0.03  0.03  0.02  0.03  0.03  0.03  0.03
10  -5  0.03  0.09  0.14  0.29  0.58  0.87  1.45  2.90  4.20  5.18  7.27  9.15  9.52  9.53  8.53  7.24  4.14  1.65  0.55  0.37  0.11  0.03  0.02  0.02  0.02  0.03  0.03  0.03
10   0  0.03  0.08  0.14  0.28  0.56  0.85  1.41  2.83  3.92  4.82  6.69  8.71  9.03  9.20  8.49  7.32  4.22  1.67  0.51  0.35  0.11  0.03  0.02  0.02  0.02  0.02  0.02  0.02
10   5  0.03  0.09  0.15  0.30  0.59  0.89  1.48  2.99  4.22  5.21  7.00  9.09  9.43  9.49  8.59  7.36  4.37  1.74  0.58  0.39  0.13  0.02  0.02  0.02  0.02  0.02  0.02  0.02
10  10  0.03  0.09  0.15  0.30  0.60  0.90  1.50  3.02  4.37  5.44  7.07  8.93  9.63  9.81  8.59  7.43  4.55  1.79  0.67  0.47  0.15  0.02  0.02  0.02  0.02  0.02  0.02  0.02
10  15  0.03  0.09  0.15  0.30  0.61  0.92  1.53  3.09  4.47  5.64  7.17  8.96  9.72  9.84  8.30  7.27  4.54  1.75  0.70  0.50  0.16  0.03  0.02  0.02  0.02  0.03  0.03  0.03
10  20  0.03  0.09  0.16  0.32  0.63  0.95  1.60  3.23  4.82  6.09  7.50  8.85  9.56  9.47  7.93  7.03  4.47  1.78  0.71  0.51  0.17  0.03  0.02  0.02  0.03  0.03  0.03  0.03
10  25  0.03  0.09  0.15  0.31  0.62  0.93  1.56  3.15  4.76  6.05  7.74  8.91  9.34  9.11  7.72  7.01  4.50  1.84  0.73  0.53  0.18  0.04  0.03  0.03  0.03  0.03  0.03  0.03
10  30  0.03  0.10  0.16  0.32  0.64  0.96  1.61  3.25  4.84  6.07  7.66  8.77  9.12  8.70  7.65  6.99  4.54  1.93  0.75  0.55  0.21  0.06  0.04  0.03  0.03  0.03  0.03  0.03
10  35  0.03  0.10  0.16  0.33  0.66  0.99  1.67  3.37  5.10  6.36  7.87  8.62  8.59  8.23  7.26  6.53  4.42  2.03  0.92  0.69  0.32  0.09  0.05  0.04  0.03  0.03  0.03  0.03
10  40  0.03  0.10  0.17  0.34  0.68  1.02  1.71  3.46  5.21  6.53  7.99  8.43  8.12  7.59  6.74  6.17  4.41  2.26  1.18  0.92  0.47  0.22  0.08  0.05  0.04  0.04  0.03  0.03
10  45  0.04  0.11  0.18  0.36  0.71  1.07  1.80  3.64  5.35  6.64  7.75  7.75  7.32  6.84  6.16  5.78  4.39  2.48  1.44  1.17  0.70  0.31  0.17  0.07  0.05  0.04  0.04  0.03
10  50  0.04  0.11  0.18  0.36  0.73  1.10  1.84  3.74  5.65  6.84  7.66  7.43  6.79  6.17  5.73  5.48  4.40  2.73  1.66  1.36  0.85  0.38  0.22  0.09  0.06  0.04  0.04  0.03
10  55  0.04  0.11  0.18  0.37  0.73  1.10  1.85  3.74  5.61  6.66  7.21  6.80  6.12  5.58  5.30  5.21  4.33  2.76  1.74  1.43  0.91  0.45  0.25  0.15  0.07  0.04  0.04  0.03
10  60  0.04  0.11  0.19  0.38  0.75  1.13  1.90  3.83  5.69  6.70  7.05  6.44  5.69  5.17  4.98  4.94  4.20  2.72  1.82  1.50  0.96  0.47  0.27  0.16  0.08  0.05  0.04  0.03
10  65  0.04  0.12  0.19  0.39  0.77  1.16  1.94  3.93  5.65  6.48  6.61  5.90  5.18  4.72  4.57  4.52  3.86  2.62  1.90  1.59  1.05  0.49  0.28  0.17  0.08  0.05  0.04  0.03
10  70  0.04  0.12  0.20  0.39  0.79  1.18  1.98  4.01  5.59  6.27  6.16  5.35  4.68  4.27  4.16  4.09  3.51  2.51  1.99  1.68  1.14  0.51  0.29  0.17  0.09  0.05  0.04  0.03
10  75  0.04  0.12  0.19  0.39  0.78  1.17  1.97  3.99  5.23  5.64  5.42  4.72  4.19  3.89  3.83  3.76  3.33  2.48  2.02  1.72  1.17  0.52  0.29  0.18  0.09  0.05  0.04  0.04
10  80  0.04  0.12  0.19  0.39  0.78  1.17  1.96  3.97  4.87  5.02  4.67  4.09  3.71  3.53  3.49  3.43  3.17  2.50  2.07  1.76  1.22  0.54  0.30  0.19  0.09  0.05  0.04  0.04
10  85  0.04  0.12  0.19  0.39  0.78  1.17  1.96  3.97  4.87  5.02  4.68  4.10  3.72  3.53  3.50  3.44  3.17  2.50  2.07  1.76  1.22  0.54  0.30  0.19  0.11  0.05  0.04  0.04
10  90  0.04  0.12  0.19  0.39  0.78  1.17  1.96  3.98  4.88  5.03  4.69  4.11  3.73  3.53  3.50  3.44  3.17  2.50  2.07  1.76  1.22  0.54  0.30  0.19  0.11  0.05  0.04  0.04
11 -90  0.02  0.07  0.12  0.25  0.50  0.75  1.26  2.57  3.67  4.56  6.29  7.29  7.13  6.40  5.95  6.04  5.16  3.93  2.75  2.28  1.53  0.65  0.31  0.16  0.10  0.04  0.03  0.02
11 -85  0.02  0.07  0.12  0.25  0.50  0.75  1.27  2.57  3.67  4.56  6.29  7.28  7.13  6.40  5.96  6.05  5.16  3.93  2.75  2.28  1.53  0.65  0.31  0.21  0.10  0.04  0.03  0.03
11 -80  0.02  0.07  0.12  0.25  0.50  0.75  1.27  2.57  3.67  4.56  6.29  7.28  7.13  6.40  5.96  6.05  5.15  3.93  2.75  2.28  1.53  0.65  0.31  0.16  0.09  0.04  0.03  0.03
11 -75  0.03  0.08  0.13  0.25  0.51  0.76  1.28  2.60  3.73  4.64  6.31  7.39  7.30  6.58  6.28  6.44  5.40  4.08  2.88  2.39  1.60  0.69  0.32  0.17  0.09  0.04  0.03  0.03
11 -70  0.03  0.08  0.13  0.26  0.51  0.77  1.30  2.63  3.80  4.71  6.33  7.48  7.48  6.75  6.59  6.79  5.58  4.06  2.86  2.38  1.59  0.72  0.34  0.18  0.09  0.04  0.03  0.03
11 -65  0.03  0.08  0.13  0.26  0.53  0.80  1.34  2.71  3.94  4.88  6.54  7.74  7.76  7.03  6.84  6.94  5.55  3.86  2.65  2.20  1.42  0.66  0.34  0.19  0.10  0.04  0.03  0.03
11 -60  0.03  0.08  0.14  0.27  0.55  0.82  1.38  2.81  4.09  5.06  6.76  8.00  8.04  7.29  7.08  7.12  5.55  3.69  2.41  1.99  1.22  0.60  0.33  0.19  0.10  0.04  0.03  0.03
11 -55  0.03  0.08  0.14  0.28  0.57  0.85  1.43  2.90  4.22  5.21  6.93  8.24  8.33  7.61  7.00  6.73  5.27  3.38  2.05  1.68  0.96  0.47  0.29  0.19  0.10  0.05  0.03  0.03
11 -50  0.03  0.08  0.14  0.28  0.57  0.86  1.43  2.91  4.26  5.29  7.06  8.50  8.61  7.82  6.87  6.35  5.11  3.24  1.83  1.46  0.76  0.35  0.24  0.18  0.09  0.05  0.03  0.03
11 -45  0.03  0.08  0.14  0.28  0.56  0.84  1.40  2.83  4.23  5.23  7.18  8.85  9.00  8.34  7.14  6.55  5.29  3.29  1.83  1.45  0.74  0.31  0.22  0.14  0.08  0.04  0.03  0.03
11 -40  0.03  0.08  0.14  0.28  0.55  0.83  1.39  2.80  4.24  5.32  7.30  9.01  9.18  8.42  7.37  6.71  5.36  3.30  1.92  1.51  0.77  0.31  0.22  0.10  0.06  0.04  0.04  0.03
11 -35  0.03  0.08  0.14  0.28  0.56  0.85  1.42  2.85  4.10  5.09  7.09  8.92  9.29  8.83  7.53  6.80  5.02  2.83  1.48  1.14  0.54  0.23  0.13  0.08  0.05  0.04  0.04  0.03
11 -30  0.03  0.08  0.14  0.28  0.56  0.85  1.42  2.85  4.17  5.11  7.06  9.03  9.49  8.98  7.63  6.84  4.70  2.37  1.04  0.76  0.30  0.14  0.08  0.06  0.05  0.04  0.04  0.03
11 -25  0.03  0.09  0.15  0.29  0.58  0.88  1.47  2.96  4.31  5.33  7.21  9.05  9.52  9.07  7.63  6.79  4.49  2.06  0.91  0.64  0.23  0.08  0.05  0.04  0.04  0.04  0.04  0.03
11 -20  0.03  0.09  0.14  0.29  0.58  0.87  1.45  2.93  4.35  5.30  7.16  9.21  9.81  9.39  7.80  6.78  4.31  1.87  0.75  0.51  0.14  0.05  0.04  0.03  0.03  0.04  0.04  0.03
11 -15  0.03  0.09  0.14  0.28  0.57  0.85  1.42  2.85  4.26  5.29  7.03  9.16 10.02  9.76  8.08  6.91  4.13  1.77  0.67  0.45  0.13  0.04  0.03  0.03  0.03  0.03  0.03  0.03
11 -10  0.03  0.08  0.14  0.28  0.55  0.83  1.38  2.76  4.05  5.12  6.95  8.95  9.67  9.60  8.18  7.07  4.02  1.63  0.57  0.39  0.12  0.03  0.03  0.03  0.03  0.03  0.03  0.03
11  -5  0.03  0.08  0.14  0.28  0.56  0.84  1.39  2.78  4.09  5.08  7.16  8.98  9.45  9.41  8.23  7.03  4.04  1.59  0.55  0.37  0.12  0.03  0.02  0.02  0.02  0.03  0.03  0.02
11   0  0.03  0.09  0.14  0.29  0.57  0.86  1.44  2.87  3.98  4.94  6.78  8.68  9.10  9.11  8.17  7.07  4.02  1.55  0.51  0.35  0.12  0.03  0.02  0.02  0.02  0.03  0.02  0.02
11   5  0.03  0.09  0.15  0.29  0.59  0.89  1.48  2.97  4.26  5.24  7.06  8.92  9.20  9.30  8.30  7.09  4.19  1.61  0.55  0.37  0.12  0.03  0.02  0.02  0.02  0.02  0.02  0.02
11  10  0.03  0.09  0.15  0.30  0.60  0.90  1.50  3.01  4.40  5.46  7.03  8.66  9.22  9.46  8.31  7.15  4.36  1.67  0.60  0.41  0.13  0.03  0.02  0.02  0.02  0.03  0.03  0.02
11  15  0.03  0.09  0.15  0.30  0.61  0.91  1.52  3.07  4.52  5.67  7.05  8.58  9.20  9.39  7.97  6.98  4.26  1.62  0.62  0.44  0.15  0.03  0.03  0.02  0.02  0.03  0.03  0.03
11  20  0.03  0.09  0.16  0.31  0.63  0.95  1.59  3.21  4.85  6.13  7.38  8.44  9.04  9.04  7.58  6.74  4.19  1.65  0.62  0.45  0.16  0.03  0.03  0.03  0.03  0.03  0.03  0.03
11  25  0.03  0.09  0.16  0.31  0.63  0.94  1.57  3.17  4.91  6.21  7.65  8.54  8.85  8.57  7.27  6.70  4.26  1.79  0.70  0.52  0.19  0.04  0.03  0.03  0.03  0.03  0.03  0.03
11  30  0.03  0.10  0.16  0.33  0.66  0.99  1.66  3.37  5.07  6.39  7.68  8.44  8.65  8.14  7.18  6.65  4.36  1.91  0.75  0.56  0.23  0.07  0.04  0.03  0.03  0.03  0.03  0.03
11  35  0.03  0.10  0.17  0.35  0.70  1.06  1.77  3.58  5.45  6.81  7.97  8.30  8.10  7.71  6.92  6.37  4.49  2.10  0.96  0.73  0.36  0.16  0.06  0.04  0.04  0.03  0.03  0.03
11  40  0.04  0.11  0.18  0.37  0.74  1.11  1.86  3.76  5.73  7.14  8.17  8.14  7.59  7.03  6.48  6.16  4.71  2.43  1.28  0.98  0.51  0.22  0.09  0.06  0.04  0.04  0.03  0.03
11  45  0.04  0.12  0.19  0.39  0.78  1.17  1.96  3.98  5.87  7.20  7.82  7.42  6.83  6.42  6.07  5.90  4.74  2.67  1.55  1.25  0.76  0.34  0.20  0.08  0.06  0.04  0.04  0.03
11  50  0.04  0.12  0.20  0.41  0.82  1.24  2.08  4.22  6.25  7.36  7.69  7.04  6.28  5.74  5.72  5.72  4.83  2.92  1.78  1.45  0.92  0.44  0.25  0.15  0.07  0.04  0.04  0.03
11  55  0.04  0.12  0.21  0.41  0.83  1.25  2.09  4.25  6.12  6.95  7.07  6.32  5.68  5.32  5.43  5.55  4.72  2.97  1.85  1.53  1.03  0.50  0.27  0.17  0.07  0.04  0.04  0.03
11  60  0.04  0.13  0.21  0.42  0.84  1.26  2.11  4.27  6.04  6.81  6.71  5.89  5.31  5.06  5.22  5.36  4.54  2.95  1.93  1.62  1.14  0.53  0.28  0.17  0.08  0.04  0.04  0.03
11  65  0.04  0.12  0.20  0.41  0.81  1.22  2.05  4.15  5.85  6.53  6.43  5.65  5.16  4.95  4.99  5.01  4.37  2.94  2.09  1.78  1.30  0.59  0.30  0.18  0.08  0.04  0.04  0.03
11  70  0.04  0.12  0.20  0.40  0.80  1.21  2.03  4.11  5.64  6.24  6.16  5.42  5.01  4.86  4.76  4.65  4.20  2.93  2.25  1.94  1.45  0.65  0.32  0.19  0.08  0.05  0.04  0.03
11  75  0.04  0.12  0.20  0.40  0.80  1.20  2.01  4.11  5.39  5.87  5.70  4.73  4.21  4.03  3.96  3.85  3.62  2.82  2.17  1.87  1.38  0.60  0.29  0.17  0.09  0.05  0.04  0.04
11  80  0.04  0.12  0.20  0.39  0.79  1.18  1.99  4.08  5.13  5.50  5.24  4.04  3.40  3.21  3.16  3.06  3.07  2.74  2.10  1.80  1.32  0.56  0.26  0.15  0.09  0.05  0.04  0.04
11  85  0.04  0.12  0.20  0.39  0.79  1.18  1.99  4.08  5.13  5.51  5.25  4.05  3.41  3.21  3.16  3.06  3.07  2.74  2.10  1.80  1.32  0.56  0.26  0.15  0.10  0.05  0.04  0.04
11  90  0.04  0.12  0.20  0.39  0.79  1.18  1.99  4.08  5.14  5.52  5.26  4.06  3.41  3.21  3.17  3.07  3.08  2.74  2.10  1.80  1.32  0.56  0.26  0.15  0.10  0.05  0.04  0.04
12 -90  0.02  0.07  0.11  0.22  0.45  0.67  1.13  2.29  3.29  4.08  5.78  6.98  6.87  6.05  5.61  5.40  4.99  3.62  2.57  2.14  1.37  0.65  0.33  0.18  0.08  0.05  0.03  0.02
12 -85  0.02  0.07  0.11  0.22  0.45  0.67  1.13  2.29  3.29  4.08  5.77  6.97  6.87  6.06  5.61  5.40  4.99  3.62  2.57  2.14  1.37  0.65  0.33  0.18  0.08  0.05  0.03  0.02
12 -80  0.02  0.07  0.11  0.22  0.45  0.67  1.13  2.30  3.29  4.08  5.77  6.97  6.87  6.06  5.61  5.40  4.99  3.62  2.57  2.14  1.37  0.65  0.33  0.18  0.08  0.05  0.03  0.02
12 -75  0.02  0.07  0.11  0.23  0.46  0.69  1.16  2.36  3.37  4.16  5.80  7.05  7.02  6.24  5.79  5.58  5.11  3.61  2.56  2.14  1.38  0.65  0.34  0.18  0.11  0.05  0.03  0.02
12 -70  0.02  0.07  0.12  0.23  0.47  0.71  1.19  2.42  3.46  4.25  5.84  7.14  7.17  6.41  5.97  5.76  5.20  3.57  2.48  2.08  1.34  0.63  0.34  0.18  0.11  0.04  0.03  0.03
12 -65  0.02  0.07  0.12  0.24  0.49  0.74  1.23  2.51  3.59  4.40  6.02  7.41  7.54  6.83  6.33  6.07  5.21  3.43  2.26  1.90  1.19  0.56  0.33  0.18  0.10  0.04  0.03  0.03
12 -60  0.03  0.08  0.13  0.25  0.51  0.77  1.29  2.62  3.73  4.56  6.22  7.68  7.90  7.24  6.69  6.38  5.23  3.31  2.06  1.71  1.03  0.49  0.31  0.18  0.11  0.05  0.03  0.03
12 -55  0.03  0.08  0.13  0.27  0.53  0.80  1.35  2.74  3.90  4.78  6.45  7.98  8.30  7.76  7.00  6.52  5.07  3.07  1.77  1.46  0.82  0.41  0.27  0.18  0.11  0.05  0.03  0.03
12 -50  0.03  0.08  0.13  0.27  0.54  0.81  1.36  2.77  3.97  4.90  6.60  8.28  8.70  8.17  7.24  6.65  5.00  2.89  1.54  1.23  0.64  0.32  0.22  0.18  0.09  0.05  0.03  0.03
12 -45  0.03  0.08  0.13  0.27  0.53  0.80  1.34  2.72  3.93  4.82  6.67  8.62  9.08  8.64  7.23  6.42  4.90  2.80  1.49  1.18  0.60  0.27  0.18  0.13  0.08  0.04  0.03  0.03
12 -40  0.03  0.08  0.13  0.26  0.53  0.80  1.33  2.68  3.99  4.95  6.89  8.87  9.35  8.81  7.26  6.20  4.69  2.68  1.52  1.20  0.61  0.24  0.16  0.09  0.06  0.04  0.03  0.03
12 -35  0.03  0.08  0.14  0.27  0.55  0.82  1.37  2.75  3.86  4.77  6.75  8.81  9.36  9.11  7.58  6.66  4.60  2.40  1.20  0.92  0.42  0.19  0.10  0.06  0.05  0.04  0.04  0.03
12 -30  0.03  0.08  0.14  0.28  0.55  0.83  1.38  2.77  3.99  4.88  6.84  8.96  9.53  9.15  7.89  7.11  4.51  2.11  0.89  0.64  0.25  0.12  0.07  0.05  0.04  0.04  0.04  0.03
12 -25  0.03  0.09  0.14  0.28  0.57  0.86  1.43  2.88  4.15  5.16  7.14  9.09  9.55  9.15  7.82  7.01  4.36  1.90  0.79  0.55  0.19  0.07  0.05  0.04  0.04  0.04  0.04  0.03
12 -20  0.03  0.08  0.14  0.28  0.56  0.85  1.41  2.82  4.23  5.23  7.18  9.30  9.88  9.37  7.91  6.96  4.26  1.77  0.67  0.45  0.12  0.05  0.04  0.03  0.03  0.04  0.04  0.03
12 -15  0.03  0.08  0.14  0.28  0.56  0.84  1.40  2.80  4.25  5.24  7.07  9.32 10.13  9.66  8.04  6.99  4.13  1.70  0.61  0.40  0.11  0.04  0.03  0.03  0.03  0.03  0.03  0.03
12 -10  0.03  0.08  0.14  0.28  0.55  0.83  1.38  2.74  4.09  5.20  7.09  9.13  9.77  9.58  8.06  7.05  4.05  1.59  0.53  0.35  0.11  0.03  0.03  0.03  0.03  0.03  0.03  0.03
12  -5  0.03  0.08  0.14  0.28  0.56  0.83  1.39  2.75  4.20  5.30  7.44  9.09  9.56  9.40  7.89  6.73  3.95  1.54  0.51  0.34  0.13  0.03  0.02  0.02  0.02  0.03  0.03  0.02
12   0  0.03  0.09  0.15  0.30  0.59  0.89  1.49  2.98  4.29  5.38  7.30  9.03  9.47  9.24  7.70  6.47  3.77  1.45  0.46  0.32  0.13  0.03  0.02  0.02  0.02  0.03  0.02  0.02
12   5  0.03  0.09  0.15  0.30  0.60  0.90  1.50  3.02  4.51  5.55  7.51  9.03  9.20  9.21  7.87  6.63  4.00  1.53  0.51  0.34  0.12  0.03  0.02  0.02  0.02  0.03  0.03  0.02
12  10  0.03  0.09  0.15  0.30  0.61  0.91  1.52  3.07  4.56  5.71  7.31  8.61  8.91  9.05  7.94  6.85  4.21  1.64  0.56  0.38  0.13  0.03  0.03  0.02  0.03  0.03  0.03  0.03
12  15  0.03  0.09  0.15  0.31  0.61  0.92  1.53  3.09  4.67  5.87  7.21  8.40  8.74  8.85  7.54  6.63  4.09  1.63  0.61  0.42  0.14  0.03  0.03  0.03  0.03  0.03  0.03  0.03
12  20  0.03  0.09  0.16  0.31  0.63  0.95  1.59  3.21  4.90  6.24  7.43  8.23  8.61  8.53  7.14  6.38  4.06  1.71  0.63  0.46  0.16  0.04  0.03  0.03  0.03  0.03  0.03  0.03
12  25  0.03  0.09  0.15  0.31  0.62  0.93  1.56  3.14  4.95  6.21  7.53  8.26  8.42  8.00  6.92  6.52  4.26  1.95  0.77  0.58  0.22  0.05  0.04  0.03  0.03  0.03  0.03  0.03
12  30  0.03  0.10  0.16  0.33  0.66  0.98  1.65  3.34  5.03  6.35  7.50  8.12  8.24  7.63  6.95  6.66  4.50  2.11  0.86  0.65  0.27  0.08  0.05  0.04  0.03  0.03  0.03  0.03
12  35  0.03  0.10  0.17  0.35  0.69  1.04  1.75  3.55  5.37  6.68  7.74  7.97  7.76  7.34  6.90  6.60  4.78  2.31  1.08  0.84  0.44  0.21  0.08  0.05  0.04  0.03  0.03  0.03
12  40  0.04  0.11  0.18  0.37  0.73  1.10  1.85  3.75  5.60  6.92  7.87  7.83  7.32  6.76  6.61  6.56  5.12  2.64  1.42  1.10  0.63  0.29  0.16  0.08  0.05  0.04  0.03  0.03
12  45  0.04  0.11  0.19  0.38  0.77  1.16  1.94  3.93  5.66  6.90  7.54  7.22  6.69  6.39  6.26  6.20  5.07  3.01  1.69  1.39  0.87  0.41  0.24  0.15  0.06  0.04  0.04  0.03
12  50  0.04  0.12  0.20  0.41  0.81  1.22  2.05  4.17  6.04  7.03  7.35  6.80  6.18  5.80  5.89  5.92  5.07  3.36  1.95  1.61  1.04  0.51  0.28  0.19  0.07  0.04  0.04  0.03
12  55  0.04  0.12  0.20  0.41  0.82  1.23  2.06  4.18  5.90  6.60  6.78  6.20  5.77  5.59  5.68  5.74  4.91  3.39  2.08  1.73  1.19  0.58  0.31  0.20  0.08  0.04  0.04  0.03
12  60  0.04  0.12  0.20  0.40  0.81  1.22  2.04  4.14  5.77  6.39  6.45  5.85  5.55  5.51  5.51  5.52  4.69  3.34  2.22  1.86  1.33  0.64  0.33  0.20  0.08  0.04  0.04  0.04
12  65  0.04  0.12  0.21  0.42  0.84  1.26  2.12  4.32  5.76  6.36  6.41  5.74  5.43  5.39  5.29  5.20  4.53  3.23  2.27  1.93  1.40  0.65  0.31  0.18  0.08  0.05  0.04  0.04
12  70  0.04  0.13  0.21  0.43  0.86  1.30  2.18  4.47  5.72  6.31  6.35  5.64  5.31  5.27  5.06  4.88  4.39  3.12  2.32  1.99  1.47  0.67  0.29  0.16  0.09  0.05  0.04  0.04
12  75  0.04  0.12  0.21  0.41  0.83  1.26  2.12  4.36  5.49  6.09  6.11  5.24  4.82  4.78  4.60  4.43  4.18  3.13  2.34  2.01  1.47  0.66  0.30  0.17  0.09  0.05  0.04  0.04
12  80  0.04  0.12  0.20  0.40  0.80  1.20  2.03  4.21  5.29  5.86  5.87  4.84  4.35  4.26  4.13  3.99  3.97  3.15  2.35  2.02  1.48  0.65  0.32  0.19  0.10  0.05  0.04  0.04
12  85  0.04  0.12  0.20  0.40  0.80  1.20  2.04  4.21  5.29  5.87  5.88  4.85  4.36  4.27  4.14  3.99  3.97  3.15  2.35  2.02  1.48  0.65  0.32  0.19  0.10  0.05  0.04  0.04
12  90  0.04  0.12  0.20  0.40  0.80  1.20  2.04  4.22  5.30  5.88  5.89  4.86  4.37  4.27  4.14  4.00  3.97  3.15  2.35  2.02  1.48  0.65  0.32  0.19  0.10  0.05  0.04  0.04
