     0.010
     0.030
     0.050
     0.100
     0.200
     0.300
     0.500
     1.000
     1.500
     2.000
     3.000
     5.000
     7.000
    10.000
    15.000
    20.000
    30.000
    50.000
    70.000
    80.000
   100.000
   150.000
   200.000
   250.000
   300.000
   400.000
   500.000
   600.000
 1 -90  0.02  0.07  0.11  0.22  0.43  0.64  1.03  1.89  2.69  3.24  4.50  5.50  5.49  4.95  4.28  3.80  3.59  2.85  1.93  1.56  0.95  0.38  0.28  0.18  0.09  0.05  0.03  0.02
 1 -85  0.02  0.07  0.11  0.22  0.43  0.64  1.03  1.89  2.69  3.24  4.51  5.50  5.49  4.95  4.28  3.80  3.59  2.85  1.93  1.56  0.95  0.38  0.28  0.18  0.09  0.05  0.03  0.02
 1 -80  0.02  0.07  0.11  0.22  0.43  0.64  1.03  1.88  2.68  3.24  4.51  5.50  5.49  4.94  4.28  3.80  3.59  2.85  1.93  1.56  0.95  0.38  0.28  0.18  0.09  0.04  0.03  0.02
 1 -75  0.02  0.07  0.11  0.23  0.45  0.66  1.06  1.95  2.75  3.32  4.53  5.63  5.74  5.23  4.61  4.18  3.88  2.92  1.92  1.54  0.93  0.38  0.28  0.18  0.09  0.04  0.03  0.02
 1 -70  0.02  0.07  0.12  0.23  0.46  0.68  1.10  2.02  2.82  3.39  4.54  5.76  5.98  5.51  4.95  4.56  4.17  2.99  1.91  1.53  0.92  0.38  0.27  0.17  0.08  0.04  0.03  0.02
 1 -65  0.02  0.07  0.12  0.24  0.48  0.70  1.14  2.09  2.92  3.51  4.70  6.09  6.45  6.07  5.56  5.20  4.36  2.96  1.82  1.45  0.86  0.36  0.26  0.16  0.07  0.04  0.03  0.02
 1 -60  0.03  0.08  0.13  0.25  0.50  0.73  1.18  2.17  3.01  3.62  4.86  6.41  6.91  6.64  6.18  5.85  4.55  2.92  1.74  1.37  0.80  0.33  0.24  0.15  0.07  0.04  0.03  0.03
 1 -55  0.03  0.08  0.14  0.27  0.53  0.78  1.26  2.31  3.18  3.78  5.03  6.71  7.34  7.25  6.60  6.14  4.39  2.66  1.50  1.18  0.63  0.26  0.19  0.12  0.07  0.04  0.03  0.03
 1 -50  0.03  0.08  0.14  0.27  0.54  0.79  1.28  2.35  3.24  3.83  5.14  7.02  7.81  7.76  6.97  6.40  4.21  2.36  1.20  0.93  0.47  0.19  0.14  0.09  0.06  0.04  0.04  0.03
 1 -45  0.03  0.08  0.14  0.27  0.54  0.79  1.29  2.44  3.36  3.98  5.34  7.26  8.12  8.13  7.16  6.46  4.21  2.32  1.14  0.88  0.45  0.19  0.13  0.07  0.06  0.04  0.04  0.03
 1 -40  0.03  0.08  0.14  0.27  0.54  0.80  1.32  2.54  3.46  4.10  5.49  7.50  8.44  8.54  7.36  6.53  4.22  2.26  1.07  0.82  0.41  0.17  0.10  0.06  0.05  0.05  0.04  0.03
 1 -35  0.03  0.08  0.14  0.28  0.55  0.82  1.35  2.61  3.62  4.30  5.74  7.76  8.69  8.73  7.56  6.72  4.23  1.99  0.86  0.66  0.32  0.14  0.08  0.06  0.05  0.05  0.04  0.04
 1 -30  0.03  0.08  0.14  0.28  0.56  0.83  1.37  2.68  3.73  4.43  5.94  7.98  8.90  8.97  7.76  6.90  4.25  1.72  0.66  0.50  0.22  0.10  0.06  0.05  0.05  0.05  0.04  0.04
 1 -25  0.03  0.09  0.14  0.28  0.57  0.84  1.39  2.71  3.83  4.57  6.14  8.23  9.14  9.21  7.86  6.89  4.21  1.59  0.56  0.42  0.18  0.07  0.05  0.04  0.04  0.05  0.04  0.04
 1 -20  0.03  0.08  0.14  0.28  0.55  0.83  1.38  2.76  3.93  4.72  6.38  8.49  9.35  9.42  7.93  6.86  4.15  1.44  0.47  0.35  0.15  0.05  0.04  0.04  0.04  0.04  0.04  0.04
 1 -15  0.03  0.08  0.14  0.28  0.55  0.83  1.38  2.77  3.99  4.86  6.62  8.70  9.50  9.58  8.08  6.99  4.06  1.38  0.42  0.32  0.14  0.05  0.04  0.03  0.04  0.04  0.04  0.03
 1 -10  0.03  0.08  0.14  0.27  0.54  0.82  1.37  2.79  4.10  5.00  6.87  8.96  9.76  9.79  8.25  7.11  3.94  1.32  0.37  0.29  0.09  0.04  0.03  0.03  0.03  0.04  0.04  0.03
 1  -5  0.03  0.08  0.14  0.27  0.54  0.82  1.37  2.79  4.10  5.03  6.86  8.91  9.65  9.67  8.14  7.01  3.82  1.28  0.36  0.28  0.07  0.04  0.03  0.03  0.03  0.03  0.03  0.03
 1   0  0.03  0.09  0.15  0.29  0.58  0.86  1.42  2.74  4.10  5.04  6.90  8.83  9.49  9.53  8.03  6.92  3.73  1.24  0.34  0.27  0.06  0.04  0.03  0.03  0.03  0.03  0.03  0.03
 1   5  0.03  0.09  0.15  0.29  0.58  0.87  1.42  2.76  4.07  5.00  6.74  8.59  9.23  9.21  7.83  6.84  3.86  1.36  0.40  0.31  0.06  0.04  0.03  0.03  0.03  0.04  0.04  0.04
 1  10  0.03  0.09  0.15  0.30  0.59  0.87  1.43  2.77  4.07  4.96  6.67  8.40  8.98  8.92  7.64  6.76  3.99  1.46  0.46  0.34  0.07  0.04  0.03  0.03  0.04  0.04  0.04  0.04
 1  15  0.03  0.09  0.15  0.30  0.59  0.88  1.45  2.78  4.04  4.92  6.56  8.15  8.62  8.50  7.32  6.47  3.97  1.52  0.46  0.34  0.07  0.04  0.04  0.04  0.04  0.04  0.04  0.04
 1  20  0.03  0.09  0.15  0.31  0.61  0.90  1.47  2.78  4.01  4.85  6.41  7.89  8.23  8.08  6.99  6.19  3.91  1.55  0.48  0.35  0.12  0.05  0.04  0.04  0.04  0.04  0.04  0.04
 1  25  0.03  0.09  0.15  0.31  0.61  0.91  1.49  2.87  4.06  4.93  6.35  7.57  7.81  7.64  6.85  6.24  4.21  1.78  0.65  0.48  0.21  0.06  0.05  0.05  0.05  0.05  0.05  0.04
 1  30  0.03  0.10  0.16  0.33  0.64  0.95  1.55  2.90  4.12  4.96  6.27  7.28  7.37  7.15  6.65  6.28  4.49  2.04  0.84  0.64  0.30  0.10  0.08  0.06  0.05  0.05  0.05  0.05
 1  35  0.03  0.10  0.17  0.34  0.67  1.00  1.62  3.01  4.21  5.05  6.18  7.00  7.04  6.77  6.40  6.14  4.81  2.45  1.21  0.94  0.49  0.23  0.15  0.08  0.07  0.05  0.05  0.05
 1  40  0.04  0.11  0.18  0.36  0.70  1.04  1.69  3.11  4.32  5.16  6.13  6.72  6.70  6.45  6.20  6.00  5.12  2.84  1.56  1.23  0.67  0.34  0.20  0.12  0.08  0.06  0.05  0.05
 1  45  0.04  0.11  0.18  0.37  0.72  1.07  1.73  3.21  4.40  5.21  6.01  6.48  6.45  6.21  6.09  6.01  5.17  3.07  1.78  1.44  0.85  0.43  0.24  0.15  0.09  0.06  0.05  0.05
 1  50  0.04  0.11  0.19  0.37  0.74  1.09  1.78  3.33  4.43  5.24  5.90  6.23  6.21  6.04  6.02  6.02  5.22  3.30  2.00  1.65  1.04  0.53  0.28  0.17  0.10  0.06  0.05  0.05
 1  55  0.04  0.11  0.19  0.38  0.74  1.10  1.78  3.30  4.25  5.00  5.64  6.06  6.06  5.91  5.72  5.59  4.89  3.27  2.13  1.78  1.19  0.60  0.34  0.20  0.11  0.06  0.05  0.05
 1  60  0.04  0.12  0.19  0.39  0.76  1.12  1.82  3.39  4.28  4.98  5.54  5.93  5.94  5.74  5.45  5.25  4.63  3.29  2.31  1.95  1.35  0.66  0.40  0.22  0.11  0.06  0.05  0.05
 1  65  0.04  0.11  0.19  0.38  0.75  1.10  1.79  3.30  4.17  4.88  5.52  6.04  6.08  5.87  5.49  5.22  4.45  3.26  2.28  1.93  1.34  0.66  0.38  0.22  0.11  0.06  0.05  0.05
 1  70  0.04  0.11  0.19  0.37  0.73  1.08  1.75  3.21  4.06  4.77  5.50  6.14  6.22  6.00  5.53  5.20  4.27  3.23  2.25  1.91  1.33  0.66  0.36  0.21  0.11  0.06  0.05  0.05
 1  75  0.04  0.11  0.18  0.35  0.70  1.03  1.65  2.99  3.76  4.43  5.19  5.76  5.76  5.44  4.97  4.64  3.99  3.15  2.34  2.03  1.52  0.70  0.37  0.23  0.11  0.06  0.05  0.05
 1  80  0.04  0.10  0.17  0.34  0.67  0.98  1.56  2.74  3.47  4.09  4.88  5.38  5.29  4.88  4.41  4.08  3.71  3.06  2.44  2.16  1.70  0.74  0.39  0.24  0.11  0.06  0.05  0.05
 1  85  0.04  0.10  0.17  0.34  0.67  0.98  1.56  2.74  3.47  4.08  4.86  5.37  5.28  4.87  4.40  4.08  3.71  3.06  2.44  2.16  1.70  0.74  0.39  0.24  0.11  0.06  0.05  0.05
 1  90  0.04  0.10  0.17  0.34  0.67  0.98  1.56  2.74  3.46  4.07  4.85  5.36  5.27  4.87  4.40  4.07  3.71  3.06  2.44  2.16  1.70  0.74  0.39  0.24  0.11  0.06  0.05  0.05
 2 -90  0.03  0.08  0.14  0.27  0.53  0.78  1.26  2.31  3.19  3.82  4.81  5.13  4.82  4.24  3.93  3.74  3.44  2.71  1.89  1.54  0.97  0.38  0.26  0.18  0.11  0.05  0.03  0.02
 2 -85  0.03  0.08  0.14  0.27  0.53  0.78  1.26  2.30  3.19  3.82  4.81  5.14  4.82  4.24  3.93  3.74  3.44  2.71  1.89  1.54  0.97  0.38  0.26  0.18  0.11  0.04  0.03  0.02
 2 -80  0.03  0.08  0.14  0.27  0.53  0.78  1.26  2.30  3.19  3.82  4.82  5.14  4.83  4.24  3.93  3.73  3.44  2.71  1.88  1.54  0.97  0.38  0.26  0.18  0.11  0.04  0.03  0.02
 2 -75  0.03  0.08  0.14  0.27  0.53  0.78  1.25  2.28  3.18  3.83  4.91  5.49  5.30  4.72  4.32  4.07  3.63  2.73  1.89  1.54  0.95  0.36  0.26  0.18  0.10  0.04  0.03  0.02
 2 -70  0.03  0.08  0.13  0.27  0.52  0.77  1.24  2.27  3.18  3.83  4.99  5.84  5.78  5.21  4.72  4.40  3.81  2.74  1.91  1.54  0.94  0.35  0.26  0.17  0.09  0.04  0.03  0.02
 2 -65  0.03  0.08  0.14  0.27  0.53  0.79  1.27  2.32  3.25  3.92  5.15  6.24  6.34  5.82  5.24  4.84  4.05  2.71  1.82  1.46  0.88  0.34  0.25  0.16  0.08  0.04  0.03  0.02
 2 -60  0.03  0.08  0.14  0.28  0.55  0.80  1.30  2.37  3.31  4.00  5.31  6.64  6.90  6.43  5.75  5.28  4.29  2.68  1.73  1.38  0.82  0.32  0.23  0.15  0.08  0.04  0.03  0.03
 2 -55  0.03  0.09  0.15  0.29  0.58  0.85  1.36  2.48  3.44  4.11  5.42  6.91  7.31  7.04  6.30  5.78  4.23  2.49  1.47  1.16  0.63  0.25  0.18  0.11  0.07  0.05  0.03  0.03
 2 -50  0.03  0.09  0.15  0.30  0.58  0.86  1.38  2.50  3.46  4.10  5.46  7.18  7.77  7.55  6.78  6.25  4.17  2.26  1.13  0.87  0.44  0.19  0.12  0.09  0.06  0.04  0.04  0.03
 2 -45  0.03  0.09  0.15  0.29  0.58  0.86  1.39  2.58  3.57  4.24  5.63  7.40  8.08  7.95  7.02  6.37  4.19  2.16  1.08  0.83  0.41  0.18  0.11  0.07  0.05  0.04  0.04  0.03
 2 -40  0.03  0.09  0.15  0.29  0.58  0.86  1.41  2.67  3.66  4.34  5.75  7.60  8.37  8.35  7.26  6.50  4.23  2.06  1.01  0.77  0.36  0.16  0.09  0.06  0.05  0.04  0.04  0.03
 2 -35  0.03  0.09  0.15  0.29  0.58  0.87  1.42  2.72  3.78  4.49  5.94  7.82  8.62  8.60  7.45  6.64  4.19  1.84  0.84  0.63  0.29  0.12  0.07  0.05  0.05  0.04  0.04  0.04
 2 -30  0.03  0.09  0.15  0.29  0.59  0.87  1.43  2.76  3.85  4.59  6.09  8.01  8.83  8.87  7.63  6.76  4.15  1.63  0.66  0.49  0.21  0.09  0.06  0.05  0.04  0.04  0.04  0.04
 2 -25  0.03  0.09  0.15  0.29  0.58  0.86  1.42  2.75  3.88  4.62  6.17  8.22  9.11  9.20  7.80  6.81  4.10  1.53  0.55  0.41  0.17  0.06  0.04  0.04  0.04  0.04  0.04  0.04
 2 -20  0.03  0.08  0.14  0.28  0.56  0.84  1.39  2.76  3.89  4.64  6.29  8.47  9.38  9.49  7.96  6.86  4.04  1.42  0.45  0.33  0.14  0.05  0.04  0.04  0.04  0.04  0.04  0.03
 2 -15  0.03  0.08  0.14  0.27  0.55  0.82  1.36  2.70  3.86  4.69  6.42  8.65  9.60  9.75  8.15  6.99  3.99  1.34  0.41  0.31  0.14  0.04  0.03  0.03  0.03  0.04  0.04  0.03
 2 -10  0.03  0.08  0.13  0.27  0.54  0.80  1.34  2.67  3.88  4.71  6.55  8.91  9.91 10.01  8.35  7.11  3.94  1.25  0.38  0.29  0.09  0.04  0.03  0.03  0.03  0.03  0.03  0.03
 2  -5  0.03  0.08  0.13  0.27  0.53  0.80  1.33  2.66  3.85  4.69  6.52  8.91  9.87  9.95  8.12  6.74  3.81  1.24  0.38  0.29  0.07  0.04  0.03  0.03  0.03  0.03  0.03  0.03
 2   0  0.03  0.09  0.14  0.29  0.57  0.84  1.37  2.58  3.81  4.63  6.50  8.83  9.74  9.84  7.88  6.39  3.71  1.25  0.38  0.30  0.06  0.03  0.03  0.03  0.03  0.03  0.03  0.03
 2   5  0.03  0.09  0.14  0.29  0.57  0.84  1.38  2.63  3.83  4.68  6.45  8.69  9.55  9.55  7.87  6.60  3.82  1.36  0.44  0.34  0.06  0.03  0.03  0.03  0.03  0.04  0.04  0.04
 2  10  0.03  0.09  0.14  0.29  0.57  0.84  1.38  2.67  3.89  4.73  6.48  8.57  9.36  9.33  7.85  6.79  3.94  1.47  0.50  0.37  0.06  0.04  0.03  0.03  0.03  0.04  0.04  0.04
 2  15  0.03  0.09  0.14  0.29  0.57  0.85  1.40  2.70  3.88  4.72  6.40  8.35  9.05  8.97  7.68  6.75  4.06  1.57  0.53  0.39  0.07  0.04  0.04  0.04  0.04  0.04  0.05  0.04
 2  20  0.03  0.09  0.15  0.30  0.59  0.88  1.43  2.71  3.88  4.69  6.30  8.09  8.66  8.58  7.49  6.68  4.14  1.65  0.57  0.41  0.09  0.05  0.04  0.04  0.04  0.05  0.05  0.05
 2  25  0.03  0.09  0.15  0.30  0.60  0.89  1.46  2.80  3.96  4.80  6.32  7.83  8.25  8.13  7.20  6.50  4.37  1.82  0.71  0.52  0.21  0.07  0.06  0.05  0.05  0.05  0.05  0.05
 2  30  0.03  0.10  0.16  0.32  0.63  0.93  1.52  2.84  4.04  4.86  6.31  7.57  7.81  7.62  6.86  6.30  4.58  2.03  0.87  0.65  0.28  0.16  0.09  0.07  0.06  0.05  0.05  0.05
 2  35  0.03  0.10  0.17  0.33  0.66  0.98  1.58  2.93  4.16  5.02  6.31  7.33  7.44  7.18  6.59  6.18  4.81  2.53  1.25  0.96  0.48  0.29  0.20  0.10  0.07  0.06  0.05  0.05
 2  40  0.04  0.11  0.18  0.35  0.69  1.02  1.64  3.01  4.30  5.19  6.36  7.08  7.06  6.78  6.38  6.07  5.05  3.01  1.60  1.26  0.67  0.42  0.27  0.14  0.09  0.06  0.05  0.05
 2  45  0.04  0.11  0.18  0.36  0.71  1.05  1.70  3.15  4.43  5.33  6.29  6.84  6.79  6.49  6.19  6.00  5.14  3.24  1.88  1.51  0.89  0.51  0.31  0.19  0.11  0.06  0.05  0.05
 2  50  0.04  0.11  0.18  0.37  0.72  1.07  1.75  3.29  4.55  5.44  6.27  6.62  6.56  6.29  6.07  5.92  5.22  3.49  2.16  1.77  1.12  0.61  0.36  0.21  0.12  0.07  0.06  0.05
 2  55  0.04  0.11  0.19  0.38  0.75  1.11  1.79  3.35  4.51  5.37  6.10  6.43  6.36  6.13  5.87  5.68  5.14  3.52  2.26  1.89  1.26  0.65  0.40  0.23  0.12  0.07  0.06  0.05
 2  60  0.04  0.12  0.20  0.40  0.78  1.16  1.88  3.51  4.67  5.53  6.10  6.31  6.20  5.93  5.69  5.53  5.11  3.60  2.41  2.03  1.39  0.70  0.44  0.25  0.12  0.07  0.06  0.05
 2  65  0.04  0.12  0.20  0.40  0.78  1.16  1.87  3.47  4.51  5.29  5.86  6.19  6.17  5.95  5.63  5.41  4.92  3.46  2.46  2.09  1.48  0.74  0.43  0.25  0.12  0.07  0.06  0.05
 2  70  0.04  0.12  0.20  0.40  0.78  1.15  1.86  3.43  4.34  5.05  5.61  6.08  6.13  5.96  5.57  5.29  4.71  3.32  2.50  2.15  1.57  0.79  0.42  0.26  0.12  0.07  0.06  0.05
 2  75  0.04  0.12  0.20  0.39  0.77  1.14  1.84  3.37  4.09  4.68  5.48  6.24  6.40  6.23  5.73  5.38  4.69  3.25  2.54  2.18  1.60  0.82  0.44  0.26  0.13  0.07  0.06  0.05
 2  80  0.04  0.12  0.20  0.39  0.77  1.13  1.82  3.31  3.84  4.31  5.34  6.39  6.67  6.50  5.89  5.46  4.66  3.18  2.57  2.22  1.64  0.86  0.45  0.26  0.13  0.07  0.06  0.05
 2  85  0.04  0.12  0.20  0.39  0.77  1.13  1.82  3.31  3.84  4.30  5.32  6.38  6.66  6.49  5.89  5.46  4.66  3.18  2.57  2.22  1.64  0.86  0.45  0.26  0.14  0.07  0.06  0.05
 2  90  0.04  0.12  0.20  0.39  0.77  1.13  1.82  3.31  3.83  4.29  5.31  6.36  6.65  6.49  5.88  5.45  4.66  3.18  2.57  2.22  1.64  0.86  0.45  0.26  0.14  0.07  0.06  0.05
 3 -90  0.04  0.12  0.20  0.39  0.77  1.13  1.79  3.18  4.00  4.61  4.78  4.69  4.46  4.06  3.62  3.36  3.41  2.64  1.94  1.60  1.03  0.41  0.24  0.16  0.08  0.04  0.03  0.02
 3 -85  0.04  0.12  0.20  0.39  0.77  1.13  1.79  3.18  4.00  4.62  4.79  4.70  4.46  4.05  3.61  3.36  3.41  2.64  1.94  1.59  1.03  0.41  0.24  0.16  0.08  0.04  0.03  0.02
 3 -80  0.04  0.12  0.20  0.39  0.77  1.12  1.79  3.18  4.00  4.62  4.79  4.70  4.46  4.05  3.61  3.35  3.41  2.64  1.94  1.59  1.03  0.41  0.24  0.16  0.08  0.04  0.03  0.02
 3 -75  0.04  0.11  0.19  0.37  0.73  1.07  1.71  3.04  4.00  4.71  5.20  5.23  4.95  4.46  3.94  3.61  3.50  2.66  1.92  1.56  0.98  0.40  0.24  0.15  0.08  0.04  0.03  0.02
 3 -70  0.04  0.11  0.18  0.36  0.70  1.02  1.64  2.91  4.01  4.82  5.62  5.76  5.43  4.86  4.26  3.87  3.57  2.67  1.91  1.54  0.94  0.39  0.23  0.15  0.07  0.04  0.03  0.03
 3 -65  0.04  0.11  0.17  0.35  0.68  1.00  1.59  2.86  4.00  4.83  5.82  6.23  6.00  5.42  4.86  4.48  3.76  2.65  1.80  1.45  0.88  0.37  0.22  0.14  0.08  0.04  0.03  0.03
 3 -60  0.03  0.10  0.17  0.34  0.66  0.97  1.56  2.80  3.98  4.83  6.02  6.70  6.57  5.99  5.46  5.09  3.95  2.63  1.69  1.35  0.82  0.35  0.21  0.13  0.08  0.04  0.03  0.03
 3 -55  0.03  0.10  0.17  0.34  0.67  0.98  1.57  2.83  4.00  4.82  6.07  7.00  7.02  6.57  6.01  5.61  4.17  2.52  1.48  1.18  0.67  0.27  0.17  0.11  0.07  0.04  0.03  0.03
 3 -50  0.03  0.10  0.17  0.34  0.66  0.97  1.55  2.77  3.91  4.69  6.06  7.31  7.50  7.06  6.51  6.11  4.39  2.38  1.20  0.95  0.52  0.20  0.13  0.08  0.06  0.04  0.04  0.03
 3 -45  0.03  0.10  0.16  0.33  0.64  0.95  1.52  2.78  3.93  4.72  6.13  7.51  7.84  7.50  6.63  6.03  4.26  2.27  1.10  0.87  0.47  0.18  0.10  0.06  0.05  0.04  0.04  0.03
 3 -40  0.03  0.10  0.16  0.32  0.63  0.93  1.51  2.80  3.94  4.72  6.17  7.70  8.16  7.94  6.77  5.97  4.14  2.14  1.01  0.79  0.41  0.16  0.09  0.05  0.04  0.04  0.04  0.03
 3 -35  0.03  0.09  0.16  0.31  0.62  0.92  1.49  2.81  3.99  4.79  6.27  7.90  8.45  8.30  7.27  6.56  4.22  1.93  0.83  0.64  0.31  0.12  0.07  0.05  0.04  0.04  0.04  0.03
 3 -30  0.03  0.09  0.16  0.31  0.61  0.91  1.48  2.81  4.00  4.81  6.34  8.07  8.71  8.67  7.76  7.13  4.30  1.73  0.64  0.48  0.20  0.08  0.05  0.04  0.04  0.04  0.04  0.03
 3 -25  0.03  0.09  0.15  0.30  0.60  0.89  1.45  2.77  3.95  4.73  6.28  8.20  8.98  9.04  7.97  7.21  4.22  1.51  0.51  0.38  0.15  0.06  0.04  0.04  0.04  0.04  0.04  0.03
 3 -20  0.03  0.09  0.14  0.29  0.57  0.86  1.41  2.74  3.86  4.61  6.23  8.36  9.25  9.38  8.16  7.28  4.13  1.29  0.38  0.28  0.10  0.04  0.03  0.03  0.03  0.04  0.04  0.03
 3 -15  0.03  0.09  0.14  0.28  0.56  0.84  1.38  2.67  3.75  4.53  6.15  8.40  9.45  9.71  8.25  7.18  4.09  1.29  0.38  0.28  0.11  0.04  0.03  0.03  0.03  0.04  0.03  0.03
 3 -10  0.03  0.08  0.14  0.28  0.55  0.82  1.35  2.62  3.68  4.41  6.08  8.51  9.72 10.04  8.33  7.06  4.04  1.29  0.39  0.29  0.12  0.03  0.03  0.03  0.03  0.03  0.03  0.03
 3  -5  0.03  0.08  0.14  0.27  0.54  0.81  1.33  2.59  3.62  4.34  5.99  8.49  9.71 10.05  8.29  6.96  3.99  1.28  0.39  0.29  0.07  0.03  0.03  0.03  0.03  0.03  0.03  0.03
 3   0  0.03  0.09  0.15  0.29  0.57  0.84  1.36  2.52  3.54  4.23  5.89  8.37  9.59 10.00  8.23  6.88  3.97  1.30  0.39  0.30  0.13  0.03  0.03  0.03  0.03  0.03  0.03  0.03
 3   5  0.03  0.09  0.14  0.29  0.57  0.84  1.37  2.58  3.61  4.35  5.97  8.37  9.50  9.78  8.20  6.99  4.04  1.39  0.44  0.33  0.06  0.03  0.03  0.03  0.03  0.04  0.04  0.03
 3  10  0.03  0.09  0.14  0.28  0.56  0.84  1.37  2.64  3.73  4.50  6.12  8.39  9.43  9.63  8.15  7.06  4.10  1.47  0.49  0.37  0.07  0.04  0.03  0.03  0.03  0.04  0.04  0.04
 3  15  0.03  0.09  0.14  0.29  0.57  0.85  1.39  2.69  3.78  4.56  6.13  8.27  9.20  9.32  7.87  6.81  4.13  1.52  0.50  0.37  0.08  0.04  0.04  0.04  0.04  0.04  0.05  0.05
 3  20  0.03  0.09  0.15  0.30  0.59  0.88  1.43  2.73  3.84  4.61  6.17  8.12  8.89  8.96  7.56  6.53  4.12  1.57  0.52  0.38  0.15  0.05  0.04  0.04  0.04  0.05  0.05  0.05
 3  25  0.03  0.09  0.15  0.30  0.60  0.89  1.46  2.78  3.90  4.72  6.26  7.98  8.60  8.59  7.38  6.48  4.32  1.86  0.71  0.53  0.24  0.08  0.06  0.06  0.05  0.05  0.05  0.05
 3  30  0.03  0.09  0.16  0.31  0.62  0.92  1.49  2.80  3.98  4.79  6.31  7.85  8.27  8.16  7.15  6.42  4.49  2.17  0.90  0.69  0.34  0.18  0.10  0.08  0.06  0.06  0.05  0.05
 3  35  0.03  0.10  0.16  0.32  0.64  0.94  1.53  2.83  4.05  4.91  6.39  7.74  7.99  7.75  6.92  6.32  4.58  2.56  1.27  1.01  0.56  0.30  0.22  0.11  0.08  0.06  0.05  0.05
 3  40  0.03  0.10  0.17  0.33  0.66  0.97  1.56  2.85  4.16  5.06  6.55  7.62  7.69  7.38  6.73  6.25  4.66  2.95  1.61  1.31  0.78  0.43  0.29  0.15  0.10  0.06  0.06  0.05
 3  45  0.03  0.10  0.17  0.34  0.66  0.98  1.58  2.92  4.26  5.20  6.56  7.43  7.42  7.03  6.45  6.05  4.86  3.18  1.87  1.53  0.95  0.54  0.34  0.20  0.11  0.07  0.06  0.05
 3  50  0.03  0.10  0.17  0.34  0.67  0.99  1.60  3.01  4.37  5.33  6.63  7.28  7.18  6.77  6.23  5.85  5.05  3.43  2.12  1.75  1.13  0.65  0.41  0.23  0.13  0.07  0.06  0.06
 3  55  0.04  0.11  0.17  0.35  0.68  1.01  1.64  3.06  4.39  5.36  6.53  7.06  6.92  6.52  6.05  5.72  5.04  3.52  2.27  1.89  1.26  0.73  0.46  0.26  0.14  0.07  0.06  0.06
 3  60  0.04  0.11  0.18  0.36  0.72  1.06  1.73  3.21  4.61  5.60  6.60  6.92  6.69  6.24  5.90  5.66  5.08  3.66  2.46  2.05  1.39  0.80  0.50  0.28  0.14  0.07  0.06  0.06
 3  65  0.04  0.11  0.19  0.38  0.74  1.10  1.77  3.29  4.59  5.53  6.38  6.66  6.46  6.06  5.71  5.46  4.92  3.64  2.53  2.15  1.52  0.85  0.54  0.31  0.14  0.07  0.06  0.05
 3  70  0.04  0.12  0.19  0.39  0.76  1.13  1.82  3.38  4.58  5.45  6.15  6.40  6.23  5.88  5.51  5.25  4.75  3.62  2.60  2.24  1.65  0.90  0.57  0.34  0.14  0.07  0.06  0.05
 3  75  0.04  0.12  0.19  0.39  0.76  1.13  1.82  3.36  4.45  5.24  5.91  6.31  6.27  5.99  5.45  5.07  4.62  3.61  2.62  2.27  1.69  0.94  0.56  0.33  0.14  0.07  0.06  0.05
 3  80  0.04  0.12  0.20  0.39  0.76  1.13  1.82  3.35  4.31  5.02  5.67  6.22  6.30  6.10  5.39  4.88  4.49  3.60  2.66  2.31  1.74  0.98  0.56  0.32  0.13  0.08  0.06  0.05
 3  85  0.04  0.12  0.20  0.39  0.76  1.13  1.82  3.34  4.31  5.01  5.66  6.20  6.29  6.10  5.38  4.88  4.49  3.60  2.66  2.31  1.74  0.98  0.56  0.32  0.13  0.08  0.06  0.05
 3  90  0.04  0.12  0.20  0.39  0.76  1.13  1.82  3.34  4.30  5.01  5.65  6.19  6.28  6.09  5.38  4.87  4.48  3.60  2.65  2.31  1.74  0.98  0.56  0.32  0.13  0.08  0.06  0.05
 4 -90  0.05  0.16  0.26  0.51  0.99  1.44  2.25  3.72  4.06  4.38  4.56  4.58  4.36  3.96  3.45  3.16  2.90  2.78  2.01  1.63  1.02  0.41  0.25  0.16  0.08  0.04  0.03  0.02
 4 -85  0.05  0.16  0.26  0.51  0.99  1.44  2.25  3.72  4.06  4.38  4.56  4.58  4.36  3.96  3.45  3.16  2.90  2.78  2.01  1.63  1.02  0.41  0.25  0.16  0.08  0.04  0.03  0.03
 4 -80  0.05  0.16  0.26  0.51  0.99  1.44  2.25  3.72  4.06  4.38  4.56  4.58  4.37  3.95  3.45  3.15  2.90  2.78  2.01  1.63  1.02  0.41  0.25  0.16  0.08  0.04  0.03  0.03
 4 -75  0.05  0.15  0.25  0.49  0.96  1.40  2.19  3.69  4.35  4.91  5.11  5.04  4.77  4.33  3.83  3.55  3.26  2.77  1.98  1.61  1.01  0.39  0.24  0.15  0.07  0.04  0.03  0.03
 4 -70  0.05  0.15  0.24  0.48  0.93  1.36  2.14  3.66  4.65  5.45  5.65  5.48  5.17  4.70  4.22  3.93  3.60  2.76  1.96  1.59  1.01  0.38  0.23  0.14  0.07  0.04  0.03  0.03
 4 -65  0.05  0.14  0.23  0.46  0.90  1.31  2.07  3.61  4.74  5.63  6.01  5.95  5.66  5.18  4.73  4.43  3.84  2.75  1.86  1.50  0.94  0.35  0.20  0.13  0.07  0.04  0.03  0.03
 4 -60  0.04  0.13  0.22  0.44  0.86  1.27  2.01  3.55  4.83  5.81  6.37  6.42  6.16  5.65  5.24  4.95  4.09  2.73  1.75  1.41  0.87  0.32  0.18  0.11  0.07  0.04  0.03  0.03
 4 -55  0.04  0.13  0.21  0.43  0.83  1.22  1.95  3.47  4.78  5.75  6.51  6.79  6.58  6.14  5.83  5.59  4.35  2.61  1.56  1.23  0.69  0.27  0.14  0.09  0.06  0.04  0.03  0.03
 4 -50  0.04  0.12  0.20  0.40  0.79  1.16  1.85  3.30  4.62  5.59  6.59  7.16  7.03  6.53  6.35  6.20  4.60  2.46  1.30  1.00  0.51  0.21  0.10  0.08  0.05  0.04  0.03  0.03
 4 -45  0.04  0.12  0.19  0.38  0.75  1.10  1.77  3.17  4.49  5.44  6.60  7.39  7.37  6.91  6.41  6.07  4.46  2.32  1.22  0.95  0.49  0.20  0.10  0.06  0.05  0.04  0.03  0.03
 4 -40  0.04  0.11  0.18  0.36  0.72  1.05  1.69  3.05  4.37  5.28  6.61  7.62  7.71  7.30  6.51  5.95  4.32  2.17  1.15  0.89  0.46  0.18  0.09  0.06  0.04  0.04  0.03  0.03
 4 -35  0.04  0.10  0.17  0.35  0.68  1.01  1.62  2.98  4.28  5.19  6.60  7.83  8.08  7.79  6.75  6.03  4.20  1.96  0.98  0.76  0.38  0.15  0.07  0.05  0.04  0.04  0.03  0.03
 4 -30  0.03  0.10  0.17  0.33  0.65  0.97  1.57  2.90  4.17  5.04  6.57  8.03  8.45  8.27  6.99  6.10  4.08  1.74  0.80  0.62  0.30  0.09  0.05  0.04  0.04  0.04  0.03  0.03
 4 -25  0.03  0.10  0.16  0.32  0.63  0.94  1.52  2.84  4.06  4.89  6.42  8.12  8.72  8.72  7.41  6.48  4.12  1.56  0.61  0.46  0.21  0.06  0.04  0.03  0.03  0.03  0.03  0.03
 4 -20  0.03  0.09  0.15  0.31  0.61  0.90  1.47  2.78  3.91  4.67  6.25  8.24  9.03  9.13  7.82  6.86  4.16  1.39  0.42  0.31  0.12  0.04  0.03  0.03  0.03  0.03  0.03  0.03
 4 -15  0.03  0.09  0.15  0.30  0.59  0.88  1.44  2.72  3.79  4.55  6.09  8.17  9.16  9.45  8.06  7.06  4.17  1.34  0.40  0.30  0.12  0.03  0.03  0.03  0.03  0.03  0.03  0.03
 4 -10  0.03  0.09  0.15  0.30  0.59  0.87  1.41  2.67  3.69  4.40  5.95  8.18  9.33  9.75  8.31  7.25  4.15  1.28  0.37  0.28  0.12  0.03  0.03  0.03  0.03  0.03  0.03  0.03
 4  -5  0.03  0.09  0.15  0.29  0.58  0.86  1.40  2.64  3.63  4.32  5.85  8.16  9.36  9.81  8.36  7.27  4.17  1.29  0.37  0.28  0.12  0.03  0.03  0.03  0.03  0.03  0.03  0.03
 4   0  0.03  0.09  0.15  0.30  0.59  0.87  1.40  2.58  3.56  4.21  5.73  8.04  9.27  9.80  8.39  7.31  4.21  1.33  0.37  0.28  0.12  0.03  0.03  0.03  0.03  0.03  0.03  0.03
 4   5  0.03  0.09  0.15  0.30  0.58  0.86  1.40  2.63  3.62  4.34  5.85  8.13  9.24  9.62  8.31  7.29  4.28  1.43  0.54  0.39  0.14  0.03  0.03  0.03  0.03  0.03  0.03  0.03
 4  10  0.03  0.09  0.15  0.29  0.58  0.86  1.40  2.68  3.75  4.51  6.04  8.24  9.25  9.51  8.22  7.24  4.33  1.51  0.69  0.50  0.16  0.03  0.03  0.03  0.03  0.04  0.04  0.04
 4  15  0.03  0.09  0.15  0.29  0.58  0.86  1.41  2.72  3.80  4.57  6.09  8.19  9.11  9.26  7.99  7.05  4.30  1.57  0.72  0.52  0.16  0.04  0.03  0.03  0.04  0.04  0.05  0.04
 4  20  0.03  0.09  0.15  0.30  0.60  0.88  1.44  2.74  3.85  4.64  6.19  8.13  8.89  8.97  7.73  6.82  4.23  1.62  0.76  0.54  0.17  0.06  0.04  0.04  0.05  0.05  0.05  0.05
 4  25  0.03  0.09  0.15  0.30  0.60  0.89  1.45  2.75  3.87  4.67  6.23  8.05  8.74  8.76  7.61  6.78  4.37  1.83  0.86  0.64  0.26  0.09  0.07  0.06  0.06  0.06  0.05  0.05
 4  30  0.03  0.09  0.15  0.30  0.60  0.89  1.46  2.75  3.88  4.68  6.22  7.97  8.55  8.48  7.45  6.71  4.49  2.07  0.97  0.74  0.35  0.17  0.10  0.08  0.07  0.06  0.06  0.05
 4  35  0.03  0.09  0.15  0.31  0.60  0.90  1.45  2.70  3.84  4.64  6.18  7.88  8.35  8.20  7.24  6.56  4.47  2.35  1.26  1.00  0.56  0.32  0.17  0.10  0.08  0.06  0.06  0.05
 4  40  0.03  0.09  0.16  0.31  0.61  0.90  1.45  2.65  3.83  4.64  6.23  7.78  8.15  7.93  7.07  6.43  4.45  2.64  1.53  1.26  0.76  0.45  0.30  0.13  0.09  0.07  0.06  0.05
 4  45  0.03  0.09  0.15  0.31  0.60  0.89  1.44  2.65  3.83  4.66  6.20  7.63  7.93  7.61  6.77  6.17  4.49  2.85  1.75  1.43  0.89  0.53  0.35  0.18  0.11  0.07  0.06  0.06
 4  50  0.03  0.09  0.15  0.30  0.59  0.87  1.42  2.66  3.86  4.68  6.24  7.54  7.74  7.36  6.51  5.92  4.54  3.07  1.95  1.60  1.03  0.62  0.41  0.24  0.13  0.07  0.06  0.06
 4  55  0.03  0.09  0.15  0.30  0.59  0.87  1.42  2.65  3.85  4.68  6.21  7.38  7.47  7.04  6.22  5.62  4.65  3.23  2.08  1.73  1.15  0.67  0.46  0.26  0.14  0.08  0.06  0.06
 4  60  0.03  0.09  0.15  0.31  0.61  0.90  1.46  2.73  4.01  4.90  6.35  7.28  7.23  6.71  5.95  5.40  4.81  3.43  2.26  1.88  1.26  0.72  0.51  0.29  0.15  0.08  0.06  0.06
 4  65  0.03  0.09  0.16  0.31  0.61  0.91  1.48  2.76  4.02  4.88  6.18  6.94  6.84  6.32  5.73  5.31  4.75  3.44  2.38  1.99  1.34  0.81  0.58  0.34  0.16  0.08  0.06  0.06
 4  70  0.03  0.09  0.16  0.31  0.62  0.92  1.49  2.79  4.02  4.87  6.02  6.60  6.45  5.93  5.52  5.22  4.68  3.45  2.49  2.09  1.42  0.91  0.66  0.39  0.17  0.08  0.06  0.06
 4  75  0.03  0.10  0.16  0.32  0.63  0.94  1.52  2.85  4.00  4.80  5.71  6.16  6.01  5.58  5.32  5.14  4.66  3.51  2.56  2.17  1.52  0.96  0.66  0.39  0.16  0.08  0.06  0.06
 4  80  0.03  0.10  0.16  0.33  0.65  0.96  1.55  2.91  3.99  4.72  5.41  5.72  5.58  5.22  5.12  5.06  4.63  3.57  2.63  2.25  1.62  1.01  0.66  0.38  0.15  0.08  0.06  0.06
 4  85  0.03  0.10  0.16  0.33  0.65  0.96  1.55  2.91  3.98  4.72  5.40  5.70  5.57  5.21  5.12  5.06  4.63  3.56  2.63  2.25  1.62  1.01  0.66  0.38  0.15  0.09  0.06  0.06
 4  90  0.03  0.10  0.16  0.33  0.64  0.96  1.55  2.91  3.97  4.71  5.38  5.69  5.56  5.21  5.12  5.06  4.62  3.56  2.63  2.25  1.62  1.01  0.66  0.38  0.15  0.09  0.06  0.06
 5 -90  0.06  0.17  0.28  0.56  1.07  1.54  2.36  3.63  4.26  4.76  4.61  4.28  3.83  3.37  3.36  3.38  3.29  2.70  1.97  1.60  1.00  0.40  0.23  0.14  0.06  0.03  0.03  0.03
 5 -85  0.06  0.17  0.28  0.56  1.07  1.54  2.35  3.63  4.26  4.76  4.61  4.28  3.83  3.37  3.36  3.38  3.29  2.70  1.97  1.60  1.00  0.40  0.23  0.14  0.06  0.03  0.03  0.03
 5 -80  0.06  0.17  0.28  0.56  1.07  1.54  2.35  3.63  4.26  4.76  4.62  4.28  3.83  3.36  3.36  3.38  3.30  2.70  1.97  1.60  1.00  0.40  0.23  0.14  0.06  0.04  0.03  0.03
 5 -75  0.06  0.17  0.28  0.54  1.05  1.51  2.32  3.64  4.40  5.01  5.08  4.88  4.52  4.07  3.83  3.69  3.41  2.59  1.82  1.48  0.92  0.37  0.22  0.13  0.06  0.04  0.03  0.03
 5 -70  0.05  0.16  0.27  0.53  1.02  1.48  2.28  3.67  4.56  5.26  5.55  5.48  5.21  4.77  4.29  3.99  3.52  2.48  1.69  1.37  0.85  0.34  0.20  0.12  0.06  0.04  0.03  0.03
 5 -65  0.05  0.16  0.27  0.53  1.04  1.51  2.35  3.93  4.92  5.71  5.89  5.79  5.53  5.11  4.76  4.56  4.01  2.62  1.70  1.36  0.80  0.35  0.19  0.12  0.06  0.04  0.03  0.03
 5 -60  0.05  0.16  0.27  0.54  1.05  1.53  2.42  4.19  5.28  6.16  6.22  6.09  5.84  5.45  5.26  5.13  4.47  2.74  1.71  1.35  0.76  0.35  0.18  0.11  0.06  0.04  0.03  0.03
 5 -55  0.05  0.16  0.26  0.52  1.01  1.48  2.35  4.12  5.37  6.32  6.55  6.47  6.22  5.85  5.66  5.49  4.58  2.58  1.59  1.25  0.66  0.35  0.17  0.11  0.06  0.04  0.03  0.03
 5 -50  0.05  0.15  0.25  0.50  0.97  1.43  2.26  3.97  5.34  6.36  6.81  6.86  6.61  6.15  5.99  5.83  4.68  2.40  1.42  1.10  0.56  0.35  0.15  0.08  0.05  0.04  0.03  0.03
 5 -45  0.05  0.14  0.23  0.46  0.90  1.31  2.09  3.68  5.08  6.11  6.85  7.14  6.93  6.45  6.09  5.84  4.60  2.33  1.34  1.03  0.52  0.32  0.14  0.07  0.05  0.04  0.03  0.03
 5 -40  0.04  0.13  0.21  0.42  0.82  1.20  1.92  3.41  4.84  5.88  6.90  7.42  7.27  6.76  6.25  5.87  4.52  2.26  1.26  0.97  0.48  0.29  0.13  0.06  0.04  0.03  0.03  0.03
 5 -35  0.04  0.12  0.19  0.38  0.76  1.11  1.79  3.23  4.62  5.61  6.81  7.62  7.61  7.22  6.67  6.28  4.48  2.04  1.03  0.78  0.36  0.21  0.09  0.05  0.04  0.03  0.03  0.03
 5 -30  0.04  0.11  0.18  0.36  0.70  1.04  1.67  3.04  4.37  5.30  6.70  7.81  7.97  7.68  7.09  6.68  4.43  1.82  0.79  0.59  0.24  0.10  0.06  0.04  0.04  0.04  0.03  0.03
 5 -25  0.03  0.10  0.17  0.34  0.67  0.99  1.60  2.93  4.18  5.05  6.48  7.89  8.27  8.16  7.33  6.74  4.36  1.68  0.65  0.47  0.19  0.06  0.04  0.04  0.03  0.03  0.03  0.03
 5 -20  0.03  0.10  0.16  0.33  0.64  0.95  1.53  2.81  3.94  4.72  6.23  8.01  8.61  8.60  7.56  6.80  4.29  1.56  0.50  0.36  0.14  0.04  0.03  0.03  0.03  0.03  0.03  0.03
 5 -15  0.03  0.10  0.16  0.32  0.63  0.92  1.50  2.77  3.85  4.61  6.08  7.96  8.77  8.94  7.85  7.08  4.33  1.47  0.43  0.32  0.12  0.04  0.03  0.03  0.03  0.03  0.03  0.03
 5 -10  0.03  0.10  0.16  0.31  0.62  0.91  1.48  2.71  3.76  4.48  5.97  7.98  8.96  9.30  8.17  7.34  4.35  1.38  0.36  0.27  0.11  0.03  0.03  0.03  0.03  0.03  0.03  0.03
 5  -5  0.03  0.09  0.16  0.31  0.61  0.91  1.46  2.69  3.73  4.45  5.93  7.99  9.05  9.43  8.10  7.14  4.14  1.21  0.32  0.24  0.10  0.03  0.03  0.03  0.03  0.03  0.03  0.03
 5   0  0.03  0.09  0.15  0.31  0.61  0.90  1.45  2.68  3.70  4.40  5.87  7.95  9.05  9.51  8.04  6.96  3.95  1.07  0.29  0.22  0.10  0.03  0.03  0.03  0.03  0.03  0.03  0.03
 5   5  0.03  0.09  0.15  0.31  0.60  0.89  1.45  2.70  3.73  4.47  5.97  8.06  9.07  9.43  8.16  7.18  4.23  1.32  0.45  0.35  0.16  0.03  0.03  0.03  0.03  0.03  0.03  0.03
 5  10  0.03  0.09  0.15  0.30  0.59  0.88  1.44  2.73  3.83  4.60  6.11  8.18  9.13  9.42  8.26  7.38  4.49  1.56  0.61  0.47  0.22  0.04  0.03  0.03  0.03  0.04  0.04  0.03
 5  15  0.03  0.09  0.15  0.30  0.59  0.88  1.43  2.74  3.84  4.60  6.11  8.15  9.05  9.23  8.12  7.29  4.38  1.63  0.64  0.49  0.23  0.04  0.04  0.04  0.04  0.05  0.05  0.04
 5  20  0.03  0.09  0.15  0.30  0.60  0.89  1.45  2.73  3.84  4.61  6.16  8.12  8.91  9.01  7.95  7.17  4.26  1.71  0.69  0.52  0.24  0.06  0.05  0.05  0.05  0.05  0.05  0.05
 5  25  0.03  0.09  0.15  0.30  0.59  0.88  1.44  2.71  3.81  4.58  6.12  8.02  8.80  8.86  7.80  7.05  4.44  1.87  0.80  0.62  0.31  0.10  0.06  0.06  0.06  0.06  0.05  0.05
 5  30  0.03  0.09  0.15  0.30  0.59  0.87  1.42  2.69  3.77  4.53  6.05  7.92  8.64  8.66  7.63  6.90  4.62  2.05  0.92  0.72  0.38  0.16  0.09  0.07  0.06  0.06  0.06  0.05
 5  35  0.03  0.09  0.15  0.30  0.58  0.87  1.40  2.62  3.69  4.42  5.90  7.77  8.44  8.42  7.43  6.72  4.60  2.27  1.14  0.92  0.54  0.29  0.14  0.09  0.07  0.06  0.06  0.05
 5  40  0.03  0.09  0.15  0.30  0.58  0.86  1.39  2.55  3.63  4.36  5.86  7.63  8.23  8.17  7.24  6.56  4.57  2.49  1.35  1.11  0.69  0.41  0.20  0.12  0.08  0.07  0.06  0.06
 5  45  0.03  0.09  0.14  0.29  0.57  0.84  1.35  2.51  3.54  4.26  5.71  7.44  8.01  7.88  6.95  6.28  4.51  2.64  1.56  1.29  0.82  0.49  0.32  0.15  0.10  0.07  0.06  0.06
 5  50  0.03  0.08  0.14  0.27  0.54  0.81  1.31  2.48  3.49  4.19  5.64  7.31  7.83  7.63  6.69  6.02  4.46  2.80  1.76  1.46  0.96  0.58  0.40  0.20  0.12  0.08  0.06  0.06
 5  55  0.03  0.08  0.13  0.27  0.53  0.78  1.28  2.41  3.40  4.09  5.55  7.15  7.56  7.29  6.39  5.73  4.45  2.92  1.86  1.54  1.02  0.61  0.44  0.26  0.13  0.08  0.07  0.06
 5  60  0.03  0.08  0.14  0.27  0.53  0.79  1.29  2.44  3.47  4.19  5.62  7.05  7.33  6.93  6.10  5.51  4.49  3.07  2.01  1.65  1.08  0.64  0.48  0.29  0.14  0.08  0.07  0.06
 5  65  0.03  0.08  0.13  0.26  0.52  0.78  1.26  2.38  3.39  4.09  5.46  6.71  6.88  6.42  5.61  5.03  4.20  3.07  2.11  1.76  1.18  0.71  0.54  0.34  0.15  0.08  0.07  0.06
 5  70  0.03  0.08  0.13  0.26  0.51  0.76  1.24  2.33  3.31  3.99  5.29  6.37  6.43  5.92  5.12  4.56  3.91  3.06  2.22  1.87  1.28  0.77  0.59  0.39  0.23  0.09  0.07  0.06
 5  75  0.03  0.08  0.13  0.26  0.51  0.76  1.24  2.33  3.35  4.06  5.30  6.12  6.03  5.47  4.91  4.51  4.02  3.13  2.25  1.89  1.30  0.79  0.59  0.39  0.22  0.09  0.07  0.06
 5  80  0.03  0.08  0.13  0.26  0.51  0.76  1.24  2.34  3.40  4.13  5.31  5.88  5.63  5.02  4.69  4.46  4.13  3.21  2.28  1.92  1.33  0.81  0.58  0.38  0.21  0.09  0.07  0.06
 5  85  0.03  0.08  0.13  0.26  0.51  0.76  1.24  2.33  3.39  4.12  5.30  5.87  5.62  5.01  4.69  4.46  4.13  3.21  2.28  1.92  1.33  0.81  0.58  0.38  0.21  0.09  0.07  0.06
 5  90  0.03  0.08  0.13  0.26  0.51  0.76  1.24  2.33  3.38  4.11  5.29  5.86  5.61  5.01  4.68  4.45  4.13  3.21  2.28  1.92  1.33  0.81  0.58  0.38  0.21  0.09  0.07  0.06
 6 -90  0.06  0.17  0.29  0.56  1.08  1.55  2.33  3.45  4.42  5.15  5.03  4.67  4.33  3.95  3.87  3.81  3.30  2.72  1.96  1.61  1.04  0.37  0.18  0.09  0.05  0.03  0.03  0.03
 6 -85  0.06  0.17  0.29  0.56  1.08  1.55  2.33  3.45  4.42  5.15  5.04  4.67  4.33  3.95  3.87  3.81  3.30  2.72  1.96  1.61  1.04  0.37  0.18  0.09  0.05  0.03  0.03  0.03
 6 -80  0.06  0.17  0.29  0.56  1.08  1.55  2.33  3.45  4.42  5.15  5.04  4.68  4.33  3.95  3.87  3.81  3.30  2.72  1.96  1.61  1.04  0.37  0.18  0.09  0.05  0.03  0.03  0.03
 6 -75  0.06  0.17  0.29  0.56  1.08  1.55  2.36  3.57  4.54  5.27  5.35  5.16  4.85  4.44  4.17  3.98  3.45  2.70  1.92  1.58  1.03  0.36  0.17  0.09  0.05  0.04  0.03  0.03
 6 -70  0.06  0.17  0.28  0.56  1.08  1.55  2.37  3.70  4.66  5.39  5.67  5.65  5.37  4.94  4.45  4.13  3.60  2.68  1.89  1.56  1.02  0.35  0.16  0.10  0.05  0.04  0.03  0.03
 6 -65  0.06  0.17  0.28  0.55  1.07  1.55  2.39  3.83  4.84  5.61  5.80  5.77  5.52  5.11  4.76  4.55  3.96  2.76  1.88  1.55  0.99  0.38  0.20  0.10  0.06  0.04  0.03  0.03
 6 -60  0.06  0.17  0.28  0.55  1.06  1.54  2.40  3.97  5.02  5.84  5.94  5.90  5.67  5.27  5.08  4.97  4.31  2.82  1.88  1.53  0.96  0.42  0.23  0.10  0.06  0.04  0.03  0.03
 6 -55  0.05  0.16  0.27  0.54  1.04  1.53  2.41  4.14  5.34  6.26  6.32  6.20  5.97  5.64  5.49  5.37  4.47  2.68  1.72  1.39  0.84  0.40  0.24  0.10  0.06  0.04  0.03  0.03
 6 -50  0.05  0.16  0.27  0.53  1.04  1.52  2.41  4.20  5.55  6.55  6.63  6.50  6.28  5.92  5.85  5.75  4.62  2.54  1.50  1.21  0.72  0.38  0.26  0.09  0.05  0.04  0.03  0.03
 6 -45  0.05  0.15  0.25  0.49  0.95  1.39  2.21  3.85  5.26  6.30  6.79  6.89  6.65  6.20  5.90  5.68  4.58  2.48  1.43  1.15  0.69  0.35  0.23  0.08  0.05  0.04  0.03  0.03
 6 -40  0.04  0.13  0.22  0.44  0.85  1.25  2.00  3.54  5.02  6.10  6.98  7.31  7.07  6.53  6.02  5.64  4.53  2.41  1.36  1.10  0.65  0.33  0.21  0.07  0.05  0.04  0.03  0.03
 6 -35  0.04  0.12  0.20  0.40  0.78  1.15  1.84  3.29  4.69  5.69  6.81  7.48  7.40  6.98  6.41  6.01  4.65  2.21  1.09  0.87  0.49  0.25  0.11  0.06  0.05  0.04  0.03  0.03
 6 -30  0.04  0.11  0.18  0.36  0.71  1.05  1.68  3.04  4.33  5.24  6.61  7.65  7.76  7.43  6.81  6.38  4.74  2.00  0.82  0.64  0.33  0.17  0.07  0.05  0.04  0.04  0.03  0.03
 6 -25  0.04  0.11  0.18  0.35  0.69  1.01  1.62  2.93  4.16  5.02  6.42  7.71  7.98  7.80  7.09  6.56  4.59  1.79  0.66  0.50  0.24  0.07  0.05  0.04  0.04  0.04  0.04  0.03
 6 -20  0.03  0.10  0.17  0.34  0.67  0.98  1.57  2.82  3.93  4.71  6.18  7.80  8.26  8.14  7.35  6.75  4.45  1.59  0.49  0.36  0.14  0.05  0.04  0.03  0.03  0.04  0.04  0.04
 6 -15  0.03  0.10  0.17  0.33  0.65  0.96  1.54  2.80  3.90  4.67  6.10  7.80  8.45  8.47  7.51  6.85  4.32  1.51  0.47  0.35  0.14  0.04  0.03  0.03  0.03  0.03  0.04  0.04
 6 -10  0.03  0.10  0.17  0.33  0.65  0.95  1.53  2.77  3.86  4.61  6.07  7.87  8.65  8.85  7.72  6.93  4.17  1.41  0.44  0.33  0.14  0.04  0.03  0.03  0.03  0.03  0.03  0.03
 6  -5  0.03  0.10  0.16  0.33  0.64  0.95  1.52  2.75  3.86  4.63  6.09  7.93  8.81  9.05  7.93  7.15  4.23  1.35  0.41  0.30  0.14  0.03  0.03  0.03  0.03  0.03  0.03  0.03
 6   0  0.03  0.10  0.16  0.31  0.62  0.92  1.49  2.77  3.87  4.64  6.12  7.99  8.93  9.24  8.15  7.40  4.31  1.30  0.37  0.29  0.13  0.04  0.03  0.03  0.03  0.03  0.03  0.03
 6   5  0.03  0.10  0.16  0.32  0.62  0.92  1.49  2.77  3.88  4.66  6.17  8.08  8.96  9.25  8.21  7.43  4.46  1.44  0.49  0.37  0.18  0.04  0.03  0.03  0.03  0.03  0.03  0.03
 6  10  0.03  0.09  0.15  0.31  0.61  0.90  1.47  2.80  3.95  4.74  6.27  8.20  9.03  9.30  8.24  7.44  4.59  1.58  0.59  0.45  0.22  0.04  0.03  0.03  0.03  0.04  0.04  0.03
 6  15  0.03  0.09  0.15  0.31  0.61  0.90  1.47  2.79  3.94  4.72  6.23  8.16  8.96  9.13  8.04  7.23  4.49  1.64  0.61  0.47  0.23  0.05  0.04  0.04  0.04  0.05  0.04  0.04
 6  20  0.03  0.09  0.16  0.31  0.62  0.91  1.48  2.77  3.91  4.69  6.24  8.13  8.87  8.96  7.83  6.99  4.39  1.70  0.65  0.50  0.25  0.06  0.05  0.05  0.05  0.05  0.05  0.04
 6  25  0.03  0.09  0.15  0.31  0.61  0.90  1.46  2.75  3.86  4.63  6.14  8.00  8.76  8.83  7.82  7.12  4.52  1.81  0.69  0.53  0.27  0.09  0.06  0.06  0.06  0.06  0.05  0.05
 6  30  0.03  0.09  0.15  0.30  0.59  0.88  1.43  2.72  3.80  4.56  6.03  7.88  8.61  8.66  7.81  7.23  4.65  1.93  0.73  0.56  0.29  0.13  0.08  0.06  0.06  0.06  0.05  0.05
 6  35  0.03  0.09  0.15  0.30  0.59  0.87  1.41  2.64  3.68  4.41  5.83  7.67  8.38  8.42  7.53  6.90  4.59  2.16  0.98  0.78  0.43  0.19  0.10  0.08  0.07  0.06  0.06  0.05
 6  40  0.03  0.09  0.15  0.29  0.58  0.85  1.38  2.55  3.60  4.30  5.74  7.48  8.14  8.17  7.25  6.59  4.53  2.38  1.23  0.98  0.56  0.31  0.16  0.10  0.08  0.07  0.06  0.05
 6  45  0.03  0.09  0.14  0.28  0.56  0.82  1.33  2.48  3.46  4.14  5.51  7.25  7.90  7.88  6.97  6.31  4.50  2.51  1.42  1.15  0.70  0.40  0.26  0.13  0.09  0.07  0.06  0.06
 6  50  0.03  0.08  0.13  0.27  0.53  0.78  1.28  2.43  3.36  4.00  5.36  7.07  7.68  7.60  6.69  6.04  4.48  2.64  1.60  1.31  0.84  0.48  0.33  0.16  0.10  0.07  0.06  0.06
 6  55  0.03  0.08  0.13  0.25  0.50  0.75  1.22  2.33  3.21  3.83  5.17  6.84  7.38  7.24  6.38  5.76  4.30  2.71  1.67  1.37  0.88  0.50  0.37  0.19  0.11  0.08  0.07  0.06
 6  60  0.03  0.08  0.13  0.25  0.50  0.75  1.22  2.32  3.22  3.85  5.14  6.66  7.11  6.84  6.08  5.54  4.16  2.82  1.79  1.46  0.92  0.53  0.40  0.25  0.13  0.08  0.07  0.06
 6  65  0.02  0.07  0.12  0.24  0.48  0.72  1.18  2.24  3.12  3.73  4.99  6.38  6.70  6.35  5.55  4.99  3.88  2.81  1.89  1.55  1.01  0.57  0.45  0.28  0.14  0.08  0.07  0.06
 6  70  0.02  0.07  0.12  0.24  0.47  0.69  1.13  2.16  3.02  3.62  4.84  6.10  6.30  5.86  5.03  4.44  3.59  2.80  1.98  1.65  1.10  0.60  0.50  0.31  0.16  0.09  0.07  0.06
 6  75  0.02  0.07  0.11  0.23  0.45  0.67  1.09  2.08  2.97  3.59  4.87  5.98  6.03  5.51  4.78  4.26  3.63  2.84  2.02  1.69  1.15  0.62  0.51  0.33  0.17  0.09  0.07  0.06
 6  80  0.02  0.07  0.11  0.22  0.43  0.64  1.05  2.01  2.92  3.56  4.89  5.86  5.77  5.16  4.53  4.08  3.66  2.87  2.06  1.73  1.20  0.65  0.53  0.34  0.19  0.09  0.07  0.06
 6  85  0.02  0.07  0.11  0.22  0.43  0.64  1.05  2.00  2.92  3.55  4.88  5.85  5.76  5.15  4.52  4.08  3.66  2.87  2.06  1.73  1.20  0.65  0.53  0.34  0.19  0.10  0.07  0.06
 6  90  0.02  0.07  0.11  0.22  0.43  0.64  1.05  2.00  2.91  3.54  4.87  5.85  5.76  5.15  4.52  4.07  3.66  2.87  2.06  1.73  1.20  0.65  0.53  0.34  0.19  0.10  0.07  0.06
 7 -90  0.05  0.16  0.26  0.50  0.96  1.37  2.03  2.84  3.91  4.71  5.04  5.06  4.76  4.19  3.97  3.80  3.53  2.67  1.95  1.58  0.98  0.38  0.18  0.08  0.05  0.03  0.03  0.03
 7 -85  0.05  0.16  0.26  0.50  0.96  1.37  2.03  2.84  3.91  4.71  5.04  5.06  4.76  4.19  3.97  3.80  3.53  2.67  1.95  1.58  0.98  0.38  0.19  0.08  0.05  0.03  0.03  0.03
 7 -80  0.05  0.16  0.26  0.50  0.96  1.37  2.03  2.83  3.91  4.71  5.05  5.06  4.77  4.19  3.97  3.80  3.53  2.67  1.95  1.58  0.98  0.38  0.19  0.08  0.05  0.03  0.03  0.03
 7 -75  0.05  0.15  0.24  0.47  0.90  1.28  1.91  2.69  3.77  4.58  5.12  5.45  5.29  4.75  4.24  3.87  3.40  2.66  1.95  1.59  1.01  0.38  0.20  0.08  0.05  0.03  0.03  0.03
 7 -70  0.05  0.13  0.22  0.43  0.83  1.18  1.77  2.55  3.64  4.46  5.20  5.84  5.81  5.33  4.50  3.94  3.27  2.65  1.95  1.60  1.04  0.39  0.21  0.09  0.05  0.04  0.03  0.03
 7 -65  0.05  0.14  0.23  0.45  0.86  1.24  1.89  2.92  4.04  4.89  5.48  5.88  5.76  5.30  4.80  4.49  3.81  2.76  1.92  1.59  1.05  0.41  0.20  0.09  0.05  0.04  0.03  0.03
 7 -60  0.05  0.14  0.23  0.46  0.89  1.29  2.00  3.30  4.44  5.34  5.78  5.93  5.71  5.26  5.11  5.04  4.36  2.86  1.88  1.57  1.06  0.43  0.24  0.10  0.06  0.04  0.03  0.03
 7 -55  0.05  0.14  0.23  0.45  0.87  1.28  2.03  3.54  4.79  5.75  6.20  6.26  6.04  5.65  5.59  5.54  4.56  2.75  1.76  1.45  0.92  0.40  0.25  0.10  0.06  0.04  0.03  0.03
 7 -50  0.05  0.14  0.23  0.45  0.88  1.29  2.05  3.66  5.02  6.02  6.55  6.60  6.37  5.96  6.03  6.02  4.76  2.65  1.59  1.29  0.78  0.37  0.25  0.09  0.05  0.04  0.03  0.03
 7 -45  0.04  0.13  0.22  0.43  0.84  1.24  1.97  3.49  4.86  5.88  6.67  6.97  6.76  6.31  6.10  5.93  4.77  2.69  1.57  1.26  0.74  0.34  0.23  0.09  0.05  0.04  0.03  0.03
 7 -40  0.04  0.12  0.21  0.41  0.80  1.17  1.87  3.36  4.77  5.78  6.85  7.39  7.23  6.73  6.24  5.86  4.77  2.72  1.54  1.22  0.69  0.32  0.21  0.08  0.05  0.04  0.03  0.03
 7 -35  0.04  0.12  0.19  0.38  0.75  1.10  1.77  3.20  4.54  5.50  6.71  7.51  7.49  7.09  6.41  5.93  4.74  2.52  1.29  1.01  0.53  0.24  0.16  0.08  0.05  0.04  0.04  0.03
 7 -30  0.04  0.11  0.18  0.36  0.70  1.04  1.67  3.04  4.30  5.18  6.54  7.63  7.77  7.46  6.61  5.99  4.69  2.30  1.03  0.79  0.38  0.18  0.08  0.06  0.05  0.04  0.04  0.04
 7 -25  0.04  0.11  0.18  0.35  0.69  1.02  1.64  2.94  4.17  5.03  6.44  7.71  7.94  7.73  6.90  6.28  4.57  2.02  0.81  0.61  0.28  0.07  0.05  0.04  0.04  0.04  0.04  0.04
 7 -20  0.04  0.11  0.18  0.35  0.68  1.01  1.60  2.84  4.00  4.82  6.29  7.80  8.15  7.95  7.17  6.58  4.46  1.74  0.59  0.43  0.17  0.05  0.04  0.04  0.04  0.04  0.04  0.04
 7 -15  0.03  0.10  0.17  0.34  0.66  0.97  1.56  2.82  3.98  4.76  6.23  7.87  8.40  8.31  7.44  6.85  4.26  1.55  0.54  0.40  0.17  0.05  0.04  0.03  0.03  0.04  0.04  0.04
 7 -10  0.03  0.10  0.17  0.33  0.65  0.96  1.55  2.79  3.93  4.73  6.25  8.00  8.67  8.73  7.76  7.11  4.03  1.35  0.48  0.36  0.16  0.04  0.03  0.03  0.03  0.03  0.04  0.04
 7  -5  0.03  0.10  0.17  0.33  0.65  0.96  1.53  2.77  3.93  4.74  6.27  8.06  8.87  9.00  7.83  7.06  4.10  1.33  0.48  0.36  0.17  0.04  0.03  0.03  0.03  0.03  0.03  0.03
 7   0  0.03  0.09  0.16  0.31  0.62  0.91  1.49  2.80  3.96  4.78  6.32  8.19  9.08  9.27  7.92  7.02  4.17  1.30  0.47  0.36  0.17  0.04  0.03  0.03  0.03  0.03  0.03  0.03
 7   5  0.03  0.10  0.16  0.32  0.63  0.93  1.50  2.79  3.96  4.78  6.37  8.24  9.08  9.31  8.10  7.25  4.40  1.50  0.59  0.45  0.20  0.04  0.03  0.03  0.03  0.03  0.03  0.03
 7  10  0.03  0.09  0.16  0.31  0.61  0.91  1.49  2.82  4.02  4.85  6.45  8.35  9.14  9.36  8.27  7.46  4.61  1.69  0.69  0.52  0.23  0.04  0.03  0.03  0.03  0.04  0.03  0.03
 7  15  0.03  0.09  0.16  0.31  0.62  0.92  1.50  2.83  4.04  4.84  6.42  8.28  9.01  9.14  8.11  7.33  4.60  1.73  0.71  0.53  0.23  0.05  0.04  0.04  0.04  0.04  0.04  0.03
 7  20  0.03  0.10  0.16  0.32  0.64  0.94  1.52  2.83  4.01  4.83  6.42  8.24  8.89  8.96  7.94  7.19  4.60  1.78  0.73  0.55  0.24  0.06  0.05  0.05  0.05  0.05  0.05  0.04
 7  25  0.03  0.10  0.16  0.32  0.62  0.93  1.51  2.83  4.00  4.80  6.32  8.09  8.76  8.79  7.77  7.06  4.56  1.91  0.77  0.58  0.24  0.08  0.06  0.06  0.06  0.06  0.05  0.04
 7  30  0.03  0.09  0.16  0.31  0.61  0.91  1.49  2.82  3.96  4.76  6.23  7.96  8.59  8.62  7.61  6.91  4.51  2.02  0.81  0.60  0.25  0.11  0.07  0.06  0.06  0.06  0.05  0.05
 7  35  0.03  0.09  0.15  0.31  0.61  0.90  1.46  2.75  3.84  4.60  6.02  7.72  8.35  8.36  7.40  6.74  4.49  2.14  0.98  0.75  0.36  0.13  0.08  0.07  0.07  0.06  0.06  0.05
 7  40  0.03  0.09  0.15  0.30  0.59  0.88  1.43  2.67  3.75  4.48  5.89  7.51  8.09  8.10  7.21  6.57  4.45  2.26  1.15  0.89  0.46  0.18  0.11  0.08  0.07  0.06  0.06  0.05
 7  45  0.03  0.09  0.15  0.29  0.57  0.85  1.38  2.57  3.57  4.27  5.63  7.26  7.84  7.82  6.94  6.30  4.43  2.38  1.28  1.02  0.58  0.28  0.16  0.11  0.08  0.07  0.06  0.05
 7  50  0.03  0.08  0.14  0.27  0.54  0.80  1.31  2.49  3.43  4.09  5.43  7.04  7.60  7.53  6.65  6.04  4.41  2.49  1.41  1.15  0.71  0.37  0.25  0.14  0.10  0.07  0.06  0.05
 7  55  0.03  0.08  0.13  0.26  0.51  0.76  1.24  2.38  3.27  3.90  5.22  6.80  7.30  7.17  6.28  5.64  4.20  2.53  1.50  1.23  0.78  0.41  0.30  0.17  0.11  0.07  0.06  0.05
 7  60  0.03  0.08  0.13  0.25  0.50  0.75  1.23  2.35  3.26  3.89  5.15  6.61  7.02  6.77  5.91  5.29  4.05  2.61  1.62  1.33  0.86  0.45  0.34  0.19  0.12  0.08  0.06  0.05
 7  65  0.02  0.07  0.12  0.24  0.48  0.72  1.17  2.25  3.13  3.74  4.96  6.28  6.57  6.24  5.33  4.68  3.68  2.60  1.71  1.42  0.94  0.48  0.38  0.24  0.12  0.08  0.06  0.05
 7  70  0.02  0.07  0.12  0.23  0.46  0.69  1.12  2.15  3.00  3.58  4.77  5.95  6.12  5.70  4.75  4.07  3.31  2.60  1.80  1.50  1.02  0.51  0.41  0.27  0.13  0.08  0.06  0.05
 7  75  0.02  0.07  0.11  0.22  0.44  0.65  1.07  2.05  2.93  3.53  4.75  5.78  5.81  5.31  4.48  3.89  3.28  2.64  1.86  1.55  1.05  0.51  0.43  0.28  0.15  0.08  0.07  0.05
 7  80  0.02  0.06  0.11  0.21  0.42  0.62  1.02  1.95  2.86  3.48  4.74  5.61  5.50  4.91  4.21  3.70  3.25  2.68  1.92  1.59  1.08  0.52  0.45  0.29  0.16  0.09  0.07  0.05
 7  85  0.02  0.06  0.11  0.21  0.42  0.62  1.02  1.95  2.85  3.48  4.73  5.60  5.49  4.91  4.20  3.70  3.25  2.67  1.92  1.59  1.08  0.52  0.45  0.29  0.17  0.09  0.07  0.05
 7  90  0.02  0.06  0.11  0.21  0.42  0.62  1.02  1.95  2.85  3.47  4.72  5.59  5.48  4.91  4.20  3.70  3.25  2.67  1.92  1.59  1.08  0.52  0.45  0.29  0.17  0.09  0.07  0.05
 8 -90  0.04  0.12  0.20  0.39  0.75  1.07  1.61  2.30  3.24  3.96  4.93  5.95  5.94  5.07  4.04  3.30  2.82  2.41  1.73  1.42  0.92  0.37  0.15  0.07  0.05  0.03  0.03  0.03
 8 -85  0.04  0.12  0.20  0.39  0.75  1.07  1.61  2.30  3.24  3.96  4.93  5.96  5.94  5.07  4.04  3.30  2.82  2.41  1.73  1.42  0.92  0.37  0.15  0.07  0.05  0.03  0.03  0.03
 8 -80  0.04  0.12  0.20  0.39  0.75  1.07  1.60  2.30  3.24  3.96  4.93  5.96  5.94  5.07  4.04  3.30  2.82  2.41  1.73  1.42  0.92  0.37  0.16  0.07  0.05  0.03  0.03  0.03
 8 -75  0.04  0.12  0.20  0.40  0.76  1.09  1.66  2.51  3.42  4.14  5.01  5.84  5.82  5.16  4.22  3.56  2.96  2.46  1.76  1.46  0.97  0.40  0.17  0.08  0.05  0.04  0.03  0.03
 8 -70  0.04  0.12  0.20  0.40  0.76  1.11  1.71  2.73  3.61  4.32  5.09  5.71  5.69  5.27  4.40  3.82  3.12  2.52  1.80  1.51  1.02  0.42  0.18  0.08  0.05  0.04  0.03  0.03
 8 -65  0.04  0.12  0.19  0.38  0.75  1.09  1.71  2.90  3.85  4.61  5.44  5.94  5.86  5.44  4.86  4.49  3.70  2.72  1.79  1.48  0.98  0.42  0.20  0.09  0.05  0.04  0.03  0.03
 8 -60  0.04  0.12  0.19  0.38  0.74  1.09  1.73  3.06  4.10  4.91  5.78  6.18  6.04  5.60  5.32  5.15  4.29  2.90  1.78  1.46  0.95  0.43  0.25  0.10  0.06  0.04  0.03  0.03
 8 -55  0.04  0.11  0.19  0.38  0.74  1.10  1.78  3.27  4.47  5.34  6.26  6.63  6.49  6.11  5.80  5.56  4.61  2.98  1.77  1.45  0.92  0.42  0.26  0.10  0.06  0.04  0.03  0.03
 8 -50  0.04  0.12  0.19  0.38  0.76  1.12  1.82  3.38  4.71  5.67  6.67  7.10  6.96  6.55  6.23  5.95  4.92  3.06  1.72  1.41  0.88  0.40  0.27  0.10  0.06  0.04  0.04  0.03
 8 -45  0.04  0.12  0.19  0.39  0.76  1.12  1.81  3.31  4.65  5.62  6.72  7.34  7.24  6.80  6.27  5.87  4.89  3.03  1.69  1.37  0.84  0.38  0.26  0.09  0.06  0.04  0.04  0.03
 8 -40  0.04  0.12  0.19  0.38  0.75  1.11  1.79  3.28  4.66  5.61  6.84  7.63  7.60  7.14  6.38  5.81  4.85  2.99  1.65  1.33  0.80  0.36  0.24  0.09  0.06  0.04  0.04  0.04
 8 -35  0.04  0.11  0.18  0.37  0.72  1.07  1.72  3.15  4.49  5.43  6.76  7.73  7.77  7.36  6.51  5.89  4.77  2.74  1.37  1.09  0.62  0.28  0.20  0.09  0.06  0.04  0.04  0.04
 8 -30  0.04  0.11  0.18  0.35  0.69  1.02  1.65  3.03  4.32  5.22  6.66  7.82  7.96  7.60  6.65  5.97  4.67  2.48  1.10  0.85  0.45  0.20  0.09  0.07  0.06  0.05  0.04  0.04
 8 -25  0.04  0.11  0.18  0.35  0.68  1.01  1.62  2.92  4.17  5.05  6.56  7.95  8.19  7.90  6.94  6.22  4.57  2.16  0.83  0.63  0.31  0.08  0.06  0.05  0.05  0.05  0.04  0.04
 8 -20  0.04  0.10  0.17  0.34  0.67  0.99  1.58  2.81  4.00  4.85  6.44  8.08  8.44  8.17  7.20  6.48  4.48  1.84  0.56  0.41  0.17  0.06  0.04  0.04  0.04  0.04  0.04  0.04
 8 -15  0.03  0.10  0.17  0.33  0.65  0.95  1.53  2.79  3.96  4.75  6.33  8.15  8.71  8.55  7.52  6.81  4.26  1.61  0.53  0.39  0.15  0.05  0.04  0.04  0.04  0.04  0.04  0.04
 8 -10  0.03  0.10  0.16  0.32  0.63  0.94  1.51  2.75  3.89  4.68  6.30  8.25  9.01  9.03  7.90  7.14  4.02  1.37  0.50  0.36  0.13  0.04  0.03  0.03  0.03  0.04  0.04  0.04
 8  -5  0.03  0.10  0.16  0.32  0.63  0.93  1.50  2.73  3.88  4.67  6.28  8.28  9.21  9.31  8.04  7.22  4.01  1.34  0.50  0.37  0.14  0.04  0.03  0.03  0.03  0.04  0.04  0.04
 8   0  0.03  0.09  0.15  0.30  0.59  0.88  1.45  2.77  3.90  4.71  6.33  8.42  9.45  9.63  8.21  7.31  4.01  1.30  0.51  0.37  0.15  0.04  0.03  0.03  0.03  0.04  0.04  0.03
 8   5  0.03  0.09  0.16  0.31  0.61  0.91  1.47  2.76  3.92  4.73  6.38  8.44  9.40  9.61  8.28  7.39  4.29  1.47  0.61  0.45  0.17  0.04  0.03  0.03  0.03  0.03  0.03  0.03
 8  10  0.03  0.09  0.15  0.31  0.61  0.90  1.47  2.79  3.98  4.81  6.48  8.53  9.40  9.60  8.35  7.46  4.55  1.63  0.71  0.52  0.20  0.04  0.03  0.03  0.03  0.04  0.03  0.03
 8  15  0.03  0.09  0.16  0.31  0.62  0.92  1.49  2.81  4.05  4.87  6.53  8.44  9.18  9.28  8.15  7.32  4.54  1.69  0.73  0.53  0.21  0.04  0.04  0.04  0.04  0.04  0.04  0.03
 8  20  0.03  0.10  0.16  0.32  0.64  0.94  1.53  2.83  4.06  4.92  6.59  8.40  9.00  9.03  7.96  7.18  4.54  1.75  0.76  0.56  0.22  0.05  0.04  0.04  0.05  0.05  0.04  0.04
 8  25  0.03  0.10  0.16  0.32  0.63  0.94  1.52  2.87  4.11  4.96  6.54  8.25  8.82  8.80  7.77  7.03  4.51  1.86  0.79  0.58  0.23  0.07  0.05  0.05  0.05  0.05  0.05  0.04
 8  30  0.03  0.10  0.16  0.32  0.63  0.93  1.53  2.89  4.13  4.99  6.52  8.12  8.62  8.57  7.57  6.88  4.48  1.97  0.82  0.60  0.24  0.09  0.06  0.06  0.06  0.06  0.05  0.05
 8  35  0.03  0.10  0.16  0.32  0.63  0.93  1.51  2.85  4.03  4.86  6.33  7.87  8.36  8.30  7.36  6.71  4.45  2.05  0.94  0.70  0.32  0.11  0.07  0.06  0.06  0.06  0.05  0.05
 8  40  0.03  0.09  0.16  0.31  0.62  0.91  1.49  2.80  3.97  4.75  6.18  7.65  8.10  8.04  7.16  6.53  4.41  2.11  1.04  0.80  0.39  0.14  0.09  0.07  0.07  0.06  0.06  0.05
 8  45  0.03  0.09  0.15  0.30  0.60  0.89  1.45  2.70  3.81  4.58  5.99  7.44  7.85  7.74  6.87  6.25  4.30  2.23  1.19  0.93  0.51  0.21  0.13  0.09  0.08  0.06  0.06  0.05
 8  50  0.03  0.09  0.15  0.29  0.58  0.86  1.40  2.63  3.69  4.42  5.81  7.22  7.59  7.42  6.58  5.97  4.20  2.33  1.33  1.07  0.64  0.29  0.18  0.12  0.09  0.07  0.06  0.05
 8  55  0.03  0.08  0.14  0.28  0.55  0.81  1.33  2.54  3.55  4.26  5.65  7.01  7.31  7.06  6.22  5.61  3.97  2.42  1.46  1.17  0.71  0.31  0.21  0.15  0.10  0.07  0.06  0.05
 8  60  0.03  0.08  0.14  0.27  0.54  0.80  1.31  2.52  3.55  4.27  5.62  6.85  7.03  6.65  5.86  5.30  3.77  2.54  1.62  1.30  0.79  0.35  0.24  0.17  0.11  0.07  0.06  0.05
 8  65  0.03  0.08  0.13  0.26  0.52  0.77  1.27  2.44  3.43  4.13  5.39  6.42  6.47  6.02  5.25  4.71  3.50  2.55  1.71  1.38  0.87  0.39  0.28  0.18  0.11  0.07  0.06  0.05
 8  70  0.03  0.08  0.13  0.25  0.50  0.75  1.23  2.35  3.31  3.98  5.16  5.99  5.92  5.38  4.65  4.12  3.23  2.56  1.79  1.46  0.94  0.43  0.32  0.21  0.12  0.07  0.06  0.05
 8  75  0.03  0.08  0.13  0.25  0.49  0.74  1.21  2.31  3.26  3.92  4.93  5.48  5.28  4.73  4.17  3.77  3.19  2.57  1.83  1.50  0.98  0.46  0.33  0.21  0.13  0.08  0.06  0.05
 8  80  0.02  0.07  0.12  0.24  0.49  0.72  1.18  2.27  3.20  3.85  4.71  4.97  4.64  4.07  3.69  3.42  3.14  2.57  1.86  1.54  1.02  0.48  0.34  0.22  0.14  0.08  0.06  0.05
 8  85  0.02  0.07  0.12  0.24  0.49  0.72  1.18  2.27  3.20  3.85  4.70  4.96  4.64  4.07  3.69  3.42  3.14  2.57  1.86  1.54  1.02  0.48  0.34  0.22  0.15  0.08  0.06  0.05
 8  90  0.02  0.07  0.12  0.24  0.49  0.72  1.18  2.26  3.20  3.84  4.69  4.96  4.63  4.06  3.69  3.42  3.13  2.57  1.86  1.54  1.02  0.48  0.34  0.22  0.15  0.08  0.07  0.05
 9 -90  0.04  0.11  0.18  0.35  0.68  0.99  1.53  2.50  3.47  4.23  4.79  5.34  5.33  4.92  3.99  3.35  1.94  1.28  0.90  0.77  0.55  0.33  0.11  0.06  0.04  0.04  0.03  0.03
 9 -85  0.04  0.11  0.18  0.35  0.68  0.99  1.53  2.50  3.47  4.23  4.79  5.34  5.33  4.92  3.99  3.35  1.94  1.28  0.90  0.77  0.55  0.33  0.11  0.06  0.05  0.04  0.03  0.03
 9 -80  0.04  0.11  0.18  0.35  0.68  0.99  1.53  2.50  3.47  4.23  4.80  5.34  5.33  4.92  3.99  3.35  1.94  1.28  0.90  0.77  0.55  0.33  0.13  0.06  0.05  0.04  0.03  0.03
 9 -75  0.04  0.11  0.17  0.34  0.67  0.97  1.53  2.58  3.53  4.26  5.07  5.66  5.61  5.17  4.26  3.64  2.20  1.43  0.99  0.85  0.61  0.36  0.14  0.07  0.05  0.04  0.03  0.03
 9 -70  0.03  0.10  0.17  0.34  0.66  0.96  1.53  2.67  3.59  4.30  5.35  5.97  5.90  5.42  4.53  3.93  2.50  1.61  1.11  0.95  0.68  0.39  0.16  0.08  0.05  0.04  0.03  0.03
 9 -65  0.03  0.10  0.17  0.33  0.66  0.97  1.55  2.80  3.83  4.58  5.71  6.39  6.35  5.90  5.21  4.75  3.35  2.13  1.36  1.13  0.76  0.42  0.22  0.08  0.05  0.04  0.03  0.03
 9 -60  0.03  0.10  0.17  0.34  0.67  0.99  1.59  2.92  4.04  4.87  6.08  6.82  6.80  6.36  5.90  5.57  4.17  2.64  1.61  1.32  0.86  0.45  0.26  0.09  0.06  0.04  0.03  0.03
 9 -55  0.04  0.11  0.17  0.35  0.69  1.02  1.65  3.08  4.32  5.20  6.42  7.17  7.17  6.82  6.31  5.89  4.60  2.94  1.76  1.42  0.85  0.44  0.25  0.09  0.06  0.04  0.04  0.03
 9 -50  0.04  0.11  0.18  0.35  0.69  1.03  1.68  3.18  4.49  5.43  6.70  7.54  7.58  7.22  6.65  6.19  5.00  3.22  1.86  1.48  0.84  0.42  0.25  0.09  0.06  0.04  0.04  0.03
 9 -45  0.04  0.11  0.18  0.35  0.70  1.03  1.67  3.13  4.45  5.41  6.74  7.70  7.75  7.34  6.62  6.07  4.91  3.14  1.80  1.42  0.79  0.40  0.25  0.09  0.06  0.04  0.04  0.04
 9 -40  0.04  0.11  0.18  0.35  0.69  1.03  1.66  3.09  4.46  5.40  6.83  7.90  7.99  7.55  6.64  5.97  4.83  3.06  1.73  1.36  0.73  0.37  0.24  0.09  0.06  0.05  0.04  0.04
 9 -35  0.03  0.10  0.17  0.34  0.67  1.00  1.61  3.01  4.34  5.27  6.78  8.02  8.18  7.76  6.74  6.00  4.74  2.77  1.44  1.11  0.56  0.28  0.19  0.09  0.06  0.05  0.04  0.04
 9 -30  0.03  0.10  0.17  0.33  0.65  0.96  1.56  2.92  4.21  5.11  6.71  8.13  8.37  8.00  6.87  6.04  4.65  2.45  1.16  0.87  0.38  0.18  0.10  0.07  0.06  0.05  0.05  0.04
 9 -25  0.03  0.10  0.17  0.33  0.65  0.96  1.54  2.83  4.07  4.93  6.57  8.22  8.59  8.31  7.13  6.27  4.63  2.23  0.95  0.70  0.29  0.08  0.06  0.05  0.05  0.05  0.05  0.04
 9 -20  0.03  0.10  0.16  0.32  0.64  0.94  1.52  2.76  3.92  4.76  6.42  8.29  8.81  8.58  7.38  6.50  4.61  1.99  0.74  0.54  0.21  0.06  0.04  0.04  0.04  0.05  0.05  0.05
 9 -15  0.03  0.09  0.16  0.31  0.61  0.91  1.47  2.74  3.87  4.63  6.27  8.28  8.98  8.89  7.67  6.82  4.37  1.70  0.64  0.47  0.18  0.05  0.04  0.04  0.04  0.04  0.05  0.05
 9 -10  0.03  0.09  0.15  0.30  0.60  0.89  1.45  2.72  3.81  4.55  6.17  8.29  9.21  9.32  8.01  7.14  4.10  1.40  0.54  0.39  0.15  0.04  0.04  0.04  0.04  0.04  0.04  0.04
 9  -5  0.03  0.09  0.15  0.30  0.60  0.89  1.44  2.70  3.78  4.54  6.12  8.27  9.35  9.58  8.09  7.13  4.03  1.36  0.54  0.39  0.15  0.04  0.03  0.03  0.04  0.04  0.04  0.04
 9   0  0.03  0.09  0.14  0.29  0.57  0.85  1.40  2.72  3.81  4.57  6.17  8.38  9.57  9.89  8.21  7.13  3.97  1.32  0.54  0.40  0.15  0.04  0.03  0.03  0.03  0.04  0.04  0.03
 9   5  0.03  0.09  0.15  0.30  0.59  0.88  1.44  2.72  3.84  4.60  6.24  8.39  9.50  9.82  8.30  7.30  4.23  1.46  0.61  0.45  0.17  0.04  0.03  0.03  0.03  0.04  0.03  0.03
 9  10  0.03  0.09  0.15  0.30  0.59  0.88  1.44  2.75  3.90  4.68  6.34  8.48  9.46  9.74  8.39  7.46  4.49  1.60  0.68  0.49  0.18  0.04  0.03  0.03  0.03  0.04  0.03  0.03
 9  15  0.03  0.09  0.15  0.31  0.61  0.90  1.47  2.77  3.98  4.78  6.45  8.43  9.23  9.36  8.18  7.32  4.47  1.62  0.68  0.50  0.18  0.04  0.03  0.03  0.04  0.04  0.04  0.03
 9  20  0.03  0.10  0.16  0.32  0.63  0.93  1.50  2.78  4.01  4.85  6.55  8.42  9.04  9.07  7.98  7.18  4.47  1.63  0.69  0.50  0.18  0.05  0.04  0.04  0.04  0.05  0.04  0.04
 9  25  0.03  0.09  0.16  0.31  0.62  0.92  1.49  2.83  4.08  4.93  6.54  8.26  8.81  8.77  7.85  7.18  4.51  1.70  0.71  0.52  0.19  0.07  0.05  0.05  0.05  0.05  0.05  0.04
 9  30  0.03  0.09  0.16  0.31  0.62  0.92  1.51  2.85  4.12  5.01  6.59  8.14  8.56  8.47  7.71  7.17  4.55  1.76  0.73  0.53  0.19  0.08  0.06  0.05  0.05  0.05  0.05  0.05
 9  35  0.03  0.10  0.16  0.32  0.63  0.93  1.51  2.85  4.11  4.98  6.49  7.90  8.27  8.14  7.34  6.79  4.45  1.93  0.91  0.67  0.29  0.10  0.07  0.06  0.06  0.06  0.05  0.05
 9  40  0.03  0.10  0.16  0.32  0.63  0.93  1.52  2.85  4.11  4.97  6.42  7.68  7.96  7.83  6.99  6.39  4.33  2.08  1.07  0.81  0.37  0.13  0.09  0.07  0.06  0.06  0.05  0.05
 9  45  0.03  0.10  0.16  0.32  0.63  0.93  1.52  2.83  4.08  4.94  6.36  7.49  7.67  7.44  6.66  6.10  4.23  2.19  1.20  0.93  0.48  0.19  0.12  0.09  0.07  0.06  0.05  0.05
 9  50  0.03  0.10  0.16  0.32  0.63  0.93  1.51  2.83  4.05  4.91  6.29  7.27  7.34  7.04  6.31  5.79  4.12  2.30  1.34  1.07  0.61  0.24  0.15  0.11  0.08  0.06  0.06  0.05
 9  55  0.03  0.09  0.15  0.31  0.61  0.90  1.47  2.81  4.03  4.89  6.23  7.06  7.01  6.61  5.89  5.36  3.92  2.37  1.46  1.17  0.70  0.28  0.18  0.14  0.09  0.06  0.06  0.05
 9  60  0.03  0.09  0.15  0.31  0.61  0.91  1.49  2.86  4.12  5.01  6.28  6.87  6.67  6.13  5.46  4.98  3.76  2.48  1.62  1.30  0.79  0.34  0.22  0.15  0.10  0.07  0.06  0.05
 9  65  0.03  0.09  0.16  0.31  0.62  0.92  1.50  2.87  4.10  4.97  6.03  6.39  6.10  5.52  4.87  4.39  3.50  2.46  1.71  1.39  0.87  0.39  0.26  0.17  0.11  0.07  0.05  0.05
 9  70  0.03  0.09  0.16  0.31  0.62  0.92  1.51  2.89  4.08  4.93  5.79  5.91  5.53  4.92  4.27  3.80  3.23  2.44  1.80  1.47  0.96  0.44  0.29  0.18  0.11  0.07  0.06  0.05
 9  75  0.03  0.10  0.16  0.31  0.62  0.93  1.52  2.88  3.86  4.57  5.11  5.17  4.88  4.40  4.03  3.75  3.18  2.44  1.80  1.48  0.97  0.45  0.30  0.19  0.12  0.07  0.06  0.05
 9  80  0.03  0.10  0.16  0.32  0.63  0.93  1.52  2.88  3.65  4.21  4.42  4.43  4.24  3.89  3.79  3.71  3.12  2.44  1.79  1.48  0.98  0.45  0.31  0.20  0.12  0.07  0.06  0.05
 9  85  0.03  0.10  0.16  0.32  0.63  0.93  1.52  2.88  3.64  4.21  4.42  4.42  4.23  3.88  3.78  3.70  3.12  2.43  1.79  1.48  0.98  0.45  0.31  0.20  0.13  0.07  0.06  0.05
 9  90  0.03  0.10  0.16  0.32  0.63  0.93  1.52  2.88  3.64  4.20  4.41  4.42  4.23  3.88  3.78  3.70  3.12  2.43  1.79  1.48  0.98  0.45  0.31  0.20  0.13  0.07  0.06  0.05
10 -90  0.03  0.09  0.14  0.28  0.56  0.82  1.32  2.41  3.26  3.86  5.02  5.83  5.90  5.49  4.64  4.03  2.56  0.59  0.23  0.22  0.21  0.30  0.10  0.06  0.05  0.04  0.03  0.03
10 -85  0.03  0.09  0.14  0.28  0.56  0.82  1.32  2.40  3.26  3.86  5.03  5.84  5.90  5.49  4.64  4.03  2.56  0.59  0.23  0.22  0.21  0.30  0.11  0.06  0.05  0.04  0.03  0.03
10 -80  0.03  0.09  0.14  0.28  0.56  0.82  1.32  2.40  3.26  3.86  5.03  5.84  5.91  5.49  4.64  4.03  2.56  0.59  0.22  0.22  0.21  0.30  0.12  0.06  0.05  0.04  0.03  0.03
10 -75  0.03  0.09  0.14  0.29  0.56  0.83  1.33  2.43  3.33  3.96  5.17  6.11  6.25  5.85  5.18  4.68  3.05  0.96  0.42  0.37  0.28  0.33  0.21  0.07  0.05  0.04  0.03  0.03
10 -70  0.03  0.09  0.14  0.29  0.56  0.83  1.34  2.47  3.41  4.07  5.31  6.38  6.59  6.22  5.73  5.34  3.55  1.38  0.65  0.55  0.36  0.37  0.24  0.07  0.05  0.04  0.03  0.03
10 -65  0.03  0.09  0.15  0.30  0.58  0.86  1.39  2.58  3.62  4.36  5.64  6.75  6.96  6.61  6.30  6.04  4.25  2.05  1.06  0.86  0.51  0.38  0.25  0.08  0.05  0.04  0.03  0.03
10 -60  0.03  0.09  0.15  0.31  0.60  0.89  1.44  2.69  3.83  4.64  5.97  7.12  7.34  7.02  6.88  6.74  4.91  2.71  1.48  1.17  0.67  0.41  0.26  0.09  0.06  0.04  0.03  0.03
10 -55  0.03  0.09  0.16  0.31  0.62  0.92  1.49  2.79  4.01  4.86  6.23  7.39  7.60  7.33  6.93  6.60  5.02  3.01  1.75  1.38  0.77  0.39  0.24  0.15  0.06  0.04  0.04  0.03
10 -50  0.03  0.09  0.16  0.31  0.62  0.92  1.50  2.84  4.11  4.99  6.45  7.67  7.89  7.58  6.94  6.43  5.09  3.26  1.95  1.54  0.86  0.38  0.23  0.14  0.06  0.04  0.04  0.03
10 -45  0.03  0.09  0.16  0.31  0.61  0.91  1.49  2.82  4.09  4.98  6.49  7.84  8.09  7.70  7.07  6.57  5.20  3.32  1.94  1.53  0.84  0.37  0.23  0.09  0.06  0.05  0.04  0.04
10 -40  0.03  0.09  0.16  0.31  0.61  0.91  1.49  2.81  4.10  4.97  6.57  8.04  8.34  7.92  7.23  6.72  5.32  3.37  1.92  1.51  0.82  0.36  0.23  0.09  0.06  0.05  0.04  0.04
10 -35  0.03  0.09  0.15  0.31  0.61  0.90  1.47  2.78  4.04  4.91  6.54  8.16  8.54  8.15  7.30  6.67  5.07  2.87  1.48  1.14  0.58  0.26  0.14  0.08  0.06  0.05  0.05  0.04
10 -30  0.03  0.09  0.15  0.30  0.60  0.89  1.45  2.76  3.97  4.82  6.49  8.25  8.73  8.43  7.39  6.63  4.82  2.36  1.04  0.78  0.35  0.15  0.10  0.07  0.06  0.05  0.05  0.04
10 -25  0.03  0.09  0.15  0.31  0.61  0.90  1.46  2.72  3.89  4.69  6.36  8.30  8.91  8.73  7.55  6.69  4.61  2.05  0.84  0.63  0.26  0.09  0.06  0.06  0.05  0.05  0.05  0.05
10 -20  0.03  0.09  0.15  0.30  0.60  0.89  1.44  2.70  3.81  4.60  6.25  8.32  9.07  8.99  7.70  6.75  4.40  1.71  0.65  0.48  0.18  0.06  0.05  0.05  0.05  0.05  0.05  0.05
10 -15  0.03  0.09  0.15  0.29  0.58  0.86  1.41  2.70  3.77  4.51  6.13  8.26  9.12  9.17  7.92  7.05  4.26  1.56  0.58  0.42  0.15  0.05  0.04  0.04  0.04  0.05  0.05  0.05
10 -10  0.03  0.09  0.14  0.28  0.57  0.84  1.39  2.70  3.75  4.47  6.06  8.22  9.25  9.48  8.20  7.34  4.08  1.41  0.51  0.37  0.13  0.04  0.04  0.04  0.04  0.04  0.04  0.04
10  -5  0.03  0.09  0.14  0.29  0.57  0.84  1.39  2.69  3.73  4.47  6.01  8.16  9.30  9.64  8.25  7.34  4.01  1.38  0.49  0.36  0.13  0.04  0.03  0.03  0.03  0.04  0.04  0.04
10   0  0.03  0.08  0.14  0.28  0.56  0.83  1.38  2.70  3.77  4.50  6.06  8.22  9.42  9.85  8.33  7.34  3.95  1.34  0.48  0.35  0.13  0.04  0.03  0.03  0.03  0.04  0.04  0.03
10   5  0.03  0.09  0.15  0.29  0.58  0.86  1.41  2.70  3.78  4.53  6.09  8.18  9.32  9.73  8.29  7.36  4.17  1.45  0.56  0.41  0.14  0.04  0.03  0.03  0.03  0.03  0.03  0.03
10  10  0.03  0.09  0.15  0.29  0.58  0.87  1.42  2.73  3.83  4.58  6.17  8.23  9.24  9.60  8.26  7.36  4.38  1.56  0.64  0.46  0.16  0.04  0.03  0.03  0.03  0.04  0.04  0.03
10  15  0.03  0.09  0.15  0.30  0.59  0.88  1.44  2.74  3.89  4.66  6.26  8.18  9.01  9.21  8.01  7.15  4.35  1.59  0.65  0.46  0.16  0.04  0.03  0.03  0.04  0.04  0.04  0.04
10  20  0.03  0.09  0.16  0.31  0.61  0.91  1.47  2.74  3.90  4.69  6.31  8.17  8.83  8.90  7.78  6.95  4.32  1.60  0.66  0.47  0.16  0.05  0.04  0.04  0.04  0.04  0.04  0.04
10  25  0.03  0.09  0.15  0.31  0.61  0.90  1.48  2.82  4.02  4.84  6.39  8.03  8.56  8.54  7.63  6.94  4.37  1.65  0.68  0.49  0.18  0.06  0.04  0.04  0.04  0.05  0.05  0.04
10  30  0.03  0.10  0.16  0.31  0.62  0.92  1.51  2.84  4.11  4.99  6.52  7.93  8.28  8.18  7.45  6.93  4.42  1.69  0.70  0.51  0.19  0.08  0.05  0.05  0.05  0.05  0.05  0.05
10  35  0.03  0.10  0.16  0.33  0.64  0.95  1.55  2.91  4.22  5.13  6.55  7.68  7.88  7.67  6.98  6.50  4.34  1.88  0.90  0.68  0.30  0.10  0.07  0.06  0.05  0.05  0.05  0.05
10  40  0.03  0.10  0.17  0.33  0.66  0.98  1.59  2.98  4.34  5.29  6.61  7.44  7.47  7.20  6.54  6.06  4.24  2.04  1.09  0.83  0.40  0.17  0.09  0.07  0.06  0.05  0.05  0.05
10  45  0.04  0.11  0.18  0.35  0.69  1.02  1.65  3.06  4.46  5.43  6.63  7.24  7.15  6.81  6.24  5.83  4.23  2.22  1.24  0.97  0.51  0.20  0.12  0.09  0.07  0.06  0.05  0.05
10  50  0.04  0.11  0.18  0.36  0.71  1.05  1.70  3.16  4.56  5.58  6.64  6.99  6.79  6.41  5.94  5.59  4.21  2.38  1.40  1.12  0.64  0.23  0.13  0.12  0.08  0.06  0.05  0.05
10  55  0.04  0.11  0.18  0.36  0.71  1.06  1.72  3.24  4.60  5.61  6.51  6.73  6.48  6.06  5.61  5.27  4.11  2.42  1.49  1.20  0.71  0.28  0.17  0.12  0.09  0.06  0.05  0.05
10  60  0.04  0.11  0.19  0.37  0.74  1.09  1.78  3.38  4.75  5.78  6.47  6.48  6.15  5.66  5.28  5.00  4.05  2.50  1.61  1.30  0.79  0.34  0.21  0.15  0.10  0.06  0.05  0.05
10  65  0.04  0.11  0.19  0.38  0.75  1.11  1.81  3.41  4.62  5.55  6.05  5.99  5.66  5.19  4.85  4.60  3.79  2.51  1.74  1.43  0.91  0.40  0.24  0.16  0.10  0.06  0.05  0.05
10  70  0.04  0.12  0.19  0.39  0.76  1.13  1.84  3.44  4.49  5.32  5.62  5.50  5.18  4.73  4.43  4.21  3.53  2.52  1.86  1.55  1.03  0.45  0.27  0.18  0.10  0.06  0.05  0.05
10  75  0.04  0.12  0.19  0.38  0.76  1.12  1.82  3.39  4.08  4.66  4.91  4.92  4.72  4.35  4.07  3.88  3.38  2.54  1.90  1.59  1.08  0.47  0.28  0.19  0.11  0.06  0.05  0.05
10  80  0.04  0.12  0.19  0.38  0.75  1.11  1.80  3.34  3.67  4.00  4.19  4.35  4.26  3.96  3.72  3.55  3.22  2.55  1.95  1.64  1.12  0.50  0.29  0.20  0.11  0.06  0.05  0.05
10  85  0.04  0.12  0.19  0.38  0.75  1.11  1.80  3.34  3.67  3.99  4.18  4.34  4.25  3.96  3.71  3.55  3.22  2.55  1.95  1.64  1.12  0.50  0.29  0.20  0.12  0.07  0.05  0.05
10  90  0.04  0.12  0.19  0.38  0.75  1.11  1.80  3.34  3.67  3.99  4.18  4.34  4.25  3.96  3.71  3.55  3.22  2.55  1.95  1.64  1.12  0.50  0.29  0.20  0.12  0.07  0.05  0.05
11 -90  0.02  0.07  0.12  0.25  0.49  0.72  1.17  2.18  3.02  3.60  4.87  6.01  6.28  6.09  5.80  5.51  4.21  1.82  0.90  0.73  0.43  0.35  0.25  0.15  0.05  0.04  0.03  0.02
11 -85  0.02  0.07  0.12  0.25  0.49  0.72  1.17  2.18  3.02  3.60  4.87  6.01  6.28  6.09  5.80  5.51  4.21  1.82  0.90  0.73  0.43  0.35  0.25  0.07  0.05  0.04  0.03  0.02
11 -80  0.02  0.07  0.12  0.25  0.49  0.72  1.17  2.18  3.02  3.60  4.87  6.01  6.28  6.09  5.80  5.51  4.21  1.82  0.90  0.72  0.43  0.35  0.25  0.15  0.05  0.04  0.03  0.03
11 -75  0.03  0.08  0.13  0.25  0.49  0.73  1.18  2.21  3.08  3.68  4.92  6.14  6.46  6.26  6.12  5.95  4.50  2.01  1.00  0.81  0.48  0.37  0.26  0.16  0.05  0.04  0.03  0.03
11 -70  0.03  0.08  0.13  0.25  0.50  0.74  1.20  2.23  3.14  3.77  4.97  6.26  6.63  6.44  6.44  6.40  4.80  2.24  1.13  0.91  0.55  0.40  0.27  0.17  0.06  0.04  0.03  0.03
11 -65  0.03  0.08  0.13  0.26  0.51  0.76  1.24  2.31  3.27  3.94  5.20  6.54  6.92  6.70  6.70  6.66  4.99  2.56  1.36  1.08  0.61  0.40  0.26  0.16  0.06  0.04  0.03  0.03
11 -60  0.03  0.08  0.14  0.27  0.53  0.79  1.28  2.38  3.40  4.11  5.42  6.82  7.20  6.96  6.95  6.91  5.17  2.89  1.60  1.25  0.68  0.40  0.26  0.16  0.06  0.04  0.03  0.03
11 -55  0.03  0.08  0.14  0.28  0.55  0.81  1.32  2.47  3.53  4.25  5.62  7.11  7.53  7.32  6.93  6.61  5.05  2.99  1.72  1.34  0.70  0.36  0.23  0.14  0.07  0.04  0.04  0.03
11 -50  0.03  0.08  0.14  0.28  0.55  0.82  1.33  2.51  3.59  4.32  5.78  7.40  7.88  7.63  6.87  6.29  4.89  3.06  1.77  1.37  0.71  0.32  0.21  0.10  0.06  0.05  0.04  0.03
11 -45  0.03  0.08  0.14  0.28  0.55  0.81  1.33  2.53  3.61  4.35  5.85  7.59  8.16  7.88  7.04  6.41  4.94  3.05  1.74  1.35  0.69  0.31  0.20  0.09  0.06  0.05  0.04  0.04
11 -40  0.03  0.08  0.14  0.27  0.54  0.81  1.33  2.57  3.63  4.36  5.91  7.80  8.46  8.21  7.24  6.54  5.00  3.04  1.69  1.31  0.67  0.31  0.19  0.08  0.06  0.05  0.04  0.04
11 -35  0.03  0.08  0.14  0.28  0.55  0.82  1.35  2.60  3.69  4.43  6.00  7.96  8.67  8.48  7.40  6.60  4.75  2.56  1.28  0.98  0.47  0.23  0.12  0.07  0.06  0.05  0.05  0.04
11 -30  0.03  0.08  0.14  0.28  0.56  0.83  1.36  2.63  3.71  4.45  6.04  8.07  8.87  8.79  7.56  6.67  4.50  2.09  0.88  0.65  0.27  0.15  0.09  0.06  0.06  0.05  0.05  0.04
11 -25  0.03  0.09  0.14  0.29  0.57  0.85  1.39  2.64  3.73  4.47  6.06  8.17  9.02  9.03  7.66  6.66  4.35  1.90  0.74  0.55  0.22  0.09  0.06  0.05  0.05  0.05  0.05  0.04
11 -20  0.03  0.09  0.14  0.29  0.57  0.85  1.39  2.68  3.76  4.52  6.12  8.25  9.14  9.22  7.73  6.65  4.20  1.70  0.61  0.44  0.16  0.07  0.05  0.05  0.05  0.05  0.05  0.04
11 -15  0.03  0.08  0.14  0.28  0.56  0.84  1.38  2.70  3.78  4.53  6.14  8.26  9.16  9.34  7.93  6.92  4.11  1.54  0.55  0.40  0.15  0.05  0.04  0.04  0.04  0.05  0.05  0.04
11 -10  0.03  0.08  0.14  0.28  0.55  0.83  1.38  2.74  3.84  4.59  6.18  8.29  9.28  9.55  8.17  7.20  4.00  1.39  0.49  0.36  0.14  0.05  0.04  0.04  0.04  0.04  0.04  0.04
11  -5  0.03  0.08  0.14  0.28  0.55  0.83  1.38  2.75  3.84  4.61  6.15  8.20  9.24  9.56  8.14  7.19  3.90  1.33  0.47  0.35  0.14  0.04  0.03  0.03  0.03  0.04  0.04  0.03
11   0  0.03  0.09  0.14  0.28  0.57  0.85  1.40  2.75  3.88  4.65  6.21  8.20  9.23  9.60  8.15  7.17  3.82  1.27  0.46  0.34  0.13  0.04  0.03  0.03  0.03  0.04  0.03  0.03
11   5  0.03  0.09  0.15  0.29  0.58  0.86  1.42  2.74  3.85  4.62  6.14  8.07  9.09  9.45  8.07  7.16  4.02  1.36  0.50  0.37  0.14  0.04  0.03  0.03  0.03  0.04  0.03  0.03
11  10  0.03  0.09  0.15  0.29  0.58  0.87  1.43  2.74  3.84  4.59  6.11  8.02  8.95  9.30  8.00  7.14  4.22  1.45  0.55  0.40  0.14  0.04  0.03  0.03  0.03  0.04  0.04  0.03
11  15  0.03  0.09  0.15  0.30  0.59  0.88  1.44  2.76  3.89  4.65  6.18  7.93  8.67  8.87  7.72  6.91  4.14  1.48  0.55  0.40  0.14  0.04  0.04  0.04  0.04  0.04  0.04  0.04
11  20  0.03  0.09  0.16  0.31  0.61  0.91  1.47  2.76  3.89  4.67  6.20  7.86  8.43  8.51  7.46  6.68  4.05  1.50  0.56  0.41  0.14  0.05  0.04  0.04  0.04  0.04  0.04  0.04
11  25  0.03  0.09  0.16  0.31  0.61  0.91  1.49  2.86  4.07  4.90  6.33  7.69  8.09  8.07  7.24  6.59  4.13  1.58  0.64  0.46  0.18  0.06  0.04  0.04  0.04  0.04  0.04  0.04
11  30  0.03  0.10  0.16  0.33  0.64  0.95  1.55  2.92  4.22  5.12  6.50  7.57  7.75  7.62  6.98  6.50  4.20  1.68  0.72  0.53  0.22  0.08  0.06  0.05  0.05  0.05  0.05  0.04
11  35  0.03  0.10  0.17  0.34  0.68  1.01  1.64  3.06  4.42  5.37  6.57  7.33  7.36  7.11  6.60  6.23  4.36  1.98  0.97  0.73  0.34  0.14  0.08  0.06  0.05  0.05  0.05  0.05
11  40  0.04  0.11  0.18  0.36  0.71  1.06  1.71  3.19  4.63  5.63  6.66  7.09  6.96  6.64  6.25  5.95  4.51  2.26  1.19  0.92  0.46  0.18  0.11  0.08  0.06  0.05  0.05  0.05
11  45  0.04  0.12  0.19  0.38  0.75  1.11  1.80  3.34  4.78  5.81  6.64  6.85  6.64  6.30  6.04  5.85  4.54  2.40  1.36  1.07  0.58  0.24  0.14  0.10  0.07  0.06  0.05  0.05
11  50  0.04  0.12  0.20  0.40  0.79  1.17  1.89  3.48  4.91  5.98  6.58  6.57  6.30  5.98  5.84  5.74  4.56  2.55  1.54  1.24  0.72  0.30  0.17  0.12  0.08  0.06  0.05  0.05
11  55  0.04  0.12  0.20  0.41  0.80  1.18  1.92  3.55  4.83  5.83  6.29  6.28  6.04  5.72  5.59  5.47  4.40  2.57  1.61  1.33  0.84  0.35  0.19  0.13  0.09  0.06  0.05  0.05
11  60  0.04  0.12  0.21  0.41  0.82  1.21  1.97  3.70  4.86  5.78  6.07  6.00  5.76  5.43  5.33  5.26  4.28  2.64  1.71  1.44  0.97  0.41  0.23  0.15  0.09  0.06  0.05  0.05
11  65  0.04  0.12  0.20  0.40  0.79  1.17  1.90  3.55  4.61  5.45  5.81  5.83  5.63  5.30  5.08  4.93  4.17  2.73  1.89  1.61  1.14  0.50  0.27  0.18  0.10  0.06  0.05  0.05
11  70  0.04  0.12  0.20  0.39  0.77  1.14  1.84  3.39  4.36  5.13  5.54  5.66  5.50  5.17  4.83  4.60  4.06  2.82  2.07  1.79  1.32  0.59  0.31  0.20  0.10  0.06  0.05  0.05
11  75  0.04  0.12  0.20  0.39  0.76  1.12  1.80  3.24  4.08  4.76  5.10  5.00  4.70  4.32  4.01  3.80  3.51  2.75  2.00  1.72  1.26  0.56  0.29  0.19  0.10  0.06  0.05  0.05
11  80  0.04  0.12  0.19  0.38  0.75  1.10  1.75  3.09  3.81  4.38  4.65  4.34  3.90  3.46  3.19  3.00  2.95  2.66  1.93  1.65  1.19  0.52  0.26  0.17  0.11  0.06  0.05  0.05
11  85  0.04  0.12  0.19  0.38  0.75  1.10  1.75  3.09  3.80  4.38  4.65  4.34  3.90  3.46  3.18  3.00  2.95  2.66  1.93  1.65  1.19  0.52  0.26  0.17  0.11  0.06  0.05  0.05
11  90  0.04  0.12  0.19  0.38  0.75  1.10  1.75  3.09  3.80  4.38  4.65  4.33  3.89  3.46  3.18  3.00  2.95  2.66  1.93  1.66  1.19  0.52  0.26  0.17  0.11  0.06  0.05  0.05
12 -90  0.02  0.07  0.11  0.22  0.43  0.64  1.03  1.90  2.72  3.29  4.55  5.73  5.92  5.55  5.36  5.21  4.54  3.05  1.71  1.34  0.75  0.38  0.29  0.18  0.09  0.04  0.03  0.02
12 -85  0.02  0.07  0.11  0.22  0.43  0.64  1.03  1.89  2.72  3.29  4.55  5.73  5.92  5.55  5.36  5.21  4.54  3.05  1.71  1.34  0.75  0.38  0.29  0.18  0.09  0.04  0.03  0.02
12 -80  0.02  0.07  0.11  0.22  0.43  0.64  1.03  1.89  2.72  3.29  4.55  5.73  5.92  5.55  5.36  5.21  4.54  3.06  1.71  1.34  0.75  0.38  0.29  0.18  0.09  0.04  0.03  0.02
12 -75  0.02  0.07  0.11  0.22  0.44  0.65  1.06  1.96  2.78  3.36  4.58  5.82  6.08  5.73  5.54  5.39  4.67  3.07  1.71  1.35  0.75  0.37  0.29  0.18  0.06  0.04  0.03  0.02
12 -70  0.02  0.07  0.12  0.23  0.46  0.67  1.09  2.02  2.85  3.43  4.61  5.91  6.24  5.91  5.72  5.57  4.80  3.09  1.72  1.36  0.76  0.38  0.29  0.17  0.06  0.04  0.03  0.03
12 -65  0.02  0.07  0.12  0.24  0.47  0.70  1.13  2.10  2.96  3.56  4.76  6.18  6.61  6.34  6.08  5.88  4.89  3.07  1.71  1.34  0.74  0.35  0.27  0.16  0.07  0.04  0.03  0.03
12 -60  0.03  0.08  0.13  0.25  0.49  0.73  1.18  2.18  3.06  3.68  4.92  6.46  6.98  6.77  6.44  6.19  4.97  3.04  1.70  1.32  0.72  0.33  0.24  0.14  0.07  0.04  0.03  0.03
12 -55  0.03  0.08  0.13  0.26  0.52  0.76  1.23  2.29  3.19  3.81  5.09  6.78  7.41  7.29  6.75  6.35  4.89  2.88  1.60  1.24  0.64  0.30  0.21  0.13  0.07  0.04  0.03  0.03
12 -50  0.03  0.08  0.13  0.27  0.52  0.77  1.26  2.34  3.26  3.88  5.23  7.10  7.86  7.78  7.04  6.50  4.77  2.70  1.45  1.12  0.56  0.27  0.18  0.10  0.07  0.05  0.04  0.03
12 -45  0.03  0.08  0.13  0.26  0.52  0.78  1.27  2.41  3.35  4.00  5.39  7.33  8.17  8.12  7.06  6.27  4.55  2.53  1.36  1.05  0.52  0.26  0.16  0.08  0.06  0.05  0.04  0.03
12 -40  0.03  0.08  0.13  0.26  0.52  0.78  1.28  2.49  3.43  4.08  5.51  7.55  8.48  8.52  7.08  6.05  4.35  2.37  1.25  0.97  0.48  0.24  0.12  0.07  0.06  0.05  0.04  0.04
12 -35  0.03  0.08  0.14  0.27  0.54  0.80  1.32  2.55  3.57  4.25  5.72  7.77  8.69  8.71  7.45  6.53  4.34  2.07  0.98  0.75  0.36  0.18  0.10  0.07  0.06  0.05  0.04  0.04
12 -30  0.03  0.08  0.14  0.27  0.54  0.81  1.34  2.62  3.66  4.37  5.89  7.95  8.87  8.94  7.81  7.00  4.33  1.78  0.72  0.54  0.23  0.13  0.08  0.06  0.05  0.05  0.05  0.04
12 -25  0.03  0.09  0.14  0.28  0.56  0.84  1.37  2.66  3.76  4.50  6.06  8.14  9.03  9.11  7.86  6.95  4.24  1.68  0.62  0.46  0.18  0.08  0.06  0.05  0.05  0.05  0.05  0.04
12 -20  0.03  0.08  0.14  0.28  0.56  0.84  1.38  2.73  3.87  4.66  6.28  8.33  9.16  9.25  7.88  6.89  4.14  1.56  0.52  0.38  0.13  0.06  0.04  0.04  0.04  0.05  0.05  0.04
12 -15  0.03  0.08  0.14  0.28  0.56  0.84  1.39  2.77  3.95  4.78  6.45  8.45  9.24  9.37  8.02  7.05  4.08  1.45  0.48  0.35  0.13  0.05  0.04  0.04  0.04  0.04  0.04  0.04
12 -10  0.03  0.08  0.14  0.28  0.56  0.83  1.40  2.83  4.07  4.93  6.64  8.62  9.43  9.56  8.19  7.20  4.00  1.35  0.43  0.32  0.13  0.04  0.03  0.03  0.03  0.04  0.04  0.03
12  -5  0.03  0.08  0.14  0.28  0.56  0.84  1.40  2.84  4.08  4.95  6.61  8.53  9.33  9.49  7.99  6.94  3.83  1.29  0.42  0.31  0.13  0.04  0.03  0.03  0.03  0.04  0.03  0.03
12   0  0.03  0.09  0.15  0.29  0.59  0.88  1.44  2.82  4.11  4.99  6.65  8.47  9.22  9.42  7.81  6.67  3.67  1.24  0.40  0.31  0.14  0.04  0.03  0.03  0.03  0.03  0.03  0.03
12   5  0.03  0.09  0.15  0.30  0.59  0.88  1.45  2.81  4.05  4.92  6.49  8.25  9.00  9.16  7.76  6.80  3.89  1.34  0.45  0.34  0.13  0.04  0.03  0.03  0.03  0.04  0.04  0.03
12  10  0.03  0.09  0.15  0.30  0.60  0.89  1.46  2.80  4.01  4.85  6.41  8.09  8.78  8.92  7.72  6.91  4.11  1.44  0.50  0.36  0.12  0.04  0.04  0.03  0.04  0.04  0.04  0.04
12  15  0.03  0.09  0.15  0.30  0.60  0.89  1.46  2.80  4.01  4.84  6.37  7.92  8.47  8.49  7.41  6.64  4.03  1.52  0.52  0.38  0.13  0.04  0.04  0.04  0.04  0.04  0.04  0.04
12  20  0.03  0.09  0.16  0.31  0.61  0.91  1.48  2.78  3.97  4.79  6.29  7.75  8.15  8.10  7.11  6.37  3.93  1.57  0.55  0.39  0.13  0.05  0.04  0.04  0.04  0.04  0.04  0.04
12  25  0.03  0.09  0.15  0.31  0.61  0.91  1.49  2.86  4.05  4.90  6.29  7.51  7.77  7.66  6.96  6.41  4.13  1.71  0.67  0.49  0.19  0.06  0.05  0.05  0.04  0.04  0.04  0.04
12  30  0.03  0.10  0.16  0.32  0.64  0.94  1.53  2.88  4.12  4.98  6.30  7.29  7.39  7.19  6.77  6.45  4.31  1.86  0.81  0.61  0.26  0.09  0.06  0.05  0.05  0.05  0.05  0.04
12  35  0.03  0.10  0.17  0.34  0.67  1.00  1.62  3.01  4.28  5.16  6.28  7.02  7.03  6.76  6.53  6.37  4.60  2.19  1.09  0.84  0.43  0.19  0.09  0.07  0.06  0.05  0.05  0.05
12  40  0.04  0.11  0.18  0.36  0.71  1.05  1.70  3.14  4.43  5.34  6.29  6.75  6.66  6.37  6.33  6.28  4.88  2.50  1.34  1.07  0.60  0.27  0.14  0.09  0.07  0.05  0.05  0.05
12  45  0.04  0.11  0.19  0.38  0.74  1.10  1.78  3.30  4.56  5.46  6.19  6.50  6.39  6.14  6.09  6.05  4.81  2.73  1.55  1.25  0.73  0.32  0.17  0.12  0.08  0.06  0.05  0.05
12  50  0.04  0.12  0.20  0.40  0.78  1.16  1.87  3.44  4.65  5.56  6.08  6.23  6.12  5.95  5.87  5.82  4.72  2.97  1.76  1.43  0.87  0.39  0.21  0.13  0.09  0.06  0.05  0.05
12  55  0.04  0.12  0.20  0.40  0.78  1.16  1.87  3.43  4.47  5.30  5.79  6.05  5.98  5.82  5.64  5.51  4.49  2.95  1.86  1.55  1.01  0.46  0.24  0.15  0.09  0.06  0.05  0.05
12  60  0.04  0.12  0.20  0.40  0.78  1.16  1.88  3.49  4.40  5.14  5.58  5.87  5.84  5.66  5.42  5.25  4.31  2.98  2.00  1.68  1.16  0.54  0.28  0.17  0.10  0.06  0.05  0.05
12  65  0.04  0.12  0.21  0.41  0.80  1.18  1.89  3.39  4.33  5.07  5.54  5.81  5.73  5.48  5.16  4.94  4.19  2.93  2.05  1.74  1.22  0.57  0.28  0.17  0.10  0.06  0.05  0.05
12  70  0.04  0.13  0.21  0.42  0.81  1.19  1.89  3.30  4.27  5.00  5.51  5.76  5.62  5.31  4.91  4.63  4.06  2.88  2.09  1.79  1.28  0.61  0.27  0.17  0.10  0.06  0.05  0.05
12  75  0.04  0.12  0.20  0.40  0.78  1.13  1.78  3.00  4.01  4.76  5.31  5.38  5.15  4.78  4.42  4.18  3.83  2.90  2.11  1.80  1.29  0.60  0.30  0.18  0.11  0.06  0.05  0.05
12  80  0.04  0.12  0.19  0.38  0.74  1.07  1.66  2.70  3.74  4.52  5.10  5.01  4.67  4.25  3.94  3.73  3.60  2.93  2.13  1.82  1.30  0.60  0.32  0.20  0.11  0.06  0.05  0.05
12  85  0.04  0.12  0.19  0.38  0.74  1.07  1.66  2.70  3.74  4.51  5.09  5.01  4.67  4.25  3.94  3.73  3.60  2.93  2.13  1.82  1.30  0.60  0.32  0.20  0.11  0.06  0.05  0.05
12  90  0.04  0.12  0.19  0.38  0.74  1.07  1.66  2.70  3.74  4.51  5.09  5.00  4.67  4.25  3.94  3.73  3.60  2.93  2.13  1.82  1.30  0.60  0.32  0.20  0.11  0.06  0.05  0.05
