     0.010
     0.030
     0.050
     0.100
     0.200
     0.300
     0.500
     1.000
     1.500
     2.000
     3.000
     5.000
     7.000
    10.000
    15.000
    20.000
    30.000
    50.000
    70.000
    80.000
   100.000
   150.000
   200.000
   250.000
   300.000
   400.000
   500.000
   600.000
 1 -90  0.02  0.07  0.11  0.22  0.43  0.64  1.03  1.88  2.67  3.22  4.47  5.46  5.47  4.93  4.27  3.80  3.59  2.85  1.92  1.55  0.95  0.38  0.28  0.18  0.09  0.05  0.03  0.02
 1 -85  0.02  0.07  0.11  0.22  0.43  0.64  1.03  1.87  2.66  3.22  4.48  5.47  5.47  4.93  4.26  3.79  3.59  2.85  1.92  1.54  0.95  0.38  0.28  0.18  0.09  0.05  0.03  0.02
 1 -80  0.02  0.07  0.11  0.22  0.43  0.64  1.03  1.86  2.65  3.22  4.50  5.48  5.48  4.92  4.26  3.79  3.59  2.86  1.91  1.54  0.95  0.38  0.28  0.18  0.10  0.04  0.03  0.02
 1 -75  0.02  0.07  0.11  0.23  0.45  0.66  1.06  1.92  2.71  3.30  4.52  5.62  5.72  5.20  4.59  4.17  3.89  2.93  1.90  1.52  0.93  0.37  0.27  0.18  0.09  0.04  0.03  0.02
 1 -70  0.02  0.07  0.12  0.23  0.46  0.68  1.09  1.98  2.78  3.37  4.54  5.76  5.97  5.48  4.93  4.54  4.17  3.00  1.89  1.51  0.91  0.37  0.27  0.17  0.08  0.04  0.03  0.02
 1 -65  0.02  0.07  0.12  0.24  0.48  0.70  1.13  2.06  2.87  3.49  4.71  6.08  6.44  6.04  5.54  5.18  4.36  2.96  1.81  1.43  0.85  0.35  0.25  0.16  0.07  0.04  0.03  0.02
 1 -60  0.03  0.08  0.13  0.25  0.49  0.73  1.17  2.13  2.96  3.61  4.87  6.41  6.91  6.61  6.15  5.83  4.55  2.93  1.72  1.35  0.79  0.33  0.24  0.15  0.08  0.04  0.03  0.03
 1 -55  0.03  0.08  0.13  0.26  0.52  0.77  1.23  2.23  3.08  3.73  5.03  6.72  7.36  7.18  6.54  6.10  4.39  2.66  1.46  1.14  0.63  0.26  0.18  0.12  0.07  0.05  0.03  0.03
 1 -50  0.03  0.08  0.14  0.27  0.53  0.79  1.26  2.29  3.17  3.81  5.18  7.04  7.82  7.72  6.93  6.37  4.21  2.37  1.17  0.89  0.47  0.19  0.13  0.10  0.07  0.04  0.04  0.03
 1 -45  0.03  0.08  0.14  0.27  0.54  0.80  1.30  2.44  3.36  4.04  5.42  7.30  8.14  8.14  7.19  6.49  4.22  2.31  1.11  0.85  0.44  0.19  0.13  0.07  0.06  0.04  0.04  0.03
 1 -40  0.03  0.08  0.14  0.27  0.54  0.80  1.32  2.56  3.51  4.20  5.63  7.58  8.48  8.58  7.41  6.58  4.25  2.27  1.03  0.79  0.41  0.17  0.10  0.06  0.05  0.05  0.04  0.03
 1 -35  0.03  0.08  0.14  0.28  0.55  0.82  1.35  2.62  3.68  4.43  5.92  7.88  8.77  8.79  7.63  6.77  4.27  2.00  0.83  0.64  0.32  0.14  0.08  0.06  0.05  0.05  0.04  0.04
 1 -30  0.03  0.08  0.14  0.28  0.56  0.84  1.38  2.70  3.79  4.59  6.16  8.15  9.02  9.05  7.85  6.96  4.29  1.73  0.63  0.48  0.22  0.10  0.06  0.05  0.05  0.05  0.04  0.04
 1 -25  0.03  0.09  0.14  0.29  0.57  0.85  1.40  2.74  3.88  4.70  6.37  8.37  9.25  9.28  7.93  6.94  4.26  1.58  0.55  0.41  0.18  0.07  0.05  0.04  0.04  0.05  0.04  0.04
 1 -20  0.03  0.08  0.14  0.28  0.56  0.84  1.40  2.81  4.00  4.86  6.64  8.57  9.38  9.47  7.97  6.90  4.21  1.45  0.46  0.35  0.15  0.05  0.04  0.04  0.04  0.04  0.04  0.04
 1 -15  0.03  0.08  0.14  0.28  0.56  0.84  1.41  2.85  4.09  5.00  6.85  8.76  9.51  9.60  8.12  7.04  4.09  1.37  0.41  0.32  0.14  0.05  0.04  0.03  0.04  0.04  0.04  0.03
 1 -10  0.03  0.08  0.14  0.28  0.55  0.83  1.41  2.88  4.20  5.11  6.96  9.02  9.77  9.76  8.27  7.17  3.98  1.32  0.37  0.29  0.09  0.04  0.03  0.03  0.03  0.04  0.04  0.03
 1  -5  0.03  0.08  0.14  0.28  0.56  0.84  1.41  2.91  4.23  5.14  6.87  8.99  9.71  9.64  8.15  7.09  3.86  1.27  0.35  0.28  0.07  0.04  0.03  0.03  0.03  0.03  0.03  0.03
 1   0  0.03  0.09  0.15  0.30  0.59  0.89  1.46  2.86  4.21  5.14  6.86  8.85  9.55  9.47  8.01  6.99  3.76  1.24  0.34  0.27  0.06  0.04  0.03  0.03  0.03  0.03  0.03  0.03
 1   5  0.03  0.09  0.15  0.30  0.59  0.88  1.46  2.86  4.15  5.09  6.75  8.65  9.33  9.20  7.84  6.91  3.90  1.36  0.40  0.31  0.06  0.04  0.03  0.03  0.03  0.04  0.04  0.04
 1  10  0.03  0.09  0.15  0.30  0.59  0.89  1.46  2.84  4.14  5.05  6.75  8.51  9.12  9.00  7.70  6.82  4.05  1.47  0.46  0.34  0.07  0.04  0.03  0.03  0.04  0.04  0.04  0.04
 1  15  0.03  0.09  0.15  0.30  0.60  0.89  1.47  2.86  4.10  5.00  6.71  8.33  8.83  8.67  7.43  6.55  4.02  1.53  0.47  0.34  0.07  0.04  0.04  0.04  0.04  0.04  0.04  0.04
 1  20  0.03  0.09  0.16  0.31  0.62  0.92  1.50  2.85  4.07  4.91  6.58  8.09  8.47  8.29  7.15  6.28  3.95  1.57  0.48  0.34  0.12  0.05  0.04  0.04  0.04  0.04  0.05  0.04
 1  25  0.03  0.09  0.16  0.31  0.62  0.92  1.51  2.92  4.12  5.01  6.52  7.78  8.03  7.84  7.01  6.33  4.25  1.81  0.66  0.49  0.21  0.06  0.05  0.05  0.05  0.05  0.05  0.04
 1  30  0.03  0.10  0.16  0.33  0.65  0.96  1.57  2.95  4.19  5.05  6.47  7.50  7.57  7.34  6.81  6.38  4.53  2.08  0.85  0.64  0.30  0.10  0.08  0.06  0.05  0.05  0.05  0.05
 1  35  0.03  0.10  0.17  0.34  0.68  1.01  1.63  3.05  4.26  5.15  6.39  7.20  7.22  6.93  6.52  6.23  4.84  2.50  1.22  0.94  0.49  0.23  0.15  0.08  0.07  0.05  0.05  0.05
 1  40  0.04  0.11  0.18  0.36  0.71  1.05  1.70  3.16  4.40  5.28  6.33  6.90  6.86  6.58  6.30  6.10  5.15  2.89  1.56  1.23  0.67  0.34  0.20  0.12  0.08  0.06  0.05  0.05
 1  45  0.04  0.11  0.19  0.37  0.73  1.08  1.75  3.27  4.51  5.37  6.23  6.70  6.64  6.34  6.20  6.11  5.21  3.10  1.79  1.43  0.85  0.43  0.24  0.15  0.09  0.06  0.05  0.05
 1  50  0.04  0.11  0.19  0.38  0.74  1.10  1.80  3.38  4.53  5.39  6.11  6.43  6.39  6.14  6.10  6.09  5.26  3.32  2.01  1.64  1.03  0.53  0.28  0.17  0.10  0.06  0.05  0.05
 1  55  0.04  0.12  0.19  0.38  0.75  1.11  1.81  3.37  4.38  5.19  5.86  6.25  6.22  5.98  5.79  5.67  4.94  3.29  2.15  1.78  1.19  0.59  0.34  0.19  0.11  0.06  0.05  0.05
 1  60  0.04  0.12  0.19  0.39  0.76  1.13  1.83  3.42  4.32  5.06  5.66  6.06  6.04  5.79  5.49  5.29  4.65  3.29  2.31  1.94  1.34  0.66  0.39  0.22  0.11  0.06  0.05  0.05
 1  65  0.04  0.11  0.19  0.38  0.75  1.11  1.79  3.32  4.20  4.94  5.62  6.15  6.17  5.92  5.52  5.26  4.47  3.27  2.28  1.92  1.33  0.66  0.38  0.22  0.11  0.06  0.05  0.05
 1  70  0.04  0.11  0.19  0.37  0.73  1.08  1.75  3.22  4.08  4.81  5.58  6.23  6.30  6.04  5.55  5.22  4.28  3.24  2.25  1.90  1.33  0.66  0.36  0.21  0.11  0.06  0.05  0.05
 1  75  0.04  0.11  0.18  0.35  0.70  1.03  1.65  2.99  3.77  4.45  5.24  5.83  5.82  5.46  4.99  4.66  3.99  3.15  2.34  2.02  1.51  0.70  0.37  0.23  0.11  0.06  0.05  0.05
 1  80  0.04  0.10  0.17  0.34  0.67  0.98  1.56  2.74  3.46  4.09  4.91  5.43  5.34  4.90  4.42  4.09  3.71  3.06  2.43  2.15  1.70  0.74  0.39  0.24  0.11  0.06  0.05  0.05
 1  85  0.04  0.10  0.17  0.34  0.67  0.98  1.56  2.73  3.44  4.06  4.86  5.39  5.31  4.88  4.40  4.08  3.70  3.05  2.43  2.15  1.70  0.74  0.39  0.24  0.11  0.06  0.05  0.05
 1  90  0.04  0.10  0.17  0.34  0.67  0.98  1.56  2.71  3.42  4.03  4.82  5.35  5.28  4.86  4.39  4.06  3.69  3.05  2.43  2.15  1.70  0.74  0.39  0.24  0.11  0.06  0.05  0.05
 2 -90  0.03  0.08  0.14  0.27  0.53  0.78  1.26  2.29  3.17  3.79  4.77  5.10  4.80  4.23  3.92  3.73  3.45  2.71  1.88  1.53  0.96  0.37  0.25  0.18  0.11  0.04  0.03  0.02
 2 -85  0.03  0.08  0.14  0.27  0.53  0.78  1.26  2.28  3.16  3.79  4.79  5.11  4.81  4.22  3.92  3.73  3.45  2.71  1.87  1.53  0.96  0.37  0.25  0.18  0.11  0.04  0.03  0.02
 2 -80  0.03  0.08  0.14  0.27  0.53  0.78  1.25  2.27  3.15  3.79  4.80  5.12  4.81  4.22  3.91  3.72  3.45  2.72  1.87  1.52  0.96  0.37  0.25  0.18  0.11  0.04  0.03  0.02
 2 -75  0.03  0.08  0.14  0.27  0.53  0.77  1.24  2.25  3.14  3.80  4.90  5.48  5.29  4.70  4.30  4.05  3.65  2.73  1.87  1.51  0.94  0.36  0.26  0.18  0.10  0.04  0.03  0.02
 2 -70  0.03  0.08  0.13  0.27  0.52  0.77  1.23  2.23  3.13  3.81  4.99  5.83  5.77  5.18  4.70  4.38  3.83  2.75  1.89  1.51  0.93  0.35  0.26  0.17  0.09  0.04  0.03  0.02
 2 -65  0.03  0.08  0.14  0.27  0.53  0.78  1.26  2.28  3.19  3.89  5.16  6.24  6.34  5.79  5.21  4.82  4.06  2.72  1.80  1.44  0.87  0.33  0.24  0.16  0.08  0.04  0.03  0.02
 2 -60  0.03  0.08  0.14  0.28  0.54  0.80  1.29  2.32  3.26  3.97  5.32  6.65  6.90  6.40  5.72  5.26  4.30  2.69  1.71  1.36  0.81  0.31  0.23  0.15  0.08  0.05  0.03  0.03
 2 -55  0.03  0.09  0.15  0.29  0.57  0.83  1.34  2.40  3.34  4.05  5.42  6.92  7.33  6.97  6.24  5.74  4.23  2.49  1.43  1.11  0.63  0.25  0.18  0.12  0.07  0.05  0.03  0.03
 2 -50  0.03  0.09  0.15  0.30  0.58  0.85  1.36  2.44  3.39  4.08  5.49  7.21  7.79  7.50  6.74  6.21  4.17  2.27  1.11  0.84  0.44  0.19  0.12  0.09  0.06  0.04  0.04  0.03
 2 -45  0.03  0.09  0.15  0.29  0.58  0.86  1.39  2.58  3.57  4.29  5.71  7.43  8.09  7.95  7.05  6.40  4.20  2.16  1.04  0.79  0.40  0.18  0.11  0.07  0.05  0.04  0.04  0.03
 2 -40  0.03  0.09  0.15  0.29  0.58  0.87  1.41  2.68  3.70  4.44  5.88  7.68  8.41  8.39  7.31  6.56  4.26  2.06  0.98  0.74  0.36  0.16  0.09  0.06  0.05  0.04  0.04  0.03
 2 -35  0.03  0.09  0.15  0.30  0.59  0.87  1.43  2.73  3.84  4.62  6.11  7.94  8.69  8.65  7.51  6.69  4.22  1.85  0.81  0.61  0.29  0.12  0.07  0.05  0.05  0.04  0.04  0.04
 2 -30  0.03  0.09  0.15  0.30  0.59  0.88  1.44  2.78  3.91  4.73  6.30  8.17  8.95  8.95  7.71  6.82  4.19  1.63  0.63  0.48  0.21  0.09  0.06  0.05  0.04  0.04  0.04  0.04
 2 -25  0.03  0.09  0.15  0.29  0.58  0.87  1.43  2.78  3.93  4.76  6.41  8.36  9.22  9.26  7.87  6.86  4.15  1.52  0.53  0.40  0.17  0.06  0.04  0.04  0.04  0.04  0.04  0.04
 2 -20  0.03  0.08  0.14  0.28  0.56  0.84  1.41  2.80  3.96  4.79  6.55  8.55  9.41  9.54  8.00  6.90  4.09  1.43  0.44  0.33  0.14  0.05  0.04  0.04  0.04  0.04  0.04  0.04
 2 -15  0.03  0.08  0.14  0.28  0.56  0.84  1.39  2.79  3.96  4.83  6.65  8.71  9.61  9.76  8.19  7.03  4.03  1.33  0.40  0.31  0.14  0.04  0.03  0.03  0.03  0.04  0.04  0.03
 2 -10  0.03  0.08  0.14  0.27  0.54  0.82  1.37  2.76  3.98  4.81  6.65  8.97  9.92  9.98  8.36  7.17  3.97  1.25  0.38  0.29  0.09  0.04  0.03  0.03  0.03  0.03  0.03  0.03
 2  -5  0.03  0.08  0.14  0.27  0.54  0.82  1.37  2.78  3.97  4.80  6.53  8.99  9.93  9.92  8.13  6.82  3.85  1.24  0.38  0.30  0.07  0.04  0.03  0.03  0.03  0.03  0.03  0.03
 2   0  0.03  0.09  0.15  0.29  0.58  0.86  1.41  2.70  3.91  4.73  6.47  8.85  9.79  9.77  7.86  6.46  3.74  1.25  0.38  0.30  0.06  0.03  0.03  0.03  0.03  0.03  0.03  0.03
 2   5  0.03  0.09  0.15  0.29  0.58  0.86  1.41  2.72  3.91  4.76  6.46  8.74  9.64  9.54  7.88  6.67  3.86  1.37  0.45  0.34  0.06  0.04  0.03  0.03  0.03  0.04  0.04  0.04
 2  10  0.03  0.09  0.14  0.29  0.57  0.85  1.41  2.74  3.96  4.82  6.56  8.69  9.51  9.41  7.91  6.86  3.99  1.47  0.51  0.37  0.06  0.04  0.03  0.03  0.03  0.04  0.04  0.04
 2  15  0.03  0.09  0.15  0.29  0.58  0.86  1.42  2.77  3.94  4.80  6.54  8.53  9.26  9.14  7.80  6.82  4.11  1.57  0.53  0.39  0.07  0.04  0.04  0.04  0.04  0.04  0.05  0.04
 2  20  0.03  0.09  0.15  0.30  0.60  0.89  1.46  2.78  3.95  4.76  6.48  8.30  8.90  8.80  7.66  6.78  4.19  1.67  0.56  0.40  0.09  0.05  0.04  0.04  0.04  0.05  0.05  0.05
 2  25  0.03  0.09  0.15  0.30  0.60  0.90  1.48  2.85  4.02  4.89  6.50  8.05  8.47  8.34  7.36  6.59  4.41  1.85  0.72  0.52  0.21  0.07  0.06  0.05  0.05  0.05  0.05  0.05
 2  30  0.03  0.10  0.16  0.32  0.63  0.94  1.53  2.89  4.10  4.96  6.51  7.80  8.02  7.81  7.01  6.39  4.62  2.07  0.88  0.65  0.28  0.16  0.09  0.07  0.06  0.05  0.05  0.05
 2  35  0.03  0.10  0.17  0.34  0.66  0.98  1.59  2.97  4.20  5.11  6.51  7.53  7.62  7.34  6.72  6.27  4.85  2.57  1.25  0.96  0.48  0.29  0.20  0.10  0.07  0.06  0.05  0.05
 2  40  0.04  0.11  0.18  0.35  0.70  1.03  1.66  3.06  4.38  5.32  6.56  7.26  7.22  6.91  6.48  6.16  5.09  3.06  1.60  1.26  0.67  0.42  0.27  0.14  0.09  0.06  0.05  0.05
 2  45  0.04  0.11  0.18  0.36  0.71  1.06  1.72  3.20  4.55  5.49  6.52  7.06  6.98  6.62  6.31  6.09  5.17  3.27  1.89  1.51  0.89  0.51  0.31  0.19  0.11  0.06  0.05  0.05
 2  50  0.04  0.11  0.19  0.37  0.73  1.08  1.77  3.34  4.65  5.59  6.48  6.83  6.73  6.39  6.14  6.00  5.26  3.50  2.16  1.76  1.12  0.61  0.36  0.21  0.12  0.07  0.06  0.05
 2  55  0.04  0.12  0.19  0.38  0.76  1.12  1.82  3.42  4.64  5.56  6.32  6.62  6.51  6.20  5.94  5.76  5.18  3.54  2.28  1.89  1.25  0.65  0.40  0.23  0.12  0.07  0.06  0.05
 2  60  0.04  0.12  0.20  0.40  0.78  1.16  1.89  3.54  4.72  5.61  6.22  6.43  6.31  5.99  5.74  5.57  5.14  3.61  2.41  2.02  1.39  0.70  0.44  0.25  0.13  0.07  0.06  0.05
 2  65  0.04  0.12  0.20  0.40  0.78  1.16  1.88  3.49  4.55  5.36  5.96  6.30  6.26  6.00  5.67  5.44  4.94  3.46  2.46  2.08  1.47  0.74  0.43  0.25  0.12  0.07  0.06  0.05
 2  70  0.04  0.12  0.20  0.40  0.78  1.15  1.87  3.45  4.37  5.10  5.70  6.17  6.21  6.00  5.60  5.32  4.73  3.32  2.50  2.14  1.56  0.79  0.42  0.26  0.12  0.07  0.05  0.05
 2  75  0.04  0.12  0.20  0.39  0.77  1.14  1.84  3.38  4.10  4.71  5.53  6.31  6.46  6.26  5.75  5.40  4.69  3.24  2.53  2.17  1.59  0.82  0.43  0.26  0.13  0.07  0.05  0.05
 2  80  0.04  0.12  0.20  0.39  0.77  1.13  1.82  3.31  3.83  4.31  5.36  6.43  6.71  6.51  5.90  5.47  4.66  3.17  2.57  2.21  1.63  0.86  0.45  0.26  0.13  0.07  0.05  0.05
 2  85  0.04  0.12  0.20  0.39  0.77  1.13  1.82  3.30  3.81  4.28  5.32  6.39  6.68  6.50  5.89  5.46  4.65  3.17  2.57  2.21  1.63  0.86  0.45  0.26  0.13  0.07  0.05  0.05
 2  90  0.04  0.12  0.20  0.39  0.77  1.13  1.81  3.29  3.79  4.24  5.27  6.35  6.64  6.48  5.87  5.44  4.64  3.17  2.56  2.21  1.63  0.86  0.45  0.26  0.13  0.07  0.05  0.05
 3 -90  0.04  0.12  0.20  0.39  0.77  1.12  1.79  3.15  3.96  4.57  4.74  4.66  4.44  4.04  3.61  3.36  3.43  2.64  1.93  1.58  1.01  0.41  0.24  0.16  0.08  0.04  0.03  0.02
 3 -85  0.04  0.12  0.20  0.39  0.77  1.12  1.79  3.15  3.95  4.57  4.75  4.67  4.44  4.04  3.60  3.36  3.43  2.65  1.92  1.58  1.01  0.41  0.24  0.16  0.08  0.04  0.03  0.02
 3 -80  0.04  0.12  0.20  0.39  0.76  1.12  1.78  3.14  3.95  4.58  4.77  4.68  4.45  4.03  3.60  3.35  3.43  2.65  1.92  1.57  1.01  0.41  0.24  0.16  0.08  0.04  0.03  0.02
 3 -75  0.04  0.11  0.19  0.37  0.73  1.07  1.70  3.00  3.95  4.68  5.19  5.22  4.94  4.43  3.92  3.61  3.52  2.66  1.90  1.54  0.97  0.40  0.24  0.16  0.08  0.04  0.03  0.02
 3 -70  0.04  0.11  0.18  0.36  0.70  1.02  1.62  2.87  3.95  4.78  5.61  5.76  5.43  4.83  4.23  3.85  3.59  2.68  1.88  1.51  0.93  0.38  0.23  0.15  0.08  0.04  0.03  0.03
 3 -65  0.04  0.10  0.17  0.34  0.68  0.99  1.58  2.81  3.93  4.79  5.82  6.23  6.00  5.39  4.83  4.46  3.77  2.66  1.78  1.42  0.87  0.36  0.22  0.14  0.08  0.04  0.03  0.03
 3 -60  0.03  0.10  0.17  0.34  0.66  0.97  1.54  2.75  3.91  4.80  6.03  6.70  6.58  5.95  5.43  5.07  3.95  2.64  1.67  1.33  0.81  0.34  0.21  0.13  0.08  0.04  0.03  0.03
 3 -55  0.03  0.10  0.17  0.34  0.66  0.97  1.55  2.75  3.90  4.76  6.07  7.02  7.04  6.51  5.96  5.58  4.17  2.52  1.44  1.14  0.67  0.27  0.17  0.11  0.07  0.04  0.03  0.03
 3 -50  0.03  0.10  0.17  0.33  0.65  0.96  1.53  2.71  3.83  4.66  6.08  7.33  7.52  7.02  6.46  6.08  4.38  2.39  1.17  0.91  0.52  0.20  0.12  0.08  0.06  0.04  0.04  0.03
 3 -45  0.03  0.10  0.16  0.33  0.64  0.95  1.52  2.78  3.92  4.75  6.20  7.54  7.85  7.50  6.65  6.06  4.27  2.26  1.07  0.84  0.47  0.18  0.11  0.06  0.05  0.04  0.04  0.03
 3 -40  0.03  0.10  0.16  0.32  0.63  0.94  1.52  2.81  3.97  4.80  6.29  7.78  8.20  7.97  6.82  6.02  4.17  2.15  0.98  0.76  0.41  0.16  0.09  0.06  0.04  0.04  0.04  0.03
 3 -35  0.03  0.09  0.16  0.31  0.62  0.92  1.50  2.82  4.04  4.91  6.44  8.02  8.52  8.34  7.33  6.61  4.26  1.94  0.80  0.61  0.31  0.12  0.07  0.05  0.04  0.04  0.04  0.03
 3 -30  0.03  0.09  0.16  0.31  0.61  0.91  1.49  2.82  4.05  4.94  6.55  8.23  8.83  8.74  7.84  7.19  4.34  1.73  0.62  0.46  0.20  0.08  0.05  0.04  0.04  0.04  0.04  0.03
 3 -25  0.03  0.09  0.15  0.30  0.60  0.89  1.46  2.80  4.00  4.86  6.51  8.33  9.08  9.10  8.04  7.26  4.27  1.50  0.49  0.37  0.15  0.06  0.04  0.04  0.04  0.04  0.04  0.03
 3 -20  0.03  0.09  0.15  0.29  0.58  0.86  1.43  2.79  3.93  4.75  6.49  8.44  9.28  9.42  8.20  7.32  4.19  1.30  0.37  0.27  0.10  0.04  0.03  0.03  0.03  0.04  0.04  0.03
 3 -15  0.03  0.09  0.14  0.29  0.57  0.85  1.41  2.75  3.85  4.66  6.37  8.46  9.47  9.73  8.28  7.22  4.13  1.28  0.37  0.28  0.11  0.04  0.03  0.03  0.03  0.04  0.03  0.03
 3 -10  0.03  0.08  0.14  0.28  0.56  0.83  1.38  2.71  3.77  4.50  6.17  8.57  9.73 10.01  8.34  7.12  4.07  1.28  0.38  0.29  0.12  0.03  0.03  0.03  0.03  0.03  0.03  0.03
 3  -5  0.03  0.08  0.14  0.28  0.55  0.83  1.37  2.71  3.74  4.44  5.99  8.57  9.77 10.02  8.30  7.04  4.03  1.28  0.39  0.29  0.07  0.03  0.03  0.03  0.03  0.03  0.03  0.03
 3   0  0.03  0.09  0.15  0.29  0.58  0.86  1.40  2.63  3.65  4.32  5.84  8.39  9.64  9.92  8.22  6.96  4.01  1.31  0.39  0.30  0.13  0.03  0.03  0.03  0.03  0.03  0.03  0.03
 3   5  0.03  0.09  0.15  0.29  0.57  0.85  1.40  2.67  3.69  4.43  5.98  8.43  9.59  9.76  8.21  7.06  4.08  1.40  0.45  0.34  0.06  0.03  0.03  0.03  0.03  0.04  0.04  0.03
 3  10  0.03  0.09  0.14  0.29  0.57  0.85  1.40  2.71  3.81  4.60  6.20  8.51  9.57  9.72  8.21  7.13  4.15  1.48  0.49  0.37  0.07  0.04  0.03  0.03  0.03  0.04  0.04  0.04
 3  15  0.03  0.09  0.14  0.29  0.57  0.86  1.42  2.77  3.84  4.65  6.28  8.45  9.41  9.50  7.99  6.89  4.18  1.53  0.50  0.37  0.08  0.04  0.04  0.04  0.04  0.04  0.05  0.05
 3  20  0.03  0.09  0.15  0.30  0.60  0.89  1.46  2.79  3.91  4.69  6.34  8.33  9.13  9.19  7.72  6.63  4.17  1.59  0.52  0.38  0.14  0.05  0.04  0.04  0.04  0.05  0.05  0.05
 3  25  0.03  0.09  0.15  0.30  0.60  0.90  1.47  2.83  3.97  4.81  6.44  8.21  8.82  8.81  7.54  6.58  4.36  1.89  0.71  0.53  0.24  0.08  0.06  0.06  0.05  0.05  0.05  0.05
 3  30  0.03  0.10  0.16  0.31  0.62  0.92  1.51  2.85  4.04  4.88  6.51  8.08  8.49  8.36  7.31  6.52  4.54  2.21  0.91  0.69  0.34  0.18  0.10  0.08  0.06  0.06  0.05  0.05
 3  35  0.03  0.10  0.16  0.32  0.64  0.95  1.54  2.87  4.10  5.01  6.60  7.94  8.17  7.92  7.04  6.42  4.61  2.61  1.27  1.00  0.56  0.30  0.22  0.11  0.08  0.06  0.05  0.05
 3  40  0.03  0.10  0.17  0.34  0.66  0.98  1.58  2.89  4.24  5.20  6.76  7.81  7.86  7.50  6.83  6.34  4.70  3.00  1.62  1.31  0.78  0.43  0.29  0.15  0.10  0.06  0.06  0.05
 3  45  0.03  0.10  0.17  0.34  0.67  0.99  1.60  2.98  4.38  5.36  6.78  7.64  7.60  7.15  6.56  6.14  4.89  3.21  1.89  1.53  0.94  0.54  0.34  0.20  0.11  0.07  0.06  0.05
 3  50  0.03  0.10  0.17  0.34  0.67  0.99  1.62  3.06  4.48  5.48  6.84  7.48  7.35  6.86  6.30  5.93  5.10  3.45  2.12  1.74  1.13  0.65  0.41  0.23  0.13  0.07  0.06  0.06
 3  55  0.04  0.11  0.18  0.35  0.69  1.03  1.67  3.13  4.52  5.54  6.75  7.25  7.06  6.58  6.12  5.80  5.09  3.54  2.28  1.89  1.25  0.73  0.46  0.25  0.14  0.07  0.06  0.06
 3  60  0.04  0.11  0.18  0.36  0.72  1.07  1.73  3.24  4.66  5.69  6.73  7.04  6.80  6.30  5.95  5.71  5.10  3.66  2.46  2.04  1.38  0.79  0.50  0.28  0.14  0.07  0.06  0.06
 3  65  0.04  0.11  0.19  0.38  0.74  1.10  1.78  3.32  4.64  5.61  6.49  6.77  6.56  6.11  5.75  5.50  4.94  3.64  2.52  2.14  1.51  0.85  0.53  0.31  0.14  0.07  0.06  0.05
 3  70  0.04  0.12  0.19  0.39  0.76  1.13  1.83  3.39  4.62  5.51  6.24  6.49  6.31  5.92  5.54  5.28  4.77  3.62  2.59  2.23  1.65  0.90  0.57  0.34  0.14  0.07  0.06  0.05
 3  75  0.04  0.12  0.19  0.39  0.76  1.13  1.82  3.37  4.47  5.27  5.97  6.37  6.33  6.02  5.47  5.09  4.63  3.60  2.62  2.26  1.68  0.93  0.56  0.33  0.14  0.07  0.06  0.05
 3  80  0.04  0.12  0.20  0.39  0.76  1.13  1.82  3.35  4.32  5.04  5.70  6.26  6.33  6.12  5.40  4.89  4.49  3.59  2.65  2.30  1.73  0.97  0.55  0.32  0.13  0.07  0.06  0.05
 3  85  0.04  0.12  0.20  0.39  0.76  1.13  1.82  3.33  4.29  5.00  5.65  6.22  6.30  6.10  5.39  4.88  4.48  3.59  2.65  2.30  1.73  0.97  0.55  0.32  0.13  0.07  0.06  0.05
 3  90  0.04  0.12  0.20  0.39  0.76  1.12  1.81  3.32  4.27  4.96  5.61  6.17  6.27  6.08  5.37  4.86  4.47  3.59  2.64  2.30  1.73  0.97  0.55  0.32  0.13  0.07  0.06  0.05
 4 -90  0.05  0.16  0.26  0.51  0.99  1.44  2.24  3.68  4.00  4.32  4.52  4.56  4.35  3.95  3.45  3.17  2.92  2.78  2.00  1.62  1.01  0.41  0.25  0.16  0.08  0.04  0.03  0.02
 4 -85  0.05  0.16  0.26  0.51  0.99  1.44  2.24  3.67  3.99  4.33  4.53  4.57  4.36  3.94  3.44  3.16  2.92  2.78  2.00  1.62  1.01  0.41  0.25  0.16  0.08  0.04  0.03  0.02
 4 -80  0.05  0.16  0.26  0.51  0.99  1.44  2.24  3.66  3.99  4.33  4.54  4.58  4.36  3.94  3.43  3.16  2.92  2.78  2.00  1.61  1.01  0.41  0.25  0.16  0.08  0.04  0.03  0.03
 4 -75  0.05  0.15  0.25  0.49  0.96  1.39  2.18  3.63  4.27  4.87  5.09  5.03  4.77  4.31  3.81  3.54  3.28  2.77  1.96  1.59  1.01  0.39  0.24  0.15  0.07  0.04  0.03  0.03
 4 -70  0.05  0.15  0.24  0.48  0.93  1.35  2.12  3.60  4.57  5.40  5.64  5.48  5.17  4.67  4.20  3.92  3.62  2.77  1.94  1.57  1.00  0.38  0.23  0.15  0.07  0.04  0.03  0.03
 4 -65  0.05  0.14  0.23  0.46  0.89  1.30  2.06  3.55  4.66  5.59  6.01  5.96  5.67  5.15  4.71  4.42  3.85  2.75  1.84  1.48  0.93  0.35  0.20  0.13  0.07  0.04  0.03  0.03
 4 -60  0.04  0.13  0.22  0.44  0.86  1.26  2.00  3.49  4.75  5.77  6.38  6.43  6.17  5.62  5.22  4.93  4.09  2.74  1.73  1.39  0.86  0.32  0.18  0.11  0.07  0.04  0.03  0.03
 4 -55  0.04  0.13  0.21  0.42  0.83  1.21  1.92  3.39  4.68  5.70  6.52  6.80  6.61  6.08  5.79  5.56  4.34  2.61  1.52  1.20  0.69  0.27  0.14  0.09  0.06  0.04  0.03  0.03
 4 -50  0.04  0.12  0.20  0.40  0.79  1.15  1.83  3.23  4.53  5.55  6.61  7.18  7.05  6.49  6.31  6.17  4.60  2.47  1.27  0.97  0.51  0.21  0.10  0.08  0.05  0.04  0.03  0.03
 4 -45  0.04  0.12  0.19  0.38  0.75  1.10  1.76  3.16  4.48  5.46  6.67  7.42  7.39  6.91  6.43  6.09  4.47  2.32  1.19  0.92  0.49  0.20  0.10  0.07  0.05  0.04  0.03  0.03
 4 -40  0.04  0.11  0.18  0.37  0.72  1.06  1.69  3.05  4.39  5.35  6.72  7.69  7.76  7.33  6.55  6.01  4.35  2.18  1.12  0.87  0.46  0.18  0.09  0.06  0.04  0.04  0.03  0.03
 4 -35  0.04  0.10  0.17  0.35  0.68  1.01  1.63  2.99  4.32  5.30  6.76  7.95  8.15  7.83  6.81  6.09  4.24  1.97  0.95  0.73  0.38  0.15  0.07  0.05  0.04  0.04  0.03  0.03
 4 -30  0.03  0.10  0.17  0.33  0.66  0.97  1.57  2.91  4.22  5.17  6.77  8.19  8.56  8.34  7.07  6.16  4.12  1.75  0.78  0.60  0.30  0.09  0.05  0.04  0.04  0.04  0.03  0.03
 4 -25  0.03  0.10  0.16  0.32  0.63  0.94  1.53  2.86  4.11  5.01  6.64  8.25  8.82  8.77  7.48  6.53  4.18  1.55  0.60  0.45  0.21  0.06  0.04  0.03  0.03  0.03  0.03  0.03
 4 -20  0.03  0.09  0.16  0.31  0.61  0.91  1.48  2.82  3.96  4.80  6.50  8.32  9.06  9.16  7.85  6.90  4.22  1.39  0.41  0.31  0.12  0.04  0.03  0.03  0.03  0.03  0.03  0.03
 4 -15  0.03  0.09  0.15  0.30  0.60  0.89  1.46  2.80  3.88  4.67  6.30  8.23  9.17  9.45  8.09  7.11  4.21  1.33  0.39  0.29  0.12  0.03  0.03  0.03  0.03  0.03  0.03  0.03
 4 -10  0.03  0.09  0.15  0.30  0.59  0.88  1.44  2.74  3.78  4.48  6.03  8.24  9.34  9.71  8.32  7.31  4.19  1.28  0.37  0.28  0.12  0.03  0.03  0.03  0.03  0.03  0.03  0.03
 4  -5  0.03  0.09  0.15  0.30  0.59  0.87  1.43  2.74  3.74  4.42  5.85  8.23  9.42  9.77  8.37  7.34  4.21  1.29  0.37  0.28  0.12  0.03  0.03  0.03  0.03  0.03  0.03  0.03
 4   0  0.03  0.09  0.15  0.30  0.60  0.89  1.44  2.70  3.66  4.30  5.68  8.05  9.32  9.73  8.37  7.38  4.24  1.33  0.37  0.28  0.12  0.03  0.03  0.03  0.03  0.03  0.03  0.03
 4   5  0.03  0.09  0.15  0.30  0.59  0.88  1.44  2.72  3.70  4.42  5.87  8.18  9.33  9.60  8.32  7.36  4.31  1.43  0.54  0.40  0.14  0.03  0.03  0.03  0.03  0.03  0.03  0.03
 4  10  0.03  0.09  0.15  0.29  0.58  0.87  1.42  2.75  3.83  4.61  6.13  8.36  9.39  9.59  8.28  7.31  4.38  1.52  0.69  0.50  0.16  0.03  0.03  0.03  0.03  0.04  0.04  0.04
 4  15  0.03  0.09  0.15  0.29  0.58  0.87  1.44  2.79  3.86  4.66  6.24  8.37  9.32  9.44  8.11  7.13  4.34  1.57  0.72  0.51  0.16  0.04  0.03  0.03  0.04  0.04  0.05  0.04
 4  20  0.03  0.09  0.15  0.30  0.60  0.89  1.47  2.80  3.93  4.72  6.37  8.33  9.14  9.20  7.90  6.92  4.28  1.64  0.76  0.54  0.17  0.06  0.04  0.04  0.05  0.05  0.05  0.05
 4  25  0.03  0.09  0.15  0.30  0.60  0.90  1.47  2.80  3.94  4.76  6.41  8.28  8.97  8.98  7.77  6.88  4.41  1.86  0.87  0.64  0.25  0.09  0.07  0.06  0.06  0.06  0.05  0.05
 4  30  0.03  0.09  0.15  0.31  0.61  0.90  1.47  2.80  3.95  4.78  6.42  8.20  8.77  8.69  7.61  6.82  4.53  2.11  0.98  0.74  0.35  0.17  0.10  0.08  0.07  0.06  0.06  0.05
 4  35  0.03  0.09  0.15  0.31  0.61  0.90  1.46  2.74  3.90  4.74  6.39  8.09  8.54  8.37  7.38  6.66  4.50  2.40  1.26  1.00  0.56  0.31  0.17  0.10  0.08  0.06  0.06  0.05
 4  40  0.03  0.09  0.16  0.31  0.61  0.91  1.46  2.69  3.92  4.78  6.45  7.98  8.32  8.06  7.18  6.53  4.49  2.69  1.54  1.25  0.76  0.45  0.30  0.13  0.09  0.07  0.06  0.05
 4  45  0.03  0.09  0.15  0.31  0.61  0.90  1.46  2.71  3.96  4.83  6.43  7.85  8.11  7.74  6.89  6.26  4.53  2.88  1.76  1.43  0.89  0.53  0.35  0.18  0.11  0.07  0.06  0.06
 4  50  0.03  0.09  0.15  0.30  0.60  0.88  1.44  2.72  3.97  4.84  6.46  7.75  7.91  7.45  6.59  5.99  4.58  3.09  1.95  1.59  1.03  0.62  0.41  0.24  0.13  0.07  0.06  0.06
 4  55  0.03  0.09  0.15  0.30  0.60  0.89  1.44  2.72  3.98  4.87  6.44  7.57  7.62  7.12  6.29  5.70  4.70  3.25  2.10  1.73  1.14  0.67  0.46  0.26  0.14  0.08  0.06  0.06
 4  60  0.03  0.09  0.16  0.31  0.61  0.90  1.47  2.77  4.09  5.00  6.50  7.42  7.35  6.77  6.00  5.45  4.84  3.44  2.26  1.87  1.26  0.72  0.51  0.29  0.15  0.08  0.06  0.06
 4  65  0.03  0.09  0.16  0.31  0.62  0.91  1.48  2.79  4.08  4.98  6.31  7.06  6.94  6.37  5.78  5.36  4.77  3.45  2.37  1.97  1.34  0.81  0.58  0.34  0.16  0.08  0.06  0.06
 4  70  0.03  0.09  0.16  0.31  0.62  0.92  1.50  2.81  4.07  4.95  6.12  6.70  6.53  5.98  5.55  5.26  4.71  3.45  2.48  2.07  1.41  0.90  0.65  0.39  0.18  0.08  0.06  0.06
 4  75  0.03  0.10  0.16  0.32  0.63  0.94  1.53  2.87  4.04  4.85  5.79  6.23  6.08  5.61  5.35  5.17  4.68  3.51  2.55  2.15  1.51  0.95  0.66  0.39  0.16  0.08  0.06  0.06
 4  80  0.03  0.10  0.16  0.33  0.65  0.96  1.56  2.92  4.01  4.75  5.45  5.76  5.62  5.24  5.14  5.08  4.64  3.56  2.62  2.24  1.61  1.01  0.66  0.38  0.15  0.08  0.06  0.06
 4  85  0.03  0.10  0.16  0.33  0.64  0.96  1.55  2.91  3.98  4.71  5.40  5.72  5.59  5.22  5.12  5.07  4.63  3.56  2.62  2.24  1.61  1.01  0.66  0.38  0.15  0.08  0.06  0.05
 4  90  0.03  0.10  0.16  0.33  0.64  0.95  1.55  2.89  3.95  4.67  5.35  5.67  5.55  5.20  5.11  5.05  4.62  3.55  2.62  2.24  1.61  1.01  0.66  0.38  0.15  0.08  0.06  0.05
 5 -90  0.06  0.17  0.28  0.56  1.07  1.54  2.34  3.57  4.19  4.70  4.57  4.26  3.82  3.37  3.37  3.40  3.30  2.69  1.96  1.59  0.99  0.40  0.23  0.14  0.06  0.03  0.03  0.03
 5 -85  0.06  0.17  0.28  0.56  1.07  1.54  2.34  3.56  4.19  4.70  4.58  4.27  3.83  3.36  3.36  3.39  3.30  2.69  1.95  1.59  0.99  0.40  0.23  0.14  0.06  0.03  0.03  0.03
 5 -80  0.06  0.17  0.28  0.56  1.07  1.54  2.33  3.55  4.18  4.71  4.59  4.28  3.84  3.35  3.36  3.39  3.30  2.69  1.95  1.58  0.99  0.40  0.23  0.14  0.06  0.03  0.03  0.03
 5 -75  0.06  0.17  0.28  0.54  1.05  1.51  2.30  3.56  4.32  4.96  5.06  4.89  4.53  4.05  3.82  3.70  3.42  2.59  1.81  1.46  0.91  0.37  0.22  0.13  0.06  0.04  0.03  0.03
 5 -70  0.05  0.16  0.27  0.53  1.02  1.47  2.26  3.59  4.47  5.21  5.54  5.49  5.22  4.75  4.27  3.99  3.54  2.48  1.67  1.34  0.84  0.34  0.20  0.12  0.06  0.04  0.03  0.03
 5 -65  0.05  0.16  0.27  0.53  1.03  1.50  2.34  3.85  4.83  5.67  5.89  5.80  5.54  5.08  4.74  4.54  4.01  2.62  1.68  1.33  0.80  0.35  0.19  0.12  0.06  0.04  0.03  0.03
 5 -60  0.05  0.16  0.27  0.54  1.05  1.53  2.41  4.12  5.19  6.12  6.23  6.10  5.86  5.42  5.23  5.11  4.48  2.75  1.69  1.32  0.75  0.35  0.18  0.11  0.06  0.04  0.03  0.03
 5 -55  0.05  0.16  0.26  0.52  1.01  1.47  2.33  4.04  5.26  6.27  6.56  6.49  6.25  5.80  5.62  5.46  4.57  2.58  1.56  1.21  0.65  0.35  0.17  0.11  0.06  0.04  0.03  0.03
 5 -50  0.05  0.15  0.25  0.50  0.97  1.42  2.24  3.89  5.25  6.32  6.84  6.89  6.64  6.12  5.96  5.80  4.68  2.41  1.40  1.07  0.56  0.35  0.15  0.08  0.05  0.04  0.03  0.03
 5 -45  0.05  0.14  0.23  0.46  0.89  1.31  2.08  3.66  5.05  6.13  6.91  7.17  6.94  6.45  6.11  5.87  4.62  2.33  1.31  1.00  0.52  0.32  0.14  0.07  0.05  0.04  0.03  0.03
 5 -40  0.04  0.13  0.21  0.42  0.82  1.20  1.92  3.40  4.86  5.94  7.01  7.49  7.31  6.79  6.29  5.93  4.55  2.27  1.24  0.95  0.48  0.29  0.13  0.06  0.04  0.03  0.03  0.03
 5 -35  0.04  0.12  0.19  0.39  0.76  1.11  1.79  3.23  4.65  5.71  6.96  7.73  7.68  7.26  6.72  6.33  4.52  2.06  1.01  0.76  0.36  0.21  0.09  0.05  0.04  0.03  0.03  0.03
 5 -30  0.04  0.11  0.18  0.36  0.70  1.04  1.67  3.05  4.41  5.42  6.90  7.96  8.08  7.74  7.16  6.74  4.48  1.83  0.77  0.57  0.24  0.10  0.06  0.04  0.04  0.03  0.03  0.03
 5 -25  0.03  0.10  0.17  0.34  0.67  1.00  1.61  2.95  4.22  5.16  6.70  8.02  8.36  8.21  7.39  6.79  4.42  1.68  0.63  0.47  0.19  0.06  0.04  0.04  0.03  0.03  0.03  0.03
 5 -20  0.03  0.10  0.17  0.33  0.65  0.96  1.54  2.84  3.99  4.83  6.48  8.09  8.64  8.62  7.59  6.84  4.35  1.57  0.49  0.36  0.14  0.04  0.03  0.03  0.03  0.03  0.03  0.03
 5 -15  0.03  0.10  0.16  0.32  0.63  0.93  1.52  2.84  3.93  4.72  6.28  8.01  8.79  8.94  7.88  7.12  4.37  1.47  0.42  0.32  0.12  0.04  0.03  0.03  0.03  0.03  0.03  0.03
 5 -10  0.03  0.10  0.16  0.32  0.62  0.92  1.50  2.79  3.84  4.55  6.04  8.03  8.96  9.26  8.17  7.40  4.39  1.38  0.36  0.27  0.11  0.03  0.03  0.03  0.03  0.03  0.03  0.03
 5  -5  0.03  0.10  0.16  0.31  0.62  0.92  1.50  2.80  3.84  4.54  5.92  8.07  9.11  9.39  8.11  7.21  4.18  1.21  0.32  0.24  0.10  0.03  0.03  0.03  0.03  0.03  0.03  0.03
 5   0  0.03  0.09  0.16  0.31  0.62  0.91  1.49  2.80  3.80  4.49  5.83  7.97  9.11  9.43  8.01  7.03  3.98  1.07  0.29  0.22  0.10  0.03  0.03  0.03  0.03  0.03  0.03  0.03
 5   5  0.03  0.09  0.16  0.31  0.61  0.91  1.48  2.79  3.81  4.56  5.98  8.11  9.15  9.42  8.17  7.25  4.26  1.32  0.46  0.35  0.16  0.03  0.03  0.03  0.03  0.03  0.03  0.03
 5  10  0.03  0.09  0.15  0.30  0.60  0.89  1.46  2.80  3.91  4.69  6.19  8.30  9.27  9.51  8.33  7.44  4.54  1.57  0.61  0.47  0.22  0.04  0.03  0.03  0.03  0.04  0.04  0.03
 5  15  0.03  0.09  0.15  0.30  0.59  0.89  1.46  2.81  3.90  4.69  6.25  8.33  9.25  9.41  8.24  7.37  4.43  1.64  0.64  0.49  0.23  0.04  0.04  0.04  0.04  0.05  0.05  0.04
 5  20  0.03  0.09  0.15  0.31  0.61  0.90  1.47  2.79  3.91  4.69  6.34  8.32  9.15  9.24  8.12  7.27  4.30  1.72  0.68  0.52  0.24  0.06  0.05  0.05  0.05  0.05  0.05  0.05
 5  25  0.03  0.09  0.15  0.30  0.60  0.89  1.45  2.76  3.89  4.68  6.30  8.24  9.03  9.08  7.96  7.15  4.49  1.90  0.80  0.62  0.31  0.10  0.06  0.06  0.06  0.06  0.05  0.05
 5  30  0.03  0.09  0.15  0.30  0.59  0.88  1.44  2.74  3.84  4.64  6.25  8.15  8.86  8.87  7.79  7.01  4.66  2.09  0.92  0.71  0.37  0.16  0.09  0.07  0.06  0.06  0.06  0.05
 5  35  0.03  0.09  0.15  0.30  0.59  0.87  1.42  2.66  3.75  4.53  6.12  7.98  8.63  8.59  7.56  6.83  4.63  2.31  1.14  0.91  0.54  0.29  0.14  0.09  0.07  0.06  0.06  0.05
 5  40  0.03  0.09  0.15  0.30  0.59  0.87  1.40  2.60  3.73  4.51  6.09  7.83  8.40  8.30  7.35  6.66  4.61  2.53  1.35  1.11  0.69  0.41  0.21  0.12  0.09  0.07  0.06  0.06
 5  45  0.03  0.09  0.15  0.29  0.57  0.85  1.37  2.57  3.67  4.44  5.96  7.67  8.20  8.01  7.07  6.38  4.55  2.67  1.57  1.28  0.82  0.49  0.32  0.16  0.10  0.07  0.06  0.06
 5  50  0.03  0.08  0.14  0.28  0.55  0.82  1.33  2.54  3.62  4.37  5.87  7.52  8.00  7.73  6.77  6.10  4.51  2.82  1.76  1.45  0.95  0.58  0.39  0.20  0.12  0.08  0.06  0.06
 5  55  0.03  0.08  0.14  0.27  0.54  0.80  1.30  2.49  3.54  4.29  5.79  7.35  7.72  7.37  6.46  5.81  4.50  2.94  1.87  1.54  1.01  0.61  0.44  0.27  0.13  0.08  0.07  0.06
 5  60  0.03  0.08  0.14  0.27  0.54  0.80  1.30  2.48  3.56  4.32  5.79  7.21  7.46  7.00  6.16  5.57  4.52  3.08  2.01  1.64  1.07  0.64  0.48  0.29  0.14  0.08  0.07  0.06
 5  65  0.03  0.08  0.13  0.26  0.52  0.78  1.27  2.42  3.47  4.20  5.60  6.85  6.99  6.48  5.66  5.09  4.23  3.08  2.11  1.75  1.17  0.70  0.53  0.34  0.15  0.08  0.07  0.06
 5  70  0.03  0.08  0.13  0.26  0.51  0.76  1.24  2.36  3.37  4.08  5.41  6.48  6.52  5.97  5.16  4.60  3.94  3.07  2.22  1.85  1.27  0.77  0.59  0.40  0.23  0.09  0.07  0.06
 5  75  0.03  0.08  0.13  0.26  0.51  0.76  1.24  2.36  3.40  4.13  5.39  6.21  6.10  5.51  4.94  4.54  4.05  3.14  2.24  1.88  1.30  0.78  0.58  0.39  0.22  0.09  0.07  0.06
 5  80  0.03  0.08  0.13  0.26  0.51  0.76  1.24  2.35  3.42  4.17  5.36  5.93  5.67  5.04  4.71  4.48  4.15  3.21  2.27  1.91  1.32  0.80  0.58  0.38  0.21  0.09  0.07  0.06
 5  85  0.03  0.08  0.13  0.26  0.51  0.76  1.24  2.34  3.40  4.13  5.31  5.88  5.64  5.02  4.70  4.47  4.14  3.20  2.27  1.91  1.32  0.80  0.58  0.38  0.21  0.09  0.07  0.06
 5  90  0.03  0.08  0.13  0.26  0.51  0.76  1.23  2.32  3.37  4.09  5.26  5.83  5.60  5.00  4.68  4.45  4.13  3.20  2.27  1.91  1.32  0.80  0.58  0.38  0.21  0.09  0.07  0.06
 6 -90  0.06  0.17  0.29  0.56  1.08  1.54  2.31  3.38  4.35  5.09  4.99  4.66  4.33  3.95  3.88  3.82  3.31  2.71  1.95  1.61  1.04  0.37  0.18  0.09  0.05  0.03  0.03  0.03
 6 -85  0.06  0.17  0.29  0.56  1.08  1.54  2.31  3.37  4.35  5.10  5.01  4.67  4.33  3.94  3.88  3.82  3.31  2.72  1.95  1.60  1.04  0.37  0.18  0.09  0.05  0.03  0.03  0.03
 6 -80  0.06  0.17  0.29  0.56  1.08  1.54  2.31  3.36  4.34  5.10  5.02  4.68  4.34  3.94  3.87  3.81  3.31  2.72  1.94  1.59  1.04  0.37  0.18  0.09  0.05  0.03  0.03  0.03
 6 -75  0.06  0.17  0.29  0.56  1.08  1.54  2.34  3.48  4.45  5.22  5.34  5.18  4.86  4.43  4.16  3.98  3.46  2.70  1.91  1.56  1.02  0.36  0.17  0.09  0.05  0.03  0.03  0.03
 6 -70  0.06  0.17  0.28  0.56  1.07  1.54  2.35  3.61  4.57  5.34  5.66  5.66  5.38  4.92  4.44  4.13  3.61  2.69  1.87  1.54  1.02  0.35  0.16  0.09  0.05  0.04  0.03  0.03
 6 -65  0.06  0.17  0.28  0.55  1.06  1.54  2.37  3.75  4.75  5.57  5.80  5.79  5.54  5.09  4.74  4.54  3.96  2.76  1.86  1.52  0.99  0.38  0.20  0.10  0.06  0.04  0.03  0.03
 6 -60  0.06  0.17  0.28  0.54  1.05  1.53  2.38  3.89  4.93  5.80  5.95  5.92  5.69  5.25  5.05  4.95  4.32  2.83  1.86  1.51  0.96  0.42  0.23  0.10  0.06  0.04  0.03  0.03
 6 -55  0.05  0.16  0.27  0.53  1.04  1.51  2.38  4.05  5.24  6.21  6.33  6.23  6.00  5.60  5.46  5.34  4.47  2.69  1.69  1.36  0.84  0.40  0.24  0.10  0.06  0.04  0.03  0.03
 6 -50  0.05  0.16  0.27  0.53  1.04  1.52  2.39  4.12  5.45  6.51  6.65  6.53  6.31  5.89  5.82  5.72  4.62  2.55  1.48  1.18  0.72  0.38  0.26  0.09  0.05  0.04  0.03  0.03
 6 -45  0.05  0.15  0.25  0.49  0.95  1.39  2.20  3.83  5.22  6.31  6.85  6.92  6.66  6.20  5.92  5.71  4.60  2.48  1.40  1.12  0.69  0.35  0.23  0.08  0.05  0.04  0.03  0.03
 6 -40  0.04  0.13  0.22  0.44  0.85  1.25  2.00  3.53  5.03  6.16  7.10  7.38  7.12  6.57  6.07  5.69  4.57  2.43  1.34  1.07  0.65  0.33  0.21  0.07  0.05  0.04  0.03  0.03
 6 -35  0.04  0.12  0.20  0.40  0.78  1.15  1.84  3.29  4.72  5.79  6.96  7.60  7.47  7.02  6.47  6.06  4.68  2.23  1.07  0.85  0.49  0.25  0.11  0.06  0.05  0.04  0.03  0.03
 6 -30  0.04  0.11  0.18  0.36  0.71  1.05  1.68  3.05  4.37  5.36  6.80  7.81  7.87  7.49  6.89  6.43  4.79  2.00  0.80  0.62  0.33  0.17  0.07  0.05  0.04  0.04  0.03  0.03
 6 -25  0.04  0.11  0.18  0.35  0.69  1.01  1.63  2.95  4.19  5.13  6.64  7.85  8.08  7.85  7.15  6.61  4.65  1.78  0.64  0.49  0.24  0.07  0.05  0.04  0.04  0.04  0.04  0.03
 6 -20  0.03  0.10  0.17  0.34  0.67  0.99  1.58  2.85  3.97  4.83  6.42  7.88  8.29  8.16  7.38  6.79  4.51  1.59  0.48  0.36  0.15  0.05  0.04  0.03  0.03  0.04  0.04  0.04
 6 -15  0.03  0.10  0.17  0.33  0.65  0.97  1.56  2.87  3.98  4.77  6.29  7.86  8.46  8.47  7.54  6.89  4.36  1.50  0.46  0.34  0.14  0.04  0.03  0.03  0.03  0.03  0.04  0.04
 6 -10  0.03  0.10  0.17  0.33  0.65  0.96  1.55  2.84  3.93  4.68  6.14  7.91  8.65  8.80  7.72  6.99  4.20  1.41  0.44  0.33  0.14  0.04  0.03  0.03  0.03  0.03  0.03  0.03
 6  -5  0.03  0.10  0.17  0.33  0.65  0.96  1.55  2.85  3.96  4.71  6.08  8.00  8.88  9.02  7.93  7.22  4.27  1.34  0.41  0.31  0.14  0.03  0.03  0.03  0.03  0.03  0.03  0.03
 6   0  0.03  0.10  0.16  0.32  0.63  0.93  1.52  2.88  3.97  4.74  6.07  8.01  9.01  9.18  8.13  7.47  4.34  1.30  0.37  0.28  0.13  0.04  0.03  0.03  0.03  0.03  0.03  0.03
 6   5  0.03  0.10  0.16  0.32  0.63  0.93  1.52  2.86  3.95  4.75  6.19  8.13  9.04  9.24  8.21  7.50  4.49  1.44  0.49  0.38  0.18  0.04  0.03  0.03  0.03  0.03  0.03  0.03
 6  10  0.03  0.09  0.15  0.31  0.61  0.91  1.49  2.86  4.02  4.84  6.36  8.31  9.17  9.38  8.31  7.51  4.64  1.59  0.59  0.46  0.22  0.04  0.03  0.03  0.03  0.04  0.04  0.03
 6  15  0.03  0.09  0.16  0.31  0.61  0.91  1.49  2.86  4.00  4.80  6.37  8.33  9.16  9.30  8.16  7.30  4.54  1.64  0.62  0.47  0.23  0.05  0.04  0.04  0.04  0.05  0.04  0.04
 6  20  0.03  0.10  0.16  0.31  0.62  0.92  1.50  2.84  3.98  4.77  6.42  8.33  9.10  9.19  7.99  7.09  4.44  1.72  0.64  0.50  0.25  0.06  0.05  0.05  0.05  0.05  0.05  0.04
 6  25  0.03  0.09  0.15  0.31  0.61  0.91  1.48  2.79  3.94  4.73  6.32  8.22  8.99  9.04  7.98  7.22  4.57  1.85  0.69  0.54  0.27  0.09  0.06  0.06  0.06  0.06  0.05  0.05
 6  30  0.03  0.09  0.15  0.30  0.60  0.89  1.45  2.77  3.87  4.66  6.23  8.11  8.83  8.86  7.97  7.33  4.69  1.97  0.73  0.56  0.29  0.13  0.08  0.06  0.06  0.06  0.05  0.05
 6  35  0.03  0.09  0.15  0.30  0.59  0.87  1.42  2.68  3.74  4.52  6.05  7.88  8.57  8.59  7.66  7.01  4.63  2.20  0.98  0.77  0.43  0.19  0.10  0.08  0.07  0.06  0.06  0.05
 6  40  0.03  0.09  0.15  0.29  0.58  0.86  1.40  2.61  3.70  4.45  5.97  7.69  8.32  8.30  7.36  6.69  4.57  2.43  1.23  0.98  0.56  0.31  0.16  0.10  0.08  0.07  0.06  0.05
 6  45  0.03  0.09  0.14  0.28  0.56  0.83  1.35  2.55  3.59  4.32  5.76  7.49  8.10  8.01  7.09  6.41  4.54  2.54  1.43  1.14  0.69  0.40  0.25  0.13  0.09  0.07  0.06  0.06
 6  50  0.03  0.08  0.13  0.27  0.53  0.79  1.30  2.49  3.48  4.18  5.59  7.29  7.86  7.70  6.77  6.12  4.54  2.66  1.60  1.30  0.84  0.48  0.33  0.16  0.10  0.07  0.06  0.06
 6  55  0.03  0.08  0.13  0.26  0.51  0.76  1.25  2.41  3.36  4.03  5.41  7.05  7.55  7.32  6.46  5.85  4.35  2.73  1.68  1.36  0.88  0.50  0.37  0.19  0.11  0.08  0.07  0.06
 6  60  0.03  0.08  0.13  0.25  0.50  0.75  1.23  2.37  3.32  3.99  5.32  6.83  7.24  6.92  6.15  5.60  4.20  2.84  1.79  1.45  0.91  0.53  0.40  0.26  0.13  0.08  0.07  0.06
 6  65  0.02  0.07  0.12  0.24  0.49  0.72  1.19  2.29  3.21  3.86  5.15  6.53  6.82  6.42  5.61  5.05  3.91  2.83  1.89  1.54  1.00  0.56  0.45  0.28  0.14  0.08  0.07  0.06
 6  70  0.02  0.07  0.12  0.24  0.47  0.70  1.14  2.20  3.09  3.72  4.97  6.22  6.40  5.91  5.08  4.49  3.62  2.81  1.98  1.63  1.09  0.60  0.50  0.31  0.15  0.09  0.07  0.06
 6  75  0.02  0.07  0.11  0.23  0.45  0.67  1.10  2.11  3.03  3.66  4.96  6.08  6.11  5.55  4.81  4.30  3.65  2.85  2.02  1.68  1.14  0.62  0.51  0.33  0.17  0.09  0.07  0.06
 6  80  0.02  0.07  0.11  0.22  0.43  0.65  1.06  2.02  2.96  3.60  4.95  5.92  5.82  5.19  4.55  4.11  3.68  2.88  2.06  1.72  1.19  0.64  0.52  0.34  0.19  0.09  0.07  0.06
 6  85  0.02  0.07  0.11  0.22  0.43  0.64  1.05  2.01  2.93  3.56  4.90  5.88  5.79  5.17  4.54  4.09  3.67  2.87  2.06  1.72  1.19  0.64  0.52  0.34  0.19  0.09  0.07  0.06
 6  90  0.02  0.07  0.11  0.22  0.43  0.64  1.05  2.00  2.90  3.52  4.84  5.83  5.75  5.15  4.52  4.07  3.66  2.87  2.05  1.73  1.19  0.64  0.52  0.34  0.18  0.10  0.07  0.06
 7 -90  0.05  0.16  0.26  0.50  0.96  1.36  2.01  2.76  3.84  4.65  5.01  5.05  4.77  4.19  3.99  3.81  3.54  2.67  1.94  1.57  0.98  0.37  0.18  0.08  0.05  0.03  0.03  0.03
 7 -85  0.05  0.16  0.26  0.50  0.96  1.36  2.01  2.76  3.83  4.65  5.02  5.06  4.78  4.18  3.98  3.81  3.54  2.67  1.94  1.57  0.98  0.37  0.19  0.08  0.05  0.03  0.03  0.03
 7 -80  0.05  0.16  0.26  0.50  0.96  1.36  2.01  2.75  3.82  4.65  5.03  5.07  4.78  4.18  3.97  3.80  3.54  2.68  1.93  1.56  0.98  0.37  0.19  0.08  0.05  0.03  0.03  0.03
 7 -75  0.05  0.15  0.24  0.47  0.90  1.27  1.89  2.60  3.68  4.53  5.11  5.47  5.31  4.74  4.24  3.87  3.41  2.67  1.93  1.57  1.00  0.38  0.19  0.08  0.05  0.03  0.03  0.03
 7 -70  0.05  0.13  0.22  0.43  0.83  1.18  1.75  2.47  3.55  4.42  5.19  5.86  5.83  5.31  4.49  3.93  3.28  2.66  1.93  1.58  1.03  0.38  0.20  0.09  0.05  0.04  0.03  0.03
 7 -65  0.05  0.14  0.23  0.45  0.86  1.23  1.87  2.84  3.95  4.85  5.49  5.91  5.79  5.28  4.78  4.47  3.82  2.77  1.90  1.57  1.05  0.41  0.20  0.09  0.05  0.04  0.03  0.03
 7 -60  0.05  0.14  0.23  0.46  0.88  1.28  1.98  3.23  4.35  5.30  5.79  5.95  5.74  5.24  5.09  5.02  4.37  2.87  1.87  1.55  1.06  0.43  0.24  0.10  0.06  0.04  0.03  0.03
 7 -55  0.05  0.14  0.22  0.44  0.87  1.27  2.00  3.46  4.69  5.70  6.22  6.29  6.07  5.62  5.56  5.51  4.56  2.76  1.73  1.42  0.92  0.40  0.25  0.10  0.06  0.04  0.03  0.03
 7 -50  0.05  0.14  0.23  0.45  0.87  1.28  2.03  3.59  4.93  5.99  6.58  6.63  6.40  5.93  6.00  5.99  4.76  2.66  1.57  1.26  0.78  0.38  0.25  0.09  0.05  0.04  0.03  0.03
 7 -45  0.04  0.13  0.22  0.43  0.84  1.24  1.97  3.47  4.84  5.90  6.74  7.01  6.78  6.31  6.12  5.96  4.79  2.69  1.54  1.23  0.74  0.35  0.23  0.09  0.05  0.04  0.03  0.03
 7 -40  0.04  0.12  0.21  0.41  0.80  1.17  1.87  3.36  4.79  5.85  6.97  7.47  7.28  6.77  6.29  5.91  4.80  2.74  1.52  1.20  0.69  0.32  0.21  0.08  0.05  0.04  0.03  0.03
 7 -35  0.04  0.12  0.19  0.38  0.75  1.11  1.77  3.20  4.57  5.60  6.86  7.63  7.56  7.14  6.47  5.97  4.77  2.54  1.26  0.98  0.53  0.25  0.16  0.08  0.05  0.04  0.04  0.03
 7 -30  0.04  0.11  0.18  0.36  0.71  1.04  1.67  3.05  4.33  5.30  6.73  7.79  7.89  7.53  6.68  6.04  4.73  2.31  1.01  0.77  0.38  0.18  0.08  0.06  0.05  0.04  0.04  0.04
 7 -25  0.04  0.11  0.18  0.35  0.70  1.02  1.64  2.96  4.20  5.14  6.66  7.84  8.04  7.78  6.96  6.33  4.63  2.02  0.80  0.60  0.28  0.07  0.05  0.04  0.04  0.04  0.04  0.04
 7 -20  0.04  0.11  0.18  0.35  0.69  1.01  1.61  2.87  4.03  4.93  6.53  7.88  8.18  7.98  7.20  6.62  4.52  1.74  0.58  0.43  0.18  0.05  0.04  0.04  0.04  0.04  0.04  0.04
 7 -15  0.03  0.10  0.17  0.34  0.66  0.98  1.58  2.89  4.05  4.86  6.43  7.93  8.42  8.31  7.47  6.89  4.30  1.55  0.53  0.40  0.17  0.05  0.04  0.03  0.03  0.04  0.04  0.04
 7 -10  0.03  0.10  0.17  0.34  0.66  0.97  1.57  2.86  4.01  4.79  6.31  8.04  8.67  8.69  7.76  7.17  4.07  1.35  0.48  0.36  0.16  0.04  0.03  0.03  0.03  0.03  0.04  0.04
 7  -5  0.03  0.10  0.17  0.33  0.66  0.97  1.56  2.87  4.03  4.83  6.25  8.13  8.93  8.97  7.82  7.13  4.13  1.32  0.47  0.36  0.17  0.04  0.03  0.03  0.03  0.03  0.03  0.03
 7   0  0.03  0.09  0.16  0.31  0.62  0.93  1.52  2.92  4.06  4.87  6.28  8.21  9.16  9.21  7.89  7.09  4.20  1.30  0.47  0.36  0.17  0.04  0.03  0.03  0.03  0.03  0.03  0.03
 7   5  0.03  0.10  0.16  0.32  0.63  0.94  1.53  2.88  4.04  4.87  6.38  8.29  9.17  9.30  8.10  7.32  4.43  1.49  0.59  0.45  0.20  0.04  0.03  0.03  0.03  0.03  0.03  0.03
 7  10  0.03  0.09  0.16  0.31  0.62  0.92  1.51  2.89  4.10  4.95  6.53  8.46  9.28  9.44  8.33  7.53  4.66  1.69  0.70  0.53  0.23  0.04  0.03  0.03  0.03  0.04  0.03  0.03
 7  15  0.03  0.10  0.16  0.32  0.63  0.93  1.52  2.90  4.10  4.93  6.56  8.45  9.20  9.30  8.22  7.40  4.64  1.74  0.71  0.53  0.23  0.05  0.04  0.04  0.04  0.04  0.04  0.03
 7  20  0.03  0.10  0.16  0.32  0.64  0.95  1.54  2.89  4.08  4.91  6.60  8.44  9.12  9.18  8.10  7.29  4.64  1.80  0.73  0.55  0.24  0.06  0.05  0.05  0.05  0.05  0.05  0.04
 7  25  0.03  0.10  0.16  0.32  0.63  0.93  1.52  2.88  4.08  4.89  6.49  8.31  8.98  9.00  7.93  7.16  4.60  1.94  0.77  0.58  0.24  0.08  0.06  0.06  0.06  0.06  0.05  0.04
 7  30  0.03  0.09  0.16  0.31  0.62  0.92  1.50  2.88  4.03  4.87  6.43  8.18  8.81  8.82  7.76  7.02  4.56  2.06  0.82  0.60  0.24  0.11  0.07  0.06  0.06  0.06  0.05  0.05
 7  35  0.03  0.09  0.15  0.31  0.61  0.90  1.47  2.79  3.90  4.71  6.24  7.93  8.54  8.53  7.54  6.85  4.53  2.19  0.98  0.74  0.36  0.14  0.08  0.07  0.07  0.06  0.06  0.05
 7  40  0.03  0.09  0.15  0.30  0.60  0.89  1.44  2.72  3.85  4.63  6.11  7.71  8.27  8.24  7.32  6.67  4.49  2.30  1.15  0.88  0.46  0.19  0.11  0.08  0.07  0.06  0.06  0.05
 7  45  0.03  0.09  0.15  0.29  0.58  0.86  1.39  2.63  3.71  4.45  5.88  7.50  8.04  7.96  7.06  6.41  4.46  2.41  1.29  1.01  0.57  0.28  0.16  0.11  0.08  0.07  0.06  0.05
 7  50  0.03  0.08  0.14  0.27  0.54  0.81  1.33  2.55  3.56  4.27  5.67  7.27  7.78  7.63  6.74  6.12  4.46  2.51  1.42  1.14  0.70  0.36  0.25  0.14  0.10  0.07  0.06  0.05
 7  55  0.03  0.08  0.13  0.26  0.52  0.77  1.27  2.45  3.41  4.10  5.47  7.02  7.47  7.26  6.36  5.73  4.26  2.55  1.51  1.22  0.78  0.41  0.30  0.16  0.11  0.07  0.06  0.05
 7  60  0.03  0.08  0.13  0.25  0.50  0.75  1.24  2.40  3.36  4.03  5.34  6.79  7.17  6.86  5.98  5.37  4.09  2.62  1.63  1.32  0.85  0.45  0.34  0.19  0.12  0.08  0.06  0.05
 7  65  0.02  0.07  0.12  0.24  0.48  0.72  1.19  2.30  3.22  3.87  5.13  6.44  6.70  6.31  5.39  4.75  3.72  2.62  1.71  1.41  0.93  0.48  0.38  0.25  0.12  0.08  0.06  0.05
 7  70  0.02  0.07  0.12  0.23  0.46  0.69  1.13  2.19  3.07  3.69  4.91  6.09  6.23  5.76  4.80  4.13  3.35  2.61  1.80  1.49  1.01  0.51  0.41  0.27  0.13  0.08  0.06  0.05
 7  75  0.02  0.07  0.11  0.22  0.44  0.66  1.08  2.08  2.99  3.62  4.86  5.88  5.89  5.36  4.52  3.93  3.31  2.65  1.86  1.54  1.04  0.51  0.43  0.28  0.14  0.08  0.06  0.05
 7  80  0.02  0.06  0.11  0.21  0.42  0.63  1.03  1.97  2.90  3.53  4.81  5.68  5.55  4.95  4.24  3.73  3.28  2.69  1.92  1.59  1.07  0.51  0.44  0.29  0.15  0.09  0.07  0.05
 7  85  0.02  0.06  0.11  0.21  0.42  0.62  1.02  1.96  2.87  3.50  4.75  5.63  5.52  4.93  4.22  3.72  3.26  2.68  1.91  1.59  1.07  0.51  0.44  0.29  0.17  0.09  0.07  0.05
 7  90  0.02  0.06  0.11  0.21  0.42  0.62  1.02  1.94  2.84  3.45  4.70  5.58  5.48  4.91  4.20  3.70  3.25  2.68  1.91  1.59  1.07  0.51  0.44  0.29  0.17  0.09  0.07  0.05
 8 -90  0.04  0.12  0.20  0.39  0.75  1.07  1.59  2.25  3.18  3.91  4.89  5.95  5.95  5.07  4.04  3.31  2.81  2.40  1.72  1.41  0.91  0.37  0.14  0.07  0.04  0.03  0.03  0.03
 8 -85  0.04  0.12  0.20  0.39  0.75  1.07  1.59  2.24  3.17  3.91  4.90  5.96  5.96  5.06  4.04  3.30  2.81  2.40  1.71  1.40  0.91  0.37  0.15  0.07  0.05  0.03  0.03  0.03
 8 -80  0.04  0.12  0.20  0.39  0.75  1.07  1.59  2.23  3.16  3.91  4.91  5.97  5.96  5.06  4.03  3.30  2.81  2.40  1.71  1.40  0.91  0.37  0.16  0.07  0.05  0.03  0.03  0.03
 8 -75  0.04  0.12  0.20  0.40  0.76  1.09  1.64  2.44  3.34  4.09  5.00  5.86  5.84  5.15  4.21  3.56  2.96  2.45  1.73  1.43  0.96  0.39  0.17  0.08  0.05  0.03  0.03  0.03
 8 -70  0.04  0.12  0.20  0.39  0.76  1.10  1.69  2.67  3.53  4.27  5.09  5.73  5.71  5.26  4.39  3.81  3.11  2.52  1.77  1.47  1.01  0.41  0.18  0.08  0.05  0.04  0.03  0.03
 8 -65  0.04  0.12  0.19  0.38  0.75  1.08  1.70  2.84  3.77  4.58  5.44  5.96  5.89  5.42  4.84  4.47  3.70  2.72  1.76  1.45  0.97  0.42  0.20  0.09  0.05  0.04  0.03  0.03
 8 -60  0.04  0.11  0.19  0.38  0.74  1.08  1.71  3.00  4.02  4.88  5.80  6.20  6.07  5.58  5.29  5.13  4.29  2.90  1.75  1.43  0.94  0.43  0.25  0.10  0.06  0.04  0.03  0.03
 8 -55  0.04  0.11  0.19  0.38  0.74  1.09  1.76  3.20  4.38  5.31  6.28  6.66  6.52  6.07  5.77  5.53  4.61  2.99  1.74  1.42  0.91  0.42  0.26  0.10  0.06  0.04  0.03  0.03
 8 -50  0.04  0.12  0.19  0.38  0.75  1.11  1.80  3.32  4.63  5.64  6.70  7.12  6.99  6.52  6.21  5.92  4.92  3.07  1.70  1.38  0.88  0.40  0.27  0.10  0.06  0.04  0.04  0.03
 8 -45  0.04  0.12  0.19  0.39  0.76  1.12  1.81  3.30  4.63  5.65  6.79  7.37  7.26  6.81  6.30  5.90  4.90  3.03  1.66  1.34  0.85  0.38  0.26  0.09  0.06  0.04  0.04  0.03
 8 -40  0.04  0.12  0.19  0.38  0.75  1.11  1.79  3.28  4.69  5.69  6.96  7.71  7.66  7.18  6.44  5.86  4.88  3.00  1.62  1.30  0.80  0.36  0.24  0.10  0.06  0.04  0.04  0.04
 8 -35  0.04  0.11  0.19  0.37  0.72  1.07  1.72  3.16  4.53  5.54  6.91  7.85  7.85  7.41  6.57  5.93  4.80  2.76  1.34  1.07  0.62  0.28  0.20  0.09  0.06  0.04  0.04  0.04
 8 -30  0.04  0.11  0.18  0.35  0.69  1.02  1.65  3.04  4.36  5.34  6.85  7.98  8.07  7.67  6.73  6.02  4.71  2.48  1.07  0.83  0.44  0.20  0.09  0.07  0.06  0.05  0.04  0.04
 8 -25  0.04  0.11  0.18  0.35  0.68  1.01  1.62  2.94  4.20  5.16  6.78  8.09  8.29  7.96  7.00  6.27  4.62  2.16  0.81  0.62  0.31  0.08  0.06  0.05  0.05  0.04  0.04  0.04
 8 -20  0.04  0.10  0.17  0.35  0.68  0.99  1.59  2.84  4.04  4.97  6.68  8.16  8.48  8.20  7.23  6.51  4.54  1.84  0.55  0.41  0.17  0.06  0.04  0.04  0.04  0.04  0.04  0.04
 8 -15  0.03  0.10  0.17  0.33  0.65  0.96  1.55  2.86  4.03  4.85  6.53  8.20  8.73  8.55  7.55  6.86  4.30  1.60  0.52  0.39  0.15  0.05  0.04  0.04  0.04  0.04  0.04  0.04
 8 -10  0.03  0.10  0.16  0.32  0.64  0.94  1.53  2.82  3.97  4.74  6.36  8.29  9.01  8.99  7.89  7.20  4.06  1.37  0.50  0.36  0.13  0.04  0.03  0.03  0.03  0.04  0.04  0.04
 8  -5  0.03  0.10  0.16  0.32  0.64  0.94  1.52  2.83  3.98  4.76  6.26  8.34  9.27  9.29  8.03  7.29  4.05  1.33  0.50  0.37  0.14  0.04  0.03  0.03  0.03  0.04  0.04  0.04
 8   0  0.03  0.09  0.15  0.30  0.60  0.90  1.48  2.89  4.01  4.81  6.29  8.45  9.54  9.58  8.18  7.38  4.04  1.30  0.50  0.37  0.15  0.04  0.03  0.03  0.03  0.04  0.04  0.03
 8   5  0.03  0.09  0.16  0.31  0.62  0.92  1.50  2.85  4.00  4.81  6.40  8.49  9.49  9.62  8.28  7.45  4.32  1.46  0.61  0.45  0.17  0.04  0.03  0.03  0.03  0.03  0.03  0.03
 8  10  0.03  0.09  0.15  0.31  0.61  0.91  1.49  2.86  4.05  4.90  6.56  8.63  9.53  9.68  8.41  7.52  4.60  1.64  0.71  0.52  0.20  0.04  0.03  0.03  0.03  0.03  0.03  0.03
 8  15  0.03  0.09  0.16  0.31  0.62  0.93  1.51  2.88  4.11  4.95  6.67  8.61  9.37  9.44  8.26  7.39  4.58  1.70  0.73  0.53  0.21  0.04  0.04  0.04  0.04  0.04  0.04  0.03
 8  20  0.03  0.10  0.16  0.32  0.64  0.95  1.54  2.89  4.13  4.99  6.76  8.60  9.22  9.24  8.12  7.27  4.59  1.77  0.76  0.56  0.22  0.05  0.04  0.04  0.05  0.05  0.04  0.04
 8  25  0.03  0.10  0.16  0.32  0.63  0.94  1.54  2.92  4.19  5.05  6.71  8.46  9.04  9.00  7.93  7.13  4.55  1.90  0.80  0.59  0.23  0.07  0.05  0.05  0.05  0.05  0.05  0.04
 8  30  0.03  0.10  0.16  0.32  0.63  0.94  1.54  2.95  4.20  5.10  6.72  8.34  8.83  8.77  7.73  6.99  4.52  2.01  0.82  0.60  0.23  0.09  0.06  0.06  0.06  0.06  0.05  0.05
 8  35  0.03  0.10  0.16  0.32  0.63  0.93  1.52  2.88  4.09  4.97  6.55  8.08  8.55  8.47  7.49  6.82  4.49  2.09  0.94  0.70  0.32  0.11  0.07  0.06  0.06  0.06  0.05  0.05
 8  40  0.03  0.09  0.16  0.31  0.62  0.92  1.50  2.85  4.06  4.90  6.41  7.85  8.26  8.17  7.26  6.63  4.45  2.16  1.05  0.79  0.39  0.14  0.09  0.07  0.07  0.06  0.06  0.05
 8  45  0.03  0.09  0.15  0.31  0.60  0.90  1.46  2.77  3.94  4.75  6.23  7.67  8.05  7.88  7.00  6.36  4.34  2.26  1.20  0.93  0.50  0.21  0.13  0.09  0.08  0.06  0.06  0.05
 8  50  0.03  0.09  0.15  0.29  0.58  0.86  1.41  2.69  3.81  4.59  6.04  7.44  7.77  7.52  6.66  6.06  4.26  2.35  1.33  1.06  0.63  0.28  0.18  0.12  0.09  0.07  0.06  0.05
 8  55  0.03  0.08  0.14  0.28  0.55  0.82  1.35  2.61  3.69  4.45  5.89  7.23  7.49  7.15  6.30  5.70  4.02  2.44  1.46  1.17  0.71  0.31  0.21  0.15  0.10  0.07  0.06  0.05
 8  60  0.03  0.08  0.14  0.27  0.54  0.80  1.32  2.57  3.65  4.41  5.81  7.03  7.19  6.74  5.93  5.37  3.82  2.56  1.62  1.29  0.79  0.35  0.24  0.17  0.11  0.07  0.06  0.05
 8  65  0.03  0.08  0.13  0.26  0.52  0.78  1.28  2.48  3.52  4.25  5.56  6.58  6.61  6.10  5.32  4.78  3.55  2.57  1.71  1.37  0.86  0.39  0.28  0.19  0.11  0.07  0.06  0.05
 8  70  0.03  0.08  0.13  0.25  0.50  0.75  1.24  2.39  3.39  4.08  5.30  6.13  6.03  5.45  4.71  4.18  3.27  2.58  1.79  1.45  0.94  0.43  0.32  0.21  0.12  0.07  0.06  0.05
 8  75  0.03  0.08  0.13  0.25  0.50  0.74  1.21  2.34  3.32  4.00  5.04  5.59  5.37  4.78  4.22  3.82  3.22  2.58  1.83  1.49  0.98  0.45  0.33  0.22  0.13  0.08  0.06  0.05
 8  80  0.02  0.07  0.12  0.25  0.49  0.72  1.19  2.29  3.24  3.90  4.78  5.04  4.70  4.11  3.73  3.45  3.16  2.58  1.87  1.53  1.01  0.48  0.34  0.22  0.14  0.08  0.06  0.05
 8  85  0.02  0.07  0.12  0.24  0.49  0.72  1.19  2.27  3.21  3.86  4.73  5.00  4.67  4.09  3.71  3.44  3.15  2.58  1.86  1.53  1.01  0.48  0.34  0.22  0.15  0.08  0.06  0.05
 8  90  0.02  0.07  0.12  0.24  0.49  0.72  1.18  2.26  3.18  3.82  4.67  4.95  4.63  4.07  3.69  3.42  3.14  2.57  1.86  1.54  1.01  0.48  0.34  0.22  0.15  0.08  0.06  0.05
 9 -90  0.04  0.11  0.18  0.35  0.68  0.98  1.52  2.47  3.42  4.17  4.75  5.33  5.33  4.92  3.98  3.35  1.90  1.23  0.86  0.74  0.53  0.32  0.10  0.05  0.04  0.03  0.03  0.03
 9 -85  0.04  0.11  0.18  0.35  0.68  0.98  1.52  2.46  3.41  4.18  4.76  5.34  5.34  4.92  3.98  3.34  1.90  1.23  0.86  0.73  0.53  0.32  0.11  0.06  0.04  0.03  0.03  0.03
 9 -80  0.04  0.11  0.18  0.35  0.68  0.98  1.52  2.45  3.40  4.18  4.77  5.35  5.34  4.91  3.97  3.34  1.90  1.24  0.85  0.73  0.53  0.32  0.12  0.06  0.05  0.04  0.03  0.03
 9 -75  0.04  0.11  0.17  0.34  0.67  0.97  1.52  2.54  3.46  4.22  5.06  5.67  5.63  5.16  4.24  3.62  2.17  1.39  0.94  0.81  0.59  0.35  0.14  0.07  0.05  0.04  0.03  0.03
 9 -70  0.03  0.10  0.17  0.34  0.65  0.96  1.51  2.62  3.52  4.26  5.35  5.98  5.91  5.41  4.51  3.91  2.48  1.57  1.06  0.90  0.66  0.38  0.16  0.08  0.05  0.04  0.03  0.03
 9 -65  0.03  0.10  0.17  0.33  0.65  0.96  1.54  2.76  3.76  4.55  5.72  6.40  6.37  5.88  5.19  4.73  3.34  2.11  1.31  1.09  0.75  0.42  0.22  0.08  0.06  0.04  0.03  0.03
 9 -60  0.03  0.10  0.17  0.34  0.67  0.98  1.58  2.87  3.98  4.84  6.10  6.83  6.82  6.34  5.88  5.55  4.16  2.63  1.57  1.28  0.85  0.45  0.25  0.09  0.06  0.04  0.03  0.03
 9 -55  0.03  0.10  0.17  0.35  0.68  1.01  1.63  3.02  4.24  5.17  6.44  7.19  7.20  6.78  6.28  5.87  4.59  2.94  1.73  1.39  0.85  0.44  0.25  0.09  0.06  0.04  0.04  0.03
 9 -50  0.04  0.11  0.18  0.35  0.69  1.02  1.67  3.13  4.42  5.42  6.74  7.57  7.61  7.19  6.63  6.17  4.99  3.23  1.84  1.45  0.84  0.43  0.25  0.09  0.06  0.04  0.04  0.03
 9 -45  0.04  0.11  0.18  0.35  0.70  1.03  1.67  3.12  4.44  5.44  6.81  7.73  7.77  7.34  6.65  6.10  4.92  3.14  1.78  1.39  0.79  0.40  0.25  0.09  0.06  0.04  0.04  0.04
 9 -40  0.04  0.11  0.18  0.35  0.69  1.03  1.67  3.10  4.50  5.47  6.95  7.98  8.05  7.59  6.70  6.02  4.86  3.08  1.70  1.33  0.73  0.37  0.24  0.09  0.06  0.05  0.04  0.04
 9 -35  0.03  0.10  0.17  0.34  0.67  1.00  1.62  3.01  4.38  5.37  6.93  8.14  8.25  7.81  6.80  6.04  4.78  2.78  1.42  1.09  0.56  0.28  0.19  0.09  0.06  0.05  0.04  0.04
 9 -30  0.03  0.10  0.17  0.33  0.65  0.96  1.57  2.93  4.25  5.23  6.90  8.28  8.48  8.07  6.94  6.09  4.69  2.46  1.14  0.85  0.38  0.18  0.10  0.07  0.06  0.05  0.05  0.04
 9 -25  0.03  0.10  0.17  0.33  0.65  0.96  1.55  2.85  4.11  5.04  6.78  8.35  8.69  8.37  7.20  6.31  4.68  2.23  0.93  0.69  0.29  0.08  0.06  0.05  0.05  0.05  0.05  0.05
 9 -20  0.03  0.10  0.16  0.33  0.64  0.95  1.52  2.79  3.97  4.87  6.66  8.37  8.85  8.62  7.41  6.53  4.66  1.99  0.73  0.54  0.21  0.06  0.04  0.04  0.04  0.05  0.05  0.05
 9 -15  0.03  0.09  0.16  0.31  0.62  0.92  1.49  2.81  3.95  4.73  6.46  8.33  9.00  8.89  7.69  6.86  4.40  1.70  0.63  0.46  0.18  0.05  0.04  0.04  0.04  0.04  0.05  0.05
 9 -10  0.03  0.09  0.15  0.30  0.60  0.90  1.47  2.80  3.88  4.62  6.23  8.33  9.21  9.28  8.01  7.19  4.13  1.40  0.53  0.39  0.15  0.04  0.04  0.04  0.04  0.04  0.04  0.04
 9  -5  0.03  0.09  0.15  0.30  0.60  0.90  1.47  2.80  3.88  4.63  6.11  8.33  9.42  9.56  8.08  7.20  4.06  1.36  0.54  0.39  0.15  0.04  0.03  0.03  0.03  0.04  0.04  0.04
 9   0  0.03  0.09  0.14  0.29  0.58  0.86  1.43  2.84  3.91  4.67  6.14  8.41  9.66  9.85  8.18  7.19  3.99  1.31  0.54  0.39  0.15  0.04  0.03  0.03  0.03  0.04  0.04  0.03
 9   5  0.03  0.09  0.15  0.30  0.60  0.89  1.46  2.81  3.91  4.69  6.26  8.44  9.59  9.82  8.29  7.36  4.26  1.45  0.62  0.45  0.17  0.04  0.03  0.03  0.03  0.03  0.03  0.03
 9  10  0.03  0.09  0.15  0.30  0.60  0.89  1.46  2.82  3.97  4.77  6.42  8.58  9.59  9.81  8.44  7.52  4.53  1.60  0.68  0.50  0.18  0.04  0.03  0.03  0.03  0.04  0.03  0.03
 9  15  0.03  0.09  0.15  0.31  0.61  0.91  1.49  2.84  4.04  4.86  6.59  8.59  9.40  9.51  8.28  7.38  4.51  1.63  0.69  0.50  0.18  0.04  0.03  0.03  0.04  0.04  0.04  0.03
 9  20  0.03  0.10  0.16  0.32  0.63  0.93  1.52  2.84  4.07  4.92  6.72  8.61  9.25  9.27  8.13  7.27  4.52  1.65  0.69  0.50  0.18  0.05  0.04  0.04  0.04  0.05  0.04  0.04
 9  25  0.03  0.09  0.16  0.31  0.62  0.92  1.51  2.88  4.15  5.02  6.70  8.46  9.01  8.96  8.00  7.27  4.55  1.73  0.71  0.52  0.19  0.07  0.05  0.05  0.05  0.05  0.05  0.04
 9  30  0.03  0.10  0.16  0.31  0.62  0.93  1.52  2.90  4.19  5.11  6.78  8.34  8.75  8.65  7.85  7.27  4.59  1.80  0.73  0.53  0.19  0.08  0.06  0.05  0.05  0.05  0.05  0.05
 9  35  0.03  0.10  0.16  0.32  0.63  0.93  1.52  2.89  4.16  5.08  6.69  8.09  8.44  8.29  7.46  6.89  4.49  1.97  0.91  0.67  0.29  0.10  0.07  0.06  0.06  0.06  0.05  0.05
 9  40  0.03  0.10  0.16  0.32  0.63  0.94  1.53  2.90  4.20  5.10  6.62  7.86  8.12  7.95  7.09  6.49  4.37  2.12  1.07  0.80  0.37  0.13  0.09  0.07  0.06  0.06  0.05  0.05
 9  45  0.03  0.10  0.16  0.32  0.63  0.94  1.53  2.89  4.20  5.10  6.58  7.71  7.86  7.57  6.78  6.20  4.26  2.22  1.21  0.93  0.48  0.19  0.12  0.09  0.07  0.06  0.05  0.05
 9  50  0.03  0.10  0.16  0.32  0.63  0.94  1.52  2.88  4.16  5.07  6.51  7.47  7.51  7.14  6.40  5.87  4.17  2.32  1.34  1.06  0.60  0.24  0.15  0.11  0.08  0.06  0.06  0.05
 9  55  0.03  0.09  0.15  0.31  0.61  0.91  1.49  2.88  4.15  5.06  6.45  7.26  7.18  6.70  5.97  5.44  3.97  2.39  1.46  1.16  0.69  0.28  0.18  0.14  0.09  0.06  0.06  0.05
 9  60  0.03  0.09  0.15  0.31  0.61  0.91  1.50  2.91  4.21  5.14  6.46  7.05  6.82  6.22  5.54  5.05  3.80  2.50  1.62  1.29  0.78  0.33  0.22  0.15  0.10  0.07  0.06  0.05
 9  65  0.03  0.09  0.16  0.31  0.62  0.92  1.51  2.92  4.18  5.09  6.20  6.55  6.23  5.61  4.93  4.45  3.54  2.48  1.71  1.38  0.87  0.39  0.26  0.17  0.11  0.07  0.05  0.05
 9  70  0.03  0.09  0.16  0.31  0.62  0.93  1.52  2.92  4.14  5.03  5.93  6.05  5.64  4.99  4.33  3.85  3.27  2.46  1.80  1.47  0.95  0.44  0.29  0.19  0.11  0.07  0.05  0.05
 9  75  0.03  0.10  0.16  0.32  0.62  0.93  1.52  2.91  3.91  4.64  5.21  5.28  4.97  4.46  4.07  3.80  3.21  2.46  1.80  1.47  0.97  0.44  0.30  0.19  0.12  0.07  0.05  0.05
 9  80  0.03  0.10  0.16  0.32  0.63  0.93  1.52  2.89  3.67  4.25  4.49  4.50  4.30  3.93  3.82  3.74  3.14  2.45  1.79  1.47  0.97  0.44  0.30  0.20  0.12  0.07  0.05  0.05
 9  85  0.03  0.10  0.16  0.32  0.63  0.93  1.52  2.88  3.65  4.21  4.44  4.46  4.27  3.91  3.81  3.72  3.13  2.44  1.79  1.48  0.97  0.44  0.30  0.20  0.12  0.07  0.05  0.05
 9  90  0.03  0.10  0.16  0.32  0.63  0.93  1.51  2.87  3.62  4.18  4.39  4.41  4.23  3.89  3.79  3.71  3.12  2.44  1.79  1.48  0.97  0.44  0.30  0.20  0.12  0.07  0.05  0.05
10 -90  0.03  0.09  0.14  0.28  0.56  0.82  1.32  2.39  3.23  3.82  4.98  5.81  5.90  5.49  4.63  4.02  2.52  0.52  0.18  0.18  0.18  0.29  0.10  0.06  0.05  0.04  0.03  0.03
10 -85  0.03  0.09  0.14  0.28  0.56  0.82  1.32  2.38  3.22  3.82  4.99  5.82  5.90  5.48  4.63  4.01  2.52  0.52  0.17  0.18  0.18  0.29  0.11  0.06  0.05  0.04  0.03  0.03
10 -80  0.03  0.09  0.14  0.28  0.56  0.82  1.32  2.38  3.21  3.82  5.01  5.83  5.91  5.48  4.62  4.01  2.52  0.52  0.17  0.17  0.18  0.29  0.12  0.06  0.05  0.04  0.03  0.03
10 -75  0.03  0.09  0.14  0.29  0.56  0.83  1.33  2.40  3.28  3.93  5.16  6.10  6.26  5.84  5.16  4.65  3.02  0.90  0.36  0.32  0.25  0.32  0.21  0.07  0.05  0.04  0.03  0.03
10 -70  0.03  0.09  0.14  0.29  0.56  0.83  1.33  2.43  3.36  4.05  5.31  6.38  6.60  6.20  5.71  5.31  3.53  1.33  0.59  0.49  0.33  0.36  0.23  0.07  0.05  0.04  0.03  0.03
10 -65  0.03  0.09  0.15  0.29  0.58  0.86  1.38  2.53  3.57  4.34  5.65  6.75  6.97  6.59  6.28  6.01  4.24  2.02  1.01  0.80  0.49  0.38  0.24  0.08  0.05  0.04  0.03  0.03
10 -60  0.03  0.09  0.15  0.30  0.60  0.89  1.43  2.64  3.77  4.62  5.99  7.13  7.35  6.99  6.85  6.71  4.91  2.69  1.44  1.13  0.66  0.40  0.25  0.09  0.06  0.04  0.03  0.03
10 -55  0.03  0.09  0.16  0.31  0.61  0.91  1.47  2.73  3.94  4.83  6.26  7.41  7.62  7.29  6.90  6.57  5.01  3.01  1.71  1.35  0.77  0.39  0.24  0.15  0.06  0.04  0.04  0.03
10 -50  0.03  0.09  0.16  0.31  0.62  0.91  1.49  2.79  4.05  4.98  6.48  7.69  7.91  7.55  6.91  6.41  5.09  3.27  1.93  1.51  0.86  0.38  0.23  0.14  0.06  0.04  0.04  0.03
10 -45  0.03  0.09  0.16  0.31  0.61  0.91  1.49  2.82  4.09  5.02  6.56  7.86  8.10  7.71  7.09  6.59  5.21  3.31  1.92  1.50  0.84  0.37  0.23  0.09  0.06  0.05  0.04  0.04
10 -40  0.03  0.09  0.16  0.31  0.61  0.91  1.49  2.82  4.13  5.05  6.68  8.11  8.38  7.96  7.28  6.77  5.34  3.38  1.89  1.48  0.82  0.36  0.22  0.09  0.06  0.05  0.04  0.04
10 -35  0.03  0.09  0.15  0.31  0.61  0.90  1.47  2.79  4.09  5.02  6.69  8.27  8.61  8.21  7.36  6.71  5.10  2.88  1.45  1.12  0.58  0.26  0.14  0.08  0.06  0.05  0.05  0.04
10 -30  0.03  0.09  0.15  0.30  0.60  0.89  1.45  2.77  4.02  4.94  6.67  8.40  8.84  8.50  7.46  6.68  4.86  2.36  1.02  0.76  0.35  0.15  0.10  0.07  0.06  0.05  0.05  0.04
10 -25  0.03  0.09  0.15  0.31  0.61  0.90  1.46  2.74  3.93  4.80  6.56  8.42  9.00  8.79  7.62  6.73  4.66  2.04  0.83  0.62  0.26  0.09  0.06  0.06  0.05  0.05  0.05  0.05
10 -20  0.03  0.09  0.15  0.30  0.60  0.89  1.45  2.73  3.86  4.71  6.47  8.39  9.10  9.03  7.73  6.78  4.46  1.71  0.64  0.47  0.18  0.06  0.05  0.05  0.05  0.05  0.05  0.05
10 -15  0.03  0.09  0.15  0.29  0.58  0.87  1.43  2.77  3.85  4.62  6.32  8.31  9.13  9.18  7.95  7.09  4.29  1.56  0.57  0.42  0.15  0.05  0.04  0.04  0.04  0.05  0.05  0.05
10 -10  0.03  0.09  0.14  0.29  0.57  0.85  1.41  2.77  3.83  4.55  6.13  8.26  9.25  9.46  8.21  7.39  4.12  1.41  0.51  0.37  0.13  0.04  0.04  0.04  0.04  0.04  0.04  0.04
10  -5  0.03  0.09  0.14  0.29  0.57  0.86  1.42  2.79  3.84  4.56  6.00  8.22  9.36  9.62  8.24  7.41  4.04  1.37  0.49  0.36  0.13  0.04  0.03  0.03  0.03  0.04  0.04  0.04
10   0  0.03  0.08  0.14  0.28  0.56  0.85  1.41  2.81  3.87  4.60  6.03  8.24  9.50  9.81  8.30  7.41  3.97  1.34  0.48  0.35  0.13  0.04  0.03  0.03  0.03  0.04  0.04  0.03
10   5  0.03  0.09  0.15  0.29  0.58  0.87  1.43  2.79  3.86  4.61  6.11  8.22  9.41  9.74  8.29  7.41  4.20  1.45  0.56  0.41  0.14  0.04  0.03  0.03  0.03  0.03  0.03  0.03
10  10  0.03  0.09  0.15  0.30  0.59  0.88  1.44  2.79  3.89  4.66  6.24  8.32  9.37  9.68  8.31  7.42  4.43  1.57  0.64  0.46  0.16  0.04  0.03  0.03  0.03  0.04  0.04  0.03
10  15  0.03  0.09  0.15  0.30  0.60  0.89  1.46  2.80  3.94  4.73  6.39  8.33  9.18  9.35  8.11  7.21  4.39  1.59  0.65  0.46  0.16  0.04  0.03  0.03  0.04  0.04  0.04  0.04
10  20  0.03  0.09  0.16  0.31  0.62  0.91  1.49  2.80  3.95  4.75  6.47  8.35  9.03  9.09  7.92  7.03  4.36  1.61  0.66  0.47  0.16  0.05  0.04  0.04  0.04  0.04  0.04  0.04
10  25  0.03  0.09  0.15  0.31  0.61  0.91  1.49  2.86  4.08  4.92  6.54  8.22  8.74  8.72  7.77  7.02  4.41  1.68  0.69  0.49  0.18  0.06  0.04  0.04  0.04  0.05  0.05  0.04
10  30  0.03  0.10  0.16  0.32  0.63  0.93  1.52  2.89  4.17  5.08  6.70  8.12  8.46  8.35  7.59  7.02  4.46  1.73  0.71  0.51  0.19  0.08  0.05  0.05  0.05  0.05  0.05  0.05
10  35  0.03  0.10  0.16  0.33  0.64  0.96  1.56  2.95  4.27  5.22  6.74  7.86  8.04  7.81  7.10  6.60  4.38  1.92  0.91  0.68  0.30  0.10  0.07  0.06  0.05  0.05  0.05  0.05
10  40  0.03  0.10  0.17  0.33  0.66  0.98  1.60  3.02  4.42  5.41  6.80  7.61  7.62  7.31  6.63  6.15  4.27  2.09  1.09  0.83  0.40  0.17  0.09  0.07  0.06  0.05  0.05  0.05
10  45  0.04  0.11  0.18  0.35  0.69  1.02  1.66  3.11  4.56  5.58  6.84  7.45  7.33  6.93  6.36  5.92  4.26  2.24  1.25  0.96  0.51  0.20  0.12  0.09  0.07  0.06  0.05  0.05
10  50  0.04  0.11  0.18  0.36  0.71  1.05  1.71  3.20  4.65  5.72  6.84  7.18  6.95  6.51  6.02  5.67  4.25  2.40  1.40  1.11  0.63  0.23  0.13  0.12  0.08  0.06  0.05  0.05
10  55  0.04  0.11  0.18  0.36  0.72  1.06  1.74  3.29  4.70  5.76  6.72  6.93  6.64  6.15  5.69  5.35  4.15  2.44  1.49  1.19  0.71  0.28  0.17  0.13  0.09  0.06  0.05  0.05
10  60  0.04  0.11  0.19  0.37  0.74  1.10  1.79  3.42  4.83  5.90  6.64  6.65  6.29  5.74  5.35  5.07  4.09  2.52  1.61  1.29  0.79  0.34  0.21  0.15  0.10  0.06  0.05  0.05
10  65  0.04  0.11  0.19  0.38  0.75  1.12  1.82  3.44  4.68  5.65  6.20  6.14  5.79  5.27  4.92  4.66  3.83  2.53  1.74  1.42  0.91  0.39  0.24  0.17  0.10  0.06  0.05  0.05
10  70  0.04  0.12  0.19  0.39  0.76  1.13  1.84  3.46  4.54  5.40  5.75  5.63  5.29  4.80  4.48  4.26  3.57  2.54  1.86  1.54  1.03  0.45  0.27  0.18  0.10  0.06  0.05  0.05
10  75  0.04  0.12  0.19  0.38  0.76  1.12  1.82  3.41  4.11  4.72  5.00  5.03  4.81  4.40  4.11  3.92  3.41  2.55  1.90  1.59  1.08  0.47  0.28  0.19  0.11  0.06  0.05  0.05
10  80  0.04  0.12  0.19  0.38  0.75  1.11  1.80  3.35  3.68  4.03  4.25  4.42  4.32  4.00  3.75  3.58  3.24  2.56  1.95  1.63  1.12  0.50  0.29  0.20  0.11  0.06  0.05  0.05
10  85  0.04  0.12  0.19  0.38  0.75  1.11  1.80  3.34  3.66  4.00  4.21  4.38  4.29  3.98  3.73  3.56  3.23  2.55  1.94  1.63  1.12  0.50  0.29  0.20  0.12  0.06  0.05  0.05
10  90  0.04  0.12  0.19  0.38  0.75  1.11  1.80  3.33  3.64  3.96  4.17  4.34  4.26  3.96  3.72  3.55  3.22  2.55  1.94  1.63  1.12  0.50  0.29  0.20  0.12  0.06  0.05  0.05
11 -90  0.02  0.07  0.12  0.25  0.49  0.72  1.17  2.17  3.01  3.58  4.83  5.98  6.26  6.08  5.79  5.50  4.19  1.77  0.85  0.69  0.41  0.34  0.25  0.15  0.05  0.04  0.03  0.02
11 -85  0.02  0.07  0.12  0.25  0.49  0.72  1.16  2.16  3.00  3.58  4.84  5.99  6.27  6.08  5.79  5.50  4.19  1.77  0.85  0.68  0.41  0.34  0.25  0.07  0.05  0.04  0.03  0.02
11 -80  0.02  0.07  0.12  0.25  0.49  0.72  1.16  2.16  2.99  3.58  4.86  6.00  6.28  6.07  5.78  5.49  4.19  1.78  0.85  0.68  0.41  0.34  0.25  0.15  0.05  0.04  0.03  0.02
11 -75  0.03  0.08  0.13  0.25  0.49  0.73  1.17  2.18  3.04  3.67  4.92  6.13  6.45  6.24  6.10  5.93  4.48  1.97  0.95  0.76  0.46  0.37  0.26  0.16  0.05  0.04  0.03  0.03
11 -70  0.03  0.08  0.13  0.25  0.50  0.73  1.19  2.20  3.10  3.76  4.97  6.26  6.63  6.41  6.42  6.37  4.79  2.20  1.08  0.86  0.52  0.39  0.27  0.17  0.06  0.04  0.03  0.03
11 -65  0.03  0.08  0.13  0.26  0.51  0.76  1.23  2.27  3.22  3.93  5.21  6.54  6.92  6.67  6.67  6.63  4.98  2.54  1.32  1.03  0.59  0.39  0.26  0.17  0.06  0.04  0.03  0.03
11 -60  0.03  0.08  0.14  0.27  0.53  0.78  1.27  2.34  3.34  4.09  5.44  6.83  7.21  6.93  6.93  6.89  5.16  2.88  1.57  1.21  0.67  0.40  0.26  0.16  0.06  0.04  0.03  0.03
11 -55  0.03  0.08  0.14  0.28  0.55  0.81  1.31  2.42  3.46  4.23  5.64  7.12  7.54  7.28  6.89  6.58  5.04  2.99  1.69  1.30  0.69  0.36  0.23  0.14  0.07  0.04  0.04  0.03
11 -50  0.03  0.08  0.14  0.28  0.55  0.81  1.32  2.46  3.53  4.31  5.81  7.42  7.90  7.60  6.84  6.27  4.89  3.06  1.74  1.34  0.71  0.32  0.21  0.10  0.06  0.05  0.04  0.03
11 -45  0.03  0.08  0.14  0.28  0.55  0.81  1.33  2.54  3.61  4.40  5.91  7.62  8.17  7.88  7.07  6.43  4.95  3.05  1.71  1.32  0.69  0.31  0.20  0.09  0.06  0.05  0.04  0.03
11 -40  0.03  0.08  0.14  0.27  0.55  0.81  1.34  2.58  3.67  4.45  6.03  7.87  8.50  8.25  7.29  6.58  5.03  3.05  1.66  1.28  0.66  0.31  0.19  0.08  0.06  0.05  0.04  0.04
11 -35  0.03  0.08  0.14  0.28  0.55  0.82  1.35  2.61  3.74  4.54  6.14  8.06  8.75  8.53  7.46  6.64  4.78  2.57  1.26  0.96  0.47  0.23  0.12  0.07  0.06  0.05  0.05  0.04
11 -30  0.03  0.08  0.14  0.28  0.56  0.83  1.37  2.65  3.76  4.58  6.22  8.21  8.97  8.86  7.64  6.72  4.54  2.09  0.86  0.64  0.27  0.15  0.09  0.06  0.06  0.05  0.05  0.04
11 -25  0.03  0.09  0.14  0.29  0.57  0.85  1.39  2.66  3.77  4.58  6.26  8.29  9.11  9.09  7.72  6.70  4.40  1.90  0.72  0.54  0.22  0.09  0.06  0.05  0.05  0.05  0.05  0.04
11 -20  0.03  0.09  0.14  0.29  0.57  0.85  1.40  2.71  3.81  4.64  6.34  8.32  9.17  9.27  7.76  6.68  4.25  1.70  0.60  0.44  0.16  0.07  0.05  0.05  0.05  0.05  0.05  0.04
11 -15  0.03  0.09  0.14  0.28  0.56  0.84  1.40  2.77  3.86  4.64  6.33  8.31  9.18  9.35  7.96  6.96  4.14  1.54  0.54  0.40  0.15  0.05  0.04  0.04  0.04  0.05  0.05  0.04
11 -10  0.03  0.08  0.14  0.28  0.56  0.83  1.40  2.82  3.92  4.67  6.26  8.33  9.29  9.53  8.17  7.25  4.03  1.39  0.49  0.36  0.14  0.04  0.04  0.04  0.04  0.04  0.04  0.04
11  -5  0.03  0.08  0.14  0.28  0.56  0.84  1.41  2.85  3.94  4.70  6.15  8.27  9.29  9.54  8.14  7.25  3.93  1.33  0.47  0.35  0.14  0.04  0.03  0.03  0.03  0.04  0.04  0.03
11   0  0.03  0.09  0.14  0.29  0.57  0.86  1.43  2.85  3.98  4.75  6.19  8.23  9.30  9.56  8.12  7.23  3.84  1.27  0.46  0.34  0.13  0.04  0.03  0.03  0.03  0.04  0.03  0.03
11   5  0.03  0.09  0.15  0.29  0.58  0.87  1.44  2.83  3.92  4.70  6.15  8.11  9.17  9.45  8.07  7.21  4.05  1.36  0.51  0.37  0.14  0.04  0.03  0.03  0.03  0.03  0.03  0.03
11  10  0.03  0.09  0.15  0.30  0.59  0.88  1.44  2.80  3.90  4.67  6.18  8.11  9.08  9.37  8.05  7.19  4.26  1.45  0.55  0.40  0.14  0.04  0.03  0.03  0.03  0.04  0.04  0.03
11  15  0.03  0.09  0.15  0.30  0.60  0.89  1.46  2.82  3.94  4.72  6.31  8.08  8.84  9.01  7.81  6.97  4.18  1.49  0.55  0.40  0.14  0.04  0.04  0.04  0.04  0.04  0.04  0.04
11  20  0.03  0.09  0.16  0.31  0.61  0.91  1.49  2.81  3.94  4.73  6.35  8.03  8.62  8.69  7.59  6.76  4.09  1.51  0.56  0.40  0.14  0.05  0.04  0.04  0.04  0.04  0.04  0.04
11  25  0.03  0.09  0.16  0.31  0.62  0.92  1.51  2.91  4.12  4.97  6.48  7.88  8.27  8.24  7.37  6.67  4.17  1.61  0.64  0.47  0.18  0.06  0.04  0.04  0.04  0.04  0.04  0.04
11  30  0.03  0.10  0.16  0.33  0.65  0.96  1.56  2.96  4.28  5.20  6.67  7.76  7.92  7.78  7.11  6.59  4.24  1.71  0.72  0.53  0.22  0.08  0.06  0.05  0.05  0.05  0.04  0.04
11  35  0.03  0.10  0.17  0.35  0.68  1.01  1.64  3.09  4.46  5.45  6.74  7.50  7.51  7.24  6.70  6.32  4.40  2.02  0.97  0.73  0.34  0.14  0.08  0.06  0.05  0.05  0.05  0.05
11  40  0.04  0.11  0.18  0.36  0.72  1.06  1.72  3.23  4.69  5.74  6.83  7.24  7.10  6.75  6.33  6.03  4.54  2.30  1.20  0.92  0.46  0.18  0.11  0.08  0.06  0.05  0.05  0.05
11  45  0.04  0.12  0.19  0.38  0.76  1.12  1.81  3.38  4.88  5.94  6.83  7.04  6.81  6.41  6.15  5.94  4.57  2.43  1.37  1.07  0.58  0.24  0.14  0.10  0.07  0.05  0.05  0.05
11  50  0.04  0.12  0.20  0.40  0.80  1.18  1.90  3.52  4.99  6.11  6.76  6.74  6.45  6.06  5.92  5.81  4.60  2.56  1.54  1.23  0.72  0.30  0.17  0.11  0.08  0.06  0.05  0.05
11  55  0.04  0.12  0.21  0.41  0.80  1.19  1.93  3.60  4.92  5.96  6.48  6.46  6.19  5.81  5.66  5.54  4.44  2.59  1.61  1.32  0.84  0.35  0.19  0.13  0.09  0.06  0.05  0.05
11  60  0.04  0.12  0.21  0.41  0.82  1.21  1.98  3.73  4.93  5.88  6.22  6.15  5.89  5.50  5.39  5.31  4.31  2.65  1.71  1.43  0.96  0.41  0.22  0.15  0.09  0.06  0.05  0.05
11  65  0.04  0.12  0.20  0.40  0.79  1.17  1.91  3.58  4.66  5.54  5.94  5.97  5.75  5.37  5.14  4.98  4.20  2.74  1.89  1.60  1.14  0.50  0.27  0.18  0.10  0.06  0.05  0.05
11  70  0.04  0.12  0.20  0.39  0.77  1.14  1.85  3.41  4.40  5.20  5.66  5.79  5.60  5.23  4.88  4.64  4.09  2.83  2.07  1.78  1.32  0.59  0.31  0.20  0.10  0.06  0.05  0.05
11  75  0.04  0.12  0.20  0.39  0.76  1.12  1.80  3.25  4.11  4.81  5.19  5.10  4.79  4.36  4.04  3.84  3.53  2.75  2.00  1.72  1.25  0.56  0.29  0.19  0.10  0.06  0.05  0.05
11  80  0.04  0.12  0.19  0.38  0.75  1.10  1.75  3.09  3.81  4.41  4.71  4.41  3.96  3.49  3.21  3.02  2.96  2.67  1.93  1.65  1.19  0.52  0.26  0.17  0.10  0.06  0.05  0.05
11  85  0.04  0.12  0.19  0.38  0.75  1.09  1.74  3.08  3.79  4.38  4.67  4.38  3.93  3.48  3.20  3.01  2.95  2.66  1.93  1.65  1.19  0.52  0.26  0.17  0.11  0.06  0.05  0.04
11  90  0.04  0.12  0.19  0.38  0.75  1.09  1.74  3.06  3.77  4.35  4.63  4.34  3.90  3.46  3.18  3.00  2.94  2.66  1.93  1.65  1.19  0.52  0.26  0.17  0.11  0.06  0.05  0.04
12 -90  0.02  0.07  0.11  0.22  0.43  0.64  1.03  1.89  2.71  3.27  4.52  5.70  5.89  5.54  5.36  5.20  4.53  3.04  1.69  1.33  0.74  0.37  0.29  0.18  0.09  0.04  0.03  0.02
12 -85  0.02  0.07  0.11  0.22  0.43  0.63  1.02  1.88  2.70  3.27  4.53  5.71  5.90  5.54  5.35  5.20  4.53  3.04  1.68  1.32  0.74  0.37  0.29  0.19  0.09  0.04  0.03  0.02
12 -80  0.02  0.07  0.11  0.22  0.43  0.63  1.02  1.87  2.69  3.27  4.54  5.72  5.90  5.53  5.35  5.19  4.53  3.05  1.68  1.32  0.74  0.37  0.29  0.19  0.09  0.04  0.03  0.02
12 -75  0.02  0.07  0.11  0.22  0.44  0.65  1.05  1.93  2.75  3.35  4.58  5.81  6.07  5.71  5.52  5.37  4.66  3.06  1.68  1.32  0.74  0.37  0.29  0.18  0.06  0.04  0.03  0.02
12 -70  0.02  0.07  0.12  0.23  0.45  0.67  1.08  1.99  2.81  3.42  4.62  5.91  6.23  5.89  5.70  5.55  4.79  3.09  1.69  1.33  0.75  0.37  0.29  0.18  0.07  0.04  0.03  0.03
12 -65  0.02  0.07  0.12  0.24  0.47  0.70  1.12  2.06  2.91  3.55  4.78  6.19  6.61  6.31  6.05  5.86  4.88  3.07  1.69  1.31  0.73  0.35  0.26  0.16  0.07  0.04  0.03  0.03
12 -60  0.03  0.08  0.13  0.25  0.49  0.72  1.17  2.14  3.01  3.67  4.94  6.47  6.99  6.73  6.41  6.17  4.97  3.04  1.68  1.30  0.71  0.33  0.24  0.15  0.07  0.04  0.03  0.03
12 -55  0.03  0.08  0.13  0.26  0.51  0.76  1.22  2.23  3.12  3.79  5.11  6.79  7.42  7.25  6.72  6.33  4.88  2.89  1.57  1.21  0.64  0.30  0.21  0.13  0.07  0.04  0.03  0.03
12 -50  0.03  0.08  0.13  0.26  0.52  0.77  1.24  2.29  3.20  3.87  5.26  7.12  7.87  7.74  7.01  6.48  4.77  2.71  1.43  1.09  0.56  0.27  0.18  0.10  0.07  0.05  0.04  0.03
12 -45  0.03  0.08  0.13  0.26  0.52  0.78  1.27  2.41  3.35  4.04  5.45  7.35  8.18  8.12  7.08  6.30  4.56  2.53  1.33  1.02  0.52  0.26  0.16  0.08  0.06  0.05  0.04  0.03
12 -40  0.03  0.08  0.13  0.26  0.52  0.78  1.29  2.51  3.47  4.16  5.62  7.62  8.52  8.56  7.13  6.10  4.37  2.37  1.23  0.94  0.48  0.24  0.12  0.07  0.06  0.05  0.04  0.04
12 -35  0.03  0.08  0.14  0.27  0.54  0.80  1.32  2.56  3.62  4.36  5.87  7.87  8.76  8.75  7.50  6.57  4.36  2.08  0.96  0.73  0.36  0.18  0.10  0.07  0.05  0.05  0.04  0.04
12 -30  0.03  0.08  0.14  0.27  0.55  0.81  1.35  2.63  3.71  4.50  6.07  8.08  8.96  9.01  7.89  7.05  4.36  1.78  0.70  0.52  0.23  0.12  0.08  0.06  0.05  0.05  0.05  0.04
12 -25  0.03  0.09  0.14  0.28  0.56  0.84  1.38  2.68  3.80  4.61  6.25  8.25  9.12  9.17  7.92  6.99  4.28  1.68  0.60  0.45  0.18  0.08  0.06  0.05  0.05  0.05  0.05  0.04
12 -20  0.03  0.08  0.14  0.28  0.56  0.84  1.40  2.77  3.93  4.78  6.49  8.39  9.19  9.30  7.91  6.92  4.19  1.56  0.51  0.37  0.13  0.06  0.04  0.04  0.04  0.05  0.05  0.04
12 -15  0.03  0.08  0.14  0.28  0.56  0.85  1.41  2.84  4.03  4.89  6.64  8.50  9.26  9.38  8.05  7.08  4.10  1.45  0.47  0.35  0.13  0.05  0.04  0.04  0.04  0.04  0.04  0.04
12 -10  0.03  0.08  0.14  0.28  0.56  0.84  1.42  2.90  4.15  5.01  6.72  8.66  9.44  9.54  8.20  7.24  4.02  1.34  0.43  0.32  0.13  0.04  0.03  0.03  0.03  0.04  0.04  0.03
12  -5  0.03  0.08  0.14  0.28  0.56  0.85  1.43  2.94  4.18  5.04  6.61  8.59  9.38  9.47  8.00  7.00  3.86  1.29  0.41  0.31  0.13  0.04  0.03  0.03  0.03  0.04  0.03  0.03
12   0  0.03  0.09  0.15  0.30  0.59  0.89  1.47  2.92  4.20  5.08  6.63  8.49  9.28  9.38  7.80  6.73  3.70  1.24  0.40  0.31  0.14  0.04  0.03  0.03  0.03  0.03  0.03  0.03
12   5  0.03  0.09  0.15  0.30  0.60  0.89  1.47  2.89  4.11  4.99  6.51  8.29  9.08  9.16  7.76  6.85  3.92  1.34  0.45  0.34  0.13  0.04  0.03  0.03  0.03  0.04  0.04  0.03
12  10  0.03  0.09  0.15  0.30  0.60  0.89  1.47  2.86  4.07  4.92  6.48  8.18  8.90  8.99  7.76  6.97  4.15  1.44  0.50  0.37  0.12  0.04  0.04  0.03  0.04  0.04  0.04  0.04
12  15  0.03  0.09  0.15  0.30  0.60  0.90  1.48  2.86  4.05  4.90  6.49  8.07  8.63  8.63  7.50  6.70  4.07  1.52  0.52  0.38  0.13  0.04  0.04  0.04  0.04  0.04  0.04  0.04
12  20  0.03  0.09  0.16  0.31  0.62  0.92  1.49  2.84  4.02  4.84  6.43  7.92  8.35  8.27  7.24  6.45  3.97  1.59  0.55  0.39  0.13  0.05  0.04  0.04  0.04  0.04  0.04  0.04
12  25  0.03  0.09  0.15  0.31  0.61  0.91  1.50  2.90  4.10  4.96  6.43  7.68  7.95  7.83  7.10  6.49  4.16  1.73  0.68  0.49  0.19  0.06  0.05  0.04  0.04  0.04  0.04  0.04
12  30  0.03  0.10  0.16  0.32  0.64  0.95  1.54  2.92  4.17  5.05  6.46  7.47  7.55  7.35  6.90  6.53  4.35  1.89  0.82  0.61  0.26  0.09  0.06  0.05  0.05  0.05  0.05  0.04
12  35  0.03  0.10  0.17  0.34  0.67  1.00  1.62  3.04  4.31  5.23  6.45  7.18  7.17  6.88  6.63  6.45  4.64  2.23  1.09  0.84  0.43  0.19  0.09  0.07  0.06  0.05  0.05  0.05
12  40  0.04  0.11  0.18  0.36  0.71  1.05  1.71  3.18  4.50  5.44  6.45  6.90  6.79  6.48  6.41  6.35  4.91  2.54  1.35  1.07  0.60  0.27  0.14  0.09  0.07  0.05  0.05  0.05
12  45  0.04  0.11  0.19  0.38  0.75  1.10  1.79  3.34  4.65  5.58  6.37  6.68  6.55  6.24  6.18  6.13  4.83  2.76  1.56  1.24  0.73  0.32  0.17  0.11  0.08  0.06  0.05  0.05
12  50  0.04  0.12  0.20  0.40  0.79  1.16  1.88  3.48  4.72  5.67  6.25  6.39  6.26  6.03  5.94  5.88  4.75  2.98  1.76  1.42  0.87  0.38  0.21  0.13  0.09  0.06  0.05  0.05
12  55  0.04  0.12  0.20  0.40  0.79  1.16  1.88  3.47  4.55  5.43  5.97  6.21  6.12  5.90  5.70  5.57  4.53  2.97  1.87  1.54  1.01  0.46  0.24  0.15  0.09  0.06  0.05  0.05
12  60  0.04  0.12  0.20  0.40  0.79  1.16  1.89  3.52  4.45  5.24  5.72  6.01  5.96  5.72  5.47  5.30  4.34  2.98  2.00  1.68  1.15  0.54  0.28  0.17  0.09  0.06  0.05  0.05
12  65  0.04  0.12  0.21  0.41  0.80  1.18  1.89  3.41  4.38  5.15  5.67  5.95  5.84  5.54  5.21  4.98  4.21  2.94  2.04  1.73  1.22  0.57  0.28  0.17  0.10  0.06  0.05  0.05
12  70  0.04  0.13  0.21  0.42  0.81  1.19  1.89  3.31  4.30  5.07  5.62  5.87  5.72  5.36  4.95  4.67  4.08  2.89  2.09  1.78  1.28  0.60  0.27  0.17  0.10  0.06  0.05  0.05
12  75  0.04  0.12  0.20  0.40  0.78  1.13  1.78  2.99  4.02  4.80  5.38  5.48  5.22  4.81  4.45  4.21  3.85  2.91  2.11  1.80  1.29  0.60  0.30  0.18  0.11  0.06  0.05  0.05
12  80  0.04  0.12  0.19  0.38  0.74  1.07  1.65  2.68  3.74  4.54  5.14  5.07  4.73  4.27  3.96  3.75  3.61  2.93  2.12  1.81  1.30  0.60  0.32  0.20  0.11  0.06  0.05  0.05
12  85  0.04  0.12  0.19  0.38  0.74  1.07  1.65  2.67  3.72  4.51  5.11  5.04  4.70  4.26  3.95  3.74  3.60  2.92  2.12  1.81  1.30  0.60  0.32  0.20  0.11  0.06  0.05  0.05
12  90  0.04  0.12  0.19  0.38  0.74  1.06  1.65  2.66  3.70  4.48  5.07  5.01  4.67  4.25  3.93  3.72  3.59  2.92  2.12  1.81  1.30  0.60  0.32  0.20  0.11  0.06  0.05  0.04
