     0.010
     0.030
     0.050
     0.100
     0.200
     0.300
     0.500
     1.000
     1.500
     2.000
     3.000
     5.000
     7.000
    10.000
    15.000
    20.000
    30.000
    50.000
    70.000
    80.000
   100.000
   150.000
   200.000
   250.000
   300.000
   400.000
   500.000
   600.000
 1 -90  0.02  0.07  0.11  0.22  0.44  0.65  1.05  1.94  2.76  3.35  4.66  5.64  5.60  5.01  4.32  3.83  3.57  2.85  1.97  1.60  0.99  0.41  0.29  0.18  0.09  0.05  0.03  0.02
 1 -85  0.02  0.07  0.11  0.22  0.44  0.64  1.04  1.93  2.75  3.35  4.67  5.65  5.61  5.01  4.31  3.82  3.57  2.85  1.96  1.59  0.99  0.41  0.29  0.18  0.09  0.05  0.03  0.02
 1 -80  0.02  0.07  0.11  0.22  0.44  0.64  1.04  1.92  2.74  3.35  4.68  5.66  5.62  5.00  4.31  3.82  3.57  2.85  1.96  1.59  0.99  0.41  0.29  0.18  0.09  0.05  0.03  0.02
 1 -75  0.02  0.07  0.11  0.23  0.45  0.66  1.07  1.98  2.81  3.43  4.71  5.80  5.86  5.28  4.64  4.19  3.86  2.92  1.94  1.57  0.97  0.41  0.28  0.18  0.09  0.04  0.03  0.02
 1 -70  0.02  0.07  0.12  0.23  0.46  0.68  1.10  2.04  2.87  3.50  4.73  5.93  6.10  5.56  4.98  4.57  4.15  3.00  1.93  1.55  0.95  0.41  0.28  0.18  0.08  0.04  0.03  0.03
 1 -65  0.02  0.07  0.12  0.24  0.48  0.71  1.14  2.12  2.97  3.63  4.90  6.26  6.58  6.12  5.59  5.21  4.35  2.97  1.84  1.47  0.89  0.38  0.26  0.17  0.08  0.04  0.03  0.03
 1 -60  0.03  0.08  0.13  0.25  0.50  0.73  1.19  2.19  3.06  3.75  5.07  6.59  7.05  6.68  6.19  5.86  4.55  2.93  1.74  1.38  0.82  0.35  0.25  0.16  0.09  0.05  0.03  0.03
 1 -55  0.03  0.08  0.13  0.27  0.52  0.77  1.25  2.30  3.20  3.89  5.24  6.90  7.49  7.26  6.60  6.13  4.40  2.68  1.48  1.16  0.65  0.27  0.19  0.13  0.08  0.05  0.04  0.03
 1 -50  0.03  0.08  0.14  0.27  0.54  0.79  1.28  2.36  3.28  3.98  5.39  7.22  7.95  7.79  6.97  6.40  4.24  2.40  1.19  0.91  0.48  0.20  0.14  0.11  0.07  0.05  0.04  0.03
 1 -45  0.03  0.08  0.14  0.27  0.54  0.80  1.31  2.49  3.45  4.17  5.62  7.48  8.28  8.22  7.23  6.52  4.26  2.35  1.13  0.87  0.46  0.19  0.13  0.08  0.06  0.05  0.04  0.03
 1 -40  0.03  0.08  0.14  0.27  0.54  0.81  1.33  2.59  3.60  4.34  5.83  7.78  8.63  8.65  7.45  6.60  4.29  2.32  1.07  0.82  0.43  0.17  0.11  0.07  0.05  0.04  0.04  0.03
 1 -35  0.03  0.08  0.14  0.28  0.55  0.83  1.36  2.66  3.73  4.51  6.07  8.05  8.88  8.87  7.66  6.79  4.30  2.05  0.86  0.66  0.32  0.14  0.08  0.06  0.05  0.05  0.04  0.04
 1 -30  0.03  0.08  0.14  0.28  0.56  0.84  1.39  2.73  3.84  4.67  6.30  8.31  9.13  9.10  7.87  6.98  4.31  1.77  0.66  0.49  0.22  0.10  0.06  0.05  0.05  0.05  0.04  0.04
 1 -25  0.03  0.09  0.14  0.29  0.57  0.85  1.41  2.77  3.93  4.79  6.53  8.52  9.34  9.31  7.94  6.94  4.28  1.62  0.57  0.43  0.18  0.07  0.05  0.04  0.04  0.04  0.04  0.04
 1 -20  0.03  0.08  0.14  0.28  0.56  0.84  1.40  2.82  4.04  4.95  6.78  8.72  9.50  9.50  7.98  6.91  4.23  1.48  0.48  0.36  0.15  0.05  0.04  0.04  0.04  0.04  0.04  0.04
 1 -15  0.03  0.08  0.14  0.28  0.56  0.84  1.41  2.86  4.13  5.05  6.93  8.89  9.65  9.64  8.12  7.03  4.10  1.41  0.43  0.33  0.14  0.04  0.03  0.03  0.03  0.04  0.04  0.03
 1 -10  0.03  0.08  0.14  0.28  0.55  0.83  1.40  2.87  4.21  5.14  7.01  9.08  9.82  9.77  8.24  7.15  3.99  1.35  0.38  0.29  0.09  0.04  0.03  0.03  0.03  0.03  0.03  0.03
 1  -5  0.03  0.08  0.14  0.28  0.56  0.84  1.41  2.90  4.25  5.19  6.97  9.06  9.76  9.65  8.12  7.06  3.87  1.30  0.37  0.28  0.07  0.04  0.03  0.03  0.03  0.03  0.03  0.03
 1   0  0.03  0.09  0.15  0.30  0.59  0.89  1.47  2.91  4.27  5.23  6.98  8.96  9.64  9.49  7.98  6.95  3.75  1.26  0.35  0.27  0.06  0.03  0.03  0.03  0.03  0.03  0.03  0.03
 1   5  0.03  0.09  0.15  0.30  0.59  0.89  1.47  2.90  4.23  5.20  6.92  8.76  9.38  9.24  7.84  6.88  3.90  1.37  0.41  0.31  0.06  0.04  0.03  0.03  0.03  0.04  0.04  0.03
 1  10  0.03  0.09  0.15  0.30  0.59  0.89  1.47  2.88  4.22  5.17  6.88  8.58  9.13  9.02  7.71  6.81  4.06  1.49  0.47  0.34  0.07  0.04  0.03  0.03  0.03  0.04  0.04  0.04
 1  15  0.03  0.09  0.15  0.30  0.60  0.90  1.48  2.90  4.20  5.15  6.83  8.38  8.84  8.70  7.43  6.54  4.02  1.54  0.48  0.35  0.07  0.04  0.04  0.04  0.04  0.04  0.04  0.04
 1  20  0.03  0.09  0.16  0.31  0.62  0.92  1.51  2.91  4.20  5.11  6.75  8.16  8.52  8.35  7.15  6.28  3.98  1.59  0.49  0.35  0.13  0.05  0.04  0.04  0.04  0.04  0.04  0.04
 1  25  0.03  0.09  0.16  0.31  0.62  0.92  1.52  2.97  4.26  5.19  6.69  7.89  8.10  7.88  7.00  6.34  4.27  1.85  0.67  0.50  0.22  0.06  0.05  0.05  0.04  0.04  0.04  0.04
 1  30  0.03  0.10  0.16  0.33  0.65  0.97  1.58  3.02  4.32  5.26  6.65  7.61  7.68  7.39  6.83  6.41  4.57  2.12  0.86  0.65  0.31  0.10  0.07  0.06  0.05  0.05  0.05  0.04
 1  35  0.03  0.10  0.17  0.34  0.68  1.01  1.65  3.13  4.42  5.37  6.61  7.34  7.32  7.01  6.58  6.28  4.88  2.52  1.22  0.94  0.49  0.23  0.15  0.08  0.06  0.05  0.05  0.05
 1  40  0.04  0.11  0.18  0.36  0.71  1.06  1.73  3.25  4.57  5.51  6.56  7.07  6.97  6.64  6.35  6.15  5.19  2.91  1.57  1.23  0.67  0.34  0.20  0.11  0.08  0.05  0.05  0.05
 1  45  0.04  0.11  0.19  0.37  0.73  1.09  1.78  3.36  4.66  5.58  6.46  6.84  6.72  6.40  6.26  6.15  5.25  3.14  1.81  1.44  0.86  0.44  0.25  0.16  0.09  0.06  0.05  0.05
 1  50  0.04  0.11  0.19  0.38  0.75  1.11  1.82  3.46  4.71  5.61  6.33  6.57  6.43  6.14  6.13  6.13  5.33  3.37  2.03  1.65  1.05  0.54  0.29  0.18  0.10  0.06  0.05  0.05
 1  55  0.04  0.12  0.19  0.38  0.76  1.12  1.83  3.46  4.57  5.39  6.05  6.34  6.24  5.99  5.83  5.72  5.01  3.35  2.17  1.80  1.21  0.61  0.35  0.20  0.10  0.06  0.05  0.05
 1  60  0.04  0.12  0.19  0.39  0.76  1.14  1.85  3.51  4.52  5.26  5.84  6.13  6.06  5.81  5.54  5.35  4.72  3.35  2.34  1.97  1.37  0.67  0.40  0.23  0.11  0.06  0.05  0.05
 1  65  0.04  0.11  0.19  0.38  0.75  1.11  1.82  3.42  4.41  5.15  5.81  6.21  6.18  5.94  5.57  5.32  4.54  3.32  2.31  1.95  1.36  0.67  0.38  0.22  0.11  0.06  0.05  0.05
 1  70  0.04  0.11  0.19  0.37  0.74  1.09  1.78  3.33  4.30  5.03  5.77  6.28  6.31  6.07  5.60  5.29  4.35  3.29  2.29  1.93  1.36  0.67  0.36  0.22  0.11  0.06  0.05  0.05
 1  75  0.04  0.11  0.18  0.36  0.70  1.04  1.68  3.10  4.01  4.68  5.43  5.87  5.82  5.50  5.04  4.72  4.08  3.20  2.38  2.06  1.54  0.71  0.38  0.23  0.11  0.06  0.05  0.05
 1  80  0.04  0.10  0.17  0.34  0.68  1.00  1.60  2.87  3.71  4.33  5.09  5.46  5.34  4.93  4.47  4.15  3.80  3.11  2.47  2.19  1.73  0.75  0.39  0.24  0.12  0.06  0.05  0.05
 1  85  0.04  0.10  0.17  0.34  0.68  0.99  1.59  2.86  3.68  4.30  5.05  5.42  5.31  4.92  4.46  4.14  3.79  3.11  2.47  2.19  1.73  0.75  0.39  0.24  0.12  0.06  0.05  0.04
 1  90  0.04  0.10  0.17  0.34  0.68  0.99  1.59  2.85  3.66  4.26  5.00  5.38  5.27  4.90  4.44  4.12  3.78  3.10  2.47  2.19  1.73  0.75  0.39  0.24  0.12  0.06  0.05  0.04
 2 -90  0.03  0.08  0.14  0.27  0.53  0.79  1.28  2.36  3.30  3.96  4.98  5.27  4.92  4.30  3.97  3.74  3.36  2.70  1.93  1.59  1.02  0.41  0.27  0.18  0.11  0.05  0.03  0.02
 2 -85  0.03  0.08  0.14  0.27  0.53  0.79  1.27  2.36  3.29  3.96  5.00  5.28  4.93  4.29  3.96  3.74  3.36  2.70  1.93  1.59  1.02  0.41  0.27  0.19  0.11  0.05  0.03  0.02
 2 -80  0.03  0.08  0.14  0.27  0.53  0.79  1.27  2.35  3.28  3.97  5.01  5.29  4.94  4.29  3.96  3.73  3.36  2.70  1.93  1.58  1.02  0.41  0.27  0.19  0.11  0.05  0.03  0.02
 2 -75  0.03  0.08  0.14  0.27  0.53  0.78  1.26  2.32  3.27  3.97  5.11  5.65  5.42  4.77  4.35  4.07  3.56  2.72  1.93  1.57  1.00  0.40  0.27  0.18  0.10  0.05  0.03  0.02
 2 -70  0.03  0.08  0.13  0.27  0.52  0.78  1.25  2.30  3.25  3.98  5.20  6.00  5.90  5.25  4.74  4.40  3.75  2.73  1.94  1.57  0.98  0.38  0.27  0.18  0.10  0.05  0.03  0.03
 2 -65  0.03  0.08  0.14  0.27  0.54  0.79  1.28  2.35  3.32  4.06  5.37  6.41  6.46  5.86  5.26  4.84  4.01  2.71  1.84  1.48  0.91  0.36  0.26  0.17  0.09  0.05  0.03  0.03
 2 -60  0.03  0.08  0.14  0.28  0.55  0.81  1.30  2.40  3.38  4.14  5.53  6.81  7.02  6.47  5.77  5.28  4.27  2.69  1.74  1.39  0.85  0.34  0.24  0.16  0.09  0.05  0.03  0.03
 2 -55  0.03  0.09  0.15  0.29  0.57  0.84  1.36  2.48  3.48  4.24  5.64  7.09  7.46  7.05  6.30  5.77  4.24  2.50  1.44  1.14  0.65  0.27  0.19  0.13  0.08  0.05  0.04  0.03
 2 -50  0.03  0.09  0.15  0.30  0.58  0.86  1.38  2.53  3.53  4.28  5.73  7.37  7.90  7.58  6.80  6.25  4.20  2.30  1.12  0.86  0.46  0.19  0.13  0.10  0.07  0.05  0.04  0.03
 2 -45  0.03  0.09  0.15  0.29  0.58  0.86  1.41  2.65  3.69  4.45  5.92  7.61  8.22  8.03  7.10  6.43  4.24  2.19  1.07  0.81  0.41  0.18  0.12  0.07  0.06  0.04  0.04  0.03
 2 -40  0.03  0.09  0.15  0.29  0.58  0.87  1.43  2.73  3.81  4.60  6.10  7.87  8.56  8.48  7.37  6.58  4.29  2.11  1.02  0.77  0.37  0.16  0.09  0.06  0.05  0.04  0.04  0.03
 2 -35  0.03  0.09  0.15  0.30  0.59  0.87  1.44  2.77  3.90  4.73  6.28  8.10  8.82  8.74  7.56  6.70  4.25  1.89  0.84  0.63  0.29  0.13  0.07  0.05  0.05  0.04  0.04  0.04
 2 -30  0.03  0.09  0.15  0.30  0.59  0.88  1.45  2.82  3.97  4.83  6.45  8.33  9.07  9.02  7.75  6.83  4.21  1.68  0.65  0.49  0.21  0.09  0.06  0.05  0.04  0.04  0.04  0.04
 2 -25  0.03  0.09  0.15  0.29  0.58  0.87  1.44  2.81  3.98  4.85  6.56  8.51  9.33  9.31  7.89  6.86  4.16  1.56  0.55  0.41  0.17  0.06  0.04  0.04  0.04  0.04  0.04  0.04
 2 -20  0.03  0.08  0.14  0.28  0.56  0.84  1.41  2.81  4.01  4.89  6.69  8.69  9.54  9.60  8.02  6.90  4.11  1.46  0.45  0.34  0.14  0.05  0.04  0.03  0.04  0.04  0.04  0.03
 2 -15  0.03  0.08  0.14  0.28  0.56  0.84  1.40  2.80  4.01  4.89  6.74  8.84  9.75  9.81  8.19  7.02  4.04  1.37  0.42  0.32  0.13  0.04  0.03  0.03  0.03  0.04  0.03  0.03
 2 -10  0.03  0.08  0.14  0.27  0.54  0.82  1.37  2.77  4.00  4.86  6.70  9.03  9.98 10.01  8.34  7.15  3.98  1.28  0.39  0.30  0.09  0.04  0.03  0.03  0.03  0.03  0.03  0.03
 2  -5  0.03  0.08  0.14  0.27  0.54  0.82  1.37  2.78  4.01  4.87  6.64  9.05  9.99  9.95  8.09  6.79  3.85  1.26  0.39  0.30  0.07  0.03  0.03  0.03  0.03  0.03  0.03  0.03
 2   0  0.03  0.09  0.15  0.29  0.58  0.87  1.43  2.77  3.99  4.85  6.61  8.98  9.93  9.83  7.82  6.42  3.72  1.26  0.39  0.30  0.06  0.03  0.03  0.03  0.03  0.03  0.03  0.03
 2   5  0.03  0.09  0.15  0.29  0.58  0.86  1.42  2.77  4.00  4.88  6.63  8.85  9.71  9.61  7.85  6.63  3.85  1.38  0.46  0.34  0.06  0.03  0.03  0.03  0.03  0.04  0.04  0.03
 2  10  0.03  0.09  0.14  0.29  0.57  0.86  1.42  2.78  4.03  4.92  6.68  8.74  9.52  9.43  7.90  6.84  3.99  1.49  0.52  0.38  0.06  0.04  0.03  0.03  0.03  0.04  0.04  0.04
 2  15  0.03  0.09  0.15  0.29  0.58  0.87  1.43  2.81  4.04  4.93  6.67  8.57  9.25  9.15  7.78  6.80  4.11  1.59  0.55  0.40  0.07  0.04  0.04  0.04  0.04  0.04  0.04  0.04
 2  20  0.03  0.09  0.15  0.30  0.60  0.89  1.47  2.83  4.06  4.93  6.64  8.36  8.94  8.83  7.64  6.77  4.21  1.69  0.58  0.42  0.09  0.05  0.04  0.04  0.04  0.04  0.05  0.04
 2  25  0.03  0.09  0.15  0.30  0.61  0.90  1.49  2.90  4.15  5.05  6.66  8.13  8.52  8.35  7.34  6.59  4.43  1.90  0.74  0.54  0.21  0.07  0.05  0.05  0.05  0.05  0.05  0.04
 2  30  0.03  0.10  0.16  0.32  0.64  0.95  1.55  2.96  4.24  5.15  6.68  7.89  8.09  7.84  7.03  6.42  4.65  2.11  0.89  0.66  0.28  0.16  0.08  0.07  0.06  0.05  0.05  0.05
 2  35  0.03  0.10  0.17  0.34  0.67  0.99  1.61  3.05  4.36  5.33  6.73  7.65  7.71  7.40  6.77  6.31  4.89  2.60  1.26  0.96  0.48  0.29  0.20  0.10  0.07  0.05  0.05  0.05
 2  40  0.04  0.11  0.18  0.35  0.70  1.04  1.68  3.15  4.54  5.53  6.78  7.42  7.33  6.97  6.52  6.21  5.13  3.09  1.62  1.26  0.67  0.42  0.28  0.14  0.09  0.06  0.05  0.05
 2  45  0.04  0.11  0.18  0.36  0.72  1.07  1.74  3.29  4.69  5.69  6.75  7.21  7.07  6.69  6.37  6.13  5.22  3.32  1.90  1.52  0.90  0.51  0.32  0.19  0.10  0.06  0.05  0.05
 2  50  0.04  0.11  0.19  0.37  0.73  1.09  1.79  3.42  4.81  5.81  6.70  6.97  6.79  6.41  6.19  6.04  5.33  3.55  2.18  1.78  1.13  0.61  0.36  0.22  0.11  0.06  0.05  0.05
 2  55  0.04  0.12  0.19  0.38  0.76  1.13  1.84  3.50  4.81  5.76  6.52  6.75  6.57  6.23  5.99  5.82  5.26  3.60  2.30  1.91  1.27  0.66  0.40  0.24  0.12  0.07  0.05  0.05
 2  60  0.04  0.12  0.20  0.40  0.79  1.17  1.91  3.63  4.90  5.82  6.42  6.55  6.36  6.03  5.79  5.63  5.21  3.67  2.45  2.05  1.41  0.71  0.44  0.26  0.12  0.07  0.05  0.05
 2  65  0.04  0.12  0.20  0.40  0.79  1.17  1.90  3.59  4.74  5.57  6.16  6.41  6.31  6.04  5.72  5.51  5.01  3.53  2.50  2.12  1.50  0.75  0.43  0.26  0.12  0.06  0.05  0.05
 2  70  0.04  0.12  0.20  0.40  0.78  1.16  1.89  3.55  4.57  5.32  5.90  6.26  6.25  6.05  5.65  5.38  4.80  3.38  2.55  2.18  1.60  0.80  0.42  0.26  0.12  0.06  0.05  0.05
 2  75  0.04  0.12  0.20  0.39  0.78  1.15  1.87  3.49  4.32  4.94  5.74  6.39  6.50  6.31  5.81  5.46  4.78  3.31  2.58  2.22  1.63  0.84  0.44  0.26  0.13  0.07  0.05  0.05
 2  80  0.04  0.12  0.20  0.39  0.77  1.14  1.85  3.42  4.06  4.55  5.58  6.51  6.75  6.57  5.97  5.54  4.75  3.24  2.62  2.26  1.67  0.87  0.46  0.26  0.13  0.06  0.05  0.05
 2  85  0.04  0.12  0.20  0.39  0.77  1.14  1.84  3.41  4.04  4.52  5.53  6.47  6.72  6.56  5.95  5.52  4.74  3.24  2.62  2.26  1.67  0.87  0.46  0.26  0.13  0.06  0.05  0.05
 2  90  0.04  0.12  0.20  0.39  0.77  1.14  1.84  3.40  4.01  4.48  5.48  6.43  6.68  6.54  5.93  5.51  4.73  3.23  2.61  2.26  1.67  0.87  0.46  0.26  0.13  0.06  0.05  0.05
 3 -90  0.04  0.12  0.20  0.39  0.77  1.13  1.82  3.29  4.17  4.81  4.97  4.82  4.53  4.10  3.64  3.33  3.32  2.64  1.99  1.65  1.08  0.43  0.25  0.16  0.09  0.04  0.03  0.02
 3 -85  0.04  0.12  0.20  0.39  0.77  1.13  1.82  3.28  4.16  4.81  4.98  4.83  4.54  4.10  3.64  3.33  3.32  2.64  1.99  1.64  1.08  0.43  0.25  0.16  0.09  0.04  0.03  0.02
 3 -80  0.04  0.12  0.20  0.39  0.77  1.13  1.82  3.27  4.15  4.81  4.99  4.84  4.55  4.09  3.63  3.32  3.32  2.64  1.99  1.64  1.08  0.43  0.25  0.16  0.09  0.04  0.03  0.02
 3 -75  0.04  0.11  0.19  0.37  0.73  1.08  1.73  3.12  4.14  4.91  5.41  5.38  5.04  4.49  3.95  3.58  3.41  2.65  1.96  1.60  1.03  0.42  0.25  0.16  0.08  0.04  0.03  0.03
 3 -70  0.04  0.11  0.18  0.36  0.70  1.03  1.65  2.98  4.14  5.01  5.84  5.92  5.53  4.89  4.27  3.84  3.50  2.66  1.94  1.57  0.99  0.41  0.24  0.16  0.08  0.04  0.03  0.03
 3 -65  0.04  0.11  0.17  0.35  0.68  1.00  1.61  2.91  4.11  5.01  6.04  6.39  6.11  5.45  4.86  4.46  3.71  2.65  1.82  1.47  0.92  0.38  0.23  0.15  0.09  0.05  0.03  0.03
 3 -60  0.03  0.10  0.17  0.34  0.66  0.97  1.57  2.85  4.08  5.02  6.25  6.86  6.68  6.01  5.46  5.08  3.93  2.64  1.69  1.36  0.85  0.36  0.22  0.14  0.09  0.05  0.03  0.03
 3 -55  0.03  0.10  0.17  0.34  0.66  0.98  1.57  2.85  4.07  4.99  6.30  7.17  7.14  6.57  6.00  5.60  4.17  2.53  1.46  1.16  0.69  0.28  0.17  0.12  0.08  0.05  0.04  0.03
 3 -50  0.03  0.10  0.17  0.34  0.66  0.97  1.56  2.81  4.01  4.90  6.32  7.48  7.62  7.08  6.51  6.11  4.41  2.42  1.19  0.93  0.53  0.21  0.13  0.09  0.06  0.04  0.04  0.03
 3 -45  0.03  0.10  0.16  0.33  0.64  0.95  1.54  2.86  4.07  4.96  6.42  7.71  7.98  7.58  6.71  6.09  4.30  2.29  1.09  0.85  0.48  0.18  0.11  0.07  0.05  0.04  0.04  0.03
 3 -40  0.03  0.10  0.16  0.32  0.64  0.94  1.53  2.88  4.11  5.00  6.52  7.97  8.35  8.08  6.89  6.04  4.20  2.19  1.01  0.78  0.42  0.16  0.09  0.06  0.05  0.04  0.04  0.03
 3 -35  0.03  0.10  0.16  0.31  0.62  0.93  1.51  2.88  4.13  5.05  6.62  8.18  8.65  8.45  7.39  6.62  4.28  1.98  0.82  0.62  0.31  0.12  0.07  0.05  0.04  0.04  0.04  0.03
 3 -30  0.03  0.09  0.16  0.31  0.62  0.92  1.50  2.88  4.14  5.07  6.71  8.39  8.95  8.83  7.89  7.21  4.35  1.77  0.63  0.47  0.20  0.09  0.05  0.04  0.04  0.04  0.04  0.03
 3 -25  0.03  0.09  0.15  0.30  0.60  0.90  1.47  2.84  4.07  4.97  6.68  8.49  9.20  9.18  8.07  7.27  4.28  1.54  0.51  0.37  0.15  0.06  0.04  0.04  0.04  0.04  0.04  0.03
 3 -20  0.03  0.09  0.15  0.29  0.58  0.87  1.43  2.81  4.00  4.89  6.65  8.57  9.41  9.52  8.24  7.32  4.19  1.33  0.38  0.28  0.10  0.04  0.03  0.03  0.03  0.04  0.04  0.03
 3 -15  0.03  0.09  0.14  0.29  0.57  0.85  1.41  2.79  3.92  4.75  6.49  8.59  9.60  9.80  8.29  7.21  4.13  1.32  0.38  0.29  0.11  0.04  0.03  0.03  0.03  0.03  0.03  0.03
 3 -10  0.03  0.08  0.14  0.28  0.56  0.84  1.39  2.74  3.82  4.58  6.25  8.64  9.80 10.06  8.33  7.10  4.08  1.31  0.39  0.29  0.12  0.03  0.03  0.03  0.03  0.03  0.03  0.03
 3  -5  0.03  0.08  0.14  0.28  0.55  0.83  1.38  2.74  3.80  4.53  6.12  8.63  9.83 10.07  8.27  7.01  4.03  1.30  0.40  0.30  0.07  0.03  0.03  0.03  0.03  0.03  0.03  0.02
 3   0  0.03  0.09  0.15  0.29  0.58  0.87  1.42  2.71  3.74  4.46  6.01  8.53  9.79 10.02  8.19  6.91  3.99  1.31  0.40  0.30  0.13  0.03  0.03  0.03  0.03  0.03  0.03  0.03
 3   5  0.03  0.09  0.15  0.29  0.58  0.86  1.41  2.73  3.79  4.56  6.15  8.53  9.68  9.85  8.18  7.01  4.06  1.40  0.45  0.34  0.06  0.03  0.03  0.03  0.03  0.04  0.04  0.03
 3  10  0.03  0.09  0.14  0.29  0.57  0.85  1.41  2.75  3.87  4.68  6.32  8.56  9.59  9.73  8.19  7.11  4.15  1.49  0.51  0.37  0.07  0.04  0.03  0.03  0.03  0.04  0.04  0.04
 3  15  0.03  0.09  0.14  0.29  0.58  0.86  1.42  2.80  3.92  4.75  6.41  8.50  9.40  9.49  7.95  6.86  4.17  1.55  0.52  0.38  0.08  0.04  0.04  0.04  0.04  0.04  0.05  0.04
 3  20  0.03  0.09  0.15  0.30  0.60  0.89  1.47  2.84  4.00  4.83  6.50  8.40  9.16  9.20  7.70  6.62  4.19  1.62  0.54  0.39  0.15  0.05  0.04  0.04  0.04  0.05  0.05  0.05
 3  25  0.03  0.09  0.15  0.30  0.61  0.90  1.48  2.87  4.08  4.95  6.58  8.28  8.85  8.80  7.52  6.57  4.38  1.93  0.73  0.55  0.25  0.07  0.06  0.05  0.05  0.05  0.05  0.05
 3  30  0.03  0.10  0.16  0.32  0.62  0.93  1.52  2.91  4.16  5.05  6.68  8.15  8.54  8.38  7.31  6.53  4.57  2.25  0.93  0.71  0.35  0.18  0.10  0.07  0.06  0.05  0.05  0.05
 3  35  0.03  0.10  0.16  0.33  0.64  0.95  1.56  2.94  4.25  5.20  6.81  8.05  8.25  7.97  7.08  6.45  4.65  2.64  1.28  1.01  0.56  0.30  0.22  0.11  0.08  0.06  0.05  0.05
 3  40  0.03  0.10  0.17  0.34  0.67  0.99  1.60  2.98  4.38  5.38  6.96  7.95  7.96  7.56  6.87  6.38  4.74  3.03  1.64  1.31  0.78  0.43  0.29  0.15  0.09  0.06  0.05  0.05
 3  45  0.03  0.10  0.17  0.34  0.67  1.00  1.62  3.06  4.52  5.56  7.01  7.80  7.70  7.23  6.63  6.18  4.95  3.26  1.89  1.53  0.95  0.54  0.35  0.21  0.11  0.07  0.06  0.05
 3  50  0.03  0.10  0.17  0.34  0.67  1.00  1.64  3.13  4.63  5.69  7.06  7.63  7.42  6.90  6.35  5.98  5.16  3.49  2.13  1.75  1.13  0.65  0.41  0.24  0.12  0.07  0.06  0.05
 3  55  0.04  0.11  0.18  0.35  0.70  1.03  1.69  3.20  4.68  5.74  6.96  7.39  7.14  6.63  6.17  5.86  5.15  3.60  2.30  1.90  1.27  0.73  0.46  0.26  0.13  0.07  0.06  0.05
 3  60  0.04  0.11  0.18  0.37  0.72  1.08  1.76  3.33  4.82  5.90  6.93  7.18  6.87  6.35  6.00  5.77  5.17  3.72  2.49  2.07  1.40  0.80  0.51  0.29  0.14  0.07  0.06  0.05
 3  65  0.04  0.11  0.19  0.38  0.75  1.11  1.80  3.41  4.81  5.82  6.70  6.90  6.63  6.17  5.80  5.56  5.00  3.71  2.57  2.17  1.54  0.86  0.54  0.32  0.14  0.07  0.06  0.05
 3  70  0.04  0.12  0.19  0.39  0.77  1.14  1.85  3.48  4.79  5.72  6.45  6.61  6.38  5.98  5.60  5.34  4.83  3.68  2.64  2.28  1.69  0.92  0.58  0.34  0.15  0.07  0.06  0.05
 3  75  0.04  0.12  0.20  0.39  0.77  1.14  1.85  3.46  4.64  5.49  6.18  6.50  6.39  6.08  5.53  5.15  4.69  3.67  2.67  2.31  1.73  0.95  0.57  0.34  0.15  0.07  0.06  0.05
 3  80  0.04  0.12  0.20  0.39  0.77  1.14  1.84  3.44  4.50  5.26  5.91  6.37  6.40  6.18  5.46  4.95  4.56  3.67  2.70  2.35  1.77  0.99  0.56  0.33  0.14  0.07  0.06  0.05
 3  85  0.04  0.12  0.20  0.39  0.77  1.13  1.84  3.43  4.47  5.22  5.86  6.33  6.37  6.16  5.44  4.94  4.55  3.66  2.70  2.35  1.77  0.99  0.56  0.33  0.14  0.07  0.06  0.05
 3  90  0.04  0.12  0.20  0.39  0.77  1.13  1.84  3.42  4.44  5.18  5.81  6.28  6.33  6.14  5.43  4.92  4.54  3.66  2.70  2.35  1.77  0.99  0.56  0.33  0.14  0.07  0.06  0.05
 4 -90  0.05  0.16  0.26  0.51  1.00  1.46  2.30  3.92  4.30  4.60  4.73  4.67  4.42  3.99  3.46  3.11  2.84  2.79  2.06  1.68  1.06  0.42  0.25  0.16  0.08  0.04  0.03  0.02
 4 -85  0.05  0.16  0.26  0.51  1.00  1.46  2.30  3.91  4.29  4.60  4.74  4.68  4.42  3.98  3.45  3.11  2.84  2.79  2.05  1.67  1.06  0.42  0.25  0.16  0.08  0.04  0.03  0.03
 4 -80  0.05  0.16  0.26  0.51  1.00  1.46  2.30  3.90  4.28  4.61  4.76  4.69  4.43  3.97  3.45  3.10  2.84  2.79  2.05  1.67  1.06  0.42  0.25  0.16  0.08  0.04  0.03  0.03
 4 -75  0.05  0.15  0.25  0.50  0.97  1.41  2.23  3.85  4.56  5.13  5.31  5.15  4.84  4.34  3.83  3.50  3.19  2.78  2.01  1.64  1.05  0.40  0.25  0.15  0.08  0.04  0.03  0.03
 4 -70  0.05  0.15  0.24  0.48  0.93  1.37  2.17  3.79  4.84  5.66  5.86  5.61  5.24  4.71  4.22  3.88  3.54  2.77  1.98  1.62  1.05  0.38  0.24  0.15  0.08  0.04  0.03  0.03
 4 -65  0.05  0.14  0.23  0.46  0.90  1.32  2.10  3.71  4.91  5.84  6.22  6.10  5.75  5.19  4.72  4.41  3.81  2.76  1.87  1.52  0.97  0.35  0.21  0.13  0.08  0.04  0.03  0.03
 4 -60  0.04  0.13  0.22  0.44  0.87  1.27  2.04  3.64  4.97  6.01  6.59  6.58  6.25  5.66  5.23  4.93  4.07  2.75  1.75  1.41  0.89  0.33  0.18  0.12  0.08  0.04  0.03  0.03
 4 -55  0.04  0.13  0.21  0.42  0.83  1.22  1.96  3.52  4.89  5.94  6.73  6.95  6.68  6.12  5.80  5.57  4.35  2.63  1.54  1.21  0.71  0.27  0.14  0.10  0.07  0.04  0.03  0.03
 4 -50  0.04  0.12  0.20  0.40  0.79  1.17  1.87  3.35  4.75  5.81  6.84  7.32  7.14  6.54  6.34  6.20  4.62  2.50  1.28  0.99  0.52  0.21  0.10  0.09  0.06  0.04  0.03  0.03
 4 -45  0.04  0.12  0.19  0.38  0.75  1.11  1.79  3.27  4.67  5.70  6.89  7.58  7.50  7.00  6.49  6.13  4.50  2.34  1.20  0.93  0.49  0.20  0.10  0.07  0.05  0.04  0.03  0.03
 4 -40  0.04  0.11  0.18  0.37  0.72  1.07  1.72  3.16  4.57  5.58  6.95  7.87  7.90  7.45  6.62  6.03  4.37  2.21  1.14  0.87  0.46  0.18  0.09  0.06  0.04  0.04  0.03  0.03
 4 -35  0.04  0.11  0.17  0.35  0.69  1.01  1.65  3.07  4.46  5.47  6.95  8.10  8.29  7.94  6.87  6.10  4.25  2.00  0.96  0.74  0.38  0.15  0.07  0.05  0.04  0.04  0.03  0.03
 4 -30  0.03  0.10  0.17  0.33  0.66  0.98  1.59  2.98  4.34  5.34  6.94  8.34  8.68  8.44  7.13  6.18  4.13  1.78  0.79  0.61  0.30  0.09  0.05  0.04  0.04  0.03  0.03  0.03
 4 -25  0.03  0.10  0.16  0.32  0.64  0.95  1.54  2.93  4.21  5.16  6.81  8.40  8.95  8.88  7.52  6.54  4.18  1.59  0.61  0.46  0.21  0.06  0.04  0.03  0.03  0.03  0.03  0.03
 4 -20  0.03  0.09  0.16  0.31  0.61  0.91  1.50  2.87  4.08  4.98  6.68  8.45  9.19  9.30  7.90  6.91  4.22  1.42  0.42  0.31  0.12  0.04  0.03  0.03  0.03  0.03  0.03  0.03
 4 -15  0.03  0.09  0.15  0.30  0.60  0.90  1.48  2.85  3.98  4.81  6.46  8.37  9.30  9.55  8.12  7.10  4.20  1.36  0.40  0.30  0.12  0.03  0.03  0.03  0.03  0.03  0.03  0.03
 4 -10  0.03  0.09  0.15  0.30  0.59  0.88  1.45  2.80  3.87  4.61  6.16  8.33  9.42  9.79  8.33  7.29  4.19  1.30  0.38  0.28  0.12  0.03  0.03  0.03  0.03  0.03  0.03  0.03
 4  -5  0.03  0.09  0.15  0.30  0.59  0.88  1.44  2.80  3.83  4.54  6.00  8.31  9.48  9.84  8.36  7.32  4.21  1.31  0.38  0.28  0.12  0.03  0.03  0.03  0.03  0.03  0.03  0.02
 4   0  0.03  0.09  0.15  0.30  0.60  0.89  1.46  2.78  3.76  4.45  5.86  8.19  9.45  9.83  8.36  7.34  4.22  1.33  0.38  0.28  0.12  0.03  0.03  0.03  0.03  0.03  0.03  0.03
 4   5  0.03  0.09  0.15  0.30  0.59  0.88  1.45  2.79  3.81  4.55  6.04  8.29  9.42  9.69  8.30  7.32  4.30  1.43  0.54  0.39  0.14  0.03  0.03  0.03  0.03  0.03  0.03  0.03
 4  10  0.03  0.09  0.15  0.29  0.58  0.87  1.44  2.79  3.89  4.67  6.24  8.40  9.42  9.61  8.25  7.29  4.39  1.53  0.70  0.50  0.16  0.03  0.03  0.03  0.03  0.04  0.04  0.04
 4  15  0.03  0.09  0.15  0.29  0.59  0.87  1.44  2.83  3.94  4.75  6.37  8.43  9.32  9.43  8.07  7.10  4.35  1.60  0.74  0.52  0.16  0.04  0.03  0.03  0.04  0.04  0.05  0.04
 4  20  0.03  0.09  0.15  0.30  0.60  0.90  1.48  2.85  4.01  4.83  6.51  8.42  9.18  9.21  7.88  6.91  4.30  1.67  0.78  0.55  0.17  0.05  0.04  0.04  0.04  0.05  0.05  0.05
 4  25  0.03  0.09  0.15  0.30  0.60  0.90  1.48  2.85  4.03  4.88  6.54  8.35  9.00  8.96  7.75  6.86  4.43  1.91  0.89  0.65  0.26  0.09  0.06  0.06  0.05  0.05  0.05  0.05
 4  30  0.03  0.09  0.15  0.31  0.61  0.91  1.49  2.85  4.06  4.92  6.58  8.27  8.80  8.70  7.61  6.82  4.56  2.15  1.00  0.76  0.35  0.17  0.10  0.07  0.06  0.06  0.05  0.05
 4  35  0.03  0.09  0.15  0.31  0.61  0.91  1.48  2.81  4.02  4.91  6.59  8.18  8.61  8.40  7.40  6.68  4.54  2.44  1.28  1.01  0.56  0.32  0.16  0.10  0.07  0.06  0.06  0.05
 4  40  0.03  0.09  0.16  0.31  0.62  0.91  1.48  2.78  4.04  4.94  6.62  8.10  8.42  8.12  7.20  6.56  4.53  2.73  1.56  1.26  0.76  0.45  0.30  0.13  0.09  0.06  0.06  0.05
 4  45  0.03  0.09  0.15  0.31  0.61  0.90  1.47  2.78  4.08  5.00  6.64  8.00  8.22  7.81  6.94  6.30  4.58  2.93  1.77  1.43  0.90  0.53  0.35  0.17  0.11  0.07  0.06  0.06
 4  50  0.03  0.09  0.15  0.30  0.60  0.89  1.46  2.78  4.10  5.03  6.67  7.89  7.99  7.50  6.64  6.04  4.64  3.13  1.96  1.60  1.03  0.62  0.41  0.24  0.13  0.07  0.06  0.06
 4  55  0.03  0.09  0.15  0.30  0.60  0.89  1.46  2.78  4.10  5.05  6.63  7.70  7.70  7.17  6.33  5.75  4.75  3.30  2.11  1.74  1.16  0.67  0.46  0.27  0.14  0.08  0.06  0.06
 4  60  0.03  0.09  0.16  0.31  0.61  0.91  1.49  2.83  4.20  5.18  6.69  7.55  7.42  6.82  6.04  5.50  4.89  3.49  2.29  1.90  1.28  0.73  0.51  0.30  0.15  0.08  0.06  0.06
 4  65  0.03  0.09  0.16  0.31  0.62  0.92  1.50  2.86  4.20  5.15  6.50  7.19  7.02  6.43  5.82  5.40  4.82  3.50  2.41  2.01  1.37  0.83  0.59  0.35  0.16  0.08  0.06  0.06
 4  70  0.03  0.10  0.16  0.31  0.62  0.93  1.51  2.88  4.19  5.12  6.31  6.83  6.61  6.03  5.60  5.30  4.74  3.51  2.53  2.12  1.45  0.92  0.67  0.40  0.18  0.08  0.06  0.06
 4  75  0.03  0.10  0.16  0.32  0.64  0.94  1.54  2.93  4.15  5.02  5.97  6.36  6.15  5.66  5.39  5.21  4.71  3.57  2.61  2.20  1.55  0.98  0.67  0.40  0.17  0.08  0.06  0.06
 4  80  0.03  0.10  0.16  0.33  0.65  0.96  1.57  2.98  4.12  4.92  5.63  5.88  5.69  5.29  5.18  5.12  4.67  3.62  2.68  2.29  1.65  1.03  0.67  0.39  0.16  0.08  0.06  0.05
 4  85  0.03  0.10  0.16  0.33  0.65  0.96  1.57  2.97  4.09  4.88  5.58  5.84  5.66  5.27  5.17  5.10  4.66  3.62  2.68  2.29  1.65  1.03  0.67  0.39  0.16  0.08  0.06  0.05
 4  90  0.03  0.10  0.16  0.33  0.65  0.96  1.56  2.96  4.06  4.84  5.53  5.79  5.62  5.25  5.15  5.08  4.65  3.61  2.67  2.29  1.65  1.03  0.67  0.39  0.16  0.08  0.06  0.05
 5 -90  0.06  0.17  0.28  0.56  1.08  1.57  2.42  3.89  4.52  4.99  4.78  4.34  3.85  3.37  3.34  3.32  3.27  2.72  2.00  1.64  1.03  0.41  0.24  0.14  0.06  0.04  0.03  0.03
 5 -85  0.06  0.17  0.28  0.56  1.08  1.57  2.42  3.88  4.51  4.99  4.80  4.35  3.86  3.36  3.33  3.32  3.27  2.73  2.00  1.63  1.03  0.41  0.24  0.14  0.07  0.04  0.03  0.03
 5 -80  0.06  0.17  0.28  0.56  1.08  1.56  2.42  3.87  4.50  4.99  4.81  4.36  3.87  3.36  3.33  3.31  3.27  2.73  1.99  1.63  1.03  0.41  0.24  0.14  0.07  0.04  0.03  0.03
 5 -75  0.06  0.17  0.28  0.55  1.06  1.53  2.38  3.86  4.63  5.24  5.28  4.97  4.56  4.06  3.80  3.63  3.38  2.62  1.85  1.50  0.95  0.38  0.22  0.13  0.07  0.04  0.03  0.03
 5 -70  0.05  0.16  0.27  0.53  1.03  1.50  2.33  3.86  4.77  5.49  5.75  5.58  5.26  4.76  4.27  3.94  3.49  2.51  1.70  1.38  0.88  0.35  0.20  0.12  0.07  0.04  0.03  0.03
 5 -65  0.05  0.16  0.27  0.53  1.04  1.52  2.39  4.08  5.11  5.93  6.09  5.90  5.59  5.10  4.75  4.52  3.98  2.64  1.71  1.36  0.82  0.35  0.19  0.12  0.07  0.04  0.03  0.03
 5 -60  0.05  0.16  0.27  0.54  1.05  1.54  2.45  4.31  5.45  6.36  6.43  6.21  5.91  5.44  5.24  5.11  4.46  2.77  1.71  1.34  0.77  0.36  0.18  0.12  0.07  0.04  0.03  0.03
 5 -55  0.05  0.16  0.26  0.52  1.01  1.49  2.37  4.21  5.51  6.51  6.75  6.60  6.30  5.82  5.62  5.48  4.58  2.61  1.57  1.22  0.67  0.35  0.17  0.11  0.06  0.04  0.03  0.03
 5 -50  0.05  0.15  0.25  0.50  0.98  1.43  2.28  4.06  5.50  6.59  7.04  7.00  6.70  6.14  5.97  5.83  4.70  2.43  1.41  1.08  0.56  0.35  0.16  0.09  0.05  0.04  0.03  0.03
 5 -45  0.05  0.14  0.23  0.46  0.90  1.32  2.12  3.81  5.29  6.39  7.13  7.31  7.05  6.52  6.16  5.90  4.63  2.35  1.32  1.01  0.52  0.32  0.14  0.07  0.05  0.04  0.03  0.03
 5 -40  0.04  0.13  0.21  0.42  0.82  1.21  1.95  3.53  5.07  6.19  7.23  7.65  7.44  6.90  6.35  5.95  4.56  2.29  1.24  0.95  0.47  0.28  0.13  0.06  0.04  0.03  0.03  0.03
 5 -35  0.04  0.12  0.19  0.39  0.76  1.12  1.81  3.34  4.82  5.91  7.15  7.87  7.81  7.37  6.78  6.35  4.52  2.07  1.01  0.76  0.36  0.21  0.09  0.05  0.04  0.03  0.03  0.03
 5 -30  0.04  0.11  0.18  0.36  0.71  1.05  1.69  3.14  4.56  5.61  7.08  8.10  8.20  7.85  7.22  6.76  4.48  1.85  0.78  0.58  0.24  0.10  0.06  0.04  0.04  0.03  0.03  0.03
 5 -25  0.03  0.10  0.17  0.34  0.68  1.00  1.63  3.03  4.35  5.34  6.88  8.16  8.50  8.32  7.45  6.81  4.42  1.71  0.64  0.47  0.19  0.06  0.04  0.03  0.03  0.03  0.03  0.03
 5 -20  0.03  0.10  0.17  0.33  0.65  0.96  1.56  2.92  4.14  5.05  6.68  8.21  8.77  8.77  7.65  6.85  4.35  1.59  0.50  0.36  0.13  0.04  0.03  0.03  0.03  0.03  0.03  0.03
 5 -15  0.03  0.10  0.16  0.32  0.63  0.94  1.54  2.91  4.07  4.90  6.48  8.16  8.91  9.07  7.93  7.12  4.36  1.49  0.43  0.32  0.12  0.04  0.03  0.03  0.03  0.03  0.03  0.03
 5 -10  0.03  0.10  0.16  0.32  0.63  0.93  1.52  2.86  3.96  4.72  6.21  8.14  9.05  9.35  8.20  7.39  4.38  1.40  0.36  0.27  0.11  0.03  0.03  0.03  0.03  0.03  0.03  0.03
 5  -5  0.03  0.10  0.16  0.32  0.62  0.93  1.51  2.87  3.95  4.69  6.10  8.16  9.16  9.46  8.12  7.20  4.18  1.23  0.33  0.24  0.10  0.03  0.03  0.03  0.03  0.03  0.03  0.03
 5   0  0.03  0.09  0.16  0.31  0.62  0.92  1.50  2.87  3.91  4.64  6.01  8.11  9.21  9.52  8.02  7.00  3.97  1.08  0.29  0.22  0.10  0.03  0.03  0.03  0.03  0.03  0.03  0.03
 5   5  0.03  0.09  0.16  0.31  0.61  0.91  1.49  2.86  3.91  4.68  6.14  8.22  9.24  9.50  8.16  7.22  4.26  1.33  0.46  0.35  0.16  0.03  0.03  0.03  0.03  0.03  0.03  0.03
 5  10  0.03  0.09  0.15  0.30  0.60  0.89  1.47  2.85  3.96  4.76  6.30  8.35  9.31  9.53  8.30  7.43  4.55  1.58  0.62  0.47  0.22  0.03  0.03  0.03  0.03  0.04  0.04  0.03
 5  15  0.03  0.09  0.15  0.30  0.60  0.89  1.47  2.85  3.97  4.78  6.38  8.40  9.28  9.41  8.21  7.34  4.44  1.66  0.66  0.50  0.23  0.04  0.03  0.03  0.04  0.04  0.05  0.04
 5  20  0.03  0.09  0.15  0.31  0.61  0.90  1.48  2.85  3.99  4.80  6.47  8.41  9.21  9.25  8.10  7.26  4.33  1.76  0.70  0.53  0.25  0.06  0.05  0.04  0.05  0.05  0.05  0.05
 5  25  0.03  0.09  0.15  0.30  0.60  0.89  1.46  2.81  3.97  4.79  6.43  8.32  9.06  9.07  7.95  7.13  4.51  1.94  0.83  0.63  0.32  0.10  0.06  0.06  0.05  0.05  0.05  0.05
 5  30  0.03  0.09  0.15  0.30  0.59  0.88  1.45  2.79  3.93  4.76  6.39  8.22  8.89  8.88  7.79  7.00  4.69  2.13  0.95  0.73  0.38  0.16  0.09  0.07  0.06  0.06  0.06  0.05
 5  35  0.03  0.09  0.15  0.30  0.59  0.88  1.43  2.72  3.85  4.68  6.30  8.08  8.69  8.62  7.58  6.83  4.66  2.35  1.16  0.92  0.54  0.29  0.13  0.09  0.07  0.06  0.06  0.05
 5  40  0.03  0.09  0.15  0.30  0.59  0.87  1.42  2.67  3.82  4.64  6.24  7.94  8.49  8.36  7.37  6.67  4.64  2.58  1.37  1.12  0.70  0.41  0.20  0.12  0.08  0.07  0.06  0.06
 5  45  0.03  0.09  0.15  0.29  0.57  0.85  1.39  2.64  3.78  4.59  6.15  7.80  8.30  8.08  7.11  6.41  4.59  2.71  1.58  1.29  0.83  0.49  0.33  0.15  0.10  0.07  0.06  0.06
 5  50  0.03  0.08  0.14  0.28  0.55  0.82  1.35  2.59  3.71  4.51  6.06  7.65  8.08  7.77  6.81  6.13  4.55  2.85  1.77  1.46  0.96  0.58  0.40  0.20  0.12  0.08  0.06  0.06
 5  55  0.03  0.08  0.14  0.27  0.54  0.80  1.31  2.53  3.63  4.42  5.96  7.47  7.79  7.42  6.49  5.84  4.54  2.98  1.89  1.56  1.03  0.61  0.44  0.27  0.13  0.08  0.06  0.06
 5  60  0.03  0.08  0.14  0.27  0.54  0.80  1.32  2.53  3.65  4.45  5.95  7.32  7.53  7.04  6.19  5.59  4.56  3.12  2.03  1.67  1.09  0.65  0.49  0.30  0.14  0.08  0.07  0.06
 5  65  0.03  0.08  0.13  0.27  0.53  0.78  1.29  2.47  3.56  4.33  5.77  6.96  7.06  6.52  5.69  5.11  4.25  3.12  2.15  1.78  1.20  0.72  0.55  0.35  0.15  0.08  0.07  0.06
 5  70  0.03  0.08  0.13  0.26  0.51  0.77  1.26  2.41  3.46  4.21  5.57  6.59  6.59  6.01  5.19  4.62  3.95  3.11  2.26  1.89  1.31  0.79  0.60  0.41  0.24  0.09  0.07  0.06
 5  75  0.03  0.08  0.13  0.26  0.51  0.76  1.25  2.40  3.48  4.25  5.55  6.32  6.17  5.54  4.97  4.56  4.06  3.18  2.29  1.92  1.34  0.81  0.60  0.40  0.23  0.09  0.07  0.06
 5  80  0.03  0.08  0.13  0.26  0.51  0.76  1.25  2.39  3.50  4.29  5.52  6.04  5.74  5.08  4.74  4.50  4.16  3.24  2.32  1.95  1.36  0.83  0.60  0.39  0.22  0.09  0.07  0.06
 5  85  0.03  0.08  0.13  0.26  0.51  0.76  1.25  2.38  3.48  4.25  5.46  5.99  5.70  5.06  4.72  4.48  4.15  3.24  2.31  1.95  1.36  0.83  0.60  0.39  0.22  0.09  0.07  0.06
 5  90  0.03  0.08  0.13  0.26  0.51  0.76  1.24  2.36  3.45  4.21  5.41  5.94  5.66  5.04  4.70  4.47  4.14  3.23  2.31  1.96  1.36  0.83  0.60  0.39  0.22  0.09  0.07  0.06
 6 -90  0.06  0.17  0.29  0.57  1.09  1.57  2.40  3.73  4.68  5.37  5.19  4.71  4.32  3.94  3.83  3.74  3.27  2.74  1.98  1.64  1.07  0.38  0.18  0.10  0.05  0.03  0.03  0.03
 6 -85  0.06  0.17  0.29  0.57  1.09  1.57  2.40  3.72  4.67  5.37  5.20  4.72  4.33  3.94  3.82  3.74  3.28  2.74  1.97  1.63  1.07  0.38  0.18  0.10  0.06  0.03  0.03  0.03
 6 -80  0.06  0.17  0.29  0.57  1.09  1.57  2.40  3.71  4.66  5.37  5.22  4.73  4.34  3.93  3.82  3.73  3.28  2.74  1.97  1.63  1.07  0.38  0.18  0.10  0.06  0.03  0.03  0.03
 6 -75  0.06  0.17  0.29  0.57  1.09  1.57  2.42  3.81  4.76  5.49  5.54  5.23  4.86  4.42  4.11  3.91  3.42  2.72  1.93  1.59  1.06  0.37  0.18  0.10  0.06  0.04  0.03  0.03
 6 -70  0.06  0.17  0.29  0.56  1.08  1.57  2.43  3.91  4.87  5.61  5.87  5.72  5.39  4.90  4.41  4.07  3.57  2.71  1.89  1.57  1.05  0.36  0.17  0.10  0.06  0.04  0.03  0.03
 6 -65  0.06  0.17  0.28  0.55  1.07  1.56  2.43  4.02  5.03  5.82  6.00  5.86  5.56  5.07  4.73  4.51  3.93  2.78  1.88  1.54  1.01  0.39  0.20  0.11  0.06  0.04  0.03  0.03
 6 -60  0.06  0.17  0.28  0.55  1.06  1.55  2.44  4.12  5.19  6.04  6.14  6.00  5.72  5.24  5.06  4.94  4.30  2.85  1.87  1.52  0.98  0.42  0.24  0.11  0.06  0.04  0.03  0.03
 6 -55  0.05  0.16  0.27  0.54  1.05  1.53  2.43  4.24  5.48  6.44  6.51  6.31  6.03  5.59  5.45  5.35  4.47  2.71  1.69  1.37  0.85  0.40  0.25  0.10  0.06  0.04  0.03  0.03
 6 -50  0.05  0.16  0.27  0.53  1.04  1.53  2.44  4.30  5.70  6.76  6.83  6.62  6.34  5.88  5.81  5.74  4.64  2.57  1.49  1.19  0.72  0.38  0.26  0.09  0.05  0.04  0.03  0.03
 6 -45  0.05  0.15  0.25  0.49  0.96  1.41  2.24  3.99  5.47  6.58  7.05  7.05  6.76  6.26  5.97  5.74  4.61  2.50  1.41  1.13  0.68  0.35  0.23  0.08  0.05  0.04  0.03  0.03
 6 -40  0.04  0.13  0.22  0.44  0.86  1.27  2.03  3.67  5.24  6.40  7.30  7.52  7.22  6.66  6.12  5.72  4.58  2.44  1.34  1.07  0.64  0.32  0.21  0.07  0.05  0.04  0.03  0.03
 6 -35  0.04  0.12  0.20  0.40  0.78  1.16  1.86  3.40  4.89  5.99  7.14  7.73  7.59  7.12  6.53  6.09  4.69  2.24  1.07  0.85  0.49  0.24  0.11  0.07  0.05  0.04  0.03  0.03
 6 -30  0.04  0.11  0.18  0.36  0.71  1.06  1.70  3.14  4.53  5.56  6.98  7.94  7.98  7.59  6.95  6.46  4.79  2.02  0.81  0.63  0.33  0.16  0.07  0.05  0.04  0.04  0.03  0.03
 6 -25  0.04  0.11  0.18  0.35  0.69  1.02  1.65  3.04  4.34  5.32  6.81  7.97  8.21  7.96  7.20  6.64  4.65  1.81  0.65  0.49  0.24  0.07  0.05  0.04  0.04  0.04  0.04  0.03
 6 -20  0.03  0.10  0.17  0.34  0.67  1.00  1.61  2.94  4.15  5.06  6.63  7.99  8.41  8.32  7.44  6.81  4.51  1.62  0.49  0.36  0.14  0.05  0.04  0.03  0.03  0.03  0.04  0.03
 6 -15  0.03  0.10  0.17  0.33  0.66  0.97  1.58  2.95  4.13  4.98  6.51  8.00  8.58  8.61  7.60  6.90  4.35  1.52  0.46  0.34  0.14  0.04  0.03  0.03  0.03  0.03  0.04  0.03
 6 -10  0.03  0.10  0.17  0.33  0.65  0.97  1.57  2.92  4.08  4.88  6.34  8.04  8.75  8.89  7.76  6.98  4.19  1.43  0.44  0.33  0.13  0.04  0.03  0.03  0.03  0.03  0.03  0.03
 6  -5  0.03  0.10  0.17  0.33  0.65  0.97  1.57  2.94  4.08  4.88  6.27  8.12  8.92  9.08  7.96  7.22  4.27  1.37  0.41  0.31  0.14  0.03  0.03  0.03  0.03  0.03  0.03  0.03
 6   0  0.03  0.10  0.16  0.32  0.63  0.94  1.54  2.95  4.07  4.87  6.25  8.13  9.05  9.22  8.15  7.45  4.34  1.32  0.37  0.28  0.14  0.03  0.03  0.03  0.03  0.03  0.03  0.03
 6   5  0.03  0.10  0.16  0.32  0.63  0.94  1.54  2.93  4.06  4.87  6.34  8.24  9.12  9.30  8.21  7.48  4.50  1.46  0.49  0.37  0.18  0.04  0.03  0.03  0.03  0.03  0.03  0.03
 6  10  0.03  0.09  0.15  0.31  0.61  0.91  1.50  2.91  4.08  4.91  6.46  8.37  9.23  9.42  8.29  7.50  4.66  1.61  0.60  0.46  0.22  0.04  0.03  0.03  0.03  0.04  0.04  0.03
 6  15  0.03  0.09  0.16  0.31  0.61  0.92  1.50  2.91  4.06  4.90  6.50  8.41  9.22  9.33  8.14  7.29  4.56  1.67  0.63  0.48  0.24  0.05  0.04  0.04  0.04  0.04  0.04  0.04
 6  20  0.03  0.10  0.16  0.31  0.62  0.93  1.52  2.90  4.06  4.88  6.55  8.43  9.18  9.21  7.98  7.08  4.46  1.75  0.66  0.50  0.25  0.06  0.05  0.05  0.05  0.05  0.05  0.04
 6  25  0.03  0.09  0.15  0.31  0.61  0.91  1.49  2.85  4.01  4.83  6.45  8.31  9.03  9.05  7.98  7.20  4.58  1.88  0.71  0.55  0.27  0.09  0.06  0.05  0.05  0.05  0.05  0.04
 6  30  0.03  0.09  0.15  0.30  0.60  0.89  1.46  2.82  3.95  4.77  6.37  8.18  8.87  8.88  7.97  7.32  4.71  2.01  0.76  0.58  0.30  0.13  0.08  0.06  0.06  0.06  0.05  0.05
 6  35  0.03  0.09  0.15  0.30  0.59  0.88  1.44  2.73  3.84  4.64  6.22  7.98  8.63  8.62  7.68  7.00  4.65  2.24  1.00  0.79  0.43  0.19  0.10  0.07  0.07  0.06  0.06  0.05
 6  40  0.03  0.09  0.15  0.29  0.58  0.87  1.41  2.67  3.78  4.56  6.09  7.79  8.40  8.36  7.38  6.69  4.59  2.47  1.25  0.99  0.57  0.32  0.15  0.10  0.08  0.07  0.06  0.05
 6  45  0.03  0.09  0.14  0.28  0.56  0.84  1.37  2.60  3.68  4.45  5.93  7.60  8.18  8.06  7.11  6.42  4.57  2.58  1.44  1.16  0.71  0.40  0.26  0.13  0.09  0.07  0.06  0.06
 6  50  0.03  0.08  0.13  0.27  0.53  0.79  1.31  2.53  3.57  4.31  5.75  7.39  7.92  7.73  6.80  6.14  4.56  2.69  1.61  1.32  0.85  0.48  0.33  0.16  0.10  0.07  0.06  0.06
 6  55  0.03  0.08  0.13  0.26  0.51  0.76  1.26  2.44  3.43  4.14  5.56  7.14  7.60  7.35  6.47  5.85  4.38  2.77  1.70  1.38  0.89  0.51  0.37  0.19  0.12  0.08  0.07  0.06
 6  60  0.03  0.08  0.13  0.25  0.50  0.75  1.24  2.41  3.39  4.09  5.46  6.92  7.30  6.94  6.16  5.61  4.22  2.87  1.81  1.47  0.94  0.54  0.41  0.26  0.13  0.08  0.07  0.06
 6  65  0.02  0.07  0.12  0.24  0.49  0.73  1.20  2.32  3.28  3.96  5.29  6.62  6.88  6.44  5.62  5.05  3.92  2.85  1.91  1.57  1.03  0.58  0.46  0.29  0.14  0.08  0.07  0.06
 6  70  0.02  0.07  0.12  0.24  0.47  0.70  1.15  2.23  3.16  3.81  5.11  6.31  6.45  5.93  5.08  4.49  3.62  2.83  2.01  1.67  1.12  0.62  0.51  0.32  0.15  0.09  0.07  0.06
 6  75  0.02  0.07  0.11  0.23  0.45  0.67  1.11  2.14  3.09  3.76  5.10  6.16  6.16  5.57  4.82  4.30  3.65  2.86  2.05  1.71  1.17  0.64  0.52  0.34  0.17  0.09  0.07  0.06
 6  80  0.02  0.07  0.11  0.22  0.44  0.65  1.07  2.05  3.01  3.69  5.08  6.01  5.87  5.20  4.56  4.11  3.67  2.89  2.09  1.76  1.22  0.66  0.54  0.35  0.19  0.09  0.07  0.06
 6  85  0.02  0.07  0.11  0.22  0.43  0.65  1.06  2.04  2.99  3.65  5.03  5.96  5.83  5.18  4.54  4.09  3.66  2.88  2.09  1.76  1.22  0.66  0.54  0.35  0.19  0.09  0.07  0.06
 6  90  0.02  0.07  0.11  0.22  0.43  0.65  1.06  2.02  2.96  3.61  4.97  5.91  5.80  5.16  4.52  4.07  3.65  2.88  2.08  1.76  1.22  0.66  0.54  0.35  0.19  0.10  0.07  0.06
 7 -90  0.05  0.16  0.26  0.51  0.97  1.39  2.10  3.10  4.16  4.92  5.18  5.07  4.74  4.19  3.94  3.75  3.49  2.68  1.96  1.60  1.01  0.39  0.20  0.09  0.05  0.03  0.03  0.03
 7 -85  0.05  0.16  0.26  0.51  0.97  1.39  2.10  3.09  4.15  4.92  5.19  5.08  4.75  4.18  3.93  3.74  3.50  2.69  1.96  1.60  1.01  0.39  0.21  0.09  0.05  0.03  0.03  0.03
 7 -80  0.05  0.16  0.26  0.51  0.97  1.39  2.09  3.09  4.14  4.92  5.20  5.09  4.75  4.18  3.93  3.74  3.50  2.69  1.96  1.59  1.01  0.39  0.21  0.09  0.05  0.03  0.03  0.03
 7 -75  0.05  0.15  0.24  0.47  0.91  1.30  1.96  2.91  3.98  4.80  5.29  5.49  5.29  4.73  4.20  3.81  3.37  2.68  1.95  1.60  1.03  0.39  0.21  0.09  0.05  0.03  0.03  0.03
 7 -70  0.05  0.13  0.22  0.44  0.84  1.20  1.82  2.74  3.83  4.67  5.39  5.89  5.82  5.29  4.46  3.89  3.25  2.66  1.95  1.60  1.06  0.40  0.22  0.10  0.06  0.04  0.03  0.03
 7 -65  0.05  0.14  0.23  0.45  0.87  1.25  1.93  3.08  4.21  5.10  5.68  5.96  5.79  5.26  4.77  4.45  3.80  2.77  1.91  1.58  1.07  0.41  0.21  0.10  0.06  0.04  0.03  0.03
 7 -60  0.05  0.14  0.23  0.46  0.89  1.30  2.03  3.42  4.60  5.53  5.98  6.02  5.75  5.22  5.09  5.01  4.36  2.88  1.87  1.56  1.07  0.43  0.24  0.11  0.06  0.04  0.03  0.03
 7 -55  0.05  0.14  0.23  0.45  0.87  1.28  2.04  3.60  4.90  5.91  6.39  6.37  6.08  5.59  5.55  5.52  4.57  2.78  1.74  1.42  0.93  0.40  0.25  0.11  0.06  0.04  0.03  0.03
 7 -50  0.05  0.14  0.23  0.45  0.88  1.29  2.07  3.71  5.13  6.20  6.75  6.72  6.42  5.91  5.98  6.01  4.78  2.68  1.57  1.26  0.78  0.37  0.25  0.10  0.06  0.04  0.03  0.03
 7 -45  0.04  0.13  0.22  0.43  0.85  1.25  2.00  3.60  5.05  6.13  6.94  7.13  6.87  6.36  6.15  5.99  4.80  2.70  1.54  1.23  0.73  0.34  0.23  0.09  0.05  0.04  0.03  0.03
 7 -40  0.04  0.12  0.21  0.41  0.80  1.18  1.90  3.47  4.97  6.07  7.16  7.59  7.37  6.84  6.33  5.95  4.82  2.75  1.52  1.20  0.68  0.31  0.21  0.09  0.05  0.04  0.03  0.03
 7 -35  0.04  0.12  0.19  0.38  0.75  1.11  1.80  3.30  4.73  5.79  7.04  7.75  7.67  7.22  6.52  6.01  4.78  2.54  1.27  0.99  0.53  0.24  0.16  0.08  0.05  0.04  0.04  0.03
 7 -30  0.04  0.11  0.18  0.36  0.71  1.05  1.69  3.13  4.48  5.49  6.91  7.91  7.99  7.61  6.73  6.08  4.74  2.33  1.02  0.78  0.38  0.17  0.08  0.06  0.05  0.04  0.04  0.03
 7 -25  0.04  0.11  0.18  0.35  0.70  1.03  1.66  3.05  4.35  5.33  6.83  7.96  8.15  7.88  7.01  6.36  4.64  2.03  0.80  0.61  0.28  0.07  0.05  0.04  0.04  0.04  0.04  0.04
 7 -20  0.04  0.11  0.18  0.35  0.69  1.02  1.64  2.97  4.22  5.16  6.73  7.98  8.29  8.12  7.26  6.64  4.52  1.76  0.59  0.43  0.17  0.05  0.04  0.04  0.03  0.04  0.04  0.04
 7 -15  0.03  0.10  0.17  0.34  0.67  0.99  1.60  2.98  4.21  5.09  6.66  8.06  8.52  8.44  7.54  6.90  4.29  1.56  0.53  0.40  0.17  0.04  0.03  0.03  0.03  0.04  0.04  0.04
 7 -10  0.03  0.10  0.17  0.34  0.66  0.98  1.59  2.94  4.15  5.00  6.53  8.17  8.76  8.77  7.81  7.16  4.06  1.37  0.48  0.36  0.16  0.04  0.03  0.03  0.03  0.03  0.04  0.03
 7  -5  0.03  0.10  0.17  0.33  0.66  0.98  1.58  2.95  4.16  4.99  6.45  8.26  8.97  9.01  7.87  7.13  4.14  1.35  0.48  0.36  0.17  0.04  0.03  0.03  0.03  0.03  0.03  0.03
 7   0  0.03  0.09  0.16  0.31  0.62  0.93  1.53  2.97  4.14  4.98  6.43  8.31  9.16  9.21  7.92  7.09  4.21  1.33  0.47  0.36  0.17  0.04  0.03  0.03  0.03  0.03  0.03  0.03
 7   5  0.03  0.10  0.16  0.32  0.64  0.94  1.55  2.95  4.13  4.98  6.52  8.40  9.23  9.33  8.12  7.31  4.44  1.52  0.59  0.45  0.20  0.04  0.03  0.03  0.03  0.03  0.03  0.03
 7  10  0.03  0.09  0.16  0.31  0.62  0.93  1.52  2.94  4.16  5.03  6.63  8.53  9.34  9.48  8.33  7.53  4.68  1.71  0.70  0.53  0.23  0.04  0.03  0.03  0.03  0.03  0.03  0.03
 7  15  0.03  0.10  0.16  0.32  0.63  0.93  1.53  2.95  4.16  5.03  6.68  8.54  9.28  9.35  8.22  7.40  4.67  1.77  0.72  0.54  0.23  0.04  0.04  0.04  0.04  0.04  0.04  0.03
 7  20  0.03  0.10  0.16  0.32  0.64  0.95  1.56  2.95  4.17  5.03  6.73  8.54  9.21  9.22  8.10  7.29  4.66  1.83  0.74  0.55  0.24  0.06  0.04  0.04  0.05  0.05  0.04  0.04
 7  25  0.03  0.10  0.16  0.32  0.63  0.94  1.53  2.93  4.14  5.00  6.63  8.40  9.04  9.04  7.94  7.14  4.62  1.97  0.79  0.59  0.25  0.08  0.06  0.05  0.05  0.05  0.05  0.04
 7  30  0.03  0.09  0.16  0.31  0.62  0.92  1.51  2.92  4.10  4.96  6.56  8.26  8.86  8.85  7.78  7.00  4.57  2.09  0.83  0.61  0.25  0.11  0.07  0.06  0.06  0.06  0.05  0.05
 7  35  0.03  0.09  0.15  0.31  0.61  0.91  1.49  2.84  3.98  4.83  6.39  8.03  8.60  8.58  7.56  6.84  4.54  2.22  1.00  0.76  0.36  0.14  0.08  0.07  0.06  0.06  0.05  0.05
 7  40  0.03  0.09  0.15  0.30  0.60  0.89  1.46  2.78  3.92  4.73  6.24  7.81  8.35  8.29  7.34  6.67  4.51  2.35  1.17  0.90  0.47  0.19  0.11  0.08  0.07  0.06  0.06  0.05
 7  45  0.03  0.09  0.15  0.29  0.58  0.86  1.41  2.69  3.79  4.57  6.03  7.59  8.11  7.99  7.07  6.40  4.49  2.44  1.31  1.03  0.59  0.29  0.16  0.11  0.08  0.07  0.06  0.05
 7  50  0.03  0.08  0.14  0.27  0.55  0.81  1.34  2.59  3.64  4.39  5.81  7.35  7.83  7.65  6.75  6.12  4.48  2.55  1.43  1.16  0.72  0.37  0.26  0.13  0.09  0.07  0.06  0.05
 7  55  0.03  0.08  0.13  0.26  0.52  0.77  1.27  2.48  3.48  4.19  5.59  7.08  7.51  7.26  6.36  5.72  4.28  2.58  1.53  1.24  0.80  0.42  0.30  0.16  0.10  0.07  0.06  0.05
 7  60  0.03  0.08  0.13  0.25  0.51  0.75  1.25  2.43  3.42  4.12  5.46  6.85  7.19  6.85  5.97  5.35  4.10  2.64  1.64  1.34  0.87  0.46  0.35  0.19  0.11  0.08  0.06  0.05
 7  65  0.02  0.07  0.12  0.24  0.48  0.72  1.19  2.33  3.28  3.95  5.25  6.50  6.73  6.31  5.38  4.74  3.72  2.63  1.73  1.43  0.95  0.49  0.39  0.25  0.12  0.08  0.06  0.05
 7  70  0.02  0.07  0.12  0.23  0.46  0.69  1.14  2.22  3.13  3.78  5.02  6.15  6.26  5.76  4.79  4.12  3.33  2.61  1.82  1.51  1.04  0.52  0.42  0.28  0.14  0.08  0.06  0.05
 7  75  0.02  0.07  0.11  0.22  0.44  0.66  1.09  2.11  3.04  3.70  4.97  5.94  5.92  5.35  4.51  3.92  3.30  2.64  1.87  1.56  1.07  0.53  0.44  0.29  0.15  0.08  0.06  0.05
 7  80  0.02  0.06  0.11  0.21  0.42  0.63  1.03  2.00  2.94  3.61  4.92  5.74  5.58  4.95  4.23  3.72  3.26  2.68  1.93  1.61  1.09  0.53  0.45  0.30  0.16  0.09  0.07  0.05
 7  85  0.02  0.06  0.11  0.21  0.42  0.63  1.03  1.98  2.92  3.57  4.86  5.69  5.54  4.92  4.21  3.70  3.25  2.67  1.93  1.61  1.09  0.53  0.45  0.29  0.16  0.09  0.07  0.05
 7  90  0.02  0.06  0.11  0.21  0.42  0.63  1.03  1.97  2.89  3.53  4.81  5.64  5.50  4.90  4.19  3.68  3.23  2.67  1.93  1.61  1.09  0.53  0.45  0.29  0.17  0.09  0.07  0.05
 8 -90  0.04  0.12  0.20  0.40  0.76  1.09  1.65  2.49  3.45  4.16  5.08  5.97  5.92  5.07  4.03  3.28  2.86  2.47  1.79  1.47  0.95  0.39  0.17  0.08  0.05  0.03  0.03  0.03
 8 -85  0.04  0.12  0.20  0.40  0.76  1.09  1.65  2.48  3.44  4.17  5.10  5.98  5.92  5.06  4.02  3.28  2.86  2.47  1.78  1.47  0.95  0.39  0.18  0.08  0.05  0.03  0.03  0.03
 8 -80  0.04  0.12  0.20  0.40  0.76  1.09  1.65  2.47  3.43  4.17  5.11  5.99  5.93  5.06  4.01  3.27  2.86  2.48  1.78  1.46  0.95  0.39  0.19  0.08  0.05  0.04  0.03  0.03
 8 -75  0.04  0.12  0.20  0.40  0.77  1.11  1.70  2.65  3.60  4.34  5.20  5.89  5.82  5.14  4.20  3.53  3.00  2.53  1.80  1.50  1.00  0.41  0.20  0.09  0.05  0.04  0.03  0.03
 8 -70  0.04  0.12  0.20  0.40  0.77  1.12  1.73  2.84  3.77  4.51  5.29  5.78  5.70  5.23  4.38  3.79  3.15  2.58  1.84  1.53  1.06  0.43  0.21  0.10  0.06  0.04  0.03  0.03
 8 -65  0.04  0.12  0.20  0.39  0.75  1.10  1.73  2.98  3.98  4.79  5.63  6.03  5.89  5.39  4.83  4.46  3.72  2.76  1.81  1.50  1.01  0.43  0.23  0.10  0.06  0.04  0.03  0.03
 8 -60  0.04  0.12  0.19  0.38  0.74  1.09  1.74  3.10  4.20  5.07  5.97  6.29  6.08  5.56  5.30  5.13  4.30  2.94  1.78  1.46  0.96  0.43  0.25  0.11  0.06  0.04  0.03  0.03
 8 -55  0.04  0.11  0.19  0.38  0.74  1.10  1.77  3.28  4.53  5.48  6.43  6.75  6.54  6.05  5.75  5.54  4.62  3.01  1.76  1.43  0.92  0.42  0.26  0.11  0.06  0.04  0.03  0.03
 8 -50  0.04  0.12  0.19  0.38  0.76  1.12  1.82  3.39  4.77  5.81  6.85  7.22  7.02  6.49  6.18  5.93  4.94  3.08  1.70  1.38  0.88  0.40  0.27  0.11  0.06  0.04  0.04  0.03
 8 -45  0.04  0.12  0.19  0.39  0.76  1.13  1.83  3.39  4.79  5.84  6.97  7.49  7.34  6.85  6.32  5.92  4.92  3.04  1.66  1.34  0.84  0.38  0.26  0.10  0.06  0.04  0.04  0.03
 8 -40  0.04  0.12  0.19  0.38  0.76  1.12  1.81  3.36  4.82  5.87  7.13  7.82  7.73  7.23  6.46  5.90  4.91  3.01  1.62  1.30  0.80  0.35  0.24  0.10  0.06  0.04  0.04  0.03
 8 -35  0.04  0.11  0.19  0.37  0.73  1.07  1.74  3.23  4.65  5.70  7.07  7.95  7.93  7.47  6.61  5.97  4.82  2.76  1.35  1.07  0.62  0.28  0.20  0.09  0.06  0.04  0.04  0.04
 8 -30  0.04  0.11  0.18  0.35  0.69  1.03  1.67  3.11  4.49  5.51  7.01  8.08  8.16  7.73  6.77  6.06  4.73  2.50  1.08  0.84  0.45  0.20  0.09  0.07  0.05  0.04  0.04  0.04
 8 -25  0.04  0.11  0.18  0.35  0.69  1.02  1.64  3.02  4.34  5.33  6.94  8.18  8.38  8.03  7.03  6.30  4.64  2.17  0.82  0.63  0.31  0.07  0.05  0.05  0.04  0.04  0.04  0.04
 8 -20  0.04  0.11  0.17  0.35  0.68  1.00  1.61  2.93  4.21  5.17  6.86  8.26  8.57  8.30  7.28  6.54  4.54  1.86  0.56  0.41  0.17  0.05  0.04  0.04  0.04  0.04  0.04  0.04
 8 -15  0.03  0.10  0.17  0.33  0.65  0.97  1.57  2.93  4.17  5.05  6.74  8.33  8.82  8.66  7.61  6.87  4.29  1.62  0.53  0.39  0.15  0.04  0.04  0.03  0.03  0.04  0.04  0.04
 8 -10  0.03  0.10  0.16  0.32  0.64  0.95  1.55  2.90  4.09  4.93  6.56  8.41  9.09  9.05  7.94  7.19  4.04  1.39  0.50  0.37  0.13  0.04  0.03  0.03  0.03  0.04  0.04  0.04
 8  -5  0.03  0.10  0.16  0.32  0.64  0.95  1.54  2.90  4.08  4.90  6.45  8.47  9.30  9.31  8.08  7.29  4.06  1.36  0.50  0.37  0.14  0.04  0.03  0.03  0.03  0.03  0.04  0.04
 8   0  0.03  0.09  0.15  0.30  0.60  0.90  1.49  2.92  4.07  4.89  6.41  8.52  9.50  9.54  8.22  7.38  4.06  1.33  0.50  0.37  0.15  0.04  0.03  0.03  0.03  0.03  0.03  0.03
 8   5  0.03  0.09  0.16  0.31  0.62  0.92  1.51  2.90  4.08  4.91  6.52  8.59  9.52  9.61  8.31  7.46  4.34  1.49  0.61  0.45  0.17  0.04  0.03  0.03  0.03  0.03  0.03  0.03
 8  10  0.03  0.09  0.15  0.31  0.61  0.91  1.50  2.90  4.11  4.98  6.66  8.71  9.59  9.71  8.43  7.53  4.62  1.66  0.71  0.52  0.20  0.04  0.03  0.03  0.03  0.03  0.03  0.03
 8  15  0.03  0.10  0.16  0.31  0.63  0.93  1.53  2.93  4.17  5.06  6.78  8.70  9.45  9.50  8.28  7.40  4.61  1.72  0.74  0.54  0.21  0.04  0.03  0.03  0.04  0.04  0.04  0.03
 8  20  0.03  0.10  0.16  0.33  0.64  0.96  1.56  2.95  4.22  5.12  6.89  8.69  9.31  9.29  8.13  7.28  4.61  1.79  0.77  0.56  0.22  0.05  0.04  0.04  0.04  0.05  0.04  0.04
 8  25  0.03  0.10  0.16  0.32  0.64  0.95  1.55  2.96  4.25  5.16  6.85  8.55  9.11  9.05  7.94  7.13  4.57  1.92  0.81  0.59  0.23  0.07  0.05  0.05  0.05  0.05  0.05  0.04
 8  30  0.03  0.10  0.16  0.32  0.63  0.94  1.55  2.99  4.27  5.19  6.84  8.42  8.89  8.81  7.74  6.98  4.53  2.04  0.84  0.61  0.24  0.09  0.06  0.06  0.06  0.06  0.05  0.05
 8  35  0.03  0.10  0.16  0.32  0.63  0.94  1.53  2.93  4.17  5.08  6.68  8.17  8.61  8.52  7.51  6.81  4.50  2.12  0.95  0.71  0.32  0.11  0.07  0.06  0.06  0.06  0.05  0.05
 8  40  0.03  0.09  0.16  0.31  0.62  0.92  1.51  2.90  4.13  5.00  6.53  7.94  8.34  8.22  7.28  6.63  4.46  2.20  1.06  0.81  0.40  0.15  0.09  0.07  0.07  0.06  0.06  0.05
 8  45  0.03  0.09  0.15  0.31  0.61  0.90  1.48  2.82  4.02  4.87  6.36  7.74  8.09  7.89  7.00  6.35  4.36  2.29  1.21  0.95  0.52  0.22  0.13  0.09  0.07  0.06  0.06  0.05
 8  50  0.03  0.09  0.15  0.29  0.58  0.87  1.42  2.74  3.89  4.71  6.17  7.50  7.80  7.52  6.66  6.05  4.27  2.39  1.35  1.08  0.65  0.29  0.19  0.12  0.09  0.07  0.06  0.05
 8  55  0.03  0.08  0.14  0.28  0.55  0.82  1.36  2.64  3.75  4.55  5.99  7.27  7.49  7.13  6.28  5.68  4.03  2.46  1.48  1.19  0.73  0.33  0.22  0.14  0.10  0.07  0.06  0.05
 8  60  0.03  0.08  0.14  0.27  0.54  0.81  1.33  2.60  3.71  4.50  5.90  7.06  7.18  6.71  5.91  5.35  3.82  2.57  1.64  1.31  0.81  0.36  0.25  0.17  0.11  0.07  0.06  0.05
 8  65  0.03  0.08  0.13  0.26  0.52  0.78  1.29  2.51  3.58  4.34  5.65  6.62  6.61  6.07  5.30  4.75  3.54  2.57  1.72  1.39  0.88  0.40  0.29  0.19  0.11  0.07  0.06  0.05
 8  70  0.03  0.08  0.13  0.25  0.51  0.75  1.24  2.42  3.44  4.17  5.39  6.16  6.03  5.43  4.68  4.16  3.26  2.56  1.80  1.47  0.95  0.44  0.33  0.21  0.12  0.07  0.06  0.05
 8  75  0.03  0.08  0.13  0.25  0.50  0.74  1.22  2.37  3.37  4.08  5.13  5.62  5.37  4.75  4.19  3.80  3.20  2.56  1.84  1.51  0.99  0.47  0.34  0.22  0.13  0.08  0.06  0.05
 8  80  0.02  0.07  0.12  0.25  0.49  0.73  1.20  2.31  3.29  3.99  4.87  5.07  4.70  4.08  3.70  3.43  3.14  2.56  1.87  1.55  1.03  0.49  0.35  0.23  0.14  0.08  0.06  0.05
 8  85  0.02  0.07  0.12  0.25  0.49  0.73  1.19  2.30  3.27  3.95  4.82  5.03  4.67  4.06  3.68  3.42  3.13  2.56  1.87  1.55  1.03  0.49  0.35  0.23  0.15  0.08  0.06  0.05
 8  90  0.02  0.07  0.12  0.25  0.49  0.72  1.19  2.28  3.24  3.91  4.76  4.98  4.63  4.04  3.67  3.40  3.12  2.55  1.87  1.55  1.03  0.49  0.35  0.23  0.15  0.08  0.06  0.05
 9 -90  0.04  0.11  0.18  0.35  0.69  1.00  1.56  2.61  3.64  4.40  4.95  5.38  5.33  4.91  4.00  3.37  2.09  1.44  1.02  0.87  0.62  0.35  0.14  0.07  0.05  0.03  0.03  0.03
 9 -85  0.04  0.11  0.18  0.35  0.68  1.00  1.56  2.60  3.63  4.40  4.96  5.39  5.33  4.91  4.00  3.36  2.09  1.44  1.01  0.86  0.62  0.35  0.15  0.07  0.05  0.04  0.03  0.03
 9 -80  0.04  0.11  0.18  0.35  0.68  1.00  1.56  2.60  3.62  4.41  4.97  5.40  5.34  4.90  3.99  3.36  2.09  1.44  1.01  0.86  0.62  0.35  0.16  0.08  0.05  0.04  0.03  0.03
 9 -75  0.04  0.11  0.17  0.34  0.67  0.98  1.55  2.66  3.66  4.43  5.25  5.73  5.63  5.14  4.25  3.64  2.33  1.60  1.11  0.94  0.68  0.38  0.17  0.08  0.05  0.04  0.03  0.03
 9 -70  0.03  0.10  0.17  0.34  0.66  0.97  1.54  2.72  3.70  4.46  5.53  6.07  5.93  5.38  4.52  3.92  2.60  1.76  1.21  1.03  0.74  0.41  0.19  0.09  0.06  0.04  0.03  0.03
 9 -65  0.03  0.10  0.17  0.33  0.66  0.97  1.56  2.83  3.90  4.73  5.90  6.50  6.39  5.86  5.20  4.74  3.40  2.24  1.43  1.19  0.82  0.43  0.23  0.10  0.06  0.04  0.03  0.03
 9 -60  0.03  0.10  0.17  0.34  0.67  0.99  1.59  2.93  4.10  5.00  6.26  6.94  6.85  6.33  5.88  5.56  4.19  2.72  1.64  1.35  0.89  0.46  0.26  0.11  0.06  0.04  0.03  0.03
 9 -55  0.03  0.10  0.17  0.35  0.68  1.01  1.65  3.08  4.35  5.31  6.59  7.30  7.24  6.77  6.26  5.87  4.61  2.99  1.76  1.42  0.87  0.44  0.26  0.11  0.06  0.04  0.04  0.03
 9 -50  0.04  0.11  0.18  0.35  0.69  1.03  1.68  3.17  4.53  5.55  6.87  7.67  7.65  7.17  6.60  6.17  5.01  3.25  1.84  1.45  0.84  0.42  0.25  0.11  0.06  0.04  0.04  0.03
 9 -45  0.04  0.11  0.18  0.35  0.70  1.04  1.69  3.18  4.56  5.59  6.97  7.85  7.85  7.38  6.66  6.12  4.95  3.16  1.78  1.40  0.79  0.40  0.25  0.10  0.06  0.04  0.04  0.04
 9 -40  0.04  0.11  0.18  0.35  0.70  1.03  1.68  3.16  4.60  5.62  7.11  8.09  8.11  7.63  6.72  6.05  4.89  3.09  1.71  1.34  0.74  0.37  0.24  0.10  0.06  0.05  0.04  0.04
 9 -35  0.03  0.10  0.17  0.34  0.68  1.00  1.63  3.07  4.48  5.50  7.07  8.24  8.33  7.86  6.83  6.08  4.80  2.79  1.43  1.10  0.56  0.27  0.19  0.09  0.06  0.05  0.04  0.04
 9 -30  0.03  0.10  0.17  0.33  0.65  0.97  1.58  2.99  4.35  5.36  7.04  8.38  8.56  8.11  6.97  6.12  4.71  2.48  1.15  0.86  0.38  0.18  0.09  0.07  0.06  0.05  0.05  0.04
 9 -25  0.03  0.10  0.17  0.33  0.65  0.97  1.57  2.92  4.22  5.19  6.93  8.44  8.76  8.41  7.22  6.34  4.69  2.24  0.94  0.70  0.29  0.08  0.06  0.05  0.05  0.05  0.05  0.04
 9 -20  0.03  0.10  0.16  0.33  0.64  0.95  1.54  2.86  4.10  5.04  6.82  8.47  8.93  8.68  7.44  6.55  4.67  2.01  0.74  0.54  0.21  0.06  0.04  0.04  0.04  0.04  0.05  0.05
 9 -15  0.03  0.09  0.16  0.31  0.62  0.92  1.50  2.87  4.05  4.90  6.63  8.44  9.09  8.98  7.74  6.87  4.40  1.71  0.64  0.47  0.18  0.05  0.04  0.04  0.04  0.04  0.05  0.05
 9 -10  0.03  0.09  0.15  0.31  0.61  0.90  1.48  2.84  3.98  4.76  6.40  8.44  9.27  9.32  8.05  7.19  4.12  1.42  0.54  0.39  0.15  0.04  0.03  0.03  0.04  0.04  0.04  0.04
 9  -5  0.03  0.09  0.15  0.30  0.61  0.90  1.48  2.85  3.96  4.74  6.27  8.45  9.44  9.56  8.13  7.20  4.08  1.38  0.54  0.39  0.15  0.04  0.03  0.03  0.03  0.04  0.04  0.04
 9   0  0.03  0.09  0.14  0.29  0.58  0.87  1.44  2.86  3.95  4.72  6.23  8.47  9.61  9.78  8.20  7.19  4.02  1.35  0.54  0.39  0.15  0.04  0.03  0.03  0.03  0.04  0.04  0.03
 9   5  0.03  0.09  0.15  0.30  0.60  0.89  1.47  2.85  3.97  4.77  6.36  8.54  9.61  9.81  8.33  7.36  4.28  1.48  0.62  0.45  0.16  0.04  0.03  0.03  0.03  0.03  0.03  0.03
 9  10  0.03  0.09  0.15  0.30  0.60  0.89  1.47  2.86  4.02  4.86  6.52  8.66  9.65  9.84  8.47  7.53  4.56  1.63  0.69  0.50  0.18  0.04  0.03  0.03  0.03  0.03  0.03  0.03
 9  15  0.03  0.09  0.15  0.31  0.61  0.91  1.50  2.88  4.10  4.96  6.69  8.68  9.49  9.58  8.31  7.40  4.54  1.65  0.69  0.50  0.18  0.04  0.03  0.03  0.04  0.04  0.04  0.03
 9  20  0.03  0.10  0.16  0.32  0.63  0.94  1.53  2.90  4.16  5.05  6.84  8.70  9.35  9.33  8.15  7.28  4.53  1.67  0.70  0.50  0.19  0.05  0.04  0.04  0.04  0.04  0.04  0.04
 9  25  0.03  0.09  0.16  0.31  0.62  0.92  1.52  2.92  4.22  5.13  6.85  8.56  9.09  9.02  8.02  7.28  4.57  1.75  0.72  0.52  0.19  0.06  0.05  0.04  0.05  0.05  0.05  0.04
 9  30  0.03  0.10  0.16  0.32  0.63  0.93  1.53  2.94  4.26  5.20  6.90  8.43  8.84  8.71  7.88  7.27  4.60  1.83  0.74  0.53  0.20  0.08  0.06  0.05  0.05  0.05  0.05  0.04
 9  35  0.03  0.10  0.16  0.32  0.63  0.94  1.54  2.94  4.24  5.19  6.83  8.19  8.52  8.35  7.49  6.89  4.50  2.00  0.91  0.68  0.29  0.10  0.07  0.06  0.05  0.05  0.05  0.05
 9  40  0.03  0.10  0.16  0.32  0.63  0.94  1.54  2.95  4.28  5.22  6.76  7.96  8.20  7.99  7.11  6.50  4.38  2.16  1.09  0.82  0.38  0.13  0.09  0.07  0.06  0.06  0.05  0.05
 9  45  0.03  0.10  0.16  0.32  0.64  0.94  1.55  2.94  4.28  5.22  6.71  7.77  7.89  7.58  6.78  6.19  4.28  2.25  1.23  0.95  0.50  0.20  0.12  0.09  0.07  0.06  0.05  0.05
 9  50  0.03  0.10  0.16  0.32  0.63  0.94  1.54  2.93  4.25  5.19  6.63  7.53  7.53  7.12  6.38  5.86  4.19  2.35  1.37  1.08  0.62  0.25  0.16  0.11  0.08  0.06  0.05  0.05
 9  55  0.03  0.09  0.15  0.31  0.61  0.91  1.50  2.91  4.22  5.16  6.54  7.29  7.16  6.67  5.94  5.43  3.99  2.42  1.49  1.19  0.71  0.30  0.19  0.14  0.09  0.06  0.05  0.05
 9  60  0.03  0.09  0.15  0.31  0.61  0.91  1.51  2.94  4.28  5.24  6.54  7.07  6.80  6.17  5.51  5.04  3.81  2.51  1.64  1.31  0.80  0.35  0.23  0.16  0.10  0.06  0.05  0.05
 9  65  0.03  0.09  0.16  0.31  0.62  0.92  1.52  2.95  4.25  5.19  6.28  6.57  6.21  5.56  4.90  4.44  3.53  2.48  1.72  1.40  0.88  0.40  0.26  0.17  0.11  0.07  0.05  0.05
 9  70  0.03  0.09  0.16  0.31  0.62  0.93  1.53  2.96  4.22  5.13  6.00  6.06  5.62  4.95  4.29  3.83  3.25  2.45  1.81  1.48  0.97  0.45  0.30  0.19  0.11  0.07  0.05  0.05
 9  75  0.03  0.10  0.16  0.32  0.63  0.93  1.53  2.95  3.99  4.74  5.29  5.29  4.95  4.42  4.04  3.78  3.19  2.44  1.80  1.48  0.98  0.45  0.30  0.20  0.12  0.07  0.05  0.05
 9  80  0.03  0.10  0.16  0.32  0.63  0.93  1.53  2.93  3.76  4.35  4.56  4.51  4.27  3.89  3.79  3.72  3.12  2.43  1.80  1.49  0.98  0.45  0.31  0.20  0.12  0.07  0.05  0.05
 9  85  0.03  0.10  0.16  0.32  0.63  0.93  1.53  2.92  3.73  4.32  4.52  4.47  4.24  3.87  3.77  3.70  3.11  2.43  1.80  1.49  0.98  0.45  0.31  0.20  0.12  0.07  0.05  0.05
 9  90  0.03  0.10  0.16  0.32  0.63  0.93  1.52  2.91  3.70  4.28  4.47  4.42  4.20  3.85  3.75  3.68  3.10  2.42  1.80  1.49  0.98  0.45  0.31  0.20  0.13  0.07  0.05  0.05
10 -90  0.03  0.09  0.14  0.28  0.56  0.83  1.34  2.45  3.35  3.98  5.16  5.92  5.93  5.48  4.66  4.08  2.69  0.80  0.39  0.35  0.30  0.32  0.14  0.07  0.05  0.04  0.03  0.03
10 -85  0.03  0.09  0.14  0.28  0.56  0.83  1.33  2.44  3.34  3.98  5.17  5.93  5.94  5.48  4.66  4.08  2.69  0.80  0.38  0.35  0.30  0.32  0.15  0.07  0.05  0.04  0.03  0.03
10 -80  0.03  0.09  0.14  0.28  0.56  0.83  1.33  2.43  3.33  3.99  5.18  5.94  5.94  5.47  4.65  4.07  2.69  0.81  0.38  0.34  0.30  0.32  0.16  0.08  0.05  0.04  0.03  0.03
10 -75  0.03  0.09  0.14  0.29  0.56  0.83  1.34  2.46  3.39  4.08  5.33  6.22  6.30  5.84  5.18  4.71  3.16  1.18  0.58  0.49  0.37  0.35  0.22  0.08  0.05  0.04  0.03  0.03
10 -70  0.03  0.09  0.14  0.29  0.56  0.83  1.35  2.48  3.45  4.18  5.47  6.50  6.64  6.20  5.72  5.35  3.63  1.58  0.79  0.66  0.45  0.39  0.24  0.09  0.06  0.04  0.03  0.03
10 -65  0.03  0.09  0.15  0.30  0.58  0.86  1.39  2.58  3.66  4.47  5.80  6.87  7.03  6.60  6.28  6.04  4.29  2.20  1.16  0.93  0.58  0.40  0.25  0.10  0.06  0.04  0.03  0.03
10 -60  0.03  0.09  0.15  0.31  0.60  0.89  1.44  2.69  3.86  4.74  6.13  7.24  7.42  7.01  6.85  6.73  4.94  2.80  1.53  1.21  0.72  0.42  0.26  0.11  0.07  0.04  0.03  0.03
10 -55  0.03  0.09  0.16  0.31  0.62  0.91  1.48  2.78  4.02  4.95  6.39  7.52  7.68  7.30  6.89  6.58  5.03  3.06  1.75  1.38  0.79  0.40  0.25  0.15  0.07  0.04  0.04  0.03
10 -50  0.03  0.09  0.16  0.31  0.62  0.92  1.50  2.82  4.12  5.09  6.61  7.79  7.96  7.55  6.89  6.41  5.11  3.29  1.93  1.52  0.86  0.38  0.24  0.15  0.07  0.04  0.04  0.03
10 -45  0.03  0.09  0.16  0.31  0.61  0.91  1.50  2.86  4.17  5.13  6.71  7.98  8.18  7.75  7.10  6.61  5.24  3.33  1.92  1.51  0.84  0.37  0.23  0.10  0.06  0.05  0.04  0.04
10 -40  0.03  0.09  0.16  0.31  0.62  0.92  1.50  2.86  4.21  5.16  6.83  8.23  8.45  7.99  7.30  6.79  5.38  3.40  1.91  1.49  0.82  0.36  0.23  0.09  0.06  0.05  0.04  0.04
10 -35  0.03  0.09  0.15  0.31  0.61  0.91  1.48  2.83  4.15  5.11  6.82  8.37  8.68  8.25  7.38  6.74  5.13  2.90  1.47  1.13  0.59  0.26  0.14  0.08  0.06  0.05  0.04  0.04
10 -30  0.03  0.09  0.15  0.30  0.60  0.89  1.46  2.81  4.09  5.04  6.79  8.50  8.91  8.53  7.48  6.70  4.88  2.38  1.03  0.77  0.35  0.15  0.10  0.07  0.06  0.05  0.05  0.04
10 -25  0.03  0.09  0.15  0.31  0.61  0.90  1.47  2.79  4.01  4.92  6.70  8.51  9.07  8.81  7.63  6.75  4.68  2.06  0.84  0.63  0.26  0.09  0.06  0.05  0.05  0.05  0.05  0.05
10 -20  0.03  0.09  0.15  0.30  0.60  0.90  1.46  2.78  3.95  4.83  6.61  8.49  9.17  9.07  7.75  6.80  4.47  1.73  0.66  0.48  0.18  0.06  0.05  0.04  0.04  0.05  0.05  0.05
10 -15  0.03  0.09  0.15  0.29  0.59  0.87  1.44  2.80  3.93  4.74  6.46  8.41  9.22  9.25  7.98  7.09  4.29  1.57  0.58  0.42  0.15  0.05  0.04  0.04  0.04  0.04  0.05  0.05
10 -10  0.03  0.09  0.14  0.29  0.57  0.85  1.42  2.80  3.89  4.65  6.25  8.35  9.30  9.47  8.23  7.38  4.12  1.43  0.51  0.37  0.13  0.04  0.04  0.04  0.04  0.04  0.04  0.04
10  -5  0.03  0.09  0.14  0.29  0.57  0.86  1.42  2.81  3.89  4.64  6.13  8.32  9.39  9.61  8.27  7.40  4.06  1.40  0.50  0.36  0.13  0.04  0.03  0.03  0.03  0.04  0.04  0.04
10   0  0.03  0.08  0.14  0.28  0.56  0.85  1.41  2.83  3.89  4.63  6.09  8.29  9.47  9.74  8.32  7.41  4.00  1.37  0.48  0.35  0.13  0.04  0.03  0.03  0.03  0.03  0.03  0.03
10   5  0.03  0.09  0.15  0.29  0.58  0.87  1.44  2.82  3.91  4.68  6.20  8.32  9.42  9.71  8.32  7.42  4.22  1.48  0.57  0.41  0.14  0.04  0.03  0.03  0.03  0.03  0.03  0.03
10  10  0.03  0.09  0.15  0.30  0.59  0.88  1.45  2.82  3.95  4.75  6.34  8.40  9.41  9.70  8.34  7.43  4.45  1.59  0.65  0.46  0.16  0.04  0.03  0.03  0.03  0.03  0.03  0.03
10  15  0.03  0.09  0.15  0.30  0.60  0.89  1.47  2.84  4.00  4.83  6.49  8.42  9.26  9.42  8.14  7.23  4.41  1.61  0.66  0.47  0.16  0.04  0.03  0.03  0.03  0.04  0.04  0.04
10  20  0.03  0.09  0.16  0.31  0.62  0.92  1.50  2.85  4.05  4.89  6.60  8.43  9.12  9.16  7.94  7.05  4.38  1.63  0.67  0.47  0.16  0.05  0.04  0.04  0.04  0.04  0.04  0.04
10  25  0.03  0.09  0.15  0.31  0.61  0.91  1.50  2.90  4.16  5.04  6.69  8.32  8.83  8.78  7.79  7.04  4.43  1.70  0.69  0.50  0.18  0.06  0.04  0.04  0.04  0.04  0.05  0.04
10  30  0.03  0.10  0.16  0.32  0.63  0.93  1.53  2.93  4.25  5.19  6.82  8.22  8.55  8.41  7.61  7.03  4.48  1.75  0.71  0.52  0.19  0.08  0.05  0.05  0.05  0.05  0.05  0.04
10  35  0.03  0.10  0.16  0.33  0.65  0.96  1.57  2.99  4.36  5.35  6.88  7.96  8.12  7.88  7.13  6.60  4.39  1.94  0.91  0.68  0.30  0.11  0.07  0.05  0.05  0.05  0.05  0.05
10  40  0.03  0.10  0.17  0.33  0.66  0.99  1.61  3.07  4.51  5.54  6.94  7.72  7.69  7.36  6.66  6.17  4.29  2.11  1.10  0.84  0.41  0.18  0.09  0.07  0.06  0.05  0.05  0.05
10  45  0.04  0.11  0.18  0.35  0.69  1.03  1.68  3.17  4.66  5.71  6.97  7.51  7.35  6.94  6.36  5.92  4.28  2.27  1.27  0.98  0.53  0.21  0.12  0.09  0.07  0.06  0.05  0.05
10  50  0.04  0.11  0.18  0.36  0.71  1.06  1.73  3.27  4.76  5.85  6.95  7.24  6.96  6.49  6.01  5.66  4.28  2.43  1.43  1.13  0.65  0.25  0.14  0.11  0.08  0.06  0.05  0.05
10  55  0.04  0.11  0.18  0.36  0.72  1.07  1.75  3.34  4.80  5.87  6.80  6.94  6.61  6.11  5.67  5.35  4.18  2.47  1.52  1.21  0.73  0.30  0.18  0.13  0.09  0.06  0.05  0.05
10  60  0.04  0.11  0.19  0.37  0.74  1.10  1.81  3.47  4.93  6.00  6.71  6.66  6.26  5.70  5.33  5.06  4.11  2.54  1.63  1.31  0.81  0.35  0.22  0.15  0.10  0.06  0.05  0.05
10  65  0.04  0.11  0.19  0.38  0.75  1.12  1.83  3.50  4.79  5.75  6.27  6.15  5.76  5.23  4.89  4.66  3.84  2.54  1.75  1.43  0.92  0.40  0.24  0.17  0.10  0.06  0.05  0.05
10  70  0.04  0.12  0.19  0.39  0.77  1.14  1.86  3.52  4.65  5.50  5.81  5.63  5.25  4.76  4.46  4.25  3.57  2.54  1.87  1.55  1.04  0.45  0.27  0.18  0.10  0.06  0.05  0.05
10  75  0.04  0.12  0.19  0.38  0.76  1.13  1.84  3.47  4.23  4.82  5.06  5.02  4.76  4.36  4.09  3.91  3.40  2.55  1.92  1.60  1.08  0.48  0.28  0.19  0.11  0.06  0.05  0.05
10  80  0.04  0.12  0.19  0.38  0.75  1.12  1.82  3.41  3.81  4.13  4.31  4.40  4.27  3.96  3.73  3.57  3.23  2.55  1.96  1.64  1.13  0.50  0.29  0.20  0.11  0.06  0.05  0.05
10  85  0.04  0.12  0.19  0.38  0.75  1.12  1.81  3.40  3.78  4.10  4.26  4.36  4.24  3.94  3.71  3.55  3.22  2.55  1.96  1.64  1.13  0.50  0.29  0.20  0.12  0.06  0.05  0.05
10  90  0.04  0.12  0.19  0.38  0.75  1.11  1.81  3.39  3.76  4.06  4.22  4.32  4.21  3.92  3.70  3.54  3.21  2.55  1.96  1.65  1.13  0.50  0.29  0.20  0.12  0.06  0.05  0.04
11 -90  0.02  0.07  0.12  0.25  0.49  0.72  1.18  2.21  3.07  3.67  4.96  6.10  6.34  6.11  5.81  5.55  4.28  1.97  1.03  0.83  0.51  0.37  0.25  0.15  0.06  0.04  0.03  0.02
11 -85  0.02  0.07  0.12  0.25  0.49  0.72  1.17  2.20  3.06  3.67  4.98  6.11  6.35  6.11  5.80  5.55  4.28  1.97  1.02  0.83  0.51  0.37  0.25  0.09  0.06  0.04  0.03  0.03
11 -80  0.02  0.07  0.12  0.25  0.49  0.72  1.17  2.19  3.05  3.67  4.99  6.12  6.36  6.10  5.80  5.54  4.28  1.97  1.02  0.82  0.51  0.37  0.25  0.15  0.06  0.04  0.03  0.03
11 -75  0.03  0.08  0.13  0.25  0.49  0.73  1.18  2.21  3.10  3.76  5.05  6.25  6.53  6.27  6.11  5.97  4.57  2.16  1.12  0.90  0.56  0.40  0.26  0.16  0.06  0.04  0.03  0.03
11 -70  0.03  0.08  0.13  0.25  0.50  0.74  1.20  2.23  3.15  3.84  5.10  6.38  6.71  6.44  6.43  6.41  4.86  2.37  1.24  1.00  0.62  0.42  0.28  0.17  0.06  0.04  0.03  0.03
11 -65  0.03  0.08  0.13  0.26  0.51  0.76  1.23  2.30  3.28  4.02  5.34  6.66  7.00  6.70  6.68  6.66  5.03  2.66  1.44  1.14  0.67  0.42  0.27  0.17  0.07  0.04  0.03  0.03
11 -60  0.03  0.08  0.14  0.27  0.53  0.79  1.27  2.38  3.40  4.18  5.57  6.94  7.29  6.96  6.93  6.90  5.20  2.95  1.64  1.28  0.72  0.41  0.26  0.16  0.07  0.04  0.03  0.03
11 -55  0.03  0.08  0.14  0.28  0.55  0.81  1.32  2.45  3.52  4.32  5.77  7.23  7.62  7.31  6.90  6.59  5.06  3.03  1.72  1.33  0.72  0.37  0.24  0.15  0.07  0.04  0.04  0.03
11 -50  0.03  0.08  0.14  0.28  0.55  0.82  1.33  2.49  3.59  4.40  5.93  7.52  7.97  7.62  6.84  6.27  4.91  3.08  1.75  1.35  0.71  0.32  0.21  0.11  0.07  0.05  0.04  0.03
11 -45  0.03  0.08  0.14  0.28  0.55  0.81  1.34  2.57  3.67  4.48  6.05  7.74  8.25  7.93  7.08  6.45  4.98  3.07  1.72  1.33  0.69  0.31  0.20  0.10  0.06  0.05  0.04  0.03
11 -40  0.03  0.08  0.14  0.27  0.55  0.81  1.34  2.61  3.73  4.54  6.17  7.99  8.58  8.28  7.30  6.60  5.06  3.07  1.68  1.30  0.67  0.31  0.20  0.08  0.06  0.05  0.04  0.04
11 -35  0.03  0.08  0.14  0.28  0.55  0.83  1.36  2.63  3.78  4.61  6.26  8.16  8.81  8.56  7.47  6.67  4.81  2.60  1.28  0.97  0.48  0.23  0.12  0.07  0.06  0.05  0.04  0.04
11 -30  0.03  0.08  0.14  0.28  0.56  0.83  1.37  2.67  3.81  4.65  6.33  8.31  9.04  8.88  7.65  6.74  4.56  2.12  0.87  0.65  0.28  0.15  0.09  0.06  0.06  0.05  0.05  0.04
11 -25  0.03  0.09  0.14  0.29  0.57  0.85  1.40  2.70  3.83  4.67  6.38  8.38  9.17  9.10  7.72  6.72  4.41  1.92  0.74  0.54  0.22  0.09  0.06  0.05  0.05  0.05  0.05  0.04
11 -20  0.03  0.09  0.14  0.29  0.57  0.85  1.41  2.74  3.87  4.72  6.46  8.42  9.24  9.29  7.77  6.69  4.26  1.72  0.61  0.44  0.16  0.06  0.05  0.04  0.04  0.05  0.05  0.04
11 -15  0.03  0.09  0.14  0.28  0.57  0.85  1.41  2.79  3.92  4.72  6.43  8.40  9.26  9.39  7.97  6.97  4.15  1.56  0.55  0.40  0.15  0.05  0.04  0.04  0.04  0.04  0.04  0.04
11 -10  0.03  0.08  0.14  0.28  0.56  0.84  1.40  2.82  3.95  4.73  6.34  8.40  9.33  9.53  8.18  7.24  4.04  1.41  0.50  0.37  0.14  0.04  0.04  0.03  0.04  0.04  0.04  0.04
11  -5  0.03  0.08  0.14  0.28  0.56  0.84  1.41  2.86  3.97  4.75  6.25  8.34  9.32  9.53  8.15  7.24  3.95  1.35  0.48  0.35  0.14  0.04  0.03  0.03  0.03  0.04  0.04  0.03
11   0  0.03  0.09  0.14  0.29  0.57  0.86  1.44  2.87  4.00  4.78  6.24  8.28  9.29  9.51  8.13  7.23  3.86  1.29  0.46  0.34  0.13  0.04  0.03  0.03  0.03  0.03  0.03  0.03
11   5  0.03  0.09  0.15  0.29  0.59  0.88  1.45  2.85  3.97  4.76  6.24  8.20  9.19  9.44  8.09  7.21  4.07  1.38  0.51  0.37  0.13  0.04  0.03  0.03  0.03  0.03  0.03  0.03
11  10  0.03  0.09  0.15  0.30  0.59  0.88  1.45  2.83  3.96  4.76  6.28  8.18  9.11  9.39  8.08  7.20  4.28  1.47  0.56  0.40  0.14  0.04  0.03  0.03  0.03  0.04  0.04  0.03
11  15  0.03  0.09  0.15  0.30  0.60  0.89  1.47  2.85  4.00  4.82  6.40  8.15  8.90  9.07  7.84  6.98  4.19  1.50  0.56  0.40  0.14  0.04  0.03  0.03  0.04  0.04  0.04  0.04
11  20  0.03  0.09  0.16  0.31  0.62  0.92  1.50  2.86  4.04  4.87  6.47  8.10  8.70  8.75  7.61  6.77  4.11  1.53  0.57  0.41  0.14  0.05  0.04  0.04  0.04  0.04  0.04  0.04
11  25  0.03  0.09  0.16  0.31  0.62  0.92  1.51  2.94  4.20  5.10  6.61  7.97  8.35  8.30  7.39  6.69  4.18  1.63  0.65  0.47  0.18  0.06  0.04  0.04  0.04  0.04  0.04  0.04
11  30  0.03  0.10  0.16  0.33  0.65  0.96  1.58  3.01  4.36  5.32  6.79  7.85  8.02  7.84  7.13  6.61  4.26  1.73  0.72  0.53  0.22  0.08  0.05  0.05  0.04  0.04  0.04  0.04
11  35  0.03  0.10  0.17  0.35  0.68  1.02  1.66  3.14  4.56  5.59  6.89  7.60  7.59  7.31  6.74  6.34  4.41  2.04  0.97  0.73  0.34  0.14  0.08  0.06  0.05  0.05  0.05  0.04
11  40  0.04  0.11  0.18  0.36  0.72  1.07  1.74  3.29  4.80  5.89  6.99  7.35  7.16  6.80  6.36  6.06  4.56  2.32  1.21  0.93  0.46  0.18  0.11  0.07  0.06  0.05  0.05  0.05
11  45  0.04  0.12  0.19  0.38  0.76  1.12  1.83  3.45  4.99  6.08  6.96  7.10  6.84  6.43  6.16  5.95  4.59  2.46  1.39  1.08  0.60  0.25  0.15  0.10  0.07  0.05  0.05  0.05
11  50  0.04  0.12  0.20  0.40  0.80  1.18  1.92  3.60  5.12  6.25  6.88  6.80  6.46  6.05  5.91  5.82  4.63  2.59  1.56  1.25  0.74  0.31  0.17  0.12  0.08  0.06  0.05  0.05
11  55  0.04  0.12  0.21  0.41  0.81  1.20  1.95  3.67  5.04  6.08  6.56  6.48  6.16  5.78  5.65  5.56  4.47  2.62  1.64  1.34  0.86  0.36  0.20  0.13  0.09  0.06  0.05  0.05
11  60  0.04  0.12  0.21  0.41  0.82  1.22  1.99  3.79  5.04  5.99  6.30  6.16  5.86  5.48  5.39  5.33  4.34  2.68  1.73  1.44  0.98  0.42  0.23  0.15  0.09  0.06  0.05  0.05
11  65  0.04  0.12  0.20  0.40  0.79  1.18  1.92  3.64  4.78  5.66  6.02  5.97  5.72  5.34  5.13  4.99  4.22  2.76  1.91  1.62  1.15  0.51  0.27  0.18  0.10  0.06  0.05  0.05
11  70  0.04  0.12  0.20  0.39  0.78  1.15  1.87  3.48  4.52  5.31  5.73  5.77  5.57  5.21  4.87  4.65  4.11  2.84  2.09  1.80  1.33  0.60  0.31  0.20  0.10  0.06  0.05  0.05
11  75  0.04  0.12  0.20  0.39  0.76  1.13  1.82  3.33  4.23  4.92  5.25  5.08  4.75  4.34  4.04  3.84  3.54  2.76  2.02  1.73  1.26  0.56  0.29  0.18  0.10  0.06  0.05  0.05
11  80  0.04  0.12  0.19  0.38  0.75  1.10  1.77  3.18  3.94  4.52  4.77  4.39  3.92  3.47  3.21  3.03  2.98  2.68  1.95  1.66  1.20  0.52  0.26  0.17  0.10  0.06  0.05  0.04
11  85  0.04  0.12  0.19  0.38  0.75  1.10  1.77  3.17  3.92  4.49  4.73  4.35  3.89  3.46  3.20  3.02  2.97  2.67  1.94  1.66  1.20  0.52  0.26  0.17  0.10  0.06  0.05  0.04
11  90  0.04  0.12  0.19  0.38  0.75  1.10  1.76  3.16  3.89  4.45  4.69  4.31  3.86  3.44  3.18  3.00  2.96  2.67  1.94  1.67  1.20  0.52  0.26  0.17  0.10  0.06  0.05  0.04
12 -90  0.02  0.07  0.11  0.22  0.43  0.64  1.03  1.92  2.76  3.34  4.63  5.81  5.98  5.59  5.38  5.22  4.57  3.09  1.76  1.40  0.79  0.39  0.30  0.18  0.09  0.05  0.03  0.02
12 -85  0.02  0.07  0.11  0.22  0.43  0.64  1.03  1.91  2.75  3.34  4.64  5.82  5.98  5.58  5.37  5.22  4.57  3.09  1.76  1.39  0.79  0.39  0.30  0.18  0.09  0.05  0.03  0.02
12 -80  0.02  0.07  0.11  0.22  0.43  0.64  1.03  1.91  2.74  3.34  4.65  5.83  5.99  5.58  5.37  5.21  4.57  3.10  1.76  1.39  0.79  0.39  0.30  0.19  0.09  0.04  0.03  0.02
12 -75  0.02  0.07  0.11  0.22  0.44  0.66  1.06  1.96  2.80  3.42  4.69  5.92  6.15  5.75  5.54  5.39  4.70  3.11  1.75  1.38  0.79  0.39  0.30  0.18  0.07  0.04  0.03  0.02
12 -70  0.02  0.07  0.12  0.23  0.46  0.67  1.09  2.02  2.86  3.50  4.73  6.02  6.32  5.93  5.72  5.56  4.83  3.13  1.76  1.39  0.80  0.39  0.29  0.18  0.07  0.04  0.03  0.03
12 -65  0.02  0.07  0.12  0.24  0.47  0.70  1.13  2.10  2.96  3.62  4.90  6.30  6.69  6.35  6.07  5.87  4.91  3.10  1.73  1.36  0.77  0.37  0.27  0.16  0.08  0.04  0.03  0.03
12 -60  0.03  0.08  0.13  0.25  0.49  0.73  1.18  2.18  3.06  3.75  5.06  6.58  7.07  6.77  6.43  6.18  4.99  3.07  1.71  1.33  0.74  0.34  0.25  0.15  0.08  0.04  0.03  0.03
12 -55  0.03  0.08  0.13  0.26  0.51  0.76  1.23  2.27  3.18  3.87  5.23  6.90  7.50  7.29  6.74  6.34  4.90  2.91  1.59  1.23  0.65  0.31  0.21  0.13  0.08  0.05  0.04  0.03
12 -50  0.03  0.08  0.13  0.26  0.52  0.77  1.25  2.33  3.26  3.96  5.39  7.23  7.95  7.77  7.02  6.49  4.79  2.72  1.43  1.10  0.56  0.28  0.18  0.11  0.07  0.05  0.04  0.03
12 -45  0.03  0.08  0.13  0.26  0.52  0.78  1.28  2.44  3.41  4.12  5.57  7.47  8.26  8.17  7.10  6.31  4.59  2.55  1.34  1.03  0.53  0.26  0.16  0.09  0.06  0.05  0.04  0.03
12 -40  0.03  0.08  0.13  0.26  0.52  0.78  1.29  2.53  3.52  4.25  5.75  7.74  8.61  8.58  7.15  6.12  4.40  2.40  1.25  0.96  0.49  0.24  0.13  0.08  0.06  0.05  0.04  0.04
12 -35  0.03  0.08  0.14  0.27  0.54  0.80  1.33  2.58  3.65  4.42  5.97  7.97  8.83  8.79  7.52  6.59  4.39  2.11  0.98  0.74  0.36  0.18  0.10  0.07  0.05  0.05  0.04  0.04
12 -30  0.03  0.08  0.14  0.27  0.55  0.82  1.35  2.65  3.74  4.55  6.17  8.18  9.03  9.03  7.90  7.06  4.38  1.81  0.71  0.53  0.23  0.12  0.07  0.06  0.05  0.05  0.05  0.04
12 -25  0.03  0.09  0.14  0.28  0.56  0.84  1.39  2.71  3.84  4.68  6.37  8.35  9.18  9.18  7.92  7.00  4.30  1.70  0.62  0.45  0.18  0.08  0.06  0.05  0.05  0.05  0.05  0.04
12 -20  0.03  0.08  0.14  0.28  0.56  0.84  1.40  2.78  3.96  4.84  6.59  8.49  9.26  9.31  7.92  6.93  4.20  1.58  0.53  0.38  0.13  0.06  0.04  0.04  0.04  0.04  0.04  0.04
12 -15  0.03  0.08  0.14  0.28  0.56  0.85  1.41  2.85  4.06  4.94  6.71  8.59  9.34  9.41  8.06  7.08  4.11  1.47  0.48  0.35  0.13  0.05  0.04  0.04  0.04  0.04  0.04  0.04
12 -10  0.03  0.08  0.14  0.28  0.56  0.84  1.42  2.90  4.16  5.04  6.76  8.71  9.47  9.54  8.19  7.24  4.03  1.36  0.44  0.32  0.13  0.04  0.03  0.03  0.03  0.04  0.04  0.03
12  -5  0.03  0.08  0.14  0.28  0.56  0.85  1.43  2.94  4.20  5.08  6.69  8.65  9.41  9.46  7.99  6.99  3.87  1.31  0.42  0.32  0.13  0.04  0.03  0.03  0.03  0.03  0.03  0.03
12   0  0.03  0.09  0.15  0.30  0.59  0.89  1.48  2.94  4.22  5.12  6.68  8.54  9.31  9.36  7.78  6.72  3.71  1.26  0.41  0.31  0.14  0.04  0.03  0.03  0.03  0.03  0.03  0.03
12   5  0.03  0.09  0.15  0.30  0.60  0.89  1.48  2.92  4.16  5.06  6.60  8.36  9.11  9.17  7.77  6.84  3.93  1.36  0.46  0.34  0.13  0.04  0.03  0.03  0.03  0.04  0.04  0.03
12  10  0.03  0.09  0.15  0.30  0.60  0.90  1.48  2.89  4.13  5.00  6.56  8.24  8.92  9.00  7.78  6.96  4.17  1.46  0.51  0.37  0.13  0.04  0.03  0.03  0.03  0.04  0.04  0.04
12  15  0.03  0.09  0.15  0.30  0.60  0.90  1.48  2.89  4.12  5.00  6.58  8.12  8.67  8.67  7.52  6.70  4.08  1.53  0.53  0.38  0.13  0.04  0.04  0.04  0.04  0.04  0.04  0.04
12  20  0.03  0.09  0.16  0.31  0.62  0.92  1.51  2.88  4.11  4.97  6.55  7.98  8.40  8.33  7.25  6.46  3.98  1.61  0.55  0.39  0.13  0.05  0.04  0.04  0.04  0.04  0.04  0.04
12  25  0.03  0.09  0.15  0.31  0.61  0.91  1.51  2.93  4.19  5.09  6.55  7.76  8.02  7.87  7.10  6.50  4.17  1.76  0.69  0.50  0.20  0.06  0.05  0.04  0.04  0.04  0.04  0.04
12  30  0.03  0.10  0.16  0.32  0.64  0.95  1.56  2.96  4.26  5.18  6.58  7.56  7.64  7.40  6.92  6.56  4.37  1.92  0.82  0.61  0.26  0.09  0.06  0.05  0.05  0.04  0.04  0.04
12  35  0.03  0.10  0.17  0.34  0.68  1.00  1.64  3.09  4.41  5.37  6.59  7.28  7.25  6.95  6.67  6.47  4.65  2.24  1.09  0.84  0.43  0.19  0.09  0.07  0.06  0.05  0.05  0.04
12  40  0.04  0.11  0.18  0.36  0.71  1.06  1.72  3.24  4.61  5.59  6.61  7.01  6.86  6.52  6.44  6.39  4.94  2.55  1.35  1.07  0.60  0.27  0.15  0.09  0.07  0.05  0.05  0.05
12  45  0.04  0.11  0.19  0.38  0.75  1.11  1.81  3.40  4.76  5.72  6.51  6.76  6.59  6.27  6.21  6.15  4.86  2.78  1.57  1.25  0.74  0.33  0.18  0.12  0.08  0.05  0.05  0.05
12  50  0.04  0.12  0.20  0.40  0.79  1.17  1.90  3.55  4.85  5.81  6.38  6.46  6.28  6.03  5.94  5.90  4.79  3.02  1.78  1.44  0.88  0.39  0.21  0.14  0.09  0.06  0.05  0.05
12  55  0.04  0.12  0.20  0.40  0.79  1.17  1.90  3.54  4.68  5.55  6.07  6.24  6.12  5.88  5.71  5.59  4.57  3.01  1.89  1.56  1.03  0.47  0.25  0.15  0.09  0.06  0.05  0.05
12  60  0.04  0.12  0.20  0.40  0.79  1.17  1.90  3.58  4.58  5.36  5.81  6.03  5.94  5.72  5.48  5.33  4.37  3.02  2.02  1.69  1.17  0.55  0.28  0.17  0.10  0.06  0.05  0.05
12  65  0.04  0.12  0.21  0.41  0.80  1.19  1.91  3.50  4.51  5.28  5.76  5.96  5.82  5.54  5.22  5.01  4.25  2.96  2.06  1.75  1.23  0.58  0.28  0.17  0.10  0.06  0.05  0.05
12  70  0.04  0.13  0.21  0.42  0.82  1.20  1.92  3.42  4.43  5.19  5.70  5.88  5.70  5.36  4.96  4.69  4.12  2.91  2.11  1.80  1.30  0.61  0.27  0.17  0.10  0.06  0.05  0.05
12  75  0.04  0.12  0.20  0.40  0.78  1.14  1.81  3.12  4.16  4.93  5.46  5.47  5.20  4.82  4.47  4.23  3.88  2.93  2.13  1.81  1.30  0.61  0.30  0.18  0.11  0.06  0.05  0.05
12  80  0.04  0.12  0.19  0.38  0.74  1.08  1.69  2.82  3.88  4.66  5.22  5.06  4.70  4.28  3.98  3.77  3.64  2.95  2.14  1.83  1.31  0.61  0.32  0.20  0.11  0.06  0.05  0.04
12  85  0.04  0.12  0.19  0.38  0.74  1.08  1.68  2.81  3.86  4.63  5.18  5.03  4.68  4.26  3.97  3.76  3.63  2.94  2.14  1.83  1.31  0.61  0.32  0.20  0.11  0.06  0.05  0.04
12  90  0.04  0.12  0.19  0.38  0.74  1.08  1.68  2.80  3.84  4.60  5.14  4.99  4.65  4.25  3.95  3.75  3.62  2.94  2.14  1.83  1.31  0.61  0.32  0.20  0.11  0.06  0.05  0.04
