     0.010
     0.030
     0.050
     0.100
     0.200
     0.300
     0.500
     1.000
     1.500
     2.000
     3.000
     5.000
     7.000
    10.000
    15.000
    20.000
    30.000
    50.000
    70.000
    80.000
   100.000
   150.000
   200.000
   250.000
   300.000
   400.000
   500.000
   600.000
 1 -90  0.02  0.07  0.11  0.22  0.43  0.64  1.03  1.88  2.68  3.23  4.49  5.48  5.48  4.94  4.28  3.80  3.59  2.85  1.92  1.55  0.95  0.38  0.28  0.18  0.09  0.05  0.03  0.02
 1 -85  0.02  0.07  0.11  0.22  0.43  0.64  1.03  1.88  2.68  3.23  4.49  5.48  5.48  4.94  4.28  3.80  3.59  2.85  1.92  1.55  0.95  0.38  0.28  0.18  0.09  0.05  0.03  0.02
 1 -80  0.02  0.07  0.11  0.22  0.43  0.64  1.03  1.88  2.68  3.23  4.49  5.48  5.48  4.94  4.28  3.80  3.59  2.85  1.92  1.55  0.95  0.38  0.28  0.18  0.09  0.05  0.03  0.02
 1 -75  0.02  0.07  0.11  0.23  0.45  0.66  1.06  1.95  2.75  3.30  4.50  5.61  5.72  5.23  4.62  4.18  3.88  2.92  1.92  1.54  0.93  0.38  0.28  0.18  0.09  0.04  0.03  0.02
 1 -70  0.02  0.07  0.12  0.23  0.46  0.68  1.10  2.02  2.82  3.38  4.51  5.74  5.96  5.51  4.96  4.56  4.17  2.99  1.91  1.53  0.91  0.38  0.27  0.17  0.08  0.04  0.03  0.03
 1 -65  0.02  0.07  0.12  0.24  0.48  0.71  1.14  2.10  2.92  3.49  4.67  6.06  6.42  6.08  5.57  5.21  4.36  2.95  1.83  1.46  0.85  0.35  0.25  0.16  0.08  0.04  0.03  0.03
 1 -60  0.03  0.08  0.13  0.25  0.50  0.73  1.18  2.18  3.02  3.61  4.82  6.38  6.89  6.64  6.18  5.86  4.55  2.91  1.74  1.38  0.79  0.33  0.24  0.14  0.08  0.04  0.03  0.03
 1 -55  0.03  0.08  0.14  0.27  0.53  0.78  1.26  2.31  3.19  3.76  4.99  6.68  7.32  7.25  6.61  6.14  4.39  2.65  1.51  1.18  0.63  0.26  0.19  0.11  0.08  0.05  0.03  0.03
 1 -50  0.03  0.08  0.14  0.27  0.54  0.79  1.28  2.36  3.24  3.81  5.10  6.99  7.78  7.77  6.97  6.41  4.21  2.36  1.20  0.93  0.47  0.19  0.13  0.10  0.07  0.05  0.04  0.03
 1 -45  0.03  0.08  0.14  0.27  0.53  0.79  1.29  2.43  3.34  3.95  5.29  7.23  8.10  8.12  7.15  6.45  4.20  2.31  1.14  0.89  0.45  0.19  0.13  0.08  0.06  0.04  0.04  0.03
 1 -40  0.03  0.08  0.14  0.27  0.54  0.80  1.31  2.53  3.44  4.06  5.42  7.45  8.40  8.52  7.34  6.51  4.20  2.26  1.07  0.83  0.41  0.17  0.10  0.07  0.05  0.04  0.04  0.03
 1 -35  0.03  0.08  0.14  0.28  0.55  0.82  1.35  2.60  3.60  4.25  5.67  7.70  8.65  8.71  7.54  6.70  4.22  1.98  0.87  0.66  0.32  0.14  0.08  0.06  0.05  0.05  0.04  0.04
 1 -30  0.03  0.08  0.14  0.28  0.56  0.83  1.37  2.67  3.70  4.38  5.86  7.92  8.85  8.94  7.74  6.89  4.23  1.72  0.66  0.50  0.22  0.10  0.06  0.05  0.05  0.05  0.04  0.04
 1 -25  0.03  0.09  0.14  0.28  0.56  0.84  1.39  2.69  3.81  4.52  6.05  8.18  9.10  9.19  7.84  6.87  4.19  1.58  0.56  0.42  0.18  0.07  0.05  0.04  0.04  0.04  0.04  0.04
 1 -20  0.03  0.08  0.14  0.28  0.55  0.83  1.38  2.75  3.90  4.66  6.29  8.45  9.32  9.40  7.92  6.85  4.14  1.44  0.47  0.35  0.15  0.05  0.04  0.04  0.04  0.04  0.04  0.04
 1 -15  0.03  0.08  0.14  0.28  0.55  0.83  1.37  2.74  3.95  4.82  6.54  8.67  9.47  9.57  8.07  6.98  4.05  1.38  0.42  0.32  0.14  0.04  0.03  0.03  0.04  0.04  0.04  0.03
 1 -10  0.03  0.08  0.14  0.27  0.54  0.82  1.37  2.77  4.07  4.97  6.83  8.94  9.75  9.80  8.25  7.10  3.93  1.32  0.37  0.29  0.09  0.04  0.03  0.03  0.03  0.04  0.03  0.03
 1  -5  0.03  0.08  0.14  0.27  0.54  0.82  1.37  2.76  4.07  4.99  6.84  8.88  9.63  9.67  8.14  7.00  3.81  1.27  0.36  0.28  0.07  0.04  0.03  0.03  0.03  0.03  0.03  0.03
 1   0  0.03  0.09  0.15  0.29  0.58  0.86  1.41  2.70  4.06  5.00  6.89  8.81  9.46  9.54  8.04  6.90  3.72  1.24  0.34  0.27  0.06  0.04  0.03  0.03  0.03  0.03  0.03  0.03
 1   5  0.03  0.09  0.15  0.29  0.58  0.86  1.42  2.72  4.03  4.96  6.71  8.56  9.20  9.20  7.83  6.83  3.85  1.36  0.40  0.31  0.06  0.04  0.03  0.03  0.03  0.04  0.04  0.04
 1  10  0.03  0.09  0.15  0.30  0.59  0.87  1.43  2.74  4.04  4.92  6.63  8.36  8.94  8.89  7.62  6.74  3.98  1.46  0.46  0.34  0.07  0.04  0.03  0.03  0.03  0.04  0.04  0.04
 1  15  0.03  0.09  0.15  0.30  0.59  0.88  1.44  2.76  4.01  4.87  6.50  8.09  8.57  8.45  7.29  6.46  3.95  1.51  0.46  0.34  0.07  0.04  0.04  0.04  0.04  0.04  0.04  0.04
 1  20  0.03  0.09  0.15  0.31  0.61  0.90  1.47  2.76  3.97  4.80  6.34  7.82  8.16  8.01  6.95  6.16  3.89  1.54  0.48  0.35  0.12  0.05  0.04  0.04  0.04  0.04  0.04  0.04
 1  25  0.03  0.09  0.15  0.31  0.61  0.91  1.49  2.85  4.02  4.88  6.28  7.49  7.74  7.58  6.81  6.21  4.19  1.77  0.65  0.48  0.21  0.06  0.05  0.05  0.04  0.04  0.04  0.04
 1  30  0.03  0.10  0.16  0.33  0.64  0.95  1.54  2.88  4.09  4.91  6.20  7.20  7.30  7.09  6.61  6.25  4.47  2.02  0.84  0.64  0.30  0.10  0.07  0.06  0.05  0.05  0.05  0.04
 1  35  0.03  0.10  0.17  0.34  0.67  1.00  1.61  2.99  4.18  5.00  6.09  6.93  6.97  6.72  6.36  6.11  4.79  2.43  1.21  0.94  0.49  0.23  0.15  0.08  0.06  0.05  0.05  0.05
 1  40  0.04  0.11  0.18  0.36  0.70  1.04  1.68  3.09  4.27  5.09  6.04  6.64  6.64  6.41  6.17  5.97  5.10  2.82  1.55  1.23  0.67  0.34  0.20  0.12  0.08  0.05  0.05  0.05
 1  45  0.04  0.11  0.18  0.37  0.72  1.07  1.73  3.19  4.34  5.14  5.92  6.40  6.39  6.16  6.05  5.98  5.16  3.05  1.77  1.43  0.85  0.43  0.24  0.15  0.09  0.06  0.05  0.05
 1  50  0.04  0.11  0.19  0.37  0.74  1.09  1.77  3.30  4.38  5.17  5.82  6.16  6.16  6.01  5.99  5.99  5.20  3.29  2.00  1.65  1.04  0.53  0.28  0.17  0.10  0.06  0.05  0.05
 1  55  0.04  0.11  0.19  0.38  0.74  1.10  1.77  3.28  4.20  4.93  5.55  5.99  6.01  5.88  5.70  5.56  4.87  3.25  2.13  1.78  1.19  0.60  0.34  0.20  0.11  0.06  0.05  0.05
 1  60  0.04  0.12  0.19  0.38  0.76  1.12  1.82  3.37  4.23  4.92  5.46  5.87  5.89  5.71  5.42  5.22  4.61  3.28  2.30  1.95  1.35  0.66  0.39  0.22  0.11  0.06  0.05  0.05
 1  65  0.04  0.11  0.19  0.38  0.75  1.10  1.78  3.28  4.12  4.81  5.44  5.98  6.03  5.84  5.46  5.20  4.43  3.25  2.28  1.93  1.34  0.66  0.38  0.22  0.11  0.06  0.05  0.05
 1  70  0.04  0.11  0.19  0.37  0.73  1.08  1.74  3.19  4.01  4.71  5.43  6.09  6.18  5.97  5.50  5.18  4.25  3.22  2.25  1.91  1.33  0.66  0.36  0.21  0.11  0.06  0.05  0.05
 1  75  0.04  0.11  0.18  0.35  0.70  1.03  1.64  2.97  3.72  4.38  5.13  5.72  5.73  5.42  4.95  4.62  3.97  3.14  2.34  2.03  1.51  0.70  0.37  0.23  0.12  0.06  0.05  0.05
 1  80  0.04  0.10  0.17  0.34  0.67  0.98  1.56  2.73  3.44  4.05  4.83  5.35  5.27  4.86  4.39  4.07  3.70  3.05  2.43  2.16  1.70  0.74  0.39  0.24  0.12  0.06  0.05  0.05
 1  85  0.04  0.10  0.17  0.34  0.67  0.98  1.56  2.73  3.44  4.05  4.83  5.35  5.27  4.86  4.39  4.07  3.70  3.05  2.43  2.16  1.70  0.74  0.39  0.24  0.12  0.06  0.05  0.05
 1  90  0.04  0.10  0.17  0.34  0.67  0.98  1.56  2.73  3.44  4.05  4.83  5.35  5.27  4.86  4.39  4.07  3.70  3.05  2.43  2.16  1.70  0.74  0.39  0.24  0.12  0.06  0.05  0.05
 2 -90  0.03  0.08  0.14  0.27  0.53  0.78  1.26  2.30  3.18  3.80  4.79  5.11  4.81  4.23  3.93  3.74  3.45  2.71  1.88  1.53  0.97  0.37  0.26  0.18  0.11  0.05  0.03  0.02
 2 -85  0.03  0.08  0.14  0.27  0.53  0.78  1.26  2.30  3.18  3.80  4.79  5.11  4.81  4.23  3.93  3.74  3.45  2.71  1.88  1.53  0.97  0.37  0.26  0.18  0.11  0.05  0.03  0.02
 2 -80  0.03  0.08  0.14  0.27  0.53  0.78  1.26  2.30  3.18  3.80  4.79  5.11  4.81  4.23  3.93  3.74  3.45  2.71  1.88  1.53  0.97  0.37  0.26  0.18  0.11  0.05  0.03  0.02
 2 -75  0.03  0.08  0.14  0.27  0.53  0.78  1.25  2.28  3.18  3.80  4.87  5.46  5.28  4.72  4.32  4.07  3.64  2.73  1.89  1.53  0.95  0.36  0.26  0.18  0.10  0.05  0.03  0.02
 2 -70  0.03  0.08  0.13  0.27  0.52  0.77  1.24  2.27  3.17  3.81  4.95  5.80  5.75  5.21  4.72  4.40  3.82  2.74  1.91  1.54  0.93  0.35  0.26  0.17  0.09  0.04  0.03  0.03
 2 -65  0.03  0.08  0.14  0.27  0.53  0.79  1.27  2.32  3.24  3.89  5.11  6.21  6.31  5.82  5.24  4.84  4.06  2.71  1.82  1.46  0.87  0.33  0.24  0.16  0.08  0.04  0.03  0.03
 2 -60  0.03  0.08  0.14  0.28  0.55  0.80  1.30  2.37  3.31  3.97  5.27  6.61  6.87  6.43  5.76  5.29  4.29  2.68  1.73  1.39  0.82  0.32  0.23  0.14  0.08  0.05  0.03  0.03
 2 -55  0.03  0.09  0.15  0.29  0.58  0.85  1.36  2.48  3.44  4.08  5.37  6.87  7.29  7.04  6.30  5.78  4.23  2.48  1.47  1.16  0.63  0.25  0.18  0.11  0.08  0.05  0.03  0.03
 2 -50  0.03  0.09  0.15  0.30  0.58  0.86  1.38  2.51  3.46  4.08  5.42  7.15  7.74  7.55  6.79  6.25  4.16  2.26  1.14  0.88  0.44  0.19  0.12  0.09  0.07  0.04  0.04  0.03
 2 -45  0.03  0.09  0.15  0.29  0.58  0.86  1.39  2.57  3.55  4.20  5.57  7.36  8.05  7.93  7.01  6.35  4.18  2.16  1.08  0.83  0.40  0.18  0.12  0.07  0.05  0.04  0.04  0.03
 2 -40  0.03  0.09  0.15  0.29  0.58  0.86  1.40  2.66  3.63  4.29  5.68  7.54  8.33  8.32  7.24  6.48  4.21  2.05  1.02  0.78  0.36  0.16  0.09  0.06  0.05  0.04  0.04  0.03
 2 -35  0.03  0.09  0.15  0.29  0.58  0.87  1.42  2.70  3.76  4.44  5.87  7.76  8.57  8.57  7.43  6.62  4.17  1.83  0.84  0.64  0.29  0.12  0.07  0.05  0.05  0.04  0.04  0.04
 2 -30  0.03  0.09  0.15  0.29  0.58  0.87  1.43  2.75  3.82  4.53  6.00  7.94  8.78  8.84  7.60  6.74  4.13  1.62  0.66  0.50  0.21  0.09  0.06  0.05  0.04  0.04  0.04  0.04
 2 -25  0.03  0.09  0.15  0.29  0.58  0.86  1.42  2.73  3.85  4.57  6.08  8.16  9.07  9.17  7.78  6.79  4.08  1.52  0.55  0.41  0.17  0.06  0.04  0.04  0.04  0.04  0.04  0.04
 2 -20  0.03  0.08  0.14  0.28  0.56  0.84  1.39  2.74  3.86  4.59  6.19  8.42  9.35  9.47  7.94  6.84  4.02  1.42  0.45  0.33  0.14  0.05  0.04  0.03  0.04  0.04  0.04  0.03
 2 -15  0.03  0.08  0.14  0.27  0.55  0.82  1.36  2.68  3.82  4.64  6.34  8.62  9.57  9.73  8.14  6.98  3.98  1.33  0.42  0.31  0.14  0.04  0.03  0.03  0.03  0.04  0.03  0.03
 2 -10  0.03  0.08  0.13  0.27  0.54  0.80  1.33  2.65  3.85  4.67  6.51  8.88  9.90 10.02  8.35  7.10  3.93  1.25  0.38  0.29  0.09  0.04  0.03  0.03  0.03  0.03  0.03  0.03
 2  -5  0.03  0.08  0.13  0.27  0.53  0.80  1.32  2.62  3.81  4.65  6.50  8.88  9.85  9.95  8.12  6.73  3.80  1.24  0.38  0.29  0.07  0.04  0.03  0.03  0.03  0.03  0.03  0.03
 2   0  0.03  0.09  0.14  0.29  0.57  0.84  1.36  2.54  3.76  4.59  6.49  8.81  9.70  9.85  7.89  6.38  3.70  1.24  0.38  0.30  0.06  0.03  0.03  0.03  0.03  0.03  0.03  0.03
 2   5  0.03  0.09  0.14  0.29  0.56  0.84  1.37  2.59  3.79  4.63  6.42  8.65  9.51  9.55  7.87  6.59  3.82  1.36  0.44  0.34  0.06  0.04  0.03  0.03  0.03  0.04  0.04  0.04
 2  10  0.03  0.09  0.14  0.29  0.57  0.84  1.38  2.64  3.86  4.69  6.44  8.53  9.32  9.30  7.83  6.78  3.92  1.46  0.50  0.37  0.06  0.04  0.03  0.03  0.03  0.04  0.04  0.04
 2  15  0.03  0.09  0.14  0.29  0.57  0.85  1.39  2.68  3.85  4.67  6.34  8.29  8.99  8.92  7.65  6.73  4.04  1.56  0.53  0.39  0.07  0.04  0.04  0.04  0.04  0.04  0.04  0.04
 2  20  0.03  0.09  0.15  0.30  0.59  0.88  1.43  2.69  3.85  4.64  6.22  8.02  8.58  8.51  7.45  6.66  4.13  1.64  0.56  0.41  0.09  0.05  0.04  0.04  0.04  0.05  0.05  0.04
 2  25  0.03  0.09  0.15  0.30  0.60  0.89  1.46  2.78  3.92  4.75  6.25  7.75  8.17  8.07  7.16  6.47  4.35  1.81  0.71  0.52  0.21  0.07  0.05  0.05  0.05  0.05  0.05  0.05
 2  30  0.03  0.10  0.16  0.32  0.63  0.93  1.51  2.82  4.00  4.81  6.22  7.50  7.74  7.56  6.81  6.26  4.56  2.01  0.87  0.65  0.28  0.16  0.09  0.07  0.06  0.05  0.05  0.05
 2  35  0.03  0.10  0.17  0.33  0.66  0.97  1.58  2.91  4.12  4.95  6.21  7.25  7.37  7.12  6.55  6.14  4.80  2.51  1.24  0.96  0.48  0.29  0.20  0.10  0.07  0.05  0.05  0.05
 2  40  0.04  0.11  0.18  0.35  0.69  1.02  1.64  2.99  4.25  5.12  6.26  7.00  6.99  6.74  6.35  6.04  5.03  2.99  1.59  1.26  0.67  0.42  0.27  0.14  0.09  0.06  0.05  0.05
 2  45  0.04  0.11  0.18  0.36  0.71  1.05  1.69  3.11  4.38  5.25  6.19  6.76  6.73  6.45  6.15  5.96  5.12  3.23  1.88  1.51  0.89  0.51  0.31  0.19  0.10  0.06  0.05  0.05
 2  50  0.04  0.11  0.18  0.37  0.72  1.07  1.74  3.26  4.49  5.36  6.17  6.54  6.50  6.26  6.04  5.89  5.19  3.47  2.16  1.77  1.12  0.61  0.36  0.21  0.11  0.06  0.05  0.05
 2  55  0.04  0.11  0.19  0.38  0.75  1.10  1.79  3.32  4.46  5.30  6.00  6.35  6.30  6.10  5.84  5.65  5.11  3.50  2.26  1.89  1.25  0.65  0.40  0.23  0.12  0.07  0.05  0.05
 2  60  0.04  0.12  0.20  0.40  0.78  1.16  1.88  3.48  4.62  5.45  6.00  6.23  6.15  5.90  5.66  5.50  5.09  3.59  2.41  2.03  1.39  0.70  0.44  0.25  0.13  0.07  0.05  0.05
 2  65  0.04  0.12  0.20  0.40  0.78  1.15  1.87  3.44  4.46  5.22  5.77  6.12  6.11  5.92  5.60  5.38  4.90  3.45  2.45  2.09  1.48  0.74  0.43  0.25  0.13  0.07  0.05  0.05
 2  70  0.04  0.12  0.20  0.40  0.78  1.15  1.86  3.41  4.29  4.98  5.54  6.02  6.08  5.93  5.54  5.26  4.69  3.30  2.50  2.15  1.56  0.79  0.42  0.26  0.13  0.07  0.05  0.05
 2  75  0.04  0.12  0.20  0.39  0.77  1.14  1.84  3.35  4.05  4.62  5.41  6.19  6.36  6.21  5.71  5.35  4.67  3.24  2.53  2.18  1.60  0.82  0.44  0.26  0.13  0.07  0.05  0.05
 2  80  0.04  0.12  0.20  0.39  0.77  1.13  1.82  3.29  3.80  4.26  5.28  6.35  6.64  6.48  5.87  5.44  4.64  3.17  2.57  2.22  1.63  0.86  0.45  0.26  0.13  0.07  0.05  0.05
 2  85  0.04  0.12  0.20  0.39  0.77  1.13  1.82  3.29  3.80  4.26  5.28  6.35  6.65  6.48  5.87  5.44  4.65  3.17  2.57  2.22  1.63  0.86  0.45  0.26  0.13  0.07  0.05  0.05
 2  90  0.04  0.12  0.20  0.39  0.77  1.13  1.82  3.29  3.80  4.26  5.29  6.36  6.65  6.48  5.87  5.45  4.65  3.17  2.57  2.22  1.63  0.86  0.45  0.26  0.13  0.07  0.05  0.05
 3 -90  0.04  0.12  0.20  0.39  0.77  1.12  1.79  3.16  3.97  4.58  4.75  4.67  4.44  4.05  3.61  3.36  3.43  2.64  1.93  1.58  1.02  0.41  0.24  0.16  0.08  0.04  0.03  0.02
 3 -85  0.04  0.12  0.20  0.39  0.77  1.12  1.79  3.16  3.97  4.58  4.75  4.67  4.44  4.05  3.61  3.36  3.43  2.64  1.93  1.59  1.02  0.41  0.24  0.16  0.08  0.04  0.03  0.02
 3 -80  0.04  0.12  0.20  0.39  0.77  1.12  1.79  3.16  3.97  4.58  4.75  4.67  4.44  4.05  3.61  3.36  3.43  2.64  1.93  1.59  1.02  0.41  0.24  0.16  0.08  0.04  0.03  0.02
 3 -75  0.04  0.11  0.19  0.37  0.73  1.07  1.71  3.03  3.98  4.68  5.16  5.20  4.93  4.45  3.94  3.62  3.52  2.66  1.91  1.56  0.97  0.40  0.24  0.15  0.08  0.04  0.03  0.02
 3 -70  0.04  0.11  0.18  0.36  0.70  1.02  1.63  2.91  3.99  4.78  5.57  5.73  5.41  4.86  4.26  3.87  3.59  2.67  1.90  1.54  0.93  0.39  0.23  0.15  0.07  0.04  0.03  0.03
 3 -65  0.04  0.11  0.17  0.35  0.68  1.00  1.59  2.85  3.98  4.79  5.77  6.19  5.98  5.42  4.86  4.48  3.77  2.65  1.80  1.45  0.87  0.36  0.22  0.14  0.08  0.04  0.03  0.03
 3 -60  0.03  0.10  0.17  0.34  0.66  0.97  1.55  2.80  3.97  4.79  5.97  6.66  6.54  5.99  5.46  5.10  3.95  2.62  1.69  1.36  0.82  0.34  0.21  0.13  0.08  0.05  0.03  0.03
 3 -55  0.03  0.10  0.17  0.34  0.67  0.98  1.57  2.83  3.99  4.78  6.02  6.96  6.99  6.57  6.02  5.62  4.17  2.51  1.48  1.18  0.67  0.27  0.17  0.10  0.07  0.04  0.03  0.03
 3 -50  0.03  0.10  0.17  0.34  0.66  0.97  1.55  2.77  3.90  4.65  6.00  7.27  7.48  7.06  6.51  6.11  4.38  2.38  1.20  0.95  0.52  0.20  0.12  0.09  0.06  0.04  0.03  0.03
 3 -45  0.03  0.10  0.16  0.33  0.64  0.94  1.52  2.77  3.90  4.67  6.06  7.47  7.81  7.48  6.61  6.01  4.25  2.26  1.11  0.87  0.47  0.18  0.11  0.07  0.05  0.04  0.04  0.03
 3 -40  0.03  0.10  0.16  0.32  0.63  0.93  1.51  2.78  3.90  4.65  6.09  7.64  8.12  7.90  6.75  5.95  4.13  2.13  1.01  0.79  0.41  0.16  0.09  0.06  0.05  0.04  0.04  0.03
 3 -35  0.03  0.09  0.16  0.31  0.62  0.92  1.49  2.79  3.96  4.73  6.19  7.83  8.40  8.26  7.24  6.54  4.21  1.92  0.83  0.64  0.31  0.12  0.07  0.05  0.04  0.04  0.04  0.03
 3 -30  0.03  0.09  0.16  0.31  0.61  0.91  1.48  2.79  3.97  4.74  6.25  8.00  8.66  8.63  7.73  7.12  4.28  1.72  0.64  0.48  0.20  0.08  0.05  0.04  0.04  0.04  0.04  0.03
 3 -25  0.03  0.09  0.15  0.30  0.60  0.89  1.45  2.75  3.92  4.68  6.18  8.13  8.92  9.01  7.94  7.19  4.20  1.50  0.51  0.38  0.15  0.06  0.04  0.04  0.04  0.04  0.04  0.03
 3 -20  0.03  0.09  0.14  0.29  0.57  0.85  1.41  2.72  3.83  4.55  6.12  8.31  9.21  9.35  8.15  7.27  4.11  1.29  0.38  0.28  0.10  0.04  0.03  0.03  0.03  0.04  0.04  0.03
 3 -15  0.03  0.09  0.14  0.28  0.56  0.84  1.37  2.64  3.71  4.47  6.06  8.35  9.42  9.70  8.23  7.17  4.08  1.29  0.38  0.28  0.11  0.04  0.03  0.03  0.03  0.03  0.03  0.03
 3 -10  0.03  0.08  0.14  0.28  0.55  0.82  1.34  2.59  3.64  4.36  6.03  8.48  9.70 10.04  8.33  7.05  4.03  1.28  0.38  0.29  0.12  0.03  0.03  0.03  0.03  0.03  0.03  0.03
 3  -5  0.03  0.08  0.14  0.27  0.54  0.81  1.32  2.55  3.57  4.29  5.96  8.46  9.68 10.05  8.29  6.95  3.98  1.28  0.39  0.29  0.07  0.03  0.03  0.03  0.03  0.03  0.03  0.03
 3   0  0.03  0.09  0.15  0.29  0.57  0.84  1.35  2.47  3.50  4.17  5.86  8.34  9.54 10.00  8.24  6.87  3.97  1.30  0.39  0.30  0.13  0.03  0.03  0.03  0.03  0.03  0.03  0.03
 3   5  0.03  0.09  0.14  0.29  0.56  0.84  1.36  2.54  3.56  4.30  5.93  8.33  9.46  9.76  8.20  6.97  4.03  1.39  0.44  0.33  0.06  0.03  0.03  0.03  0.03  0.04  0.04  0.03
 3  10  0.03  0.09  0.14  0.28  0.56  0.84  1.37  2.61  3.70  4.46  6.07  8.35  9.38  9.61  8.14  7.05  4.08  1.47  0.49  0.36  0.07  0.04  0.03  0.03  0.03  0.04  0.04  0.04
 3  15  0.03  0.09  0.14  0.29  0.57  0.84  1.39  2.67  3.74  4.51  6.07  8.21  9.14  9.27  7.84  6.79  4.11  1.52  0.50  0.37  0.08  0.04  0.04  0.04  0.04  0.04  0.05  0.04
 3  20  0.03  0.09  0.15  0.30  0.59  0.88  1.43  2.70  3.80  4.56  6.09  8.04  8.81  8.89  7.52  6.51  4.10  1.56  0.52  0.38  0.14  0.05  0.04  0.04  0.04  0.05  0.05  0.05
 3  25  0.03  0.09  0.15  0.30  0.60  0.89  1.45  2.75  3.86  4.66  6.18  7.90  8.53  8.53  7.33  6.46  4.30  1.84  0.70  0.53  0.24  0.07  0.06  0.05  0.05  0.05  0.05  0.05
 3  30  0.03  0.09  0.16  0.31  0.62  0.91  1.48  2.78  3.93  4.72  6.22  7.77  8.20  8.10  7.11  6.39  4.47  2.16  0.90  0.69  0.34  0.18  0.10  0.07  0.06  0.05  0.05  0.05
 3  35  0.03  0.10  0.16  0.32  0.64  0.94  1.52  2.81  4.01  4.84  6.29  7.66  7.92  7.70  6.87  6.29  4.56  2.54  1.27  1.00  0.56  0.30  0.22  0.11  0.08  0.06  0.05  0.05
 3  40  0.03  0.10  0.17  0.33  0.66  0.97  1.55  2.81  4.10  4.99  6.45  7.54  7.62  7.33  6.70  6.21  4.64  2.93  1.61  1.31  0.78  0.43  0.29  0.15  0.09  0.06  0.05  0.05
 3  45  0.03  0.10  0.17  0.34  0.66  0.98  1.58  2.89  4.20  5.11  6.45  7.34  7.34  6.98  6.40  6.01  4.84  3.17  1.87  1.53  0.95  0.54  0.34  0.20  0.11  0.07  0.06  0.05
 3  50  0.03  0.10  0.17  0.34  0.66  0.98  1.60  2.98  4.31  5.24  6.53  7.19  7.12  6.73  6.20  5.82  5.03  3.42  2.12  1.75  1.13  0.65  0.41  0.23  0.12  0.07  0.06  0.05
 3  55  0.04  0.11  0.17  0.35  0.68  1.01  1.64  3.03  4.33  5.27  6.43  6.98  6.85  6.48  6.02  5.69  5.01  3.51  2.26  1.89  1.26  0.73  0.46  0.25  0.13  0.07  0.06  0.05
 3  60  0.04  0.11  0.18  0.36  0.72  1.06  1.72  3.18  4.54  5.52  6.50  6.83  6.63  6.21  5.87  5.63  5.05  3.64  2.45  2.05  1.38  0.79  0.50  0.28  0.14  0.07  0.06  0.05
 3  65  0.04  0.11  0.19  0.38  0.74  1.09  1.77  3.26  4.54  5.45  6.29  6.58  6.41  6.03  5.68  5.43  4.89  3.62  2.52  2.15  1.51  0.85  0.53  0.31  0.14  0.07  0.06  0.05
 3  70  0.04  0.12  0.19  0.39  0.76  1.12  1.82  3.35  4.53  5.38  6.07  6.33  6.18  5.85  5.49  5.22  4.73  3.60  2.59  2.24  1.65  0.90  0.57  0.34  0.15  0.07  0.06  0.05
 3  75  0.04  0.12  0.19  0.39  0.76  1.12  1.81  3.33  4.40  5.17  5.84  6.25  6.23  5.97  5.43  5.04  4.60  3.59  2.61  2.27  1.69  0.94  0.56  0.33  0.14  0.07  0.06  0.05
 3  80  0.04  0.12  0.20  0.39  0.76  1.12  1.81  3.32  4.27  4.97  5.61  6.17  6.27  6.08  5.37  4.86  4.47  3.59  2.65  2.30  1.73  0.97  0.55  0.32  0.13  0.08  0.06  0.05
 3  85  0.04  0.12  0.20  0.39  0.76  1.12  1.81  3.32  4.27  4.97  5.61  6.17  6.27  6.08  5.37  4.86  4.47  3.59  2.65  2.30  1.73  0.97  0.55  0.32  0.13  0.08  0.06  0.05
 3  90  0.04  0.12  0.20  0.39  0.76  1.12  1.81  3.32  4.27  4.97  5.61  6.18  6.27  6.08  5.37  4.86  4.47  3.59  2.65  2.30  1.73  0.97  0.55  0.32  0.13  0.08  0.06  0.05
 4 -90  0.05  0.16  0.26  0.51  0.99  1.44  2.24  3.68  4.01  4.33  4.52  4.56  4.35  3.95  3.45  3.17  2.92  2.78  2.00  1.62  1.01  0.41  0.25  0.16  0.08  0.04  0.03  0.03
 4 -85  0.05  0.16  0.26  0.51  0.99  1.44  2.24  3.68  4.01  4.33  4.52  4.56  4.35  3.95  3.45  3.17  2.92  2.77  2.00  1.62  1.01  0.41  0.25  0.16  0.08  0.04  0.03  0.03
 4 -80  0.05  0.16  0.26  0.51  0.99  1.44  2.24  3.68  4.01  4.33  4.52  4.56  4.35  3.95  3.45  3.17  2.92  2.77  2.00  1.62  1.01  0.41  0.25  0.16  0.08  0.04  0.03  0.03
 4 -75  0.05  0.15  0.25  0.49  0.96  1.40  2.19  3.66  4.30  4.86  5.05  5.01  4.75  4.33  3.83  3.56  3.28  2.77  1.98  1.60  1.01  0.39  0.24  0.15  0.07  0.04  0.03  0.03
 4 -70  0.05  0.15  0.24  0.48  0.93  1.35  2.13  3.64  4.61  5.40  5.59  5.45  5.15  4.70  4.22  3.94  3.61  2.76  1.95  1.59  1.01  0.38  0.23  0.14  0.08  0.04  0.03  0.03
 4 -65  0.05  0.14  0.23  0.46  0.89  1.31  2.07  3.59  4.71  5.58  5.96  5.91  5.64  5.18  4.74  4.44  3.85  2.74  1.86  1.50  0.93  0.35  0.20  0.13  0.08  0.04  0.03  0.03
 4 -60  0.04  0.13  0.22  0.44  0.86  1.26  2.01  3.54  4.80  5.76  6.31  6.38  6.13  5.65  5.25  4.95  4.09  2.72  1.76  1.42  0.86  0.32  0.18  0.11  0.07  0.04  0.03  0.03
 4 -55  0.04  0.13  0.21  0.42  0.83  1.22  1.95  3.45  4.76  5.70  6.45  6.75  6.56  6.14  5.83  5.59  4.34  2.60  1.56  1.24  0.69  0.27  0.14  0.09  0.07  0.04  0.03  0.03
 4 -50  0.04  0.12  0.20  0.40  0.79  1.16  1.85  3.29  4.60  5.53  6.53  7.12  7.01  6.53  6.35  6.21  4.59  2.46  1.30  1.01  0.51  0.21  0.10  0.08  0.06  0.04  0.03  0.03
 4 -45  0.04  0.12  0.19  0.38  0.75  1.10  1.76  3.15  4.45  5.37  6.53  7.34  7.34  6.89  6.39  6.05  4.45  2.32  1.22  0.96  0.49  0.20  0.10  0.07  0.05  0.04  0.03  0.03
 4 -40  0.04  0.11  0.18  0.36  0.72  1.05  1.68  3.02  4.32  5.21  6.52  7.55  7.67  7.27  6.48  5.93  4.31  2.16  1.15  0.90  0.46  0.18  0.09  0.06  0.04  0.04  0.03  0.03
 4 -35  0.04  0.10  0.17  0.35  0.68  1.00  1.62  2.96  4.24  5.12  6.51  7.76  8.03  7.75  6.72  6.01  4.19  1.95  0.98  0.76  0.38  0.15  0.07  0.05  0.04  0.04  0.03  0.03
 4 -30  0.03  0.10  0.17  0.33  0.65  0.97  1.56  2.88  4.13  4.97  6.47  7.95  8.38  8.23  6.96  6.08  4.06  1.74  0.80  0.62  0.30  0.09  0.05  0.04  0.04  0.03  0.03  0.03
 4 -25  0.03  0.10  0.16  0.32  0.63  0.93  1.51  2.81  4.03  4.83  6.31  8.04  8.66  8.68  7.38  6.46  4.10  1.55  0.61  0.46  0.21  0.06  0.04  0.03  0.03  0.03  0.03  0.03
 4 -20  0.03  0.09  0.15  0.31  0.61  0.90  1.47  2.76  3.86  4.59  6.13  8.19  8.99  9.09  7.80  6.85  4.14  1.38  0.42  0.31  0.12  0.04  0.03  0.03  0.03  0.03  0.03  0.03
 4 -15  0.03  0.09  0.15  0.30  0.59  0.88  1.43  2.68  3.74  4.48  5.99  8.12  9.12  9.42  8.04  7.05  4.16  1.33  0.40  0.30  0.12  0.03  0.03  0.03  0.03  0.03  0.03  0.03
 4 -10  0.03  0.09  0.15  0.30  0.58  0.87  1.41  2.63  3.64  4.34  5.90  8.15  9.31  9.75  8.31  7.24  4.14  1.27  0.37  0.28  0.12  0.03  0.03  0.03  0.03  0.03  0.03  0.03
 4  -5  0.03  0.09  0.15  0.29  0.58  0.85  1.39  2.59  3.58  4.27  5.81  8.11  9.32  9.81  8.36  7.25  4.16  1.29  0.37  0.28  0.12  0.03  0.03  0.03  0.03  0.03  0.03  0.02
 4   0  0.03  0.09  0.15  0.30  0.59  0.86  1.39  2.53  3.50  4.15  5.70  8.00  9.22  9.80  8.40  7.29  4.20  1.32  0.37  0.28  0.12  0.03  0.03  0.03  0.03  0.03  0.03  0.03
 4   5  0.03  0.09  0.15  0.30  0.58  0.86  1.39  2.58  3.57  4.28  5.81  8.09  9.20  9.60  8.31  7.28  4.27  1.42  0.53  0.39  0.14  0.03  0.03  0.03  0.03  0.03  0.03  0.03
 4  10  0.03  0.09  0.15  0.29  0.57  0.85  1.39  2.65  3.72  4.46  5.99  8.19  9.20  9.48  8.20  7.23  4.31  1.51  0.69  0.49  0.16  0.03  0.03  0.03  0.03  0.04  0.04  0.04
 4  15  0.03  0.09  0.15  0.29  0.58  0.86  1.41  2.69  3.76  4.52  6.02  8.13  9.05  9.21  7.96  7.03  4.28  1.56  0.72  0.51  0.16  0.04  0.03  0.03  0.04  0.04  0.05  0.04
 4  20  0.03  0.09  0.15  0.30  0.60  0.88  1.44  2.71  3.81  4.58  6.10  8.05  8.81  8.90  7.69  6.80  4.21  1.61  0.76  0.54  0.17  0.05  0.04  0.04  0.05  0.05  0.05  0.05
 4  25  0.03  0.09  0.15  0.30  0.60  0.89  1.44  2.72  3.83  4.61  6.14  7.97  8.67  8.70  7.56  6.76  4.35  1.82  0.86  0.63  0.25  0.09  0.06  0.06  0.05  0.05  0.05  0.05
 4  30  0.03  0.09  0.15  0.30  0.60  0.89  1.45  2.72  3.84  4.61  6.13  7.89  8.48  8.42  7.41  6.68  4.47  2.05  0.97  0.74  0.35  0.17  0.10  0.07  0.06  0.06  0.06  0.05
 4  35  0.03  0.09  0.15  0.31  0.60  0.89  1.45  2.68  3.80  4.57  6.07  7.79  8.28  8.14  7.20  6.53  4.45  2.33  1.26  1.00  0.56  0.31  0.16  0.10  0.08  0.06  0.06  0.05
 4  40  0.03  0.09  0.16  0.31  0.61  0.90  1.44  2.61  3.78  4.56  6.12  7.69  8.08  7.88  7.04  6.40  4.43  2.62  1.53  1.26  0.76  0.45  0.30  0.13  0.09  0.06  0.06  0.05
 4  45  0.03  0.09  0.15  0.30  0.60  0.89  1.43  2.61  3.77  4.56  6.08  7.53  7.85  7.56  6.72  6.13  4.47  2.83  1.74  1.43  0.89  0.53  0.35  0.17  0.11  0.07  0.06  0.06
 4  50  0.03  0.09  0.15  0.30  0.59  0.87  1.41  2.62  3.79  4.59  6.13  7.45  7.68  7.32  6.48  5.88  4.51  3.06  1.94  1.60  1.03  0.62  0.41  0.24  0.13  0.07  0.06  0.06
 4  55  0.03  0.09  0.15  0.30  0.59  0.87  1.41  2.62  3.79  4.59  6.10  7.28  7.40  7.01  6.18  5.59  4.62  3.22  2.08  1.73  1.14  0.67  0.46  0.26  0.14  0.08  0.06  0.06
 4  60  0.03  0.09  0.15  0.31  0.61  0.90  1.45  2.70  3.95  4.81  6.24  7.19  7.17  6.67  5.91  5.37  4.78  3.42  2.26  1.88  1.26  0.72  0.51  0.29  0.15  0.08  0.06  0.06
 4  65  0.03  0.09  0.16  0.31  0.61  0.91  1.47  2.73  3.96  4.80  6.08  6.86  6.78  6.29  5.70  5.28  4.72  3.43  2.37  1.98  1.34  0.81  0.58  0.34  0.16  0.08  0.06  0.06
 4  70  0.03  0.09  0.16  0.31  0.62  0.92  1.48  2.76  3.97  4.80  5.93  6.53  6.39  5.90  5.49  5.20  4.66  3.43  2.48  2.08  1.41  0.90  0.65  0.39  0.17  0.08  0.06  0.06
 4  75  0.03  0.10  0.16  0.32  0.63  0.93  1.52  2.83  3.96  4.73  5.63  6.10  5.97  5.55  5.30  5.12  4.64  3.49  2.55  2.16  1.51  0.95  0.66  0.39  0.16  0.08  0.06  0.06
 4  80  0.03  0.10  0.16  0.33  0.64  0.95  1.55  2.89  3.95  4.67  5.34  5.66  5.54  5.20  5.11  5.05  4.62  3.55  2.62  2.24  1.61  1.01  0.66  0.38  0.15  0.09  0.06  0.06
 4  85  0.03  0.10  0.16  0.33  0.64  0.95  1.55  2.89  3.95  4.67  5.35  5.67  5.55  5.20  5.11  5.05  4.62  3.55  2.62  2.24  1.61  1.01  0.66  0.38  0.15  0.09  0.06  0.06
 4  90  0.03  0.10  0.16  0.33  0.64  0.95  1.55  2.89  3.95  4.68  5.35  5.67  5.55  5.20  5.11  5.05  4.62  3.55  2.62  2.24  1.61  1.01  0.66  0.38  0.15  0.09  0.07  0.06
 5 -90  0.06  0.17  0.28  0.56  1.07  1.54  2.34  3.56  4.19  4.69  4.56  4.26  3.82  3.37  3.37  3.40  3.30  2.69  1.96  1.59  0.99  0.40  0.23  0.14  0.06  0.04  0.03  0.03
 5 -85  0.06  0.17  0.28  0.56  1.07  1.54  2.34  3.56  4.19  4.69  4.56  4.26  3.82  3.37  3.37  3.40  3.30  2.69  1.96  1.59  0.99  0.40  0.23  0.14  0.06  0.04  0.03  0.03
 5 -80  0.06  0.17  0.28  0.56  1.07  1.54  2.34  3.56  4.19  4.69  4.56  4.26  3.82  3.37  3.37  3.40  3.30  2.69  1.96  1.59  0.99  0.40  0.23  0.14  0.07  0.04  0.03  0.03
 5 -75  0.06  0.17  0.28  0.54  1.05  1.51  2.31  3.58  4.34  4.94  5.02  4.86  4.51  4.07  3.84  3.71  3.42  2.58  1.82  1.48  0.91  0.37  0.22  0.13  0.07  0.04  0.03  0.03
 5 -70  0.05  0.16  0.27  0.53  1.02  1.47  2.27  3.61  4.50  5.20  5.49  5.45  5.19  4.77  4.30  4.01  3.53  2.47  1.68  1.36  0.84  0.34  0.20  0.12  0.07  0.04  0.03  0.03
 5 -65  0.05  0.16  0.27  0.53  1.03  1.50  2.34  3.88  4.87  5.65  5.83  5.75  5.51  5.11  4.77  4.57  4.01  2.61  1.70  1.36  0.80  0.35  0.19  0.12  0.07  0.04  0.03  0.03
 5 -60  0.05  0.16  0.27  0.54  1.05  1.53  2.42  4.15  5.23  6.10  6.16  6.05  5.82  5.45  5.27  5.14  4.47  2.74  1.71  1.35  0.75  0.35  0.18  0.11  0.07  0.04  0.03  0.03
 5 -55  0.05  0.16  0.26  0.52  1.01  1.48  2.35  4.10  5.33  6.26  6.49  6.43  6.20  5.85  5.67  5.50  4.57  2.57  1.60  1.25  0.65  0.35  0.17  0.10  0.06  0.04  0.03  0.03
 5 -50  0.05  0.15  0.25  0.50  0.97  1.42  2.26  3.94  5.30  6.30  6.75  6.82  6.59  6.16  6.00  5.83  4.67  2.39  1.43  1.11  0.56  0.35  0.15  0.08  0.05  0.04  0.03  0.03
 5 -45  0.05  0.14  0.23  0.46  0.89  1.31  2.08  3.64  5.02  6.03  6.77  7.09  6.90  6.43  6.07  5.83  4.59  2.33  1.34  1.04  0.52  0.32  0.14  0.07  0.05  0.04  0.03  0.03
 5 -40  0.04  0.13  0.21  0.42  0.82  1.20  1.91  3.37  4.78  5.79  6.81  7.35  7.22  6.72  6.22  5.85  4.50  2.25  1.27  0.98  0.48  0.29  0.13  0.06  0.04  0.03  0.03  0.03
 5 -35  0.04  0.12  0.19  0.38  0.76  1.11  1.78  3.20  4.57  5.53  6.72  7.54  7.55  7.18  6.63  6.26  4.47  2.03  1.03  0.79  0.36  0.21  0.09  0.05  0.04  0.03  0.03  0.03
 5 -30  0.04  0.11  0.18  0.36  0.70  1.03  1.66  3.01  4.32  5.21  6.60  7.72  7.91  7.63  7.05  6.66  4.42  1.81  0.80  0.59  0.24  0.10  0.06  0.04  0.04  0.03  0.03  0.03
 5 -25  0.03  0.10  0.17  0.34  0.67  0.99  1.59  2.90  4.14  4.97  6.37  7.81  8.20  8.11  7.30  6.72  4.34  1.68  0.65  0.48  0.19  0.06  0.04  0.03  0.03  0.03  0.03  0.03
 5 -20  0.03  0.10  0.16  0.33  0.64  0.95  1.53  2.78  3.88  4.62  6.11  7.95  8.56  8.55  7.53  6.78  4.27  1.55  0.50  0.36  0.14  0.04  0.03  0.03  0.03  0.03  0.03  0.03
 5 -15  0.03  0.10  0.16  0.32  0.62  0.92  1.49  2.73  3.79  4.53  5.96  7.90  8.73  8.91  7.83  7.06  4.32  1.47  0.43  0.32  0.12  0.04  0.03  0.03  0.03  0.03  0.03  0.03
 5 -10  0.03  0.10  0.16  0.31  0.62  0.91  1.47  2.67  3.70  4.41  5.90  7.94  8.93  9.29  8.16  7.33  4.34  1.37  0.36  0.27  0.11  0.03  0.03  0.03  0.03  0.03  0.03  0.03
 5  -5  0.03  0.09  0.16  0.31  0.61  0.90  1.45  2.64  3.67  4.39  5.88  7.94  9.01  9.42  8.10  7.12  4.13  1.21  0.32  0.24  0.10  0.03  0.03  0.03  0.03  0.03  0.03  0.03
 5   0  0.03  0.09  0.15  0.31  0.60  0.89  1.44  2.63  3.64  4.33  5.84  7.91  9.01  9.51  8.04  6.94  3.94  1.06  0.29  0.22  0.10  0.03  0.03  0.03  0.03  0.03  0.03  0.03
 5   5  0.03  0.09  0.15  0.31  0.60  0.89  1.44  2.65  3.68  4.41  5.92  8.01  9.02  9.42  8.16  7.17  4.22  1.32  0.45  0.35  0.16  0.03  0.03  0.03  0.03  0.03  0.03  0.03
 5  10  0.03  0.09  0.15  0.30  0.59  0.88  1.43  2.70  3.79  4.55  6.06  8.14  9.07  9.39  8.25  7.36  4.47  1.56  0.60  0.46  0.22  0.03  0.03  0.03  0.03  0.04  0.04  0.03
 5  15  0.03  0.09  0.15  0.30  0.59  0.87  1.43  2.71  3.80  4.55  6.03  8.08  8.98  9.18  8.09  7.27  4.36  1.62  0.64  0.49  0.23  0.04  0.03  0.04  0.04  0.04  0.05  0.04
 5  20  0.03  0.09  0.15  0.30  0.60  0.89  1.44  2.69  3.80  4.56  6.07  8.03  8.83  8.95  7.91  7.15  4.24  1.69  0.68  0.52  0.24  0.06  0.05  0.04  0.05  0.05  0.05  0.05
 5  25  0.03  0.09  0.15  0.30  0.59  0.88  1.43  2.68  3.77  4.52  6.03  7.93  8.73  8.80  7.75  7.03  4.43  1.85  0.79  0.61  0.31  0.10  0.06  0.06  0.05  0.06  0.05  0.05
 5  30  0.03  0.09  0.15  0.30  0.58  0.87  1.41  2.66  3.73  4.47  5.95  7.84  8.57  8.60  7.58  6.87  4.60  2.03  0.91  0.71  0.37  0.16  0.09  0.07  0.06  0.06  0.06  0.05
 5  35  0.03  0.09  0.15  0.30  0.58  0.86  1.40  2.60  3.64  4.35  5.79  7.68  8.37  8.36  7.38  6.69  4.58  2.24  1.13  0.91  0.54  0.29  0.14  0.09  0.07  0.06  0.06  0.05
 5  40  0.03  0.09  0.15  0.30  0.58  0.86  1.38  2.52  3.58  4.28  5.76  7.54  8.16  8.12  7.21  6.53  4.55  2.46  1.34  1.11  0.69  0.41  0.20  0.12  0.08  0.07  0.06  0.06
 5  45  0.03  0.09  0.14  0.29  0.56  0.83  1.34  2.47  3.48  4.17  5.59  7.34  7.93  7.83  6.91  6.25  4.49  2.62  1.55  1.28  0.82  0.49  0.32  0.15  0.10  0.07  0.06  0.06
 5  50  0.03  0.08  0.14  0.27  0.54  0.80  1.31  2.45  3.43  4.10  5.53  7.21  7.76  7.59  6.66  5.99  4.43  2.78  1.76  1.46  0.95  0.58  0.39  0.20  0.12  0.08  0.06  0.06
 5  55  0.03  0.08  0.13  0.27  0.53  0.78  1.27  2.38  3.34  4.01  5.44  7.05  7.49  7.25  6.35  5.70  4.42  2.90  1.86  1.54  1.01  0.61  0.44  0.26  0.13  0.08  0.06  0.06
 5  60  0.03  0.08  0.14  0.27  0.53  0.79  1.28  2.40  3.41  4.11  5.51  6.96  7.27  6.89  6.07  5.48  4.46  3.06  2.00  1.65  1.07  0.64  0.48  0.28  0.14  0.08  0.07  0.06
 5  65  0.03  0.08  0.13  0.26  0.52  0.77  1.26  2.35  3.34  4.01  5.35  6.62  6.82  6.39  5.58  5.01  4.18  3.05  2.11  1.75  1.17  0.70  0.53  0.34  0.15  0.08  0.07  0.06
 5  70  0.03  0.08  0.13  0.26  0.51  0.76  1.23  2.30  3.26  3.92  5.19  6.29  6.37  5.89  5.09  4.53  3.89  3.05  2.21  1.86  1.27  0.77  0.59  0.39  0.22  0.09  0.07  0.06
 5  75  0.03  0.08  0.13  0.26  0.51  0.76  1.23  2.31  3.31  4.00  5.22  6.06  5.98  5.44  4.88  4.49  4.01  3.12  2.24  1.88  1.29  0.78  0.58  0.38  0.22  0.09  0.07  0.06
 5  80  0.03  0.08  0.13  0.26  0.51  0.76  1.23  2.32  3.36  4.08  5.24  5.82  5.59  5.00  4.67  4.45  4.13  3.20  2.27  1.91  1.32  0.80  0.58  0.38  0.21  0.09  0.07  0.06
 5  85  0.03  0.08  0.13  0.26  0.51  0.76  1.23  2.32  3.36  4.08  5.25  5.83  5.59  5.00  4.68  4.45  4.13  3.20  2.27  1.91  1.32  0.80  0.58  0.38  0.21  0.10  0.07  0.06
 5  90  0.03  0.08  0.13  0.26  0.51  0.76  1.23  2.32  3.37  4.09  5.25  5.83  5.60  5.00  4.68  4.45  4.13  3.20  2.27  1.91  1.32  0.80  0.58  0.38  0.21  0.10  0.07  0.06
 6 -90  0.06  0.17  0.29  0.56  1.08  1.54  2.31  3.36  4.34  5.08  4.98  4.66  4.33  3.95  3.89  3.83  3.31  2.71  1.95  1.60  1.04  0.36  0.18  0.09  0.05  0.03  0.03  0.03
 6 -85  0.06  0.17  0.29  0.56  1.08  1.54  2.31  3.36  4.34  5.08  4.98  4.66  4.33  3.95  3.89  3.83  3.31  2.71  1.95  1.60  1.04  0.36  0.18  0.10  0.05  0.03  0.03  0.03
 6 -80  0.06  0.17  0.29  0.56  1.08  1.54  2.31  3.36  4.34  5.08  4.98  4.66  4.33  3.95  3.89  3.83  3.31  2.71  1.95  1.61  1.04  0.36  0.18  0.10  0.06  0.03  0.03  0.03
 6 -75  0.06  0.17  0.29  0.56  1.08  1.54  2.34  3.49  4.46  5.20  5.29  5.14  4.84  4.45  4.18  4.00  3.46  2.69  1.92  1.58  1.02  0.35  0.17  0.10  0.06  0.04  0.03  0.03
 6 -70  0.06  0.17  0.28  0.56  1.07  1.54  2.36  3.63  4.59  5.32  5.60  5.62  5.36  4.95  4.46  4.16  3.61  2.67  1.89  1.56  1.01  0.35  0.16  0.10  0.06  0.04  0.03  0.03
 6 -65  0.06  0.17  0.28  0.55  1.07  1.54  2.37  3.77  4.78  5.54  5.73  5.74  5.51  5.12  4.77  4.56  3.96  2.75  1.88  1.55  0.99  0.38  0.20  0.10  0.06  0.04  0.03  0.03
 6 -60  0.06  0.17  0.28  0.55  1.06  1.53  2.38  3.92  4.96  5.77  5.88  5.86  5.66  5.28  5.09  4.98  4.31  2.81  1.88  1.54  0.96  0.42  0.23  0.10  0.06  0.04  0.03  0.03
 6 -55  0.05  0.16  0.27  0.54  1.04  1.52  2.40  4.10  5.29  6.20  6.25  6.17  5.96  5.65  5.50  5.37  4.46  2.67  1.72  1.40  0.84  0.40  0.24  0.10  0.06  0.04  0.03  0.03
 6 -50  0.05  0.16  0.27  0.53  1.04  1.52  2.40  4.16  5.49  6.48  6.56  6.46  6.26  5.93  5.86  5.75  4.62  2.53  1.51  1.22  0.72  0.38  0.26  0.09  0.05  0.04  0.03  0.03
 6 -45  0.05  0.15  0.25  0.49  0.95  1.39  2.20  3.81  5.19  6.21  6.71  6.84  6.61  6.18  5.88  5.67  4.57  2.48  1.44  1.16  0.69  0.36  0.23  0.08  0.05  0.04  0.03  0.03
 6 -40  0.04  0.13  0.22  0.44  0.85  1.25  1.99  3.50  4.95  6.00  6.89  7.24  7.02  6.49  5.99  5.61  4.52  2.41  1.37  1.11  0.65  0.33  0.21  0.07  0.05  0.04  0.03  0.03
 6 -35  0.04  0.12  0.20  0.40  0.78  1.14  1.83  3.26  4.62  5.60  6.71  7.41  7.34  6.93  6.38  5.98  4.63  2.21  1.10  0.87  0.49  0.25  0.11  0.06  0.05  0.04  0.03  0.03
 6 -30  0.04  0.11  0.18  0.36  0.71  1.04  1.67  3.01  4.27  5.15  6.50  7.57  7.70  7.38  6.77  6.35  4.73  1.99  0.82  0.64  0.33  0.17  0.07  0.05  0.04  0.04  0.03  0.03
 6 -25  0.04  0.11  0.18  0.35  0.69  1.01  1.62  2.90  4.10  4.93  6.30  7.63  7.92  7.75  7.05  6.54  4.57  1.78  0.66  0.50  0.24  0.07  0.05  0.04  0.04  0.04  0.04  0.03
 6 -20  0.03  0.10  0.17  0.34  0.67  0.98  1.56  2.78  3.86  4.61  6.05  7.74  8.21  8.08  7.32  6.74  4.43  1.58  0.49  0.36  0.15  0.05  0.04  0.03  0.03  0.04  0.04  0.04
 6 -15  0.03  0.10  0.17  0.33  0.65  0.95  1.53  2.75  3.83  4.57  5.97  7.74  8.40  8.43  7.49  6.83  4.32  1.50  0.47  0.35  0.14  0.04  0.03  0.03  0.03  0.03  0.04  0.03
 6 -10  0.03  0.10  0.17  0.33  0.64  0.95  1.52  2.72  3.79  4.53  5.99  7.82  8.62  8.83  7.70  6.92  4.16  1.41  0.44  0.33  0.14  0.04  0.03  0.03  0.03  0.03  0.03  0.03
 6  -5  0.03  0.10  0.16  0.33  0.64  0.94  1.51  2.69  3.79  4.55  6.03  7.87  8.78  9.05  7.92  7.14  4.22  1.34  0.41  0.30  0.14  0.03  0.03  0.03  0.03  0.03  0.03  0.03
 6   0  0.03  0.10  0.16  0.31  0.62  0.91  1.48  2.72  3.81  4.57  6.07  7.95  8.90  9.25  8.16  7.38  4.30  1.29  0.37  0.29  0.13  0.03  0.03  0.03  0.03  0.03  0.03  0.03
 6   5  0.03  0.10  0.16  0.32  0.62  0.92  1.48  2.72  3.82  4.60  6.12  8.03  8.91  9.24  8.20  7.41  4.45  1.44  0.48  0.37  0.18  0.04  0.03  0.03  0.03  0.03  0.03  0.03
 6  10  0.03  0.09  0.15  0.31  0.61  0.90  1.46  2.76  3.91  4.69  6.22  8.15  8.98  9.26  8.23  7.42  4.57  1.58  0.59  0.45  0.22  0.04  0.03  0.03  0.03  0.04  0.04  0.03
 6  15  0.03  0.09  0.15  0.31  0.61  0.90  1.46  2.76  3.90  4.66  6.15  8.08  8.89  9.07  8.01  7.21  4.47  1.63  0.61  0.47  0.23  0.05  0.04  0.04  0.04  0.04  0.04  0.04
 6  20  0.03  0.09  0.16  0.31  0.62  0.91  1.48  2.74  3.86  4.63  6.15  8.04  8.77  8.89  7.78  6.97  4.37  1.68  0.64  0.50  0.25  0.06  0.05  0.05  0.05  0.05  0.05  0.04
 6  25  0.03  0.09  0.15  0.31  0.61  0.90  1.46  2.72  3.82  4.57  6.04  7.91  8.68  8.76  7.77  7.10  4.51  1.79  0.68  0.53  0.27  0.09  0.06  0.06  0.05  0.05  0.05  0.05
 6  30  0.03  0.09  0.15  0.30  0.59  0.88  1.43  2.69  3.75  4.49  5.92  7.79  8.54  8.60  7.77  7.20  4.63  1.91  0.72  0.56  0.29  0.13  0.08  0.06  0.06  0.06  0.05  0.05
 6  35  0.03  0.09  0.15  0.30  0.58  0.87  1.40  2.61  3.64  4.33  5.72  7.58  8.31  8.36  7.48  6.87  4.58  2.13  0.98  0.77  0.43  0.19  0.10  0.07  0.07  0.06  0.06  0.05
 6  40  0.03  0.09  0.15  0.29  0.58  0.85  1.37  2.52  3.54  4.22  5.63  7.39  8.07  8.11  7.22  6.55  4.51  2.35  1.22  0.98  0.56  0.31  0.15  0.10  0.08  0.07  0.06  0.05
 6  45  0.03  0.09  0.14  0.28  0.55  0.82  1.32  2.44  3.39  4.04  5.39  7.15  7.82  7.82  6.92  6.27  4.48  2.49  1.41  1.15  0.69  0.40  0.25  0.13  0.09  0.07  0.06  0.06
 6  50  0.03  0.08  0.13  0.27  0.53  0.78  1.27  2.39  3.29  3.91  5.24  6.97  7.61  7.56  6.66  6.01  4.46  2.62  1.59  1.31  0.84  0.48  0.33  0.16  0.10  0.07  0.06  0.06
 6  55  0.03  0.08  0.13  0.25  0.50  0.75  1.22  2.30  3.16  3.75  5.06  6.74  7.31  7.20  6.35  5.73  4.28  2.70  1.67  1.37  0.87  0.50  0.37  0.19  0.12  0.08  0.07  0.06
 6  60  0.03  0.08  0.13  0.25  0.50  0.74  1.21  2.29  3.17  3.76  5.03  6.57  7.04  6.81  6.05  5.51  4.14  2.81  1.78  1.45  0.91  0.52  0.40  0.25  0.13  0.08  0.07  0.06
 6  65  0.02  0.07  0.12  0.24  0.48  0.72  1.17  2.21  3.07  3.66  4.89  6.30  6.64  6.32  5.53  4.97  3.86  2.80  1.88  1.55  1.00  0.56  0.45  0.28  0.14  0.08  0.07  0.06
 6  70  0.02  0.07  0.12  0.24  0.47  0.69  1.13  2.14  2.97  3.55  4.75  6.02  6.24  5.83  5.00  4.42  3.58  2.79  1.97  1.64  1.09  0.60  0.50  0.31  0.16  0.09  0.07  0.06
 6  75  0.02  0.07  0.11  0.23  0.45  0.67  1.09  2.06  2.93  3.53  4.79  5.92  5.99  5.48  4.76  4.24  3.62  2.83  2.01  1.68  1.14  0.62  0.51  0.32  0.17  0.09  0.07  0.06
 6  80  0.02  0.07  0.11  0.22  0.43  0.64  1.05  1.99  2.89  3.51  4.82  5.81  5.74  5.14  4.51  4.07  3.66  2.86  2.05  1.72  1.19  0.64  0.52  0.34  0.18  0.10  0.07  0.06
 6  85  0.02  0.07  0.11  0.22  0.43  0.64  1.05  1.99  2.89  3.51  4.83  5.82  5.74  5.14  4.52  4.07  3.66  2.86  2.05  1.72  1.19  0.64  0.52  0.34  0.18  0.10  0.07  0.06
 6  90  0.02  0.07  0.11  0.22  0.43  0.64  1.05  1.99  2.90  3.52  4.84  5.82  5.74  5.14  4.52  4.07  3.66  2.87  2.05  1.72  1.19  0.64  0.52  0.34  0.18  0.10  0.07  0.06
 7 -90  0.05  0.16  0.26  0.50  0.96  1.36  2.01  2.73  3.82  4.62  4.99  5.05  4.77  4.19  3.99  3.82  3.54  2.67  1.94  1.57  0.97  0.37  0.19  0.09  0.05  0.03  0.03  0.03
 7 -85  0.05  0.16  0.26  0.50  0.96  1.36  2.01  2.73  3.82  4.62  4.99  5.05  4.77  4.19  3.99  3.82  3.54  2.67  1.94  1.57  0.97  0.37  0.20  0.09  0.05  0.03  0.03  0.03
 7 -80  0.05  0.16  0.26  0.50  0.96  1.36  2.01  2.74  3.82  4.62  4.99  5.05  4.77  4.19  3.99  3.82  3.54  2.67  1.94  1.57  0.97  0.37  0.20  0.09  0.05  0.03  0.03  0.03
 7 -75  0.05  0.15  0.24  0.47  0.90  1.27  1.89  2.60  3.69  4.50  5.05  5.43  5.29  4.76  4.26  3.90  3.41  2.66  1.94  1.58  1.00  0.38  0.20  0.09  0.05  0.03  0.03  0.03
 7 -70  0.05  0.13  0.22  0.43  0.83  1.18  1.76  2.48  3.56  4.38  5.12  5.81  5.81  5.34  4.52  3.96  3.28  2.64  1.95  1.60  1.03  0.38  0.21  0.09  0.05  0.04  0.03  0.03
 7 -65  0.05  0.14  0.23  0.45  0.86  1.23  1.88  2.86  3.97  4.82  5.41  5.86  5.75  5.31  4.81  4.50  3.82  2.75  1.92  1.59  1.04  0.40  0.20  0.10  0.05  0.04  0.03  0.03
 7 -60  0.05  0.14  0.23  0.46  0.88  1.28  1.99  3.26  4.38  5.26  5.71  5.89  5.70  5.28  5.12  5.05  4.36  2.85  1.89  1.58  1.06  0.43  0.24  0.10  0.06  0.04  0.03  0.03
 7 -55  0.05  0.14  0.23  0.45  0.87  1.27  2.02  3.51  4.74  5.68  6.13  6.23  6.03  5.67  5.60  5.54  4.56  2.74  1.76  1.46  0.92  0.40  0.25  0.10  0.06  0.04  0.03  0.03
 7 -50  0.05  0.14  0.23  0.45  0.87  1.28  2.05  3.63  4.98  5.95  6.48  6.56  6.35  5.97  6.04  6.02  4.76  2.64  1.60  1.30  0.78  0.38  0.25  0.10  0.06  0.04  0.03  0.03
 7 -45  0.04  0.13  0.22  0.43  0.84  1.23  1.96  3.45  4.79  5.78  6.58  6.92  6.73  6.29  6.08  5.91  4.76  2.69  1.58  1.27  0.74  0.35  0.23  0.09  0.05  0.04  0.03  0.03
 7 -40  0.04  0.12  0.20  0.41  0.80  1.17  1.86  3.32  4.70  5.68  6.75  7.32  7.19  6.69  6.21  5.83  4.75  2.72  1.55  1.23  0.69  0.32  0.21  0.09  0.05  0.04  0.03  0.03
 7 -35  0.04  0.12  0.19  0.38  0.75  1.10  1.76  3.16  4.48  5.40  6.60  7.43  7.43  7.04  6.38  5.90  4.72  2.52  1.29  1.01  0.53  0.25  0.16  0.08  0.05  0.04  0.04  0.03
 7 -30  0.04  0.11  0.18  0.36  0.70  1.04  1.66  3.01  4.23  5.08  6.42  7.54  7.71  7.41  6.56  5.96  4.67  2.30  1.04  0.79  0.38  0.18  0.08  0.06  0.05  0.04  0.04  0.03
 7 -25  0.04  0.11  0.18  0.35  0.69  1.02  1.63  2.90  4.10  4.93  6.31  7.63  7.87  7.68  6.86  6.26  4.55  2.02  0.81  0.61  0.28  0.07  0.05  0.04  0.04  0.04  0.04  0.04
 7 -20  0.04  0.11  0.18  0.35  0.68  1.00  1.59  2.79  3.92  4.70  6.14  7.73  8.10  7.90  7.14  6.56  4.44  1.73  0.59  0.43  0.18  0.05  0.04  0.04  0.04  0.04  0.04  0.04
 7 -15  0.03  0.10  0.17  0.34  0.66  0.97  1.55  2.77  3.90  4.65  6.09  7.81  8.36  8.26  7.41  6.83  4.26  1.55  0.54  0.40  0.17  0.04  0.03  0.03  0.03  0.04  0.04  0.04
 7 -10  0.03  0.10  0.17  0.33  0.65  0.96  1.53  2.74  3.86  4.63  6.16  7.94  8.64  8.72  7.75  7.10  4.02  1.35  0.48  0.36  0.16  0.04  0.03  0.03  0.03  0.03  0.04  0.04
 7  -5  0.03  0.10  0.17  0.33  0.65  0.95  1.52  2.71  3.86  4.66  6.20  8.00  8.84  8.99  7.81  7.04  4.08  1.32  0.48  0.36  0.17  0.04  0.03  0.03  0.03  0.03  0.03  0.03
 7   0  0.03  0.09  0.16  0.31  0.61  0.91  1.47  2.75  3.90  4.71  6.28  8.14  9.06  9.29  7.91  7.00  4.15  1.29  0.47  0.36  0.17  0.04  0.03  0.03  0.03  0.03  0.03  0.03
 7   5  0.03  0.10  0.16  0.32  0.63  0.92  1.49  2.74  3.90  4.71  6.31  8.19  9.04  9.30  8.09  7.23  4.39  1.49  0.59  0.45  0.20  0.04  0.03  0.03  0.03  0.03  0.03  0.03
 7  10  0.03  0.09  0.16  0.31  0.61  0.91  1.48  2.79  3.98  4.80  6.39  8.30  9.08  9.32  8.25  7.44  4.59  1.68  0.69  0.52  0.23  0.04  0.03  0.03  0.03  0.03  0.03  0.03
 7  15  0.03  0.09  0.16  0.31  0.62  0.92  1.49  2.79  3.99  4.78  6.33  8.19  8.93  9.07  8.07  7.31  4.58  1.72  0.71  0.53  0.23  0.04  0.04  0.04  0.04  0.04  0.04  0.03
 7  20  0.03  0.10  0.16  0.32  0.63  0.94  1.51  2.79  3.96  4.77  6.32  8.14  8.79  8.88  7.89  7.16  4.57  1.76  0.73  0.55  0.24  0.06  0.05  0.05  0.05  0.05  0.05  0.04
 7  25  0.03  0.10  0.16  0.32  0.62  0.92  1.50  2.80  3.96  4.74  6.21  7.99  8.67  8.72  7.72  7.03  4.54  1.89  0.76  0.57  0.24  0.08  0.06  0.05  0.05  0.05  0.05  0.04
 7  30  0.03  0.09  0.16  0.31  0.61  0.91  1.48  2.79  3.91  4.69  6.12  7.86  8.51  8.55  7.56  6.89  4.50  2.00  0.81  0.59  0.24  0.11  0.07  0.06  0.06  0.06  0.05  0.05
 7  35  0.03  0.09  0.15  0.31  0.61  0.90  1.46  2.72  3.79  4.53  5.90  7.62  8.27  8.30  7.36  6.71  4.47  2.12  0.98  0.74  0.36  0.14  0.08  0.07  0.06  0.06  0.05  0.05
 7  40  0.03  0.09  0.15  0.30  0.59  0.88  1.42  2.64  3.69  4.40  5.77  7.42  8.01  8.05  7.17  6.54  4.43  2.23  1.14  0.88  0.46  0.19  0.11  0.08  0.07  0.06  0.06  0.05
 7  45  0.03  0.09  0.15  0.29  0.57  0.84  1.37  2.53  3.50  4.17  5.51  7.16  7.76  7.77  6.89  6.27  4.41  2.35  1.27  1.01  0.57  0.28  0.16  0.11  0.08  0.07  0.06  0.05
 7  50  0.03  0.08  0.14  0.27  0.54  0.80  1.30  2.45  3.37  4.00  5.31  6.94  7.53  7.49  6.63  6.01  4.38  2.47  1.41  1.14  0.70  0.36  0.25  0.14  0.09  0.07  0.06  0.05
 7  55  0.03  0.08  0.13  0.26  0.51  0.76  1.24  2.35  3.22  3.82  5.11  6.71  7.23  7.14  6.25  5.61  4.18  2.51  1.49  1.22  0.77  0.41  0.30  0.16  0.10  0.07  0.06  0.05
 7  60  0.03  0.08  0.13  0.25  0.50  0.74  1.22  2.32  3.20  3.80  5.04  6.52  6.96  6.75  5.89  5.27  4.03  2.60  1.62  1.33  0.85  0.45  0.34  0.19  0.12  0.08  0.06  0.05
 7  65  0.02  0.07  0.12  0.24  0.48  0.71  1.17  2.22  3.07  3.66  4.86  6.20  6.51  6.21  5.31  4.67  3.66  2.60  1.71  1.41  0.93  0.48  0.37  0.24  0.13  0.08  0.06  0.05
 7  70  0.02  0.07  0.12  0.23  0.46  0.68  1.12  2.13  2.95  3.51  4.67  5.88  6.07  5.67  4.73  4.06  3.30  2.59  1.80  1.50  1.01  0.51  0.41  0.26  0.14  0.08  0.06  0.05
 7  75  0.02  0.07  0.11  0.22  0.44  0.65  1.07  2.03  2.89  3.48  4.67  5.72  5.77  5.29  4.46  3.88  3.28  2.64  1.85  1.54  1.04  0.51  0.42  0.27  0.15  0.09  0.07  0.05
 7  80  0.02  0.06  0.11  0.21  0.42  0.62  1.02  1.94  2.83  3.44  4.68  5.56  5.47  4.90  4.20  3.70  3.25  2.68  1.91  1.59  1.07  0.51  0.44  0.28  0.16  0.09  0.07  0.05
 7  85  0.02  0.06  0.11  0.21  0.42  0.62  1.02  1.94  2.83  3.44  4.68  5.57  5.47  4.91  4.20  3.70  3.25  2.68  1.91  1.59  1.07  0.51  0.44  0.28  0.17  0.09  0.07  0.05
 7  90  0.02  0.06  0.11  0.21  0.42  0.62  1.02  1.94  2.84  3.45  4.69  5.58  5.48  4.91  4.20  3.70  3.25  2.68  1.91  1.59  1.07  0.51  0.44  0.28  0.17  0.09  0.07  0.05
 8 -90  0.04  0.12  0.20  0.39  0.75  1.07  1.58  2.22  3.15  3.87  4.86  5.95  5.95  5.07  4.05  3.31  2.80  2.39  1.71  1.40  0.90  0.37  0.15  0.07  0.05  0.03  0.03  0.03
 8 -85  0.04  0.12  0.20  0.39  0.75  1.07  1.58  2.22  3.15  3.87  4.86  5.95  5.95  5.07  4.05  3.31  2.80  2.39  1.71  1.40  0.90  0.37  0.16  0.08  0.05  0.03  0.03  0.03
 8 -80  0.04  0.12  0.20  0.39  0.75  1.07  1.59  2.22  3.15  3.87  4.86  5.94  5.95  5.07  4.05  3.31  2.80  2.38  1.71  1.40  0.90  0.37  0.17  0.08  0.05  0.04  0.03  0.03
 8 -75  0.04  0.12  0.20  0.40  0.76  1.09  1.64  2.44  3.34  4.05  4.93  5.82  5.82  5.17  4.23  3.58  2.95  2.43  1.74  1.44  0.95  0.39  0.18  0.08  0.05  0.04  0.03  0.03
 8 -70  0.04  0.12  0.20  0.40  0.76  1.10  1.69  2.68  3.54  4.23  5.01  5.68  5.68  5.29  4.41  3.83  3.10  2.50  1.78  1.49  1.01  0.41  0.19  0.09  0.05  0.04  0.03  0.03
 8 -65  0.04  0.12  0.19  0.38  0.75  1.09  1.70  2.86  3.79  4.54  5.35  5.91  5.85  5.46  4.87  4.49  3.69  2.70  1.78  1.47  0.97  0.42  0.21  0.09  0.06  0.04  0.03  0.03
 8 -60  0.04  0.12  0.19  0.38  0.74  1.08  1.72  3.03  4.05  4.84  5.70  6.13  6.03  5.62  5.33  5.16  4.28  2.89  1.77  1.46  0.94  0.43  0.24  0.10  0.06  0.04  0.03  0.03
 8 -55  0.04  0.11  0.19  0.38  0.74  1.10  1.77  3.26  4.43  5.28  6.18  6.58  6.47  6.12  5.82  5.57  4.61  2.97  1.77  1.46  0.91  0.42  0.26  0.10  0.06  0.04  0.03  0.03
 8 -50  0.04  0.12  0.19  0.38  0.76  1.12  1.81  3.37  4.68  5.61  6.60  7.05  6.94  6.56  6.25  5.95  4.91  3.05  1.73  1.42  0.88  0.40  0.27  0.10  0.06  0.04  0.03  0.03
 8 -45  0.04  0.12  0.19  0.39  0.76  1.12  1.80  3.28  4.59  5.54  6.63  7.28  7.20  6.78  6.26  5.85  4.88  3.02  1.70  1.38  0.85  0.38  0.26  0.10  0.06  0.04  0.04  0.03
 8 -40  0.04  0.12  0.19  0.38  0.75  1.11  1.78  3.24  4.59  5.52  6.73  7.56  7.56  7.11  6.36  5.78  4.83  2.98  1.65  1.34  0.80  0.36  0.24  0.10  0.06  0.04  0.04  0.03
 8 -35  0.04  0.11  0.18  0.37  0.72  1.06  1.71  3.12  4.43  5.34  6.65  7.65  7.71  7.31  6.47  5.86  4.75  2.73  1.37  1.09  0.62  0.28  0.20  0.09  0.06  0.04  0.04  0.04
 8 -30  0.04  0.11  0.18  0.35  0.69  1.02  1.64  3.00  4.25  5.12  6.54  7.73  7.89  7.55  6.62  5.94  4.65  2.47  1.10  0.85  0.44  0.20  0.09  0.07  0.05  0.05  0.04  0.04
 8 -25  0.04  0.11  0.18  0.35  0.68  1.00  1.61  2.88  4.10  4.95  6.43  7.87  8.12  7.86  6.90  6.20  4.55  2.16  0.83  0.63  0.31  0.07  0.05  0.05  0.04  0.04  0.04  0.04
 8 -20  0.04  0.10  0.17  0.34  0.67  0.99  1.57  2.77  3.92  4.73  6.29  8.01  8.40  8.12  7.17  6.46  4.46  1.83  0.56  0.41  0.17  0.05  0.04  0.04  0.04  0.04  0.04  0.04
 8 -15  0.03  0.10  0.17  0.33  0.64  0.95  1.52  2.74  3.88  4.63  6.19  8.08  8.66  8.50  7.49  6.80  4.26  1.60  0.53  0.39  0.15  0.05  0.04  0.03  0.04  0.04  0.04  0.04
 8 -10  0.03  0.10  0.16  0.32  0.63  0.93  1.49  2.70  3.82  4.58  6.20  8.19  8.98  9.02  7.88  7.13  4.01  1.36  0.50  0.36  0.13  0.04  0.03  0.03  0.03  0.04  0.04  0.04
 8  -5  0.03  0.10  0.16  0.32  0.63  0.92  1.48  2.67  3.80  4.59  6.20  8.21  9.17  9.31  8.02  7.21  4.00  1.33  0.50  0.37  0.14  0.04  0.03  0.03  0.03  0.04  0.04  0.04
 8   0  0.03  0.09  0.15  0.30  0.59  0.88  1.43  2.72  3.85  4.65  6.29  8.38  9.45  9.66  8.21  7.29  3.99  1.29  0.51  0.37  0.15  0.04  0.03  0.03  0.03  0.03  0.04  0.03
 8   5  0.03  0.09  0.16  0.31  0.61  0.90  1.46  2.71  3.86  4.66  6.33  8.38  9.36  9.62  8.27  7.37  4.27  1.46  0.61  0.45  0.17  0.04  0.03  0.03  0.03  0.03  0.03  0.03
 8  10  0.03  0.09  0.15  0.31  0.61  0.90  1.46  2.75  3.93  4.74  6.41  8.47  9.33  9.56  8.33  7.44  4.52  1.62  0.70  0.52  0.20  0.04  0.03  0.03  0.03  0.03  0.03  0.03
 8  15  0.03  0.09  0.16  0.31  0.62  0.91  1.48  2.77  4.00  4.80  6.44  8.35  9.09  9.20  8.12  7.30  4.51  1.68  0.73  0.53  0.21  0.04  0.03  0.03  0.04  0.04  0.04  0.03
 8  20  0.03  0.10  0.16  0.32  0.64  0.94  1.52  2.78  4.01  4.85  6.49  8.31  8.89  8.94  7.91  7.15  4.52  1.73  0.76  0.56  0.22  0.05  0.04  0.04  0.04  0.05  0.04  0.04
 8  25  0.03  0.10  0.16  0.32  0.63  0.93  1.52  2.84  4.06  4.89  6.43  8.15  8.73  8.72  7.72  7.01  4.49  1.85  0.79  0.58  0.23  0.07  0.05  0.05  0.05  0.05  0.05  0.04
 8  30  0.03  0.10  0.16  0.32  0.63  0.93  1.52  2.86  4.08  4.92  6.42  8.02  8.53  8.50  7.52  6.85  4.46  1.95  0.81  0.60  0.23  0.09  0.06  0.06  0.06  0.06  0.05  0.05
 8  35  0.03  0.10  0.16  0.32  0.62  0.93  1.50  2.81  3.98  4.78  6.21  7.78  8.28  8.24  7.31  6.68  4.44  2.02  0.93  0.70  0.32  0.11  0.07  0.06  0.06  0.06  0.05  0.05
 8  40  0.03  0.09  0.16  0.31  0.61  0.91  1.48  2.76  3.91  4.67  6.07  7.56  8.01  7.98  7.12  6.50  4.39  2.09  1.04  0.79  0.39  0.14  0.09  0.07  0.07  0.06  0.06  0.05
 8  45  0.03  0.09  0.15  0.30  0.60  0.89  1.44  2.66  3.74  4.48  5.86  7.34  7.77  7.69  6.84  6.23  4.29  2.20  1.18  0.93  0.50  0.21  0.13  0.09  0.08  0.06  0.06  0.05
 8  50  0.03  0.09  0.15  0.29  0.58  0.85  1.39  2.59  3.62  4.32  5.69  7.13  7.53  7.39  6.55  5.95  4.18  2.32  1.32  1.07  0.63  0.28  0.18  0.12  0.09  0.07  0.06  0.05
 8  55  0.03  0.08  0.14  0.28  0.54  0.81  1.32  2.51  3.50  4.18  5.54  6.93  7.26  7.03  6.20  5.59  3.94  2.40  1.45  1.17  0.71  0.31  0.21  0.15  0.10  0.07  0.06  0.05
 8  60  0.03  0.08  0.14  0.27  0.54  0.80  1.30  2.49  3.49  4.18  5.51  6.77  6.98  6.63  5.84  5.28  3.75  2.53  1.61  1.30  0.79  0.34  0.24  0.17  0.11  0.07  0.06  0.05
 8  65  0.03  0.08  0.13  0.26  0.52  0.77  1.26  2.41  3.38  4.04  5.29  6.34  6.43  6.00  5.24  4.69  3.49  2.54  1.70  1.38  0.86  0.39  0.28  0.18  0.11  0.07  0.06  0.05
 8  70  0.03  0.08  0.13  0.25  0.50  0.75  1.22  2.33  3.26  3.91  5.07  5.92  5.88  5.37  4.64  4.11  3.23  2.56  1.78  1.46  0.94  0.43  0.32  0.20  0.12  0.07  0.06  0.05
 8  75  0.03  0.08  0.13  0.25  0.49  0.73  1.20  2.29  3.22  3.85  4.85  5.43  5.25  4.72  4.16  3.76  3.19  2.57  1.82  1.50  0.97  0.45  0.33  0.21  0.13  0.08  0.06  0.05
 8  80  0.02  0.07  0.12  0.24  0.49  0.72  1.18  2.25  3.17  3.80  4.64  4.93  4.62  4.07  3.69  3.42  3.14  2.57  1.86  1.53  1.01  0.47  0.34  0.22  0.15  0.08  0.06  0.05
 8  85  0.02  0.07  0.12  0.24  0.49  0.72  1.18  2.25  3.17  3.81  4.65  4.94  4.62  4.07  3.69  3.42  3.14  2.57  1.86  1.53  1.01  0.47  0.34  0.22  0.15  0.08  0.06  0.05
 8  90  0.02  0.07  0.12  0.24  0.49  0.72  1.18  2.25  3.18  3.81  4.66  4.95  4.63  4.07  3.70  3.42  3.14  2.57  1.86  1.53  1.01  0.47  0.34  0.22  0.16  0.09  0.07  0.05
 9 -90  0.04  0.11  0.18  0.35  0.68  0.98  1.52  2.45  3.38  4.14  4.71  5.32  5.33  4.92  3.98  3.34  1.87  1.20  0.84  0.72  0.52  0.32  0.12  0.06  0.05  0.04  0.03  0.03
 9 -85  0.04  0.11  0.18  0.35  0.68  0.98  1.52  2.45  3.39  4.14  4.71  5.32  5.33  4.92  3.98  3.34  1.87  1.20  0.84  0.72  0.52  0.32  0.13  0.07  0.05  0.04  0.03  0.03
 9 -80  0.04  0.11  0.18  0.35  0.68  0.98  1.52  2.45  3.39  4.14  4.71  5.32  5.33  4.93  3.98  3.35  1.87  1.20  0.84  0.72  0.52  0.32  0.14  0.07  0.05  0.04  0.03  0.03
 9 -75  0.04  0.11  0.17  0.34  0.67  0.97  1.52  2.55  3.46  4.17  4.98  5.62  5.61  5.19  4.26  3.63  2.14  1.34  0.93  0.80  0.57  0.35  0.15  0.07  0.05  0.04  0.03  0.03
 9 -70  0.03  0.10  0.17  0.34  0.66  0.96  1.52  2.64  3.54  4.22  5.26  5.93  5.88  5.44  4.53  3.93  2.46  1.53  1.05  0.91  0.64  0.38  0.16  0.08  0.05  0.04  0.03  0.03
 9 -65  0.03  0.10  0.17  0.33  0.65  0.96  1.55  2.79  3.78  4.51  5.63  6.34  6.33  5.91  5.22  4.75  3.33  2.07  1.32  1.10  0.74  0.41  0.22  0.08  0.05  0.04  0.03  0.03
 9 -60  0.03  0.10  0.17  0.34  0.67  0.98  1.59  2.90  4.01  4.80  6.00  6.76  6.78  6.37  5.91  5.57  4.16  2.60  1.58  1.30  0.84  0.45  0.25  0.09  0.06  0.04  0.03  0.03
 9 -55  0.04  0.10  0.17  0.35  0.68  1.01  1.65  3.07  4.29  5.14  6.35  7.12  7.15  6.83  6.32  5.90  4.59  2.92  1.76  1.42  0.84  0.44  0.25  0.10  0.06  0.04  0.04  0.03
 9 -50  0.04  0.11  0.18  0.35  0.69  1.03  1.68  3.17  4.47  5.38  6.63  7.49  7.55  7.24  6.68  6.20  4.99  3.21  1.87  1.49  0.84  0.43  0.25  0.10  0.06  0.04  0.04  0.03
 9 -45  0.04  0.11  0.18  0.35  0.70  1.03  1.67  3.10  4.40  5.33  6.65  7.64  7.71  7.32  6.61  6.05  4.90  3.14  1.81  1.43  0.79  0.40  0.25  0.09  0.06  0.04  0.04  0.04
 9 -40  0.04  0.11  0.18  0.35  0.69  1.02  1.66  3.06  4.41  5.30  6.72  7.83  7.95  7.52  6.62  5.94  4.81  3.05  1.73  1.36  0.73  0.37  0.24  0.09  0.06  0.04  0.04  0.04
 9 -35  0.03  0.10  0.17  0.34  0.67  0.99  1.61  2.98  4.28  5.18  6.67  7.94  8.12  7.72  6.71  5.97  4.72  2.76  1.44  1.11  0.55  0.28  0.19  0.09  0.06  0.05  0.04  0.04
 9 -30  0.03  0.10  0.17  0.33  0.65  0.96  1.56  2.89  4.15  5.01  6.59  8.03  8.31  7.96  6.83  6.01  4.63  2.44  1.16  0.87  0.38  0.18  0.09  0.07  0.06  0.05  0.05  0.04
 9 -25  0.03  0.10  0.17  0.33  0.65  0.95  1.54  2.79  4.01  4.83  6.44  8.14  8.53  8.27  7.11  6.24  4.60  2.23  0.95  0.70  0.29  0.08  0.06  0.05  0.05  0.05  0.05  0.05
 9 -20  0.03  0.10  0.16  0.32  0.64  0.94  1.50  2.72  3.85  4.65  6.28  8.23  8.77  8.54  7.36  6.47  4.59  1.98  0.74  0.54  0.21  0.06  0.04  0.04  0.04  0.05  0.05  0.05
 9 -15  0.03  0.09  0.16  0.31  0.61  0.90  1.46  2.70  3.79  4.52  6.13  8.21  8.93  8.85  7.64  6.80  4.36  1.69  0.64  0.47  0.18  0.05  0.04  0.04  0.04  0.04  0.05  0.05
 9 -10  0.03  0.09  0.15  0.30  0.60  0.89  1.44  2.68  3.74  4.46  6.07  8.23  9.18  9.31  8.00  7.12  4.09  1.40  0.54  0.39  0.15  0.04  0.04  0.03  0.04  0.04  0.04  0.04
 9  -5  0.03  0.09  0.15  0.30  0.60  0.88  1.43  2.65  3.71  4.46  6.05  8.20  9.32  9.59  8.07  7.12  4.01  1.35  0.54  0.39  0.15  0.04  0.03  0.03  0.03  0.04  0.04  0.04
 9   0  0.03  0.09  0.14  0.29  0.57  0.85  1.39  2.68  3.76  4.51  6.14  8.35  9.57  9.93  8.20  7.11  3.95  1.30  0.54  0.40  0.15  0.04  0.03  0.03  0.03  0.04  0.04  0.03
 9   5  0.03  0.09  0.15  0.30  0.59  0.88  1.42  2.67  3.78  4.54  6.18  8.33  9.46  9.83  8.28  7.28  4.22  1.45  0.61  0.45  0.17  0.04  0.03  0.03  0.03  0.03  0.03  0.03
 9  10  0.03  0.09  0.15  0.30  0.59  0.88  1.44  2.71  3.85  4.61  6.27  8.41  9.40  9.70  8.37  7.44  4.47  1.59  0.68  0.49  0.18  0.04  0.03  0.03  0.03  0.03  0.03  0.03
 9  15  0.03  0.09  0.15  0.31  0.61  0.90  1.46  2.73  3.94  4.71  6.37  8.34  9.13  9.28  8.14  7.29  4.45  1.61  0.68  0.49  0.18  0.04  0.03  0.03  0.04  0.04  0.04  0.03
 9  20  0.03  0.10  0.16  0.32  0.62  0.92  1.49  2.74  3.95  4.77  6.44  8.33  8.93  8.98  7.93  7.15  4.45  1.61  0.69  0.50  0.18  0.05  0.04  0.04  0.04  0.05  0.04  0.04
 9  25  0.03  0.09  0.16  0.31  0.62  0.91  1.49  2.80  4.03  4.85  6.43  8.16  8.71  8.68  7.80  7.15  4.49  1.68  0.71  0.51  0.19  0.06  0.05  0.05  0.05  0.05  0.05  0.04
 9  30  0.03  0.09  0.16  0.31  0.62  0.92  1.50  2.82  4.07  4.93  6.47  8.04  8.47  8.39  7.66  7.14  4.53  1.74  0.72  0.53  0.19  0.08  0.06  0.05  0.05  0.05  0.05  0.05
 9  35  0.03  0.10  0.16  0.32  0.63  0.93  1.51  2.82  4.05  4.90  6.37  7.80  8.18  8.07  7.29  6.76  4.44  1.91  0.90  0.67  0.28  0.10  0.07  0.06  0.06  0.05  0.05  0.05
 9  40  0.03  0.10  0.16  0.32  0.63  0.93  1.51  2.82  4.05  4.88  6.30  7.58  7.88  7.77  6.95  6.36  4.31  2.05  1.06  0.80  0.37  0.13  0.09  0.07  0.06  0.06  0.05  0.05
 9  45  0.03  0.10  0.16  0.32  0.63  0.93  1.51  2.79  4.00  4.83  6.23  7.39  7.60  7.40  6.63  6.07  4.21  2.17  1.19  0.93  0.47  0.18  0.12  0.09  0.07  0.06  0.05  0.05
 9  50  0.03  0.10  0.16  0.32  0.63  0.93  1.50  2.79  3.98  4.81  6.18  7.18  7.29  7.01  6.30  5.77  4.10  2.28  1.33  1.06  0.60  0.24  0.15  0.11  0.08  0.06  0.05  0.05
 9  55  0.03  0.09  0.15  0.31  0.61  0.90  1.47  2.78  3.96  4.79  6.13  6.98  6.97  6.59  5.88  5.34  3.90  2.35  1.45  1.17  0.69  0.28  0.18  0.14  0.09  0.06  0.05  0.05
 9  60  0.03  0.09  0.15  0.31  0.61  0.90  1.48  2.83  4.06  4.92  6.18  6.80  6.63  6.12  5.45  4.96  3.74  2.47  1.61  1.30  0.78  0.33  0.22  0.15  0.10  0.07  0.05  0.05
 9  65  0.03  0.09  0.16  0.31  0.61  0.91  1.49  2.84  4.04  4.88  5.94  6.33  6.06  5.52  4.86  4.37  3.48  2.46  1.70  1.38  0.87  0.39  0.25  0.17  0.11  0.07  0.05  0.05
 9  70  0.03  0.09  0.16  0.31  0.62  0.92  1.51  2.86  4.02  4.85  5.71  5.86  5.50  4.92  4.26  3.79  3.22  2.44  1.79  1.47  0.95  0.44  0.29  0.18  0.11  0.07  0.06  0.05
 9  75  0.03  0.10  0.16  0.31  0.62  0.92  1.51  2.86  3.81  4.50  5.04  5.13  4.86  4.40  4.03  3.75  3.17  2.45  1.79  1.47  0.96  0.44  0.30  0.19  0.12  0.07  0.06  0.05
 9  80  0.03  0.10  0.16  0.32  0.62  0.93  1.51  2.86  3.60  4.15  4.37  4.40  4.23  3.89  3.79  3.70  3.12  2.44  1.79  1.47  0.97  0.44  0.30  0.20  0.12  0.07  0.06  0.05
 9  85  0.03  0.10  0.16  0.32  0.62  0.93  1.51  2.86  3.60  4.15  4.37  4.41  4.23  3.90  3.79  3.71  3.12  2.44  1.79  1.47  0.97  0.44  0.30  0.20  0.13  0.07  0.06  0.05
 9  90  0.03  0.10  0.16  0.32  0.63  0.93  1.51  2.86  3.61  4.16  4.38  4.41  4.24  3.90  3.79  3.71  3.12  2.44  1.79  1.47  0.97  0.44  0.30  0.20  0.13  0.07  0.06  0.05
10 -90  0.03  0.09  0.14  0.28  0.56  0.82  1.32  2.38  3.21  3.79  4.95  5.78  5.89  5.49  4.63  4.01  2.48  0.46  0.13  0.15  0.16  0.28  0.11  0.06  0.05  0.04  0.03  0.03
10 -85  0.03  0.09  0.14  0.28  0.56  0.82  1.32  2.38  3.21  3.79  4.94  5.78  5.89  5.49  4.63  4.01  2.48  0.46  0.13  0.15  0.16  0.28  0.12  0.06  0.05  0.04  0.03  0.03
10 -80  0.03  0.09  0.14  0.28  0.56  0.82  1.32  2.38  3.21  3.79  4.94  5.78  5.89  5.49  4.63  4.01  2.48  0.46  0.13  0.15  0.16  0.28  0.13  0.07  0.05  0.04  0.03  0.03
10 -75  0.03  0.09  0.14  0.29  0.56  0.83  1.33  2.42  3.29  3.89  5.08  6.05  6.22  5.86  5.18  4.66  2.98  0.83  0.33  0.30  0.22  0.32  0.21  0.07  0.05  0.04  0.03  0.03
10 -70  0.03  0.09  0.14  0.29  0.56  0.83  1.34  2.45  3.37  4.01  5.22  6.32  6.56  6.22  5.73  5.32  3.51  1.27  0.57  0.48  0.31  0.35  0.23  0.08  0.05  0.04  0.03  0.03
10 -65  0.03  0.09  0.15  0.30  0.58  0.86  1.39  2.57  3.59  4.30  5.56  6.68  6.93  6.62  6.31  6.03  4.23  1.97  1.00  0.80  0.47  0.37  0.24  0.09  0.06  0.04  0.03  0.03
10 -60  0.03  0.09  0.15  0.30  0.60  0.89  1.44  2.68  3.81  4.58  5.89  7.05  7.30  7.02  6.89  6.73  4.90  2.65  1.44  1.14  0.64  0.40  0.25  0.10  0.06  0.04  0.03  0.03
10 -55  0.03  0.09  0.16  0.31  0.62  0.91  1.49  2.78  3.99  4.80  6.16  7.33  7.56  7.33  6.94  6.60  5.01  2.98  1.73  1.37  0.76  0.39  0.24  0.15  0.06  0.04  0.04  0.03
10 -50  0.03  0.09  0.16  0.31  0.62  0.92  1.50  2.83  4.09  4.94  6.37  7.61  7.85  7.59  6.95  6.44  5.08  3.25  1.95  1.55  0.86  0.38  0.23  0.14  0.06  0.04  0.04  0.03
10 -45  0.03  0.09  0.16  0.31  0.61  0.91  1.48  2.80  4.05  4.91  6.40  7.77  8.04  7.68  7.05  6.55  5.18  3.31  1.95  1.54  0.84  0.37  0.23  0.09  0.06  0.05  0.04  0.04
10 -40  0.03  0.09  0.16  0.31  0.61  0.91  1.48  2.79  4.05  4.88  6.46  7.96  8.29  7.89  7.21  6.69  5.29  3.36  1.92  1.51  0.81  0.36  0.22  0.09  0.06  0.05  0.04  0.04
10 -35  0.03  0.09  0.15  0.31  0.61  0.90  1.46  2.76  4.00  4.83  6.43  8.08  8.48  8.12  7.27  6.64  5.05  2.86  1.48  1.14  0.58  0.26  0.14  0.08  0.06  0.05  0.05  0.04
10 -30  0.03  0.09  0.15  0.30  0.60  0.89  1.44  2.74  3.92  4.73  6.37  8.16  8.67  8.39  7.36  6.60  4.80  2.34  1.04  0.78  0.35  0.15  0.10  0.07  0.06  0.05  0.05  0.04
10 -25  0.03  0.09  0.15  0.31  0.60  0.89  1.45  2.69  3.83  4.60  6.23  8.21  8.85  8.70  7.53  6.67  4.59  2.04  0.84  0.63  0.26  0.09  0.06  0.05  0.05  0.05  0.05  0.05
10 -20  0.03  0.09  0.15  0.30  0.60  0.89  1.44  2.67  3.75  4.50  6.11  8.25  9.02  8.95  7.68  6.73  4.38  1.70  0.65  0.47  0.18  0.06  0.05  0.04  0.05  0.05  0.05  0.05
10 -15  0.03  0.09  0.15  0.29  0.58  0.86  1.40  2.66  3.71  4.42  6.00  8.19  9.07  9.14  7.90  7.03  4.25  1.55  0.58  0.42  0.16  0.05  0.04  0.04  0.04  0.05  0.05  0.05
10 -10  0.03  0.09  0.14  0.28  0.56  0.84  1.38  2.66  3.70  4.40  5.98  8.17  9.22  9.48  8.19  7.32  4.08  1.40  0.51  0.37  0.13  0.04  0.04  0.04  0.04  0.04  0.04  0.04
10  -5  0.03  0.09  0.14  0.28  0.57  0.84  1.38  2.64  3.68  4.40  5.94  8.09  9.27  9.65  8.23  7.33  4.00  1.37  0.49  0.36  0.13  0.04  0.03  0.03  0.03  0.04  0.04  0.04
10   0  0.03  0.08  0.14  0.28  0.56  0.83  1.37  2.65  3.72  4.45  6.03  8.18  9.42  9.90  8.33  7.33  3.93  1.33  0.48  0.35  0.13  0.04  0.03  0.03  0.03  0.04  0.03  0.03
10   5  0.03  0.09  0.15  0.29  0.58  0.86  1.40  2.66  3.74  4.46  6.04  8.11  9.28  9.74  8.27  7.34  4.15  1.44  0.56  0.41  0.14  0.04  0.03  0.03  0.03  0.03  0.03  0.03
10  10  0.03  0.09  0.15  0.29  0.58  0.87  1.42  2.69  3.78  4.51  6.10  8.16  9.18  9.57  8.23  7.34  4.36  1.55  0.64  0.46  0.16  0.04  0.03  0.03  0.03  0.04  0.03  0.03
10  15  0.03  0.09  0.15  0.30  0.59  0.88  1.43  2.70  3.84  4.58  6.17  8.09  8.92  9.13  7.97  7.12  4.33  1.58  0.64  0.46  0.16  0.04  0.03  0.03  0.03  0.04  0.04  0.04
10  20  0.03  0.09  0.16  0.31  0.61  0.90  1.46  2.70  3.83  4.60  6.20  8.08  8.72  8.81  7.72  6.92  4.30  1.58  0.66  0.47  0.16  0.05  0.04  0.04  0.04  0.04  0.04  0.04
10  25  0.03  0.09  0.15  0.31  0.61  0.90  1.47  2.78  3.96  4.76  6.27  7.92  8.45  8.45  7.57  6.91  4.35  1.63  0.68  0.49  0.18  0.06  0.04  0.04  0.04  0.05  0.05  0.04
10  30  0.03  0.10  0.16  0.31  0.62  0.92  1.50  2.81  4.06  4.90  6.40  7.82  8.18  8.10  7.40  6.89  4.40  1.67  0.70  0.51  0.19  0.08  0.05  0.05  0.05  0.05  0.05  0.04
10  35  0.03  0.10  0.16  0.32  0.64  0.95  1.54  2.88  4.16  5.04  6.43  7.58  7.79  7.60  6.93  6.47  4.32  1.86  0.90  0.68  0.30  0.10  0.07  0.06  0.05  0.05  0.05  0.05
10  40  0.03  0.10  0.17  0.33  0.66  0.97  1.58  2.94  4.27  5.18  6.48  7.34  7.39  7.14  6.50  6.03  4.22  2.02  1.08  0.83  0.40  0.17  0.09  0.07  0.06  0.05  0.05  0.05
10  45  0.04  0.11  0.18  0.35  0.69  1.01  1.64  3.01  4.38  5.32  6.51  7.15  7.08  6.76  6.21  5.81  4.21  2.20  1.23  0.96  0.50  0.20  0.12  0.09  0.07  0.06  0.05  0.05
10  50  0.04  0.11  0.18  0.36  0.71  1.04  1.69  3.11  4.47  5.47  6.52  6.91  6.74  6.40  5.93  5.57  4.18  2.36  1.39  1.11  0.63  0.23  0.13  0.12  0.08  0.06  0.05  0.05
10  55  0.04  0.11  0.18  0.36  0.71  1.05  1.71  3.20  4.52  5.51  6.41  6.66  6.44  6.05  5.60  5.25  4.08  2.40  1.48  1.19  0.71  0.28  0.17  0.12  0.09  0.06  0.05  0.05
10  60  0.04  0.11  0.19  0.37  0.73  1.09  1.77  3.34  4.67  5.68  6.38  6.42  6.12  5.65  5.27  4.98  4.03  2.49  1.60  1.30  0.79  0.34  0.21  0.15  0.10  0.06  0.05  0.05
10  65  0.04  0.11  0.19  0.38  0.75  1.11  1.80  3.37  4.54  5.46  5.96  5.94  5.64  5.19  4.85  4.59  3.78  2.50  1.73  1.42  0.91  0.39  0.24  0.16  0.10  0.06  0.05  0.05
10  70  0.04  0.12  0.19  0.39  0.76  1.13  1.83  3.40  4.41  5.23  5.54  5.46  5.16  4.73  4.42  4.19  3.52  2.52  1.85  1.54  1.03  0.45  0.27  0.18  0.11  0.06  0.05  0.05
10  75  0.04  0.12  0.19  0.38  0.76  1.12  1.81  3.35  4.01  4.58  4.84  4.89  4.71  4.35  4.07  3.87  3.37  2.54  1.90  1.59  1.07  0.47  0.28  0.19  0.11  0.06  0.05  0.05
10  80  0.04  0.12  0.19  0.38  0.75  1.11  1.79  3.31  3.60  3.93  4.14  4.33  4.26  3.97  3.72  3.55  3.21  2.55  1.94  1.63  1.12  0.49  0.29  0.20  0.11  0.06  0.05  0.05
10  85  0.04  0.12  0.19  0.38  0.75  1.11  1.79  3.31  3.61  3.93  4.15  4.34  4.26  3.97  3.72  3.55  3.22  2.55  1.94  1.63  1.12  0.49  0.29  0.20  0.12  0.07  0.05  0.05
10  90  0.04  0.12  0.19  0.38  0.75  1.11  1.79  3.31  3.61  3.94  4.16  4.35  4.27  3.97  3.72  3.55  3.22  2.55  1.94  1.63  1.12  0.49  0.29  0.20  0.12  0.07  0.05  0.05
11 -90  0.02  0.07  0.12  0.25  0.49  0.72  1.16  2.16  2.99  3.55  4.80  5.95  6.24  6.08  5.79  5.49  4.17  1.72  0.81  0.65  0.38  0.33  0.25  0.15  0.05  0.04  0.03  0.02
11 -85  0.02  0.07  0.12  0.25  0.49  0.72  1.16  2.16  2.99  3.55  4.80  5.95  6.24  6.08  5.79  5.49  4.17  1.72  0.81  0.65  0.38  0.33  0.25  0.08  0.05  0.04  0.03  0.03
11 -80  0.02  0.07  0.12  0.25  0.49  0.72  1.16  2.17  3.00  3.55  4.79  5.95  6.24  6.08  5.79  5.49  4.17  1.72  0.81  0.66  0.38  0.33  0.25  0.15  0.05  0.04  0.03  0.03
11 -75  0.03  0.08  0.13  0.25  0.49  0.73  1.18  2.19  3.06  3.64  4.84  6.07  6.41  6.25  6.12  5.93  4.46  1.91  0.92  0.74  0.43  0.36  0.26  0.16  0.05  0.04  0.03  0.03
11 -70  0.03  0.08  0.13  0.25  0.50  0.74  1.19  2.22  3.12  3.72  4.89  6.19  6.58  6.43  6.45  6.38  4.77  2.15  1.06  0.85  0.50  0.39  0.27  0.17  0.06  0.04  0.03  0.03
11 -65  0.03  0.08  0.13  0.26  0.51  0.76  1.23  2.30  3.25  3.89  5.12  6.47  6.87  6.69  6.70  6.65  4.96  2.50  1.31  1.03  0.57  0.39  0.26  0.16  0.06  0.04  0.03  0.03
11 -60  0.03  0.08  0.14  0.27  0.53  0.79  1.27  2.38  3.38  4.06  5.34  6.75  7.15  6.96  6.96  6.91  5.15  2.84  1.57  1.22  0.65  0.39  0.26  0.16  0.07  0.04  0.03  0.03
11 -55  0.03  0.08  0.14  0.28  0.55  0.81  1.32  2.46  3.51  4.20  5.53  7.04  7.48  7.32  6.93  6.61  5.04  2.97  1.71  1.33  0.69  0.35  0.23  0.14  0.07  0.04  0.04  0.03
11 -50  0.03  0.08  0.14  0.28  0.55  0.82  1.33  2.50  3.57  4.27  5.70  7.33  7.84  7.63  6.88  6.30  4.88  3.04  1.77  1.37  0.70  0.32  0.21  0.10  0.07  0.05  0.04  0.03
11 -45  0.03  0.08  0.14  0.27  0.54  0.81  1.32  2.52  3.57  4.29  5.75  7.51  8.11  7.86  7.03  6.39  4.92  3.04  1.74  1.35  0.69  0.31  0.20  0.09  0.06  0.05  0.04  0.03
11 -40  0.03  0.08  0.14  0.27  0.54  0.81  1.33  2.55  3.59  4.28  5.80  7.71  8.40  8.19  7.22  6.51  4.98  3.02  1.69  1.30  0.66  0.31  0.19  0.08  0.06  0.05  0.04  0.04
11 -35  0.03  0.08  0.14  0.28  0.55  0.82  1.35  2.58  3.65  4.36  5.89  7.87  8.62  8.44  7.37  6.58  4.73  2.55  1.28  0.98  0.47  0.23  0.12  0.07  0.06  0.05  0.05  0.04
11 -30  0.03  0.08  0.14  0.28  0.55  0.83  1.36  2.61  3.67  4.38  5.93  7.97  8.80  8.76  7.54  6.65  4.48  2.07  0.87  0.65  0.27  0.15  0.09  0.06  0.06  0.05  0.05  0.04
11 -25  0.03  0.09  0.14  0.29  0.57  0.85  1.38  2.61  3.68  4.39  5.93  8.08  8.96  9.00  7.64  6.64  4.33  1.90  0.74  0.54  0.22  0.09  0.06  0.05  0.05  0.05  0.05  0.04
11 -20  0.03  0.09  0.14  0.29  0.57  0.84  1.38  2.65  3.71  4.43  5.98  8.18  9.09  9.20  7.71  6.63  4.18  1.69  0.60  0.44  0.16  0.07  0.05  0.04  0.05  0.05  0.05  0.04
11 -15  0.03  0.08  0.14  0.28  0.56  0.83  1.37  2.67  3.73  4.46  6.02  8.19  9.11  9.31  7.91  6.91  4.10  1.53  0.55  0.40  0.15  0.05  0.04  0.04  0.04  0.04  0.05  0.04
11 -10  0.03  0.08  0.14  0.28  0.55  0.82  1.37  2.71  3.80  4.53  6.12  8.24  9.26  9.56  8.16  7.19  3.99  1.38  0.49  0.36  0.14  0.05  0.04  0.04  0.04  0.04  0.04  0.04
11  -5  0.03  0.08  0.14  0.28  0.55  0.83  1.37  2.71  3.79  4.55  6.10  8.14  9.21  9.57  8.14  7.18  3.89  1.32  0.47  0.35  0.14  0.04  0.03  0.03  0.03  0.04  0.04  0.03
11   0  0.03  0.09  0.14  0.28  0.57  0.84  1.39  2.70  3.84  4.60  6.19  8.17  9.21  9.64  8.15  7.16  3.80  1.25  0.46  0.34  0.13  0.04  0.03  0.03  0.03  0.04  0.03  0.03
11   5  0.03  0.09  0.15  0.29  0.58  0.86  1.41  2.70  3.80  4.56  6.08  8.01  9.05  9.46  8.05  7.14  4.00  1.35  0.50  0.37  0.14  0.04  0.03  0.03  0.03  0.03  0.03  0.03
11  10  0.03  0.09  0.15  0.29  0.58  0.87  1.42  2.71  3.78  4.52  6.04  7.95  8.90  9.26  7.97  7.12  4.20  1.44  0.55  0.40  0.14  0.04  0.03  0.03  0.03  0.04  0.04  0.03
11  15  0.03  0.09  0.15  0.30  0.59  0.88  1.43  2.72  3.83  4.58  6.09  7.84  8.59  8.79  7.68  6.88  4.12  1.47  0.55  0.40  0.14  0.04  0.04  0.03  0.04  0.04  0.04  0.04
11  20  0.03  0.09  0.16  0.31  0.61  0.90  1.46  2.71  3.82  4.57  6.09  7.77  8.32  8.42  7.40  6.65  4.03  1.48  0.56  0.40  0.14  0.05  0.04  0.04  0.04  0.04  0.04  0.04
11  25  0.03  0.09  0.16  0.31  0.61  0.91  1.49  2.83  4.00  4.81  6.21  7.59  7.99  7.98  7.19  6.56  4.11  1.56  0.63  0.46  0.18  0.06  0.04  0.04  0.04  0.04  0.04  0.04
11  30  0.03  0.10  0.16  0.32  0.64  0.95  1.54  2.88  4.16  5.02  6.38  7.46  7.65  7.54  6.92  6.46  4.18  1.65  0.71  0.53  0.22  0.08  0.05  0.05  0.05  0.04  0.04  0.04
11  35  0.03  0.10  0.17  0.34  0.68  1.00  1.63  3.02  4.35  5.27  6.43  7.22  7.27  7.03  6.54  6.20  4.35  1.96  0.97  0.73  0.34  0.14  0.08  0.06  0.05  0.05  0.05  0.05
11  40  0.04  0.11  0.18  0.36  0.71  1.05  1.70  3.15  4.54  5.52  6.52  6.98  6.87  6.59  6.21  5.91  4.48  2.24  1.19  0.92  0.46  0.18  0.11  0.08  0.06  0.05  0.05  0.05
11  45  0.04  0.12  0.19  0.38  0.75  1.11  1.79  3.29  4.69  5.69  6.51  6.75  6.57  6.25  6.00  5.82  4.52  2.38  1.35  1.07  0.58  0.23  0.14  0.10  0.07  0.05  0.05  0.05
11  50  0.04  0.12  0.20  0.40  0.79  1.17  1.88  3.43  4.81  5.87  6.46  6.48  6.25  5.96  5.83  5.72  4.53  2.52  1.53  1.23  0.71  0.29  0.16  0.11  0.08  0.06  0.05  0.05
11  55  0.04  0.12  0.20  0.41  0.80  1.18  1.91  3.50  4.73  5.72  6.18  6.22  6.00  5.72  5.57  5.45  4.37  2.55  1.60  1.32  0.84  0.34  0.19  0.13  0.09  0.06  0.05  0.05
11  60  0.04  0.12  0.21  0.41  0.81  1.20  1.96  3.65  4.77  5.68  5.97  5.94  5.73  5.42  5.32  5.23  4.25  2.62  1.70  1.43  0.96  0.40  0.22  0.15  0.10  0.06  0.05  0.05
11  65  0.04  0.12  0.20  0.40  0.79  1.17  1.89  3.51  4.52  5.36  5.72  5.78  5.61  5.29  5.07  4.90  4.15  2.72  1.88  1.61  1.14  0.50  0.27  0.18  0.10  0.06  0.05  0.05
11  70  0.04  0.12  0.20  0.39  0.77  1.14  1.83  3.34  4.27  5.04  5.46  5.63  5.49  5.17  4.82  4.58  4.05  2.81  2.06  1.79  1.31  0.59  0.31  0.20  0.10  0.06  0.05  0.05
11  75  0.04  0.12  0.20  0.39  0.76  1.12  1.78  3.19  4.00  4.67  5.03  4.98  4.69  4.31  4.00  3.79  3.49  2.74  1.99  1.72  1.25  0.55  0.29  0.19  0.11  0.06  0.05  0.05
11  80  0.04  0.12  0.19  0.38  0.74  1.09  1.73  3.04  3.73  4.31  4.60  4.33  3.90  3.46  3.18  2.99  2.94  2.66  1.92  1.65  1.18  0.52  0.26  0.17  0.11  0.06  0.05  0.05
11  85  0.04  0.12  0.19  0.38  0.74  1.09  1.73  3.04  3.73  4.31  4.61  4.34  3.91  3.46  3.18  2.99  2.94  2.66  1.92  1.65  1.18  0.52  0.26  0.17  0.11  0.06  0.05  0.05
11  90  0.04  0.12  0.19  0.38  0.74  1.09  1.73  3.04  3.74  4.32  4.62  4.34  3.92  3.47  3.18  3.00  2.94  2.66  1.92  1.65  1.18  0.52  0.26  0.17  0.11  0.06  0.05  0.05
12 -90  0.02  0.07  0.11  0.22  0.43  0.63  1.02  1.88  2.69  3.25  4.49  5.67  5.87  5.53  5.35  5.20  4.52  3.03  1.66  1.30  0.72  0.36  0.29  0.18  0.09  0.05  0.03  0.02
12 -85  0.02  0.07  0.11  0.22  0.43  0.63  1.02  1.88  2.69  3.25  4.48  5.66  5.87  5.53  5.35  5.20  4.52  3.03  1.66  1.31  0.72  0.36  0.29  0.18  0.09  0.05  0.03  0.02
12 -80  0.02  0.07  0.11  0.22  0.43  0.63  1.02  1.88  2.70  3.25  4.48  5.66  5.86  5.53  5.35  5.20  4.52  3.03  1.67  1.31  0.72  0.36  0.29  0.18  0.09  0.04  0.03  0.02
12 -75  0.02  0.07  0.11  0.22  0.44  0.65  1.06  1.94  2.76  3.32  4.50  5.75  6.02  5.71  5.53  5.38  4.64  3.04  1.67  1.31  0.72  0.36  0.29  0.18  0.06  0.04  0.03  0.02
12 -70  0.02  0.07  0.12  0.23  0.45  0.67  1.09  2.01  2.83  3.39  4.53  5.84  6.18  5.90  5.72  5.56  4.78  3.06  1.69  1.33  0.74  0.36  0.29  0.17  0.07  0.04  0.03  0.03
12 -65  0.02  0.07  0.12  0.24  0.47  0.70  1.13  2.09  2.94  3.51  4.68  6.11  6.55  6.32  6.08  5.88  4.87  3.05  1.69  1.32  0.72  0.34  0.26  0.16  0.07  0.04  0.03  0.03
12 -60  0.03  0.08  0.13  0.25  0.49  0.73  1.17  2.17  3.04  3.63  4.83  6.39  6.93  6.75  6.44  6.19  4.96  3.02  1.69  1.31  0.70  0.32  0.24  0.14  0.07  0.04  0.03  0.03
12 -55  0.03  0.08  0.13  0.26  0.52  0.76  1.23  2.28  3.17  3.75  5.00  6.70  7.35  7.28  6.75  6.35  4.88  2.87  1.60  1.24  0.63  0.30  0.21  0.12  0.07  0.04  0.03  0.03
12 -50  0.03  0.08  0.13  0.27  0.52  0.77  1.25  2.33  3.24  3.82  5.14  7.02  7.80  7.77  7.04  6.50  4.76  2.69  1.45  1.12  0.55  0.27  0.18  0.11  0.07  0.05  0.04  0.03
12 -45  0.03  0.08  0.13  0.26  0.52  0.77  1.26  2.39  3.31  3.93  5.29  7.24  8.11  8.09  7.04  6.26  4.53  2.52  1.36  1.05  0.52  0.26  0.16  0.09  0.06  0.05  0.04  0.03
12 -40  0.03  0.08  0.13  0.26  0.52  0.78  1.28  2.48  3.38  4.00  5.39  7.46  8.42  8.49  7.05  6.03  4.32  2.35  1.25  0.96  0.48  0.24  0.12  0.07  0.06  0.05  0.04  0.04
12 -35  0.03  0.08  0.14  0.27  0.54  0.80  1.31  2.53  3.53  4.18  5.61  7.67  8.63  8.67  7.42  6.51  4.31  2.05  0.98  0.75  0.35  0.18  0.10  0.07  0.05  0.05  0.04  0.04
12 -30  0.03  0.08  0.14  0.27  0.54  0.81  1.34  2.60  3.62  4.30  5.78  7.84  8.80  8.90  7.78  6.98  4.31  1.76  0.71  0.53  0.23  0.12  0.07  0.06  0.05  0.05  0.05  0.04
12 -25  0.03  0.09  0.14  0.28  0.56  0.83  1.37  2.64  3.72  4.42  5.93  8.05  8.97  9.09  7.84  6.93  4.21  1.67  0.61  0.45  0.18  0.08  0.06  0.05  0.05  0.05  0.05  0.04
12 -20  0.03  0.08  0.14  0.28  0.56  0.83  1.38  2.71  3.83  4.58  6.15  8.25  9.11  9.23  7.87  6.87  4.12  1.55  0.52  0.38  0.13  0.06  0.04  0.04  0.04  0.05  0.05  0.04
12 -15  0.03  0.08  0.14  0.28  0.56  0.84  1.39  2.74  3.90  4.72  6.35  8.39  9.19  9.35  8.01  7.03  4.06  1.44  0.47  0.35  0.13  0.05  0.04  0.04  0.04  0.04  0.04  0.04
12 -10  0.03  0.08  0.14  0.28  0.55  0.83  1.39  2.80  4.04  4.88  6.58  8.57  9.41  9.57  8.19  7.19  3.98  1.33  0.43  0.32  0.13  0.04  0.03  0.03  0.03  0.04  0.04  0.03
12  -5  0.03  0.08  0.14  0.28  0.56  0.84  1.40  2.81  4.04  4.90  6.56  8.48  9.30  9.50  8.00  6.93  3.81  1.28  0.41  0.31  0.13  0.04  0.03  0.03  0.03  0.03  0.03  0.03
12   0  0.03  0.09  0.15  0.29  0.58  0.87  1.43  2.77  4.06  4.93  6.62  8.43  9.18  9.45  7.83  6.66  3.66  1.23  0.40  0.31  0.14  0.04  0.03  0.03  0.03  0.03  0.03  0.03
12   5  0.03  0.09  0.15  0.30  0.59  0.88  1.44  2.77  3.99  4.86  6.43  8.19  8.96  9.16  7.75  6.79  3.88  1.33  0.45  0.34  0.13  0.04  0.03  0.03  0.03  0.04  0.04  0.03
12  10  0.03  0.09  0.15  0.30  0.59  0.88  1.45  2.77  3.96  4.77  6.33  8.03  8.73  8.89  7.69  6.89  4.09  1.43  0.49  0.36  0.12  0.04  0.03  0.03  0.04  0.04  0.04  0.04
12  15  0.03  0.09  0.15  0.30  0.60  0.89  1.45  2.77  3.95  4.75  6.28  7.84  8.39  8.42  7.37  6.62  4.01  1.51  0.52  0.37  0.13  0.04  0.04  0.04  0.04  0.04  0.04  0.04
12  20  0.03  0.09  0.16  0.31  0.61  0.91  1.47  2.74  3.90  4.68  6.18  7.67  8.06  8.01  7.06  6.34  3.90  1.56  0.54  0.39  0.13  0.05  0.04  0.04  0.04  0.04  0.04  0.04
12  25  0.03  0.09  0.15  0.31  0.61  0.90  1.48  2.83  3.98  4.80  6.17  7.40  7.68  7.58  6.92  6.38  4.11  1.69  0.67  0.49  0.19  0.06  0.05  0.04  0.04  0.04  0.04  0.04
12  30  0.03  0.10  0.16  0.32  0.63  0.94  1.52  2.84  4.05  4.88  6.18  7.18  7.29  7.11  6.72  6.41  4.29  1.84  0.81  0.60  0.26  0.09  0.06  0.05  0.05  0.05  0.04  0.04
12  35  0.03  0.10  0.17  0.34  0.67  0.99  1.61  2.97  4.20  5.04  6.14  6.91  6.94  6.68  6.47  6.33  4.58  2.17  1.09  0.84  0.43  0.19  0.09  0.07  0.06  0.05  0.05  0.05
12  40  0.04  0.11  0.18  0.36  0.71  1.04  1.68  3.09  4.34  5.22  6.14  6.63  6.57  6.32  6.28  6.23  4.86  2.47  1.34  1.07  0.60  0.27  0.14  0.09  0.07  0.05  0.05  0.05
12  45  0.04  0.11  0.19  0.38  0.74  1.09  1.77  3.24  4.47  5.33  6.05  6.39  6.32  6.08  6.04  6.01  4.78  2.71  1.54  1.24  0.72  0.32  0.17  0.11  0.08  0.06  0.05  0.05
12  50  0.04  0.12  0.20  0.40  0.78  1.15  1.86  3.39  4.54  5.43  5.95  6.14  6.07  5.93  5.85  5.79  4.68  2.95  1.75  1.43  0.87  0.38  0.20  0.13  0.09  0.06  0.05  0.05
12  55  0.04  0.12  0.20  0.40  0.78  1.15  1.85  3.37  4.36  5.18  5.67  5.98  5.94  5.81  5.62  5.47  4.45  2.93  1.85  1.54  1.01  0.46  0.24  0.15  0.10  0.06  0.05  0.05
12  60  0.04  0.12  0.20  0.40  0.78  1.16  1.87  3.44  4.30  5.03  5.47  5.81  5.80  5.64  5.39  5.21  4.27  2.95  1.98  1.68  1.15  0.54  0.28  0.17  0.10  0.06  0.05  0.05
12  65  0.04  0.12  0.21  0.41  0.80  1.17  1.87  3.33  4.23  4.96  5.44  5.76  5.70  5.46  5.14  4.91  4.16  2.91  2.03  1.73  1.21  0.57  0.27  0.17  0.10  0.06  0.05  0.05
12  70  0.04  0.13  0.21  0.42  0.81  1.19  1.87  3.23  4.17  4.90  5.42  5.72  5.60  5.29  4.88  4.60  4.04  2.86  2.08  1.78  1.27  0.60  0.27  0.17  0.10  0.06  0.05  0.05
12  75  0.04  0.12  0.20  0.40  0.77  1.13  1.76  2.92  3.91  4.66  5.23  5.36  5.13  4.76  4.40  4.16  3.81  2.89  2.10  1.80  1.28  0.60  0.30  0.18  0.11  0.06  0.05  0.05
12  80  0.04  0.12  0.19  0.38  0.73  1.06  1.64  2.62  3.65  4.43  5.03  4.99  4.67  4.24  3.92  3.71  3.58  2.91  2.11  1.81  1.29  0.60  0.32  0.20  0.11  0.06  0.05  0.05
12  85  0.04  0.12  0.19  0.38  0.73  1.06  1.64  2.62  3.66  4.44  5.04  5.00  4.67  4.24  3.93  3.71  3.58  2.91  2.12  1.81  1.29  0.60  0.32  0.20  0.11  0.06  0.05  0.05
12  90  0.04  0.12  0.19  0.38  0.73  1.06  1.64  2.62  3.66  4.44  5.05  5.01  4.68  4.24  3.93  3.72  3.58  2.91  2.12  1.81  1.29  0.60  0.32  0.20  0.12  0.06  0.05  0.05
