     0.010
     0.030
     0.050
     0.100
     0.200
     0.300
     0.500
     1.000
     1.500
     2.000
     3.000
     5.000
     7.000
    10.000
    15.000
    20.000
    30.000
    50.000
    70.000
    80.000
   100.000
   150.000
   200.000
   250.000
   300.000
   400.000
   500.000
   600.000
 1 -90  0.03  0.08  0.13  0.25  0.49  0.73  1.18  2.20  3.32  4.16  5.64  6.33  5.98  5.05  4.03  3.50  3.52  3.37  2.61  2.23  1.56  0.79  0.45  0.25  0.12  0.05  0.03  0.02
 1 -85  0.03  0.08  0.13  0.25  0.50  0.73  1.19  2.20  3.36  4.16  5.61  6.33  6.03  5.16  4.18  3.60  3.52  3.19  2.43  2.07  1.44  0.70  0.42  0.24  0.12  0.05  0.03  0.02
 1 -80  0.03  0.08  0.13  0.25  0.50  0.74  1.19  2.22  3.37  4.15  5.60  6.33  6.03  5.18  4.21  3.63  3.51  3.15  2.40  2.05  1.42  0.69  0.41  0.24  0.11  0.04  0.03  0.02
 1 -75  0.03  0.08  0.13  0.26  0.52  0.76  1.24  2.31  3.44  4.21  5.60  6.46  6.29  5.50  4.61  4.06  3.80  3.18  2.35  2.00  1.37  0.67  0.40  0.23  0.11  0.04  0.03  0.02
 1 -70  0.03  0.08  0.14  0.27  0.53  0.79  1.28  2.39  3.51  4.28  5.63  6.62  6.55  5.83  5.02  4.51  4.10  3.20  2.28  1.93  1.30  0.64  0.39  0.22  0.10  0.04  0.03  0.02
 1 -65  0.03  0.08  0.14  0.28  0.55  0.81  1.32  2.47  3.61  4.41  5.83  7.01  7.09  6.47  5.73  5.25  4.33  3.12  2.13  1.79  1.19  0.60  0.36  0.20  0.07  0.04  0.03  0.02
 1 -60  0.03  0.09  0.14  0.29  0.56  0.84  1.36  2.55  3.71  4.53  6.03  7.41  7.64  7.14  6.44  5.97  4.56  3.05  1.98  1.65  1.07  0.55  0.34  0.19  0.08  0.04  0.03  0.02
 1 -55  0.03  0.09  0.15  0.30  0.59  0.88  1.43  2.67  3.88  4.70  6.23  7.77  8.14  7.85  6.95  6.32  4.43  2.78  1.71  1.41  0.86  0.45  0.27  0.15  0.08  0.04  0.03  0.03
 1 -50  0.03  0.09  0.15  0.31  0.60  0.89  1.45  2.71  3.93  4.74  6.37  8.13  8.68  8.44  7.37  6.60  4.27  2.47  1.37  1.12  0.66  0.33  0.19  0.10  0.07  0.04  0.03  0.03
 1 -45  0.03  0.09  0.15  0.30  0.60  0.89  1.46  2.76  3.98  4.85  6.57  8.43  9.05  8.81  7.52  6.61  4.25  2.41  1.29  1.04  0.58  0.28  0.17  0.07  0.06  0.04  0.04  0.03
 1 -40  0.03  0.09  0.15  0.30  0.60  0.90  1.48  2.85  4.06  4.96  6.73  8.66  9.36  9.17  7.68  6.64  4.24  2.32  1.18  0.93  0.50  0.23  0.10  0.06  0.05  0.04  0.04  0.03
 1 -35  0.03  0.09  0.16  0.31  0.62  0.92  1.51  2.92  4.21  5.14  6.98  8.90  9.56  9.31  7.83  6.81  4.22  2.00  0.93  0.72  0.36  0.14  0.08  0.06  0.05  0.04  0.04  0.04
 1 -30  0.03  0.09  0.16  0.31  0.62  0.93  1.54  3.00  4.33  5.29  7.18  9.12  9.74  9.50  7.96  6.94  4.17  1.70  0.68  0.52  0.23  0.09  0.06  0.05  0.05  0.04  0.04  0.04
 1 -25  0.03  0.10  0.16  0.32  0.63  0.95  1.56  3.03  4.46  5.47  7.39  9.41 10.00  9.75  8.02  6.87  4.06  1.53  0.57  0.42  0.18  0.07  0.05  0.04  0.04  0.04  0.04  0.04
 1 -20  0.03  0.09  0.16  0.31  0.63  0.94  1.56  3.10  4.58  5.63  7.63  9.71 10.27  9.98  8.08  6.80  3.95  1.35  0.46  0.34  0.14  0.05  0.04  0.04  0.04  0.04  0.04  0.03
 1 -15  0.03  0.09  0.16  0.31  0.63  0.94  1.56  3.10  4.64  5.81  7.89  9.92 10.44 10.15  8.20  6.88  3.84  1.27  0.40  0.30  0.14  0.04  0.03  0.03  0.04  0.04  0.04  0.03
 1 -10  0.03  0.09  0.16  0.31  0.62  0.94  1.56  3.14  4.76  5.98  8.22 10.17 10.69 10.37  8.36  6.98  3.73  1.18  0.34  0.27  0.09  0.04  0.03  0.03  0.03  0.04  0.03  0.03
 1  -5  0.03  0.09  0.16  0.31  0.62  0.94  1.56  3.13  4.77  6.02  8.28 10.11 10.55 10.25  8.25  6.87  3.60  1.13  0.31  0.25  0.07  0.04  0.03  0.03  0.03  0.03  0.03  0.03
 1   0  0.03  0.10  0.17  0.33  0.66  0.98  1.61  3.08  4.79  6.04  8.32 10.07 10.42 10.16  8.16  6.77  3.50  1.08  0.29  0.25  0.06  0.03  0.03  0.03  0.03  0.03  0.03  0.03
 1   5  0.03  0.10  0.17  0.33  0.66  0.99  1.62  3.11  4.78  6.02  8.11  9.78 10.12  9.81  7.97  6.71  3.63  1.20  0.34  0.28  0.05  0.03  0.03  0.03  0.03  0.04  0.04  0.04
 1  10  0.03  0.10  0.17  0.34  0.67  0.99  1.63  3.13  4.80  6.00  7.99  9.49  9.77  9.44  7.78  6.65  3.77  1.30  0.40  0.31  0.06  0.04  0.03  0.03  0.04  0.04  0.04  0.04
 1  15  0.03  0.10  0.17  0.34  0.67  1.00  1.64  3.14  4.80  5.99  7.85  9.15  9.32  8.93  7.45  6.42  3.80  1.36  0.41  0.32  0.06  0.04  0.04  0.04  0.04  0.04  0.05  0.04
 1  20  0.04  0.11  0.17  0.35  0.69  1.02  1.66  3.14  4.78  5.98  7.71  8.83  8.86  8.44  7.11  6.19  3.83  1.38  0.42  0.32  0.12  0.05  0.04  0.04  0.04  0.04  0.05  0.04
 1  25  0.04  0.10  0.17  0.35  0.69  1.03  1.69  3.24  4.87  6.08  7.67  8.49  8.42  7.96  7.01  6.36  4.22  1.63  0.58  0.45  0.21  0.06  0.05  0.05  0.05  0.05  0.05  0.04
 1  30  0.04  0.11  0.18  0.37  0.73  1.08  1.75  3.30  4.99  6.18  7.60  8.18  7.96  7.48  6.89  6.50  4.60  1.94  0.77  0.60  0.30  0.10  0.08  0.06  0.06  0.05  0.05  0.05
 1  35  0.04  0.12  0.20  0.39  0.77  1.14  1.85  3.47  5.19  6.35  7.51  7.90  7.65  7.17  6.72  6.43  5.01  2.42  1.19  0.94  0.51  0.26  0.17  0.09  0.07  0.05  0.05  0.05
 1  40  0.04  0.13  0.21  0.41  0.82  1.21  1.96  3.64  5.37  6.49  7.43  7.62  7.34  6.92  6.60  6.35  5.39  2.91  1.61  1.29  0.74  0.40  0.23  0.13  0.09  0.06  0.05  0.05
 1  45  0.04  0.13  0.22  0.43  0.85  1.26  2.05  3.84  5.50  6.53  7.25  7.36  7.11  6.73  6.52  6.40  5.51  3.24  1.90  1.56  0.96  0.52  0.28  0.17  0.09  0.06  0.05  0.05
 1  50  0.05  0.14  0.23  0.45  0.89  1.31  2.14  4.04  5.59  6.54  7.11  7.15  6.94  6.64  6.53  6.46  5.59  3.56  2.19  1.83  1.19  0.63  0.33  0.19  0.10  0.06  0.05  0.05
 1  55  0.05  0.14  0.23  0.46  0.90  1.33  2.17  4.06  5.38  6.24  6.82  7.02  6.87  6.61  6.31  6.09  5.30  3.57  2.36  2.00  1.37  0.70  0.38  0.22  0.10  0.06  0.05  0.05
 1  60  0.05  0.14  0.23  0.46  0.91  1.36  2.21  4.14  5.39  6.22  6.77  6.98  6.85  6.56  6.14  5.83  5.08  3.63  2.57  2.18  1.53  0.76  0.44  0.24  0.10  0.06  0.05  0.05
 1  65  0.05  0.14  0.23  0.45  0.90  1.33  2.16  4.03  5.27  6.11  6.79  7.17  7.10  6.80  6.28  5.89  4.95  3.62  2.56  2.17  1.52  0.76  0.42  0.23  0.10  0.06  0.05  0.05
 1  70  0.05  0.13  0.22  0.45  0.88  1.30  2.11  3.92  5.16  6.02  6.81  7.34  7.33  7.04  6.43  5.95  4.81  3.62  2.54  2.16  1.51  0.75  0.40  0.23  0.10  0.06  0.05  0.05
 1  75  0.04  0.13  0.21  0.43  0.84  1.24  2.00  3.69  4.88  5.71  6.55  7.04  6.95  6.58  5.96  5.47  4.58  3.55  2.64  2.29  1.71  0.80  0.41  0.24  0.11  0.06  0.05  0.05
 1  80  0.04  0.13  0.21  0.41  0.81  1.20  1.92  3.45  4.61  5.41  6.30  6.74  6.57  6.10  5.48  4.97  4.34  3.47  2.74  2.42  1.90  0.84  0.42  0.25  0.11  0.06  0.05  0.05
 1  85  0.04  0.13  0.21  0.41  0.81  1.19  1.91  3.45  4.62  5.44  6.35  6.80  6.63  6.16  5.54  5.02  4.35  3.48  2.74  2.42  1.90  0.84  0.43  0.25  0.11  0.06  0.05  0.05
 1  90  0.04  0.12  0.21  0.41  0.81  1.19  1.90  3.42  4.60  5.43  6.36  6.89  6.75  6.33  5.71  5.13  4.36  3.45  2.72  2.41  1.91  0.87  0.43  0.25  0.11  0.06  0.05  0.05
 2 -90  0.03  0.09  0.16  0.31  0.62  0.92  1.48  2.75  4.06  4.89  5.81  5.65  5.08  4.29  3.83  3.61  3.34  2.90  2.26  1.94  1.37  0.69  0.43  0.26  0.15  0.04  0.03  0.02
 2 -85  0.03  0.10  0.16  0.32  0.62  0.92  1.49  2.78  4.09  4.93  5.87  5.76  5.21  4.44  4.02  3.79  3.43  2.83  2.15  1.84  1.28  0.63  0.39  0.24  0.14  0.04  0.03  0.02
 2 -80  0.03  0.10  0.16  0.32  0.62  0.92  1.49  2.78  4.08  4.93  5.91  5.82  5.25  4.46  4.04  3.80  3.43  2.83  2.14  1.83  1.27  0.62  0.38  0.24  0.14  0.04  0.03  0.02
 2 -75  0.03  0.09  0.16  0.31  0.62  0.91  1.48  2.75  4.06  4.95  6.08  6.26  5.79  4.99  4.46  4.15  3.63  2.83  2.14  1.81  1.24  0.59  0.38  0.23  0.12  0.04  0.03  0.02
 2 -70  0.03  0.09  0.16  0.31  0.61  0.91  1.47  2.73  4.06  4.99  6.28  6.72  6.34  5.53  4.90  4.50  3.83  2.84  2.14  1.80  1.20  0.57  0.37  0.22  0.11  0.04  0.03  0.02
 2 -65  0.03  0.10  0.16  0.31  0.62  0.92  1.49  2.78  4.13  5.10  6.53  7.23  6.99  6.20  5.45  4.97  4.07  2.81  2.03  1.70  1.12  0.54  0.35  0.20  0.09  0.04  0.03  0.02
 2 -60  0.03  0.10  0.16  0.32  0.63  0.93  1.51  2.82  4.18  5.17  6.74  7.71  7.62  6.88  6.00  5.42  4.33  2.78  1.93  1.60  1.04  0.50  0.33  0.19  0.09  0.05  0.03  0.03
 2 -55  0.03  0.10  0.17  0.33  0.66  0.97  1.57  2.91  4.31  5.27  6.86  8.02  8.09  7.57  6.59  5.93  4.28  2.59  1.65  1.36  0.82  0.41  0.26  0.15  0.08  0.04  0.03  0.03
 2 -50  0.03  0.10  0.17  0.34  0.66  0.98  1.58  2.92  4.29  5.22  6.89  8.33  8.60  8.13  7.10  6.40  4.22  2.36  1.29  1.05  0.60  0.31  0.18  0.09  0.06  0.04  0.03  0.03
 2 -45  0.03  0.10  0.17  0.33  0.65  0.97  1.57  2.95  4.30  5.26  7.00  8.57  8.95  8.52  7.29  6.47  4.22  2.24  1.21  0.96  0.52  0.26  0.11  0.07  0.05  0.04  0.04  0.03
 2 -40  0.03  0.10  0.17  0.33  0.65  0.97  1.58  3.01  4.33  5.30  7.06  8.74  9.23  8.91  7.51  6.57  4.21  2.10  1.11  0.87  0.43  0.21  0.09  0.06  0.05  0.04  0.04  0.03
 2 -35  0.03  0.10  0.17  0.33  0.65  0.97  1.59  3.05  4.42  5.39  7.19  8.91  9.45  9.15  7.68  6.69  4.13  1.84  0.90  0.69  0.32  0.12  0.07  0.05  0.05  0.04  0.04  0.03
 2 -30  0.03  0.10  0.17  0.33  0.65  0.97  1.60  3.10  4.48  5.45  7.28  9.07  9.65  9.42  7.83  6.77  4.03  1.61  0.69  0.52  0.23  0.08  0.05  0.05  0.04  0.04  0.04  0.03
 2 -25  0.03  0.10  0.16  0.33  0.65  0.97  1.59  3.08  4.51  5.50  7.35  9.33  9.96  9.78  7.99  6.77  3.91  1.48  0.56  0.42  0.17  0.06  0.04  0.04  0.04  0.04  0.04  0.03
 2 -20  0.03  0.09  0.16  0.32  0.63  0.94  1.56  3.08  4.51  5.51  7.44  9.63 10.32 10.10  8.13  6.78  3.80  1.33  0.43  0.32  0.13  0.05  0.04  0.04  0.04  0.04  0.04  0.03
 2 -15  0.03  0.09  0.16  0.31  0.62  0.93  1.53  3.01  4.45  5.55  7.59  9.85 10.56 10.37  8.29  6.88  3.76  1.22  0.39  0.30  0.13  0.04  0.03  0.03  0.03  0.04  0.04  0.03
 2 -10  0.03  0.09  0.15  0.30  0.61  0.91  1.51  2.98  4.46  5.58  7.81 10.11 10.87 10.67  8.50  6.99  3.70  1.11  0.35  0.27  0.08  0.04  0.03  0.03  0.03  0.03  0.03  0.03
 2  -5  0.03  0.09  0.15  0.30  0.60  0.90  1.49  2.94  4.41  5.55  7.86 10.10 10.82 10.59  8.26  6.62  3.57  1.08  0.34  0.27  0.07  0.03  0.03  0.03  0.03  0.03  0.03  0.03
 2   0  0.03  0.10  0.16  0.32  0.64  0.95  1.54  2.87  4.38  5.51  7.86 10.08 10.72 10.52  8.03  6.25  3.46  1.08  0.33  0.28  0.06  0.03  0.03  0.03  0.03  0.03  0.03  0.03
 2   5  0.03  0.10  0.16  0.32  0.64  0.94  1.54  2.92  4.43  5.57  7.76  9.87 10.47 10.20  8.00  6.46  3.59  1.20  0.39  0.31  0.06  0.03  0.03  0.03  0.03  0.04  0.04  0.04
 2  10  0.03  0.10  0.16  0.32  0.64  0.95  1.55  2.98  4.52  5.64  7.73  9.68 10.19  9.86  7.97  6.68  3.71  1.31  0.45  0.34  0.06  0.04  0.03  0.03  0.04  0.04  0.05  0.04
 2  15  0.03  0.10  0.16  0.32  0.64  0.96  1.57  3.02  4.56  5.68  7.63  9.37  9.78  9.41  7.78  6.68  3.89  1.40  0.47  0.36  0.07  0.04  0.04  0.04  0.04  0.05  0.05  0.05
 2  20  0.03  0.10  0.17  0.34  0.66  0.99  1.61  3.05  4.60  5.72  7.55  9.08  9.34  8.97  7.59  6.68  4.07  1.46  0.50  0.38  0.08  0.05  0.04  0.04  0.05  0.05  0.05  0.05
 2  25  0.03  0.10  0.17  0.34  0.67  1.00  1.65  3.15  4.71  5.88  7.62  8.80  8.93  8.50  7.35  6.60  4.39  1.64  0.64  0.48  0.21  0.07  0.06  0.05  0.05  0.05  0.05  0.05
 2  30  0.04  0.11  0.18  0.36  0.71  1.05  1.71  3.21  4.85  6.01  7.64  8.55  8.49  7.99  7.08  6.49  4.69  1.90  0.81  0.62  0.29  0.18  0.09  0.07  0.06  0.05  0.05  0.05
 2  35  0.04  0.11  0.19  0.38  0.75  1.10  1.79  3.35  5.06  6.26  7.68  8.32  8.13  7.59  6.89  6.45  5.03  2.49  1.24  0.98  0.52  0.34  0.23  0.11  0.08  0.06  0.05  0.05
 2  40  0.04  0.12  0.20  0.40  0.79  1.16  1.88  3.48  5.27  6.50  7.74  8.06  7.76  7.25  6.74  6.40  5.34  3.09  1.67  1.35  0.78  0.51  0.32  0.16  0.10  0.06  0.05  0.05
 2  45  0.04  0.13  0.21  0.42  0.82  1.21  1.97  3.68  5.49  6.68  7.65  7.80  7.49  7.01  6.59  6.37  5.48  3.43  2.03  1.68  1.05  0.63  0.36  0.21  0.10  0.06  0.05  0.05
 2  50  0.04  0.13  0.22  0.43  0.85  1.27  2.06  3.90  5.69  6.84  7.61  7.60  7.29  6.87  6.54  6.35  5.60  3.77  2.38  1.99  1.32  0.74  0.41  0.23  0.11  0.06  0.05  0.05
 2  55  0.05  0.14  0.23  0.45  0.89  1.32  2.15  4.04  5.70  6.76  7.42  7.43  7.15  6.77  6.41  6.17  5.57  3.85  2.53  2.15  1.48  0.79  0.45  0.25  0.11  0.06  0.06  0.05
 2  60  0.05  0.14  0.24  0.47  0.94  1.39  2.26  4.26  5.92  6.95  7.46  7.37  7.06  6.66  6.33  6.11  5.62  4.00  2.73  2.33  1.63  0.83  0.49  0.27  0.12  0.07  0.06  0.05
 2  65  0.05  0.14  0.24  0.48  0.94  1.39  2.27  4.25  5.76  6.71  7.24  7.31  7.10  6.76  6.36  6.08  5.49  3.90  2.81  2.41  1.72  0.87  0.47  0.27  0.11  0.07  0.06  0.05
 2  70  0.05  0.14  0.24  0.48  0.94  1.39  2.26  4.21  5.58  6.46  7.02  7.24  7.13  6.85  6.38  6.04  5.35  3.79  2.87  2.48  1.81  0.91  0.46  0.28  0.12  0.07  0.06  0.05
 2  75  0.05  0.14  0.24  0.47  0.93  1.37  2.23  4.14  5.31  6.09  6.91  7.46  7.47  7.19  6.62  6.20  5.37  3.74  2.91  2.50  1.83  0.94  0.48  0.28  0.13  0.07  0.06  0.05
 2  80  0.05  0.14  0.23  0.46  0.91  1.35  2.19  4.05  5.05  5.71  6.80  7.67  7.80  7.52  6.86  6.36  5.39  3.68  2.94  2.53  1.86  0.98  0.50  0.28  0.14  0.07  0.06  0.05
 2  85  0.05  0.14  0.23  0.46  0.91  1.35  2.18  4.03  5.02  5.69  6.80  7.70  7.85  7.57  6.92  6.41  5.41  3.68  2.93  2.53  1.86  0.98  0.50  0.28  0.14  0.07  0.06  0.05
 2  90  0.05  0.14  0.23  0.45  0.89  1.31  2.12  3.93  4.91  5.60  6.78  7.82  8.00  7.72  7.08  6.55  5.46  3.65  2.92  2.52  1.86  1.00  0.51  0.28  0.14  0.07  0.06  0.05
 3 -90  0.05  0.14  0.23  0.46  0.91  1.34  2.15  3.91  5.03  5.69  5.70  5.27  4.85  4.33  3.80  3.46  3.35  2.69  2.19  1.89  1.33  0.65  0.38  0.23  0.11  0.04  0.03  0.02
 3 -85  0.05  0.14  0.24  0.47  0.92  1.36  2.19  3.98  5.19  5.90  5.93  5.46  5.00  4.44  3.90  3.55  3.45  2.71  2.14  1.82  1.27  0.61  0.36  0.21  0.11  0.04  0.03  0.02
 3 -80  0.05  0.14  0.24  0.47  0.92  1.36  2.18  3.97  5.26  6.01  6.03  5.50  5.02  4.44  3.89  3.55  3.46  2.72  2.14  1.82  1.27  0.61  0.35  0.21  0.11  0.04  0.03  0.02
 3 -75  0.05  0.14  0.22  0.45  0.88  1.29  2.08  3.80  5.32  6.22  6.56  6.09  5.52  4.85  4.21  3.81  3.57  2.74  2.12  1.79  1.22  0.59  0.34  0.20  0.10  0.04  0.03  0.02
 3 -70  0.04  0.13  0.21  0.42  0.83  1.23  1.98  3.63  5.33  6.39  7.09  6.67  6.03  5.26  4.54  4.07  3.66  2.77  2.10  1.76  1.17  0.57  0.33  0.19  0.10  0.04  0.03  0.02
 3 -65  0.04  0.12  0.21  0.41  0.80  1.19  1.92  3.52  5.27  6.42  7.38  7.20  6.62  5.82  5.14  4.70  3.88  2.76  1.99  1.66  1.09  0.54  0.32  0.19  0.09  0.05  0.03  0.03
 3 -60  0.04  0.12  0.20  0.39  0.78  1.15  1.85  3.42  5.20  6.40  7.64  7.72  7.23  6.41  5.75  5.33  4.09  2.75  1.87  1.55  1.01  0.50  0.30  0.18  0.08  0.05  0.03  0.03
 3 -55  0.04  0.12  0.20  0.39  0.77  1.14  1.84  3.40  5.16  6.34  7.71  8.08  7.72  7.03  6.31  5.85  4.31  2.63  1.64  1.36  0.83  0.41  0.24  0.14  0.07  0.04  0.03  0.03
 3 -50  0.04  0.12  0.19  0.38  0.76  1.12  1.80  3.30  4.98  6.12  7.67  8.43  8.25  7.54  6.78  6.30  4.50  2.47  1.33  1.09  0.65  0.30  0.17  0.08  0.06  0.04  0.03  0.03
 3 -45  0.04  0.11  0.19  0.37  0.73  1.08  1.75  3.23  4.85  5.99  7.66  8.66  8.63  7.97  6.83  6.11  4.31  2.33  1.21  0.99  0.56  0.25  0.11  0.06  0.05  0.04  0.04  0.03
 3 -40  0.04  0.11  0.18  0.36  0.71  1.06  1.72  3.21  4.75  5.86  7.60  8.82  8.96  8.43  6.96  5.98  4.11  2.15  1.09  0.87  0.47  0.20  0.09  0.06  0.04  0.04  0.04  0.03
 3 -35  0.04  0.11  0.18  0.35  0.70  1.03  1.69  3.19  4.73  5.82  7.59  8.96  9.24  8.83  7.48  6.57  4.11  1.91  0.87  0.68  0.34  0.13  0.07  0.05  0.04  0.04  0.04  0.03
 3 -30  0.03  0.10  0.17  0.35  0.69  1.02  1.67  3.18  4.70  5.76  7.56  9.09  9.50  9.23  7.98  7.13  4.12  1.68  0.66  0.50  0.21  0.09  0.05  0.04  0.04  0.04  0.04  0.03
 3 -25  0.03  0.10  0.17  0.34  0.67  1.00  1.63  3.12  4.62  5.65  7.44  9.25  9.81  9.65  8.19  7.17  3.98  1.44  0.51  0.38  0.15  0.06  0.04  0.04  0.04  0.04  0.04  0.03
 3 -20  0.03  0.10  0.16  0.32  0.64  0.96  1.58  3.07  4.49  5.48  7.33  9.48 10.17 10.03  8.38  7.20  3.86  1.19  0.36  0.26  0.10  0.04  0.03  0.03  0.04  0.04  0.04  0.03
 3 -15  0.03  0.10  0.16  0.32  0.63  0.94  1.54  2.98  4.33  5.34  7.24  9.55 10.41 10.39  8.44  7.07  3.82  1.16  0.35  0.26  0.10  0.04  0.03  0.03  0.03  0.04  0.03  0.03
 3 -10  0.03  0.09  0.16  0.31  0.62  0.92  1.51  2.91  4.23  5.21  7.24  9.67 10.71 10.77  8.53  6.95  3.77  1.12  0.34  0.26  0.11  0.03  0.03  0.03  0.03  0.03  0.03  0.03
 3  -5  0.03  0.09  0.15  0.31  0.61  0.91  1.49  2.86  4.14  5.12  7.21  9.64 10.70 10.79  8.48  6.84  3.72  1.11  0.34  0.26  0.06  0.03  0.03  0.03  0.03  0.03  0.03  0.02
 3   0  0.03  0.10  0.16  0.32  0.64  0.94  1.52  2.79  4.08  5.02  7.15  9.59 10.62 10.78  8.42  6.73  3.68  1.11  0.34  0.27  0.12  0.03  0.03  0.03  0.03  0.03  0.03  0.03
 3   5  0.03  0.10  0.16  0.32  0.63  0.94  1.52  2.86  4.17  5.16  7.18  9.54 10.48 10.50  8.34  6.82  3.75  1.20  0.38  0.30  0.06  0.03  0.03  0.03  0.03  0.04  0.04  0.03
 3  10  0.03  0.10  0.16  0.32  0.63  0.94  1.53  2.93  4.31  5.32  7.28  9.49 10.29 10.22  8.26  6.92  3.83  1.28  0.43  0.33  0.06  0.04  0.03  0.03  0.03  0.04  0.05  0.04
 3  15  0.03  0.10  0.16  0.32  0.64  0.95  1.56  3.00  4.40  5.43  7.28  9.30  9.96  9.79  7.94  6.71  3.92  1.33  0.43  0.34  0.07  0.04  0.04  0.04  0.04  0.05  0.05  0.05
 3  20  0.03  0.10  0.17  0.33  0.66  0.98  1.60  3.04  4.48  5.56  7.35  9.12  9.60  9.36  7.61  6.47  4.00  1.36  0.44  0.35  0.15  0.05  0.04  0.04  0.05  0.05  0.05  0.05
 3  25  0.03  0.10  0.17  0.34  0.67  1.00  1.63  3.11  4.59  5.71  7.51  8.99  9.30  8.97  7.46  6.51  4.29  1.65  0.62  0.49  0.25  0.07  0.06  0.06  0.06  0.05  0.05  0.05
 3  30  0.04  0.11  0.18  0.35  0.69  1.03  1.67  3.15  4.70  5.84  7.61  8.86  8.98  8.54  7.30  6.52  4.56  2.02  0.83  0.67  0.36  0.22  0.11  0.08  0.07  0.06  0.05  0.05
 3  35  0.04  0.11  0.18  0.36  0.72  1.06  1.72  3.21  4.85  6.05  7.77  8.77  8.70  8.16  7.13  6.50  4.74  2.50  1.26  1.03  0.63  0.38  0.26  0.12  0.08  0.06  0.05  0.05
 3  40  0.04  0.11  0.19  0.38  0.74  1.09  1.77  3.24  4.99  6.26  7.96  8.65  8.40  7.80  7.00  6.48  4.89  3.00  1.68  1.41  0.91  0.55  0.34  0.17  0.10  0.06  0.05  0.05
 3  45  0.04  0.12  0.19  0.38  0.75  1.11  1.80  3.34  5.15  6.45  7.97  8.40  8.09  7.48  6.75  6.33  5.15  3.34  2.01  1.70  1.14  0.69  0.40  0.23  0.11  0.07  0.06  0.05
 3  50  0.04  0.12  0.19  0.39  0.76  1.13  1.85  3.47  5.35  6.65  8.03  8.24  7.86  7.26  6.60  6.19  5.39  3.68  2.34  1.99  1.36  0.82  0.47  0.26  0.12  0.07  0.06  0.05
 3  55  0.04  0.12  0.20  0.40  0.79  1.18  1.91  3.58  5.43  6.69  7.89  8.03  7.62  7.05  6.47  6.09  5.43  3.84  2.54  2.17  1.52  0.89  0.51  0.28  0.13  0.07  0.06  0.05
 3  60  0.04  0.13  0.21  0.42  0.84  1.24  2.02  3.78  5.72  7.00  7.99  7.94  7.46  6.83  6.38  6.11  5.54  4.06  2.80  2.39  1.67  0.96  0.56  0.31  0.13  0.07  0.06  0.05
 3  65  0.04  0.13  0.22  0.44  0.87  1.29  2.09  3.92  5.75  6.92  7.78  7.73  7.29  6.71  6.26  5.98  5.45  4.11  2.92  2.52  1.82  1.01  0.59  0.33  0.13  0.07  0.06  0.05
 3  70  0.05  0.14  0.23  0.45  0.90  1.33  2.16  4.04  5.75  6.85  7.58  7.53  7.13  6.60  6.14  5.86  5.38  4.16  3.04  2.64  1.96  1.06  0.62  0.36  0.14  0.07  0.06  0.05
 3  75  0.05  0.14  0.23  0.46  0.90  1.34  2.17  4.06  5.62  6.63  7.37  7.49  7.21  6.76  6.15  5.75  5.33  4.21  3.09  2.68  1.99  1.09  0.62  0.35  0.15  0.07  0.06  0.05
 3  80  0.05  0.14  0.23  0.46  0.91  1.34  2.18  4.06  5.48  6.41  7.16  7.44  7.29  6.92  6.14  5.63  5.26  4.25  3.14  2.72  2.03  1.12  0.62  0.35  0.14  0.08  0.06  0.05
 3  85  0.05  0.14  0.23  0.46  0.90  1.34  2.17  4.05  5.46  6.40  7.17  7.46  7.31  6.95  6.18  5.67  5.29  4.27  3.15  2.73  2.03  1.12  0.62  0.35  0.14  0.08  0.06  0.06
 3  90  0.05  0.14  0.23  0.45  0.89  1.31  2.13  3.97  5.30  6.24  7.04  7.46  7.41  7.13  6.37  5.84  5.40  4.35  3.22  2.79  2.08  1.15  0.62  0.35  0.14  0.08  0.06  0.06
 4 -90  0.06  0.17  0.29  0.57  1.11  1.62  2.55  4.34  5.10  5.56  5.74  5.37  4.90  4.27  3.61  3.24  2.92  2.85  2.22  1.88  1.27  0.59  0.34  0.19  0.09  0.04  0.03  0.02
 4 -85  0.06  0.18  0.30  0.59  1.15  1.67  2.64  4.51  5.36  5.85  6.00  5.60  5.07  4.40  3.71  3.33  3.02  2.89  2.21  1.85  1.23  0.57  0.33  0.19  0.10  0.04  0.03  0.03
 4 -80  0.06  0.18  0.30  0.60  1.16  1.70  2.68  4.60  5.46  5.93  6.05  5.61  5.07  4.39  3.71  3.33  3.02  2.90  2.21  1.85  1.24  0.57  0.33  0.20  0.10  0.04  0.03  0.03
 4 -75  0.06  0.18  0.30  0.59  1.14  1.68  2.66  4.65  5.87  6.57  6.65  6.08  5.49  4.78  4.11  3.74  3.39  2.90  2.19  1.83  1.23  0.55  0.33  0.19  0.09  0.04  0.03  0.03
 4 -70  0.06  0.17  0.29  0.57  1.11  1.64  2.61  4.63  6.23  7.18  7.23  6.53  5.89  5.18  4.54  4.18  3.76  2.90  2.16  1.81  1.22  0.53  0.32  0.18  0.08  0.04  0.03  0.03
 4 -65  0.06  0.17  0.28  0.55  1.07  1.58  2.53  4.54  6.32  7.39  7.60  6.99  6.38  5.68  5.10  4.74  4.04  2.90  2.05  1.71  1.13  0.50  0.29  0.17  0.08  0.04  0.03  0.03
 4 -60  0.05  0.16  0.26  0.52  1.03  1.51  2.43  4.42  6.36  7.57  7.96  7.44  6.86  6.16  5.64  5.28  4.31  2.88  1.93  1.60  1.04  0.46  0.25  0.15  0.08  0.04  0.03  0.03
 4 -55  0.05  0.15  0.25  0.50  0.98  1.45  2.33  4.24  6.27  7.50  8.10  7.79  7.26  6.65  6.22  5.92  4.57  2.74  1.71  1.40  0.83  0.38  0.20  0.12  0.07  0.04  0.03  0.03
 4 -50  0.05  0.14  0.24  0.47  0.92  1.36  2.19  3.99  6.00  7.27  8.17  8.16  7.71  7.01  6.71  6.50  4.79  2.56  1.41  1.13  0.62  0.30  0.14  0.08  0.05  0.04  0.03  0.03
 4 -45  0.04  0.13  0.22  0.44  0.86  1.28  2.05  3.76  5.69  6.97  8.15  8.42  8.07  7.36  6.68  6.26  4.57  2.38  1.31  1.05  0.57  0.26  0.13  0.06  0.05  0.04  0.03  0.03
 4 -40  0.04  0.13  0.21  0.42  0.82  1.21  1.95  3.56  5.41  6.67  8.09  8.65  8.43  7.75  6.73  6.06  4.34  2.18  1.21  0.96  0.52  0.23  0.09  0.06  0.04  0.04  0.03  0.03
 4 -35  0.04  0.12  0.20  0.39  0.77  1.14  1.85  3.44  5.21  6.43  8.00  8.85  8.81  8.27  6.97  6.09  4.14  1.92  1.01  0.80  0.42  0.18  0.08  0.05  0.04  0.04  0.03  0.03
 4 -30  0.04  0.11  0.19  0.37  0.74  1.10  1.78  3.32  5.00  6.16  7.87  9.02  9.18  8.81  7.23  6.13  3.93  1.68  0.81  0.63  0.32  0.09  0.06  0.04  0.04  0.04  0.03  0.03
 4 -25  0.04  0.11  0.18  0.36  0.71  1.06  1.72  3.23  4.82  5.91  7.61  9.13  9.51  9.32  7.67  6.49  3.90  1.48  0.60  0.46  0.21  0.06  0.04  0.04  0.03  0.04  0.04  0.03
 4 -20  0.03  0.10  0.17  0.35  0.68  1.02  1.66  3.14  4.60  5.60  7.34  9.29  9.90  9.79  8.09  6.84  3.89  1.27  0.39  0.29  0.12  0.04  0.03  0.03  0.03  0.03  0.03  0.03
 4 -15  0.03  0.10  0.17  0.34  0.67  0.99  1.62  3.05  4.42  5.41  7.15  9.26 10.08 10.15  8.32  7.00  3.89  1.19  0.36  0.27  0.11  0.03  0.03  0.03  0.03  0.03  0.03  0.03
 4 -10  0.03  0.10  0.17  0.33  0.66  0.98  1.59  2.99  4.29  5.24  7.07  9.28 10.30 10.52  8.58  7.17  3.87  1.10  0.32  0.25  0.11  0.03  0.03  0.03  0.03  0.03  0.03  0.03
 4  -5  0.03  0.10  0.17  0.33  0.65  0.96  1.56  2.94  4.20  5.14  7.03  9.24 10.31 10.59  8.61  7.17  3.87  1.10  0.31  0.25  0.11  0.03  0.03  0.03  0.03  0.03  0.03  0.02
 4   0  0.03  0.10  0.17  0.33  0.66  0.97  1.57  2.88  4.14  5.04  6.95  9.20 10.25 10.62  8.63  7.16  3.89  1.12  0.31  0.25  0.12  0.03  0.03  0.03  0.03  0.03  0.03  0.03
 4   5  0.03  0.10  0.17  0.33  0.65  0.97  1.57  2.93  4.22  5.17  7.04  9.25 10.18 10.35  8.49  7.13  3.96  1.22  0.47  0.36  0.14  0.03  0.03  0.03  0.03  0.03  0.03  0.03
 4  10  0.03  0.10  0.16  0.33  0.65  0.96  1.57  2.99  4.34  5.34  7.19  9.31 10.09 10.11  8.34  7.10  4.03  1.31  0.63  0.46  0.15  0.03  0.03  0.03  0.03  0.04  0.04  0.04
 4  15  0.03  0.10  0.16  0.33  0.65  0.96  1.58  3.03  4.41  5.43  7.25  9.22  9.87  9.75  8.08  6.93  4.05  1.37  0.65  0.48  0.16  0.04  0.03  0.04  0.04  0.05  0.05  0.04
 4  20  0.03  0.10  0.17  0.34  0.66  0.99  1.61  3.04  4.47  5.54  7.37  9.15  9.62  9.39  7.79  6.74  4.07  1.41  0.68  0.51  0.17  0.05  0.04  0.04  0.05  0.05  0.05  0.05
 4  25  0.03  0.10  0.17  0.34  0.67  0.99  1.61  3.06  4.50  5.59  7.45  9.08  9.46  9.14  7.67  6.74  4.29  1.64  0.78  0.60  0.27  0.09  0.07  0.06  0.06  0.06  0.05  0.05
 4  30  0.03  0.10  0.17  0.34  0.67  0.99  1.62  3.06  4.52  5.61  7.47  9.01  9.27  8.86  7.53  6.71  4.49  1.92  0.91  0.72  0.38  0.19  0.11  0.08  0.07  0.06  0.05  0.05
 4  35  0.03  0.10  0.17  0.34  0.67  1.00  1.62  3.03  4.52  5.62  7.47  8.94  9.09  8.57  7.35  6.62  4.56  2.28  1.25  1.03  0.64  0.40  0.18  0.11  0.08  0.06  0.05  0.05
 4  40  0.04  0.10  0.17  0.35  0.68  1.00  1.62  2.97  4.51  5.64  7.56  8.85  8.87  8.30  7.21  6.53  4.61  2.66  1.59  1.34  0.90  0.57  0.34  0.14  0.09  0.06  0.06  0.05
 4  45  0.03  0.10  0.17  0.34  0.67  1.00  1.61  2.98  4.53  5.68  7.55  8.66  8.60  7.96  6.92  6.31  4.71  2.97  1.87  1.58  1.08  0.68  0.40  0.19  0.11  0.07  0.06  0.05
 4  50  0.03  0.10  0.17  0.34  0.67  0.99  1.61  3.01  4.60  5.77  7.61  8.54  8.40  7.73  6.72  6.10  4.79  3.28  2.14  1.82  1.26  0.79  0.47  0.26  0.13  0.07  0.06  0.05
 4  55  0.03  0.10  0.17  0.34  0.67  1.00  1.62  3.03  4.62  5.80  7.56  8.35  8.12  7.44  6.45  5.83  4.94  3.50  2.32  1.99  1.41  0.85  0.52  0.29  0.14  0.07  0.06  0.05
 4  60  0.04  0.11  0.18  0.35  0.69  1.03  1.67  3.13  4.88  6.12  7.73  8.26  7.91  7.14  6.23  5.67  5.15  3.77  2.57  2.19  1.54  0.90  0.57  0.32  0.14  0.07  0.06  0.05
 4  65  0.04  0.11  0.18  0.36  0.71  1.05  1.70  3.20  4.94  6.14  7.54  7.90  7.52  6.78  6.07  5.64  5.15  3.85  2.73  2.33  1.65  0.99  0.64  0.37  0.15  0.08  0.06  0.05
 4  70  0.04  0.11  0.18  0.36  0.72  1.07  1.73  3.26  4.99  6.15  7.33  7.55  7.15  6.44  5.91  5.61  5.14  3.92  2.90  2.48  1.75  1.09  0.72  0.42  0.19  0.08  0.06  0.05
 4  75  0.04  0.11  0.19  0.37  0.74  1.10  1.79  3.37  5.02  6.08  6.99  7.11  6.74  6.11  5.76  5.58  5.17  4.04  3.02  2.59  1.86  1.14  0.73  0.42  0.18  0.08  0.06  0.05
 4  80  0.04  0.12  0.19  0.38  0.76  1.13  1.84  3.48  5.04  6.01  6.67  6.68  6.33  5.78  5.60  5.54  5.19  4.16  3.13  2.71  1.98  1.20  0.74  0.42  0.17  0.08  0.06  0.05
 4  85  0.04  0.12  0.20  0.39  0.77  1.14  1.86  3.53  5.08  6.02  6.66  6.70  6.36  5.82  5.63  5.57  5.22  4.20  3.16  2.73  1.99  1.20  0.74  0.42  0.17  0.09  0.06  0.05
 4  90  0.04  0.12  0.19  0.39  0.76  1.14  1.85  3.51  5.07  6.00  6.62  6.71  6.44  5.95  5.81  5.74  5.35  4.31  3.25  2.80  2.03  1.22  0.74  0.42  0.17  0.09  0.06  0.05
 5 -90  0.06  0.18  0.30  0.59  1.13  1.64  2.52  3.98  4.87  5.50  5.58  5.37  4.75  4.01  3.67  3.56  3.41  2.79  2.14  1.78  1.17  0.54  0.28  0.16  0.06  0.04  0.03  0.03
 5 -85  0.06  0.19  0.31  0.60  1.17  1.68  2.60  4.14  5.15  5.82  5.86  5.53  4.87  4.11  3.74  3.62  3.48  2.84  2.14  1.78  1.17  0.52  0.29  0.16  0.06  0.04  0.03  0.03
 5 -80  0.06  0.19  0.31  0.61  1.18  1.71  2.64  4.22  5.27  5.95  5.96  5.55  4.87  4.10  3.75  3.62  3.48  2.85  2.15  1.79  1.18  0.53  0.29  0.17  0.06  0.04  0.03  0.03
 5 -75  0.06  0.19  0.31  0.61  1.19  1.72  2.67  4.37  5.61  6.40  6.56  6.17  5.55  4.80  4.23  3.96  3.61  2.75  2.02  1.68  1.11  0.50  0.28  0.16  0.06  0.04  0.03  0.03
 5 -70  0.06  0.19  0.31  0.61  1.19  1.73  2.71  4.54  5.98  6.86  7.13  6.75  6.19  5.47  4.72  4.30  3.75  2.67  1.90  1.58  1.05  0.48  0.26  0.15  0.07  0.04  0.03  0.03
 5 -65  0.06  0.19  0.32  0.63  1.22  1.79  2.84  4.92  6.49  7.43  7.49  6.97  6.43  5.76  5.21  4.91  4.27  2.82  1.91  1.57  1.00  0.49  0.25  0.15  0.07  0.04  0.03  0.03
 5 -60  0.06  0.19  0.32  0.63  1.24  1.83  2.92  5.20  6.92  7.93  7.78  7.16  6.64  6.05  5.72  5.51  4.75  2.94  1.91  1.54  0.93  0.48  0.24  0.14  0.07  0.04  0.03  0.03
 5 -55  0.06  0.18  0.31  0.61  1.19  1.76  2.81  5.07  7.01  8.11  8.07  7.45  6.93  6.43  6.12  5.89  4.85  2.75  1.77  1.42  0.80  0.47  0.22  0.13  0.06  0.04  0.03  0.03
 5 -50  0.06  0.18  0.29  0.58  1.13  1.67  2.67  4.82  6.89  8.10  8.29  7.79  7.28  6.69  6.43  6.22  4.93  2.52  1.55  1.23  0.67  0.44  0.20  0.09  0.05  0.04  0.03  0.03
 5 -45  0.05  0.16  0.27  0.53  1.03  1.52  2.43  4.38  6.44  7.73  8.28  8.05  7.58  6.93  6.46  6.15  4.79  2.41  1.44  1.14  0.61  0.39  0.17  0.07  0.05  0.04  0.03  0.03
 5 -40  0.05  0.14  0.24  0.48  0.94  1.38  2.21  3.99  6.03  7.36  8.28  8.31  7.90  7.22  6.57  6.11  4.62  2.28  1.32  1.04  0.53  0.34  0.16  0.06  0.04  0.03  0.03  0.03
 5 -35  0.04  0.13  0.22  0.44  0.86  1.27  2.04  3.74  5.66  6.96  8.15  8.51  8.26  7.68  6.97  6.48  4.51  2.01  1.06  0.82  0.39  0.25  0.09  0.06  0.04  0.03  0.03  0.03
 5 -30  0.04  0.12  0.20  0.40  0.80  1.18  1.90  3.50  5.31  6.52  7.98  8.69  8.63  8.17  7.37  6.82  4.38  1.75  0.79  0.60  0.26  0.10  0.06  0.05  0.04  0.03  0.03  0.03
 5 -25  0.04  0.12  0.19  0.39  0.76  1.12  1.82  3.36  5.04  6.19  7.69  8.81  8.98  8.71  7.63  6.83  4.22  1.59  0.62  0.46  0.19  0.06  0.04  0.04  0.03  0.03  0.03  0.03
 5 -20  0.04  0.11  0.19  0.37  0.73  1.08  1.74  3.22  4.75  5.78  7.38  8.98  9.41  9.22  7.88  6.86  4.07  1.43  0.46  0.34  0.13  0.04  0.03  0.03  0.03  0.03  0.03  0.03
 5 -15  0.04  0.11  0.18  0.36  0.71  1.05  1.70  3.15  4.59  5.61  7.21  8.97  9.62  9.62  8.16  7.08  4.08  1.32  0.39  0.29  0.12  0.03  0.03  0.03  0.03  0.03  0.03  0.03
 5 -10  0.04  0.11  0.18  0.36  0.70  1.04  1.67  3.09  4.47  5.46  7.17  9.01  9.84 10.03  8.47  7.31  4.08  1.19  0.30  0.24  0.10  0.03  0.03  0.03  0.03  0.03  0.03  0.03
 5  -5  0.04  0.11  0.18  0.35  0.69  1.03  1.65  3.04  4.41  5.40  7.19  9.04  9.91 10.15  8.39  7.08  3.86  1.02  0.26  0.21  0.10  0.03  0.03  0.03  0.03  0.03  0.03  0.03
 5   0  0.04  0.11  0.18  0.35  0.68  1.01  1.64  3.02  4.37  5.34  7.17  9.08  9.94 10.25  8.31  6.86  3.65  0.86  0.23  0.19  0.09  0.03  0.03  0.03  0.03  0.03  0.03  0.03
 5   5  0.03  0.10  0.17  0.35  0.68  1.01  1.63  3.03  4.41  5.41  7.24  9.17  9.94 10.11  8.37  7.07  3.94  1.12  0.39  0.32  0.16  0.03  0.03  0.03  0.03  0.03  0.03  0.03
 5  10  0.03  0.10  0.17  0.34  0.67  0.99  1.62  3.07  4.49  5.51  7.34  9.26  9.94  9.99  8.42  7.27  4.21  1.37  0.55  0.44  0.22  0.03  0.03  0.03  0.03  0.04  0.04  0.03
 5  15  0.03  0.10  0.17  0.33  0.66  0.98  1.61  3.07  4.49  5.52  7.32  9.19  9.80  9.70  8.23  7.19  4.14  1.45  0.59  0.47  0.24  0.04  0.03  0.04  0.04  0.04  0.04  0.04
 5  20  0.03  0.10  0.17  0.34  0.67  0.99  1.62  3.05  4.47  5.53  7.35  9.16  9.63  9.42  8.02  7.08  4.07  1.53  0.63  0.51  0.26  0.06  0.05  0.05  0.05  0.05  0.05  0.04
 5  25  0.03  0.10  0.17  0.34  0.66  0.98  1.60  3.02  4.43  5.48  7.32  9.05  9.51  9.24  7.87  6.99  4.32  1.71  0.75  0.61  0.33  0.10  0.07  0.06  0.06  0.05  0.05  0.05
 5  30  0.03  0.10  0.17  0.33  0.65  0.97  1.58  2.99  4.39  5.42  7.25  8.95  9.36  9.04  7.71  6.86  4.57  1.93  0.89  0.72  0.42  0.17  0.09  0.07  0.06  0.06  0.05  0.05
 5  35  0.03  0.10  0.17  0.33  0.65  0.97  1.57  2.94  4.32  5.33  7.14  8.83  9.19  8.80  7.51  6.70  4.61  2.21  1.15  0.96  0.61  0.34  0.14  0.09  0.07  0.06  0.05  0.05
 5  40  0.03  0.10  0.17  0.33  0.65  0.96  1.56  2.87  4.25  5.25  7.10  8.71  9.00  8.57  7.33  6.55  4.64  2.49  1.40  1.19  0.81  0.50  0.22  0.12  0.08  0.06  0.05  0.05
 5  45  0.03  0.10  0.16  0.32  0.63  0.94  1.52  2.82  4.15  5.16  6.96  8.49  8.74  8.27  7.02  6.29  4.63  2.73  1.65  1.41  0.98  0.62  0.36  0.15  0.10  0.06  0.06  0.05
 5  50  0.03  0.09  0.16  0.31  0.61  0.91  1.49  2.80  4.12  5.11  6.90  8.33  8.53  8.02  6.80  6.06  4.60  2.95  1.90  1.62  1.14  0.73  0.44  0.20  0.11  0.07  0.06  0.05
 5  55  0.03  0.09  0.15  0.30  0.60  0.89  1.45  2.75  4.02  5.00  6.78  8.13  8.23  7.67  6.50  5.78  4.61  3.11  2.03  1.73  1.22  0.78  0.49  0.28  0.13  0.07  0.06  0.05
 5  60  0.03  0.09  0.15  0.31  0.61  0.90  1.47  2.77  4.16  5.17  6.89  8.01  7.99  7.29  6.23  5.60  4.69  3.32  2.21  1.86  1.29  0.81  0.54  0.31  0.14  0.08  0.06  0.05
 5  65  0.03  0.09  0.15  0.30  0.60  0.89  1.44  2.73  4.09  5.08  6.68  7.61  7.48  6.74  5.74  5.13  4.42  3.35  2.35  1.99  1.41  0.88  0.60  0.36  0.15  0.08  0.06  0.05
 5  70  0.03  0.09  0.15  0.30  0.59  0.87  1.42  2.69  4.03  4.99  6.49  7.23  6.98  6.20  5.24  4.67  4.15  3.38  2.48  2.12  1.52  0.96  0.67  0.42  0.24  0.08  0.06  0.05
 5  75  0.03  0.09  0.15  0.30  0.59  0.87  1.43  2.70  4.10  5.10  6.51  6.97  6.56  5.73  5.02  4.63  4.30  3.48  2.53  2.16  1.55  0.98  0.67  0.42  0.23  0.08  0.06  0.05
 5  80  0.03  0.09  0.15  0.30  0.58  0.87  1.42  2.69  4.17  5.22  6.55  6.73  6.16  5.27  4.81  4.60  4.45  3.60  2.59  2.22  1.59  1.00  0.67  0.42  0.23  0.09  0.06  0.05
 5  85  0.03  0.09  0.15  0.29  0.58  0.86  1.41  2.68  4.18  5.26  6.58  6.74  6.16  5.27  4.81  4.61  4.48  3.63  2.62  2.24  1.61  1.01  0.68  0.42  0.23  0.09  0.06  0.05
 5  90  0.03  0.09  0.14  0.29  0.57  0.84  1.38  2.62  4.09  5.19  6.55  6.73  6.16  5.26  4.76  4.57  4.47  3.69  2.65  2.25  1.58  0.99  0.68  0.43  0.23  0.09  0.06  0.05
 6 -90  0.06  0.18  0.29  0.57  1.10  1.58  2.39  3.61  4.70  5.50  5.53  5.63  5.41  4.84  4.33  4.09  3.45  2.83  2.08  1.76  1.20  0.48  0.21  0.09  0.05  0.03  0.03  0.03
 6 -85  0.06  0.18  0.30  0.59  1.13  1.63  2.48  3.77  4.98  5.84  5.90  5.82  5.51  4.96  4.43  4.16  3.52  2.87  2.11  1.77  1.20  0.47  0.21  0.09  0.05  0.04  0.03  0.03
 6 -80  0.06  0.18  0.30  0.59  1.14  1.64  2.50  3.82  5.07  5.93  6.01  5.91  5.56  4.98  4.44  4.16  3.52  2.88  2.12  1.77  1.20  0.47  0.22  0.09  0.06  0.04  0.03  0.03
 6 -75  0.06  0.19  0.31  0.60  1.16  1.67  2.57  4.03  5.33  6.21  6.50  6.48  6.10  5.47  4.76  4.36  3.69  2.88  2.09  1.76  1.19  0.46  0.21  0.10  0.06  0.04  0.03  0.03
 6 -70  0.06  0.19  0.31  0.61  1.19  1.72  2.66  4.31  5.69  6.60  7.03  6.99  6.57  5.92  5.07  4.57  3.89  2.89  2.07  1.75  1.19  0.46  0.21  0.10  0.06  0.04  0.03  0.03
 6 -65  0.06  0.19  0.32  0.63  1.21  1.77  2.77  4.62  6.13  7.10  7.31  7.05  6.59  5.97  5.37  5.01  4.29  3.00  2.09  1.75  1.17  0.49  0.24  0.10  0.06  0.04  0.03  0.03
 6 -60  0.06  0.19  0.32  0.63  1.23  1.80  2.83  4.88  6.48  7.48  7.49  7.04  6.58  6.00  5.64  5.43  4.66  3.07  2.09  1.73  1.14  0.53  0.28  0.10  0.06  0.04  0.03  0.03
 6 -55  0.06  0.19  0.31  0.62  1.22  1.79  2.85  5.04  6.88  7.97  7.82  7.20  6.72  6.27  6.02  5.82  4.81  2.91  1.92  1.59  1.00  0.51  0.29  0.10  0.06  0.04  0.03  0.03
 6 -50  0.06  0.19  0.31  0.61  1.20  1.76  2.82  5.04  7.03  8.21  8.06  7.41  6.94  6.47  6.33  6.18  4.93  2.70  1.66  1.37  0.86  0.48  0.30  0.09  0.05  0.04  0.03  0.03
 6 -45  0.06  0.17  0.28  0.56  1.09  1.61  2.57  4.58  6.60  7.86  8.16  7.75  7.28  6.71  6.34  6.06  4.83  2.59  1.54  1.28  0.80  0.44  0.27  0.08  0.05  0.04  0.03  0.03
 6 -40  0.05  0.15  0.25  0.50  0.98  1.44  2.31  4.17  6.22  7.55  8.30  8.13  7.67  7.00  6.42  5.97  4.72  2.45  1.43  1.18  0.73  0.40  0.24  0.07  0.05  0.04  0.03  0.03
 6 -35  0.05  0.14  0.23  0.45  0.89  1.31  2.11  3.85  5.78  7.05  8.10  8.30  7.99  7.42  6.78  6.32  4.77  2.19  1.12  0.91  0.53  0.29  0.12  0.07  0.05  0.04  0.03  0.03
 6 -30  0.04  0.12  0.21  0.41  0.81  1.19  1.93  3.54  5.33  6.53  7.90  8.48  8.35  7.87  7.14  6.63  4.80  1.92  0.81  0.64  0.35  0.19  0.07  0.05  0.04  0.04  0.03  0.03
 6 -25  0.04  0.12  0.20  0.40  0.78  1.15  1.85  3.39  5.10  6.27  7.70  8.60  8.63  8.29  7.40  6.75  4.55  1.68  0.62  0.48  0.24  0.06  0.05  0.04  0.04  0.04  0.04  0.03
 6 -20  0.04  0.12  0.19  0.39  0.76  1.12  1.79  3.25  4.83  5.92  7.46  8.77  9.00  8.69  7.66  6.87  4.32  1.45  0.44  0.33  0.14  0.05  0.04  0.03  0.03  0.03  0.04  0.04
 6 -15  0.04  0.11  0.19  0.37  0.74  1.09  1.75  3.20  4.74  5.83  7.39  8.84  9.25  9.08  7.81  6.89  4.13  1.36  0.42  0.32  0.14  0.04  0.03  0.03  0.03  0.03  0.04  0.03
 6 -10  0.04  0.11  0.19  0.37  0.73  1.08  1.74  3.17  4.67  5.75  7.44  8.95  9.51  9.51  8.02  6.92  3.93  1.24  0.38  0.30  0.13  0.03  0.03  0.03  0.03  0.03  0.03  0.03
 6  -5  0.04  0.11  0.19  0.37  0.73  1.07  1.73  3.13  4.63  5.72  7.49  9.02  9.66  9.71  8.21  7.11  3.98  1.17  0.34  0.27  0.13  0.03  0.03  0.03  0.03  0.03  0.03  0.03
 6   0  0.04  0.11  0.18  0.36  0.70  1.04  1.69  3.14  4.63  5.71  7.54  9.15  9.80  9.92  8.41  7.33  4.07  1.12  0.31  0.26  0.14  0.03  0.03  0.03  0.03  0.03  0.03  0.03
 6   5  0.04  0.11  0.18  0.36  0.71  1.04  1.69  3.13  4.63  5.72  7.57  9.23  9.81  9.87  8.42  7.37  4.23  1.27  0.43  0.35  0.19  0.03  0.03  0.03  0.03  0.03  0.03  0.03
 6  10  0.04  0.10  0.17  0.35  0.69  1.02  1.67  3.16  4.67  5.77  7.62  9.31  9.84  9.84  8.41  7.38  4.37  1.42  0.55  0.44  0.23  0.04  0.03  0.03  0.03  0.04  0.04  0.03
 6  15  0.03  0.10  0.17  0.35  0.69  1.02  1.66  3.14  4.65  5.72  7.54  9.24  9.73  9.58  8.15  7.15  4.27  1.50  0.58  0.47  0.25  0.04  0.04  0.04  0.04  0.04  0.04  0.03
 6  20  0.04  0.11  0.18  0.35  0.69  1.02  1.66  3.11  4.59  5.68  7.51  9.19  9.60  9.36  7.89  6.90  4.20  1.57  0.62  0.51  0.27  0.06  0.04  0.04  0.05  0.05  0.05  0.04
 6  25  0.03  0.10  0.17  0.34  0.68  1.00  1.64  3.08  4.51  5.57  7.39  9.05  9.48  9.20  7.88  7.04  4.38  1.69  0.66  0.54  0.30  0.09  0.06  0.05  0.05  0.05  0.05  0.04
 6  30  0.03  0.10  0.17  0.33  0.66  0.98  1.60  3.04  4.43  5.48  7.27  8.93  9.34  9.03  7.89  7.16  4.54  1.83  0.72  0.58  0.33  0.13  0.07  0.06  0.05  0.05  0.05  0.04
 6  35  0.03  0.10  0.17  0.33  0.65  0.97  1.58  2.96  4.33  5.33  7.09  8.75  9.13  8.81  7.61  6.85  4.54  2.09  0.99  0.80  0.48  0.20  0.10  0.07  0.06  0.06  0.05  0.04
 6  40  0.03  0.10  0.16  0.33  0.65  0.96  1.55  2.87  4.21  5.19  6.98  8.57  8.91  8.58  7.34  6.53  4.53  2.37  1.26  1.04  0.64  0.37  0.16  0.10  0.07  0.06  0.05  0.05
 6  45  0.03  0.10  0.16  0.32  0.63  0.93  1.50  2.79  4.05  5.00  6.74  8.29  8.62  8.27  7.02  6.26  4.55  2.56  1.47  1.23  0.81  0.48  0.28  0.13  0.09  0.06  0.06  0.05
 6  50  0.03  0.09  0.15  0.30  0.60  0.89  1.45  2.74  3.96  4.88  6.58  8.08  8.38  7.99  6.77  6.02  4.55  2.74  1.68  1.42  0.97  0.60  0.36  0.15  0.09  0.07  0.06  0.05
 6  55  0.03  0.09  0.15  0.29  0.57  0.85  1.40  2.66  3.80  4.67  6.34  7.80  8.04  7.61  6.46  5.74  4.38  2.83  1.77  1.49  1.02  0.64  0.41  0.18  0.11  0.07  0.06  0.05
 6  60  0.03  0.09  0.14  0.29  0.57  0.85  1.39  2.64  3.87  4.75  6.33  7.59  7.73  7.18  6.17  5.54  4.26  2.97  1.91  1.59  1.06  0.67  0.45  0.27  0.12  0.07  0.06  0.05
 6  65  0.03  0.08  0.14  0.28  0.55  0.82  1.35  2.57  3.77  4.62  6.11  7.23  7.26  6.64  5.62  4.99  3.97  2.97  2.02  1.69  1.16  0.71  0.51  0.30  0.13  0.08  0.06  0.05
 6  70  0.03  0.08  0.14  0.27  0.54  0.80  1.30  2.49  3.67  4.50  5.93  6.90  6.82  6.12  5.08  4.44  3.68  2.97  2.12  1.79  1.25  0.75  0.56  0.33  0.15  0.08  0.06  0.05
 6  75  0.03  0.08  0.13  0.26  0.52  0.77  1.25  2.39  3.62  4.48  5.94  6.76  6.54  5.76  4.84  4.27  3.72  3.02  2.17  1.84  1.30  0.77  0.58  0.35  0.17  0.09  0.06  0.05
 6  80  0.03  0.08  0.13  0.25  0.50  0.74  1.21  2.30  3.57  4.47  5.97  6.64  6.27  5.41  4.59  4.10  3.76  3.06  2.21  1.89  1.36  0.80  0.60  0.37  0.20  0.09  0.06  0.05
 6  85  0.03  0.07  0.12  0.25  0.49  0.73  1.20  2.30  3.57  4.48  5.98  6.65  6.27  5.40  4.59  4.10  3.77  3.07  2.22  1.89  1.36  0.80  0.61  0.38  0.20  0.09  0.07  0.05
 6  90  0.02  0.07  0.12  0.25  0.49  0.73  1.19  2.28  3.50  4.39  5.89  6.57  6.25  5.41  4.54  4.04  3.69  3.05  2.19  1.86  1.33  0.79  0.61  0.38  0.20  0.09  0.07  0.05
 7 -90  0.05  0.16  0.26  0.51  0.97  1.39  2.07  2.95  4.15  4.99  5.38  5.74  5.69  5.22  4.61  4.20  3.72  2.82  2.08  1.72  1.13  0.46  0.19  0.08  0.05  0.03  0.03  0.03
 7 -85  0.06  0.16  0.27  0.53  1.01  1.44  2.17  3.14  4.43  5.31  5.74  5.96  5.83  5.31  4.74  4.32  3.82  2.88  2.11  1.73  1.13  0.45  0.19  0.08  0.05  0.03  0.03  0.03
 7 -80  0.06  0.17  0.27  0.54  1.03  1.47  2.21  3.23  4.54  5.42  5.83  6.05  5.91  5.35  4.77  4.34  3.84  2.90  2.13  1.75  1.13  0.45  0.19  0.08  0.05  0.03  0.03  0.03
 7 -75  0.05  0.16  0.26  0.52  0.99  1.42  2.14  3.19  4.56  5.47  6.07  6.58  6.51  5.94  5.08  4.48  3.77  2.93  2.15  1.77  1.16  0.46  0.20  0.08  0.05  0.03  0.03  0.03
 7 -70  0.05  0.15  0.25  0.49  0.95  1.36  2.08  3.19  4.66  5.62  6.45  7.14  7.07  6.46  5.35  4.60  3.72  2.97  2.18  1.81  1.20  0.47  0.21  0.09  0.05  0.04  0.03  0.03
 7 -65  0.05  0.16  0.26  0.52  1.00  1.45  2.26  3.68  5.28  6.32  7.00  7.30  6.97  6.29  5.57  5.13  4.31  3.13  2.19  1.83  1.23  0.50  0.24  0.10  0.06  0.04  0.03  0.03
 7 -60  0.05  0.16  0.27  0.53  1.04  1.52  2.39  4.11  5.79  6.89  7.40  7.29  6.78  6.09  5.76  5.60  4.83  3.24  2.17  1.83  1.26  0.54  0.28  0.10  0.06  0.04  0.03  0.03
 7 -55  0.05  0.16  0.26  0.52  1.02  1.51  2.41  4.34  6.18  7.33  7.79  7.48  6.92  6.34  6.14  6.03  4.99  3.09  2.04  1.70  1.11  0.52  0.29  0.10  0.06  0.04  0.03  0.03
 7 -50  0.05  0.16  0.26  0.52  1.02  1.51  2.42  4.42  6.37  7.57  8.06  7.68  7.12  6.52  6.51  6.48  5.13  2.89  1.80  1.49  0.95  0.48  0.30  0.09  0.05  0.04  0.03  0.03
 7 -45  0.05  0.15  0.25  0.50  0.97  1.44  2.30  4.16  6.11  7.35  8.13  7.99  7.47  6.81  6.53  6.34  5.08  2.85  1.72  1.41  0.87  0.45  0.27  0.08  0.05  0.04  0.03  0.03
 7 -40  0.05  0.14  0.23  0.47  0.91  1.35  2.17  3.95  5.92  7.19  8.26  8.35  7.90  7.19  6.64  6.23  5.01  2.79  1.62  1.32  0.78  0.40  0.24  0.09  0.05  0.04  0.03  0.03
 7 -35  0.04  0.13  0.22  0.43  0.86  1.26  2.03  3.73  5.60  6.85  8.10  8.46  8.14  7.53  6.78  6.27  4.92  2.51  1.31  1.04  0.58  0.30  0.19  0.09  0.06  0.04  0.04  0.03
 7 -30  0.04  0.12  0.20  0.41  0.80  1.18  1.91  3.51  5.29  6.48  7.93  8.57  8.41  7.89  6.94  6.29  4.81  2.23  1.02  0.79  0.40  0.20  0.09  0.07  0.05  0.04  0.04  0.04
 7 -25  0.04  0.12  0.20  0.40  0.78  1.15  1.86  3.38  5.11  6.30  7.82  8.70  8.62  8.18  7.19  6.51  4.61  1.91  0.77  0.59  0.28  0.07  0.05  0.05  0.04  0.04  0.04  0.04
 7 -20  0.04  0.12  0.20  0.39  0.77  1.13  1.81  3.26  4.89  6.04  7.66  8.85  8.90  8.44  7.42  6.71  4.42  1.60  0.53  0.40  0.18  0.05  0.04  0.04  0.04  0.04  0.04  0.04
 7 -15  0.04  0.11  0.19  0.38  0.74  1.10  1.76  3.21  4.81  5.95  7.61  8.97  9.21  8.86  7.67  6.88  4.14  1.42  0.48  0.37  0.17  0.04  0.03  0.03  0.03  0.04  0.04  0.04
 7 -10  0.04  0.11  0.19  0.38  0.74  1.09  1.75  3.17  4.74  5.88  7.66  9.11  9.55  9.37  8.01  7.08  3.83  1.20  0.42  0.33  0.16  0.04  0.03  0.03  0.03  0.03  0.04  0.04
 7  -5  0.04  0.11  0.19  0.37  0.73  1.08  1.73  3.13  4.69  5.83  7.70  9.18  9.74  9.64  8.06  6.99  3.87  1.17  0.41  0.33  0.17  0.03  0.03  0.03  0.03  0.03  0.03  0.03
 7   0  0.04  0.11  0.18  0.35  0.70  1.03  1.68  3.15  4.70  5.83  7.76  9.36  9.94  9.92  8.16  6.96  3.96  1.14  0.41  0.33  0.18  0.03  0.03  0.03  0.03  0.03  0.03  0.03
 7   5  0.04  0.11  0.18  0.36  0.71  1.05  1.70  3.15  4.70  5.84  7.78  9.41  9.94  9.91  8.32  7.20  4.20  1.34  0.53  0.42  0.20  0.03  0.03  0.03  0.03  0.03  0.03  0.03
 7  10  0.04  0.11  0.18  0.35  0.69  1.03  1.68  3.19  4.74  5.87  7.81  9.48  9.96  9.89  8.45  7.42  4.40  1.54  0.65  0.50  0.23  0.04  0.03  0.03  0.03  0.03  0.03  0.03
 7  15  0.04  0.11  0.18  0.35  0.70  1.04  1.69  3.18  4.74  5.84  7.73  9.36  9.78  9.59  8.23  7.27  4.39  1.61  0.67  0.51  0.23  0.04  0.04  0.04  0.04  0.04  0.04  0.03
 7  20  0.04  0.11  0.18  0.36  0.71  1.05  1.70  3.16  4.69  5.81  7.69  9.29  9.62  9.36  8.02  7.10  4.39  1.66  0.70  0.54  0.24  0.06  0.04  0.04  0.05  0.05  0.04  0.03
 7  25  0.04  0.11  0.18  0.35  0.70  1.03  1.68  3.16  4.65  5.75  7.57  9.12  9.47  9.18  7.85  6.98  4.39  1.79  0.74  0.57  0.26  0.08  0.06  0.05  0.05  0.05  0.05  0.04
 7  30  0.03  0.10  0.17  0.35  0.68  1.01  1.66  3.14  4.60  5.68  7.46  8.98  9.30  9.01  7.70  6.84  4.38  1.92  0.79  0.60  0.27  0.10  0.06  0.06  0.06  0.05  0.05  0.04
 7  35  0.03  0.10  0.17  0.34  0.68  1.00  1.63  3.08  4.50  5.53  7.26  8.77  9.08  8.76  7.51  6.68  4.40  2.06  0.97  0.76  0.38  0.14  0.08  0.06  0.06  0.05  0.05  0.04
 7  40  0.03  0.10  0.17  0.34  0.66  0.98  1.60  3.00  4.38  5.39  7.13  8.56  8.83  8.51  7.31  6.51  4.40  2.21  1.15  0.91  0.50  0.19  0.10  0.07  0.06  0.06  0.05  0.04
 7  45  0.03  0.10  0.16  0.33  0.64  0.95  1.55  2.89  4.20  5.17  6.87  8.27  8.53  8.18  6.98  6.23  4.41  2.38  1.30  1.06  0.64  0.33  0.16  0.10  0.08  0.06  0.05  0.04
 7  50  0.03  0.09  0.16  0.31  0.61  0.91  1.49  2.82  4.08  5.02  6.68  8.03  8.27  7.89  6.71  5.97  4.40  2.54  1.45  1.21  0.79  0.44  0.27  0.13  0.09  0.06  0.05  0.05
 7  55  0.03  0.09  0.15  0.30  0.59  0.87  1.43  2.72  3.90  4.80  6.44  7.77  7.94  7.51  6.32  5.56  4.21  2.59  1.55  1.29  0.87  0.51  0.33  0.16  0.10  0.07  0.06  0.05
 7  60  0.03  0.09  0.15  0.29  0.58  0.86  1.41  2.70  3.95  4.86  6.42  7.57  7.64  7.09  5.96  5.26  4.08  2.71  1.69  1.41  0.95  0.56  0.38  0.19  0.11  0.07  0.06  0.05
 7  65  0.03  0.08  0.14  0.28  0.56  0.83  1.36  2.60  3.82  4.69  6.15  7.15  7.12  6.51  5.39  4.67  3.73  2.73  1.79  1.50  1.04  0.60  0.42  0.25  0.12  0.07  0.06  0.05
 7  70  0.03  0.08  0.14  0.27  0.54  0.80  1.31  2.50  3.69  4.51  5.88  6.74  6.61  5.93  4.81  4.08  3.39  2.74  1.89  1.59  1.12  0.64  0.46  0.28  0.13  0.08  0.06  0.05
 7  75  0.03  0.08  0.13  0.26  0.51  0.76  1.25  2.40  3.62  4.46  5.83  6.53  6.27  5.53  4.55  3.91  3.38  2.80  1.96  1.65  1.16  0.64  0.49  0.29  0.15  0.08  0.06  0.05
 7  80  0.02  0.07  0.12  0.25  0.49  0.72  1.19  2.28  3.56  4.43  5.82  6.34  5.94  5.13  4.28  3.74  3.36  2.85  2.02  1.70  1.19  0.65  0.51  0.31  0.16  0.08  0.06  0.05
 7  85  0.02  0.07  0.12  0.24  0.48  0.72  1.18  2.27  3.56  4.44  5.82  6.33  5.93  5.13  4.29  3.76  3.37  2.86  2.03  1.70  1.19  0.65  0.52  0.31  0.18  0.09  0.06  0.05
 7  90  0.02  0.07  0.12  0.24  0.48  0.71  1.17  2.25  3.49  4.38  5.76  6.24  5.85  5.09  4.26  3.73  3.28  2.80  2.01  1.67  1.16  0.65  0.53  0.32  0.18  0.09  0.06  0.05
 8 -90  0.04  0.13  0.21  0.42  0.80  1.15  1.74  2.59  3.62  4.32  5.29  6.55  6.58  5.98  4.88  3.86  3.13  2.66  1.93  1.61  1.09  0.45  0.16  0.08  0.05  0.03  0.03  0.03
 8 -85  0.04  0.13  0.22  0.43  0.83  1.19  1.81  2.74  3.93  4.71  5.68  6.73  6.76  6.06  4.96  4.02  3.31  2.78  2.00  1.66  1.10  0.45  0.16  0.08  0.05  0.03  0.03  0.03
 8 -80  0.05  0.14  0.23  0.44  0.85  1.23  1.87  2.85  4.11  4.92  5.85  6.82  6.83  6.13  5.03  4.10  3.38  2.84  2.04  1.68  1.11  0.45  0.16  0.07  0.05  0.04  0.03  0.03
 8 -75  0.05  0.14  0.23  0.46  0.89  1.29  1.99  3.19  4.53  5.38  6.21  6.87  6.83  6.28  5.27  4.46  3.65  2.99  2.14  1.77  1.18  0.48  0.16  0.07  0.05  0.04  0.03  0.03
 8 -70  0.05  0.14  0.24  0.47  0.90  1.32  2.07  3.48  4.90  5.80  6.57  6.97  6.85  6.37  5.39  4.73  3.91  3.17  2.26  1.89  1.27  0.51  0.17  0.08  0.05  0.04  0.03  0.03
 8 -65  0.05  0.14  0.23  0.45  0.89  1.30  2.06  3.63  5.17  6.18  7.04  7.32  7.08  6.47  5.68  5.25  4.45  3.41  2.31  1.92  1.27  0.53  0.19  0.08  0.05  0.04  0.03  0.03
 8 -60  0.05  0.13  0.22  0.44  0.87  1.29  2.07  3.76  5.39  6.48  7.40  7.52  7.16  6.48  5.97  5.73  4.88  3.51  2.28  1.89  1.25  0.55  0.29  0.09  0.06  0.04  0.03  0.03
 8 -55  0.04  0.13  0.22  0.44  0.87  1.29  2.10  3.95  5.77  6.92  7.84  7.86  7.43  6.83  6.33  6.03  5.07  3.44  2.19  1.83  1.19  0.55  0.30  0.09  0.06  0.04  0.03  0.03
 8 -50  0.04  0.13  0.22  0.45  0.88  1.31  2.13  4.04  5.96  7.19  8.21  8.24  7.79  7.13  6.67  6.36  5.29  3.36  2.00  1.68  1.11  0.53  0.32  0.10  0.06  0.04  0.03  0.03
 8 -45  0.04  0.13  0.22  0.44  0.88  1.30  2.10  3.90  5.81  7.08  8.24  8.46  8.04  7.33  6.65  6.22  5.20  3.22  1.86  1.55  1.00  0.50  0.31  0.10  0.06  0.04  0.04  0.03
 8 -40  0.04  0.13  0.22  0.44  0.86  1.27  2.06  3.81  5.72  7.00  8.31  8.70  8.36  7.62  6.72  6.12  5.11  3.08  1.72  1.42  0.89  0.45  0.29  0.10  0.06  0.04  0.04  0.03
 8 -35  0.04  0.13  0.21  0.42  0.82  1.21  1.96  3.63  5.48  6.75  8.21  8.78  8.51  7.82  6.82  6.18  4.97  2.74  1.37  1.11  0.66  0.33  0.23  0.10  0.06  0.04  0.04  0.04
 8 -30  0.04  0.12  0.20  0.39  0.78  1.15  1.87  3.47  5.24  6.48  8.09  8.86  8.68  8.04  6.93  6.23  4.82  2.41  1.06  0.83  0.45  0.22  0.09  0.07  0.06  0.05  0.04  0.04
 8 -25  0.04  0.12  0.20  0.39  0.77  1.13  1.82  3.32  5.05  6.27  7.98  9.03  8.94  8.36  7.19  6.44  4.65  2.05  0.76  0.60  0.31  0.08  0.05  0.05  0.05  0.05  0.04  0.04
 8 -20  0.04  0.12  0.19  0.38  0.75  1.11  1.77  3.19  4.83  6.00  7.80  9.19  9.25  8.65  7.43  6.61  4.48  1.71  0.49  0.38  0.17  0.05  0.04  0.04  0.04  0.04  0.04  0.04
 8 -15  0.04  0.11  0.18  0.37  0.72  1.06  1.71  3.13  4.71  5.84  7.67  9.28  9.56  9.08  7.69  6.82  4.18  1.49  0.48  0.36  0.15  0.04  0.03  0.03  0.03  0.04  0.04  0.04
 8 -10  0.04  0.11  0.18  0.36  0.71  1.05  1.69  3.09  4.61  5.72  7.65  9.39  9.91  9.64  8.07  7.07  3.84  1.24  0.45  0.33  0.14  0.04  0.03  0.03  0.03  0.04  0.04  0.04
 8  -5  0.04  0.11  0.18  0.36  0.70  1.04  1.67  3.04  4.54  5.65  7.64  9.41 10.08  9.94  8.23  7.14  3.81  1.19  0.44  0.34  0.14  0.04  0.03  0.03  0.03  0.03  0.04  0.03
 8   0  0.03  0.10  0.17  0.34  0.67  0.99  1.62  3.06  4.54  5.63  7.69  9.59 10.31 10.27  8.45  7.25  3.82  1.16  0.44  0.34  0.14  0.04  0.03  0.03  0.03  0.03  0.03  0.03
 8   5  0.04  0.10  0.17  0.35  0.68  1.01  1.65  3.07  4.57  5.66  7.71  9.59 10.25 10.22  8.52  7.36  4.11  1.32  0.55  0.41  0.17  0.04  0.03  0.03  0.03  0.03  0.03  0.03
 8  10  0.03  0.10  0.17  0.34  0.68  1.01  1.65  3.11  4.63  5.73  7.75  9.63 10.21 10.15  8.56  7.45  4.37  1.49  0.65  0.48  0.19  0.03  0.03  0.03  0.03  0.03  0.03  0.03
 8  15  0.04  0.11  0.18  0.35  0.69  1.02  1.67  3.14  4.70  5.80  7.76  9.48  9.94  9.76  8.31  7.29  4.35  1.57  0.68  0.50  0.19  0.04  0.03  0.03  0.04  0.04  0.04  0.03
 8  20  0.04  0.11  0.18  0.36  0.71  1.05  1.70  3.15  4.72  5.87  7.80  9.40  9.70  9.44  8.07  7.12  4.35  1.63  0.71  0.52  0.20  0.05  0.04  0.04  0.04  0.05  0.04  0.03
 8  25  0.04  0.11  0.18  0.36  0.70  1.04  1.70  3.20  4.77  5.90  7.75  9.23  9.51  9.21  7.88  6.97  4.34  1.75  0.74  0.55  0.22  0.07  0.05  0.05  0.05  0.05  0.05  0.04
 8  30  0.04  0.11  0.18  0.35  0.70  1.04  1.70  3.22  4.79  5.93  7.73  9.09  9.30  8.98  7.70  6.83  4.33  1.86  0.78  0.58  0.23  0.09  0.06  0.05  0.05  0.05  0.05  0.04
 8  35  0.04  0.11  0.18  0.35  0.70  1.04  1.69  3.19  4.72  5.83  7.57  8.87  9.05  8.70  7.49  6.67  4.33  1.95  0.91  0.69  0.32  0.11  0.07  0.06  0.06  0.05  0.05  0.04
 8  40  0.04  0.11  0.18  0.35  0.69  1.02  1.67  3.14  4.64  5.73  7.45  8.65  8.78  8.42  7.27  6.48  4.32  2.06  1.03  0.80  0.41  0.14  0.09  0.07  0.06  0.05  0.05  0.04
 8  45  0.03  0.10  0.17  0.34  0.68  1.00  1.63  3.05  4.50  5.57  7.28  8.41  8.49  8.07  6.92  6.18  4.23  2.22  1.19  0.96  0.54  0.25  0.12  0.08  0.07  0.06  0.05  0.04
 8  50  0.03  0.10  0.17  0.33  0.66  0.98  1.59  3.00  4.42  5.47  7.15  8.19  8.22  7.74  6.62  5.88  4.14  2.38  1.36  1.12  0.69  0.34  0.20  0.11  0.08  0.06  0.05  0.04
 8  55  0.03  0.10  0.16  0.32  0.63  0.94  1.53  2.93  4.29  5.32  7.01  7.99  7.92  7.36  6.24  5.50  3.93  2.48  1.49  1.22  0.78  0.39  0.23  0.14  0.09  0.06  0.05  0.05
 8  60  0.03  0.09  0.16  0.31  0.62  0.93  1.52  2.93  4.38  5.45  7.06  7.84  7.64  6.92  5.89  5.25  3.80  2.65  1.68  1.37  0.86  0.44  0.27  0.16  0.10  0.06  0.05  0.04
 8  65  0.03  0.09  0.15  0.31  0.61  0.91  1.49  2.86  4.29  5.32  6.78  7.34  7.03  6.26  5.30  4.70  3.58  2.68  1.78  1.46  0.94  0.49  0.32  0.20  0.10  0.06  0.05  0.04
 8  70  0.03  0.09  0.15  0.30  0.60  0.89  1.45  2.79  4.17  5.15  6.45  6.81  6.39  5.59  4.71  4.16  3.36  2.71  1.87  1.54  1.03  0.54  0.37  0.22  0.11  0.07  0.05  0.04
 8  75  0.03  0.09  0.15  0.30  0.59  0.88  1.44  2.77  4.13  5.06  6.12  6.20  5.69  4.92  4.26  3.86  3.36  2.75  1.92  1.59  1.07  0.57  0.39  0.23  0.12  0.07  0.06  0.05
 8  80  0.03  0.09  0.15  0.29  0.58  0.87  1.43  2.74  4.10  5.00  5.82  5.62  5.01  4.25  3.81  3.54  3.35  2.77  1.96  1.63  1.10  0.59  0.40  0.24  0.14  0.07  0.06  0.05
 8  85  0.03  0.09  0.15  0.29  0.58  0.87  1.43  2.75  4.13  5.01  5.79  5.57  4.98  4.25  3.83  3.58  3.38  2.78  1.97  1.63  1.10  0.59  0.40  0.24  0.14  0.08  0.06  0.05
 8  90  0.03  0.09  0.15  0.29  0.58  0.86  1.42  2.73  4.10  4.97  5.70  5.44  4.86  4.15  3.76  3.52  3.31  2.72  1.94  1.61  1.09  0.60  0.41  0.23  0.14  0.08  0.06  0.05
 9 -90  0.04  0.12  0.21  0.41  0.79  1.15  1.81  3.06  4.41  5.31  5.88  6.22  6.02  5.59  4.96  4.29  2.75  2.01  1.52  1.30  0.91  0.44  0.10  0.06  0.04  0.03  0.03  0.03
 9 -85  0.04  0.13  0.21  0.41  0.80  1.17  1.84  3.14  4.61  5.60  6.21  6.46  6.22  5.74  5.03  4.45  3.04  2.26  1.62  1.36  0.92  0.44  0.11  0.06  0.04  0.04  0.03  0.03
 9 -80  0.04  0.13  0.21  0.41  0.81  1.18  1.86  3.17  4.70  5.75  6.41  6.62  6.32  5.80  5.07  4.51  3.14  2.36  1.69  1.41  0.95  0.45  0.13  0.06  0.05  0.04  0.03  0.03
 9 -75  0.04  0.12  0.20  0.40  0.79  1.15  1.83  3.21  4.77  5.85  6.84  7.10  6.75  6.15  5.32  4.78  3.45  2.62  1.88  1.57  1.06  0.49  0.15  0.07  0.05  0.04  0.03  0.03
 9 -70  0.04  0.12  0.20  0.39  0.76  1.12  1.80  3.24  4.75  5.83  7.11  7.45  7.11  6.46  5.48  4.90  3.65  2.82  2.05  1.73  1.17  0.54  0.17  0.08  0.05  0.04  0.03  0.03
 9 -65  0.04  0.12  0.19  0.38  0.76  1.12  1.81  3.35  4.91  6.02  7.38  7.78  7.50  6.89  6.01  5.48  4.22  3.18  2.24  1.89  1.27  0.58  0.26  0.08  0.05  0.04  0.03  0.03
 9 -60  0.04  0.12  0.20  0.39  0.77  1.14  1.85  3.46  5.11  6.26  7.67  8.10  7.82  7.20  6.53  6.09  4.73  3.39  2.31  1.95  1.32  0.63  0.31  0.09  0.06  0.04  0.03  0.03
 9 -55  0.04  0.12  0.20  0.40  0.79  1.17  1.91  3.63  5.42  6.61  7.98  8.37  8.07  7.52  6.80  6.29  4.99  3.44  2.27  1.90  1.22  0.61  0.31  0.10  0.06  0.04  0.04  0.03
 9 -50  0.04  0.12  0.20  0.40  0.80  1.18  1.94  3.72  5.57  6.82  8.23  8.70  8.42  7.80  7.04  6.52  5.31  3.53  2.17  1.78  1.10  0.58  0.31  0.10  0.06  0.04  0.04  0.03
 9 -45  0.04  0.12  0.20  0.40  0.79  1.18  1.92  3.61  5.47  6.76  8.25  8.85  8.58  7.86  6.93  6.33  5.18  3.34  1.99  1.61  0.96  0.53  0.30  0.10  0.06  0.04  0.04  0.04
 9 -40  0.04  0.12  0.20  0.40  0.79  1.16  1.89  3.55  5.40  6.69  8.32  9.02  8.79  8.03  6.91  6.19  5.05  3.17  1.82  1.45  0.83  0.47  0.29  0.09  0.06  0.04  0.04  0.04
 9 -35  0.04  0.12  0.19  0.38  0.76  1.12  1.83  3.43  5.22  6.50  8.25  9.13  8.96  8.22  6.99  6.21  4.92  2.79  1.47  1.14  0.60  0.34  0.23  0.09  0.06  0.05  0.04  0.04
 9 -30  0.04  0.11  0.19  0.37  0.73  1.08  1.76  3.32  5.04  6.27  8.14  9.22  9.14  8.44  7.08  6.22  4.77  2.40  1.13  0.86  0.40  0.21  0.10  0.07  0.06  0.05  0.05  0.04
 9 -25  0.04  0.11  0.19  0.37  0.73  1.07  1.73  3.20  4.86  6.05  7.96  9.34  9.37  8.76  7.33  6.41  4.68  2.13  0.90  0.68  0.30  0.08  0.06  0.05  0.05  0.05  0.05  0.04
 9 -20  0.04  0.11  0.18  0.36  0.71  1.05  1.69  3.11  4.66  5.80  7.73  9.45  9.66  9.05  7.55  6.58  4.59  1.85  0.67  0.51  0.20  0.05  0.04  0.04  0.04  0.05  0.05  0.05
 9 -15  0.04  0.10  0.17  0.35  0.68  1.01  1.64  3.05  4.53  5.61  7.51  9.43  9.87  9.42  7.79  6.79  4.28  1.56  0.58  0.43  0.17  0.04  0.04  0.04  0.04  0.04  0.05  0.04
 9 -10  0.03  0.10  0.17  0.34  0.67  0.99  1.61  3.03  4.44  5.47  7.42  9.44 10.14  9.92  8.13  7.02  3.92  1.26  0.47  0.35  0.14  0.04  0.03  0.03  0.03  0.04  0.04  0.04
 9  -5  0.03  0.10  0.17  0.34  0.67  0.99  1.60  2.98  4.37  5.39  7.38  9.41 10.27 10.22  8.24  7.01  3.82  1.21  0.47  0.35  0.14  0.04  0.03  0.03  0.03  0.04  0.04  0.04
 9   0  0.03  0.10  0.16  0.32  0.64  0.95  1.56  2.99  4.37  5.38  7.40  9.53 10.45 10.55  8.43  7.04  3.77  1.16  0.46  0.35  0.14  0.04  0.03  0.03  0.03  0.04  0.04  0.03
 9   5  0.03  0.10  0.17  0.33  0.66  0.98  1.59  3.01  4.42  5.43  7.44  9.51 10.35 10.45  8.54  7.26  4.06  1.30  0.53  0.40  0.15  0.03  0.03  0.03  0.03  0.03  0.03  0.03
 9  10  0.03  0.10  0.17  0.33  0.66  0.98  1.61  3.05  4.49  5.52  7.51  9.53 10.26 10.30  8.62  7.45  4.31  1.44  0.60  0.44  0.16  0.03  0.03  0.03  0.03  0.03  0.03  0.03
 9  15  0.03  0.10  0.17  0.34  0.68  1.00  1.63  3.08  4.59  5.65  7.60  9.42  9.97  9.86  8.36  7.30  4.30  1.48  0.61  0.45  0.16  0.03  0.03  0.03  0.03  0.04  0.04  0.03
 9  20  0.04  0.11  0.18  0.35  0.69  1.03  1.67  3.09  4.64  5.77  7.71  9.38  9.73  9.51  8.12  7.13  4.28  1.50  0.62  0.46  0.17  0.04  0.04  0.04  0.04  0.04  0.04  0.04
 9  25  0.04  0.10  0.17  0.35  0.69  1.02  1.67  3.16  4.74  5.88  7.74  9.20  9.48  9.19  7.99  7.14  4.33  1.58  0.65  0.48  0.18  0.06  0.04  0.04  0.04  0.05  0.04  0.04
 9  30  0.04  0.11  0.18  0.35  0.69  1.03  1.68  3.19  4.81  5.99  7.80  9.06  9.22  8.88  7.85  7.14  4.39  1.65  0.68  0.50  0.19  0.08  0.05  0.05  0.05  0.05  0.04  0.04
 9  35  0.04  0.11  0.18  0.36  0.70  1.04  1.70  3.22  4.85  6.02  7.75  8.84  8.92  8.52  7.47  6.76  4.31  1.83  0.86  0.65  0.28  0.09  0.06  0.05  0.05  0.05  0.04  0.04
 9  40  0.04  0.11  0.18  0.36  0.71  1.05  1.71  3.23  4.88  6.06  7.74  8.64  8.60  8.18  7.10  6.35  4.22  2.02  1.04  0.79  0.37  0.13  0.08  0.06  0.06  0.05  0.05  0.04
 9  45  0.04  0.11  0.18  0.36  0.72  1.06  1.73  3.23  4.89  6.10  7.73  8.42  8.25  7.73  6.70  6.02  4.16  2.19  1.20  0.94  0.50  0.22  0.12  0.08  0.06  0.05  0.05  0.04
 9  50  0.04  0.11  0.18  0.36  0.72  1.07  1.74  3.26  4.95  6.17  7.72  8.20  7.91  7.31  6.35  5.73  4.10  2.36  1.37  1.11  0.65  0.29  0.17  0.10  0.07  0.05  0.05  0.04
 9  55  0.04  0.11  0.18  0.36  0.71  1.05  1.72  3.29  4.97  6.20  7.68  7.96  7.54  6.85  5.92  5.32  3.95  2.45  1.51  1.23  0.75  0.35  0.21  0.13  0.08  0.06  0.05  0.04
 9  60  0.04  0.11  0.18  0.36  0.72  1.07  1.76  3.39  5.22  6.49  7.82  7.79  7.20  6.36  5.54  5.03  3.87  2.61  1.70  1.38  0.86  0.41  0.25  0.16  0.10  0.06  0.05  0.04
 9  65  0.04  0.11  0.19  0.37  0.74  1.10  1.80  3.46  5.28  6.49  7.54  7.27  6.61  5.76  4.99  4.50  3.65  2.61  1.80  1.48  0.95  0.47  0.29  0.18  0.10  0.06  0.05  0.04
 9  70  0.04  0.11  0.19  0.38  0.76  1.12  1.84  3.53  5.31  6.45  7.22  6.75  6.02  5.18  4.43  3.96  3.42  2.61  1.91  1.58  1.04  0.53  0.33  0.20  0.10  0.06  0.05  0.04
 9  75  0.04  0.12  0.19  0.39  0.77  1.14  1.87  3.59  5.11  6.03  6.43  5.95  5.36  4.68  4.22  3.94  3.38  2.62  1.92  1.59  1.06  0.54  0.34  0.21  0.11  0.06  0.05  0.04
 9  80  0.04  0.12  0.20  0.39  0.78  1.16  1.90  3.63  4.86  5.57  5.62  5.16  4.72  4.19  4.00  3.90  3.33  2.63  1.92  1.59  1.07  0.54  0.35  0.22  0.12  0.06  0.05  0.04
 9  85  0.04  0.12  0.20  0.40  0.79  1.17  1.92  3.67  4.82  5.48  5.53  5.14  4.73  4.21  4.02  3.92  3.33  2.63  1.92  1.59  1.07  0.54  0.35  0.22  0.12  0.06  0.05  0.04
 9  90  0.04  0.12  0.20  0.39  0.78  1.16  1.90  3.64  4.70  5.33  5.36  5.01  4.63  4.14  3.95  3.84  3.24  2.56  1.90  1.58  1.05  0.54  0.36  0.21  0.12  0.06  0.05  0.04
10 -90  0.03  0.10  0.17  0.33  0.65  0.96  1.55  2.87  4.16  5.05  6.59  7.49  7.35  6.57  5.68  5.22  3.82  1.83  1.42  1.29  0.96  0.50  0.11  0.06  0.05  0.04  0.03  0.03
10 -85  0.03  0.10  0.17  0.33  0.65  0.96  1.56  2.88  4.16  5.06  6.54  7.36  7.24  6.53  5.64  5.19  4.00  2.05  1.41  1.21  0.86  0.49  0.12  0.06  0.05  0.04  0.03  0.03
10 -80  0.03  0.10  0.16  0.33  0.64  0.95  1.54  2.85  4.11  5.01  6.51  7.35  7.25  6.56  5.61  5.14  3.97  2.10  1.46  1.26  0.89  0.50  0.13  0.06  0.05  0.04  0.03  0.03
10 -75  0.03  0.10  0.16  0.33  0.64  0.95  1.54  2.86  4.15  5.07  6.59  7.56  7.55  6.94  6.11  5.66  4.33  2.50  1.71  1.47  1.01  0.55  0.26  0.07  0.05  0.04  0.03  0.03
10 -70  0.03  0.10  0.16  0.33  0.64  0.95  1.55  2.89  4.22  5.16  6.69  7.73  7.76  7.23  6.57  6.13  4.58  2.79  1.91  1.64  1.12  0.61  0.29  0.07  0.05  0.04  0.03  0.03
10 -65  0.03  0.10  0.17  0.34  0.66  0.98  1.60  3.01  4.44  5.46  7.01  8.01  8.00  7.48  7.00  6.64  4.96  3.14  2.13  1.81  1.22  0.64  0.31  0.08  0.05  0.04  0.03  0.03
10 -60  0.03  0.10  0.17  0.35  0.68  1.01  1.65  3.12  4.67  5.77  7.35  8.31  8.28  7.74  7.41  7.18  5.37  3.42  2.24  1.88  1.24  0.65  0.33  0.09  0.06  0.04  0.03  0.03
10 -55  0.04  0.11  0.18  0.35  0.70  1.04  1.70  3.23  4.91  6.05  7.64  8.54  8.45  7.97  7.35  6.92  5.34  3.45  2.24  1.86  1.17  0.61  0.32  0.18  0.06  0.04  0.03  0.03
10 -50  0.04  0.11  0.18  0.35  0.70  1.04  1.71  3.27  4.99  6.19  7.87  8.80  8.71  8.14  7.26  6.68  5.34  3.52  2.22  1.82  1.11  0.55  0.30  0.17  0.06  0.04  0.04  0.03
10 -45  0.04  0.10  0.17  0.35  0.69  1.03  1.68  3.21  4.91  6.14  7.93  8.99  8.91  8.21  7.30  6.73  5.40  3.50  2.11  1.70  1.00  0.51  0.29  0.09  0.06  0.04  0.04  0.03
10 -40  0.04  0.10  0.17  0.35  0.69  1.02  1.67  3.18  4.87  6.08  8.00  9.18  9.14  8.38  7.43  6.85  5.48  3.47  2.02  1.61  0.92  0.46  0.27  0.09  0.06  0.05  0.04  0.04
10 -35  0.03  0.10  0.17  0.34  0.68  1.01  1.65  3.14  4.78  5.97  7.95  9.30  9.33  8.61  7.48  6.78  5.20  2.90  1.52  1.19  0.64  0.32  0.15  0.08  0.06  0.05  0.04  0.04
10 -30  0.03  0.10  0.17  0.34  0.67  0.99  1.63  3.10  4.68  5.83  7.86  9.38  9.52  8.87  7.54  6.72  4.89  2.33  1.03  0.79  0.37  0.16  0.10  0.07  0.06  0.05  0.05  0.04
10 -25  0.03  0.10  0.17  0.34  0.68  1.00  1.63  3.05  4.58  5.68  7.68  9.45  9.72  9.19  7.71  6.77  4.61  1.96  0.81  0.61  0.27  0.09  0.06  0.05  0.05  0.05  0.05  0.04
10 -20  0.03  0.10  0.17  0.34  0.67  0.99  1.61  3.03  4.48  5.53  7.48  9.49  9.93  9.47  7.85  6.79  4.33  1.57  0.60  0.44  0.17  0.06  0.04  0.04  0.04  0.05  0.05  0.04
10 -15  0.03  0.10  0.16  0.33  0.65  0.96  1.57  2.99  4.39  5.41  7.31  9.40 10.00  9.70  8.03  6.99  4.12  1.41  0.52  0.38  0.14  0.04  0.04  0.04  0.04  0.04  0.05  0.04
10 -10  0.03  0.10  0.16  0.32  0.63  0.94  1.55  2.99  4.34  5.34  7.25  9.35 10.15 10.06  8.29  7.20  3.88  1.25  0.44  0.32  0.12  0.04  0.03  0.03  0.04  0.04  0.04  0.04
10  -5  0.03  0.10  0.16  0.32  0.63  0.94  1.54  2.95  4.29  5.29  7.21  9.26 10.18 10.25  8.37  7.20  3.78  1.22  0.41  0.31  0.12  0.04  0.03  0.03  0.03  0.04  0.04  0.03
10   0  0.03  0.09  0.16  0.31  0.62  0.93  1.53  2.96  4.31  5.28  7.23  9.31 10.27 10.49  8.53  7.24  3.73  1.18  0.39  0.30  0.12  0.03  0.03  0.03  0.03  0.03  0.03  0.03
10   5  0.03  0.10  0.16  0.33  0.64  0.96  1.56  2.98  4.36  5.33  7.23  9.23 10.13 10.36  8.53  7.31  3.98  1.28  0.47  0.35  0.13  0.03  0.03  0.03  0.03  0.03  0.03  0.03
10  10  0.03  0.10  0.17  0.33  0.65  0.97  1.59  3.03  4.42  5.41  7.27  9.21  9.99 10.17  8.50  7.34  4.20  1.39  0.55  0.40  0.14  0.03  0.03  0.03  0.03  0.03  0.03  0.03
10  15  0.03  0.10  0.17  0.34  0.66  0.99  1.61  3.05  4.51  5.52  7.34  9.11  9.70  9.70  8.21  7.13  4.17  1.43  0.57  0.41  0.14  0.04  0.03  0.03  0.03  0.04  0.04  0.03
10  20  0.04  0.11  0.17  0.35  0.69  1.01  1.65  3.07  4.56  5.63  7.43  9.07  9.47  9.33  7.93  6.92  4.14  1.46  0.59  0.43  0.14  0.04  0.04  0.04  0.04  0.04  0.04  0.04
10  25  0.03  0.10  0.17  0.34  0.68  1.01  1.66  3.17  4.72  5.84  7.58  8.92  9.18  8.94  7.77  6.92  4.21  1.52  0.61  0.45  0.16  0.06  0.04  0.04  0.04  0.05  0.04  0.04
10  30  0.04  0.11  0.18  0.36  0.70  1.04  1.70  3.22  4.88  6.07  7.76  8.81  8.89  8.55  7.59  6.91  4.28  1.58  0.64  0.47  0.18  0.07  0.05  0.05  0.05  0.05  0.04  0.04
10  35  0.04  0.11  0.19  0.37  0.73  1.08  1.76  3.33  5.09  6.32  7.87  8.58  8.48  8.02  7.11  6.50  4.24  1.79  0.86  0.65  0.30  0.10  0.06  0.05  0.05  0.05  0.04  0.04
10  40  0.04  0.12  0.19  0.38  0.75  1.12  1.82  3.43  5.28  6.58  7.99  8.35  8.05  7.52  6.67  6.09  4.20  2.00  1.06  0.82  0.41  0.19  0.09  0.06  0.05  0.05  0.04  0.04
10  45  0.04  0.12  0.20  0.40  0.79  1.18  1.91  3.56  5.49  6.82  8.03  8.09  7.66  7.09  6.35  5.88  4.26  2.24  1.24  0.99  0.54  0.24  0.14  0.08  0.06  0.05  0.04  0.04
10  50  0.04  0.13  0.21  0.42  0.83  1.23  1.99  3.73  5.71  7.05  8.05  7.83  7.30  6.71  6.09  5.68  4.28  2.46  1.45  1.17  0.68  0.28  0.16  0.11  0.08  0.05  0.04  0.04
10  55  0.04  0.13  0.22  0.43  0.85  1.26  2.06  3.89  5.80  7.08  7.89  7.56  6.98  6.37  5.78  5.38  4.22  2.53  1.56  1.27  0.78  0.35  0.20  0.14  0.09  0.05  0.04  0.04
10  60  0.05  0.14  0.23  0.45  0.89  1.32  2.16  4.11  6.08  7.35  7.92  7.37  6.71  6.00  5.51  5.18  4.22  2.66  1.72  1.40  0.87  0.41  0.24  0.16  0.09  0.05  0.04  0.04
10  65  0.05  0.14  0.23  0.46  0.91  1.36  2.21  4.20  5.97  7.10  7.48  6.90  6.27  5.59  5.12  4.82  3.98  2.68  1.86  1.54  1.00  0.47  0.27  0.18  0.09  0.05  0.04  0.04
10  70  0.05  0.14  0.24  0.47  0.93  1.38  2.25  4.26  5.84  6.85  7.06  6.45  5.83  5.16  4.72  4.44  3.74  2.70  2.00  1.67  1.12  0.52  0.30  0.19  0.09  0.05  0.04  0.04
10  75  0.05  0.14  0.23  0.47  0.92  1.37  2.23  4.21  5.42  6.19  6.36  5.92  5.42  4.81  4.38  4.12  3.59  2.73  2.05  1.72  1.17  0.54  0.31  0.20  0.10  0.05  0.04  0.04
10  80  0.05  0.14  0.23  0.46  0.91  1.36  2.21  4.15  5.01  5.54  5.68  5.41  5.02  4.46  4.03  3.79  3.44  2.75  2.10  1.77  1.22  0.57  0.32  0.21  0.10  0.06  0.04  0.04
10  85  0.05  0.14  0.23  0.46  0.91  1.35  2.20  4.14  5.01  5.55  5.72  5.47  5.07  4.48  4.03  3.78  3.44  2.75  2.10  1.77  1.22  0.57  0.33  0.21  0.13  0.06  0.04  0.04
10  90  0.05  0.14  0.23  0.46  0.91  1.34  2.19  4.12  4.98  5.53  5.73  5.48  5.08  4.47  3.96  3.72  3.38  2.72  2.09  1.76  1.22  0.58  0.33  0.21  0.12  0.06  0.04  0.04
11 -90  0.03  0.08  0.14  0.28  0.55  0.81  1.33  2.50  3.68  4.52  5.94  6.85  7.18  7.18  7.02  6.69  5.37  3.18  2.27  2.01  1.41  0.66  0.31  0.17  0.05  0.04  0.03  0.02
11 -85  0.03  0.08  0.14  0.28  0.56  0.82  1.34  2.54  3.73  4.57  6.01  6.99  7.21  7.03  6.75  6.46  5.34  3.25  2.20  1.88  1.26  0.62  0.31  0.07  0.05  0.04  0.03  0.02
11 -80  0.03  0.09  0.14  0.28  0.56  0.83  1.35  2.55  3.74  4.56  6.01  6.98  7.16  6.94  6.65  6.37  5.24  3.21  2.20  1.89  1.28  0.63  0.32  0.18  0.05  0.03  0.03  0.02
11 -75  0.03  0.09  0.14  0.29  0.57  0.84  1.37  2.60  3.79  4.64  6.06  7.10  7.29  7.00  6.83  6.67  5.38  3.29  2.26  1.95  1.33  0.67  0.33  0.19  0.05  0.04  0.03  0.02
11 -70  0.03  0.09  0.14  0.29  0.57  0.85  1.38  2.62  3.84  4.71  6.12  7.25  7.43  7.07  7.00  6.95  5.48  3.30  2.26  1.96  1.37  0.72  0.35  0.20  0.06  0.04  0.03  0.03
11 -65  0.03  0.09  0.15  0.29  0.58  0.87  1.42  2.69  3.96  4.89  6.39  7.56  7.70  7.26  7.11  7.04  5.46  3.34  2.25  1.93  1.32  0.72  0.36  0.20  0.06  0.04  0.03  0.03
11 -60  0.03  0.09  0.15  0.30  0.60  0.89  1.45  2.75  4.09  5.07  6.66  7.87  7.98  7.47  7.26  7.16  5.47  3.39  2.19  1.84  1.20  0.69  0.36  0.20  0.06  0.04  0.03  0.03
11 -55  0.03  0.09  0.16  0.31  0.62  0.92  1.50  2.84  4.26  5.25  6.89  8.17  8.29  7.85  7.19  6.78  5.23  3.31  2.10  1.72  1.04  0.59  0.32  0.18  0.06  0.04  0.03  0.03
11 -50  0.03  0.09  0.16  0.31  0.62  0.92  1.50  2.86  4.29  5.29  7.06  8.49  8.67  8.13  7.09  6.42  5.02  3.25  1.99  1.61  0.92  0.48  0.28  0.10  0.06  0.04  0.04  0.03
11 -45  0.03  0.09  0.15  0.31  0.61  0.90  1.48  2.84  4.25  5.27  7.14  8.74  8.99  8.37  7.22  6.47  5.04  3.19  1.89  1.51  0.83  0.43  0.25  0.09  0.06  0.04  0.04  0.03
11 -40  0.03  0.09  0.15  0.30  0.61  0.90  1.48  2.87  4.24  5.26  7.21  8.98  9.31  8.69  7.39  6.57  5.08  3.12  1.80  1.42  0.76  0.39  0.23  0.08  0.06  0.05  0.04  0.04
11 -35  0.03  0.09  0.16  0.31  0.62  0.92  1.50  2.90  4.29  5.30  7.28  9.14  9.54  8.98  7.55  6.64  4.79  2.58  1.34  1.04  0.53  0.28  0.12  0.07  0.06  0.05  0.04  0.04
11 -30  0.03  0.09  0.16  0.31  0.62  0.92  1.52  2.94  4.32  5.32  7.31  9.24  9.72  9.29  7.72  6.71  4.49  2.05  0.89  0.67  0.30  0.15  0.09  0.06  0.05  0.05  0.05  0.04
11 -25  0.03  0.10  0.16  0.32  0.64  0.95  1.55  2.95  4.36  5.36  7.31  9.34  9.86  9.54  7.84  6.70  4.28  1.82  0.72  0.54  0.22  0.09  0.06  0.05  0.05  0.05  0.05  0.04
11 -20  0.03  0.10  0.16  0.32  0.64  0.95  1.55  2.99  4.39  5.40  7.31  9.43 10.02  9.75  7.93  6.67  4.06  1.57  0.56  0.42  0.16  0.06  0.05  0.04  0.05  0.05  0.05  0.04
11 -15  0.03  0.10  0.16  0.32  0.63  0.94  1.54  2.99  4.39  5.41  7.31  9.40 10.04  9.88  8.07  6.87  3.93  1.40  0.50  0.37  0.14  0.05  0.04  0.04  0.04  0.04  0.04  0.04
11 -10  0.03  0.09  0.16  0.31  0.62  0.93  1.54  3.04  4.44  5.47  7.41  9.41 10.15 10.10  8.28  7.07  3.79  1.24  0.43  0.33  0.13  0.04  0.03  0.03  0.04  0.04  0.04  0.04
11  -5  0.03  0.09  0.16  0.31  0.62  0.93  1.54  3.03  4.43  5.47  7.40  9.29 10.06 10.11  8.26  7.05  3.68  1.16  0.40  0.31  0.13  0.04  0.03  0.03  0.03  0.04  0.03  0.03
11   0  0.03  0.10  0.16  0.32  0.64  0.95  1.56  3.03  4.48  5.50  7.43  9.28 10.03 10.20  8.33  7.06  3.59  1.09  0.38  0.30  0.13  0.03  0.03  0.03  0.03  0.03  0.03  0.03
11   5  0.03  0.10  0.16  0.33  0.65  0.97  1.59  3.04  4.47  5.49  7.31  9.09  9.86 10.05  8.29  7.09  3.81  1.18  0.41  0.32  0.13  0.03  0.03  0.03  0.03  0.03  0.03  0.03
11  10  0.03  0.10  0.17  0.33  0.66  0.98  1.60  3.07  4.48  5.49  7.24  8.95  9.65  9.82  8.22  7.10  4.01  1.27  0.46  0.35  0.13  0.04  0.03  0.03  0.03  0.04  0.04  0.03
11  15  0.03  0.10  0.17  0.34  0.67  0.99  1.62  3.09  4.57  5.60  7.28  8.77  9.29  9.32  7.92  6.89  3.94  1.32  0.48  0.36  0.13  0.04  0.03  0.03  0.04  0.04  0.04  0.04
11  20  0.04  0.11  0.17  0.35  0.69  1.02  1.65  3.10  4.62  5.69  7.32  8.66  8.99  8.90  7.63  6.68  3.88  1.35  0.49  0.37  0.13  0.04  0.04  0.04  0.04  0.04  0.04  0.04
11  25  0.04  0.11  0.18  0.35  0.69  1.03  1.69  3.24  4.84  5.97  7.49  8.49  8.65  8.44  7.39  6.61  4.01  1.45  0.56  0.42  0.17  0.05  0.04  0.04  0.04  0.04  0.04  0.04
11  30  0.04  0.11  0.19  0.37  0.73  1.08  1.76  3.33  5.07  6.27  7.69  8.36  8.30  7.97  7.14  6.55  4.13  1.57  0.65  0.49  0.21  0.08  0.05  0.05  0.05  0.04  0.04  0.04
11  35  0.04  0.12  0.20  0.39  0.78  1.15  1.87  3.52  5.39  6.65  7.83  8.13  7.89  7.45  6.80  6.34  4.37  1.91  0.92  0.71  0.34  0.15  0.08  0.06  0.05  0.05  0.04  0.04
11  40  0.04  0.13  0.21  0.42  0.82  1.22  1.98  3.72  5.70  7.02  7.97  7.89  7.50  7.01  6.50  6.13  4.59  2.25  1.19  0.92  0.47  0.20  0.11  0.08  0.06  0.05  0.05  0.04
11  45  0.05  0.13  0.22  0.45  0.88  1.30  2.12  3.95  5.96  7.26  7.94  7.63  7.17  6.68  6.32  6.08  4.69  2.46  1.39  1.11  0.62  0.28  0.16  0.10  0.07  0.05  0.05  0.04
11  50  0.05  0.14  0.24  0.48  0.94  1.39  2.25  4.19  6.19  7.47  7.90  7.39  6.88  6.41  6.18  6.01  4.74  2.66  1.61  1.31  0.79  0.36  0.20  0.13  0.08  0.05  0.05  0.04
11  55  0.05  0.15  0.25  0.49  0.96  1.43  2.32  4.33  6.11  7.27  7.59  7.16  6.68  6.22  5.95  5.75  4.60  2.72  1.71  1.43  0.93  0.42  0.23  0.15  0.09  0.05  0.05  0.04
11  60  0.05  0.15  0.25  0.50  0.98  1.46  2.38  4.51  6.21  7.30  7.49  7.01  6.52  5.99  5.74  5.58  4.52  2.84  1.86  1.57  1.07  0.48  0.26  0.16  0.09  0.05  0.05  0.04
11  65  0.05  0.15  0.24  0.48  0.96  1.42  2.31  4.36  5.93  6.97  7.26  6.92  6.47  5.92  5.51  5.26  4.42  2.94  2.05  1.76  1.26  0.57  0.30  0.19  0.09  0.05  0.05  0.04
11  70  0.05  0.14  0.24  0.47  0.93  1.38  2.24  4.17  5.65  6.63  7.04  6.83  6.41  5.84  5.28  4.94  4.32  3.04  2.24  1.94  1.43  0.66  0.34  0.21  0.09  0.05  0.04  0.04
11  75  0.05  0.14  0.23  0.46  0.91  1.35  2.18  3.99  5.35  6.25  6.61  6.24  5.68  5.03  4.48  4.15  3.77  2.97  2.18  1.88  1.37  0.62  0.31  0.19  0.10  0.05  0.04  0.04
11  80  0.05  0.14  0.23  0.45  0.89  1.32  2.11  3.82  5.05  5.85  6.18  5.63  4.95  4.22  3.67  3.36  3.22  2.89  2.11  1.81  1.31  0.58  0.29  0.17  0.10  0.06  0.04  0.04
11  85  0.05  0.14  0.23  0.45  0.89  1.31  2.10  3.81  5.02  5.84  6.19  5.67  4.99  4.25  3.69  3.37  3.23  2.89  2.11  1.81  1.30  0.58  0.29  0.17  0.10  0.06  0.04  0.04
11  90  0.05  0.14  0.23  0.45  0.89  1.30  2.10  3.80  4.98  5.78  6.16  5.65  5.00  4.25  3.62  3.31  3.19  2.85  2.08  1.78  1.28  0.58  0.29  0.17  0.10  0.05  0.04  0.04
12 -90  0.03  0.08  0.12  0.25  0.49  0.73  1.18  2.20  3.34  4.21  5.78  6.66  6.47  5.77  5.50  5.57  5.29  4.18  2.88  2.46  1.70  0.82  0.43  0.23  0.11  0.04  0.03  0.02
12 -85  0.03  0.08  0.12  0.25  0.49  0.73  1.18  2.21  3.35  4.19  5.72  6.68  6.54  5.83  5.45  5.37  5.03  3.99  2.73  2.31  1.55  0.74  0.42  0.23  0.11  0.04  0.03  0.02
12 -80  0.03  0.08  0.13  0.25  0.49  0.73  1.18  2.21  3.35  4.17  5.69  6.66  6.54  5.84  5.43  5.33  4.96  3.91  2.68  2.27  1.53  0.74  0.42  0.23  0.11  0.04  0.03  0.02
12 -75  0.03  0.08  0.13  0.26  0.51  0.75  1.22  2.29  3.42  4.22  5.68  6.74  6.69  6.03  5.60  5.45  4.98  3.80  2.58  2.19  1.48  0.72  0.41  0.22  0.06  0.04  0.03  0.02
12 -70  0.03  0.08  0.13  0.26  0.52  0.77  1.26  2.37  3.48  4.27  5.68  6.82  6.86  6.24  5.80  5.60  5.00  3.66  2.44  2.07  1.40  0.70  0.41  0.22  0.06  0.04  0.03  0.02
12 -65  0.03  0.08  0.14  0.27  0.54  0.80  1.30  2.45  3.57  4.38  5.84  7.13  7.27  6.72  6.20  5.92  5.00  3.47  2.24  1.88  1.24  0.65  0.38  0.20  0.06  0.04  0.03  0.02
12 -60  0.03  0.08  0.14  0.28  0.55  0.82  1.34  2.52  3.67  4.50  6.03  7.46  7.72  7.23  6.63  6.27  5.04  3.30  2.06  1.70  1.09  0.58  0.34  0.19  0.07  0.04  0.03  0.02
12 -55  0.03  0.09  0.15  0.29  0.58  0.86  1.40  2.63  3.85  4.68  6.24  7.82  8.20  7.89  7.04  6.47  4.94  3.06  1.86  1.52  0.90  0.50  0.29  0.16  0.07  0.04  0.03  0.03
12 -50  0.03  0.09  0.15  0.30  0.58  0.87  1.42  2.68  3.89  4.72  6.39  8.19  8.73  8.43  7.37  6.65  4.82  2.82  1.63  1.31  0.75  0.42  0.24  0.11  0.07  0.04  0.03  0.03
12 -45  0.03  0.09  0.15  0.29  0.58  0.87  1.42  2.71  3.93  4.82  6.57  8.49  9.12  8.80  7.36  6.37  4.58  2.63  1.50  1.20  0.66  0.36  0.20  0.09  0.06  0.04  0.04  0.03
12 -40  0.03  0.09  0.15  0.29  0.58  0.87  1.43  2.79  4.00  4.90  6.72  8.74  9.45  9.18  7.36  6.13  4.36  2.41  1.35  1.07  0.57  0.30  0.12  0.07  0.05  0.04  0.04  0.03
12 -35  0.03  0.09  0.15  0.30  0.60  0.89  1.47  2.85  4.15  5.08  6.96  8.95  9.61  9.33  7.71  6.61  4.33  2.07  1.03  0.80  0.41  0.19  0.10  0.06  0.05  0.05  0.04  0.04
12 -30  0.03  0.09  0.15  0.31  0.61  0.91  1.50  2.93  4.26  5.23  7.15  9.11  9.73  9.49  8.04  7.08  4.29  1.74  0.73  0.55  0.25  0.13  0.07  0.06  0.05  0.05  0.04  0.04
12 -25  0.03  0.10  0.16  0.32  0.63  0.94  1.54  2.97  4.40  5.41  7.34  9.32  9.87  9.64  8.06  7.00  4.13  1.61  0.60  0.45  0.18  0.08  0.06  0.05  0.05  0.05  0.04  0.04
12 -20  0.03  0.09  0.16  0.32  0.63  0.94  1.55  3.05  4.53  5.59  7.54  9.52 10.04  9.77  8.06  6.89  3.98  1.45  0.49  0.36  0.13  0.06  0.04  0.04  0.04  0.04  0.04  0.04
12 -15  0.03  0.10  0.16  0.32  0.63  0.95  1.57  3.08  4.61  5.74  7.72  9.64 10.13  9.90  8.15  6.98  3.90  1.33  0.44  0.33  0.13  0.05  0.04  0.04  0.04  0.04  0.04  0.04
12 -10  0.03  0.09  0.16  0.32  0.63  0.95  1.58  3.16  4.74  5.91  7.97  9.79 10.31 10.10  8.30  7.09  3.80  1.20  0.38  0.29  0.12  0.04  0.03  0.03  0.03  0.04  0.04  0.03
12  -5  0.03  0.10  0.16  0.32  0.64  0.95  1.59  3.16  4.75  5.93  7.98  9.68 10.18 10.03  8.10  6.81  3.62  1.14  0.36  0.28  0.13  0.04  0.03  0.03  0.03  0.04  0.03  0.03
12   0  0.03  0.10  0.17  0.33  0.67  0.99  1.63  3.14  4.80  5.97  8.01  9.62 10.07 10.00  7.96  6.56  3.46  1.08  0.34  0.28  0.13  0.03  0.03  0.03  0.03  0.03  0.03  0.03
12   5  0.03  0.10  0.17  0.34  0.67  1.00  1.64  3.15  4.76  5.92  7.81  9.34  9.80  9.72  7.93  6.71  3.68  1.17  0.38  0.30  0.13  0.04  0.03  0.03  0.03  0.04  0.04  0.03
12  10  0.03  0.10  0.17  0.34  0.68  1.01  1.65  3.17  4.75  5.88  7.68  9.09  9.48  9.39  7.89  6.85  3.90  1.27  0.43  0.33  0.12  0.04  0.03  0.03  0.04  0.04  0.04  0.04
12  15  0.03  0.10  0.17  0.34  0.68  1.01  1.65  3.16  4.77  5.91  7.61  8.82  9.08  8.88  7.57  6.62  3.85  1.36  0.46  0.35  0.13  0.04  0.04  0.04  0.04  0.04  0.04  0.04
12  20  0.04  0.11  0.18  0.35  0.69  1.03  1.67  3.15  4.76  5.92  7.52  8.59  8.71  8.44  7.25  6.39  3.82  1.43  0.49  0.36  0.13  0.05  0.04  0.04  0.04  0.04  0.05  0.04
12  25  0.04  0.11  0.17  0.35  0.69  1.03  1.69  3.25  4.89  6.06  7.53  8.31  8.31  7.99  7.14  6.51  4.10  1.57  0.60  0.45  0.19  0.06  0.05  0.05  0.05  0.05  0.05  0.04
12  30  0.04  0.11  0.18  0.37  0.73  1.08  1.75  3.30  5.03  6.21  7.53  8.06  7.91  7.53  7.01  6.63  4.36  1.76  0.75  0.56  0.25  0.09  0.06  0.05  0.05  0.05  0.05  0.04
12  35  0.04  0.12  0.20  0.39  0.77  1.15  1.87  3.50  5.29  6.46  7.51  7.78  7.56  7.14  6.84  6.62  4.73  2.15  1.05  0.82  0.44  0.21  0.10  0.07  0.06  0.05  0.05  0.04
12  40  0.04  0.13  0.21  0.42  0.83  1.22  1.99  3.71  5.52  6.67  7.49  7.52  7.22  6.81  6.71  6.59  5.08  2.53  1.36  1.09  0.63  0.30  0.16  0.10  0.07  0.05  0.05  0.04
12  45  0.04  0.13  0.22  0.44  0.88  1.30  2.11  3.94  5.69  6.76  7.36  7.27  6.97  6.62  6.50  6.41  5.06  2.84  1.62  1.31  0.80  0.38  0.20  0.13  0.08  0.05  0.05  0.05
12  50  0.05  0.14  0.24  0.47  0.93  1.38  2.24  4.16  5.81  6.85  7.26  7.07  6.78  6.51  6.34  6.21  5.00  3.15  1.88  1.55  0.98  0.46  0.24  0.15  0.09  0.05  0.05  0.05
12  55  0.05  0.14  0.24  0.47  0.93  1.38  2.24  4.16  5.57  6.52  6.97  6.97  6.75  6.48  6.15  5.91  4.79  3.16  2.01  1.69  1.14  0.54  0.28  0.16  0.09  0.05  0.05  0.04
12  60  0.05  0.14  0.24  0.47  0.93  1.38  2.24  4.20  5.54  6.45  6.89  6.95  6.74  6.40  5.98  5.70  4.64  3.23  2.19  1.86  1.29  0.62  0.31  0.18  0.09  0.05  0.05  0.04
12  65  0.05  0.14  0.24  0.48  0.94  1.38  2.22  4.06  5.42  6.35  6.87  6.98  6.74  6.32  5.78  5.42  4.53  3.19  2.25  1.92  1.36  0.65  0.30  0.18  0.09  0.06  0.05  0.04
12  70  0.05  0.15  0.24  0.48  0.94  1.38  2.21  3.93  5.31  6.24  6.83  6.99  6.72  6.25  5.59  5.15  4.43  3.15  2.31  1.98  1.42  0.67  0.30  0.18  0.10  0.06  0.05  0.04
12  75  0.05  0.14  0.23  0.46  0.90  1.31  2.07  3.59  5.01  5.96  6.62  6.66  6.32  5.80  5.16  4.73  4.22  3.19  2.33  1.99  1.43  0.67  0.32  0.19  0.10  0.06  0.05  0.04
12  80  0.04  0.13  0.22  0.44  0.85  1.24  1.94  3.28  4.72  5.70  6.42  6.34  5.92  5.34  4.72  4.31  4.00  3.22  2.35  2.00  1.43  0.67  0.34  0.21  0.10  0.06  0.05  0.04
12  85  0.04  0.13  0.22  0.43  0.84  1.23  1.93  3.26  4.71  5.70  6.44  6.39  5.98  5.39  4.75  4.33  4.00  3.22  2.35  2.00  1.44  0.67  0.34  0.21  0.10  0.06  0.05  0.04
12  90  0.04  0.13  0.22  0.43  0.84  1.22  1.92  3.24  4.71  5.69  6.38  6.41  6.06  5.49  4.79  4.32  3.96  3.18  2.30  1.95  1.40  0.67  0.34  0.20  0.10  0.06  0.05  0.04
