     0.010
     0.030
     0.050
     0.100
     0.200
     0.300
     0.500
     1.000
     1.500
     2.000
     3.000
     5.000
     7.000
    10.000
    15.000
    20.000
    30.000
    50.000
    70.000
    80.000
   100.000
   150.000
   200.000
   250.000
   300.000
   400.000
   500.000
   600.000
 1 -90  0.02  0.07  0.12  0.24  0.47  0.70  1.13  2.09  3.12  3.86  5.30  6.08  5.83  5.01  4.12  3.62  3.62  3.26  2.43  2.04  1.38  0.67  0.41  0.24  0.12  0.05  0.03  0.02
 1 -85  0.02  0.07  0.12  0.24  0.47  0.70  1.13  2.07  3.11  3.85  5.26  6.08  5.86  5.07  4.20  3.66  3.58  3.13  2.30  1.92  1.30  0.61  0.39  0.23  0.11  0.05  0.03  0.02
 1 -80  0.02  0.07  0.12  0.24  0.47  0.70  1.13  2.08  3.11  3.84  5.27  6.09  5.87  5.08  4.21  3.67  3.57  3.11  2.27  1.90  1.28  0.60  0.38  0.23  0.11  0.04  0.03  0.02
 1 -75  0.03  0.08  0.12  0.25  0.49  0.72  1.16  2.15  3.17  3.90  5.28  6.23  6.13  5.39  4.58  4.08  3.85  3.14  2.22  1.85  1.24  0.59  0.37  0.22  0.10  0.04  0.03  0.02
 1 -70  0.03  0.08  0.13  0.25  0.50  0.74  1.20  2.21  3.22  3.97  5.31  6.38  6.39  5.69  4.96  4.50  4.14  3.16  2.16  1.79  1.18  0.57  0.36  0.21  0.10  0.04  0.03  0.02
 1 -65  0.03  0.08  0.13  0.26  0.52  0.76  1.24  2.28  3.31  4.09  5.49  6.75  6.91  6.31  5.63  5.20  4.35  3.09  2.01  1.65  1.07  0.52  0.34  0.19  0.07  0.04  0.03  0.02
 1 -60  0.03  0.08  0.14  0.27  0.53  0.79  1.28  2.35  3.39  4.20  5.68  7.12  7.44  6.94  6.31  5.90  4.55  3.02  1.87  1.52  0.97  0.48  0.32  0.18  0.07  0.04  0.03  0.02
 1 -55  0.03  0.09  0.14  0.29  0.56  0.83  1.34  2.47  3.57  4.37  5.86  7.46  7.90  7.62  6.80  6.23  4.42  2.75  1.61  1.30  0.78  0.38  0.25  0.14  0.08  0.04  0.03  0.03
 1 -50  0.03  0.09  0.15  0.29  0.57  0.85  1.37  2.51  3.61  4.41  5.99  7.80  8.42  8.18  7.21  6.52  4.25  2.44  1.29  1.02  0.59  0.29  0.18  0.10  0.07  0.04  0.04  0.03
 1 -45  0.03  0.09  0.15  0.29  0.57  0.85  1.39  2.64  3.76  4.60  6.23  8.09  8.78  8.61  7.45  6.61  4.26  2.38  1.21  0.95  0.53  0.25  0.16  0.08  0.06  0.04  0.04  0.03
 1 -40  0.03  0.09  0.15  0.29  0.58  0.86  1.41  2.74  3.90  4.76  6.44  8.39  9.13  9.03  7.64  6.68  4.28  2.32  1.12  0.87  0.47  0.21  0.10  0.06  0.05  0.04  0.04  0.03
 1 -35  0.03  0.09  0.15  0.30  0.59  0.88  1.45  2.81  4.05  4.97  6.73  8.68  9.39  9.21  7.83  6.86  4.28  2.03  0.89  0.69  0.35  0.14  0.08  0.06  0.05  0.05  0.04  0.04
 1 -30  0.03  0.09  0.15  0.30  0.60  0.89  1.47  2.89  4.17  5.13  6.98  8.94  9.62  9.43  8.01  7.02  4.27  1.74  0.67  0.51  0.23  0.10  0.06  0.05  0.05  0.05  0.04  0.04
 1 -25  0.03  0.09  0.15  0.30  0.61  0.90  1.50  2.93  4.28  5.28  7.21  9.18  9.85  9.66  8.06  6.95  4.19  1.57  0.56  0.42  0.19  0.07  0.05  0.05  0.05  0.05  0.04  0.04
 1 -20  0.03  0.09  0.15  0.30  0.60  0.90  1.50  3.00  4.40  5.45  7.47  9.42 10.03  9.86  8.09  6.88  4.11  1.41  0.47  0.35  0.15  0.05  0.04  0.04  0.04  0.04  0.04  0.04
 1 -15  0.03  0.09  0.15  0.30  0.60  0.90  1.50  3.04  4.49  5.59  7.68  9.60 10.17  9.99  8.21  6.98  3.98  1.33  0.41  0.31  0.14  0.05  0.04  0.04  0.04  0.04  0.04  0.03
 1 -10  0.03  0.09  0.15  0.29  0.59  0.89  1.50  3.07  4.60  5.72  7.84  9.84 10.40 10.15  8.34  7.09  3.86  1.26  0.36  0.28  0.09  0.04  0.03  0.03  0.04  0.04  0.04  0.03
 1  -5  0.03  0.09  0.15  0.30  0.59  0.90  1.51  3.10  4.63  5.76  7.81  9.82 10.34 10.04  8.22  6.99  3.74  1.21  0.34  0.27  0.07  0.04  0.03  0.03  0.03  0.04  0.03  0.03
 1   0  0.03  0.10  0.16  0.32  0.63  0.94  1.56  3.07  4.64  5.78  7.82  9.73 10.21  9.90  8.09  6.88  3.63  1.17  0.32  0.26  0.06  0.04  0.03  0.03  0.03  0.04  0.04  0.03
 1   5  0.03  0.10  0.16  0.32  0.63  0.94  1.56  3.07  4.60  5.75  7.69  9.49  9.96  9.63  7.93  6.81  3.76  1.28  0.38  0.29  0.06  0.04  0.03  0.03  0.03  0.04  0.04  0.04
 1  10  0.03  0.10  0.16  0.32  0.63  0.95  1.56  3.05  4.60  5.73  7.64  9.27  9.68  9.37  7.80  6.75  3.92  1.39  0.44  0.33  0.06  0.04  0.04  0.04  0.04  0.04  0.04  0.04
 1  15  0.03  0.10  0.16  0.32  0.64  0.95  1.58  3.07  4.59  5.71  7.58  9.01  9.31  8.97  7.52  6.51  3.93  1.45  0.44  0.33  0.07  0.04  0.04  0.04  0.04  0.05  0.05  0.05
 1  20  0.03  0.10  0.17  0.33  0.66  0.98  1.60  3.07  4.58  5.67  7.47  8.74  8.91  8.55  7.22  6.29  3.94  1.50  0.45  0.33  0.13  0.05  0.04  0.04  0.04  0.05  0.05  0.05
 1  25  0.03  0.10  0.17  0.33  0.66  0.99  1.62  3.15  4.65  5.78  7.41  8.42  8.45  8.06  7.10  6.41  4.30  1.76  0.63  0.48  0.22  0.07  0.06  0.05  0.05  0.05  0.05  0.05
 1  30  0.04  0.11  0.18  0.35  0.70  1.03  1.69  3.20  4.75  5.86  7.36  8.12  8.00  7.57  6.96  6.53  4.65  2.06  0.82  0.63  0.31  0.11  0.08  0.07  0.06  0.05  0.05  0.05
 1  35  0.04  0.11  0.19  0.37  0.73  1.09  1.77  3.34  4.90  6.00  7.27  7.82  7.65  7.21  6.74  6.43  5.01  2.52  1.22  0.95  0.51  0.26  0.17  0.09  0.07  0.06  0.05  0.05
 1  40  0.04  0.12  0.20  0.39  0.77  1.15  1.87  3.50  5.09  6.16  7.19  7.52  7.31  6.90  6.56  6.33  5.36  2.97  1.62  1.29  0.72  0.38  0.23  0.13  0.09  0.06  0.05  0.05
 1  45  0.04  0.12  0.20  0.41  0.80  1.19  1.94  3.67  5.22  6.23  7.05  7.29  7.09  6.69  6.49  6.37  5.45  3.25  1.89  1.53  0.93  0.50  0.27  0.17  0.10  0.06  0.05  0.05
 1  50  0.04  0.13  0.21  0.42  0.83  1.23  2.02  3.83  5.28  6.24  6.91  7.05  6.86  6.53  6.44  6.39  5.54  3.52  2.15  1.77  1.15  0.61  0.32  0.19  0.10  0.06  0.05  0.05
 1  55  0.04  0.13  0.21  0.43  0.84  1.25  2.04  3.84  5.09  5.95  6.62  6.89  6.76  6.47  6.19  6.01  5.24  3.52  2.31  1.93  1.32  0.68  0.38  0.22  0.10  0.06  0.05  0.05
 1  60  0.04  0.13  0.22  0.43  0.86  1.27  2.08  3.93  5.12  5.95  6.55  6.82  6.71  6.37  5.99  5.73  5.01  3.56  2.51  2.12  1.49  0.75  0.43  0.24  0.11  0.06  0.05  0.05
 1  65  0.04  0.13  0.21  0.43  0.84  1.25  2.03  3.82  5.00  5.83  6.54  6.96  6.90  6.58  6.10  5.76  4.86  3.55  2.50  2.11  1.49  0.75  0.42  0.24  0.11  0.06  0.05  0.05
 1  70  0.04  0.13  0.21  0.42  0.83  1.23  1.99  3.72  4.88  5.73  6.53  7.09  7.09  6.78  6.21  5.79  4.70  3.54  2.48  2.10  1.49  0.74  0.40  0.23  0.11  0.06  0.05  0.05
 1  75  0.04  0.12  0.20  0.40  0.79  1.17  1.89  3.49  4.59  5.39  6.23  6.73  6.66  6.27  5.70  5.27  4.45  3.46  2.58  2.23  1.68  0.78  0.41  0.24  0.12  0.07  0.06  0.05
 1  80  0.04  0.12  0.20  0.39  0.77  1.13  1.80  3.24  4.30  5.06  5.93  6.36  6.22  5.75  5.18  4.74  4.19  3.38  2.67  2.36  1.87  0.83  0.42  0.25  0.12  0.07  0.06  0.05
 1  85  0.04  0.12  0.20  0.39  0.77  1.13  1.80  3.23  4.29  5.05  5.91  6.35  6.22  5.78  5.20  4.75  4.19  3.37  2.66  2.36  1.87  0.83  0.42  0.25  0.12  0.07  0.06  0.05
 1  90  0.04  0.12  0.20  0.40  0.78  1.14  1.83  3.27  4.34  5.09  5.92  6.38  6.30  5.92  5.35  4.86  4.24  3.38  2.67  2.37  1.89  0.85  0.43  0.25  0.12  0.07  0.06  0.05
 2 -90  0.03  0.09  0.15  0.30  0.59  0.87  1.40  2.60  3.77  4.55  5.50  5.46  4.94  4.20  3.79  3.59  3.38  2.90  2.19  1.85  1.27  0.60  0.38  0.25  0.14  0.05  0.03  0.02
 2 -85  0.03  0.09  0.15  0.30  0.59  0.87  1.40  2.59  3.76  4.55  5.53  5.55  5.06  4.33  3.93  3.70  3.40  2.83  2.09  1.76  1.20  0.55  0.36  0.23  0.13  0.04  0.03  0.02
 2 -80  0.03  0.09  0.15  0.30  0.59  0.87  1.40  2.58  3.74  4.54  5.57  5.61  5.11  4.35  3.94  3.71  3.41  2.82  2.08  1.74  1.19  0.55  0.35  0.23  0.13  0.04  0.03  0.02
 2 -75  0.03  0.09  0.15  0.29  0.58  0.86  1.38  2.55  3.71  4.55  5.72  6.04  5.64  4.86  4.36  4.06  3.61  2.82  2.07  1.72  1.15  0.52  0.35  0.22  0.12  0.04  0.03  0.02
 2 -70  0.03  0.09  0.15  0.29  0.58  0.85  1.37  2.52  3.70  4.59  5.89  6.47  6.19  5.39  4.78  4.41  3.80  2.83  2.06  1.70  1.12  0.50  0.34  0.21  0.11  0.04  0.03  0.02
 2 -65  0.03  0.09  0.15  0.30  0.59  0.86  1.40  2.56  3.77  4.68  6.11  6.96  6.81  6.05  5.33  4.88  4.05  2.80  1.95  1.60  1.04  0.47  0.32  0.19  0.08  0.04  0.03  0.02
 2 -60  0.03  0.09  0.15  0.30  0.59  0.88  1.42  2.60  3.82  4.76  6.30  7.41  7.43  6.70  5.89  5.35  4.31  2.77  1.84  1.50  0.97  0.44  0.30  0.18  0.08  0.04  0.03  0.03
 2 -55  0.03  0.10  0.16  0.32  0.62  0.92  1.48  2.69  3.95  4.87  6.42  7.71  7.88  7.37  6.47  5.86  4.28  2.58  1.57  1.27  0.76  0.36  0.24  0.14  0.07  0.04  0.03  0.03
 2 -50  0.03  0.10  0.16  0.32  0.63  0.93  1.49  2.71  3.93  4.83  6.45  8.00  8.37  7.91  6.98  6.34  4.22  2.35  1.22  0.96  0.55  0.27  0.17  0.09  0.06  0.04  0.04  0.03
 2 -45  0.03  0.10  0.16  0.32  0.62  0.92  1.50  2.81  4.05  4.96  6.62  8.23  8.70  8.35  7.25  6.50  4.25  2.23  1.14  0.89  0.48  0.23  0.12  0.07  0.05  0.04  0.04  0.03
 2 -40  0.03  0.09  0.16  0.31  0.62  0.93  1.52  2.89  4.14  5.07  6.76  8.47  9.02  8.78  7.51  6.64  4.28  2.11  1.06  0.82  0.41  0.19  0.09  0.06  0.05  0.04  0.04  0.03
 2 -35  0.03  0.09  0.16  0.31  0.62  0.93  1.53  2.94  4.24  5.20  6.95  8.70  9.28  9.04  7.70  6.76  4.21  1.88  0.86  0.66  0.31  0.13  0.07  0.05  0.05  0.04  0.04  0.04
 2 -30  0.03  0.09  0.16  0.31  0.63  0.93  1.54  2.98  4.31  5.29  7.10  8.91  9.52  9.33  7.88  6.86  4.14  1.64  0.67  0.50  0.22  0.09  0.06  0.05  0.04  0.04  0.04  0.04
 2 -25  0.03  0.09  0.16  0.31  0.62  0.93  1.53  2.98  4.32  5.32  7.19  9.12  9.81  9.68  8.03  6.87  4.06  1.51  0.55  0.41  0.18  0.06  0.04  0.04  0.04  0.04  0.04  0.04
 2 -20  0.03  0.09  0.15  0.30  0.60  0.90  1.50  2.99  4.34  5.34  7.31  9.34 10.06  9.97  8.15  6.87  3.97  1.39  0.44  0.33  0.14  0.05  0.04  0.04  0.04  0.04  0.04  0.04
 2 -15  0.03  0.09  0.15  0.30  0.59  0.89  1.48  2.96  4.32  5.35  7.39  9.52 10.28 10.19  8.31  6.99  3.90  1.28  0.40  0.31  0.13  0.04  0.03  0.03  0.04  0.04  0.04  0.03
 2 -10  0.03  0.09  0.14  0.29  0.58  0.87  1.45  2.92  4.32  5.34  7.43  9.75 10.56 10.42  8.47  7.11  3.85  1.18  0.36  0.28  0.09  0.04  0.03  0.03  0.03  0.04  0.03  0.03
 2  -5  0.03  0.09  0.14  0.29  0.57  0.86  1.44  2.92  4.30  5.32  7.38  9.77 10.56 10.36  8.23  6.74  3.73  1.17  0.36  0.29  0.07  0.04  0.03  0.03  0.03  0.03  0.03  0.03
 2   0  0.03  0.09  0.15  0.31  0.61  0.91  1.49  2.86  4.26  5.28  7.34  9.69 10.46 10.24  7.96  6.37  3.61  1.17  0.35  0.29  0.06  0.04  0.03  0.03  0.03  0.04  0.04  0.03
 2   5  0.03  0.09  0.15  0.30  0.61  0.90  1.49  2.89  4.28  5.33  7.32  9.53 10.25  9.99  7.97  6.57  3.73  1.28  0.42  0.33  0.06  0.04  0.03  0.03  0.03  0.04  0.04  0.04
 2  10  0.03  0.09  0.15  0.30  0.61  0.90  1.49  2.91  4.34  5.39  7.36  9.41 10.05  9.78  8.00  6.79  3.87  1.40  0.48  0.36  0.06  0.04  0.04  0.04  0.04  0.04  0.05  0.04
 2  15  0.03  0.09  0.15  0.31  0.61  0.92  1.51  2.96  4.36  5.42  7.34  9.20  9.74  9.46  7.87  6.79  4.02  1.49  0.51  0.38  0.07  0.04  0.04  0.04  0.04  0.05  0.05  0.05
 2  20  0.03  0.10  0.16  0.32  0.64  0.95  1.55  2.98  4.40  5.43  7.30  8.96  9.38  9.09  7.74  6.79  4.18  1.58  0.54  0.40  0.09  0.05  0.05  0.05  0.05  0.05  0.05  0.05
 2  25  0.03  0.10  0.16  0.32  0.65  0.96  1.58  3.06  4.50  5.58  7.34  8.71  8.95  8.62  7.48  6.67  4.46  1.79  0.69  0.51  0.21  0.07  0.06  0.05  0.05  0.05  0.05  0.05
 2  30  0.03  0.10  0.17  0.34  0.68  1.01  1.65  3.12  4.62  5.70  7.37  8.47  8.52  8.11  7.18  6.54  4.73  2.04  0.86  0.65  0.29  0.18  0.09  0.08  0.06  0.06  0.05  0.05
 2  35  0.04  0.11  0.18  0.36  0.71  1.06  1.72  3.23  4.79  5.92  7.41  8.22  8.13  7.66  6.94  6.47  5.02  2.60  1.27  0.98  0.51  0.33  0.23  0.11  0.08  0.06  0.05  0.05
 2  40  0.04  0.11  0.19  0.38  0.75  1.11  1.80  3.35  5.01  6.17  7.49  7.96  7.74  7.25  6.73  6.40  5.30  3.15  1.68  1.33  0.74  0.48  0.31  0.16  0.10  0.06  0.06  0.05
 2  45  0.04  0.12  0.20  0.39  0.78  1.15  1.87  3.53  5.22  6.38  7.45  7.74  7.49  6.99  6.59  6.35  5.42  3.44  2.01  1.63  1.00  0.59  0.35  0.21  0.11  0.07  0.06  0.05
 2  50  0.04  0.12  0.20  0.41  0.80  1.19  1.95  3.72  5.41  6.54  7.42  7.51  7.24  6.78  6.47  6.30  5.54  3.72  2.32  1.92  1.25  0.70  0.40  0.23  0.12  0.07  0.06  0.06
 2  55  0.04  0.13  0.21  0.42  0.84  1.24  2.03  3.85  5.42  6.49  7.23  7.32  7.06  6.66  6.32  6.10  5.50  3.78  2.46  2.05  1.40  0.75  0.44  0.25  0.12  0.07  0.06  0.06
 2  60  0.05  0.13  0.22  0.45  0.88  1.31  2.14  4.06  5.65  6.69  7.26  7.23  6.94  6.51  6.21  6.01  5.52  3.91  2.64  2.23  1.56  0.80  0.48  0.27  0.13  0.07  0.06  0.06
 2  65  0.05  0.14  0.23  0.45  0.89  1.32  2.15  4.06  5.50  6.44  7.01  7.12  6.93  6.58  6.21  5.95  5.37  3.80  2.72  2.31  1.66  0.85  0.48  0.28  0.12  0.07  0.06  0.05
 2  70  0.05  0.14  0.23  0.45  0.89  1.32  2.15  4.03  5.32  6.18  6.75  7.01  6.92  6.64  6.20  5.89  5.22  3.68  2.78  2.39  1.76  0.90  0.47  0.28  0.13  0.07  0.06  0.05
 2  75  0.05  0.14  0.23  0.45  0.88  1.31  2.12  3.96  5.04  5.77  6.59  7.17  7.22  6.95  6.41  6.02  5.23  3.63  2.83  2.43  1.80  0.94  0.49  0.28  0.13  0.07  0.06  0.06
 2  80  0.04  0.13  0.22  0.44  0.87  1.29  2.09  3.87  4.77  5.37  6.43  7.32  7.50  7.24  6.60  6.14  5.24  3.58  2.87  2.47  1.84  0.98  0.51  0.28  0.15  0.07  0.06  0.06
 2  85  0.04  0.13  0.22  0.44  0.87  1.28  2.08  3.84  4.73  5.32  6.38  7.30  7.50  7.25  6.61  6.15  5.25  3.57  2.86  2.47  1.83  0.98  0.51  0.28  0.15  0.08  0.06  0.06
 2  90  0.04  0.13  0.22  0.44  0.86  1.28  2.06  3.81  4.72  5.34  6.44  7.40  7.62  7.36  6.73  6.28  5.34  3.61  2.89  2.50  1.86  1.02  0.53  0.29  0.16  0.08  0.06  0.05
 3 -90  0.04  0.13  0.22  0.43  0.85  1.26  2.01  3.63  4.62  5.23  5.28  5.03  4.69  4.21  3.68  3.35  3.34  2.70  2.15  1.83  1.26  0.59  0.35  0.21  0.11  0.04  0.03  0.02
 3 -85  0.04  0.13  0.22  0.44  0.86  1.27  2.03  3.67  4.73  5.40  5.48  5.19  4.82  4.30  3.76  3.43  3.40  2.71  2.10  1.77  1.22  0.56  0.33  0.20  0.10  0.04  0.03  0.02
 3 -80  0.04  0.13  0.22  0.44  0.86  1.27  2.03  3.65  4.78  5.49  5.59  5.23  4.83  4.29  3.76  3.43  3.42  2.72  2.09  1.76  1.21  0.55  0.33  0.20  0.10  0.04  0.03  0.02
 3 -75  0.04  0.13  0.21  0.42  0.82  1.21  1.94  3.49  4.82  5.69  6.12  5.82  5.34  4.68  4.07  3.69  3.52  2.74  2.06  1.72  1.16  0.53  0.31  0.19  0.10  0.04  0.03  0.02
 3 -70  0.04  0.12  0.20  0.40  0.78  1.15  1.84  3.32  4.82  5.85  6.63  6.41  5.85  5.09  4.39  3.95  3.61  2.76  2.04  1.68  1.10  0.51  0.30  0.18  0.09  0.04  0.03  0.02
 3 -65  0.04  0.12  0.19  0.38  0.75  1.11  1.78  3.23  4.77  5.87  6.91  6.93  6.44  5.65  5.00  4.58  3.82  2.75  1.92  1.57  1.03  0.48  0.29  0.17  0.09  0.05  0.03  0.03
 3 -60  0.04  0.11  0.19  0.37  0.73  1.07  1.73  3.14  4.70  5.86  7.16  7.45  7.05  6.23  5.61  5.21  4.03  2.73  1.79  1.47  0.95  0.45  0.27  0.16  0.08  0.05  0.03  0.03
 3 -55  0.04  0.11  0.19  0.37  0.73  1.07  1.72  3.13  4.69  5.82  7.23  7.79  7.53  6.84  6.17  5.74  4.26  2.62  1.58  1.28  0.78  0.36  0.22  0.13  0.07  0.04  0.03  0.03
 3 -50  0.04  0.11  0.18  0.36  0.71  1.05  1.69  3.04  4.54  5.63  7.20  8.12  8.05  7.34  6.65  6.22  4.48  2.47  1.27  1.02  0.61  0.27  0.16  0.08  0.06  0.04  0.04  0.03
 3 -45  0.04  0.11  0.18  0.35  0.69  1.03  1.66  3.07  4.54  5.61  7.25  8.34  8.41  7.83  6.81  6.14  4.33  2.33  1.16  0.92  0.54  0.23  0.11  0.07  0.05  0.04  0.04  0.03
 3 -40  0.03  0.10  0.17  0.35  0.68  1.01  1.64  3.07  4.52  5.58  7.28  8.57  8.78  8.32  6.98  6.07  4.19  2.19  1.05  0.83  0.46  0.19  0.09  0.06  0.05  0.04  0.04  0.03
 3 -35  0.03  0.10  0.17  0.34  0.67  0.99  1.61  3.06  4.52  5.59  7.34  8.76  9.08  8.72  7.51  6.66  4.23  1.96  0.85  0.66  0.34  0.13  0.07  0.05  0.04  0.04  0.04  0.03
 3 -30  0.03  0.10  0.17  0.33  0.66  0.98  1.60  3.05  4.51  5.58  7.38  8.94  9.37  9.13  8.03  7.24  4.27  1.74  0.65  0.49  0.21  0.09  0.05  0.04  0.04  0.04  0.04  0.03
 3 -25  0.03  0.10  0.16  0.32  0.64  0.95  1.57  3.01  4.43  5.46  7.30  9.06  9.65  9.53  8.22  7.28  4.16  1.49  0.51  0.38  0.15  0.06  0.04  0.04  0.04  0.04  0.04  0.03
 3 -20  0.03  0.09  0.15  0.31  0.62  0.92  1.52  2.98  4.33  5.32  7.23  9.20  9.91  9.88  8.38  7.32  4.05  1.25  0.37  0.27  0.10  0.04  0.03  0.03  0.04  0.04  0.04  0.03
 3 -15  0.03  0.09  0.15  0.30  0.60  0.90  1.49  2.93  4.21  5.18  7.08  9.23 10.12 10.20  8.44  7.19  3.99  1.22  0.36  0.27  0.11  0.04  0.03  0.03  0.03  0.04  0.04  0.03
 3 -10  0.03  0.09  0.15  0.30  0.59  0.88  1.46  2.88  4.11  5.00  6.90  9.32 10.38 10.50  8.50  7.08  3.94  1.21  0.36  0.28  0.12  0.03  0.03  0.03  0.03  0.03  0.03  0.03
 3  -5  0.03  0.09  0.15  0.29  0.58  0.87  1.45  2.87  4.05  4.93  6.77  9.31 10.42 10.52  8.44  6.98  3.90  1.20  0.36  0.28  0.07  0.03  0.03  0.03  0.03  0.03  0.03  0.03
 3   0  0.03  0.09  0.16  0.31  0.61  0.91  1.48  2.80  3.98  4.83  6.66  9.19 10.33 10.46  8.35  6.87  3.87  1.21  0.37  0.28  0.13  0.03  0.03  0.03  0.03  0.03  0.03  0.03
 3   5  0.03  0.09  0.15  0.31  0.61  0.90  1.48  2.84  4.04  4.95  6.77  9.19 10.23 10.26  8.32  6.97  3.93  1.30  0.42  0.32  0.06  0.04  0.03  0.03  0.03  0.04  0.04  0.04
 3  10  0.03  0.09  0.15  0.30  0.60  0.90  1.48  2.88  4.16  5.10  6.94  9.21 10.13 10.11  8.30  7.07  4.02  1.38  0.46  0.35  0.07  0.04  0.03  0.03  0.04  0.04  0.05  0.05
 3  15  0.03  0.09  0.15  0.31  0.61  0.91  1.50  2.95  4.23  5.20  7.02  9.12  9.90  9.81  8.05  6.85  4.08  1.44  0.47  0.36  0.07  0.04  0.04  0.04  0.04  0.05  0.05  0.05
 3  20  0.03  0.10  0.16  0.32  0.63  0.94  1.55  2.98  4.33  5.31  7.12  8.99  9.61  9.47  7.78  6.62  4.14  1.49  0.49  0.37  0.15  0.05  0.05  0.05  0.05  0.05  0.05  0.05
 3  25  0.03  0.10  0.16  0.32  0.64  0.96  1.57  3.03  4.42  5.46  7.26  8.86  9.30  9.07  7.63  6.63  4.38  1.80  0.67  0.52  0.25  0.08  0.06  0.06  0.06  0.06  0.05  0.05
 3  30  0.03  0.10  0.17  0.33  0.66  0.99  1.61  3.07  4.52  5.58  7.37  8.73  8.97  8.65  7.44  6.62  4.62  2.16  0.89  0.69  0.36  0.20  0.11  0.08  0.07  0.06  0.06  0.05
 3  35  0.03  0.10  0.17  0.35  0.68  1.01  1.65  3.10  4.63  5.76  7.51  8.62  8.67  8.23  7.22  6.56  4.75  2.62  1.29  1.04  0.61  0.36  0.25  0.12  0.09  0.06  0.06  0.05
 3  40  0.04  0.11  0.18  0.36  0.71  1.05  1.70  3.14  4.79  5.98  7.69  8.51  8.37  7.83  7.04  6.52  4.88  3.08  1.70  1.39  0.87  0.51  0.33  0.18  0.11  0.07  0.06  0.05
 3  45  0.04  0.11  0.18  0.36  0.72  1.06  1.73  3.24  4.95  6.18  7.74  8.34  8.10  7.50  6.79  6.34  5.11  3.36  2.00  1.65  1.08  0.64  0.39  0.22  0.12  0.07  0.06  0.06
 3  50  0.04  0.11  0.18  0.36  0.72  1.07  1.76  3.34  5.09  6.35  7.80  8.18  7.84  7.21  6.56  6.16  5.35  3.64  2.28  1.91  1.28  0.76  0.45  0.26  0.13  0.07  0.06  0.06
 3  55  0.04  0.11  0.19  0.38  0.75  1.11  1.81  3.42  5.14  6.38  7.68  7.96  7.59  6.98  6.41  6.05  5.36  3.77  2.46  2.07  1.43  0.84  0.51  0.28  0.14  0.07  0.06  0.06
 3  60  0.04  0.12  0.20  0.40  0.79  1.17  1.90  3.59  5.42  6.67  7.77  7.85  7.40  6.73  6.29  6.04  5.45  3.96  2.69  2.27  1.57  0.91  0.55  0.31  0.14  0.08  0.06  0.06
 3  65  0.04  0.12  0.21  0.41  0.81  1.21  1.97  3.70  5.43  6.60  7.54  7.60  7.18  6.57  6.13  5.87  5.33  3.99  2.80  2.39  1.72  0.97  0.59  0.33  0.14  0.08  0.06  0.06
 3  70  0.04  0.13  0.21  0.43  0.84  1.25  2.03  3.81  5.42  6.51  7.31  7.35  6.97  6.41  5.97  5.71  5.23  4.03  2.91  2.51  1.87  1.03  0.63  0.37  0.14  0.08  0.06  0.06
 3  75  0.04  0.13  0.22  0.43  0.85  1.25  2.04  3.81  5.29  6.28  7.06  7.25  7.00  6.55  5.95  5.57  5.15  4.07  2.97  2.57  1.92  1.07  0.62  0.36  0.15  0.08  0.06  0.06
 3  80  0.04  0.13  0.22  0.43  0.85  1.26  2.04  3.80  5.13  6.04  6.79  7.14  7.03  6.68  5.93  5.43  5.07  4.10  3.03  2.63  1.97  1.11  0.62  0.35  0.15  0.08  0.06  0.06
 3  85  0.04  0.13  0.22  0.43  0.85  1.25  2.03  3.78  5.10  6.00  6.74  7.11  7.01  6.69  5.95  5.46  5.09  4.12  3.05  2.64  1.98  1.11  0.62  0.35  0.14  0.08  0.07  0.06
 3  90  0.04  0.13  0.21  0.43  0.84  1.24  2.01  3.73  5.00  5.88  6.60  7.03  7.02  6.78  6.08  5.60  5.23  4.23  3.14  2.72  2.04  1.16  0.64  0.36  0.15  0.08  0.07  0.06
 4 -90  0.06  0.17  0.28  0.54  1.06  1.54  2.41  4.07  4.68  5.07  5.22  4.98  4.62  4.10  3.51  3.18  2.91  2.87  2.18  1.82  1.20  0.53  0.32  0.18  0.09  0.04  0.03  0.03
 4 -85  0.06  0.17  0.28  0.56  1.08  1.58  2.48  4.19  4.85  5.27  5.42  5.17  4.77  4.20  3.59  3.23  2.96  2.88  2.16  1.79  1.18  0.52  0.31  0.18  0.09  0.04  0.03  0.03
 4 -80  0.06  0.17  0.29  0.56  1.10  1.60  2.51  4.25  4.92  5.34  5.48  5.19  4.77  4.19  3.58  3.23  2.96  2.89  2.16  1.78  1.17  0.52  0.31  0.18  0.09  0.04  0.03  0.03
 4 -75  0.06  0.17  0.28  0.55  1.07  1.57  2.48  4.27  5.28  5.95  6.08  5.69  5.21  4.57  3.97  3.63  3.32  2.88  2.12  1.75  1.16  0.50  0.30  0.18  0.09  0.04  0.03  0.03
 4 -70  0.05  0.16  0.27  0.53  1.04  1.53  2.42  4.24  5.62  6.55  6.68  6.18  5.64  4.97  4.39  4.04  3.68  2.88  2.09  1.73  1.16  0.48  0.29  0.17  0.08  0.04  0.03  0.03
 4 -65  0.05  0.16  0.26  0.51  1.00  1.47  2.34  4.15  5.71  6.76  7.09  6.67  6.15  5.47  4.94  4.59  3.96  2.87  1.98  1.63  1.08  0.45  0.26  0.16  0.08  0.04  0.03  0.03
 4 -60  0.05  0.15  0.25  0.49  0.96  1.41  2.26  4.04  5.76  6.95  7.47  7.14  6.65  5.95  5.47  5.14  4.24  2.85  1.86  1.52  0.99  0.41  0.23  0.14  0.08  0.04  0.03  0.03
 4 -55  0.05  0.14  0.24  0.47  0.92  1.35  2.17  3.90  5.69  6.91  7.63  7.51  7.07  6.45  6.06  5.79  4.50  2.72  1.65  1.33  0.79  0.35  0.18  0.11  0.07  0.04  0.03  0.03
 4 -50  0.05  0.13  0.22  0.44  0.87  1.28  2.05  3.68  5.46  6.70  7.70  7.88  7.52  6.82  6.56  6.39  4.74  2.56  1.37  1.07  0.60  0.27  0.13  0.09  0.06  0.04  0.03  0.03
 4 -45  0.04  0.13  0.21  0.42  0.82  1.21  1.94  3.54  5.29  6.51  7.73  8.13  7.88  7.23  6.63  6.24  4.58  2.39  1.27  1.00  0.55  0.24  0.12  0.07  0.05  0.04  0.03  0.03
 4 -40  0.04  0.12  0.20  0.40  0.78  1.15  1.85  3.38  5.10  6.31  7.75  8.41  8.26  7.66  6.72  6.10  4.40  2.22  1.18  0.93  0.51  0.21  0.09  0.06  0.04  0.04  0.03  0.03
 4 -35  0.04  0.11  0.19  0.37  0.74  1.09  1.77  3.28  4.94  6.13  7.72  8.66  8.67  8.17  6.97  6.15  4.23  1.98  0.99  0.78  0.41  0.17  0.08  0.05  0.04  0.04  0.03  0.03
 4 -30  0.04  0.11  0.18  0.36  0.70  1.04  1.70  3.17  4.76  5.92  7.66  8.89  9.08  8.71  7.25  6.21  4.06  1.74  0.80  0.62  0.32  0.09  0.06  0.04  0.04  0.04  0.04  0.03
 4 -25  0.03  0.10  0.17  0.34  0.68  1.01  1.64  3.10  4.60  5.69  7.46  8.96  9.38  9.20  7.68  6.57  4.07  1.53  0.60  0.46  0.22  0.06  0.04  0.04  0.04  0.04  0.04  0.03
 4 -20  0.03  0.10  0.17  0.33  0.65  0.97  1.59  3.04  4.42  5.42  7.25  9.05  9.67  9.64  8.06  6.92  4.08  1.34  0.41  0.30  0.12  0.04  0.03  0.03  0.03  0.04  0.04  0.03
 4 -15  0.03  0.10  0.16  0.32  0.64  0.95  1.56  3.00  4.29  5.24  7.02  8.97  9.82  9.95  8.29  7.10  4.06  1.26  0.38  0.29  0.12  0.04  0.03  0.03  0.03  0.03  0.03  0.03
 4 -10  0.03  0.10  0.16  0.32  0.63  0.94  1.54  2.94  4.16  5.03  6.77  8.96  9.99 10.25  8.51  7.27  4.04  1.18  0.34  0.27  0.12  0.03  0.03  0.03  0.03  0.03  0.03  0.03
 4  -5  0.03  0.09  0.16  0.31  0.62  0.93  1.52  2.93  4.11  4.95  6.62  8.94 10.05 10.31  8.54  7.29  4.06  1.19  0.34  0.27  0.12  0.03  0.03  0.03  0.03  0.03  0.03  0.03
 4   0  0.03  0.10  0.16  0.32  0.63  0.94  1.53  2.89  4.03  4.85  6.49  8.82  9.99 10.30  8.53  7.30  4.08  1.22  0.34  0.27  0.12  0.03  0.03  0.03  0.03  0.03  0.03  0.03
 4   5  0.03  0.10  0.16  0.32  0.63  0.93  1.53  2.91  4.09  4.97  6.65  8.93  9.96 10.10  8.44  7.27  4.15  1.32  0.51  0.38  0.14  0.03  0.03  0.03  0.03  0.04  0.04  0.03
 4  10  0.03  0.09  0.16  0.31  0.62  0.92  1.52  2.93  4.20  5.13  6.88  9.05  9.94  9.98  8.36  7.24  4.23  1.41  0.66  0.48  0.16  0.04  0.03  0.03  0.03  0.04  0.04  0.04
 4  15  0.03  0.09  0.16  0.31  0.62  0.92  1.53  2.97  4.25  5.22  7.01  9.05  9.81  9.75  8.17  7.07  4.23  1.47  0.69  0.50  0.17  0.04  0.04  0.04  0.04  0.05  0.05  0.05
 4  20  0.03  0.10  0.16  0.32  0.64  0.95  1.56  2.99  4.32  5.31  7.15  9.02  9.62  9.48  7.95  6.89  4.22  1.54  0.73  0.53  0.17  0.06  0.05  0.05  0.05  0.05  0.05  0.05
 4  25  0.03  0.10  0.16  0.32  0.64  0.95  1.56  2.98  4.34  5.36  7.21  8.96  9.45  9.24  7.83  6.88  4.40  1.78  0.83  0.63  0.27  0.09  0.07  0.06  0.06  0.06  0.06  0.05
 4  30  0.03  0.10  0.16  0.32  0.64  0.95  1.56  2.98  4.36  5.39  7.25  8.89  9.25  8.95  7.69  6.85  4.57  2.05  0.96  0.74  0.37  0.18  0.11  0.08  0.07  0.06  0.06  0.05
 4  35  0.03  0.10  0.16  0.33  0.64  0.96  1.56  2.93  4.34  5.39  7.26  8.81  9.04  8.64  7.49  6.73  4.60  2.40  1.28  1.03  0.62  0.37  0.19  0.11  0.08  0.06  0.06  0.05
 4  40  0.03  0.10  0.17  0.33  0.65  0.96  1.56  2.90  4.36  5.43  7.33  8.71  8.83  8.35  7.31  6.62  4.62  2.75  1.60  1.33  0.86  0.53  0.33  0.15  0.10  0.07  0.06  0.05
 4  45  0.03  0.10  0.16  0.33  0.65  0.96  1.55  2.91  4.40  5.50  7.34  8.58  8.60  8.02  7.03  6.38  4.69  3.00  1.86  1.54  1.02  0.64  0.39  0.19  0.12  0.07  0.06  0.06
 4  50  0.03  0.10  0.16  0.32  0.64  0.95  1.54  2.93  4.45  5.55  7.38  8.45  8.38  7.73  6.75  6.13  4.77  3.26  2.09  1.75  1.18  0.73  0.46  0.26  0.13  0.07  0.06  0.06
 4  55  0.03  0.10  0.16  0.32  0.64  0.95  1.55  2.94  4.44  5.56  7.32  8.26  8.10  7.43  6.46  5.84  4.90  3.46  2.26  1.90  1.32  0.79  0.51  0.29  0.14  0.08  0.06  0.06
 4  60  0.03  0.10  0.17  0.33  0.66  0.98  1.60  3.02  4.67  5.84  7.49  8.16  7.87  7.10  6.21  5.65  5.10  3.71  2.49  2.09  1.45  0.84  0.56  0.32  0.15  0.08  0.06  0.06
 4  65  0.03  0.10  0.17  0.34  0.67  0.99  1.62  3.07  4.70  5.84  7.29  7.79  7.47  6.72  6.02  5.59  5.07  3.77  2.64  2.23  1.55  0.94  0.64  0.37  0.16  0.08  0.06  0.06
 4  70  0.03  0.10  0.17  0.34  0.68  1.01  1.64  3.11  4.72  5.83  7.08  7.43  7.06  6.34  5.83  5.53  5.05  3.82  2.80  2.36  1.65  1.04  0.72  0.42  0.19  0.08  0.06  0.06
 4  75  0.04  0.11  0.18  0.35  0.69  1.03  1.68  3.19  4.71  5.73  6.72  6.96  6.62  6.00  5.66  5.49  5.06  3.93  2.91  2.48  1.76  1.10  0.73  0.42  0.18  0.08  0.06  0.06
 4  80  0.04  0.11  0.18  0.36  0.71  1.06  1.73  3.28  4.71  5.63  6.36  6.49  6.19  5.65  5.48  5.43  5.07  4.03  3.01  2.59  1.88  1.15  0.73  0.42  0.17  0.09  0.06  0.06
 4  85  0.04  0.11  0.18  0.36  0.72  1.07  1.74  3.29  4.71  5.60  6.30  6.45  6.17  5.66  5.49  5.44  5.09  4.05  3.03  2.60  1.89  1.16  0.74  0.42  0.17  0.09  0.06  0.06
 4  90  0.04  0.11  0.18  0.36  0.72  1.07  1.74  3.28  4.71  5.60  6.28  6.43  6.20  5.72  5.58  5.55  5.23  4.16  3.11  2.68  1.93  1.18  0.75  0.43  0.18  0.09  0.06  0.06
 5 -90  0.06  0.18  0.29  0.57  1.10  1.59  2.44  3.84  4.65  5.23  5.23  4.93  4.35  3.72  3.53  3.48  3.37  2.80  2.11  1.74  1.12  0.49  0.27  0.15  0.06  0.04  0.03  0.03
 5 -85  0.06  0.18  0.30  0.58  1.13  1.62  2.50  3.94  4.83  5.45  5.44  5.06  4.46  3.79  3.59  3.52  3.40  2.81  2.10  1.73  1.13  0.48  0.27  0.16  0.06  0.04  0.03  0.03
 5 -80  0.06  0.18  0.30  0.59  1.13  1.64  2.52  3.97  4.89  5.52  5.50  5.08  4.47  3.78  3.58  3.51  3.40  2.82  2.10  1.73  1.13  0.49  0.27  0.16  0.06  0.04  0.03  0.03
 5 -75  0.06  0.18  0.30  0.58  1.13  1.63  2.52  4.06  5.13  5.88  6.03  5.69  5.16  4.48  4.05  3.83  3.52  2.72  1.96  1.62  1.06  0.46  0.26  0.15  0.06  0.04  0.03  0.03
 5 -70  0.06  0.18  0.29  0.58  1.12  1.63  2.54  4.19  5.42  6.25  6.55  6.29  5.83  5.17  4.53  4.16  3.66  2.63  1.83  1.51  0.99  0.44  0.24  0.14  0.07  0.04  0.03  0.03
 5 -65  0.06  0.18  0.30  0.59  1.15  1.68  2.65  4.53  5.89  6.81  6.93  6.56  6.12  5.50  5.04  4.77  4.18  2.78  1.84  1.49  0.94  0.44  0.24  0.14  0.07  0.04  0.03  0.03
 5 -60  0.06  0.18  0.30  0.60  1.17  1.71  2.73  4.79  6.30  7.31  7.27  6.82  6.40  5.82  5.55  5.37  4.67  2.91  1.83  1.46  0.88  0.44  0.23  0.13  0.07  0.04  0.03  0.03
 5 -55  0.06  0.17  0.29  0.57  1.12  1.65  2.63  4.67  6.39  7.50  7.60  7.16  6.72  6.21  5.95  5.75  4.78  2.73  1.70  1.35  0.76  0.43  0.21  0.13  0.06  0.04  0.03  0.03
 5 -50  0.06  0.17  0.28  0.55  1.07  1.57  2.50  4.45  6.30  7.51  7.84  7.52  7.09  6.48  6.27  6.09  4.88  2.52  1.50  1.18  0.64  0.42  0.19  0.09  0.06  0.04  0.03  0.03
 5 -45  0.05  0.15  0.25  0.50  0.98  1.44  2.30  4.12  5.98  7.23  7.89  7.80  7.40  6.79  6.39  6.11  4.78  2.42  1.40  1.09  0.59  0.37  0.17  0.07  0.05  0.04  0.03  0.03
 5 -40  0.05  0.14  0.23  0.45  0.89  1.31  2.10  3.79  5.66  6.95  7.96  8.12  7.76  7.12  6.54  6.12  4.66  2.31  1.30  1.01  0.53  0.33  0.15  0.06  0.05  0.04  0.03  0.03
 5 -35  0.04  0.13  0.21  0.41  0.82  1.21  1.94  3.56  5.34  6.61  7.87  8.35  8.13  7.59  6.94  6.48  4.58  2.07  1.04  0.80  0.39  0.24  0.09  0.06  0.04  0.04  0.03  0.03
 5 -30  0.04  0.12  0.19  0.38  0.76  1.12  1.81  3.34  5.02  6.23  7.76  8.57  8.54  8.08  7.37  6.85  4.48  1.82  0.79  0.59  0.26  0.10  0.06  0.05  0.04  0.04  0.04  0.03
 5 -25  0.04  0.11  0.18  0.37  0.72  1.07  1.73  3.22  4.78  5.91  7.52  8.66  8.86  8.60  7.61  6.87  4.36  1.66  0.63  0.47  0.19  0.06  0.04  0.04  0.04  0.04  0.04  0.03
 5 -20  0.04  0.11  0.18  0.35  0.69  1.03  1.67  3.10  4.52  5.55  7.26  8.75  9.19  9.07  7.83  6.90  4.24  1.51  0.48  0.36  0.14  0.04  0.03  0.03  0.03  0.03  0.04  0.03
 5 -15  0.03  0.10  0.17  0.34  0.68  1.00  1.63  3.07  4.42  5.39  7.06  8.71  9.37  9.43  8.11  7.14  4.23  1.39  0.41  0.31  0.12  0.04  0.03  0.03  0.03  0.03  0.03  0.03
 5 -10  0.03  0.10  0.17  0.34  0.67  0.99  1.61  3.02  4.31  5.21  6.85  8.72  9.57  9.78  8.39  7.39  4.23  1.27  0.33  0.25  0.11  0.03  0.03  0.03  0.03  0.03  0.03  0.03
 5  -5  0.03  0.10  0.17  0.34  0.66  0.98  1.60  3.01  4.28  5.17  6.77  8.76  9.68  9.90  8.31  7.19  4.03  1.10  0.29  0.23  0.10  0.03  0.03  0.03  0.03  0.03  0.03  0.03
 5   0  0.03  0.10  0.17  0.33  0.66  0.97  1.59  3.00  4.23  5.12  6.70  8.73  9.71  9.94  8.20  6.98  3.83  0.96  0.25  0.20  0.10  0.03  0.03  0.03  0.03  0.03  0.03  0.03
 5   5  0.03  0.10  0.17  0.33  0.65  0.97  1.58  3.00  4.24  5.17  6.83  8.86  9.73  9.87  8.30  7.19  4.12  1.21  0.43  0.34  0.16  0.03  0.03  0.03  0.03  0.03  0.03  0.03
 5  10  0.03  0.10  0.16  0.32  0.64  0.95  1.56  3.00  4.32  5.27  7.01  9.01  9.80  9.87  8.42  7.40  4.40  1.47  0.59  0.46  0.22  0.04  0.03  0.03  0.03  0.04  0.04  0.03
 5  15  0.03  0.10  0.16  0.32  0.63  0.94  1.55  3.00  4.31  5.28  7.06  9.03  9.75  9.70  8.30  7.32  4.31  1.55  0.63  0.49  0.24  0.05  0.04  0.04  0.04  0.05  0.05  0.04
 5  20  0.03  0.10  0.16  0.32  0.64  0.96  1.56  2.99  4.32  5.29  7.14  9.03  9.64  9.51  8.17  7.24  4.23  1.65  0.67  0.52  0.26  0.07  0.05  0.05  0.05  0.05  0.05  0.05
 5  25  0.03  0.10  0.16  0.32  0.64  0.94  1.55  2.95  4.28  5.26  7.09  8.94  9.51  9.33  8.02  7.13  4.45  1.84  0.79  0.62  0.33  0.11  0.07  0.06  0.06  0.06  0.06  0.05
 5  30  0.03  0.10  0.16  0.32  0.63  0.93  1.53  2.92  4.24  5.22  7.05  8.84  9.35  9.13  7.86  7.01  4.67  2.05  0.92  0.73  0.41  0.17  0.10  0.07  0.07  0.06  0.06  0.05
 5  35  0.03  0.10  0.16  0.32  0.62  0.93  1.51  2.86  4.16  5.13  6.95  8.69  9.14  8.87  7.65  6.84  4.67  2.31  1.16  0.95  0.59  0.33  0.14  0.09  0.07  0.06  0.06  0.05
 5  40  0.03  0.10  0.16  0.32  0.62  0.93  1.50  2.80  4.13  5.10  6.91  8.56  8.93  8.60  7.44  6.68  4.68  2.57  1.41  1.17  0.78  0.47  0.22  0.12  0.09  0.07  0.06  0.05
 5  45  0.03  0.09  0.15  0.31  0.61  0.90  1.47  2.77  4.07  5.03  6.79  8.39  8.73  8.31  7.16  6.42  4.64  2.76  1.65  1.37  0.93  0.58  0.35  0.16  0.10  0.07  0.06  0.06
 5  50  0.03  0.09  0.15  0.30  0.59  0.87  1.43  2.74  4.02  4.97  6.71  8.24  8.52  8.03  6.88  6.15  4.62  2.94  1.87  1.57  1.08  0.68  0.43  0.20  0.12  0.07  0.06  0.06
 5  55  0.03  0.09  0.15  0.29  0.57  0.85  1.40  2.68  3.91  4.85  6.59  8.05  8.23  7.68  6.56  5.86  4.62  3.09  1.99  1.67  1.16  0.72  0.48  0.28  0.13  0.08  0.06  0.06
 5  60  0.03  0.09  0.15  0.29  0.58  0.86  1.41  2.70  4.04  5.01  6.70  7.94  7.98  7.29  6.28  5.65  4.68  3.28  2.17  1.80  1.23  0.76  0.53  0.31  0.15  0.08  0.06  0.06
 5  65  0.03  0.09  0.14  0.29  0.57  0.84  1.38  2.64  3.95  4.89  6.49  7.54  7.47  6.74  5.76  5.16  4.39  3.30  2.30  1.92  1.34  0.83  0.59  0.36  0.16  0.08  0.06  0.06
 5  70  0.03  0.08  0.14  0.28  0.56  0.83  1.36  2.59  3.86  4.77  6.27  7.14  6.95  6.19  5.24  4.66  4.10  3.32  2.42  2.05  1.45  0.90  0.65  0.42  0.24  0.09  0.07  0.06
 5  75  0.03  0.08  0.14  0.28  0.56  0.83  1.35  2.59  3.90  4.84  6.25  6.84  6.50  5.70  5.00  4.59  4.21  3.41  2.47  2.09  1.48  0.92  0.65  0.42  0.23  0.09  0.07  0.06
 5  80  0.03  0.08  0.14  0.28  0.55  0.82  1.34  2.56  3.93  4.91  6.24  6.56  6.06  5.21  4.75  4.52  4.32  3.50  2.52  2.14  1.51  0.94  0.65  0.42  0.23  0.09  0.07  0.06
 5  85  0.03  0.08  0.14  0.28  0.55  0.82  1.33  2.53  3.90  4.88  6.21  6.52  6.02  5.18  4.72  4.50  4.32  3.52  2.53  2.15  1.52  0.94  0.66  0.42  0.23  0.09  0.07  0.06
 5  90  0.03  0.08  0.14  0.27  0.54  0.80  1.30  2.47  3.80  4.80  6.17  6.49  5.97  5.12  4.64  4.42  4.30  3.56  2.56  2.15  1.49  0.93  0.68  0.43  0.23  0.09  0.07  0.06
 6 -90  0.06  0.18  0.29  0.57  1.09  1.56  2.36  3.54  4.61  5.39  5.33  5.27  5.00  4.48  4.13  3.97  3.39  2.82  2.07  1.73  1.17  0.45  0.20  0.10  0.06  0.04  0.03  0.03
 6 -85  0.06  0.18  0.29  0.58  1.11  1.59  2.41  3.64  4.79  5.61  5.61  5.41  5.07  4.55  4.19  4.01  3.43  2.83  2.07  1.73  1.16  0.44  0.20  0.10  0.06  0.04  0.03  0.03
 6 -80  0.06  0.18  0.30  0.58  1.11  1.60  2.42  3.66  4.83  5.66  5.69  5.47  5.10  4.55  4.19  4.00  3.43  2.84  2.07  1.72  1.16  0.44  0.20  0.10  0.06  0.04  0.03  0.03
 6 -75  0.06  0.18  0.30  0.58  1.12  1.62  2.47  3.82  5.02  5.88  6.11  6.00  5.63  5.04  4.50  4.19  3.59  2.84  2.04  1.70  1.15  0.43  0.20  0.10  0.06  0.04  0.03  0.03
 6 -70  0.06  0.18  0.30  0.59  1.14  1.64  2.53  4.03  5.28  6.16  6.55  6.50  6.12  5.51  4.80  4.38  3.78  2.84  2.01  1.68  1.15  0.42  0.19  0.10  0.06  0.04  0.03  0.03
 6 -65  0.06  0.18  0.30  0.60  1.16  1.68  2.61  4.29  5.63  6.56  6.78  6.58  6.20  5.62  5.12  4.83  4.18  2.94  2.01  1.67  1.12  0.46  0.23  0.10  0.06  0.04  0.03  0.03
 6 -60  0.06  0.18  0.30  0.60  1.16  1.70  2.66  4.51  5.94  6.91  6.97  6.64  6.26  5.71  5.43  5.26  4.57  3.02  2.01  1.65  1.09  0.50  0.27  0.10  0.06  0.04  0.03  0.03
 6 -55  0.06  0.18  0.30  0.59  1.15  1.68  2.67  4.67  6.31  7.40  7.34  6.88  6.47  6.02  5.82  5.66  4.73  2.87  1.84  1.50  0.95  0.48  0.28  0.10  0.06  0.04  0.03  0.03
 6 -50  0.06  0.18  0.29  0.58  1.14  1.67  2.65  4.68  6.47  7.65  7.62  7.13  6.74  6.25  6.15  6.04  4.86  2.69  1.59  1.30  0.82  0.45  0.29  0.09  0.06  0.04  0.03  0.03
 6 -45  0.05  0.16  0.27  0.53  1.04  1.52  2.43  4.31  6.15  7.39  7.79  7.51  7.10  6.55  6.24  5.99  4.80  2.59  1.49  1.21  0.77  0.41  0.26  0.09  0.05  0.04  0.03  0.03
 6 -40  0.05  0.14  0.24  0.47  0.93  1.37  2.19  3.94  5.84  7.15  8.00  7.96  7.54  6.90  6.36  5.95  4.73  2.49  1.40  1.14  0.71  0.38  0.23  0.08  0.05  0.04  0.03  0.03
 6 -35  0.04  0.13  0.22  0.43  0.85  1.25  2.01  3.65  5.44  6.69  7.83  8.16  7.90  7.35  6.74  6.29  4.81  2.25  1.10  0.89  0.53  0.28  0.12  0.07  0.05  0.04  0.03  0.03
 6 -30  0.04  0.12  0.20  0.39  0.77  1.14  1.83  3.36  5.03  6.21  7.67  8.38  8.29  7.82  7.14  6.63  4.87  2.00  0.81  0.64  0.35  0.18  0.07  0.05  0.05  0.04  0.04  0.03
 6 -25  0.04  0.11  0.19  0.38  0.74  1.10  1.77  3.24  4.81  5.95  7.50  8.45  8.53  8.21  7.38  6.76  4.67  1.77  0.64  0.49  0.25  0.07  0.05  0.04  0.04  0.04  0.04  0.04
 6 -20  0.04  0.11  0.18  0.37  0.72  1.06  1.71  3.12  4.58  5.64  7.30  8.53  8.79  8.56  7.60  6.89  4.46  1.55  0.47  0.35  0.15  0.05  0.04  0.04  0.04  0.04  0.04  0.04
 6 -15  0.04  0.11  0.18  0.36  0.70  1.04  1.68  3.12  4.54  5.55  7.19  8.57  9.01  8.91  7.76  6.94  4.26  1.44  0.44  0.34  0.14  0.04  0.03  0.03  0.03  0.04  0.04  0.04
 6 -10  0.04  0.11  0.18  0.35  0.70  1.03  1.67  3.09  4.47  5.45  7.07  8.65  9.24  9.27  7.94  7.00  4.07  1.32  0.41  0.32  0.14  0.04  0.03  0.03  0.03  0.03  0.04  0.03
 6  -5  0.04  0.11  0.18  0.35  0.70  1.03  1.67  3.09  4.46  5.44  7.03  8.75  9.44  9.48  8.13  7.21  4.14  1.25  0.38  0.29  0.14  0.04  0.03  0.03  0.03  0.03  0.03  0.03
 6   0  0.03  0.10  0.17  0.34  0.67  1.00  1.63  3.11  4.45  5.44  7.03  8.81  9.58  9.62  8.30  7.44  4.22  1.21  0.35  0.28  0.14  0.04  0.03  0.03  0.03  0.03  0.03  0.03
 6   5  0.03  0.10  0.17  0.34  0.67  1.00  1.63  3.08  4.44  5.44  7.12  8.92  9.62  9.65  8.35  7.47  4.38  1.36  0.47  0.37  0.19  0.04  0.03  0.03  0.03  0.04  0.03  0.03
 6  10  0.03  0.10  0.17  0.33  0.66  0.98  1.60  3.08  4.47  5.49  7.24  9.06  9.71  9.74  8.42  7.49  4.54  1.52  0.58  0.46  0.23  0.04  0.03  0.03  0.04  0.04  0.04  0.03
 6  15  0.03  0.10  0.17  0.33  0.65  0.97  1.60  3.07  4.45  5.45  7.24  9.06  9.68  9.60  8.23  7.27  4.44  1.59  0.61  0.49  0.25  0.05  0.04  0.04  0.04  0.05  0.05  0.04
 6  20  0.03  0.10  0.17  0.33  0.66  0.98  1.61  3.04  4.41  5.40  7.26  9.05  9.60  9.45  8.03  7.05  4.36  1.67  0.65  0.52  0.27  0.07  0.05  0.05  0.05  0.05  0.05  0.04
 6  25  0.03  0.10  0.16  0.33  0.65  0.96  1.58  3.00  4.35  5.33  7.15  8.93  9.47  9.29  8.03  7.19  4.52  1.81  0.70  0.55  0.29  0.10  0.07  0.06  0.06  0.06  0.05  0.04
 6  30  0.03  0.10  0.16  0.32  0.63  0.94  1.55  2.97  4.28  5.26  7.06  8.81  9.32  9.12  8.03  7.31  4.66  1.95  0.75  0.59  0.32  0.14  0.08  0.07  0.06  0.06  0.05  0.05
 6  35  0.03  0.10  0.16  0.32  0.63  0.93  1.52  2.88  4.17  5.13  6.90  8.61  9.09  8.85  7.73  6.99  4.63  2.20  1.01  0.81  0.47  0.21  0.11  0.08  0.07  0.06  0.06  0.05
 6  40  0.03  0.09  0.16  0.31  0.62  0.92  1.49  2.81  4.10  5.04  6.79  8.42  8.84  8.59  7.44  6.68  4.59  2.46  1.28  1.03  0.62  0.35  0.17  0.10  0.08  0.07  0.06  0.05
 6  45  0.03  0.09  0.15  0.30  0.60  0.89  1.45  2.74  3.98  4.90  6.58  8.20  8.60  8.29  7.15  6.40  4.59  2.60  1.48  1.21  0.77  0.45  0.27  0.14  0.09  0.07  0.06  0.05
 6  50  0.03  0.09  0.14  0.29  0.57  0.85  1.40  2.69  3.88  4.76  6.40  7.98  8.34  7.98  6.85  6.13  4.59  2.75  1.67  1.39  0.93  0.56  0.36  0.16  0.10  0.07  0.06  0.05
 6  55  0.03  0.08  0.14  0.28  0.55  0.82  1.34  2.60  3.71  4.55  6.17  7.72  8.02  7.61  6.54  5.84  4.40  2.83  1.76  1.45  0.97  0.59  0.40  0.19  0.11  0.07  0.06  0.05
 6  60  0.03  0.08  0.14  0.27  0.54  0.81  1.34  2.58  3.77  4.62  6.16  7.52  7.72  7.18  6.24  5.63  4.27  2.96  1.89  1.55  1.02  0.62  0.44  0.26  0.13  0.08  0.06  0.05
 6  65  0.03  0.08  0.13  0.27  0.53  0.79  1.29  2.50  3.65  4.47  5.95  7.17  7.25  6.65  5.68  5.06  3.97  2.95  1.99  1.65  1.11  0.66  0.49  0.29  0.14  0.08  0.06  0.05
 6  70  0.03  0.08  0.13  0.26  0.51  0.76  1.25  2.41  3.53  4.32  5.74  6.83  6.80  6.12  5.13  4.48  3.67  2.94  2.09  1.75  1.20  0.70  0.55  0.33  0.16  0.09  0.07  0.05
 6  75  0.02  0.07  0.12  0.25  0.49  0.73  1.20  2.30  3.46  4.27  5.72  6.66  6.50  5.75  4.87  4.29  3.69  2.97  2.14  1.80  1.26  0.72  0.56  0.35  0.18  0.09  0.07  0.05
 6  80  0.02  0.07  0.12  0.24  0.47  0.70  1.15  2.20  3.38  4.20  5.69  6.50  6.20  5.38  4.60  4.10  3.72  3.01  2.18  1.85  1.31  0.75  0.58  0.37  0.20  0.09  0.07  0.05
 6  85  0.02  0.07  0.12  0.24  0.47  0.70  1.14  2.19  3.35  4.16  5.64  6.44  6.16  5.36  4.58  4.09  3.71  3.01  2.18  1.85  1.32  0.75  0.59  0.37  0.20  0.10  0.07  0.05
 6  90  0.02  0.07  0.12  0.23  0.46  0.69  1.13  2.15  3.27  4.06  5.52  6.35  6.12  5.36  4.54  4.03  3.64  2.97  2.15  1.83  1.30  0.75  0.60  0.38  0.21  0.10  0.07  0.06
 7 -90  0.05  0.16  0.26  0.51  0.96  1.38  2.05  2.91  4.07  4.88  5.24  5.45  5.32  4.83  4.35  4.03  3.65  2.79  2.05  1.69  1.09  0.43  0.18  0.08  0.05  0.03  0.03  0.03
 7 -85  0.05  0.16  0.26  0.52  0.99  1.41  2.11  3.01  4.23  5.08  5.49  5.61  5.42  4.87  4.42  4.10  3.71  2.84  2.08  1.70  1.09  0.43  0.19  0.08  0.05  0.03  0.03  0.03
 7 -80  0.05  0.16  0.27  0.52  1.00  1.42  2.13  3.06  4.28  5.14  5.54  5.66  5.46  4.88  4.42  4.11  3.72  2.85  2.08  1.70  1.10  0.43  0.19  0.08  0.05  0.03  0.03  0.03
 7 -75  0.05  0.15  0.25  0.50  0.95  1.36  2.04  2.96  4.24  5.13  5.73  6.14  6.03  5.44  4.71  4.21  3.63  2.86  2.09  1.72  1.13  0.44  0.20  0.09  0.05  0.04  0.03  0.03
 7 -70  0.05  0.14  0.24  0.47  0.90  1.29  1.95  2.91  4.26  5.21  6.03  6.66  6.57  5.97  4.98  4.31  3.55  2.89  2.11  1.74  1.16  0.45  0.21  0.09  0.05  0.04  0.03  0.03
 7 -65  0.05  0.15  0.25  0.49  0.94  1.36  2.10  3.35  4.79  5.83  6.53  6.81  6.51  5.85  5.25  4.87  4.15  3.04  2.10  1.74  1.19  0.48  0.23  0.10  0.06  0.04  0.03  0.03
 7 -60  0.05  0.15  0.25  0.50  0.98  1.42  2.23  3.77  5.27  6.36  6.91  6.85  6.40  5.72  5.49  5.39  4.70  3.15  2.07  1.73  1.21  0.51  0.27  0.10  0.06  0.04  0.03  0.03
 7 -55  0.05  0.15  0.25  0.49  0.96  1.41  2.25  3.99  5.66  6.81  7.31  7.10  6.62  6.05  5.93  5.86  4.88  3.02  1.93  1.60  1.05  0.48  0.28  0.10  0.06  0.04  0.03  0.03
 7 -50  0.05  0.15  0.25  0.49  0.96  1.41  2.27  4.08  5.85  7.05  7.60  7.36  6.89  6.29  6.32  6.32  5.04  2.85  1.72  1.40  0.89  0.45  0.29  0.09  0.05  0.04  0.03  0.03
 7 -45  0.05  0.14  0.24  0.47  0.92  1.36  2.17  3.91  5.69  6.91  7.73  7.71  7.27  6.66  6.42  6.25  5.02  2.82  1.65  1.33  0.83  0.41  0.26  0.08  0.05  0.04  0.03  0.03
 7 -40  0.04  0.13  0.22  0.44  0.87  1.28  2.06  3.74  5.56  6.80  7.93  8.13  7.74  7.09  6.57  6.18  5.00  2.81  1.58  1.26  0.75  0.37  0.24  0.09  0.05  0.04  0.04  0.03
 7 -35  0.04  0.13  0.21  0.41  0.81  1.20  1.93  3.54  5.27  6.50  7.81  8.29  8.03  7.46  6.75  6.23  4.93  2.57  1.30  1.02  0.57  0.28  0.18  0.09  0.06  0.04  0.04  0.03
 7 -30  0.04  0.12  0.19  0.39  0.76  1.12  1.82  3.34  4.98  6.16  7.67  8.45  8.34  7.85  6.94  6.27  4.86  2.31  1.02  0.79  0.40  0.19  0.09  0.07  0.05  0.04  0.04  0.04
 7 -25  0.04  0.12  0.19  0.38  0.75  1.10  1.77  3.24  4.82  5.97  7.59  8.53  8.52  8.11  7.18  6.51  4.70  1.99  0.79  0.60  0.29  0.08  0.06  0.05  0.05  0.04  0.04  0.04
 7 -20  0.04  0.11  0.19  0.37  0.74  1.08  1.74  3.13  4.64  5.75  7.46  8.60  8.71  8.35  7.39  6.72  4.53  1.70  0.56  0.42  0.18  0.06  0.04  0.04  0.04  0.04  0.04  0.04
 7 -15  0.04  0.11  0.18  0.36  0.71  1.05  1.70  3.13  4.60  5.66  7.37  8.67  8.98  8.72  7.66  6.93  4.24  1.50  0.51  0.39  0.17  0.05  0.04  0.04  0.04  0.04  0.04  0.04
 7 -10  0.04  0.11  0.18  0.36  0.71  1.04  1.68  3.10  4.54  5.57  7.27  8.80  9.27  9.15  7.96  7.16  3.96  1.29  0.46  0.35  0.17  0.04  0.03  0.03  0.03  0.04  0.04  0.04
 7  -5  0.04  0.11  0.18  0.36  0.70  1.04  1.68  3.10  4.53  5.55  7.21  8.89  9.52  9.42  8.01  7.10  4.02  1.25  0.45  0.35  0.17  0.04  0.03  0.03  0.03  0.04  0.04  0.03
 7   0  0.03  0.10  0.17  0.34  0.67  0.99  1.63  3.13  4.53  5.56  7.22  9.00  9.72  9.64  8.06  7.06  4.10  1.24  0.45  0.35  0.18  0.04  0.03  0.03  0.03  0.03  0.04  0.03
 7   5  0.03  0.10  0.17  0.34  0.68  1.00  1.64  3.10  4.51  5.55  7.31  9.09  9.74  9.70  8.25  7.30  4.34  1.43  0.57  0.44  0.21  0.04  0.03  0.03  0.03  0.03  0.03  0.03
 7  10  0.03  0.10  0.17  0.33  0.66  0.99  1.62  3.11  4.54  5.59  7.41  9.21  9.82  9.79  8.45  7.52  4.57  1.63  0.69  0.52  0.23  0.04  0.03  0.03  0.03  0.04  0.03  0.03
 7  15  0.03  0.10  0.17  0.34  0.67  0.99  1.62  3.11  4.54  5.57  7.41  9.17  9.72  9.61  8.30  7.38  4.55  1.69  0.71  0.53  0.24  0.05  0.04  0.04  0.04  0.05  0.04  0.03
 7  20  0.03  0.10  0.17  0.34  0.68  1.01  1.64  3.10  4.52  5.55  7.43  9.14  9.62  9.45  8.16  7.25  4.56  1.76  0.73  0.55  0.25  0.07  0.05  0.05  0.05  0.05  0.05  0.04
 7  25  0.03  0.10  0.17  0.34  0.67  0.99  1.62  3.08  4.49  5.51  7.32  9.00  9.46  9.27  8.00  7.12  4.53  1.90  0.78  0.59  0.26  0.09  0.06  0.06  0.06  0.06  0.05  0.04
 7  30  0.03  0.10  0.17  0.33  0.66  0.98  1.60  3.07  4.45  5.47  7.25  8.87  9.29  9.08  7.84  6.99  4.50  2.03  0.82  0.62  0.26  0.12  0.07  0.06  0.06  0.06  0.05  0.04
 7  35  0.03  0.10  0.16  0.33  0.65  0.96  1.58  2.99  4.33  5.33  7.08  8.64  9.03  8.80  7.61  6.82  4.49  2.17  0.99  0.76  0.38  0.15  0.09  0.07  0.07  0.06  0.05  0.04
 7  40  0.03  0.10  0.16  0.32  0.64  0.95  1.54  2.93  4.26  5.23  6.94  8.42  8.77  8.51  7.38  6.64  4.47  2.31  1.17  0.91  0.49  0.20  0.11  0.08  0.07  0.06  0.05  0.05
 7  45  0.03  0.09  0.16  0.31  0.62  0.92  1.50  2.84  4.12  5.05  6.71  8.19  8.51  8.21  7.10  6.37  4.47  2.44  1.32  1.06  0.62  0.31  0.17  0.10  0.08  0.07  0.06  0.05
 7  50  0.03  0.09  0.15  0.30  0.59  0.87  1.43  2.76  3.99  4.88  6.50  7.94  8.24  7.88  6.78  6.09  4.47  2.57  1.47  1.20  0.77  0.42  0.27  0.13  0.09  0.07  0.06  0.05
 7  55  0.03  0.08  0.14  0.28  0.56  0.83  1.37  2.66  3.80  4.66  6.26  7.68  7.92  7.51  6.40  5.68  4.26  2.61  1.55  1.28  0.85  0.48  0.32  0.17  0.11  0.07  0.06  0.05
 7  60  0.03  0.08  0.14  0.28  0.55  0.82  1.35  2.63  3.84  4.71  6.23  7.49  7.63  7.10  6.04  5.36  4.13  2.71  1.70  1.39  0.93  0.53  0.37  0.20  0.12  0.07  0.06  0.05
 7  65  0.03  0.08  0.13  0.27  0.53  0.79  1.30  2.52  3.70  4.52  5.97  7.09  7.12  6.52  5.45  4.75  3.76  2.71  1.79  1.49  1.02  0.57  0.41  0.25  0.12  0.08  0.06  0.05
 7  70  0.03  0.08  0.13  0.26  0.51  0.76  1.25  2.42  3.54  4.33  5.70  6.67  6.60  5.94  4.86  4.14  3.39  2.71  1.88  1.57  1.10  0.60  0.45  0.28  0.14  0.08  0.06  0.05
 7  75  0.02  0.07  0.12  0.24  0.48  0.72  1.19  2.30  3.45  4.24  5.62  6.43  6.23  5.52  4.58  3.95  3.36  2.76  1.94  1.62  1.13  0.60  0.48  0.29  0.15  0.08  0.06  0.05
 7  80  0.02  0.07  0.12  0.23  0.46  0.69  1.13  2.17  3.36  4.17  5.55  6.20  5.87  5.10  4.30  3.76  3.32  2.79  2.00  1.67  1.16  0.61  0.50  0.31  0.16  0.09  0.06  0.05
 7  85  0.02  0.07  0.12  0.23  0.46  0.68  1.12  2.15  3.33  4.13  5.50  6.14  5.82  5.07  4.28  3.76  3.32  2.79  2.00  1.67  1.16  0.61  0.50  0.31  0.18  0.09  0.07  0.05
 7  90  0.02  0.07  0.12  0.23  0.46  0.68  1.11  2.13  3.25  4.05  5.40  6.02  5.72  5.01  4.23  3.72  3.25  2.75  1.97  1.65  1.14  0.60  0.51  0.31  0.18  0.09  0.06  0.05
 8 -90  0.04  0.12  0.21  0.40  0.77  1.10  1.66  2.42  3.43  4.15  5.11  6.30  6.32  5.63  4.56  3.63  3.02  2.59  1.90  1.57  1.04  0.44  0.15  0.07  0.05  0.04  0.03  0.03
 8 -85  0.04  0.13  0.21  0.41  0.79  1.14  1.72  2.54  3.67  4.45  5.42  6.43  6.43  5.66  4.58  3.72  3.13  2.68  1.94  1.60  1.05  0.43  0.16  0.07  0.05  0.04  0.03  0.03
 8 -80  0.04  0.13  0.22  0.42  0.81  1.16  1.75  2.61  3.78  4.58  5.53  6.48  6.47  5.68  4.61  3.76  3.17  2.71  1.95  1.61  1.06  0.43  0.16  0.08  0.05  0.04  0.03  0.03
 8 -75  0.04  0.13  0.22  0.43  0.84  1.21  1.85  2.90  4.10  4.94  5.80  6.48  6.42  5.78  4.81  4.07  3.39  2.83  2.02  1.67  1.12  0.46  0.16  0.07  0.05  0.04  0.03  0.03
 8 -70  0.04  0.13  0.22  0.44  0.85  1.23  1.91  3.16  4.40  5.28  6.09  6.53  6.41  5.86  4.94  4.33  3.61  2.98  2.12  1.76  1.20  0.49  0.16  0.08  0.05  0.04  0.03  0.03
 8 -65  0.04  0.13  0.21  0.42  0.83  1.21  1.91  3.30  4.65  5.63  6.52  6.88  6.66  6.00  5.29  4.91  4.19  3.21  2.14  1.77  1.19  0.50  0.18  0.08  0.05  0.04  0.03  0.03
 8 -60  0.04  0.13  0.21  0.42  0.82  1.20  1.92  3.44  4.88  5.93  6.87  7.11  6.81  6.10  5.67  5.48  4.69  3.36  2.11  1.74  1.16  0.52  0.28  0.09  0.06  0.04  0.03  0.03
 8 -55  0.04  0.13  0.21  0.41  0.82  1.21  1.96  3.63  5.27  6.38  7.34  7.48  7.15  6.55  6.11  5.84  4.94  3.34  2.05  1.70  1.11  0.51  0.29  0.10  0.06  0.04  0.04  0.03
 8 -50  0.04  0.13  0.21  0.42  0.83  1.23  1.99  3.73  5.46  6.67  7.72  7.90  7.55  6.91  6.50  6.21  5.20  3.30  1.90  1.57  1.04  0.49  0.31  0.10  0.06  0.04  0.04  0.03
 8 -45  0.04  0.13  0.21  0.42  0.83  1.23  1.98  3.67  5.41  6.64  7.81  8.14  7.82  7.18  6.58  6.16  5.15  3.19  1.79  1.47  0.95  0.46  0.29  0.10  0.06  0.04  0.04  0.03
 8 -40  0.04  0.13  0.21  0.41  0.82  1.21  1.95  3.62  5.39  6.62  7.95  8.45  8.20  7.54  6.69  6.11  5.10  3.10  1.69  1.37  0.86  0.42  0.28  0.10  0.06  0.04  0.04  0.04
 8 -35  0.04  0.12  0.20  0.40  0.78  1.15  1.87  3.46  5.18  6.41  7.88  8.58  8.38  7.76  6.81  6.17  4.98  2.80  1.37  1.09  0.65  0.32  0.22  0.10  0.06  0.05  0.04  0.04
 8 -30  0.04  0.11  0.19  0.38  0.74  1.10  1.78  3.32  4.97  6.17  7.80  8.70  8.60  8.00  6.95  6.23  4.86  2.49  1.07  0.84  0.46  0.22  0.10  0.07  0.06  0.05  0.04  0.04
 8 -25  0.04  0.11  0.19  0.37  0.73  1.08  1.74  3.19  4.78  5.96  7.71  8.82  8.83  8.30  7.20  6.44  4.72  2.13  0.79  0.61  0.31  0.08  0.06  0.05  0.05  0.05  0.05  0.04
 8 -20  0.04  0.11  0.19  0.37  0.72  1.06  1.70  3.08  4.60  5.74  7.59  8.92  9.05  8.57  7.41  6.62  4.58  1.80  0.53  0.40  0.18  0.06  0.05  0.04  0.04  0.04  0.05  0.04
 8 -15  0.04  0.11  0.18  0.35  0.69  1.02  1.66  3.07  4.53  5.58  7.43  8.98  9.32  8.95  7.69  6.88  4.27  1.56  0.50  0.38  0.16  0.05  0.04  0.04  0.04  0.04  0.04  0.04
 8 -10  0.03  0.10  0.17  0.34  0.68  1.00  1.63  3.03  4.44  5.44  7.28  9.06  9.63  9.43  8.05  7.17  3.96  1.31  0.48  0.36  0.14  0.04  0.04  0.04  0.04  0.04  0.04  0.04
 8  -5  0.03  0.10  0.17  0.34  0.67  1.00  1.62  3.02  4.41  5.40  7.18  9.12  9.86  9.74  8.20  7.25  3.94  1.27  0.48  0.36  0.15  0.04  0.03  0.03  0.03  0.04  0.04  0.04
 8   0  0.03  0.10  0.16  0.32  0.64  0.95  1.57  3.05  4.40  5.40  7.18  9.22 10.09 10.00  8.36  7.35  3.95  1.24  0.48  0.36  0.15  0.04  0.03  0.03  0.03  0.04  0.04  0.03
 8   5  0.03  0.10  0.17  0.33  0.66  0.97  1.59  3.03  4.41  5.41  7.27  9.26 10.06 10.01  8.45  7.45  4.24  1.41  0.59  0.44  0.17  0.04  0.03  0.03  0.03  0.04  0.03  0.03
 8  10  0.03  0.10  0.16  0.33  0.65  0.97  1.59  3.04  4.46  5.48  7.38  9.36 10.07 10.04  8.56  7.54  4.52  1.58  0.69  0.51  0.20  0.04  0.03  0.03  0.04  0.04  0.04  0.03
 8  15  0.03  0.10  0.17  0.33  0.66  0.98  1.61  3.07  4.52  5.56  7.48  9.31  9.88  9.77  8.38  7.40  4.50  1.65  0.72  0.52  0.20  0.05  0.04  0.04  0.04  0.04  0.04  0.03
 8  20  0.03  0.10  0.17  0.34  0.68  1.01  1.64  3.09  4.56  5.62  7.57  9.28  9.71  9.53  8.21  7.26  4.50  1.72  0.75  0.55  0.21  0.06  0.05  0.05  0.05  0.05  0.05  0.04
 8  25  0.03  0.10  0.17  0.34  0.67  1.00  1.64  3.12  4.61  5.67  7.53  9.13  9.51  9.29  8.01  7.11  4.47  1.85  0.78  0.58  0.23  0.08  0.06  0.06  0.06  0.06  0.05  0.04
 8  30  0.03  0.10  0.17  0.34  0.67  1.00  1.64  3.15  4.63  5.72  7.54  9.00  9.30  9.05  7.82  6.96  4.45  1.97  0.82  0.60  0.24  0.10  0.07  0.06  0.06  0.06  0.05  0.04
 8  35  0.03  0.10  0.17  0.34  0.67  1.00  1.63  3.10  4.54  5.61  7.39  8.76  9.02  8.74  7.58  6.79  4.44  2.06  0.94  0.71  0.33  0.12  0.08  0.07  0.06  0.06  0.05  0.04
 8  40  0.03  0.10  0.17  0.33  0.66  0.98  1.61  3.07  4.51  5.55  7.26  8.54  8.74  8.43  7.34  6.60  4.41  2.16  1.06  0.81  0.41  0.15  0.10  0.08  0.07  0.06  0.05  0.04
 8  45  0.03  0.10  0.16  0.33  0.65  0.96  1.58  2.99  4.40  5.42  7.11  8.33  8.49  8.10  7.03  6.31  4.31  2.28  1.22  0.96  0.54  0.24  0.13  0.09  0.07  0.06  0.05  0.05
 8  50  0.03  0.10  0.16  0.32  0.63  0.94  1.53  2.93  4.29  5.30  6.95  8.11  8.21  7.74  6.69  6.00  4.22  2.40  1.38  1.11  0.68  0.32  0.20  0.11  0.08  0.06  0.06  0.05
 8  55  0.03  0.09  0.15  0.30  0.60  0.89  1.47  2.85  4.15  5.12  6.79  7.91  7.92  7.37  6.32  5.62  3.99  2.49  1.50  1.22  0.77  0.37  0.23  0.15  0.10  0.07  0.06  0.05
 8  60  0.03  0.09  0.15  0.30  0.59  0.88  1.46  2.84  4.22  5.23  6.82  7.76  7.64  6.94  5.97  5.34  3.84  2.65  1.69  1.36  0.85  0.41  0.27  0.17  0.11  0.07  0.06  0.05
 8  65  0.03  0.09  0.15  0.29  0.58  0.86  1.42  2.76  4.10  5.07  6.54  7.26  7.03  6.28  5.35  4.77  3.60  2.67  1.78  1.44  0.93  0.46  0.32  0.20  0.11  0.07  0.06  0.05
 8  70  0.03  0.08  0.14  0.28  0.56  0.84  1.38  2.67  3.97  4.88  6.21  6.73  6.39  5.60  4.75  4.20  3.35  2.69  1.87  1.53  1.01  0.51  0.36  0.22  0.11  0.07  0.06  0.05
 8  75  0.03  0.08  0.14  0.28  0.55  0.83  1.36  2.63  3.89  4.77  5.87  6.11  5.67  4.91  4.27  3.87  3.32  2.70  1.91  1.57  1.05  0.53  0.38  0.23  0.12  0.07  0.06  0.05
 8  80  0.03  0.08  0.14  0.27  0.55  0.81  1.34  2.59  3.83  4.67  5.55  5.50  4.95  4.22  3.79  3.53  3.29  2.71  1.95  1.62  1.09  0.55  0.39  0.24  0.13  0.08  0.06  0.05
 8  85  0.03  0.08  0.14  0.27  0.55  0.81  1.33  2.57  3.82  4.65  5.47  5.41  4.89  4.19  3.79  3.55  3.30  2.71  1.95  1.62  1.09  0.55  0.39  0.24  0.14  0.08  0.06  0.05
 8  90  0.03  0.08  0.14  0.27  0.54  0.81  1.33  2.56  3.79  4.61  5.37  5.26  4.75  4.10  3.73  3.50  3.25  2.67  1.93  1.61  1.09  0.56  0.39  0.23  0.14  0.08  0.06  0.05
 9 -90  0.04  0.12  0.20  0.38  0.75  1.09  1.70  2.86  4.13  4.99  5.55  5.95  5.80  5.36  4.62  3.92  2.46  1.76  1.32  1.13  0.78  0.40  0.09  0.05  0.04  0.04  0.03  0.03
 9 -85  0.04  0.12  0.20  0.39  0.75  1.10  1.72  2.88  4.21  5.15  5.76  6.08  5.91  5.42  4.62  4.01  2.64  1.94  1.39  1.16  0.80  0.41  0.10  0.06  0.04  0.04  0.03  0.03
 9 -80  0.04  0.12  0.20  0.39  0.75  1.10  1.72  2.88  4.24  5.23  5.90  6.21  6.00  5.44  4.62  4.03  2.71  2.01  1.43  1.19  0.82  0.42  0.12  0.06  0.05  0.04  0.03  0.03
 9 -75  0.04  0.12  0.19  0.38  0.74  1.08  1.70  2.93  4.29  5.30  6.29  6.66  6.40  5.75  4.85  4.29  3.01  2.25  1.59  1.33  0.92  0.45  0.14  0.07  0.05  0.04  0.03  0.03
 9 -70  0.04  0.11  0.18  0.36  0.71  1.05  1.67  2.96  4.27  5.28  6.55  7.00  6.76  6.07  5.06  4.47  3.24  2.46  1.75  1.47  1.02  0.50  0.16  0.08  0.05  0.04  0.03  0.03
 9 -65  0.04  0.11  0.18  0.36  0.71  1.05  1.69  3.07  4.44  5.49  6.84  7.34  7.17  6.55  5.68  5.16  3.91  2.88  1.96  1.64  1.12  0.54  0.25  0.08  0.05  0.04  0.03  0.03
 9 -60  0.04  0.11  0.18  0.37  0.72  1.07  1.72  3.18  4.64  5.74  7.15  7.69  7.53  6.93  6.30  5.89  4.55  3.20  2.10  1.74  1.18  0.58  0.29  0.09  0.06  0.04  0.04  0.03
 9 -55  0.04  0.11  0.19  0.37  0.74  1.10  1.79  3.35  4.95  6.09  7.47  7.99  7.81  7.30  6.63  6.16  4.88  3.33  2.12  1.74  1.11  0.57  0.30  0.09  0.06  0.04  0.04  0.03
 9 -50  0.04  0.11  0.19  0.38  0.75  1.11  1.82  3.45  5.10  6.30  7.72  8.33  8.18  7.61  6.91  6.42  5.24  3.46  2.06  1.67  1.02  0.54  0.30  0.10  0.06  0.04  0.04  0.04
 9 -45  0.04  0.11  0.19  0.38  0.75  1.11  1.81  3.42  5.09  6.32  7.80  8.50  8.35  7.73  6.90  6.32  5.14  3.31  1.91  1.53  0.91  0.49  0.29  0.10  0.06  0.05  0.04  0.04
 9 -40  0.04  0.11  0.19  0.38  0.75  1.11  1.80  3.38  5.10  6.32  7.94  8.73  8.60  7.94  6.91  6.21  5.05  3.18  1.78  1.41  0.80  0.44  0.28  0.09  0.06  0.05  0.04  0.04
 9 -35  0.04  0.11  0.18  0.37  0.72  1.07  1.74  3.27  4.95  6.18  7.91  8.89  8.81  8.15  7.00  6.22  4.94  2.83  1.45  1.13  0.59  0.32  0.22  0.09  0.06  0.05  0.04  0.04
 9 -30  0.04  0.11  0.18  0.35  0.70  1.03  1.68  3.17  4.79  6.00  7.85  9.03  9.03  8.39  7.11  6.24  4.81  2.47  1.14  0.86  0.40  0.21  0.11  0.08  0.06  0.05  0.05  0.04
 9 -25  0.04  0.11  0.18  0.35  0.69  1.03  1.66  3.08  4.62  5.78  7.71  9.11  9.25  8.69  7.34  6.43  4.76  2.21  0.92  0.69  0.30  0.09  0.06  0.05  0.05  0.05  0.05  0.05
 9 -20  0.04  0.10  0.17  0.35  0.68  1.01  1.63  3.00  4.46  5.57  7.54  9.16  9.45  8.96  7.53  6.60  4.69  1.95  0.71  0.53  0.21  0.06  0.05  0.04  0.04  0.05  0.05  0.05
 9 -15  0.03  0.10  0.17  0.33  0.66  0.97  1.59  3.00  4.39  5.40  7.31  9.12  9.62  9.28  7.79  6.85  4.37  1.65  0.61  0.45  0.18  0.05  0.04  0.04  0.04  0.05  0.05  0.05
 9 -10  0.03  0.10  0.16  0.32  0.64  0.95  1.56  2.98  4.30  5.24  7.08  9.11  9.85  9.71  8.11  7.13  4.03  1.34  0.51  0.37  0.15  0.04  0.04  0.04  0.04  0.04  0.04  0.04
 9  -5  0.03  0.10  0.16  0.32  0.64  0.95  1.56  2.98  4.26  5.19  6.96  9.12 10.04 10.00  8.21  7.13  3.95  1.29  0.51  0.38  0.15  0.04  0.04  0.03  0.04  0.04  0.04  0.04
 9   0  0.03  0.09  0.15  0.31  0.61  0.92  1.52  3.00  4.26  5.18  6.94  9.16 10.22 10.27  8.34  7.15  3.90  1.25  0.50  0.37  0.15  0.04  0.03  0.03  0.03  0.04  0.04  0.03
 9   5  0.03  0.10  0.16  0.32  0.63  0.94  1.55  2.99  4.28  5.22  7.04  9.19 10.15 10.23  8.48  7.35  4.18  1.39  0.58  0.43  0.16  0.04  0.03  0.03  0.03  0.04  0.03  0.03
 9  10  0.03  0.10  0.16  0.32  0.64  0.95  1.56  3.00  4.34  5.31  7.19  9.28 10.13 10.19  8.61  7.54  4.46  1.54  0.65  0.47  0.17  0.04  0.03  0.03  0.03  0.04  0.04  0.03
 9  15  0.03  0.10  0.16  0.33  0.65  0.96  1.58  3.02  4.43  5.43  7.35  9.26  9.91  9.86  8.42  7.40  4.44  1.57  0.66  0.47  0.18  0.04  0.04  0.04  0.04  0.04  0.04  0.03
 9  20  0.03  0.10  0.17  0.34  0.67  0.99  1.61  3.03  4.49  5.53  7.50  9.27  9.74  9.58  8.24  7.27  4.43  1.59  0.67  0.48  0.18  0.05  0.04  0.04  0.05  0.05  0.05  0.04
 9  25  0.03  0.10  0.17  0.33  0.66  0.98  1.61  3.08  4.57  5.64  7.52  9.12  9.49  9.26  8.11  7.26  4.46  1.68  0.69  0.51  0.19  0.07  0.05  0.05  0.05  0.05  0.05  0.04
 9  30  0.03  0.10  0.17  0.34  0.67  0.99  1.62  3.11  4.64  5.75  7.60  9.00  9.23  8.95  7.96  7.26  4.51  1.76  0.72  0.52  0.20  0.09  0.06  0.05  0.05  0.05  0.05  0.04
 9  35  0.03  0.10  0.17  0.34  0.67  1.00  1.64  3.12  4.65  5.78  7.56  8.76  8.90  8.57  7.56  6.88  4.42  1.94  0.90  0.67  0.29  0.11  0.07  0.06  0.06  0.05  0.05  0.04
 9  40  0.03  0.10  0.17  0.34  0.68  1.01  1.65  3.14  4.71  5.84  7.53  8.54  8.58  8.20  7.16  6.46  4.31  2.12  1.08  0.82  0.38  0.14  0.09  0.07  0.06  0.06  0.05  0.05
 9  45  0.03  0.10  0.17  0.35  0.68  1.02  1.66  3.15  4.74  5.88  7.52  8.35  8.26  7.77  6.81  6.15  4.22  2.25  1.24  0.96  0.51  0.21  0.13  0.09  0.07  0.06  0.05  0.05
 9  50  0.03  0.10  0.17  0.35  0.69  1.02  1.66  3.16  4.76  5.92  7.49  8.12  7.91  7.32  6.42  5.82  4.16  2.38  1.39  1.11  0.65  0.28  0.17  0.11  0.08  0.06  0.05  0.05
 9  55  0.03  0.10  0.17  0.34  0.67  1.00  1.64  3.17  4.75  5.90  7.42  7.90  7.56  6.88  5.99  5.40  3.99  2.46  1.51  1.22  0.75  0.33  0.21  0.14  0.09  0.06  0.05  0.05
 9  60  0.03  0.10  0.17  0.34  0.68  1.01  1.67  3.25  4.96  6.15  7.55  7.73  7.23  6.39  5.59  5.09  3.88  2.60  1.69  1.36  0.85  0.39  0.25  0.16  0.10  0.06  0.05  0.04
 9  65  0.04  0.10  0.17  0.35  0.69  1.03  1.70  3.29  4.98  6.13  7.26  7.20  6.61  5.77  5.01  4.52  3.64  2.59  1.79  1.46  0.94  0.45  0.29  0.18  0.10  0.06  0.05  0.04
 9  70  0.04  0.11  0.18  0.36  0.71  1.05  1.73  3.34  4.97  6.07  6.93  6.65  5.99  5.16  4.42  3.95  3.39  2.58  1.89  1.55  1.03  0.51  0.33  0.20  0.11  0.06  0.05  0.04
 9  75  0.04  0.11  0.18  0.36  0.71  1.06  1.75  3.36  4.74  5.64  6.13  5.82  5.30  4.64  4.19  3.92  3.35  2.59  1.89  1.56  1.04  0.51  0.33  0.21  0.11  0.06  0.05  0.05
 9  80  0.04  0.11  0.18  0.36  0.72  1.07  1.76  3.38  4.48  5.16  5.29  4.98  4.61  4.12  3.96  3.87  3.29  2.58  1.89  1.57  1.05  0.51  0.34  0.22  0.12  0.06  0.05  0.05
 9  85  0.04  0.11  0.18  0.37  0.73  1.08  1.77  3.39  4.40  5.02  5.13  4.90  4.56  4.11  3.97  3.88  3.28  2.58  1.89  1.57  1.05  0.51  0.34  0.22  0.12  0.07  0.05  0.05
 9  90  0.04  0.11  0.18  0.36  0.72  1.08  1.76  3.37  4.30  4.85  4.92  4.73  4.45  4.05  3.92  3.84  3.23  2.54  1.88  1.56  1.05  0.52  0.35  0.22  0.12  0.07  0.05  0.04
10 -90  0.03  0.09  0.16  0.31  0.61  0.90  1.45  2.66  3.83  4.66  6.12  7.01  6.94  6.27  5.33  4.74  3.25  1.34  0.98  0.92  0.71  0.45  0.09  0.05  0.05  0.04  0.03  0.03
10 -85  0.03  0.09  0.16  0.31  0.61  0.90  1.45  2.67  3.81  4.62  6.02  6.86  6.84  6.23  5.31  4.77  3.43  1.48  0.98  0.87  0.65  0.44  0.10  0.05  0.05  0.04  0.03  0.03
10 -80  0.03  0.09  0.15  0.31  0.60  0.89  1.44  2.63  3.75  4.56  5.98  6.85  6.85  6.25  5.28  4.72  3.42  1.54  1.01  0.90  0.68  0.44  0.11  0.06  0.05  0.04  0.03  0.03
10 -75  0.03  0.09  0.15  0.31  0.60  0.89  1.44  2.65  3.79  4.63  6.07  7.08  7.16  6.62  5.80  5.29  3.84  1.96  1.27  1.10  0.79  0.49  0.25  0.06  0.05  0.04  0.03  0.03
10 -70  0.03  0.09  0.16  0.31  0.61  0.90  1.45  2.68  3.85  4.73  6.20  7.28  7.40  6.92  6.29  5.84  4.20  2.34  1.50  1.28  0.90  0.54  0.28  0.06  0.05  0.04  0.03  0.03
10 -65  0.03  0.10  0.16  0.32  0.63  0.93  1.50  2.79  4.07  5.04  6.54  7.59  7.68  7.20  6.78  6.44  4.72  2.82  1.80  1.51  1.02  0.57  0.30  0.07  0.05  0.04  0.03  0.03
10 -60  0.03  0.10  0.16  0.33  0.65  0.96  1.55  2.90  4.29  5.35  6.89  7.92  7.98  7.49  7.24  7.05  5.25  3.23  2.00  1.65  1.08  0.59  0.31  0.09  0.06  0.04  0.03  0.03
10 -55  0.03  0.10  0.17  0.34  0.66  0.98  1.60  3.00  4.52  5.62  7.19  8.17  8.18  7.74  7.22  6.83  5.27  3.35  2.08  1.70  1.05  0.55  0.30  0.17  0.06  0.04  0.04  0.03
10 -50  0.03  0.10  0.17  0.34  0.66  0.99  1.61  3.04  4.60  5.74  7.41  8.44  8.46  7.93  7.14  6.61  5.30  3.47  2.12  1.71  1.03  0.50  0.29  0.17  0.06  0.04  0.04  0.03
10 -45  0.03  0.10  0.17  0.33  0.66  0.98  1.60  3.05  4.61  5.77  7.51  8.64  8.67  8.06  7.27  6.73  5.38  3.47  2.04  1.63  0.95  0.46  0.27  0.09  0.06  0.05  0.04  0.04
10 -40  0.03  0.10  0.17  0.33  0.66  0.97  1.59  3.04  4.62  5.77  7.63  8.89  8.94  8.29  7.43  6.88  5.49  3.49  1.98  1.57  0.89  0.43  0.26  0.09  0.06  0.05  0.04  0.04
10 -35  0.03  0.10  0.16  0.33  0.65  0.96  1.58  3.00  4.55  5.70  7.62  9.05  9.17  8.53  7.50  6.81  5.22  2.94  1.50  1.17  0.63  0.30  0.15  0.09  0.06  0.05  0.05  0.04
10 -30  0.03  0.10  0.16  0.32  0.64  0.95  1.55  2.98  4.47  5.60  7.59  9.18  9.40  8.82  7.58  6.76  4.94  2.39  1.04  0.79  0.37  0.16  0.11  0.07  0.06  0.05  0.05  0.04
10 -25  0.03  0.10  0.16  0.33  0.65  0.96  1.56  2.94  4.38  5.45  7.46  9.21  9.57  9.11  7.73  6.80  4.70  2.03  0.83  0.62  0.27  0.09  0.07  0.06  0.05  0.05  0.05  0.05
10 -20  0.03  0.10  0.16  0.32  0.64  0.95  1.55  2.93  4.30  5.34  7.32  9.20  9.71  9.37  7.83  6.82  4.45  1.66  0.63  0.46  0.18  0.06  0.05  0.05  0.05  0.05  0.05  0.05
10 -15  0.03  0.09  0.16  0.31  0.62  0.93  1.52  2.94  4.26  5.22  7.13  9.10  9.76  9.56  8.03  7.06  4.23  1.49  0.55  0.41  0.15  0.05  0.04  0.04  0.04  0.05  0.05  0.04
10 -10  0.03  0.09  0.15  0.30  0.61  0.91  1.50  2.94  4.21  5.12  6.93  9.03  9.88  9.85  8.27  7.30  4.01  1.34  0.48  0.35  0.13  0.04  0.04  0.04  0.04  0.04  0.04  0.04
10  -5  0.03  0.09  0.15  0.31  0.61  0.91  1.50  2.95  4.20  5.09  6.80  8.98  9.97 10.03  8.33  7.32  3.92  1.30  0.45  0.34  0.12  0.04  0.03  0.03  0.03  0.04  0.04  0.04
10   0  0.03  0.09  0.15  0.30  0.60  0.90  1.49  2.97  4.21  5.09  6.79  8.96 10.05 10.21  8.44  7.35  3.87  1.27  0.43  0.32  0.12  0.04  0.03  0.03  0.03  0.04  0.04  0.03
10   5  0.03  0.09  0.16  0.31  0.62  0.92  1.52  2.96  4.23  5.13  6.86  8.93  9.95 10.14  8.47  7.40  4.11  1.37  0.52  0.38  0.13  0.04  0.03  0.03  0.03  0.04  0.03  0.03
10  10  0.03  0.09  0.16  0.31  0.63  0.93  1.54  2.97  4.27  5.21  6.97  8.98  9.88 10.07  8.49  7.43  4.34  1.48  0.60  0.44  0.15  0.04  0.03  0.03  0.03  0.04  0.04  0.03
10  15  0.03  0.10  0.16  0.32  0.64  0.95  1.56  2.99  4.34  5.31  7.12  8.96  9.67  9.71  8.26  7.23  4.30  1.52  0.62  0.44  0.15  0.04  0.04  0.04  0.04  0.04  0.04  0.04
10  20  0.03  0.10  0.17  0.33  0.66  0.97  1.59  3.00  4.39  5.39  7.24  8.97  9.49  9.41  8.05  7.04  4.28  1.55  0.63  0.45  0.15  0.05  0.04  0.04  0.04  0.05  0.05  0.04
10  25  0.03  0.10  0.16  0.33  0.65  0.97  1.59  3.07  4.54  5.59  7.36  8.85  9.20  9.01  7.88  7.03  4.33  1.63  0.66  0.48  0.17  0.06  0.05  0.05  0.05  0.05  0.05  0.05
10  30  0.03  0.10  0.17  0.34  0.67  1.00  1.63  3.12  4.67  5.79  7.54  8.75  8.90  8.62  7.69  7.03  4.39  1.69  0.69  0.50  0.19  0.08  0.06  0.05  0.05  0.05  0.05  0.05
10  35  0.04  0.11  0.18  0.35  0.69  1.03  1.68  3.20  4.83  6.01  7.65  8.50  8.47  8.07  7.19  6.60  4.33  1.90  0.90  0.68  0.31  0.11  0.07  0.06  0.06  0.05  0.05  0.05
10  40  0.04  0.11  0.18  0.36  0.72  1.06  1.74  3.30  5.04  6.27  7.75  8.25  8.03  7.54  6.73  6.18  4.27  2.10  1.10  0.84  0.42  0.19  0.10  0.07  0.06  0.05  0.05  0.05
10  45  0.04  0.12  0.19  0.38  0.75  1.12  1.82  3.43  5.24  6.50  7.79  8.03  7.68  7.12  6.44  5.96  4.29  2.29  1.28  1.00  0.55  0.23  0.13  0.09  0.07  0.06  0.05  0.05
10  50  0.04  0.12  0.20  0.40  0.78  1.16  1.89  3.57  5.42  6.70  7.79  7.76  7.29  6.70  6.11  5.72  4.31  2.48  1.47  1.17  0.69  0.27  0.16  0.12  0.08  0.06  0.05  0.05
10  55  0.04  0.12  0.20  0.40  0.80  1.19  1.94  3.71  5.48  6.72  7.62  7.49  6.98  6.36  5.80  5.41  4.23  2.53  1.56  1.26  0.78  0.33  0.20  0.14  0.09  0.06  0.05  0.05
10  60  0.04  0.13  0.21  0.42  0.83  1.24  2.03  3.89  5.74  6.97  7.65  7.28  6.69  5.98  5.51  5.20  4.21  2.64  1.71  1.38  0.86  0.39  0.24  0.16  0.10  0.06  0.05  0.04
10  65  0.04  0.13  0.22  0.43  0.85  1.27  2.08  3.96  5.61  6.72  7.19  6.78  6.21  5.53  5.10  4.81  3.96  2.66  1.84  1.51  0.98  0.45  0.27  0.17  0.10  0.06  0.05  0.04
10  70  0.04  0.13  0.22  0.44  0.87  1.29  2.11  4.01  5.47  6.45  6.73  6.27  5.73  5.08  4.68  4.42  3.71  2.67  1.97  1.64  1.10  0.50  0.29  0.19  0.10  0.06  0.05  0.04
10  75  0.04  0.13  0.22  0.44  0.86  1.28  2.09  3.96  5.03  5.75  5.98  5.69  5.27  4.71  4.33  4.09  3.55  2.69  2.02  1.69  1.15  0.53  0.31  0.20  0.10  0.06  0.05  0.04
10  80  0.04  0.13  0.22  0.43  0.86  1.27  2.07  3.89  4.59  5.06  5.24  5.11  4.82  4.33  3.97  3.76  3.40  2.70  2.07  1.73  1.20  0.55  0.32  0.21  0.11  0.06  0.05  0.04
10  85  0.04  0.13  0.22  0.43  0.85  1.26  2.05  3.86  4.56  5.03  5.22  5.11  4.82  4.33  3.96  3.74  3.39  2.71  2.07  1.74  1.20  0.55  0.32  0.21  0.13  0.06  0.05  0.04
10  90  0.04  0.13  0.22  0.43  0.85  1.26  2.04  3.84  4.52  4.99  5.19  5.09  4.80  4.31  3.90  3.68  3.37  2.70  2.06  1.73  1.19  0.55  0.32  0.21  0.13  0.06  0.05  0.04
11 -90  0.03  0.08  0.13  0.26  0.52  0.76  1.24  2.33  3.36  4.09  5.51  6.60  6.96  6.90  6.66  6.28  4.83  2.64  1.78  1.58  1.10  0.58  0.30  0.17  0.05  0.04  0.03  0.02
11 -85  0.03  0.08  0.13  0.26  0.52  0.78  1.26  2.37  3.42  4.18  5.60  6.67  6.91  6.72  6.46  6.17  4.92  2.74  1.75  1.50  1.00  0.55  0.30  0.07  0.05  0.04  0.03  0.02
11 -80  0.03  0.08  0.13  0.27  0.53  0.78  1.27  2.38  3.43  4.19  5.61  6.66  6.87  6.65  6.39  6.11  4.87  2.72  1.75  1.50  1.02  0.55  0.30  0.17  0.05  0.04  0.03  0.02
11 -75  0.03  0.08  0.14  0.27  0.53  0.79  1.28  2.41  3.48  4.27  5.67  6.78  7.02  6.73  6.61  6.46  5.08  2.85  1.83  1.57  1.08  0.59  0.32  0.18  0.05  0.04  0.03  0.02
11 -70  0.03  0.08  0.14  0.27  0.54  0.80  1.30  2.43  3.52  4.36  5.74  6.93  7.18  6.83  6.82  6.79  5.27  2.95  1.88  1.61  1.12  0.63  0.34  0.19  0.05  0.04  0.03  0.03
11 -65  0.03  0.08  0.14  0.28  0.55  0.82  1.33  2.49  3.64  4.54  6.01  7.25  7.46  7.03  6.96  6.92  5.33  3.11  1.95  1.64  1.11  0.63  0.34  0.19  0.06  0.04  0.03  0.03
11 -60  0.03  0.09  0.14  0.29  0.57  0.84  1.37  2.56  3.77  4.72  6.27  7.55  7.75  7.26  7.12  7.07  5.40  3.26  1.99  1.63  1.04  0.61  0.34  0.19  0.06  0.04  0.03  0.03
11 -55  0.03  0.09  0.15  0.30  0.59  0.87  1.41  2.64  3.93  4.89  6.49  7.85  8.06  7.63  7.07  6.71  5.20  3.25  1.96  1.57  0.93  0.52  0.30  0.17  0.06  0.04  0.03  0.03
11 -50  0.03  0.09  0.15  0.30  0.59  0.87  1.42  2.67  3.96  4.93  6.65  8.16  8.44  7.92  6.98  6.35  5.00  3.22  1.90  1.51  0.85  0.43  0.26  0.10  0.06  0.04  0.04  0.03
11 -45  0.03  0.09  0.15  0.29  0.58  0.86  1.42  2.72  4.01  4.99  6.77  8.40  8.75  8.22  7.18  6.48  5.04  3.17  1.83  1.44  0.79  0.39  0.24  0.09  0.06  0.05  0.04  0.03
11 -40  0.03  0.09  0.15  0.29  0.58  0.86  1.42  2.75  4.06  5.03  6.89  8.68  9.10  8.59  7.40  6.62  5.10  3.14  1.76  1.37  0.74  0.36  0.22  0.08  0.06  0.05  0.04  0.04
11 -35  0.03  0.09  0.15  0.30  0.59  0.88  1.44  2.78  4.11  5.10  6.99  8.88  9.36  8.90  7.58  6.68  4.83  2.63  1.32  1.02  0.52  0.27  0.13  0.08  0.06  0.05  0.05  0.04
11 -30  0.03  0.09  0.15  0.30  0.59  0.88  1.45  2.82  4.14  5.14  7.06  9.02  9.58  9.23  7.77  6.77  4.56  2.10  0.88  0.67  0.30  0.15  0.09  0.06  0.06  0.05  0.05  0.04
11 -25  0.03  0.09  0.15  0.31  0.61  0.90  1.48  2.85  4.17  5.16  7.11  9.09  9.70  9.45  7.86  6.76  4.38  1.88  0.73  0.54  0.23  0.10  0.06  0.05  0.05  0.05  0.05  0.04
11 -20  0.03  0.09  0.15  0.31  0.61  0.91  1.49  2.89  4.22  5.22  7.16  9.13  9.78  9.63  7.90  6.71  4.19  1.65  0.59  0.43  0.16  0.07  0.05  0.05  0.05  0.05  0.05  0.04
11 -15  0.03  0.09  0.15  0.30  0.60  0.90  1.49  2.94  4.25  5.22  7.12  9.10  9.80  9.72  8.05  6.94  4.05  1.48  0.52  0.39  0.15  0.05  0.04  0.04  0.04  0.05  0.05  0.04
11 -10  0.03  0.09  0.15  0.30  0.59  0.89  1.49  2.99  4.30  5.24  7.07  9.10  9.89  9.88  8.23  7.17  3.92  1.32  0.46  0.35  0.14  0.04  0.04  0.04  0.04  0.04  0.04  0.04
11  -5  0.03  0.09  0.15  0.30  0.60  0.90  1.50  3.01  4.31  5.25  6.97  9.01  9.87  9.90  8.21  7.16  3.82  1.25  0.44  0.33  0.14  0.04  0.03  0.03  0.03  0.04  0.04  0.03
11   0  0.03  0.09  0.15  0.31  0.61  0.92  1.52  3.02  4.35  5.28  6.97  8.94  9.84  9.94  8.24  7.17  3.73  1.19  0.42  0.32  0.13  0.04  0.03  0.03  0.03  0.04  0.03  0.03
11   5  0.03  0.09  0.16  0.31  0.62  0.93  1.54  3.01  4.32  5.26  6.92  8.81  9.70  9.85  8.22  7.18  3.94  1.27  0.46  0.35  0.13  0.04  0.03  0.03  0.03  0.04  0.03  0.03
11  10  0.03  0.10  0.16  0.32  0.63  0.94  1.54  3.00  4.32  5.26  6.93  8.74  9.55  9.73  8.21  7.19  4.16  1.36  0.51  0.38  0.13  0.04  0.03  0.03  0.04  0.04  0.04  0.04
11  15  0.03  0.10  0.16  0.32  0.64  0.95  1.56  3.02  4.38  5.35  7.04  8.66  9.27  9.33  7.96  6.98  4.08  1.41  0.52  0.38  0.13  0.04  0.04  0.04  0.04  0.04  0.04  0.04
11  20  0.03  0.10  0.17  0.33  0.66  0.98  1.59  3.02  4.43  5.41  7.12  8.59  9.03  8.97  7.72  6.78  4.01  1.45  0.54  0.39  0.14  0.05  0.04  0.04  0.04  0.04  0.05  0.04
11  25  0.03  0.10  0.17  0.33  0.66  0.98  1.62  3.13  4.63  5.69  7.28  8.44  8.67  8.50  7.48  6.71  4.12  1.56  0.62  0.45  0.18  0.06  0.05  0.04  0.05  0.05  0.05  0.05
11  30  0.04  0.11  0.18  0.35  0.69  1.03  1.69  3.21  4.83  5.97  7.49  8.31  8.31  8.02  7.22  6.64  4.22  1.68  0.70  0.52  0.22  0.09  0.06  0.05  0.05  0.05  0.05  0.05
11  35  0.04  0.11  0.19  0.37  0.74  1.10  1.79  3.38  5.10  6.31  7.61  8.06  7.89  7.48  6.85  6.40  4.42  2.01  0.96  0.73  0.35  0.15  0.08  0.06  0.05  0.05  0.05  0.05
11  40  0.04  0.12  0.20  0.39  0.78  1.16  1.89  3.57  5.41  6.67  7.73  7.81  7.47  7.00  6.51  6.17  4.61  2.33  1.22  0.94  0.48  0.20  0.12  0.08  0.06  0.05  0.05  0.05
11  45  0.04  0.13  0.21  0.42  0.83  1.23  2.01  3.77  5.66  6.92  7.72  7.58  7.17  6.67  6.35  6.10  4.69  2.51  1.42  1.12  0.63  0.27  0.16  0.11  0.08  0.06  0.05  0.05
11  50  0.05  0.14  0.23  0.45  0.88  1.31  2.13  3.98  5.85  7.11  7.65  7.30  6.84  6.35  6.15  6.00  4.75  2.67  1.62  1.30  0.78  0.35  0.19  0.13  0.09  0.06  0.05  0.05
11  55  0.05  0.14  0.23  0.46  0.90  1.34  2.18  4.10  5.76  6.90  7.34  7.04  6.61  6.15  5.92  5.74  4.60  2.71  1.70  1.40  0.92  0.41  0.22  0.15  0.09  0.06  0.05  0.05
11  60  0.05  0.14  0.23  0.47  0.92  1.37  2.24  4.26  5.86  6.93  7.21  6.85  6.41  5.89  5.70  5.57  4.51  2.81  1.84  1.54  1.06  0.47  0.25  0.16  0.10  0.06  0.05  0.05
11  65  0.05  0.14  0.23  0.45  0.89  1.33  2.17  4.11  5.58  6.59  6.95  6.71  6.31  5.79  5.46  5.24  4.40  2.91  2.03  1.72  1.24  0.56  0.29  0.19  0.10  0.06  0.05  0.05
11  70  0.04  0.13  0.22  0.44  0.88  1.30  2.11  3.94  5.30  6.24  6.67  6.55  6.20  5.67  5.20  4.90  4.29  3.00  2.21  1.91  1.41  0.65  0.34  0.21  0.10  0.06  0.05  0.05
11  75  0.04  0.13  0.22  0.44  0.86  1.27  2.05  3.76  5.00  5.83  6.19  5.88  5.40  4.82  4.37  4.09  3.73  2.92  2.15  1.84  1.35  0.61  0.31  0.20  0.10  0.06  0.05  0.05
11  80  0.04  0.13  0.22  0.43  0.84  1.24  1.99  3.60  4.69  5.42  5.70  5.20  4.60  3.97  3.55  3.29  3.17  2.84  2.07  1.78  1.29  0.57  0.29  0.18  0.11  0.06  0.05  0.05
11  85  0.04  0.13  0.22  0.43  0.84  1.24  1.99  3.59  4.66  5.37  5.65  5.17  4.58  3.97  3.54  3.28  3.17  2.83  2.07  1.78  1.28  0.57  0.29  0.18  0.11  0.06  0.05  0.05
11  90  0.04  0.13  0.22  0.43  0.84  1.24  1.99  3.58  4.63  5.32  5.61  5.16  4.60  4.01  3.53  3.27  3.17  2.83  2.06  1.76  1.27  0.57  0.29  0.18  0.11  0.06  0.05  0.05
12 -90  0.02  0.07  0.12  0.24  0.46  0.69  1.12  2.07  3.09  3.84  5.33  6.36  6.30  5.71  5.50  5.50  5.03  3.73  2.45  2.08  1.39  0.68  0.40  0.22  0.11  0.04  0.03  0.02
12 -85  0.02  0.07  0.12  0.24  0.46  0.69  1.11  2.07  3.09  3.85  5.32  6.39  6.36  5.74  5.41  5.31  4.87  3.67  2.39  1.99  1.30  0.64  0.39  0.22  0.11  0.04  0.03  0.02
12 -80  0.02  0.07  0.12  0.24  0.46  0.69  1.11  2.06  3.08  3.84  5.31  6.39  6.36  5.73  5.38  5.27  4.84  3.63  2.35  1.97  1.29  0.64  0.39  0.22  0.10  0.04  0.03  0.02
12 -75  0.02  0.07  0.12  0.24  0.48  0.71  1.15  2.13  3.14  3.91  5.33  6.47  6.52  5.91  5.55  5.40  4.90  3.57  2.29  1.91  1.26  0.62  0.39  0.22  0.06  0.04  0.03  0.02
12 -70  0.03  0.08  0.13  0.25  0.49  0.73  1.18  2.20  3.20  3.96  5.35  6.56  6.69  6.10  5.73  5.56  4.95  3.48  2.19  1.82  1.20  0.61  0.38  0.21  0.06  0.04  0.03  0.02
12 -65  0.03  0.08  0.13  0.26  0.51  0.75  1.22  2.27  3.28  4.07  5.51  6.85  7.09  6.56  6.11  5.87  4.97  3.35  2.05  1.68  1.08  0.56  0.35  0.19  0.06  0.04  0.03  0.03
12 -60  0.03  0.08  0.13  0.27  0.52  0.78  1.26  2.34  3.37  4.20  5.69  7.16  7.50  7.03  6.52  6.21  5.02  3.23  1.92  1.55  0.96  0.51  0.32  0.18  0.07  0.04  0.03  0.03
12 -55  0.03  0.08  0.14  0.28  0.55  0.81  1.32  2.44  3.55  4.37  5.89  7.50  7.96  7.66  6.92  6.41  4.92  3.03  1.76  1.40  0.81  0.44  0.28  0.16  0.07  0.04  0.03  0.03
12 -50  0.03  0.09  0.14  0.28  0.56  0.82  1.34  2.49  3.59  4.41  6.02  7.85  8.46  8.17  7.23  6.57  4.81  2.80  1.55  1.22  0.69  0.38  0.23  0.11  0.07  0.04  0.04  0.03
12 -45  0.03  0.08  0.14  0.28  0.56  0.83  1.35  2.59  3.72  4.57  6.23  8.13  8.82  8.59  7.30  6.38  4.59  2.61  1.43  1.12  0.62  0.33  0.19  0.09  0.06  0.05  0.04  0.03
12 -40  0.03  0.08  0.14  0.28  0.56  0.83  1.37  2.68  3.84  4.70  6.42  8.43  9.19  9.03  7.34  6.17  4.40  2.43  1.30  1.02  0.55  0.28  0.12  0.07  0.06  0.05  0.04  0.04
12 -35  0.03  0.09  0.14  0.29  0.57  0.85  1.41  2.74  3.98  4.89  6.68  8.68  9.42  9.22  7.71  6.65  4.39  2.11  1.01  0.78  0.39  0.19  0.10  0.07  0.05  0.05  0.04  0.04
12 -30  0.03  0.09  0.15  0.29  0.58  0.87  1.44  2.82  4.09  5.05  6.91  8.89  9.58  9.41  8.08  7.13  4.38  1.79  0.72  0.54  0.25  0.13  0.08  0.06  0.05  0.05  0.05  0.04
12 -25  0.03  0.09  0.15  0.30  0.60  0.89  1.48  2.87  4.21  5.20  7.12  9.06  9.71  9.54  8.09  7.06  4.25  1.66  0.61  0.46  0.19  0.09  0.06  0.05  0.05  0.05  0.05  0.04
12 -20  0.03  0.09  0.15  0.30  0.60  0.90  1.49  2.95  4.34  5.38  7.35  9.22  9.80  9.65  8.05  6.95  4.12  1.52  0.51  0.38  0.14  0.06  0.05  0.04  0.04  0.05  0.05  0.04
12 -15  0.03  0.09  0.15  0.30  0.60  0.90  1.51  3.02  4.44  5.51  7.50  9.33  9.87  9.74  8.15  7.06  4.02  1.40  0.46  0.34  0.13  0.05  0.04  0.04  0.04  0.04  0.04  0.04
12 -10  0.03  0.09  0.15  0.30  0.60  0.90  1.52  3.08  4.57  5.63  7.60  9.47 10.04  9.88  8.26  7.19  3.93  1.29  0.41  0.31  0.13  0.04  0.03  0.03  0.04  0.04  0.04  0.04
12  -5  0.03  0.09  0.15  0.30  0.61  0.91  1.53  3.11  4.60  5.67  7.53  9.39  9.97  9.82  8.07  6.92  3.76  1.23  0.39  0.30  0.13  0.04  0.03  0.03  0.03  0.04  0.03  0.03
12   0  0.03  0.10  0.16  0.32  0.63  0.95  1.57  3.11  4.63  5.71  7.53  9.29  9.87  9.75  7.88  6.66  3.59  1.17  0.37  0.29  0.14  0.04  0.03  0.03  0.03  0.04  0.03  0.03
12   5  0.03  0.10  0.16  0.32  0.64  0.95  1.58  3.09  4.57  5.65  7.39  9.06  9.64  9.53  7.88  6.80  3.81  1.26  0.42  0.32  0.13  0.04  0.03  0.03  0.04  0.04  0.04  0.03
12  10  0.03  0.10  0.16  0.32  0.64  0.96  1.58  3.08  4.54  5.60  7.33  8.87  9.39  9.31  7.89  6.95  4.05  1.36  0.47  0.35  0.13  0.04  0.04  0.04  0.04  0.04  0.04  0.04
12  15  0.03  0.10  0.16  0.33  0.65  0.96  1.59  3.08  4.55  5.61  7.33  8.69  9.07  8.91  7.62  6.71  3.99  1.45  0.50  0.37  0.13  0.05  0.04  0.04  0.04  0.04  0.05  0.04
12  20  0.03  0.10  0.17  0.33  0.66  0.98  1.61  3.06  4.54  5.60  7.26  8.50  8.74  8.52  7.34  6.48  3.93  1.54  0.53  0.38  0.13  0.05  0.04  0.04  0.04  0.05  0.05  0.05
12  25  0.03  0.10  0.17  0.33  0.66  0.98  1.62  3.14  4.65  5.73  7.26  8.23  8.32  8.05  7.20  6.56  4.18  1.70  0.66  0.48  0.20  0.06  0.05  0.05  0.05  0.05  0.05  0.05
12  30  0.04  0.11  0.18  0.35  0.69  1.03  1.68  3.18  4.76  5.86  7.27  7.99  7.92  7.58  7.05  6.66  4.42  1.88  0.80  0.60  0.26  0.10  0.07  0.06  0.05  0.05  0.05  0.05
12  35  0.04  0.11  0.19  0.37  0.73  1.09  1.78  3.35  4.97  6.08  7.25  7.70  7.54  7.15  6.85  6.63  4.76  2.25  1.10  0.85  0.45  0.21  0.10  0.07  0.06  0.05  0.05  0.05
12  40  0.04  0.12  0.20  0.40  0.78  1.16  1.88  3.54  5.20  6.30  7.24  7.43  7.18  6.78  6.67  6.59  5.08  2.60  1.39  1.11  0.64  0.30  0.16  0.10  0.07  0.05  0.05  0.05
12  45  0.04  0.13  0.21  0.42  0.83  1.23  1.99  3.75  5.38  6.43  7.14  7.20  6.95  6.58  6.47  6.39  5.04  2.87  1.63  1.31  0.79  0.37  0.20  0.13  0.08  0.06  0.05  0.05
12  50  0.04  0.13  0.22  0.44  0.88  1.30  2.11  3.94  5.50  6.54  7.04  6.96  6.70  6.40  6.26  6.16  4.98  3.14  1.87  1.52  0.95  0.44  0.24  0.15  0.09  0.06  0.05  0.05
12  55  0.05  0.13  0.22  0.45  0.88  1.30  2.11  3.94  5.28  6.23  6.75  6.83  6.62  6.33  6.05  5.85  4.76  3.14  1.98  1.65  1.11  0.52  0.27  0.16  0.10  0.06  0.05  0.05
12  60  0.04  0.13  0.22  0.44  0.88  1.30  2.12  3.99  5.28  6.18  6.66  6.75  6.56  6.20  5.86  5.63  4.61  3.19  2.14  1.80  1.26  0.60  0.31  0.18  0.10  0.06  0.05  0.05
12  65  0.05  0.14  0.23  0.45  0.89  1.31  2.11  3.87  5.17  6.07  6.61  6.73  6.49  6.08  5.63  5.33  4.49  3.14  2.20  1.87  1.33  0.63  0.30  0.18  0.10  0.06  0.05  0.05
12  70  0.05  0.14  0.23  0.46  0.89  1.31  2.10  3.74  5.04  5.94  6.54  6.68  6.42  5.96  5.40  5.04  4.36  3.09  2.26  1.93  1.39  0.66  0.30  0.18  0.11  0.06  0.05  0.05
12  75  0.04  0.13  0.22  0.44  0.85  1.25  1.97  3.41  4.73  5.64  6.28  6.31  5.98  5.47  4.95  4.59  4.13  3.12  2.27  1.94  1.40  0.66  0.32  0.19  0.11  0.06  0.05  0.05
12  80  0.04  0.13  0.21  0.42  0.81  1.18  1.84  3.09  4.43  5.35  6.03  5.93  5.53  4.98  4.48  4.14  3.90  3.14  2.29  1.95  1.40  0.66  0.34  0.21  0.11  0.06  0.05  0.05
12  85  0.04  0.13  0.21  0.41  0.81  1.17  1.83  3.07  4.40  5.30  5.97  5.90  5.52  4.99  4.49  4.14  3.89  3.14  2.29  1.95  1.40  0.66  0.34  0.21  0.11  0.06  0.05  0.05
12  90  0.04  0.13  0.21  0.41  0.81  1.17  1.83  3.07  4.36  5.23  5.86  5.86  5.53  5.05  4.53  4.16  3.90  3.12  2.25  1.92  1.37  0.66  0.34  0.21  0.11  0.06  0.05  0.05
