   512
  1.56845      1.56541      1.56235      1.55929      1.55622    
  1.55316      1.55009      1.54703      1.54396      1.54089    
  1.53783      1.53476      1.53170      1.52863      1.52556    
  1.52250      1.51943      1.51636      1.51330      1.51023    
  1.50717      1.50410      1.50103      1.49797      1.49490    
  1.49183      1.48877      1.48570      1.48263      1.47957    
  1.47650      1.47343      1.47037      1.46730      1.46424    
  1.46117      1.45810      1.45504      1.45197      1.44890    
  1.44584      1.44277      1.43970      1.43664      1.43357    
  1.43050      1.42744      1.42437      1.42131      1.41824    
  1.41517      1.41211      1.40904      1.40597      1.40291    
  1.39984      1.39677      1.39371      1.39064      1.38757    
  1.38451      1.38144      1.37838      1.37531      1.37224    
  1.36918      1.36611      1.36304      1.35998      1.35691    
  1.35384      1.35078      1.34771      1.34464      1.34158    
  1.33851      1.33544      1.33238      1.32931      1.32625    
  1.32318      1.32011      1.31705      1.31398      1.31091    
  1.30785      1.30478      1.30171      1.29865      1.29558    
  1.29251      1.28945      1.28638      1.28331      1.28025    
  1.27718      1.27412      1.27105      1.26798      1.26492    
  1.26185      1.25878      1.25572      1.25265      1.24958    
  1.24652      1.24345      1.24038      1.23732      1.23425    
  1.23119      1.22812      1.22505      1.22199      1.21892    
  1.21585      1.21279      1.20972      1.20665      1.20359    
  1.20052      1.19745      1.19439      1.19132      1.18825    
  1.18519      1.18212      1.17906      1.17599      1.17292    
  1.16986      1.16679      1.16372      1.16066      1.15759    
  1.15452      1.15146      1.14839      1.14532      1.14226    
  1.13919      1.13612      1.13306      1.12999      1.12693    
  1.12386      1.12079      1.11773      1.11466      1.11159    
  1.10853      1.10546      1.10239      1.09933      1.09626    
  1.09319      1.09013      1.08706      1.08399      1.08093    
  1.07786      1.07480      1.07173      1.06866      1.06560    
  1.06253      1.05946      1.05640      1.05333      1.05026    
  1.04720      1.04413      1.04106      1.03800      1.03493    
  1.03187      1.02880      1.02573      1.02267      1.01960    
  1.01653      1.01347      1.01040      1.00733      1.00427    
  1.00120      .998134      .995067      .992001      .988935    
  .985868      .982802      .979735      .976669      .973602    
  .970536      .967469      .964403      .961336      .958270    
  .955203      .952137      .949071      .946004      .942938    
  .939871      .936805      .933738      .930672      .927605    
  .924539      .921472      .918406      .915339      .912273    
  .909207      .906140      .903074      .900007      .896941    
  .893874      .890808      .887741      .884675      .881608    
  .878542      .875475      .872409      .869342      .866276    
  .863210      .860143      .857077      .854010      .850944    
  .847877      .844811      .841744      .838678      .835611    
  .832545      .829478      .826412      .823346      .820279    
  .817213      .814146      .811080      .808013      .804947    
  .801880      .798814      .795747      .792681      .789614    
  .786548      .783482      .780415      .777349      .774282    
  .771216      .768149      .765083      .762016      .758950    
  .755883      .752817      .749750      .746684      .743617    
  .740551      .737485      .734418      .731352      .728285    
  .725219      .722152      .719086      .716019      .712953    
  .709886      .706820      .703753      .700687      .697621    
  .694554      .691488      .688421      .685355      .682288    
  .679222      .676155      .673089      .670022      .666956    
  .663889      .660823      .657756      .654690      .651624    
  .648557      .645491      .642424      .639358      .636291    
  .633225      .630158      .627092      .624025      .620959    
  .617892      .614826      .611760      .608693      .605627    
  .602560      .599494      .596427      .593361      .590294    
  .587228      .584161      .581095      .578028      .574962    
  .571896      .568829      .565763      .562696      .559630    
  .556563      .553497      .550430      .547364      .544297    
  .541231      .538164      .535098      .532031      .528965    
  .525899      .522832      .519766      .516699      .513633    
  .510566      .507500      .504433      .501367      .498300    
  .495234      .492167      .489101      .486035      .482968    
  .479902      .476835      .473769      .470702      .467636    
  .464569      .461503      .458436      .455370      .452303    
  .449237      .446170      .443104      .440038      .436971    
  .433905      .430838      .427772      .424705      .421639    
  .418572      .415506      .412439      .409373      .406306    
  .403240      .400174      .397107      .394041      .390974    
  .387908      .384841      .381775      .378708      .375642    
  .372575      .369509      .366442      .363376      .360310    
  .357243      .354177      .351110      .348044      .344977    
  .341911      .338844      .335778      .332711      .329645    
  .326578      .323512      .320445      .317379      .314313    
  .311246      .308180      .305113      .302047      .298980    
  .295914      .292847      .289781      .286714      .283648    
  .280581      .277515      .274449      .271382      .268316    
  .265249      .262183      .259116      .256050      .252983    
  .249917      .246850      .243784      .240717      .237651    
  .234584      .231518      .228452      .225385      .222319    
  .219252      .216186      .213119      .210053      .206986    
  .203920      .200853      .197787      .194720      .191654    
  .188588      .185521      .182455      .179388      .176322    
  .173255      .170189      .167122      .164056      .160989    
  .157923      .154856      .151790      .148723      .145657    
  .142591      .139524      .136458      .133391      .130325    
  .127258      .124192      .121125      .118059      .114992    
  .111926      .108859      .105793      .102727      .996601E-01
  .965936E-01  .935271E-01  .904607E-01  .873942E-01  .843278E-01
  .812613E-01  .781948E-01  .751284E-01  .720619E-01  .689954E-01
  .659290E-01  .628625E-01  .597960E-01  .567296E-01  .536631E-01
  .505967E-01  .475302E-01  .444637E-01  .413973E-01  .383308E-01
  .352643E-01  .321979E-01  .291314E-01  .260649E-01  .229985E-01
  .199320E-01  .168656E-01  .137991E-01  .107326E-01  .766616E-02
  .459970E-02  .153323E-02
 jcap=  1022 lonf=  2048 latg=  1024 numreduce= 4
