     0.010
     0.030
     0.050
     0.100
     0.200
     0.300
     0.500
     1.000
     1.500
     2.000
     3.000
     5.000
     7.000
    10.000
    15.000
    20.000
    30.000
    50.000
    70.000
    80.000
   100.000
   150.000
   200.000
   250.000
   300.000
   400.000
   500.000
   600.000
 1 -90  0.02  0.07  0.12  0.24  0.48  0.70  1.14  2.10  3.14  3.89  5.33  6.10  5.84  5.01  4.10  3.60  3.60  3.28  2.45  2.06  1.40  0.68  0.42  0.24  0.12  0.05  0.03  0.02
 1 -85  0.02  0.07  0.12  0.24  0.47  0.70  1.13  2.09  3.14  3.87  5.29  6.10  5.88  5.08  4.19  3.65  3.56  3.14  2.32  1.94  1.31  0.62  0.39  0.23  0.11  0.05  0.03  0.02
 1 -80  0.02  0.07  0.12  0.24  0.47  0.70  1.13  2.09  3.13  3.87  5.29  6.11  5.89  5.09  4.21  3.66  3.56  3.12  2.29  1.92  1.30  0.61  0.39  0.23  0.11  0.04  0.03  0.02
 1 -75  0.03  0.08  0.13  0.25  0.49  0.72  1.17  2.17  3.19  3.93  5.30  6.24  6.14  5.40  4.58  4.07  3.84  3.15  2.24  1.87  1.25  0.59  0.38  0.22  0.11  0.04  0.03  0.02
 1 -70  0.03  0.08  0.13  0.26  0.50  0.75  1.21  2.23  3.25  3.99  5.33  6.39  6.40  5.71  4.96  4.49  4.13  3.17  2.17  1.81  1.20  0.58  0.37  0.21  0.10  0.04  0.03  0.02
 1 -65  0.03  0.08  0.13  0.26  0.52  0.77  1.24  2.30  3.34  4.11  5.51  6.76  6.92  6.33  5.65  5.21  4.34  3.09  2.02  1.67  1.09  0.53  0.34  0.20  0.07  0.04  0.03  0.02
 1 -60  0.03  0.08  0.14  0.27  0.54  0.79  1.28  2.37  3.43  4.23  5.69  7.14  7.45  6.96  6.33  5.91  4.55  3.02  1.88  1.54  0.98  0.48  0.32  0.18  0.07  0.04  0.03  0.02
 1 -55  0.03  0.09  0.14  0.29  0.57  0.84  1.35  2.49  3.60  4.40  5.88  7.48  7.92  7.65  6.83  6.25  4.42  2.75  1.62  1.31  0.79  0.39  0.25  0.15  0.08  0.04  0.03  0.03
 1 -50  0.03  0.09  0.15  0.29  0.58  0.85  1.37  2.53  3.65  4.43  6.01  7.82  8.44  8.21  7.23  6.53  4.26  2.44  1.30  1.04  0.60  0.29  0.18  0.10  0.07  0.04  0.04  0.03
 1 -45  0.03  0.09  0.15  0.29  0.57  0.85  1.39  2.64  3.78  4.60  6.24  8.11  8.80  8.63  7.45  6.61  4.26  2.38  1.22  0.97  0.54  0.25  0.16  0.08  0.06  0.04  0.04  0.03
 1 -40  0.03  0.09  0.15  0.29  0.58  0.86  1.42  2.75  3.90  4.75  6.44  8.39  9.14  9.03  7.64  6.67  4.27  2.32  1.13  0.89  0.48  0.21  0.10  0.06  0.05  0.04  0.04  0.03
 1 -35  0.03  0.09  0.15  0.30  0.59  0.88  1.45  2.82  4.05  4.95  6.71  8.67  9.39  9.21  7.82  6.85  4.27  2.03  0.90  0.69  0.35  0.15  0.08  0.06  0.05  0.05  0.04  0.04
 1 -30  0.03  0.09  0.15  0.30  0.60  0.89  1.48  2.89  4.17  5.11  6.95  8.92  9.60  9.42  7.99  7.00  4.26  1.74  0.67  0.51  0.23  0.10  0.06  0.05  0.05  0.05  0.04  0.04
 1 -25  0.03  0.09  0.15  0.31  0.61  0.91  1.50  2.93  4.28  5.27  7.18  9.17  9.84  9.66  8.05  6.94  4.17  1.57  0.57  0.43  0.19  0.07  0.05  0.05  0.05  0.05  0.04  0.04
 1 -20  0.03  0.09  0.15  0.30  0.60  0.90  1.50  3.00  4.40  5.43  7.44  9.43 10.04  9.86  8.09  6.87  4.08  1.41  0.47  0.35  0.15  0.05  0.04  0.04  0.04  0.04  0.04  0.04
 1 -15  0.03  0.09  0.15  0.30  0.60  0.90  1.50  3.03  4.48  5.58  7.66  9.61 10.19 10.00  8.21  6.97  3.96  1.32  0.41  0.31  0.14  0.05  0.04  0.04  0.04  0.04  0.04  0.03
 1 -10  0.03  0.09  0.15  0.30  0.59  0.89  1.50  3.06  4.59  5.72  7.86  9.86 10.42 10.17  8.34  7.08  3.85  1.25  0.36  0.28  0.09  0.04  0.03  0.03  0.04  0.04  0.04  0.03
 1  -5  0.03  0.09  0.15  0.30  0.60  0.90  1.51  3.08  4.62  5.76  7.84  9.83 10.34 10.06  8.23  6.97  3.73  1.20  0.34  0.27  0.07  0.04  0.03  0.03  0.03  0.04  0.03  0.03
 1   0  0.03  0.10  0.16  0.32  0.63  0.94  1.56  3.04  4.62  5.78  7.86  9.75 10.21  9.93  8.11  6.86  3.61  1.16  0.32  0.26  0.06  0.04  0.03  0.03  0.03  0.04  0.03  0.03
 1   5  0.03  0.10  0.16  0.32  0.63  0.94  1.56  3.05  4.60  5.75  7.72  9.50  9.95  9.64  7.94  6.79  3.75  1.27  0.37  0.29  0.06  0.04  0.03  0.03  0.03  0.04  0.04  0.04
 1  10  0.03  0.10  0.16  0.32  0.64  0.95  1.57  3.04  4.60  5.73  7.65  9.26  9.66  9.36  7.79  6.73  3.90  1.38  0.43  0.33  0.06  0.04  0.04  0.04  0.04  0.04  0.04  0.04
 1  15  0.03  0.10  0.16  0.32  0.64  0.96  1.58  3.06  4.59  5.72  7.57  8.99  9.27  8.93  7.49  6.49  3.91  1.44  0.44  0.33  0.07  0.04  0.04  0.04  0.04  0.05  0.05  0.05
 1  20  0.03  0.10  0.17  0.33  0.66  0.98  1.60  3.06  4.58  5.68  7.45  8.71  8.86  8.49  7.18  6.26  3.92  1.49  0.45  0.34  0.13  0.05  0.04  0.04  0.04  0.05  0.05  0.05
 1  25  0.03  0.10  0.17  0.33  0.66  0.99  1.62  3.14  4.66  5.78  7.40  8.38  8.41  8.01  7.06  6.39  4.29  1.74  0.62  0.47  0.22  0.06  0.05  0.05  0.05  0.05  0.05  0.05
 1  30  0.04  0.11  0.18  0.35  0.70  1.03  1.69  3.20  4.76  5.86  7.33  8.08  7.96  7.53  6.92  6.50  4.63  2.04  0.82  0.63  0.31  0.11  0.08  0.07  0.06  0.05  0.05  0.05
 1  35  0.04  0.11  0.19  0.37  0.74  1.09  1.77  3.34  4.91  6.01  7.24  7.78  7.62  7.18  6.71  6.41  5.00  2.50  1.22  0.95  0.51  0.26  0.17  0.09  0.07  0.06  0.05  0.05
 1  40  0.04  0.12  0.20  0.39  0.78  1.15  1.87  3.50  5.09  6.15  7.16  7.49  7.28  6.87  6.54  6.31  5.36  2.96  1.62  1.28  0.72  0.38  0.23  0.13  0.09  0.06  0.05  0.05
 1  45  0.04  0.12  0.21  0.41  0.81  1.20  1.95  3.67  5.21  6.21  7.02  7.25  7.05  6.67  6.47  6.35  5.45  3.24  1.89  1.53  0.93  0.50  0.27  0.17  0.10  0.06  0.05  0.05
 1  50  0.04  0.13  0.21  0.42  0.83  1.24  2.02  3.83  5.28  6.22  6.88  7.01  6.84  6.52  6.43  6.38  5.53  3.52  2.15  1.78  1.15  0.61  0.32  0.19  0.10  0.06  0.05  0.05
 1  55  0.04  0.13  0.21  0.43  0.85  1.25  2.04  3.84  5.08  5.94  6.58  6.86  6.74  6.46  6.19  5.99  5.24  3.51  2.31  1.94  1.33  0.68  0.38  0.22  0.10  0.06  0.05  0.05
 1  60  0.04  0.13  0.22  0.44  0.86  1.28  2.08  3.93  5.11  5.93  6.52  6.80  6.68  6.37  5.98  5.72  5.01  3.56  2.51  2.13  1.49  0.75  0.43  0.24  0.11  0.06  0.05  0.05
 1  65  0.04  0.13  0.22  0.43  0.85  1.25  2.04  3.83  4.99  5.82  6.51  6.94  6.89  6.58  6.10  5.75  4.86  3.55  2.50  2.12  1.49  0.75  0.42  0.24  0.11  0.06  0.06  0.05
 1  70  0.04  0.13  0.21  0.42  0.83  1.23  2.00  3.72  4.89  5.72  6.51  7.07  7.08  6.78  6.21  5.79  4.70  3.54  2.49  2.11  1.49  0.74  0.40  0.23  0.11  0.06  0.05  0.05
 1  75  0.04  0.12  0.20  0.40  0.79  1.17  1.90  3.50  4.60  5.39  6.22  6.73  6.66  6.28  5.71  5.28  4.45  3.47  2.58  2.24  1.68  0.78  0.41  0.24  0.12  0.07  0.06  0.05
 1  80  0.04  0.12  0.20  0.39  0.77  1.13  1.81  3.25  4.32  5.07  5.93  6.37  6.23  5.78  5.20  4.75  4.20  3.38  2.67  2.37  1.87  0.83  0.42  0.25  0.12  0.07  0.06  0.05
 1  85  0.04  0.12  0.20  0.39  0.77  1.13  1.81  3.24  4.31  5.06  5.93  6.36  6.24  5.80  5.23  4.77  4.20  3.38  2.67  2.37  1.87  0.83  0.42  0.25  0.12  0.07  0.06  0.05
 1  90  0.04  0.12  0.20  0.40  0.78  1.14  1.83  3.28  4.35  5.10  5.93  6.40  6.31  5.94  5.37  4.87  4.25  3.39  2.68  2.38  1.89  0.85  0.43  0.25  0.12  0.07  0.06  0.05
 2 -90  0.03  0.09  0.15  0.30  0.59  0.87  1.41  2.61  3.80  4.58  5.53  5.48  4.95  4.21  3.78  3.58  3.36  2.91  2.21  1.87  1.28  0.61  0.39  0.25  0.14  0.04  0.03  0.02
 2 -85  0.03  0.09  0.15  0.30  0.59  0.87  1.41  2.60  3.79  4.58  5.56  5.57  5.07  4.34  3.93  3.70  3.40  2.83  2.10  1.77  1.21  0.56  0.36  0.23  0.13  0.04  0.03  0.02
 2 -80  0.03  0.09  0.15  0.30  0.59  0.87  1.41  2.60  3.77  4.57  5.59  5.63  5.12  4.36  3.95  3.72  3.41  2.82  2.09  1.76  1.20  0.55  0.36  0.23  0.13  0.04  0.03  0.02
 2 -75  0.03  0.09  0.15  0.30  0.58  0.86  1.39  2.57  3.75  4.59  5.74  6.05  5.65  4.88  4.37  4.07  3.61  2.82  2.08  1.74  1.16  0.53  0.35  0.22  0.12  0.04  0.03  0.02
 2 -70  0.03  0.09  0.15  0.29  0.58  0.86  1.38  2.54  3.74  4.62  5.91  6.49  6.20  5.41  4.80  4.42  3.80  2.82  2.07  1.72  1.13  0.51  0.34  0.21  0.11  0.04  0.03  0.02
 2 -65  0.03  0.09  0.15  0.30  0.59  0.87  1.41  2.59  3.81  4.72  6.14  6.97  6.82  6.07  5.35  4.90  4.05  2.79  1.96  1.62  1.05  0.48  0.32  0.19  0.08  0.04  0.03  0.02
 2 -60  0.03  0.09  0.15  0.30  0.60  0.88  1.43  2.63  3.86  4.79  6.32  7.43  7.44  6.73  5.91  5.37  4.31  2.77  1.86  1.52  0.97  0.45  0.31  0.18  0.08  0.04  0.03  0.03
 2 -55  0.03  0.10  0.16  0.32  0.62  0.92  1.48  2.72  3.99  4.90  6.44  7.72  7.89  7.40  6.50  5.88  4.28  2.58  1.58  1.28  0.77  0.37  0.24  0.14  0.07  0.04  0.03  0.03
 2 -50  0.03  0.10  0.16  0.32  0.63  0.93  1.50  2.74  3.97  4.86  6.47  8.02  8.38  7.94  7.00  6.36  4.22  2.35  1.23  0.98  0.56  0.28  0.17  0.09  0.06  0.04  0.04  0.03
 2 -45  0.03  0.10  0.16  0.32  0.62  0.93  1.50  2.82  4.07  4.97  6.63  8.25  8.71  8.37  7.25  6.49  4.24  2.24  1.16  0.91  0.49  0.24  0.12  0.07  0.05  0.04  0.04  0.03
 2 -40  0.03  0.10  0.16  0.32  0.62  0.93  1.52  2.90  4.14  5.06  6.75  8.47  9.03  8.78  7.50  6.62  4.27  2.11  1.08  0.83  0.42  0.19  0.09  0.06  0.05  0.04  0.04  0.03
 2 -35  0.03  0.10  0.16  0.32  0.63  0.93  1.53  2.94  4.24  5.18  6.92  8.69  9.28  9.04  7.69  6.74  4.20  1.87  0.87  0.67  0.32  0.13  0.07  0.05  0.05  0.04  0.04  0.04
 2 -30  0.03  0.10  0.16  0.32  0.63  0.94  1.54  2.99  4.30  5.27  7.06  8.88  9.50  9.33  7.86  6.84  4.12  1.64  0.68  0.51  0.22  0.09  0.06  0.05  0.04  0.04  0.04  0.04
 2 -25  0.03  0.09  0.16  0.31  0.62  0.93  1.53  2.97  4.32  5.30  7.14  9.11  9.80  9.67  8.01  6.85  4.03  1.51  0.56  0.42  0.18  0.06  0.04  0.04  0.04  0.04  0.04  0.04
 2 -20  0.03  0.09  0.15  0.30  0.60  0.90  1.50  2.98  4.33  5.31  7.26  9.34 10.08  9.98  8.14  6.86  3.94  1.39  0.44  0.33  0.14  0.05  0.04  0.04  0.04  0.04  0.04  0.04
 2 -15  0.03  0.09  0.15  0.30  0.59  0.89  1.48  2.94  4.30  5.33  7.35  9.53 10.30 10.21  8.30  6.97  3.89  1.28  0.40  0.31  0.13  0.04  0.03  0.03  0.04  0.04  0.04  0.03
 2 -10  0.03  0.09  0.14  0.29  0.58  0.87  1.45  2.91  4.30  5.33  7.44  9.77 10.59 10.45  8.47  7.09  3.83  1.18  0.36  0.28  0.08  0.04  0.03  0.03  0.03  0.04  0.03  0.03
 2  -5  0.03  0.09  0.14  0.29  0.57  0.86  1.44  2.90  4.28  5.32  7.41  9.78 10.57 10.39  8.23  6.72  3.71  1.16  0.36  0.28  0.07  0.04  0.03  0.03  0.03  0.03  0.03  0.03
 2   0  0.03  0.09  0.15  0.31  0.61  0.91  1.49  2.83  4.24  5.28  7.39  9.71 10.47 10.28  7.97  6.34  3.59  1.16  0.35  0.29  0.06  0.04  0.03  0.03  0.03  0.04  0.04  0.03
 2   5  0.03  0.09  0.15  0.31  0.61  0.90  1.49  2.87  4.27  5.32  7.34  9.55 10.25 10.01  7.97  6.55  3.71  1.28  0.42  0.33  0.06  0.04  0.03  0.03  0.04  0.04  0.04  0.04
 2  10  0.03  0.09  0.15  0.31  0.61  0.91  1.49  2.90  4.34  5.39  7.37  9.41 10.03  9.77  7.98  6.77  3.84  1.39  0.48  0.36  0.06  0.04  0.04  0.04  0.04  0.04  0.05  0.04
 2  15  0.03  0.09  0.15  0.31  0.61  0.92  1.51  2.94  4.36  5.41  7.32  9.17  9.70  9.42  7.84  6.76  4.00  1.48  0.51  0.38  0.07  0.04  0.04  0.04  0.04  0.05  0.05  0.05
 2  20  0.03  0.10  0.16  0.32  0.64  0.95  1.55  2.97  4.40  5.43  7.27  8.92  9.33  9.04  7.69  6.76  4.16  1.57  0.54  0.40  0.09  0.05  0.05  0.05  0.05  0.05  0.05  0.05
 2  25  0.03  0.10  0.16  0.33  0.65  0.96  1.58  3.05  4.50  5.58  7.32  8.67  8.90  8.56  7.43  6.65  4.45  1.77  0.68  0.51  0.21  0.07  0.06  0.05  0.05  0.05  0.05  0.05
 2  30  0.03  0.10  0.17  0.34  0.68  1.01  1.65  3.12  4.62  5.70  7.35  8.42  8.47  8.05  7.14  6.52  4.72  2.02  0.86  0.65  0.29  0.18  0.09  0.07  0.06  0.06  0.05  0.05
 2  35  0.04  0.11  0.18  0.36  0.71  1.06  1.72  3.23  4.79  5.92  7.39  8.18  8.09  7.62  6.91  6.45  5.02  2.58  1.27  0.98  0.51  0.33  0.23  0.11  0.08  0.06  0.05  0.05
 2  40  0.04  0.12  0.19  0.38  0.75  1.11  1.80  3.35  5.01  6.17  7.45  7.92  7.70  7.22  6.71  6.37  5.29  3.14  1.67  1.33  0.74  0.48  0.31  0.16  0.10  0.06  0.06  0.05
 2  45  0.04  0.12  0.20  0.39  0.78  1.15  1.88  3.53  5.22  6.36  7.40  7.69  7.44  6.96  6.56  6.32  5.42  3.43  2.01  1.63  1.00  0.59  0.35  0.21  0.11  0.07  0.06  0.05
 2  50  0.04  0.12  0.20  0.41  0.81  1.20  1.96  3.72  5.40  6.53  7.37  7.47  7.20  6.76  6.45  6.28  5.53  3.71  2.32  1.92  1.26  0.70  0.40  0.23  0.12  0.07  0.06  0.06
 2  55  0.04  0.13  0.21  0.43  0.84  1.25  2.04  3.85  5.42  6.46  7.19  7.28  7.03  6.65  6.31  6.08  5.49  3.78  2.46  2.06  1.41  0.75  0.44  0.25  0.12  0.07  0.06  0.06
 2  60  0.05  0.14  0.23  0.45  0.89  1.32  2.15  4.06  5.64  6.67  7.22  7.19  6.92  6.51  6.20  6.00  5.52  3.91  2.65  2.24  1.56  0.80  0.48  0.27  0.12  0.07  0.06  0.06
 2  65  0.05  0.14  0.23  0.45  0.89  1.33  2.16  4.06  5.50  6.43  6.99  7.10  6.91  6.58  6.20  5.94  5.37  3.80  2.72  2.32  1.67  0.85  0.48  0.28  0.12  0.07  0.06  0.06
 2  70  0.05  0.14  0.23  0.45  0.90  1.33  2.15  4.03  5.32  6.17  6.74  7.00  6.91  6.64  6.20  5.88  5.22  3.69  2.79  2.40  1.76  0.90  0.47  0.28  0.13  0.07  0.06  0.05
 2  75  0.05  0.14  0.23  0.45  0.89  1.31  2.13  3.96  5.05  5.78  6.59  7.17  7.22  6.95  6.41  6.02  5.23  3.64  2.83  2.44  1.80  0.94  0.49  0.28  0.13  0.07  0.06  0.06
 2  80  0.04  0.13  0.22  0.44  0.88  1.29  2.09  3.88  4.78  5.39  6.45  7.34  7.51  7.25  6.61  6.14  5.24  3.58  2.87  2.48  1.84  0.98  0.51  0.28  0.15  0.08  0.06  0.06
 2  85  0.04  0.13  0.22  0.44  0.87  1.29  2.08  3.85  4.75  5.35  6.41  7.33  7.52  7.27  6.62  6.16  5.25  3.58  2.87  2.47  1.83  0.98  0.51  0.28  0.15  0.08  0.06  0.06
 2  90  0.04  0.13  0.22  0.44  0.87  1.28  2.07  3.82  4.75  5.37  6.47  7.43  7.63  7.38  6.74  6.28  5.33  3.60  2.89  2.49  1.85  1.01  0.52  0.29  0.16  0.08  0.06  0.05
 3 -90  0.04  0.13  0.22  0.44  0.86  1.26  2.02  3.65  4.65  5.26  5.31  5.05  4.70  4.21  3.67  3.35  3.33  2.70  2.15  1.84  1.27  0.60  0.36  0.22  0.11  0.04  0.03  0.02
 3 -85  0.04  0.13  0.22  0.44  0.87  1.28  2.05  3.69  4.77  5.44  5.52  5.21  4.83  4.32  3.77  3.44  3.40  2.70  2.10  1.78  1.22  0.57  0.33  0.20  0.11  0.04  0.03  0.02
 3 -80  0.04  0.13  0.22  0.44  0.87  1.27  2.04  3.68  4.82  5.54  5.62  5.25  4.85  4.30  3.77  3.44  3.42  2.72  2.10  1.77  1.22  0.56  0.33  0.20  0.10  0.04  0.03  0.02
 3 -75  0.04  0.13  0.21  0.42  0.83  1.22  1.95  3.52  4.87  5.73  6.15  5.84  5.35  4.70  4.09  3.71  3.53  2.74  2.07  1.73  1.16  0.54  0.32  0.19  0.10  0.04  0.03  0.02
 3 -70  0.04  0.12  0.20  0.40  0.78  1.15  1.85  3.36  4.87  5.89  6.66  6.42  5.86  5.11  4.41  3.97  3.62  2.76  2.05  1.69  1.11  0.52  0.31  0.18  0.09  0.04  0.03  0.02
 3 -65  0.04  0.12  0.19  0.39  0.76  1.12  1.80  3.26  4.82  5.91  6.94  6.94  6.45  5.68  5.02  4.60  3.83  2.75  1.93  1.59  1.03  0.49  0.29  0.18  0.09  0.05  0.03  0.03
 3 -60  0.04  0.11  0.19  0.37  0.73  1.08  1.74  3.17  4.76  5.90  7.19  7.46  7.06  6.25  5.63  5.23  4.03  2.73  1.81  1.48  0.96  0.46  0.28  0.16  0.08  0.05  0.03  0.03
 3 -55  0.04  0.11  0.19  0.37  0.73  1.08  1.74  3.16  4.74  5.86  7.26  7.80  7.54  6.87  6.19  5.75  4.27  2.62  1.59  1.29  0.79  0.37  0.22  0.13  0.07  0.04  0.03  0.03
 3 -50  0.04  0.11  0.18  0.37  0.72  1.06  1.70  3.08  4.59  5.66  7.22  8.13  8.06  7.37  6.67  6.23  4.48  2.47  1.29  1.04  0.61  0.27  0.16  0.08  0.06  0.04  0.04  0.03
 3 -45  0.04  0.11  0.18  0.35  0.70  1.03  1.67  3.08  4.56  5.63  7.26  8.36  8.43  7.84  6.80  6.13  4.33  2.33  1.17  0.94  0.54  0.23  0.11  0.07  0.05  0.04  0.04  0.03
 3 -40  0.04  0.10  0.17  0.35  0.68  1.01  1.64  3.07  4.52  5.57  7.26  8.56  8.78  8.32  6.96  6.05  4.17  2.19  1.06  0.84  0.46  0.19  0.09  0.06  0.05  0.04  0.04  0.03
 3 -35  0.03  0.10  0.17  0.34  0.67  0.99  1.62  3.06  4.52  5.58  7.31  8.74  9.07  8.72  7.49  6.65  4.21  1.96  0.86  0.67  0.34  0.13  0.07  0.05  0.04  0.04  0.04  0.03
 3 -30  0.03  0.10  0.17  0.33  0.66  0.98  1.60  3.05  4.50  5.55  7.34  8.91  9.35  9.12  8.01  7.22  4.25  1.73  0.66  0.49  0.22  0.09  0.05  0.04  0.04  0.04  0.04  0.03
 3 -25  0.03  0.10  0.16  0.32  0.64  0.96  1.57  3.01  4.42  5.44  7.25  9.04  9.64  9.52  8.20  7.26  4.13  1.49  0.51  0.38  0.15  0.06  0.04  0.04  0.04  0.04  0.04  0.03
 3 -20  0.03  0.09  0.16  0.31  0.62  0.92  1.52  2.97  4.32  5.29  7.17  9.20  9.92  9.88  8.37  7.30  4.02  1.25  0.37  0.27  0.10  0.04  0.03  0.03  0.04  0.04  0.04  0.03
 3 -15  0.03  0.09  0.15  0.30  0.61  0.90  1.49  2.91  4.19  5.15  7.03  9.24 10.14 10.21  8.43  7.17  3.97  1.22  0.37  0.27  0.11  0.04  0.03  0.03  0.03  0.04  0.04  0.03
 3 -10  0.03  0.09  0.15  0.30  0.59  0.88  1.46  2.86  4.09  4.99  6.90  9.33 10.40 10.53  8.50  7.06  3.92  1.20  0.36  0.28  0.12  0.03  0.03  0.03  0.03  0.03  0.03  0.03
 3  -5  0.03  0.09  0.15  0.29  0.58  0.87  1.45  2.84  4.03  4.91  6.81  9.32 10.42 10.55  8.44  6.95  3.88  1.19  0.36  0.28  0.07  0.03  0.03  0.03  0.03  0.03  0.03  0.03
 3   0  0.03  0.09  0.16  0.31  0.61  0.91  1.48  2.77  3.95  4.81  6.71  9.21 10.33 10.50  8.36  6.85  3.85  1.21  0.36  0.28  0.13  0.03  0.03  0.03  0.03  0.03  0.03  0.03
 3   5  0.03  0.09  0.15  0.31  0.61  0.90  1.48  2.82  4.02  4.93  6.80  9.20 10.22 10.27  8.31  6.94  3.91  1.29  0.41  0.32  0.06  0.04  0.03  0.03  0.03  0.04  0.04  0.04
 3  10  0.03  0.09  0.15  0.30  0.60  0.90  1.48  2.87  4.15  5.09  6.94  9.20 10.10 10.10  8.28  7.04  3.99  1.37  0.46  0.35  0.07  0.04  0.03  0.03  0.04  0.04  0.05  0.05
 3  15  0.03  0.09  0.15  0.31  0.61  0.91  1.50  2.93  4.22  5.19  7.00  9.08  9.86  9.77  8.01  6.82  4.06  1.43  0.47  0.36  0.07  0.04  0.04  0.04  0.04  0.05  0.05  0.05
 3  20  0.03  0.10  0.16  0.32  0.63  0.94  1.55  2.97  4.32  5.30  7.09  8.95  9.55  9.40  7.73  6.59  4.11  1.48  0.48  0.37  0.15  0.05  0.05  0.05  0.05  0.05  0.05  0.05
 3  25  0.03  0.10  0.16  0.32  0.64  0.96  1.57  3.02  4.41  5.45  7.23  8.82  9.24  9.01  7.57  6.59  4.37  1.78  0.67  0.52  0.25  0.08  0.06  0.06  0.06  0.06  0.06  0.05
 3  30  0.03  0.10  0.17  0.34  0.66  0.99  1.61  3.06  4.51  5.57  7.33  8.69  8.91  8.59  7.39  6.58  4.61  2.14  0.88  0.69  0.36  0.20  0.11  0.08  0.07  0.06  0.06  0.05
 3  35  0.04  0.10  0.17  0.35  0.69  1.02  1.65  3.10  4.63  5.75  7.47  8.58  8.62  8.18  7.18  6.53  4.74  2.60  1.29  1.04  0.61  0.36  0.25  0.12  0.09  0.06  0.06  0.05
 3  40  0.04  0.11  0.18  0.36  0.71  1.05  1.70  3.13  4.78  5.96  7.65  8.47  8.33  7.79  7.00  6.49  4.87  3.06  1.69  1.39  0.87  0.51  0.33  0.18  0.11  0.07  0.06  0.05
 3  45  0.04  0.11  0.18  0.36  0.72  1.06  1.73  3.23  4.93  6.15  7.69  8.28  8.05  7.46  6.75  6.31  5.10  3.35  2.00  1.66  1.08  0.64  0.39  0.22  0.12  0.07  0.06  0.06
 3  50  0.04  0.11  0.18  0.37  0.73  1.08  1.76  3.33  5.08  6.32  7.76  8.12  7.79  7.19  6.54  6.14  5.33  3.64  2.29  1.91  1.29  0.77  0.45  0.26  0.13  0.07  0.06  0.06
 3  55  0.04  0.11  0.19  0.38  0.75  1.11  1.81  3.41  5.13  6.35  7.63  7.91  7.55  6.96  6.39  6.03  5.35  3.77  2.46  2.08  1.44  0.84  0.51  0.28  0.14  0.07  0.06  0.06
 3  60  0.04  0.12  0.20  0.40  0.79  1.17  1.91  3.59  5.41  6.65  7.72  7.80  7.36  6.72  6.28  6.02  5.44  3.96  2.70  2.28  1.58  0.91  0.55  0.31  0.14  0.08  0.06  0.06
 3  65  0.04  0.13  0.21  0.41  0.82  1.21  1.97  3.70  5.42  6.57  7.50  7.56  7.15  6.57  6.12  5.86  5.33  4.00  2.81  2.40  1.73  0.97  0.59  0.33  0.14  0.08  0.06  0.06
 3  70  0.04  0.13  0.21  0.43  0.84  1.25  2.03  3.81  5.42  6.50  7.28  7.32  6.95  6.42  5.97  5.71  5.23  4.03  2.92  2.53  1.88  1.03  0.63  0.37  0.14  0.08  0.06  0.06
 3  75  0.04  0.13  0.22  0.43  0.85  1.26  2.04  3.81  5.29  6.28  7.04  7.24  7.00  6.55  5.96  5.58  5.16  4.08  2.98  2.58  1.93  1.07  0.62  0.36  0.15  0.08  0.06  0.06
 3  80  0.04  0.13  0.22  0.43  0.85  1.26  2.05  3.81  5.14  6.05  6.79  7.15  7.04  6.69  5.94  5.45  5.08  4.11  3.04  2.64  1.98  1.11  0.62  0.35  0.15  0.08  0.06  0.06
 3  85  0.04  0.13  0.22  0.43  0.85  1.26  2.04  3.80  5.12  6.02  6.77  7.13  7.03  6.71  5.97  5.47  5.10  4.13  3.06  2.65  1.98  1.11  0.62  0.35  0.14  0.08  0.07  0.06
 3  90  0.04  0.13  0.22  0.43  0.84  1.25  2.02  3.75  5.01  5.90  6.62  7.06  7.04  6.80  6.10  5.61  5.24  4.24  3.14  2.73  2.04  1.16  0.63  0.36  0.15  0.08  0.07  0.06
 4 -90  0.06  0.17  0.28  0.55  1.06  1.55  2.42  4.09  4.72  5.11  5.26  5.01  4.64  4.11  3.51  3.18  2.91  2.87  2.19  1.83  1.21  0.54  0.32  0.18  0.09  0.04  0.03  0.03
 4 -85  0.06  0.17  0.28  0.56  1.09  1.59  2.49  4.22  4.90  5.32  5.46  5.20  4.79  4.22  3.59  3.24  2.96  2.88  2.16  1.80  1.18  0.52  0.31  0.19  0.09  0.04  0.03  0.03
 4 -80  0.06  0.17  0.29  0.57  1.10  1.61  2.52  4.29  4.97  5.39  5.51  5.22  4.79  4.21  3.59  3.23  2.96  2.88  2.16  1.79  1.18  0.52  0.31  0.19  0.09  0.04  0.03  0.03
 4 -75  0.06  0.17  0.28  0.55  1.08  1.58  2.49  4.31  5.34  6.00  6.12  5.71  5.22  4.60  3.98  3.64  3.32  2.88  2.13  1.77  1.17  0.50  0.30  0.18  0.09  0.04  0.03  0.03
 4 -70  0.05  0.16  0.27  0.54  1.05  1.54  2.44  4.28  5.68  6.60  6.72  6.20  5.66  5.00  4.41  4.06  3.69  2.87  2.10  1.74  1.17  0.49  0.29  0.17  0.08  0.04  0.03  0.03
 4 -65  0.05  0.16  0.26  0.51  1.01  1.48  2.36  4.19  5.77  6.81  7.12  6.68  6.17  5.50  4.96  4.62  3.97  2.87  1.99  1.65  1.08  0.46  0.26  0.16  0.08  0.04  0.03  0.03
 4 -60  0.05  0.15  0.25  0.49  0.97  1.42  2.28  4.09  5.83  7.00  7.50  7.16  6.66  5.98  5.50  5.17  4.24  2.85  1.88  1.54  1.00  0.42  0.23  0.14  0.08  0.04  0.03  0.03
 4 -55  0.05  0.14  0.24  0.47  0.93  1.36  2.18  3.94  5.75  6.96  7.66  7.52  7.08  6.48  6.09  5.81  4.51  2.72  1.67  1.35  0.80  0.35  0.18  0.11  0.07  0.04  0.03  0.03
 4 -50  0.05  0.14  0.22  0.45  0.87  1.29  2.06  3.72  5.52  6.74  7.72  7.89  7.53  6.85  6.59  6.41  4.75  2.56  1.38  1.09  0.60  0.28  0.13  0.09  0.06  0.04  0.03  0.03
 4 -45  0.04  0.13  0.21  0.42  0.82  1.21  1.95  3.56  5.31  6.53  7.74  8.14  7.89  7.24  6.63  6.24  4.57  2.39  1.28  1.01  0.56  0.25  0.12  0.07  0.05  0.04  0.03  0.03
 4 -40  0.04  0.12  0.20  0.40  0.78  1.15  1.86  3.39  5.10  6.30  7.74  8.40  8.26  7.65  6.71  6.08  4.39  2.21  1.19  0.94  0.51  0.21  0.09  0.06  0.04  0.04  0.03  0.03
 4 -35  0.04  0.11  0.19  0.37  0.74  1.09  1.77  3.29  4.94  6.12  7.69  8.64  8.65  8.16  6.95  6.13  4.22  1.97  1.00  0.79  0.41  0.17  0.08  0.05  0.04  0.04  0.03  0.03
 4 -30  0.04  0.11  0.18  0.36  0.71  1.05  1.70  3.18  4.76  5.89  7.61  8.85  9.05  8.70  7.23  6.19  4.04  1.74  0.81  0.63  0.32  0.09  0.06  0.04  0.04  0.04  0.04  0.03
 4 -25  0.03  0.10  0.17  0.34  0.68  1.01  1.65  3.10  4.59  5.66  7.40  8.93  9.36  9.19  7.66  6.55  4.04  1.53  0.61  0.46  0.22  0.06  0.04  0.04  0.04  0.04  0.04  0.03
 4 -20  0.03  0.10  0.17  0.33  0.65  0.97  1.59  3.03  4.41  5.39  7.18  9.04  9.68  9.64  8.06  6.90  4.05  1.33  0.41  0.30  0.12  0.04  0.03  0.03  0.03  0.04  0.04  0.03
 4 -15  0.03  0.10  0.16  0.32  0.64  0.95  1.56  2.97  4.27  5.21  6.96  8.97  9.83  9.96  8.28  7.08  4.03  1.25  0.38  0.29  0.12  0.04  0.03  0.03  0.03  0.03  0.03  0.03
 4 -10  0.03  0.10  0.16  0.32  0.63  0.94  1.53  2.92  4.14  5.02  6.77  8.97 10.01 10.28  8.52  7.25  4.01  1.17  0.34  0.27  0.11  0.03  0.03  0.03  0.03  0.03  0.03  0.03
 4  -5  0.03  0.09  0.16  0.31  0.62  0.93  1.52  2.89  4.08  4.93  6.65  8.94 10.05 10.34  8.54  7.26  4.03  1.18  0.34  0.26  0.12  0.03  0.03  0.03  0.03  0.03  0.03  0.03
 4   0  0.03  0.10  0.16  0.32  0.63  0.94  1.52  2.85  4.01  4.83  6.53  8.84  9.98 10.34  8.55  7.27  4.06  1.21  0.34  0.27  0.12  0.03  0.03  0.03  0.03  0.03  0.03  0.03
 4   5  0.03  0.10  0.16  0.32  0.63  0.93  1.52  2.88  4.07  4.95  6.67  8.93  9.94 10.12  8.44  7.24  4.13  1.31  0.50  0.38  0.14  0.03  0.03  0.03  0.03  0.04  0.04  0.03
 4  10  0.03  0.09  0.16  0.31  0.62  0.92  1.51  2.91  4.18  5.12  6.87  9.03  9.91  9.96  8.34  7.21  4.21  1.40  0.66  0.48  0.16  0.04  0.03  0.03  0.04  0.04  0.04  0.04
 4  15  0.03  0.09  0.16  0.31  0.62  0.93  1.52  2.95  4.24  5.20  6.98  9.01  9.76  9.70  8.13  7.04  4.20  1.46  0.69  0.50  0.17  0.04  0.04  0.04  0.04  0.05  0.05  0.05
 4  20  0.03  0.10  0.16  0.32  0.64  0.95  1.55  2.97  4.31  5.29  7.11  8.96  9.55  9.41  7.89  6.85  4.19  1.53  0.72  0.53  0.17  0.06  0.05  0.05  0.05  0.05  0.05  0.05
 4  25  0.03  0.10  0.16  0.32  0.64  0.95  1.56  2.97  4.33  5.34  7.17  8.90  9.39  9.17  7.77  6.84  4.38  1.76  0.83  0.62  0.27  0.09  0.07  0.06  0.06  0.06  0.06  0.05
 4  30  0.03  0.10  0.16  0.32  0.64  0.95  1.56  2.97  4.35  5.37  7.20  8.83  9.19  8.89  7.63  6.81  4.55  2.03  0.95  0.74  0.38  0.18  0.11  0.08  0.07  0.06  0.06  0.05
 4  35  0.03  0.10  0.16  0.33  0.65  0.96  1.56  2.93  4.33  5.37  7.21  8.76  8.99  8.59  7.44  6.69  4.58  2.37  1.27  1.03  0.62  0.37  0.19  0.11  0.08  0.06  0.06  0.05
 4  40  0.03  0.10  0.17  0.33  0.65  0.96  1.56  2.88  4.34  5.40  7.28  8.67  8.79  8.31  7.27  6.59  4.61  2.73  1.60  1.33  0.86  0.53  0.33  0.15  0.10  0.07  0.06  0.05
 4  45  0.03  0.10  0.16  0.33  0.65  0.96  1.55  2.90  4.37  5.46  7.28  8.52  8.54  7.98  6.98  6.34  4.68  2.99  1.85  1.54  1.02  0.64  0.39  0.20  0.12  0.07  0.06  0.06
 4  50  0.03  0.10  0.16  0.32  0.64  0.95  1.54  2.91  4.42  5.51  7.32  8.39  8.33  7.71  6.73  6.10  4.76  3.25  2.09  1.75  1.19  0.74  0.46  0.26  0.13  0.07  0.06  0.06
 4  55  0.03  0.10  0.16  0.32  0.64  0.95  1.55  2.92  4.42  5.52  7.27  8.20  8.05  7.40  6.44  5.82  4.89  3.45  2.26  1.91  1.32  0.79  0.51  0.29  0.14  0.08  0.06  0.06
 4  60  0.03  0.10  0.17  0.33  0.66  0.98  1.60  3.01  4.65  5.82  7.45  8.11  7.82  7.08  6.20  5.63  5.09  3.71  2.49  2.10  1.46  0.85  0.56  0.32  0.15  0.08  0.06  0.06
 4  65  0.03  0.10  0.17  0.34  0.67  0.99  1.62  3.06  4.69  5.82  7.25  7.75  7.43  6.70  6.00  5.57  5.06  3.77  2.65  2.24  1.56  0.94  0.64  0.37  0.16  0.08  0.06  0.06
 4  70  0.03  0.10  0.17  0.34  0.68  1.01  1.65  3.11  4.72  5.81  7.05  7.39  7.03  6.33  5.82  5.52  5.04  3.83  2.81  2.38  1.66  1.04  0.72  0.42  0.19  0.08  0.06  0.06
 4  75  0.04  0.11  0.18  0.35  0.70  1.04  1.69  3.19  4.72  5.73  6.71  6.94  6.61  5.99  5.65  5.48  5.06  3.93  2.92  2.49  1.77  1.10  0.73  0.42  0.18  0.08  0.06  0.06
 4  80  0.04  0.11  0.18  0.36  0.72  1.06  1.74  3.29  4.72  5.65  6.37  6.48  6.18  5.65  5.48  5.42  5.07  4.04  3.02  2.60  1.88  1.16  0.73  0.42  0.17  0.09  0.06  0.06
 4  85  0.04  0.11  0.18  0.37  0.72  1.07  1.75  3.31  4.73  5.63  6.32  6.46  6.18  5.66  5.49  5.44  5.10  4.06  3.04  2.61  1.89  1.16  0.74  0.42  0.17  0.09  0.06  0.06
 4  90  0.04  0.11  0.18  0.37  0.72  1.07  1.75  3.30  4.74  5.63  6.31  6.45  6.22  5.74  5.59  5.57  5.24  4.16  3.12  2.68  1.94  1.18  0.75  0.43  0.18  0.09  0.06  0.06
 5 -90  0.06  0.18  0.29  0.57  1.11  1.60  2.45  3.85  4.67  5.24  5.25  4.96  4.38  3.74  3.54  3.48  3.37  2.79  2.11  1.75  1.13  0.49  0.27  0.15  0.06  0.04  0.03  0.03
 5 -85  0.06  0.18  0.30  0.59  1.13  1.63  2.51  3.96  4.86  5.48  5.47  5.10  4.49  3.82  3.60  3.53  3.40  2.81  2.10  1.74  1.13  0.49  0.27  0.16  0.06  0.04  0.03  0.03
 5 -80  0.06  0.18  0.30  0.59  1.14  1.64  2.53  4.00  4.92  5.56  5.53  5.11  4.50  3.81  3.59  3.52  3.40  2.82  2.10  1.74  1.13  0.49  0.27  0.16  0.06  0.04  0.03  0.03
 5 -75  0.06  0.18  0.30  0.59  1.13  1.64  2.54  4.09  5.18  5.92  6.06  5.72  5.19  4.51  4.07  3.84  3.53  2.72  1.97  1.63  1.07  0.46  0.26  0.15  0.06  0.04  0.03  0.03
 5 -70  0.06  0.18  0.30  0.58  1.13  1.64  2.55  4.23  5.48  6.30  6.58  6.31  5.86  5.20  4.55  4.18  3.67  2.63  1.84  1.52  1.00  0.44  0.24  0.14  0.07  0.04  0.03  0.03
 5 -65  0.06  0.18  0.30  0.60  1.16  1.69  2.67  4.57  5.96  6.86  6.95  6.58  6.14  5.53  5.06  4.79  4.18  2.78  1.85  1.50  0.95  0.45  0.24  0.14  0.07  0.04  0.03  0.03
 5 -60  0.06  0.18  0.30  0.60  1.18  1.73  2.75  4.84  6.37  7.36  7.30  6.83  6.41  5.85  5.57  5.39  4.68  2.91  1.84  1.47  0.89  0.45  0.23  0.14  0.07  0.04  0.03  0.03
 5 -55  0.06  0.18  0.29  0.58  1.13  1.66  2.65  4.72  6.46  7.55  7.63  7.17  6.73  6.24  5.98  5.77  4.79  2.73  1.72  1.36  0.77  0.43  0.21  0.13  0.06  0.04  0.03  0.03
 5 -50  0.06  0.17  0.28  0.55  1.07  1.58  2.52  4.49  6.36  7.56  7.86  7.53  7.09  6.51  6.29  6.11  4.88  2.52  1.51  1.19  0.65  0.42  0.19  0.09  0.06  0.04  0.03  0.03
 5 -45  0.05  0.15  0.25  0.50  0.98  1.44  2.31  4.14  6.01  7.26  7.90  7.81  7.40  6.80  6.39  6.10  4.77  2.42  1.41  1.11  0.59  0.37  0.17  0.07  0.05  0.04  0.03  0.03
 5 -40  0.05  0.14  0.23  0.45  0.89  1.31  2.11  3.79  5.67  6.95  7.94  8.10  7.75  7.12  6.53  6.10  4.65  2.31  1.31  1.02  0.53  0.33  0.15  0.06  0.05  0.04  0.03  0.03
 5 -35  0.04  0.13  0.21  0.42  0.82  1.21  1.95  3.57  5.35  6.59  7.83  8.32  8.11  7.58  6.92  6.47  4.56  2.06  1.05  0.81  0.39  0.24  0.09  0.06  0.04  0.04  0.03  0.03
 5 -30  0.04  0.12  0.19  0.39  0.76  1.12  1.81  3.34  5.02  6.21  7.70  8.53  8.50  8.07  7.34  6.83  4.46  1.81  0.80  0.60  0.26  0.10  0.06  0.05  0.04  0.04  0.04  0.03
 5 -25  0.04  0.11  0.19  0.37  0.73  1.07  1.74  3.22  4.78  5.88  7.45  8.62  8.84  8.59  7.59  6.86  4.33  1.66  0.64  0.47  0.19  0.06  0.04  0.04  0.04  0.04  0.04  0.03
 5 -20  0.04  0.11  0.18  0.35  0.70  1.03  1.67  3.09  4.51  5.51  7.18  8.74  9.19  9.07  7.82  6.89  4.21  1.51  0.48  0.36  0.14  0.04  0.03  0.03  0.03  0.03  0.04  0.03
 5 -15  0.03  0.10  0.17  0.34  0.68  1.00  1.63  3.05  4.40  5.36  6.99  8.70  9.38  9.44  8.10  7.13  4.21  1.39  0.41  0.31  0.12  0.04  0.03  0.03  0.03  0.03  0.03  0.03
 5 -10  0.03  0.10  0.17  0.34  0.67  0.99  1.61  3.00  4.28  5.19  6.84  8.72  9.58  9.81  8.39  7.37  4.21  1.27  0.33  0.25  0.11  0.03  0.03  0.03  0.03  0.03  0.03  0.03
 5  -5  0.03  0.10  0.17  0.34  0.66  0.98  1.60  2.98  4.24  5.15  6.79  8.75  9.67  9.93  8.32  7.16  4.00  1.10  0.29  0.23  0.10  0.03  0.03  0.03  0.03  0.03  0.03  0.03
 5   0  0.03  0.10  0.17  0.33  0.66  0.97  1.58  2.96  4.20  5.09  6.74  8.74  9.69  9.98  8.21  6.95  3.81  0.95  0.25  0.20  0.10  0.03  0.03  0.03  0.03  0.03  0.03  0.03
 5   5  0.03  0.10  0.17  0.33  0.65  0.97  1.57  2.96  4.22  5.16  6.85  8.86  9.72  9.88  8.30  7.16  4.10  1.21  0.42  0.33  0.16  0.03  0.03  0.03  0.03  0.03  0.03  0.03
 5  10  0.03  0.10  0.16  0.32  0.64  0.95  1.55  2.98  4.30  5.26  7.00  8.99  9.76  9.84  8.40  7.37  4.37  1.46  0.58  0.46  0.22  0.04  0.03  0.03  0.03  0.04  0.04  0.03
 5  15  0.03  0.10  0.16  0.32  0.63  0.94  1.55  2.98  4.30  5.26  7.03  8.98  9.68  9.64  8.26  7.29  4.29  1.54  0.63  0.49  0.24  0.05  0.04  0.04  0.04  0.05  0.05  0.04
 5  20  0.03  0.10  0.16  0.33  0.64  0.96  1.56  2.96  4.30  5.27  7.09  8.97  9.56  9.43  8.10  7.20  4.20  1.63  0.67  0.52  0.26  0.07  0.05  0.05  0.05  0.05  0.05  0.05
 5  25  0.03  0.10  0.16  0.32  0.64  0.95  1.55  2.93  4.26  5.24  7.05  8.87  9.44  9.26  7.96  7.09  4.43  1.82  0.79  0.62  0.33  0.11  0.07  0.06  0.06  0.06  0.06  0.05
 5  30  0.03  0.10  0.16  0.32  0.63  0.93  1.53  2.91  4.22  5.19  6.99  8.77  9.28  9.06  7.80  6.97  4.64  2.03  0.92  0.73  0.41  0.17  0.09  0.07  0.07  0.06  0.06  0.05
 5  35  0.03  0.10  0.16  0.32  0.63  0.93  1.51  2.85  4.15  5.10  6.88  8.63  9.08  8.81  7.60  6.80  4.65  2.29  1.16  0.95  0.59  0.33  0.14  0.09  0.07  0.06  0.06  0.05
 5  40  0.03  0.10  0.16  0.32  0.63  0.93  1.50  2.79  4.10  5.05  6.85  8.50  8.88  8.56  7.40  6.64  4.66  2.55  1.40  1.17  0.78  0.47  0.22  0.12  0.09  0.07  0.06  0.05
 5  45  0.03  0.09  0.16  0.31  0.61  0.90  1.47  2.75  4.03  4.98  6.72  8.32  8.66  8.26  7.11  6.37  4.63  2.74  1.64  1.38  0.93  0.58  0.35  0.16  0.10  0.07  0.06  0.05
 5  50  0.03  0.09  0.15  0.30  0.59  0.87  1.43  2.72  3.99  4.92  6.65  8.17  8.46  7.99  6.84  6.12  4.60  2.93  1.87  1.57  1.09  0.68  0.43  0.20  0.12  0.07  0.06  0.06
 5  55  0.03  0.09  0.15  0.29  0.57  0.85  1.40  2.66  3.88  4.80  6.53  7.98  8.17  7.65  6.53  5.82  4.60  3.08  1.99  1.67  1.16  0.73  0.48  0.28  0.13  0.08  0.06  0.06
 5  60  0.03  0.09  0.15  0.29  0.58  0.86  1.41  2.68  4.00  4.96  6.64  7.88  7.92  7.26  6.25  5.62  4.66  3.28  2.17  1.81  1.23  0.76  0.53  0.31  0.15  0.08  0.06  0.06
 5  65  0.03  0.09  0.14  0.29  0.57  0.85  1.38  2.63  3.92  4.85  6.43  7.48  7.42  6.72  5.74  5.13  4.37  3.30  2.30  1.93  1.34  0.83  0.59  0.36  0.16  0.08  0.06  0.06
 5  70  0.03  0.09  0.14  0.28  0.56  0.83  1.36  2.58  3.84  4.75  6.23  7.09  6.91  6.17  5.22  4.64  4.08  3.32  2.43  2.05  1.45  0.90  0.65  0.42  0.24  0.09  0.07  0.06
 5  75  0.03  0.09  0.14  0.28  0.56  0.83  1.36  2.58  3.89  4.83  6.22  6.81  6.48  5.69  4.98  4.57  4.20  3.41  2.47  2.10  1.48  0.92  0.65  0.42  0.23  0.09  0.07  0.06
 5  80  0.03  0.08  0.14  0.28  0.56  0.82  1.35  2.56  3.93  4.91  6.23  6.55  6.05  5.21  4.75  4.51  4.32  3.51  2.52  2.14  1.52  0.94  0.66  0.42  0.23  0.09  0.07  0.06
 5  85  0.03  0.08  0.14  0.28  0.55  0.82  1.34  2.54  3.91  4.90  6.22  6.53  6.02  5.19  4.72  4.49  4.32  3.52  2.54  2.15  1.52  0.94  0.66  0.42  0.23  0.09  0.07  0.06
 5  90  0.03  0.08  0.14  0.27  0.54  0.80  1.31  2.48  3.83  4.83  6.20  6.51  5.99  5.14  4.65  4.43  4.31  3.57  2.56  2.15  1.49  0.93  0.67  0.43  0.23  0.09  0.07  0.06
 6 -90  0.06  0.18  0.29  0.57  1.09  1.56  2.36  3.54  4.62  5.41  5.35  5.31  5.04  4.51  4.14  3.98  3.39  2.82  2.07  1.73  1.17  0.45  0.20  0.10  0.06  0.04  0.03  0.03
 6 -85  0.06  0.18  0.29  0.58  1.11  1.59  2.42  3.65  4.81  5.63  5.64  5.45  5.11  4.58  4.22  4.02  3.43  2.84  2.07  1.73  1.17  0.44  0.20  0.10  0.06  0.04  0.03  0.03
 6 -80  0.06  0.18  0.30  0.58  1.11  1.60  2.43  3.68  4.85  5.68  5.71  5.50  5.13  4.59  4.21  4.02  3.43  2.84  2.07  1.73  1.17  0.44  0.21  0.10  0.06  0.04  0.03  0.03
 6 -75  0.06  0.18  0.30  0.59  1.13  1.62  2.48  3.84  5.05  5.90  6.13  6.03  5.66  5.08  4.52  4.20  3.60  2.84  2.05  1.71  1.15  0.43  0.20  0.10  0.06  0.04  0.03  0.03
 6 -70  0.06  0.18  0.30  0.59  1.14  1.65  2.55  4.06  5.32  6.19  6.57  6.52  6.14  5.54  4.83  4.40  3.78  2.84  2.02  1.69  1.15  0.43  0.19  0.10  0.06  0.04  0.03  0.03
 6 -65  0.06  0.18  0.30  0.60  1.16  1.69  2.63  4.33  5.69  6.60  6.81  6.60  6.22  5.66  5.15  4.85  4.19  2.94  2.02  1.68  1.12  0.47  0.23  0.10  0.06  0.04  0.03  0.03
 6 -60  0.06  0.18  0.30  0.60  1.17  1.71  2.68  4.56  6.00  6.96  6.99  6.65  6.27  5.74  5.46  5.29  4.57  3.02  2.02  1.66  1.09  0.50  0.27  0.10  0.06  0.04  0.03  0.03
 6 -55  0.06  0.18  0.30  0.59  1.16  1.69  2.69  4.72  6.38  7.45  7.37  6.89  6.48  6.05  5.85  5.69  4.73  2.87  1.85  1.52  0.96  0.48  0.28  0.10  0.06  0.04  0.03  0.03
 6 -50  0.06  0.18  0.29  0.58  1.14  1.68  2.67  4.73  6.54  7.70  7.64  7.14  6.75  6.27  6.17  6.06  4.87  2.68  1.60  1.31  0.82  0.45  0.29  0.09  0.06  0.04  0.03  0.03
 6 -45  0.05  0.16  0.27  0.53  1.04  1.53  2.44  4.33  6.18  7.41  7.79  7.52  7.11  6.56  6.23  5.99  4.80  2.59  1.51  1.23  0.77  0.42  0.26  0.09  0.05  0.04  0.03  0.03
 6 -40  0.05  0.14  0.24  0.48  0.93  1.37  2.20  3.95  5.86  7.15  7.98  7.94  7.53  6.90  6.35  5.93  4.72  2.48  1.41  1.15  0.71  0.38  0.24  0.08  0.05  0.04  0.03  0.03
 6 -35  0.04  0.13  0.22  0.43  0.85  1.25  2.01  3.66  5.45  6.68  7.80  8.13  7.88  7.34  6.72  6.28  4.80  2.24  1.11  0.90  0.53  0.28  0.12  0.07  0.05  0.04  0.03  0.03
 6 -30  0.04  0.12  0.20  0.39  0.77  1.14  1.84  3.37  5.03  6.19  7.61  8.33  8.25  7.80  7.11  6.61  4.85  1.99  0.82  0.65  0.35  0.18  0.07  0.05  0.04  0.04  0.04  0.03
 6 -25  0.04  0.11  0.19  0.38  0.74  1.10  1.77  3.24  4.81  5.92  7.43  8.41  8.50  8.19  7.35  6.74  4.65  1.76  0.64  0.49  0.25  0.07  0.05  0.04  0.04  0.04  0.04  0.04
 6 -20  0.04  0.11  0.19  0.37  0.72  1.07  1.71  3.11  4.57  5.61  7.21  8.52  8.79  8.56  7.59  6.87  4.43  1.54  0.47  0.35  0.15  0.05  0.04  0.04  0.04  0.04  0.04  0.04
 6 -15  0.04  0.11  0.18  0.36  0.70  1.04  1.68  3.10  4.51  5.52  7.12  8.56  9.02  8.91  7.75  6.92  4.24  1.43  0.45  0.34  0.14  0.04  0.03  0.03  0.03  0.04  0.04  0.04
 6 -10  0.04  0.11  0.18  0.36  0.70  1.03  1.67  3.06  4.45  5.43  7.06  8.65  9.25  9.30  7.95  6.97  4.05  1.32  0.41  0.32  0.14  0.04  0.03  0.03  0.03  0.03  0.04  0.03
 6  -5  0.04  0.11  0.18  0.35  0.70  1.03  1.66  3.05  4.43  5.42  7.05  8.73  9.43  9.50  8.14  7.18  4.11  1.25  0.38  0.29  0.14  0.04  0.03  0.03  0.03  0.03  0.03  0.03
 6   0  0.03  0.10  0.17  0.34  0.67  1.00  1.63  3.06  4.42  5.41  7.07  8.82  9.56  9.67  8.32  7.41  4.20  1.21  0.35  0.28  0.14  0.04  0.03  0.03  0.03  0.03  0.03  0.03
 6   5  0.03  0.10  0.17  0.34  0.67  1.00  1.62  3.05  4.42  5.42  7.14  8.91  9.59  9.67  8.36  7.44  4.36  1.36  0.47  0.37  0.19  0.04  0.03  0.03  0.03  0.04  0.03  0.03
 6  10  0.03  0.10  0.17  0.33  0.66  0.98  1.60  3.06  4.46  5.47  7.23  9.03  9.67  9.71  8.39  7.46  4.51  1.51  0.58  0.46  0.23  0.04  0.03  0.03  0.04  0.04  0.04  0.03
 6  15  0.03  0.10  0.17  0.33  0.66  0.97  1.60  3.05  4.43  5.43  7.20  9.00  9.60  9.53  8.18  7.24  4.42  1.58  0.61  0.48  0.25  0.05  0.04  0.04  0.04  0.05  0.04  0.04
 6  20  0.03  0.10  0.17  0.34  0.66  0.98  1.60  3.02  4.39  5.39  7.20  8.98  9.51  9.36  7.96  7.01  4.34  1.65  0.65  0.52  0.27  0.07  0.05  0.05  0.05  0.05  0.05  0.04
 6  25  0.03  0.10  0.17  0.33  0.65  0.97  1.58  2.98  4.33  5.31  7.09  8.85  9.39  9.21  7.96  7.14  4.49  1.79  0.69  0.55  0.29  0.10  0.06  0.06  0.06  0.06  0.05  0.04
 6  30  0.03  0.10  0.16  0.32  0.63  0.94  1.55  2.95  4.26  5.23  6.99  8.74  9.24  9.04  7.96  7.26  4.63  1.93  0.74  0.59  0.32  0.14  0.08  0.07  0.06  0.06  0.05  0.05
 6  35  0.03  0.10  0.16  0.32  0.63  0.93  1.52  2.87  4.15  5.09  6.83  8.54  9.02  8.79  7.68  6.94  4.61  2.17  1.01  0.81  0.47  0.21  0.11  0.08  0.07  0.06  0.05  0.05
 6  40  0.03  0.10  0.16  0.31  0.62  0.92  1.49  2.79  4.06  4.99  6.72  8.36  8.78  8.54  7.39  6.63  4.57  2.43  1.27  1.03  0.62  0.35  0.17  0.10  0.08  0.06  0.06  0.05
 6  45  0.03  0.09  0.15  0.30  0.60  0.89  1.45  2.72  3.94  4.83  6.50  8.12  8.52  8.24  7.09  6.35  4.57  2.59  1.48  1.21  0.77  0.46  0.27  0.14  0.09  0.07  0.06  0.05
 6  50  0.03  0.09  0.14  0.29  0.57  0.85  1.39  2.67  3.84  4.70  6.32  7.90  8.28  7.95  6.81  6.09  4.57  2.74  1.67  1.39  0.93  0.56  0.36  0.16  0.10  0.07  0.06  0.05
 6  55  0.03  0.08  0.14  0.28  0.55  0.82  1.34  2.58  3.67  4.49  6.09  7.64  7.96  7.58  6.50  5.80  4.38  2.82  1.75  1.45  0.98  0.59  0.40  0.19  0.11  0.07  0.06  0.05
 6  60  0.03  0.08  0.14  0.28  0.55  0.81  1.33  2.56  3.73  4.56  6.09  7.45  7.66  7.15  6.21  5.60  4.25  2.95  1.89  1.55  1.02  0.62  0.44  0.26  0.13  0.08  0.06  0.05
 6  65  0.03  0.08  0.13  0.27  0.53  0.79  1.29  2.48  3.62  4.42  5.88  7.10  7.20  6.62  5.65  5.03  3.95  2.95  1.99  1.65  1.11  0.66  0.49  0.29  0.14  0.08  0.06  0.05
 6  70  0.03  0.08  0.13  0.26  0.51  0.76  1.25  2.39  3.51  4.29  5.69  6.77  6.76  6.10  5.10  4.46  3.65  2.93  2.09  1.75  1.21  0.70  0.55  0.33  0.16  0.08  0.07  0.05
 6  75  0.02  0.07  0.12  0.25  0.49  0.73  1.20  2.30  3.45  4.24  5.69  6.62  6.47  5.73  4.85  4.27  3.68  2.97  2.14  1.80  1.26  0.73  0.57  0.35  0.18  0.09  0.07  0.05
 6  80  0.02  0.07  0.12  0.24  0.47  0.70  1.15  2.20  3.38  4.20  5.68  6.48  6.18  5.37  4.59  4.09  3.71  3.01  2.18  1.86  1.32  0.75  0.58  0.37  0.20  0.09  0.07  0.05
 6  85  0.02  0.07  0.12  0.24  0.47  0.70  1.14  2.19  3.36  4.17  5.65  6.44  6.16  5.36  4.58  4.08  3.71  3.01  2.19  1.86  1.33  0.75  0.59  0.37  0.20  0.10  0.07  0.05
 6  90  0.02  0.07  0.12  0.23  0.46  0.69  1.13  2.16  3.29  4.08  5.55  6.37  6.13  5.36  4.55  4.03  3.64  2.98  2.16  1.83  1.31  0.75  0.60  0.38  0.21  0.10  0.07  0.06
 7 -90  0.05  0.16  0.26  0.51  0.96  1.37  2.05  2.91  4.07  4.89  5.26  5.47  5.36  4.87  4.38  4.04  3.65  2.79  2.05  1.69  1.09  0.44  0.18  0.08  0.05  0.03  0.03  0.03
 7 -85  0.05  0.16  0.27  0.52  0.99  1.41  2.11  3.03  4.25  5.10  5.51  5.64  5.46  4.91  4.45  4.12  3.72  2.84  2.09  1.71  1.10  0.43  0.19  0.08  0.05  0.03  0.03  0.03
 7 -80  0.05  0.16  0.27  0.52  1.00  1.43  2.14  3.08  4.31  5.17  5.56  5.68  5.50  4.93  4.46  4.13  3.73  2.85  2.09  1.71  1.10  0.44  0.19  0.08  0.05  0.03  0.03  0.03
 7 -75  0.05  0.15  0.25  0.50  0.95  1.36  2.05  2.99  4.28  5.16  5.75  6.17  6.06  5.49  4.75  4.23  3.64  2.86  2.10  1.73  1.13  0.44  0.20  0.09  0.05  0.04  0.03  0.03
 7 -70  0.05  0.15  0.24  0.47  0.90  1.29  1.96  2.95  4.30  5.23  6.05  6.68  6.60  6.01  5.02  4.34  3.56  2.89  2.12  1.75  1.17  0.45  0.21  0.09  0.05  0.04  0.03  0.03
 7 -65  0.05  0.15  0.25  0.49  0.95  1.37  2.12  3.39  4.85  5.86  6.54  6.83  6.53  5.89  5.28  4.90  4.16  3.04  2.11  1.76  1.19  0.48  0.23  0.10  0.06  0.04  0.03  0.03
 7 -60  0.05  0.15  0.26  0.50  0.98  1.43  2.25  3.81  5.34  6.41  6.93  6.87  6.41  5.76  5.52  5.42  4.71  3.15  2.09  1.75  1.21  0.51  0.27  0.10  0.06  0.04  0.03  0.03
 7 -55  0.05  0.15  0.25  0.49  0.97  1.42  2.27  4.04  5.72  6.85  7.33  7.11  6.63  6.08  5.95  5.88  4.89  3.02  1.95  1.62  1.06  0.49  0.28  0.10  0.06  0.04  0.03  0.03
 7 -50  0.05  0.15  0.25  0.49  0.97  1.42  2.28  4.13  5.91  7.10  7.63  7.37  6.90  6.32  6.34  6.34  5.05  2.85  1.73  1.42  0.90  0.45  0.29  0.09  0.05  0.04  0.03  0.03
 7 -45  0.05  0.14  0.24  0.47  0.93  1.36  2.18  3.92  5.72  6.93  7.74  7.71  7.27  6.67  6.42  6.24  5.02  2.83  1.66  1.35  0.83  0.41  0.26  0.08  0.05  0.04  0.03  0.03
 7 -40  0.04  0.13  0.22  0.44  0.87  1.28  2.06  3.74  5.56  6.80  7.91  8.12  7.74  7.08  6.56  6.16  4.99  2.80  1.59  1.28  0.75  0.37  0.24  0.09  0.05  0.04  0.04  0.03
 7 -35  0.04  0.13  0.21  0.41  0.81  1.20  1.94  3.54  5.28  6.47  7.76  8.25  8.00  7.44  6.72  6.21  4.92  2.56  1.31  1.03  0.57  0.28  0.18  0.09  0.06  0.04  0.04  0.03
 7 -30  0.04  0.12  0.20  0.39  0.76  1.13  1.82  3.35  4.98  6.12  7.60  8.39  8.30  7.82  6.90  6.25  4.84  2.30  1.03  0.79  0.40  0.20  0.09  0.07  0.05  0.04  0.04  0.04
 7 -25  0.04  0.12  0.19  0.38  0.75  1.10  1.78  3.23  4.81  5.94  7.51  8.49  8.49  8.09  7.15  6.49  4.68  1.99  0.79  0.60  0.29  0.08  0.06  0.05  0.05  0.04  0.04  0.04
 7 -20  0.04  0.11  0.19  0.38  0.74  1.09  1.74  3.12  4.62  5.71  7.37  8.58  8.70  8.34  7.38  6.71  4.50  1.69  0.57  0.42  0.18  0.06  0.04  0.04  0.04  0.04  0.04  0.04
 7 -15  0.04  0.11  0.18  0.36  0.71  1.05  1.70  3.11  4.57  5.62  7.30  8.66  8.98  8.72  7.64  6.92  4.22  1.50  0.51  0.39  0.17  0.05  0.04  0.04  0.04  0.04  0.04  0.04
 7 -10  0.04  0.11  0.18  0.36  0.71  1.04  1.68  3.07  4.51  5.55  7.26  8.79  9.28  9.18  7.96  7.14  3.94  1.29  0.46  0.35  0.17  0.04  0.03  0.03  0.03  0.04  0.04  0.04
 7  -5  0.04  0.11  0.18  0.36  0.70  1.04  1.67  3.05  4.49  5.53  7.24  8.88  9.50  9.45  8.01  7.07  4.00  1.25  0.45  0.35  0.17  0.04  0.03  0.03  0.03  0.04  0.04  0.03
 7   0  0.03  0.10  0.17  0.34  0.67  0.99  1.62  3.08  4.49  5.53  7.27  9.01  9.70  9.69  8.08  7.02  4.08  1.23  0.45  0.35  0.18  0.04  0.03  0.03  0.03  0.03  0.04  0.03
 7   5  0.03  0.10  0.17  0.34  0.68  1.00  1.63  3.06  4.49  5.53  7.32  9.08  9.71  9.71  8.25  7.26  4.32  1.43  0.57  0.44  0.21  0.04  0.03  0.03  0.03  0.03  0.03  0.03
 7  10  0.03  0.10  0.17  0.33  0.66  0.99  1.61  3.08  4.52  5.57  7.40  9.18  9.77  9.76  8.42  7.49  4.54  1.62  0.68  0.52  0.23  0.04  0.03  0.03  0.03  0.04  0.03  0.03
 7  15  0.03  0.10  0.17  0.34  0.67  0.99  1.62  3.08  4.52  5.55  7.37  9.11  9.64  9.54  8.25  7.35  4.52  1.68  0.70  0.53  0.24  0.05  0.04  0.04  0.04  0.05  0.04  0.03
 7  20  0.03  0.10  0.17  0.34  0.68  1.01  1.64  3.07  4.50  5.53  7.37  9.07  9.52  9.35  8.09  7.20  4.53  1.74  0.72  0.55  0.24  0.07  0.05  0.05  0.05  0.05  0.05  0.04
 7  25  0.03  0.10  0.17  0.34  0.67  0.99  1.62  3.06  4.47  5.48  7.26  8.92  9.37  9.17  7.92  7.08  4.50  1.88  0.77  0.59  0.26  0.09  0.06  0.06  0.06  0.06  0.05  0.04
 7  30  0.03  0.10  0.17  0.33  0.66  0.98  1.60  3.05  4.42  5.44  7.18  8.78  9.20  9.00  7.77  6.94  4.47  2.01  0.82  0.61  0.26  0.11  0.07  0.06  0.06  0.06  0.05  0.04
 7  35  0.03  0.10  0.17  0.33  0.65  0.97  1.58  2.98  4.31  5.29  7.00  8.56  8.96  8.73  7.55  6.77  4.47  2.14  0.99  0.76  0.38  0.15  0.09  0.07  0.07  0.06  0.05  0.04
 7  40  0.03  0.10  0.16  0.32  0.64  0.95  1.54  2.91  4.23  5.18  6.86  8.35  8.70  8.46  7.34  6.59  4.45  2.29  1.16  0.91  0.49  0.20  0.11  0.08  0.07  0.06  0.05  0.05
 7  45  0.03  0.09  0.16  0.31  0.62  0.92  1.49  2.81  4.07  4.99  6.62  8.10  8.43  8.15  7.04  6.31  4.44  2.42  1.32  1.06  0.63  0.31  0.17  0.10  0.08  0.06  0.06  0.05
 7  50  0.03  0.09  0.15  0.30  0.59  0.87  1.43  2.74  3.94  4.82  6.41  7.85  8.17  7.84  6.74  6.04  4.44  2.56  1.46  1.20  0.77  0.42  0.27  0.13  0.09  0.07  0.06  0.05
 7  55  0.03  0.09  0.14  0.28  0.56  0.83  1.37  2.64  3.75  4.59  6.17  7.60  7.85  7.48  6.36  5.63  4.24  2.60  1.55  1.28  0.85  0.48  0.32  0.17  0.11  0.07  0.06  0.05
 7  60  0.03  0.08  0.14  0.28  0.55  0.82  1.35  2.61  3.80  4.65  6.15  7.41  7.57  7.06  6.00  5.32  4.10  2.70  1.70  1.40  0.94  0.53  0.38  0.19  0.12  0.07  0.06  0.05
 7  65  0.03  0.08  0.13  0.27  0.53  0.79  1.30  2.51  3.66  4.47  5.90  7.02  7.06  6.49  5.42  4.72  3.74  2.71  1.79  1.49  1.02  0.57  0.41  0.25  0.12  0.08  0.06  0.05
 7  70  0.03  0.08  0.13  0.26  0.51  0.76  1.25  2.40  3.52  4.29  5.64  6.61  6.55  5.91  4.83  4.11  3.38  2.71  1.88  1.58  1.10  0.60  0.46  0.28  0.14  0.08  0.06  0.05
 7  75  0.02  0.07  0.12  0.24  0.49  0.72  1.19  2.29  3.44  4.22  5.58  6.39  6.20  5.50  4.56  3.93  3.35  2.76  1.94  1.63  1.13  0.61  0.48  0.29  0.15  0.08  0.06  0.05
 7  80  0.02  0.07  0.12  0.23  0.46  0.69  1.13  2.17  3.35  4.16  5.54  6.18  5.85  5.09  4.28  3.75  3.32  2.79  2.00  1.68  1.17  0.61  0.50  0.31  0.16  0.09  0.06  0.05
 7  85  0.02  0.07  0.12  0.23  0.46  0.68  1.12  2.16  3.34  4.14  5.51  6.14  5.82  5.07  4.27  3.75  3.32  2.79  2.00  1.68  1.16  0.61  0.50  0.31  0.18  0.09  0.07  0.05
 7  90  0.02  0.07  0.12  0.23  0.46  0.68  1.12  2.14  3.27  4.08  5.43  6.04  5.74  5.02  4.23  3.72  3.25  2.75  1.97  1.65  1.14  0.61  0.51  0.31  0.18  0.09  0.06  0.05
 8 -90  0.04  0.12  0.21  0.40  0.77  1.10  1.66  2.44  3.45  4.15  5.12  6.33  6.35  5.67  4.59  3.65  3.02  2.59  1.90  1.58  1.05  0.44  0.16  0.08  0.05  0.04  0.03  0.03
 8 -85  0.04  0.13  0.21  0.42  0.80  1.14  1.73  2.57  3.70  4.48  5.44  6.46  6.46  5.70  4.62  3.75  3.15  2.69  1.95  1.61  1.06  0.43  0.16  0.08  0.05  0.04  0.03  0.03
 8 -80  0.04  0.13  0.22  0.42  0.81  1.17  1.77  2.64  3.82  4.62  5.57  6.51  6.50  5.72  4.65  3.79  3.19  2.72  1.97  1.62  1.06  0.43  0.16  0.08  0.05  0.04  0.03  0.03
 8 -75  0.05  0.13  0.22  0.44  0.84  1.21  1.87  2.94  4.15  4.97  5.83  6.52  6.46  5.83  4.86  4.11  3.42  2.85  2.04  1.69  1.13  0.46  0.16  0.07  0.05  0.04  0.03  0.03
 8 -70  0.05  0.13  0.22  0.44  0.85  1.24  1.93  3.19  4.46  5.32  6.11  6.56  6.44  5.92  4.98  4.37  3.64  2.99  2.14  1.78  1.21  0.49  0.16  0.08  0.05  0.04  0.03  0.03
 8 -65  0.04  0.13  0.22  0.43  0.83  1.22  1.92  3.34  4.71  5.67  6.54  6.91  6.69  6.06  5.33  4.95  4.21  3.23  2.16  1.79  1.20  0.50  0.18  0.08  0.05  0.04  0.03  0.03
 8 -60  0.04  0.13  0.21  0.42  0.82  1.21  1.93  3.48  4.94  5.97  6.89  7.12  6.83  6.15  5.71  5.51  4.71  3.37  2.14  1.76  1.17  0.52  0.28  0.09  0.06  0.04  0.03  0.03
 8 -55  0.04  0.13  0.21  0.42  0.82  1.22  1.97  3.67  5.33  6.42  7.35  7.50  7.16  6.59  6.14  5.87  4.95  3.34  2.07  1.72  1.11  0.52  0.30  0.10  0.06  0.04  0.04  0.03
 8 -50  0.04  0.13  0.21  0.42  0.83  1.23  2.01  3.77  5.52  6.70  7.73  7.91  7.56  6.94  6.53  6.24  5.20  3.30  1.92  1.59  1.04  0.50  0.31  0.10  0.06  0.04  0.04  0.03
 8 -45  0.04  0.13  0.21  0.42  0.83  1.23  1.99  3.69  5.44  6.65  7.80  8.15  7.83  7.19  6.58  6.15  5.14  3.19  1.80  1.48  0.96  0.46  0.30  0.10  0.06  0.04  0.04  0.03
 8 -40  0.04  0.13  0.21  0.42  0.82  1.21  1.96  3.62  5.39  6.60  7.91  8.43  8.18  7.53  6.68  6.09  5.08  3.09  1.70  1.38  0.87  0.42  0.28  0.10  0.06  0.04  0.04  0.04
 8 -35  0.04  0.12  0.20  0.40  0.78  1.16  1.87  3.47  5.18  6.38  7.83  8.54  8.36  7.74  6.79  6.15  4.97  2.79  1.38  1.10  0.65  0.32  0.22  0.10  0.06  0.05  0.04  0.04
 8 -30  0.04  0.11  0.19  0.38  0.74  1.10  1.78  3.32  4.96  6.13  7.73  8.64  8.55  7.97  6.92  6.21  4.84  2.48  1.08  0.84  0.46  0.22  0.10  0.07  0.06  0.05  0.04  0.04
 8 -25  0.04  0.11  0.19  0.37  0.73  1.08  1.74  3.19  4.78  5.93  7.63  8.78  8.79  8.28  7.17  6.42  4.69  2.13  0.80  0.62  0.31  0.08  0.06  0.05  0.05  0.05  0.05  0.04
 8 -20  0.04  0.11  0.19  0.37  0.72  1.06  1.70  3.07  4.59  5.69  7.49  8.90  9.05  8.55  7.39  6.61  4.54  1.79  0.53  0.40  0.18  0.06  0.04  0.04  0.04  0.04  0.05  0.04
 8 -15  0.04  0.11  0.18  0.35  0.69  1.02  1.65  3.04  4.50  5.54  7.35  8.97  9.32  8.95  7.67  6.86  4.25  1.56  0.51  0.38  0.16  0.05  0.04  0.04  0.04  0.04  0.04  0.04
 8 -10  0.03  0.10  0.17  0.34  0.68  1.00  1.62  2.99  4.41  5.42  7.27  9.06  9.65  9.46  8.04  7.14  3.94  1.31  0.48  0.35  0.14  0.04  0.04  0.03  0.04  0.04  0.04  0.04
 8  -5  0.03  0.10  0.17  0.34  0.67  1.00  1.61  2.97  4.36  5.37  7.21  9.10  9.85  9.76  8.20  7.21  3.92  1.27  0.48  0.36  0.14  0.04  0.03  0.03  0.03  0.04  0.04  0.04
 8   0  0.03  0.10  0.16  0.32  0.64  0.95  1.56  3.00  4.36  5.37  7.23  9.23 10.07 10.04  8.38  7.32  3.93  1.24  0.48  0.36  0.15  0.04  0.03  0.03  0.03  0.04  0.04  0.03
 8   5  0.03  0.10  0.17  0.33  0.66  0.97  1.58  2.99  4.38  5.39  7.29  9.26 10.03 10.02  8.45  7.42  4.22  1.40  0.58  0.44  0.17  0.04  0.03  0.03  0.03  0.04  0.03  0.03
 8  10  0.03  0.10  0.16  0.33  0.65  0.97  1.58  3.01  4.43  5.46  7.37  9.33 10.02 10.01  8.53  7.50  4.49  1.57  0.68  0.50  0.20  0.04  0.03  0.03  0.04  0.04  0.04  0.03
 8  15  0.03  0.10  0.17  0.33  0.66  0.98  1.60  3.04  4.50  5.53  7.43  9.25  9.80  9.69  8.32  7.36  4.47  1.64  0.71  0.52  0.20  0.05  0.04  0.04  0.04  0.04  0.04  0.03
 8  20  0.03  0.10  0.17  0.35  0.68  1.01  1.64  3.06  4.53  5.60  7.50  9.20  9.61  9.43  8.13  7.20  4.47  1.71  0.74  0.55  0.21  0.06  0.05  0.05  0.05  0.05  0.05  0.04
 8  25  0.03  0.10  0.17  0.34  0.67  1.00  1.64  3.10  4.58  5.64  7.46  9.04  9.41  9.19  7.93  7.05  4.44  1.83  0.77  0.57  0.22  0.08  0.06  0.06  0.06  0.06  0.05  0.04
 8  30  0.03  0.10  0.17  0.34  0.67  1.00  1.64  3.13  4.61  5.68  7.46  8.91  9.21  8.96  7.74  6.91  4.42  1.94  0.81  0.60  0.24  0.10  0.07  0.06  0.06  0.06  0.05  0.04
 8  35  0.03  0.10  0.17  0.34  0.67  1.00  1.63  3.08  4.52  5.58  7.30  8.68  8.95  8.67  7.52  6.74  4.41  2.03  0.93  0.71  0.32  0.12  0.08  0.07  0.06  0.06  0.05  0.04
 8  40  0.03  0.10  0.17  0.33  0.66  0.98  1.61  3.05  4.47  5.49  7.18  8.46  8.67  8.38  7.29  6.55  4.38  2.13  1.05  0.81  0.41  0.15  0.10  0.08  0.07  0.06  0.05  0.04
 8  45  0.03  0.10  0.17  0.33  0.65  0.96  1.57  2.97  4.34  5.35  7.01  8.24  8.41  8.04  6.97  6.26  4.28  2.26  1.21  0.96  0.54  0.24  0.13  0.09  0.07  0.06  0.05  0.05
 8  50  0.03  0.10  0.16  0.32  0.63  0.94  1.53  2.90  4.25  5.23  6.86  8.02  8.14  7.70  6.65  5.96  4.18  2.39  1.37  1.11  0.68  0.32  0.20  0.11  0.08  0.06  0.05  0.05
 8  55  0.03  0.09  0.15  0.30  0.60  0.89  1.47  2.83  4.10  5.06  6.70  7.82  7.85  7.33  6.28  5.57  3.96  2.48  1.50  1.22  0.77  0.37  0.23  0.15  0.10  0.07  0.06  0.05
 8  60  0.03  0.09  0.15  0.30  0.59  0.88  1.46  2.81  4.18  5.17  6.74  7.68  7.57  6.90  5.93  5.30  3.81  2.64  1.68  1.36  0.86  0.42  0.27  0.17  0.11  0.07  0.06  0.05
 8  65  0.03  0.09  0.15  0.29  0.58  0.86  1.42  2.74  4.07  5.02  6.47  7.19  6.97  6.25  5.32  4.73  3.58  2.66  1.78  1.45  0.94  0.47  0.32  0.20  0.11  0.07  0.06  0.05
 8  70  0.03  0.09  0.14  0.28  0.56  0.84  1.38  2.66  3.94  4.85  6.16  6.67  6.34  5.57  4.72  4.18  3.34  2.68  1.87  1.54  1.01  0.51  0.37  0.22  0.11  0.07  0.06  0.05
 8  75  0.03  0.08  0.14  0.28  0.56  0.83  1.36  2.62  3.88  4.75  5.83  6.06  5.63  4.88  4.25  3.85  3.32  2.70  1.91  1.58  1.05  0.54  0.38  0.23  0.12  0.07  0.06  0.05
 8  80  0.03  0.08  0.14  0.28  0.55  0.82  1.34  2.59  3.83  4.67  5.53  5.47  4.93  4.21  3.78  3.52  3.29  2.71  1.95  1.62  1.09  0.56  0.39  0.24  0.13  0.07  0.06  0.05
 8  85  0.03  0.08  0.14  0.28  0.55  0.82  1.34  2.58  3.84  4.66  5.48  5.40  4.88  4.19  3.79  3.55  3.31  2.72  1.95  1.62  1.09  0.56  0.39  0.24  0.14  0.08  0.06  0.05
 8  90  0.03  0.08  0.14  0.28  0.55  0.81  1.34  2.57  3.82  4.64  5.40  5.27  4.76  4.11  3.74  3.50  3.26  2.67  1.93  1.61  1.09  0.57  0.39  0.23  0.14  0.08  0.06  0.05
 9 -90  0.04  0.12  0.20  0.39  0.75  1.09  1.71  2.88  4.17  5.03  5.60  5.99  5.84  5.39  4.65  3.95  2.47  1.78  1.34  1.15  0.80  0.41  0.09  0.05  0.04  0.04  0.03  0.03
 9 -85  0.04  0.12  0.20  0.39  0.76  1.10  1.73  2.91  4.25  5.19  5.80  6.12  5.95  5.46  4.66  4.05  2.68  1.97  1.42  1.19  0.82  0.41  0.10  0.06  0.04  0.04  0.03  0.03
 9 -80  0.04  0.12  0.20  0.39  0.76  1.10  1.73  2.91  4.29  5.27  5.94  6.25  6.03  5.49  4.67  4.08  2.75  2.04  1.46  1.22  0.84  0.42  0.12  0.06  0.05  0.04  0.03  0.03
 9 -75  0.04  0.12  0.19  0.38  0.74  1.08  1.71  2.96  4.33  5.34  6.32  6.69  6.44  5.81  4.90  4.34  3.04  2.27  1.62  1.36  0.93  0.46  0.14  0.07  0.05  0.04  0.03  0.03
 9 -70  0.04  0.11  0.19  0.37  0.72  1.05  1.68  2.99  4.32  5.31  6.57  7.02  6.78  6.12  5.11  4.52  3.27  2.49  1.79  1.50  1.03  0.50  0.16  0.08  0.05  0.04  0.03  0.03
 9 -65  0.04  0.11  0.18  0.36  0.71  1.05  1.70  3.11  4.49  5.52  6.85  7.36  7.19  6.60  5.73  5.20  3.94  2.90  2.00  1.67  1.13  0.54  0.26  0.08  0.06  0.04  0.03  0.03
 9 -60  0.04  0.11  0.19  0.37  0.73  1.07  1.74  3.22  4.69  5.77  7.16  7.70  7.54  6.97  6.34  5.92  4.57  3.21  2.13  1.78  1.19  0.58  0.29  0.09  0.06  0.04  0.04  0.03
 9 -55  0.04  0.11  0.19  0.38  0.75  1.11  1.80  3.39  5.00  6.12  7.47  7.99  7.82  7.34  6.67  6.18  4.89  3.33  2.14  1.77  1.12  0.57  0.30  0.09  0.06  0.04  0.04  0.03
 9 -50  0.04  0.11  0.19  0.38  0.75  1.12  1.83  3.48  5.15  6.33  7.73  8.33  8.18  7.64  6.95  6.45  5.24  3.47  2.08  1.69  1.03  0.54  0.30  0.10  0.06  0.04  0.04  0.04
 9 -45  0.04  0.12  0.19  0.38  0.75  1.12  1.82  3.43  5.11  6.32  7.79  8.50  8.35  7.74  6.89  6.31  5.14  3.31  1.93  1.55  0.91  0.49  0.29  0.10  0.06  0.05  0.04  0.04
 9 -40  0.04  0.11  0.19  0.38  0.75  1.11  1.80  3.38  5.10  6.30  7.89  8.71  8.59  7.93  6.89  6.19  5.03  3.17  1.80  1.43  0.81  0.44  0.28  0.10  0.06  0.05  0.04  0.04
 9 -35  0.04  0.11  0.18  0.37  0.72  1.07  1.75  3.27  4.94  6.14  7.85  8.85  8.78  8.13  6.97  6.20  4.92  2.82  1.47  1.14  0.60  0.32  0.22  0.09  0.06  0.05  0.04  0.04
 9 -30  0.04  0.11  0.18  0.35  0.70  1.03  1.69  3.17  4.78  5.95  7.78  8.97  8.98  8.36  7.07  6.22  4.79  2.46  1.15  0.87  0.40  0.21  0.11  0.08  0.06  0.05  0.05  0.04
 9 -25  0.04  0.11  0.18  0.35  0.69  1.03  1.66  3.07  4.62  5.74  7.62  9.07  9.21  8.67  7.31  6.41  4.73  2.20  0.92  0.69  0.30  0.08  0.06  0.05  0.05  0.05  0.05  0.05
 9 -20  0.04  0.11  0.17  0.35  0.68  1.01  1.63  2.99  4.45  5.52  7.43  9.14  9.44  8.95  7.52  6.58  4.66  1.94  0.71  0.53  0.21  0.06  0.05  0.04  0.04  0.05  0.05  0.05
 9 -15  0.03  0.10  0.17  0.33  0.66  0.97  1.58  2.97  4.35  5.35  7.22  9.11  9.62  9.28  7.77  6.83  4.35  1.64  0.61  0.45  0.18  0.05  0.04  0.04  0.04  0.05  0.05  0.05
 9 -10  0.03  0.10  0.16  0.32  0.64  0.95  1.56  2.95  4.26  5.21  7.06  9.11  9.87  9.74  8.11  7.09  4.01  1.34  0.50  0.37  0.15  0.04  0.04  0.04  0.04  0.04  0.04  0.04
 9  -5  0.03  0.10  0.16  0.32  0.64  0.95  1.55  2.92  4.22  5.15  6.98  9.10 10.03 10.03  8.21  7.09  3.93  1.29  0.50  0.37  0.15  0.04  0.03  0.03  0.04  0.04  0.04  0.04
 9   0  0.03  0.09  0.15  0.31  0.61  0.91  1.51  2.94  4.22  5.14  6.99  9.17 10.20 10.32  8.36  7.11  3.88  1.25  0.50  0.37  0.15  0.04  0.03  0.03  0.03  0.04  0.04  0.03
 9   5  0.03  0.10  0.16  0.32  0.63  0.94  1.54  2.94  4.25  5.19  7.06  9.18 10.12 10.25  8.48  7.32  4.16  1.38  0.57  0.42  0.16  0.04  0.03  0.03  0.03  0.04  0.03  0.03
 9  10  0.03  0.10  0.16  0.32  0.64  0.95  1.55  2.97  4.32  5.28  7.17  9.25 10.07 10.16  8.58  7.50  4.43  1.53  0.64  0.47  0.17  0.04  0.03  0.03  0.04  0.04  0.04  0.03
 9  15  0.03  0.10  0.16  0.33  0.65  0.96  1.57  2.99  4.41  5.40  7.30  9.19  9.83  9.78  8.36  7.36  4.41  1.55  0.65  0.47  0.18  0.04  0.04  0.04  0.04  0.04  0.04  0.03
 9  20  0.03  0.10  0.17  0.34  0.67  0.99  1.61  3.00  4.46  5.51  7.43  9.18  9.63  9.47  8.15  7.21  4.39  1.58  0.66  0.48  0.18  0.05  0.04  0.04  0.05  0.05  0.05  0.04
 9  25  0.03  0.10  0.17  0.33  0.66  0.98  1.60  3.06  4.55  5.61  7.45  9.03  9.38  9.16  8.02  7.21  4.43  1.66  0.69  0.50  0.19  0.07  0.05  0.05  0.05  0.05  0.05  0.04
 9  30  0.03  0.10  0.17  0.34  0.67  0.99  1.62  3.09  4.61  5.72  7.52  8.90  9.13  8.85  7.88  7.21  4.48  1.73  0.71  0.52  0.20  0.09  0.06  0.05  0.05  0.05  0.05  0.04
 9  35  0.03  0.10  0.17  0.34  0.67  1.00  1.64  3.10  4.63  5.74  7.47  8.67  8.82  8.49  7.50  6.82  4.39  1.91  0.90  0.67  0.29  0.11  0.07  0.06  0.06  0.05  0.05  0.04
 9  40  0.03  0.10  0.17  0.34  0.68  1.01  1.65  3.12  4.67  5.78  7.44  8.45  8.50  8.13  7.11  6.41  4.28  2.09  1.07  0.81  0.38  0.14  0.09  0.07  0.06  0.06  0.05  0.05
 9  45  0.04  0.10  0.17  0.35  0.69  1.02  1.66  3.12  4.69  5.81  7.42  8.25  8.17  7.71  6.74  6.09  4.20  2.23  1.23  0.96  0.51  0.21  0.13  0.09  0.07  0.06  0.05  0.05
 9  50  0.04  0.10  0.17  0.35  0.69  1.02  1.66  3.14  4.71  5.85  7.40  8.03  7.83  7.28  6.38  5.78  4.13  2.37  1.39  1.11  0.65  0.28  0.17  0.11  0.08  0.06  0.05  0.05
 9  55  0.03  0.10  0.17  0.34  0.67  1.00  1.64  3.15  4.71  5.84  7.34  7.81  7.48  6.84  5.95  5.36  3.96  2.45  1.51  1.22  0.75  0.33  0.21  0.13  0.09  0.06  0.05  0.04
 9  60  0.03  0.10  0.17  0.34  0.68  1.02  1.67  3.23  4.92  6.10  7.47  7.64  7.15  6.35  5.55  5.04  3.85  2.59  1.69  1.37  0.85  0.39  0.25  0.16  0.10  0.06  0.05  0.04
 9  65  0.04  0.11  0.18  0.35  0.70  1.04  1.70  3.28  4.95  6.09  7.19  7.12  6.55  5.74  4.97  4.49  3.62  2.59  1.79  1.46  0.94  0.45  0.29  0.18  0.10  0.06  0.05  0.04
 9  70  0.04  0.11  0.18  0.36  0.71  1.06  1.73  3.33  4.96  6.04  6.88  6.58  5.94  5.13  4.40  3.92  3.37  2.58  1.89  1.56  1.03  0.51  0.33  0.20  0.11  0.06  0.05  0.04
 9  75  0.04  0.11  0.18  0.36  0.72  1.07  1.75  3.36  4.74  5.62  6.09  5.78  5.26  4.62  4.18  3.90  3.34  2.58  1.89  1.57  1.04  0.51  0.34  0.21  0.11  0.06  0.05  0.04
 9  80  0.04  0.11  0.18  0.37  0.73  1.08  1.77  3.39  4.49  5.16  5.28  4.96  4.59  4.11  3.96  3.87  3.28  2.58  1.89  1.57  1.06  0.52  0.34  0.22  0.12  0.06  0.05  0.04
 9  85  0.04  0.11  0.18  0.37  0.73  1.09  1.78  3.41  4.43  5.05  5.15  4.90  4.56  4.11  3.97  3.88  3.28  2.58  1.90  1.58  1.06  0.52  0.35  0.22  0.12  0.06  0.05  0.04
 9  90  0.04  0.11  0.18  0.37  0.73  1.08  1.77  3.39  4.33  4.89  4.95  4.74  4.45  4.06  3.93  3.85  3.23  2.54  1.88  1.56  1.05  0.52  0.35  0.22  0.12  0.06  0.05  0.04
10 -90  0.03  0.09  0.16  0.31  0.61  0.90  1.46  2.68  3.86  4.70  6.17  7.07  7.00  6.33  5.38  4.79  3.29  1.38  1.03  0.95  0.73  0.45  0.09  0.06  0.05  0.04  0.03  0.03
10 -85  0.03  0.09  0.16  0.31  0.61  0.91  1.46  2.69  3.84  4.66  6.06  6.92  6.88  6.28  5.36  4.82  3.48  1.53  1.02  0.90  0.67  0.44  0.10  0.06  0.05  0.04  0.03  0.03
10 -80  0.03  0.09  0.16  0.31  0.61  0.90  1.45  2.66  3.79  4.60  6.01  6.89  6.88  6.30  5.33  4.77  3.47  1.59  1.06  0.94  0.70  0.45  0.11  0.06  0.05  0.04  0.03  0.03
10 -75  0.03  0.09  0.16  0.31  0.61  0.90  1.45  2.68  3.83  4.66  6.09  7.10  7.18  6.67  5.85  5.34  3.88  2.01  1.31  1.14  0.81  0.50  0.25  0.06  0.05  0.04  0.03  0.03
10 -70  0.03  0.09  0.16  0.31  0.61  0.90  1.46  2.71  3.90  4.76  6.21  7.29  7.42  6.96  6.34  5.88  4.23  2.38  1.55  1.33  0.92  0.55  0.28  0.06  0.05  0.04  0.03  0.03
10 -65  0.03  0.10  0.16  0.32  0.63  0.93  1.51  2.82  4.12  5.06  6.54  7.60  7.69  7.24  6.82  6.47  4.75  2.84  1.84  1.55  1.04  0.58  0.30  0.07  0.05  0.04  0.03  0.03
10 -60  0.03  0.10  0.17  0.33  0.65  0.96  1.57  2.94  4.34  5.38  6.90  7.93  7.99  7.52  7.28  7.07  5.26  3.25  2.03  1.69  1.10  0.60  0.32  0.09  0.06  0.04  0.03  0.03
10 -55  0.03  0.10  0.17  0.34  0.67  0.99  1.61  3.04  4.57  5.65  7.19  8.17  8.18  7.77  7.24  6.86  5.28  3.36  2.10  1.72  1.06  0.56  0.30  0.18  0.06  0.04  0.04  0.03
10 -50  0.03  0.10  0.17  0.34  0.67  0.99  1.62  3.08  4.65  5.77  7.41  8.45  8.46  7.96  7.17  6.63  5.30  3.47  2.14  1.73  1.04  0.51  0.29  0.17  0.06  0.04  0.04  0.03
10 -45  0.03  0.10  0.17  0.33  0.66  0.98  1.60  3.06  4.63  5.77  7.49  8.64  8.67  8.07  7.26  6.72  5.38  3.47  2.06  1.65  0.96  0.47  0.28  0.10  0.06  0.05  0.04  0.04
10 -40  0.03  0.10  0.17  0.33  0.66  0.98  1.60  3.04  4.61  5.74  7.58  8.87  8.93  8.27  7.40  6.85  5.47  3.48  2.00  1.58  0.89  0.43  0.26  0.09  0.06  0.05  0.04  0.04
10 -35  0.03  0.10  0.16  0.33  0.65  0.96  1.58  3.00  4.54  5.66  7.56  9.01  9.14  8.51  7.46  6.78  5.20  2.94  1.52  1.18  0.63  0.31  0.16  0.09  0.06  0.05  0.05  0.04
10 -30  0.03  0.10  0.16  0.32  0.64  0.95  1.56  2.97  4.45  5.54  7.50  9.11  9.35  8.78  7.54  6.73  4.92  2.38  1.05  0.79  0.37  0.17  0.11  0.07  0.06  0.05  0.05  0.04
10 -25  0.03  0.10  0.16  0.33  0.65  0.96  1.56  2.93  4.36  5.40  7.36  9.16  9.53  9.08  7.69  6.77  4.66  2.02  0.83  0.62  0.27  0.09  0.07  0.06  0.05  0.05  0.05  0.05
10 -20  0.03  0.10  0.16  0.32  0.64  0.95  1.55  2.91  4.27  5.28  7.20  9.17  9.70  9.36  7.82  6.80  4.41  1.65  0.63  0.46  0.18  0.06  0.05  0.05  0.05  0.05  0.05  0.05
10 -15  0.03  0.09  0.16  0.31  0.62  0.92  1.52  2.91  4.22  5.17  7.03  9.09  9.77  9.56  8.01  7.03  4.20  1.49  0.55  0.41  0.15  0.05  0.04  0.04  0.04  0.05  0.05  0.04
10 -10  0.03  0.09  0.15  0.30  0.61  0.90  1.49  2.90  4.17  5.09  6.91  9.03  9.90  9.88  8.26  7.27  3.98  1.33  0.48  0.35  0.13  0.04  0.04  0.04  0.04  0.04  0.04  0.04
10  -5  0.03  0.09  0.15  0.31  0.61  0.91  1.49  2.89  4.14  5.05  6.82  8.96  9.95 10.06  8.33  7.27  3.90  1.30  0.45  0.33  0.12  0.04  0.03  0.03  0.03  0.04  0.04  0.04
10   0  0.03  0.09  0.15  0.30  0.60  0.89  1.48  2.90  4.16  5.05  6.83  8.98 10.03 10.26  8.46  7.31  3.84  1.26  0.43  0.32  0.12  0.04  0.03  0.03  0.03  0.04  0.04  0.03
10   5  0.03  0.09  0.16  0.31  0.62  0.92  1.51  2.91  4.19  5.09  6.87  8.92  9.92 10.16  8.46  7.36  4.08  1.37  0.51  0.38  0.13  0.04  0.03  0.03  0.03  0.04  0.03  0.03
10  10  0.03  0.10  0.16  0.32  0.63  0.93  1.53  2.94  4.24  5.17  6.95  8.94  9.82 10.03  8.46  7.39  4.30  1.47  0.60  0.43  0.15  0.04  0.03  0.03  0.03  0.04  0.04  0.03
10  15  0.03  0.10  0.16  0.32  0.64  0.95  1.55  2.96  4.32  5.27  7.06  8.89  9.57  9.63  8.20  7.19  4.27  1.51  0.61  0.44  0.15  0.04  0.04  0.04  0.04  0.04  0.04  0.04
10  20  0.03  0.10  0.17  0.33  0.66  0.97  1.58  2.97  4.36  5.36  7.16  8.88  9.37  9.30  7.96  6.98  4.24  1.53  0.63  0.45  0.15  0.05  0.04  0.04  0.04  0.05  0.05  0.04
10  25  0.03  0.10  0.17  0.33  0.65  0.97  1.59  3.05  4.51  5.55  7.29  8.75  9.09  8.91  7.80  6.98  4.30  1.60  0.66  0.48  0.17  0.06  0.05  0.05  0.05  0.05  0.05  0.05
10  30  0.03  0.10  0.17  0.34  0.67  1.00  1.63  3.09  4.65  5.75  7.46  8.65  8.80  8.52  7.61  6.97  4.36  1.66  0.68  0.50  0.19  0.08  0.06  0.05  0.05  0.05  0.05  0.05
10  35  0.04  0.11  0.18  0.35  0.70  1.03  1.68  3.19  4.82  5.97  7.55  8.40  8.38  7.98  7.12  6.54  4.30  1.87  0.89  0.67  0.31  0.11  0.07  0.06  0.06  0.05  0.05  0.05
10  40  0.04  0.11  0.18  0.36  0.72  1.07  1.74  3.28  5.00  6.21  7.65  8.16  7.95  7.47  6.67  6.12  4.24  2.06  1.09  0.84  0.42  0.19  0.10  0.07  0.06  0.05  0.05  0.05
10  45  0.04  0.12  0.19  0.38  0.76  1.12  1.82  3.40  5.20  6.44  7.69  7.93  7.58  7.06  6.37  5.91  4.27  2.27  1.27  1.00  0.55  0.23  0.14  0.09  0.07  0.05  0.05  0.05
10  50  0.04  0.12  0.20  0.40  0.79  1.16  1.89  3.55  5.38  6.64  7.70  7.66  7.21  6.65  6.07  5.68  4.28  2.47  1.46  1.17  0.69  0.28  0.16  0.12  0.08  0.06  0.05  0.05
10  55  0.04  0.12  0.20  0.40  0.80  1.19  1.94  3.69  5.44  6.66  7.54  7.39  6.90  6.32  5.76  5.38  4.20  2.52  1.56  1.26  0.78  0.33  0.20  0.14  0.09  0.06  0.05  0.05
10  60  0.04  0.13  0.21  0.42  0.84  1.24  2.03  3.88  5.71  6.93  7.57  7.20  6.62  5.94  5.47  5.16  4.19  2.63  1.71  1.39  0.86  0.39  0.24  0.16  0.10  0.06  0.05  0.04
10  65  0.04  0.13  0.22  0.43  0.86  1.27  2.08  3.95  5.59  6.68  7.13  6.70  6.14  5.50  5.07  4.78  3.94  2.65  1.84  1.51  0.98  0.45  0.27  0.17  0.10  0.06  0.05  0.04
10  70  0.04  0.13  0.22  0.44  0.87  1.30  2.12  4.01  5.46  6.43  6.68  6.21  5.67  5.05  4.66  4.40  3.69  2.67  1.97  1.64  1.10  0.50  0.30  0.19  0.10  0.06  0.05  0.04
10  75  0.04  0.13  0.22  0.44  0.87  1.29  2.10  3.96  5.03  5.74  5.95  5.65  5.23  4.69  4.31  4.07  3.54  2.69  2.02  1.69  1.15  0.53  0.31  0.20  0.11  0.06  0.05  0.04
10  80  0.04  0.13  0.22  0.44  0.86  1.28  2.08  3.90  4.60  5.07  5.23  5.09  4.80  4.32  3.96  3.74  3.39  2.70  2.07  1.74  1.20  0.55  0.32  0.21  0.11  0.06  0.05  0.04
10  85  0.04  0.13  0.22  0.43  0.86  1.27  2.06  3.88  4.58  5.05  5.24  5.12  4.82  4.34  3.96  3.74  3.39  2.71  2.07  1.74  1.20  0.55  0.32  0.21  0.13  0.06  0.05  0.04
10  90  0.04  0.13  0.22  0.43  0.85  1.26  2.05  3.86  4.54  5.02  5.23  5.11  4.82  4.33  3.92  3.70  3.38  2.70  2.06  1.73  1.20  0.56  0.33  0.21  0.13  0.06  0.05  0.04
11 -90  0.03  0.08  0.13  0.26  0.52  0.77  1.25  2.35  3.39  4.13  5.55  6.62  6.98  6.92  6.70  6.33  4.88  2.69  1.83  1.62  1.13  0.58  0.30  0.17  0.05  0.04  0.03  0.02
11 -85  0.03  0.08  0.13  0.27  0.53  0.78  1.27  2.39  3.46  4.22  5.63  6.69  6.94  6.76  6.49  6.21  4.97  2.78  1.80  1.54  1.03  0.55  0.30  0.07  0.05  0.04  0.03  0.02
11 -80  0.03  0.08  0.13  0.27  0.53  0.78  1.28  2.40  3.46  4.22  5.63  6.67  6.89  6.68  6.43  6.15  4.91  2.76  1.80  1.54  1.04  0.56  0.31  0.17  0.05  0.04  0.03  0.02
11 -75  0.03  0.08  0.14  0.27  0.54  0.80  1.30  2.44  3.52  4.30  5.68  6.80  7.03  6.76  6.65  6.49  5.11  2.89  1.88  1.61  1.10  0.60  0.32  0.18  0.05  0.04  0.03  0.02
11 -70  0.03  0.08  0.14  0.27  0.54  0.80  1.31  2.46  3.57  4.38  5.75  6.94  7.19  6.86  6.86  6.82  5.29  2.98  1.92  1.66  1.15  0.64  0.34  0.19  0.05  0.04  0.03  0.03
11 -65  0.03  0.08  0.14  0.28  0.56  0.82  1.34  2.53  3.69  4.56  6.01  7.25  7.47  7.06  6.99  6.95  5.35  3.12  1.99  1.68  1.13  0.64  0.34  0.19  0.06  0.04  0.03  0.03
11 -60  0.03  0.09  0.15  0.29  0.57  0.85  1.38  2.59  3.82  4.74  6.27  7.55  7.75  7.29  7.15  7.09  5.41  3.27  2.02  1.66  1.06  0.62  0.34  0.19  0.06  0.04  0.03  0.03
11 -55  0.03  0.09  0.15  0.30  0.59  0.87  1.42  2.68  3.98  4.91  6.50  7.85  8.06  7.66  7.10  6.73  5.20  3.25  1.98  1.60  0.94  0.52  0.30  0.17  0.06  0.04  0.03  0.03
11 -50  0.03  0.09  0.15  0.30  0.59  0.88  1.43  2.70  4.01  4.95  6.65  8.16  8.44  7.95  7.00  6.37  5.00  3.22  1.92  1.53  0.86  0.43  0.26  0.10  0.06  0.04  0.04  0.03
11 -45  0.03  0.09  0.15  0.29  0.58  0.87  1.42  2.72  4.02  4.97  6.74  8.40  8.75  8.23  7.17  6.46  5.03  3.17  1.85  1.46  0.80  0.40  0.24  0.09  0.06  0.05  0.04  0.03
11 -40  0.03  0.09  0.15  0.29  0.58  0.86  1.42  2.75  4.04  4.98  6.83  8.65  9.09  8.58  7.37  6.58  5.08  3.13  1.77  1.39  0.74  0.37  0.22  0.08  0.06  0.05  0.04  0.04
11 -35  0.03  0.09  0.15  0.30  0.59  0.88  1.44  2.78  4.09  5.04  6.92  8.83  9.33  8.88  7.54  6.65  4.81  2.62  1.33  1.03  0.52  0.27  0.13  0.08  0.06  0.05  0.05  0.04
11 -30  0.03  0.09  0.15  0.30  0.59  0.88  1.45  2.82  4.12  5.07  6.97  8.95  9.53  9.20  7.72  6.73  4.53  2.10  0.89  0.67  0.30  0.16  0.09  0.06  0.06  0.05  0.05  0.04
11 -25  0.03  0.09  0.15  0.31  0.61  0.91  1.48  2.84  4.16  5.11  7.00  9.04  9.66  9.43  7.83  6.73  4.35  1.87  0.73  0.55  0.23  0.10  0.06  0.05  0.05  0.05  0.05  0.04
11 -20  0.03  0.09  0.15  0.31  0.61  0.91  1.49  2.88  4.19  5.15  7.03  9.11  9.78  9.62  7.89  6.69  4.15  1.64  0.59  0.43  0.16  0.07  0.05  0.05  0.05  0.05  0.05  0.04
11 -15  0.03  0.09  0.15  0.30  0.60  0.90  1.48  2.90  4.21  5.16  7.02  9.09  9.80  9.72  8.04  6.91  4.02  1.47  0.53  0.39  0.15  0.05  0.04  0.04  0.04  0.05  0.05  0.04
11 -10  0.03  0.09  0.15  0.30  0.59  0.89  1.48  2.95  4.26  5.20  7.04  9.10  9.91  9.91  8.23  7.13  3.89  1.31  0.46  0.35  0.14  0.04  0.04  0.04  0.04  0.04  0.04  0.04
11  -5  0.03  0.09  0.15  0.30  0.60  0.90  1.49  2.96  4.26  5.21  7.00  8.99  9.85  9.92  8.21  7.12  3.79  1.25  0.44  0.33  0.14  0.04  0.03  0.03  0.03  0.04  0.04  0.03
11   0  0.03  0.09  0.15  0.31  0.61  0.91  1.51  2.96  4.30  5.24  7.02  8.95  9.82  9.98  8.25  7.12  3.70  1.18  0.41  0.32  0.13  0.04  0.03  0.03  0.03  0.04  0.03  0.03
11   5  0.03  0.09  0.16  0.31  0.62  0.93  1.53  2.96  4.28  5.22  6.94  8.80  9.66  9.87  8.22  7.14  3.91  1.26  0.46  0.34  0.13  0.04  0.03  0.03  0.03  0.04  0.03  0.03
11  10  0.03  0.10  0.16  0.32  0.63  0.94  1.54  2.97  4.29  5.22  6.91  8.70  9.49  9.69  8.18  7.15  4.12  1.35  0.50  0.37  0.13  0.04  0.03  0.03  0.04  0.04  0.04  0.04
11  15  0.03  0.10  0.16  0.32  0.64  0.95  1.56  2.99  4.36  5.32  6.98  8.58  9.18  9.24  7.90  6.94  4.05  1.40  0.52  0.38  0.13  0.04  0.04  0.04  0.04  0.04  0.04  0.04
11  20  0.03  0.10  0.17  0.33  0.66  0.98  1.59  2.99  4.40  5.39  7.04  8.50  8.91  8.86  7.63  6.73  3.98  1.43  0.53  0.39  0.14  0.05  0.04  0.04  0.04  0.04  0.05  0.04
11  25  0.03  0.10  0.17  0.33  0.66  0.99  1.62  3.11  4.60  5.66  7.20  8.33  8.56  8.39  7.40  6.65  4.08  1.54  0.61  0.45  0.18  0.06  0.05  0.04  0.05  0.05  0.05  0.05
11  30  0.04  0.11  0.18  0.35  0.70  1.03  1.69  3.19  4.81  5.93  7.40  8.20  8.21  7.92  7.14  6.58  4.19  1.65  0.70  0.52  0.22  0.09  0.06  0.05  0.05  0.05  0.05  0.05
11  35  0.04  0.11  0.19  0.37  0.74  1.10  1.79  3.36  5.09  6.27  7.51  7.96  7.79  7.40  6.78  6.35  4.40  1.98  0.96  0.73  0.35  0.15  0.08  0.06  0.05  0.05  0.05  0.05
11  40  0.04  0.12  0.20  0.40  0.78  1.16  1.89  3.55  5.38  6.62  7.63  7.72  7.39  6.94  6.46  6.12  4.59  2.30  1.21  0.94  0.48  0.20  0.12  0.08  0.06  0.05  0.05  0.05
11  45  0.04  0.13  0.21  0.42  0.83  1.24  2.01  3.75  5.62  6.85  7.61  7.47  7.07  6.61  6.29  6.05  4.67  2.48  1.41  1.12  0.63  0.27  0.16  0.11  0.08  0.06  0.05  0.05
11  50  0.05  0.14  0.23  0.45  0.89  1.31  2.13  3.96  5.82  7.05  7.56  7.20  6.76  6.31  6.11  5.97  4.72  2.66  1.62  1.31  0.78  0.35  0.19  0.13  0.09  0.06  0.05  0.05
11  55  0.05  0.14  0.23  0.46  0.91  1.34  2.18  4.08  5.73  6.85  7.24  6.95  6.53  6.11  5.89  5.71  4.57  2.70  1.70  1.41  0.92  0.41  0.22  0.15  0.09  0.06  0.05  0.05
11  60  0.05  0.14  0.23  0.47  0.93  1.37  2.24  4.25  5.83  6.88  7.12  6.77  6.34  5.86  5.67  5.54  4.49  2.80  1.84  1.54  1.06  0.47  0.25  0.16  0.10  0.06  0.05  0.05
11  65  0.05  0.14  0.23  0.45  0.90  1.33  2.17  4.11  5.56  6.55  6.88  6.64  6.26  5.76  5.43  5.21  4.38  2.90  2.03  1.73  1.24  0.56  0.30  0.19  0.10  0.06  0.05  0.05
11  70  0.05  0.13  0.22  0.45  0.88  1.30  2.11  3.93  5.29  6.21  6.62  6.50  6.16  5.65  5.18  4.88  4.28  2.99  2.21  1.91  1.42  0.65  0.34  0.21  0.10  0.06  0.05  0.05
11  75  0.04  0.13  0.22  0.44  0.86  1.27  2.06  3.76  4.99  5.82  6.16  5.85  5.38  4.82  4.36  4.08  3.72  2.92  2.15  1.85  1.36  0.61  0.31  0.20  0.10  0.06  0.05  0.05
11  80  0.04  0.13  0.22  0.43  0.85  1.25  2.00  3.61  4.70  5.42  5.69  5.20  4.59  3.98  3.54  3.28  3.17  2.84  2.08  1.78  1.29  0.58  0.29  0.18  0.11  0.06  0.05  0.04
11  85  0.04  0.13  0.22  0.43  0.85  1.24  2.00  3.60  4.68  5.40  5.67  5.19  4.60  3.99  3.55  3.29  3.17  2.84  2.07  1.78  1.28  0.57  0.29  0.18  0.11  0.06  0.05  0.04
11  90  0.04  0.13  0.22  0.43  0.85  1.25  2.00  3.60  4.67  5.36  5.65  5.20  4.63  4.02  3.54  3.27  3.17  2.83  2.06  1.76  1.27  0.57  0.29  0.18  0.10  0.06  0.05  0.05
12 -90  0.02  0.07  0.12  0.24  0.47  0.69  1.12  2.09  3.12  3.88  5.38  6.40  6.31  5.71  5.50  5.51  5.07  3.79  2.50  2.12  1.43  0.70  0.41  0.23  0.11  0.04  0.03  0.02
12 -85  0.02  0.07  0.12  0.24  0.47  0.69  1.12  2.09  3.12  3.88  5.36  6.42  6.37  5.74  5.41  5.31  4.90  3.71  2.43  2.03  1.33  0.65  0.40  0.23  0.11  0.04  0.03  0.02
12 -80  0.02  0.07  0.12  0.24  0.47  0.69  1.12  2.09  3.12  3.87  5.34  6.41  6.37  5.74  5.39  5.28  4.86  3.67  2.40  2.01  1.32  0.65  0.39  0.22  0.11  0.04  0.03  0.02
12 -75  0.02  0.07  0.12  0.24  0.48  0.71  1.16  2.15  3.18  3.93  5.35  6.48  6.53  5.93  5.56  5.41  4.91  3.60  2.33  1.95  1.28  0.64  0.39  0.22  0.06  0.04  0.03  0.02
12 -70  0.03  0.08  0.13  0.25  0.49  0.73  1.19  2.23  3.24  3.99  5.36  6.56  6.69  6.12  5.74  5.57  4.96  3.50  2.22  1.86  1.22  0.62  0.39  0.21  0.06  0.04  0.03  0.02
12 -65  0.03  0.08  0.13  0.26  0.51  0.76  1.23  2.30  3.33  4.09  5.51  6.85  7.09  6.58  6.13  5.89  4.98  3.36  2.07  1.71  1.10  0.57  0.36  0.19  0.06  0.04  0.03  0.03
12 -60  0.03  0.08  0.13  0.27  0.53  0.78  1.27  2.38  3.42  4.21  5.68  7.16  7.51  7.07  6.55  6.23  5.02  3.23  1.94  1.57  0.97  0.52  0.33  0.18  0.07  0.04  0.03  0.03
12 -55  0.03  0.08  0.14  0.28  0.55  0.82  1.33  2.48  3.60  4.38  5.88  7.50  7.96  7.70  6.95  6.43  4.92  3.02  1.78  1.43  0.82  0.45  0.28  0.16  0.07  0.04  0.03  0.03
12 -50  0.03  0.09  0.14  0.28  0.56  0.83  1.35  2.53  3.64  4.42  6.02  7.85  8.47  8.22  7.26  6.60  4.80  2.80  1.57  1.24  0.69  0.38  0.23  0.11  0.07  0.04  0.04  0.03
12 -45  0.03  0.08  0.14  0.28  0.56  0.83  1.36  2.59  3.73  4.55  6.20  8.13  8.83  8.61  7.29  6.36  4.58  2.61  1.45  1.14  0.62  0.33  0.19  0.09  0.06  0.05  0.04  0.03
12 -40  0.03  0.08  0.14  0.28  0.56  0.83  1.38  2.68  3.82  4.65  6.36  8.40  9.18  9.02  7.31  6.14  4.38  2.42  1.32  1.03  0.55  0.28  0.13  0.07  0.06  0.05  0.04  0.04
12 -35  0.03  0.09  0.14  0.29  0.57  0.86  1.41  2.74  3.96  4.83  6.60  8.63  9.38  9.19  7.68  6.62  4.37  2.10  1.02  0.79  0.39  0.20  0.10  0.07  0.06  0.05  0.04  0.04
12 -30  0.03  0.09  0.15  0.29  0.58  0.87  1.44  2.81  4.07  4.98  6.81  8.81  9.52  9.38  8.03  7.10  4.35  1.79  0.73  0.55  0.25  0.13  0.08  0.06  0.05  0.05  0.05  0.04
12 -25  0.03  0.09  0.15  0.30  0.60  0.90  1.48  2.86  4.19  5.14  7.01  9.01  9.66  9.51  8.05  7.03  4.21  1.66  0.62  0.46  0.19  0.09  0.06  0.05  0.05  0.05  0.05  0.04
12 -20  0.03  0.09  0.15  0.30  0.60  0.90  1.49  2.94  4.31  5.32  7.23  9.20  9.79  9.63  8.04  6.92  4.08  1.51  0.51  0.38  0.14  0.06  0.05  0.04  0.04  0.05  0.05  0.04
12 -15  0.03  0.09  0.15  0.30  0.60  0.90  1.50  2.98  4.40  5.45  7.40  9.32  9.88  9.74  8.13  7.03  3.99  1.40  0.46  0.34  0.13  0.05  0.04  0.04  0.04  0.04  0.04  0.04
12 -10  0.03  0.09  0.15  0.30  0.60  0.90  1.51  3.04  4.53  5.60  7.58  9.47 10.06  9.91  8.26  7.15  3.90  1.28  0.41  0.31  0.13  0.04  0.03  0.03  0.04  0.04  0.04  0.03
12  -5  0.03  0.09  0.15  0.30  0.61  0.91  1.52  3.06  4.55  5.63  7.55  9.37  9.95  9.85  8.07  6.88  3.73  1.22  0.39  0.30  0.13  0.04  0.03  0.03  0.03  0.04  0.03  0.03
12   0  0.03  0.10  0.16  0.32  0.63  0.95  1.56  3.05  4.58  5.67  7.57  9.30  9.85  9.80  7.90  6.62  3.57  1.16  0.37  0.29  0.14  0.04  0.03  0.03  0.03  0.04  0.03  0.03
12   5  0.03  0.10  0.16  0.32  0.64  0.95  1.57  3.04  4.54  5.62  7.41  9.05  9.60  9.54  7.88  6.76  3.79  1.26  0.41  0.32  0.13  0.04  0.03  0.03  0.04  0.04  0.04  0.03
12  10  0.03  0.10  0.16  0.32  0.64  0.96  1.58  3.04  4.52  5.57  7.31  8.83  9.32  9.27  7.86  6.91  4.01  1.35  0.47  0.35  0.13  0.04  0.04  0.04  0.04  0.04  0.04  0.04
12  15  0.03  0.10  0.16  0.33  0.65  0.96  1.58  3.04  4.53  5.58  7.27  8.61  8.97  8.83  7.56  6.67  3.95  1.44  0.50  0.37  0.13  0.05  0.04  0.04  0.04  0.04  0.05  0.04
12  20  0.03  0.10  0.17  0.33  0.66  0.98  1.60  3.03  4.52  5.57  7.19  8.40  8.62  8.41  7.26  6.43  3.89  1.52  0.52  0.38  0.13  0.05  0.04  0.04  0.04  0.05  0.05  0.05
12  25  0.03  0.10  0.17  0.33  0.66  0.98  1.62  3.12  4.62  5.70  7.18  8.12  8.21  7.94  7.11  6.51  4.15  1.67  0.65  0.48  0.20  0.06  0.05  0.05  0.05  0.05  0.05  0.05
12  30  0.04  0.11  0.18  0.35  0.69  1.03  1.67  3.16  4.74  5.82  7.18  7.88  7.81  7.47  6.97  6.61  4.40  1.85  0.79  0.59  0.26  0.10  0.07  0.06  0.05  0.05  0.05  0.05
12  35  0.04  0.11  0.19  0.37  0.74  1.09  1.78  3.34  4.96  6.04  7.15  7.59  7.44  7.07  6.78  6.58  4.74  2.21  1.09  0.85  0.45  0.21  0.10  0.07  0.06  0.05  0.05  0.05
12  40  0.04  0.12  0.20  0.40  0.78  1.16  1.88  3.52  5.17  6.24  7.14  7.33  7.09  6.71  6.62  6.54  5.06  2.57  1.38  1.11  0.64  0.30  0.16  0.10  0.07  0.05  0.05  0.05
12  45  0.04  0.13  0.21  0.42  0.83  1.23  1.99  3.73  5.34  6.36  7.03  7.09  6.85  6.51  6.41  6.34  5.02  2.85  1.63  1.31  0.79  0.37  0.20  0.13  0.08  0.06  0.05  0.05
12  50  0.05  0.13  0.22  0.45  0.88  1.30  2.11  3.92  5.46  6.47  6.94  6.86  6.62  6.36  6.22  6.13  4.96  3.13  1.87  1.53  0.96  0.45  0.24  0.15  0.09  0.06  0.05  0.05
12  55  0.05  0.14  0.22  0.45  0.88  1.30  2.11  3.93  5.24  6.17  6.66  6.74  6.54  6.29  6.01  5.82  4.74  3.13  1.98  1.65  1.11  0.53  0.27  0.16  0.10  0.06  0.05  0.05
12  60  0.05  0.13  0.22  0.45  0.88  1.30  2.12  3.98  5.24  6.12  6.57  6.67  6.49  6.18  5.83  5.60  4.59  3.18  2.15  1.81  1.26  0.60  0.31  0.18  0.10  0.06  0.05  0.05
12  65  0.05  0.14  0.23  0.45  0.89  1.31  2.11  3.85  5.14  6.02  6.54  6.66  6.44  6.06  5.61  5.31  4.47  3.13  2.20  1.87  1.33  0.63  0.30  0.18  0.10  0.06  0.05  0.05
12  70  0.05  0.14  0.23  0.46  0.90  1.32  2.10  3.73  5.02  5.90  6.48  6.63  6.39  5.95  5.39  5.02  4.35  3.09  2.26  1.93  1.39  0.66  0.30  0.18  0.11  0.06  0.05  0.05
12  75  0.04  0.13  0.22  0.44  0.85  1.25  1.97  3.40  4.72  5.61  6.24  6.28  5.97  5.47  4.94  4.58  4.12  3.12  2.28  1.95  1.40  0.66  0.32  0.19  0.11  0.06  0.05  0.05
12  80  0.04  0.13  0.21  0.42  0.81  1.18  1.84  3.09  4.43  5.34  6.01  5.92  5.52  4.99  4.48  4.14  3.89  3.14  2.29  1.96  1.41  0.66  0.34  0.21  0.11  0.06  0.05  0.05
12  85  0.04  0.13  0.21  0.42  0.81  1.18  1.84  3.08  4.41  5.31  5.98  5.92  5.54  5.01  4.49  4.15  3.89  3.15  2.29  1.96  1.40  0.66  0.34  0.21  0.11  0.06  0.05  0.05
12  90  0.04  0.13  0.21  0.42  0.81  1.18  1.84  3.08  4.38  5.26  5.89  5.90  5.56  5.06  4.54  4.17  3.90  3.13  2.25  1.92  1.37  0.66  0.34  0.20  0.11  0.06  0.05  0.05
