     0.010
     0.030
     0.050
     0.100
     0.200
     0.300
     0.500
     1.000
     1.500
     2.000
     3.000
     5.000
     7.000
    10.000
    15.000
    20.000
    30.000
    50.000
    70.000
    80.000
   100.000
   150.000
   200.000
   250.000
   300.000
   400.000
   500.000
   600.000
 1 -90  0.02  0.07  0.11  0.22  0.44  0.65  1.06  1.99  2.85  3.46  4.82  5.80  5.72  5.08  4.36  3.85  3.54  2.84  2.00  1.64  1.03  0.45  0.30  0.18  0.09  0.06  0.03  0.02
 1 -85  0.02  0.07  0.11  0.22  0.44  0.65  1.06  1.99  2.85  3.46  4.82  5.80  5.72  5.08  4.36  3.85  3.54  2.84  2.00  1.64  1.03  0.45  0.30  0.18  0.09  0.05  0.03  0.02
 1 -80  0.02  0.07  0.11  0.22  0.44  0.65  1.06  1.99  2.84  3.46  4.82  5.80  5.72  5.08  4.36  3.85  3.54  2.84  2.00  1.64  1.03  0.45  0.30  0.18  0.09  0.05  0.03  0.02
 1 -75  0.02  0.07  0.11  0.23  0.45  0.67  1.09  2.06  2.92  3.53  4.84  5.93  5.96  5.37  4.70  4.23  3.84  2.91  1.99  1.63  1.01  0.45  0.29  0.18  0.09  0.05  0.03  0.03
 1 -70  0.02  0.07  0.12  0.23  0.46  0.69  1.12  2.12  2.99  3.61  4.85  6.06  6.20  5.65  5.04  4.61  4.13  2.98  1.98  1.61  0.99  0.44  0.29  0.17  0.08  0.05  0.03  0.03
 1 -65  0.02  0.07  0.12  0.24  0.48  0.72  1.17  2.21  3.09  3.73  5.01  6.38  6.67  6.21  5.65  5.26  4.34  2.96  1.88  1.52  0.92  0.40  0.27  0.17  0.09  0.05  0.03  0.03
 1 -60  0.03  0.08  0.13  0.25  0.50  0.74  1.21  2.29  3.20  3.86  5.18  6.70  7.13  6.78  6.27  5.90  4.55  2.93  1.78  1.43  0.84  0.37  0.26  0.16  0.09  0.05  0.03  0.03
 1 -55  0.03  0.08  0.13  0.26  0.52  0.77  1.25  2.36  3.30  3.98  5.36  7.02  7.59  7.32  6.65  6.17  4.41  2.67  1.49  1.18  0.67  0.29  0.20  0.13  0.09  0.05  0.04  0.03
 1 -50  0.03  0.08  0.14  0.27  0.54  0.80  1.30  2.45  3.41  4.12  5.54  7.34  8.04  7.87  7.04  6.44  4.27  2.42  1.21  0.94  0.50  0.20  0.15  0.12  0.08  0.05  0.04  0.03
 1 -45  0.03  0.08  0.14  0.27  0.54  0.80  1.32  2.53  3.52  4.25  5.72  7.61  8.38  8.28  7.25  6.52  4.30  2.38  1.16  0.90  0.47  0.19  0.14  0.09  0.06  0.05  0.04  0.03
 1 -40  0.03  0.08  0.14  0.27  0.54  0.81  1.34  2.61  3.64  4.39  5.92  7.89  8.72  8.68  7.46  6.59  4.31  2.35  1.12  0.86  0.44  0.17  0.11  0.07  0.05  0.05  0.04  0.03
 1 -35  0.03  0.08  0.14  0.28  0.56  0.83  1.37  2.67  3.73  4.51  6.10  8.11  8.92  8.89  7.65  6.77  4.31  2.08  0.90  0.69  0.33  0.14  0.08  0.06  0.05  0.05  0.04  0.04
 1 -30  0.03  0.08  0.14  0.28  0.56  0.84  1.39  2.73  3.84  4.65  6.30  8.34  9.15  9.09  7.84  6.95  4.31  1.81  0.69  0.51  0.22  0.10  0.06  0.05  0.05  0.05  0.04  0.04
 1 -25  0.03  0.09  0.14  0.29  0.57  0.85  1.41  2.77  3.94  4.79  6.53  8.57  9.35  9.29  7.90  6.92  4.26  1.65  0.60  0.44  0.18  0.07  0.05  0.04  0.04  0.04  0.04  0.04
 1 -20  0.03  0.08  0.14  0.28  0.56  0.84  1.40  2.79  4.03  4.94  6.74  8.79  9.57  9.50  7.97  6.89  4.21  1.50  0.50  0.37  0.14  0.05  0.04  0.04  0.04  0.04  0.04  0.04
 1 -15  0.03  0.08  0.14  0.28  0.56  0.84  1.41  2.81  4.11  5.02  6.87  8.96  9.74  9.66  8.09  6.99  4.09  1.44  0.45  0.33  0.14  0.04  0.03  0.03  0.03  0.04  0.04  0.03
 1 -10  0.03  0.08  0.14  0.28  0.56  0.84  1.40  2.82  4.15  5.11  7.00  9.10  9.86  9.79  8.21  7.11  3.98  1.38  0.40  0.30  0.09  0.04  0.03  0.03  0.03  0.03  0.03  0.03
 1  -5  0.03  0.08  0.14  0.28  0.56  0.84  1.41  2.83  4.20  5.18  7.05  9.06  9.76  9.66  8.09  6.99  3.86  1.33  0.38  0.29  0.07  0.04  0.03  0.03  0.03  0.03  0.03  0.03
 1   0  0.03  0.09  0.15  0.30  0.60  0.90  1.48  2.87  4.25  5.25  7.09  9.03  9.69  9.54  7.97  6.88  3.74  1.28  0.36  0.27  0.06  0.03  0.03  0.03  0.03  0.03  0.03  0.03
 1   5  0.03  0.09  0.15  0.30  0.60  0.89  1.47  2.87  4.25  5.23  7.03  8.81  9.37  9.27  7.83  6.82  3.88  1.39  0.42  0.31  0.06  0.04  0.03  0.03  0.03  0.04  0.04  0.03
 1  10  0.03  0.09  0.15  0.30  0.60  0.89  1.47  2.87  4.23  5.22  6.93  8.56  9.06  8.99  7.69  6.76  4.04  1.51  0.48  0.35  0.07  0.04  0.03  0.03  0.03  0.04  0.04  0.04
 1  15  0.03  0.09  0.15  0.30  0.60  0.90  1.49  2.89  4.25  5.22  6.85  8.33  8.74  8.63  7.38  6.49  3.99  1.55  0.49  0.36  0.08  0.04  0.04  0.04  0.04  0.04  0.04  0.04
 1  20  0.03  0.09  0.16  0.31  0.62  0.93  1.52  2.92  4.27  5.23  6.79  8.10  8.44  8.27  7.06  6.23  3.97  1.60  0.50  0.37  0.13  0.05  0.04  0.04  0.04  0.04  0.04  0.04
 1  25  0.03  0.09  0.16  0.31  0.62  0.93  1.53  2.97  4.34  5.29  6.73  7.85  8.04  7.79  6.90  6.30  4.26  1.87  0.69  0.51  0.22  0.06  0.05  0.05  0.04  0.04  0.04  0.04
 1  30  0.03  0.10  0.17  0.33  0.66  0.98  1.60  3.05  4.40  5.37  6.69  7.58  7.66  7.33  6.77  6.38  4.57  2.13  0.86  0.66  0.31  0.10  0.07  0.06  0.05  0.05  0.04  0.04
 1  35  0.03  0.10  0.17  0.35  0.69  1.02  1.67  3.17  4.53  5.50  6.67  7.34  7.31  6.99  6.56  6.26  4.88  2.51  1.22  0.94  0.49  0.24  0.15  0.08  0.06  0.05  0.05  0.05
 1  40  0.04  0.11  0.18  0.36  0.72  1.07  1.74  3.30  4.65  5.62  6.64  7.09  6.97  6.62  6.33  6.14  5.21  2.90  1.58  1.24  0.67  0.34  0.20  0.11  0.08  0.05  0.05  0.05
 1  45  0.04  0.11  0.19  0.37  0.74  1.10  1.79  3.40  4.71  5.65  6.51  6.83  6.67  6.38  6.23  6.12  5.28  3.16  1.81  1.46  0.87  0.45  0.25  0.16  0.09  0.06  0.05  0.05
 1  50  0.04  0.11  0.19  0.38  0.75  1.12  1.83  3.50  4.79  5.70  6.38  6.56  6.37  6.09  6.11  6.11  5.35  3.41  2.04  1.67  1.07  0.55  0.30  0.19  0.10  0.06  0.05  0.05
 1  55  0.04  0.12  0.19  0.39  0.77  1.14  1.86  3.53  4.71  5.51  6.10  6.28  6.14  5.91  5.81  5.73  5.05  3.40  2.21  1.84  1.23  0.62  0.35  0.21  0.11  0.06  0.05  0.05
 1  60  0.04  0.12  0.19  0.39  0.77  1.14  1.86  3.53  4.57  5.28  5.79  5.99  5.91  5.74  5.50  5.34  4.74  3.38  2.36  2.00  1.39  0.68  0.41  0.24  0.11  0.06  0.05  0.05
 1  65  0.04  0.11  0.19  0.38  0.75  1.12  1.82  3.45  4.50  5.20  5.78  6.08  6.05  5.88  5.55  5.31  4.56  3.35  2.34  1.98  1.39  0.68  0.39  0.23  0.11  0.06  0.05  0.05
 1  70  0.04  0.11  0.19  0.37  0.74  1.10  1.79  3.37  4.42  5.11  5.77  6.17  6.19  6.03  5.60  5.28  4.38  3.32  2.32  1.97  1.39  0.68  0.37  0.22  0.11  0.06  0.05  0.05
 1  75  0.04  0.11  0.18  0.36  0.70  1.04  1.69  3.16  4.15  4.79  5.47  5.79  5.73  5.48  5.04  4.73  4.12  3.23  2.42  2.10  1.57  0.72  0.38  0.23  0.11  0.06  0.05  0.05
 1  80  0.04  0.10  0.17  0.35  0.68  1.00  1.62  2.97  3.88  4.48  5.17  5.41  5.27  4.93  4.49  4.18  3.86  3.15  2.51  2.23  1.76  0.76  0.39  0.24  0.12  0.06  0.05  0.05
 1  85  0.04  0.10  0.17  0.35  0.68  1.00  1.62  2.96  3.87  4.47  5.17  5.41  5.27  4.93  4.49  4.17  3.86  3.15  2.51  2.23  1.76  0.76  0.39  0.24  0.12  0.06  0.05  0.05
 1  90  0.04  0.10  0.17  0.35  0.68  1.00  1.62  2.96  3.87  4.47  5.16  5.41  5.27  4.93  4.49  4.17  3.86  3.15  2.51  2.23  1.76  0.76  0.39  0.24  0.12  0.06  0.05  0.05
 2 -90  0.03  0.08  0.14  0.27  0.54  0.79  1.29  2.43  3.42  4.12  5.18  5.43  5.03  4.37  4.02  3.75  3.27  2.68  1.99  1.65  1.07  0.44  0.28  0.19  0.11  0.05  0.03  0.02
 2 -85  0.03  0.08  0.14  0.27  0.54  0.79  1.29  2.43  3.42  4.12  5.18  5.43  5.04  4.37  4.02  3.75  3.27  2.68  1.99  1.65  1.07  0.44  0.28  0.19  0.11  0.05  0.03  0.02
 2 -80  0.03  0.08  0.14  0.27  0.54  0.79  1.29  2.43  3.41  4.12  5.18  5.43  5.04  4.37  4.01  3.75  3.27  2.68  1.99  1.64  1.07  0.44  0.28  0.19  0.11  0.05  0.03  0.02
 2 -75  0.03  0.08  0.14  0.27  0.53  0.79  1.28  2.41  3.41  4.12  5.26  5.77  5.51  4.85  4.41  4.09  3.47  2.70  1.99  1.64  1.05  0.43  0.28  0.18  0.10  0.05  0.03  0.03
 2 -70  0.03  0.08  0.13  0.27  0.53  0.78  1.28  2.40  3.40  4.13  5.35  6.12  5.98  5.34  4.81  4.43  3.68  2.71  2.00  1.64  1.03  0.42  0.29  0.18  0.10  0.05  0.03  0.03
 2 -65  0.03  0.08  0.14  0.27  0.54  0.80  1.30  2.45  3.47  4.21  5.50  6.52  6.54  5.95  5.33  4.88  3.96  2.69  1.89  1.54  0.95  0.39  0.27  0.17  0.10  0.05  0.03  0.03
 2 -60  0.03  0.08  0.14  0.28  0.55  0.82  1.33  2.50  3.54  4.29  5.66  6.92  7.10  6.56  5.84  5.33  4.25  2.68  1.78  1.44  0.88  0.36  0.25  0.16  0.10  0.05  0.04  0.03
 2 -55  0.03  0.09  0.14  0.29  0.57  0.84  1.37  2.56  3.61  4.37  5.78  7.21  7.55  7.11  6.35  5.81  4.24  2.50  1.46  1.16  0.67  0.28  0.19  0.13  0.09  0.05  0.04  0.03
 2 -50  0.03  0.09  0.15  0.30  0.58  0.87  1.41  2.63  3.69  4.46  5.90  7.50  7.99  7.67  6.87  6.30  4.22  2.32  1.15  0.89  0.47  0.20  0.14  0.11  0.07  0.05  0.04  0.03
 2 -45  0.03  0.09  0.15  0.30  0.59  0.87  1.42  2.70  3.78  4.56  6.04  7.74  8.32  8.10  7.13  6.43  4.27  2.22  1.10  0.85  0.42  0.18  0.13  0.08  0.06  0.04  0.04  0.03
 2 -40  0.03  0.09  0.15  0.30  0.59  0.87  1.44  2.77  3.88  4.68  6.20  7.99  8.66  8.53  7.39  6.56  4.30  2.14  1.06  0.80  0.38  0.16  0.10  0.06  0.05  0.04  0.04  0.03
 2 -35  0.03  0.09  0.15  0.30  0.59  0.88  1.45  2.80  3.92  4.74  6.32  8.17  8.87  8.79  7.56  6.68  4.25  1.93  0.87  0.65  0.30  0.13  0.08  0.05  0.05  0.04  0.04  0.04
 2 -30  0.03  0.09  0.15  0.30  0.59  0.88  1.45  2.84  3.99  4.83  6.45  8.37  9.10  9.03  7.73  6.80  4.20  1.72  0.68  0.51  0.21  0.09  0.06  0.05  0.04  0.04  0.04  0.04
 2 -25  0.03  0.09  0.15  0.29  0.59  0.87  1.44  2.82  3.99  4.85  6.57  8.57  9.36  9.32  7.87  6.84  4.14  1.60  0.58  0.43  0.17  0.06  0.04  0.04  0.04  0.04  0.04  0.04
 2 -20  0.03  0.08  0.14  0.28  0.57  0.85  1.41  2.80  4.01  4.89  6.66  8.76  9.62  9.63  8.01  6.87  4.09  1.49  0.47  0.34  0.13  0.05  0.04  0.03  0.04  0.04  0.04  0.03
 2 -15  0.03  0.08  0.14  0.28  0.56  0.84  1.39  2.77  4.00  4.86  6.68  8.92  9.85  9.84  8.16  6.99  4.03  1.40  0.44  0.32  0.13  0.04  0.03  0.03  0.03  0.04  0.03  0.03
 2 -10  0.03  0.08  0.14  0.27  0.55  0.82  1.37  2.73  3.96  4.84  6.69  9.05 10.03 10.05  8.31  7.10  3.97  1.31  0.40  0.30  0.09  0.04  0.03  0.03  0.03  0.03  0.03  0.03
 2  -5  0.03  0.08  0.14  0.27  0.55  0.82  1.37  2.73  3.97  4.86  6.72  9.04 10.00  9.98  8.05  6.72  3.84  1.29  0.40  0.30  0.07  0.03  0.03  0.03  0.03  0.03  0.03  0.03
 2   0  0.03  0.09  0.15  0.30  0.59  0.88  1.44  2.75  4.00  4.90  6.75  9.07 10.01  9.93  7.80  6.34  3.69  1.26  0.39  0.30  0.06  0.03  0.03  0.03  0.03  0.03  0.03  0.03
 2   5  0.03  0.09  0.15  0.29  0.58  0.87  1.43  2.76  4.03  4.93  6.76  8.90  9.73  9.67  7.83  6.56  3.83  1.38  0.46  0.34  0.06  0.03  0.03  0.03  0.03  0.04  0.04  0.03
 2  10  0.03  0.09  0.15  0.29  0.58  0.86  1.42  2.77  4.04  4.96  6.73  8.71  9.44  9.40  7.87  6.79  3.97  1.51  0.53  0.38  0.07  0.04  0.03  0.03  0.03  0.04  0.04  0.04
 2  15  0.03  0.09  0.15  0.29  0.58  0.87  1.44  2.80  4.08  4.99  6.70  8.50  9.12  9.06  7.70  6.74  4.08  1.60  0.56  0.41  0.07  0.04  0.04  0.04  0.04  0.04  0.04  0.04
 2  20  0.03  0.09  0.15  0.30  0.60  0.90  1.48  2.84  4.11  5.03  6.67  8.30  8.83  8.74  7.54  6.71  4.20  1.70  0.60  0.43  0.09  0.05  0.04  0.04  0.04  0.04  0.05  0.04
 2  25  0.03  0.09  0.15  0.31  0.61  0.91  1.50  2.90  4.21  5.13  6.68  8.08  8.43  8.23  7.24  6.55  4.43  1.92  0.76  0.56  0.22  0.07  0.05  0.05  0.05  0.05  0.05  0.04
 2  30  0.03  0.10  0.16  0.32  0.64  0.95  1.56  2.99  4.31  5.26  6.72  7.85  8.04  7.76  6.95  6.39  4.66  2.12  0.91  0.67  0.29  0.16  0.08  0.07  0.06  0.05  0.05  0.05
 2  35  0.03  0.10  0.17  0.34  0.67  1.00  1.63  3.09  4.47  5.45  6.79  7.64  7.68  7.36  6.74  6.30  4.90  2.60  1.26  0.97  0.48  0.29  0.20  0.10  0.07  0.05  0.05  0.05
 2  40  0.04  0.11  0.18  0.36  0.70  1.05  1.70  3.21  4.62  5.63  6.85  7.44  7.33  6.94  6.50  6.20  5.15  3.08  1.62  1.26  0.67  0.42  0.28  0.14  0.09  0.06  0.05  0.05
 2  45  0.04  0.11  0.18  0.37  0.72  1.07  1.76  3.33  4.75  5.76  6.81  7.22  7.04  6.68  6.36  6.12  5.25  3.34  1.90  1.53  0.90  0.52  0.33  0.20  0.10  0.06  0.05  0.05
 2  50  0.04  0.11  0.19  0.37  0.74  1.10  1.80  3.45  4.89  5.91  6.76  6.98  6.74  6.38  6.18  6.04  5.36  3.59  2.19  1.79  1.14  0.62  0.37  0.23  0.11  0.06  0.05  0.05
 2  55  0.04  0.12  0.19  0.39  0.77  1.14  1.87  3.56  4.93  5.89  6.59  6.73  6.50  6.18  5.98  5.84  5.30  3.65  2.33  1.94  1.29  0.67  0.41  0.25  0.12  0.07  0.05  0.05
 2  60  0.04  0.12  0.20  0.40  0.79  1.17  1.92  3.65  4.95  5.85  6.39  6.46  6.25  5.98  5.77  5.63  5.23  3.71  2.47  2.08  1.43  0.72  0.45  0.26  0.12  0.07  0.05  0.05
 2  65  0.04  0.12  0.20  0.40  0.79  1.17  1.91  3.63  4.81  5.63  6.16  6.33  6.22  6.00  5.71  5.51  5.03  3.57  2.53  2.15  1.53  0.76  0.44  0.26  0.12  0.07  0.05  0.05
 2  70  0.04  0.12  0.20  0.40  0.79  1.17  1.90  3.60  4.67  5.41  5.93  6.20  6.18  6.03  5.66  5.39  4.84  3.43  2.59  2.23  1.63  0.81  0.43  0.27  0.13  0.07  0.05  0.05
 2  75  0.04  0.12  0.20  0.40  0.78  1.16  1.89  3.55  4.45  5.06  5.81  6.35  6.45  6.31  5.83  5.48  4.83  3.36  2.62  2.27  1.67  0.85  0.45  0.27  0.13  0.07  0.05  0.05
 2  80  0.04  0.12  0.20  0.39  0.78  1.15  1.87  3.50  4.23  4.71  5.69  6.51  6.72  6.59  6.00  5.57  4.82  3.29  2.66  2.30  1.70  0.89  0.47  0.27  0.13  0.07  0.05  0.05
 2  85  0.04  0.12  0.20  0.39  0.77  1.15  1.87  3.50  4.23  4.70  5.69  6.50  6.72  6.59  5.99  5.57  4.82  3.29  2.66  2.30  1.70  0.89  0.47  0.27  0.13  0.07  0.05  0.05
 2  90  0.04  0.12  0.20  0.39  0.77  1.15  1.87  3.50  4.22  4.70  5.68  6.49  6.72  6.59  5.99  5.57  4.82  3.29  2.66  2.30  1.70  0.89  0.47  0.27  0.13  0.07  0.05  0.05
 3 -90  0.04  0.12  0.20  0.39  0.78  1.15  1.85  3.41  4.37  5.04  5.18  4.98  4.63  4.16  3.67  3.31  3.21  2.63  2.06  1.72  1.14  0.46  0.26  0.17  0.09  0.05  0.03  0.02
 3 -85  0.04  0.12  0.20  0.39  0.78  1.15  1.85  3.41  4.37  5.04  5.19  4.98  4.63  4.16  3.67  3.31  3.21  2.63  2.06  1.72  1.14  0.46  0.26  0.17  0.09  0.05  0.03  0.03
 3 -80  0.04  0.12  0.20  0.39  0.78  1.15  1.85  3.41  4.37  5.04  5.19  4.98  4.63  4.16  3.67  3.30  3.21  2.63  2.06  1.71  1.14  0.46  0.26  0.17  0.09  0.05  0.03  0.03
 3 -75  0.04  0.11  0.19  0.38  0.74  1.09  1.77  3.26  4.36  5.13  5.60  5.51  5.12  4.56  4.00  3.57  3.31  2.64  2.03  1.68  1.09  0.44  0.26  0.16  0.09  0.05  0.03  0.03
 3 -70  0.04  0.11  0.18  0.36  0.71  1.04  1.69  3.12  4.34  5.22  6.01  6.04  5.61  4.97  4.32  3.85  3.41  2.64  2.01  1.65  1.05  0.43  0.25  0.16  0.08  0.05  0.03  0.03
 3 -65  0.04  0.11  0.17  0.35  0.69  1.01  1.64  3.05  4.31  5.21  6.20  6.50  6.18  5.53  4.92  4.48  3.66  2.63  1.87  1.53  0.97  0.40  0.24  0.15  0.10  0.05  0.03  0.03
 3 -60  0.03  0.10  0.17  0.34  0.67  0.99  1.60  2.98  4.28  5.21  6.40  6.97  6.75  6.09  5.52  5.12  3.90  2.63  1.74  1.42  0.88  0.37  0.23  0.14  0.09  0.05  0.04  0.03
 3 -55  0.03  0.10  0.17  0.34  0.66  0.98  1.59  2.95  4.24  5.16  6.46  7.29  7.23  6.63  6.05  5.64  4.17  2.53  1.47  1.19  0.71  0.29  0.18  0.12  0.08  0.05  0.04  0.03
 3 -50  0.03  0.10  0.17  0.34  0.66  0.98  1.58  2.93  4.20  5.13  6.52  7.60  7.70  7.17  6.58  6.16  4.44  2.43  1.21  0.96  0.55  0.21  0.14  0.09  0.06  0.04  0.04  0.03
 3 -45  0.03  0.10  0.16  0.33  0.65  0.96  1.56  2.94  4.20  5.12  6.57  7.84  8.08  7.66  6.75  6.10  4.32  2.32  1.13  0.88  0.48  0.18  0.12  0.07  0.05  0.04  0.04  0.03
 3 -40  0.03  0.10  0.16  0.32  0.64  0.95  1.55  2.94  4.20  5.12  6.64  8.08  8.46  8.15  6.91  6.03  4.21  2.21  1.04  0.81  0.42  0.15  0.09  0.06  0.05  0.04  0.04  0.03
 3 -35  0.03  0.10  0.16  0.32  0.63  0.93  1.53  2.92  4.18  5.10  6.68  8.25  8.72  8.51  7.40  6.60  4.27  2.01  0.85  0.65  0.31  0.13  0.07  0.05  0.04  0.04  0.04  0.03
 3 -30  0.03  0.09  0.16  0.31  0.62  0.92  1.51  2.91  4.18  5.10  6.73  8.43  8.99  8.87  7.89  7.18  4.34  1.81  0.66  0.49  0.20  0.09  0.05  0.04  0.04  0.04  0.04  0.03
 3 -25  0.03  0.09  0.15  0.30  0.60  0.90  1.48  2.87  4.10  5.00  6.69  8.54  9.25  9.22  8.06  7.24  4.25  1.58  0.53  0.39  0.15  0.06  0.04  0.04  0.04  0.04  0.04  0.03
 3 -20  0.03  0.09  0.15  0.29  0.58  0.87  1.44  2.82  4.03  4.92  6.64  8.64  9.50  9.59  8.25  7.30  4.17  1.36  0.40  0.28  0.10  0.04  0.03  0.03  0.03  0.04  0.04  0.03
 3 -15  0.03  0.09  0.14  0.29  0.57  0.86  1.42  2.77  3.93  4.76  6.46  8.67  9.70  9.86  8.28  7.18  4.11  1.34  0.40  0.29  0.11  0.04  0.03  0.03  0.03  0.03  0.03  0.03
 3 -10  0.03  0.08  0.14  0.28  0.56  0.84  1.39  2.72  3.81  4.60  6.27  8.67  9.86 10.13  8.32  7.06  4.07  1.33  0.40  0.30  0.12  0.03  0.03  0.03  0.03  0.03  0.03  0.03
 3  -5  0.03  0.08  0.14  0.28  0.56  0.83  1.38  2.70  3.78  4.56  6.22  8.63  9.85 10.12  8.24  6.95  4.01  1.33  0.41  0.30  0.07  0.03  0.03  0.03  0.03  0.03  0.03  0.02
 3   0  0.03  0.09  0.15  0.30  0.59  0.87  1.43  2.71  3.76  4.53  6.18  8.64  9.89 10.14  8.17  6.83  3.94  1.31  0.41  0.30  0.13  0.03  0.03  0.03  0.03  0.03  0.03  0.03
 3   5  0.03  0.09  0.15  0.29  0.58  0.87  1.42  2.73  3.83  4.62  6.29  8.59  9.71  9.94  8.15  6.94  4.03  1.41  0.46  0.33  0.06  0.03  0.03  0.03  0.03  0.04  0.04  0.03
 3  10  0.03  0.09  0.14  0.29  0.57  0.86  1.41  2.74  3.88  4.69  6.36  8.53  9.52  9.70  8.14  7.05  4.13  1.51  0.51  0.37  0.07  0.04  0.03  0.03  0.03  0.04  0.04  0.04
 3  15  0.03  0.09  0.15  0.29  0.58  0.86  1.43  2.79  3.97  4.80  6.45  8.43  9.27  9.39  7.86  6.79  4.14  1.57  0.54  0.39  0.08  0.04  0.04  0.04  0.04  0.04  0.05  0.04
 3  20  0.03  0.09  0.15  0.30  0.60  0.90  1.48  2.85  4.05  4.90  6.53  8.34  9.06  9.09  7.59  6.55  4.18  1.63  0.56  0.41  0.16  0.05  0.04  0.04  0.04  0.05  0.05  0.05
 3  25  0.03  0.09  0.15  0.31  0.61  0.91  1.49  2.89  4.14  5.02  6.60  8.22  8.75  8.67  7.40  6.51  4.37  1.96  0.75  0.57  0.26  0.07  0.06  0.05  0.05  0.05  0.05  0.05
 3  30  0.03  0.10  0.16  0.32  0.63  0.94  1.53  2.94  4.22  5.15  6.71  8.10  8.46  8.28  7.23  6.49  4.58  2.27  0.95  0.72  0.35  0.18  0.10  0.07  0.06  0.05  0.05  0.05
 3  35  0.03  0.10  0.16  0.33  0.65  0.96  1.57  2.98  4.34  5.32  6.87  8.03  8.21  7.92  7.05  6.43  4.67  2.65  1.29  1.02  0.56  0.30  0.22  0.11  0.08  0.06  0.05  0.05
 3  40  0.03  0.10  0.17  0.34  0.67  1.00  1.62  3.04  4.46  5.47  7.01  7.97  7.97  7.54  6.84  6.36  4.76  3.03  1.65  1.31  0.77  0.43  0.29  0.15  0.09  0.06  0.05  0.05
 3  45  0.03  0.10  0.17  0.34  0.68  1.00  1.64  3.10  4.58  5.63  7.08  7.82  7.69  7.23  6.62  6.17  4.98  3.28  1.89  1.54  0.96  0.54  0.35  0.21  0.11  0.07  0.06  0.05
 3  50  0.03  0.10  0.17  0.34  0.68  1.01  1.65  3.16  4.70  5.80  7.13  7.64  7.38  6.89  6.36  5.98  5.19  3.52  2.14  1.76  1.14  0.66  0.41  0.25  0.12  0.07  0.06  0.05
 3  55  0.04  0.11  0.18  0.36  0.70  1.05  1.71  3.26  4.79  5.88  7.03  7.38  7.09  6.60  6.18  5.87  5.19  3.64  2.33  1.93  1.28  0.73  0.46  0.27  0.13  0.07  0.06  0.05
 3  60  0.04  0.11  0.18  0.37  0.73  1.08  1.76  3.35  4.87  5.94  6.93  7.12  6.79  6.32  5.99  5.76  5.18  3.76  2.51  2.10  1.43  0.81  0.51  0.30  0.14  0.07  0.06  0.05
 3  65  0.04  0.11  0.19  0.38  0.75  1.11  1.81  3.44  4.87  5.88  6.71  6.86  6.56  6.15  5.80  5.55  5.01  3.75  2.60  2.22  1.58  0.87  0.55  0.32  0.14  0.07  0.06  0.05
 3  70  0.04  0.12  0.19  0.39  0.77  1.14  1.86  3.53  4.87  5.81  6.49  6.59  6.34  5.97  5.60  5.34  4.84  3.73  2.69  2.33  1.72  0.94  0.59  0.35  0.15  0.07  0.06  0.05
 3  75  0.04  0.12  0.20  0.39  0.77  1.14  1.86  3.52  4.74  5.61  6.26  6.50  6.37  6.09  5.55  5.16  4.73  3.73  2.72  2.36  1.77  0.97  0.58  0.34  0.15  0.07  0.06  0.05
 3  80  0.04  0.12  0.20  0.39  0.77  1.14  1.86  3.51  4.62  5.40  6.03  6.41  6.40  6.21  5.49  4.98  4.61  3.73  2.75  2.40  1.81  1.01  0.57  0.34  0.14  0.08  0.06  0.05
 3  85  0.04  0.12  0.20  0.39  0.77  1.14  1.86  3.51  4.62  5.40  6.02  6.40  6.40  6.20  5.48  4.98  4.61  3.73  2.75  2.40  1.81  1.01  0.57  0.34  0.14  0.08  0.06  0.05
 3  90  0.04  0.12  0.20  0.39  0.77  1.14  1.86  3.51  4.61  5.39  6.01  6.39  6.39  6.20  5.48  4.97  4.61  3.72  2.75  2.40  1.81  1.01  0.57  0.34  0.14  0.08  0.06  0.05
 4 -90  0.05  0.16  0.26  0.52  1.01  1.48  2.36  4.16  4.60  4.88  4.95  4.79  4.48  4.02  3.48  3.06  2.76  2.80  2.11  1.74  1.11  0.43  0.26  0.16  0.09  0.04  0.03  0.03
 4 -85  0.05  0.16  0.26  0.52  1.01  1.48  2.36  4.16  4.60  4.88  4.95  4.79  4.48  4.02  3.48  3.06  2.76  2.80  2.11  1.74  1.11  0.43  0.26  0.16  0.09  0.04  0.03  0.03
 4 -80  0.05  0.16  0.26  0.52  1.01  1.48  2.36  4.16  4.60  4.88  4.95  4.79  4.48  4.02  3.47  3.06  2.76  2.80  2.11  1.74  1.11  0.43  0.26  0.16  0.09  0.04  0.03  0.03
 4 -75  0.05  0.15  0.25  0.50  0.98  1.44  2.29  4.08  4.87  5.40  5.49  5.25  4.89  4.40  3.86  3.46  3.10  2.78  2.07  1.71  1.10  0.41  0.25  0.16  0.08  0.04  0.03  0.03
 4 -70  0.05  0.15  0.24  0.48  0.94  1.39  2.22  4.00  5.13  5.91  6.03  5.71  5.30  4.77  4.25  3.87  3.46  2.76  2.04  1.69  1.10  0.39  0.24  0.15  0.09  0.04  0.03  0.03
 4 -65  0.05  0.14  0.23  0.46  0.91  1.34  2.15  3.91  5.19  6.07  6.39  6.20  5.80  5.25  4.76  4.41  3.76  2.75  1.91  1.57  1.01  0.36  0.21  0.13  0.09  0.05  0.03  0.03
 4 -60  0.04  0.13  0.22  0.44  0.87  1.29  2.08  3.82  5.24  6.23  6.75  6.68  6.30  5.73  5.27  4.95  4.05  2.74  1.79  1.46  0.92  0.33  0.19  0.12  0.08  0.05  0.03  0.03
 4 -55  0.04  0.13  0.21  0.42  0.83  1.23  1.99  3.66  5.12  6.15  6.89  7.05  6.75  6.16  5.83  5.60  4.35  2.63  1.55  1.24  0.72  0.27  0.15  0.10  0.07  0.04  0.04  0.03
 4 -50  0.04  0.12  0.20  0.40  0.80  1.18  1.90  3.50  5.00  6.07  7.04  7.43  7.20  6.60  6.39  6.25  4.65  2.51  1.31  1.02  0.53  0.22  0.10  0.09  0.06  0.04  0.03  0.03
 4 -45  0.04  0.12  0.19  0.38  0.76  1.12  1.82  3.38  4.86  5.91  7.06  7.70  7.60  7.07  6.53  6.14  4.51  2.37  1.24  0.96  0.49  0.19  0.10  0.07  0.05  0.04  0.03  0.03
 4 -40  0.04  0.11  0.19  0.37  0.73  1.07  1.74  3.25  4.70  5.75  7.08  7.98  8.00  7.53  6.65  6.02  4.37  2.23  1.16  0.90  0.46  0.17  0.10  0.06  0.04  0.04  0.03  0.03
 4 -35  0.04  0.11  0.18  0.35  0.69  1.02  1.67  3.14  4.55  5.57  7.03  8.18  8.36  8.01  6.89  6.09  4.24  2.02  0.99  0.76  0.38  0.14  0.08  0.05  0.04  0.04  0.03  0.03
 4 -30  0.03  0.10  0.17  0.33  0.66  0.98  1.61  3.04  4.42  5.41  6.98  8.38  8.73  8.50  7.14  6.16  4.11  1.80  0.81  0.62  0.30  0.09  0.05  0.04  0.04  0.03  0.03  0.03
 4 -25  0.03  0.10  0.16  0.32  0.64  0.95  1.56  2.97  4.27  5.22  6.84  8.46  9.02  8.94  7.53  6.53  4.15  1.63  0.62  0.47  0.21  0.06  0.04  0.03  0.03  0.03  0.03  0.03
 4 -20  0.03  0.09  0.16  0.31  0.62  0.92  1.51  2.90  4.15  5.07  6.70  8.52  9.29  9.40  7.93  6.89  4.19  1.44  0.43  0.31  0.12  0.04  0.03  0.03  0.03  0.03  0.03  0.03
 4 -15  0.03  0.09  0.15  0.31  0.61  0.90  1.48  2.85  4.03  4.86  6.47  8.46  9.40  9.64  8.13  7.07  4.18  1.38  0.41  0.30  0.12  0.03  0.03  0.03  0.03  0.03  0.03  0.03
 4 -10  0.03  0.09  0.15  0.30  0.60  0.89  1.46  2.81  3.89  4.67  6.23  8.38  9.50  9.89  8.33  7.25  4.17  1.32  0.39  0.28  0.12  0.03  0.03  0.03  0.03  0.03  0.03  0.03
 4  -5  0.03  0.09  0.15  0.30  0.59  0.88  1.45  2.79  3.84  4.60  6.13  8.33  9.50  9.91  8.34  7.26  4.18  1.33  0.38  0.29  0.12  0.03  0.03  0.03  0.03  0.03  0.03  0.02
 4   0  0.03  0.09  0.15  0.31  0.61  0.90  1.47  2.78  3.80  4.54  6.05  8.31  9.54  9.96  8.36  7.26  4.18  1.34  0.38  0.29  0.13  0.03  0.03  0.03  0.03  0.03  0.03  0.03
 4   5  0.03  0.09  0.15  0.30  0.60  0.89  1.46  2.79  3.86  4.62  6.18  8.35  9.46  9.79  8.27  7.24  4.27  1.44  0.55  0.39  0.14  0.03  0.03  0.03  0.03  0.03  0.03  0.03
 4  10  0.03  0.09  0.15  0.30  0.59  0.87  1.44  2.79  3.89  4.68  6.28  8.37  9.37  9.59  8.20  7.24  4.36  1.55  0.71  0.50  0.16  0.03  0.03  0.03  0.03  0.04  0.04  0.04
 4  15  0.03  0.09  0.15  0.30  0.59  0.88  1.45  2.82  3.97  4.79  6.42  8.37  9.21  9.33  7.97  7.03  4.32  1.62  0.75  0.53  0.17  0.04  0.03  0.03  0.04  0.04  0.05  0.04
 4  20  0.03  0.09  0.15  0.31  0.61  0.90  1.49  2.86  4.05  4.90  6.53  8.37  9.08  9.08  7.76  6.84  4.29  1.69  0.79  0.56  0.18  0.05  0.04  0.04  0.04  0.05  0.05  0.05
 4  25  0.03  0.09  0.15  0.31  0.61  0.90  1.49  2.86  4.08  4.94  6.56  8.29  8.89  8.82  7.64  6.79  4.43  1.93  0.91  0.67  0.27  0.09  0.06  0.06  0.05  0.05  0.05  0.05
 4  30  0.03  0.09  0.15  0.31  0.61  0.91  1.49  2.87  4.11  5.00  6.61  8.21  8.71  8.59  7.52  6.76  4.57  2.16  1.02  0.77  0.36  0.17  0.10  0.07  0.06  0.06  0.05  0.05
 4  35  0.03  0.09  0.16  0.31  0.61  0.91  1.49  2.84  4.10  5.01  6.65  8.16  8.56  8.35  7.35  6.65  4.56  2.45  1.29  1.02  0.56  0.32  0.16  0.10  0.07  0.06  0.06  0.05
 4  40  0.03  0.10  0.16  0.31  0.62  0.92  1.50  2.82  4.09  5.01  6.65  8.10  8.42  8.09  7.17  6.53  4.54  2.74  1.57  1.26  0.77  0.45  0.30  0.13  0.09  0.06  0.06  0.05
 4  45  0.03  0.09  0.16  0.31  0.61  0.91  1.49  2.81  4.12  5.06  6.71  8.02  8.20  7.81  6.92  6.28  4.60  2.95  1.77  1.44  0.90  0.53  0.36  0.17  0.11  0.07  0.06  0.06
 4  50  0.03  0.09  0.15  0.30  0.60  0.90  1.47  2.80  4.14  5.11  6.73  7.90  7.96  7.50  6.64  6.04  4.67  3.16  1.97  1.62  1.04  0.62  0.42  0.25  0.13  0.07  0.06  0.06
 4  55  0.03  0.09  0.15  0.31  0.61  0.90  1.48  2.82  4.18  5.15  6.70  7.70  7.66  7.15  6.33  5.76  4.78  3.34  2.14  1.78  1.17  0.68  0.47  0.28  0.14  0.08  0.06  0.06
 4  60  0.03  0.09  0.16  0.31  0.61  0.91  1.49  2.84  4.21  5.20  6.68  7.50  7.35  6.79  6.02  5.48  4.90  3.52  2.32  1.93  1.30  0.74  0.52  0.31  0.15  0.08  0.06  0.06
 4  65  0.03  0.09  0.16  0.31  0.62  0.92  1.50  2.87  4.22  5.19  6.51  7.16  6.96  6.41  5.81  5.38  4.82  3.54  2.45  2.05  1.40  0.84  0.60  0.36  0.16  0.08  0.06  0.06
 4  70  0.03  0.10  0.16  0.31  0.62  0.93  1.52  2.90  4.22  5.17  6.34  6.82  6.57  6.02  5.59  5.29  4.74  3.55  2.58  2.17  1.49  0.94  0.68  0.41  0.19  0.08  0.06  0.06
 4  75  0.03  0.10  0.16  0.32  0.64  0.95  1.55  2.96  4.20  5.10  6.03  6.38  6.14  5.66  5.40  5.21  4.71  3.61  2.66  2.26  1.60  1.00  0.69  0.41  0.18  0.08  0.06  0.06
 4  80  0.03  0.10  0.16  0.33  0.65  0.97  1.58  3.02  4.18  5.02  5.73  5.93  5.71  5.30  5.20  5.13  4.68  3.67  2.73  2.34  1.70  1.05  0.69  0.40  0.17  0.09  0.06  0.06
 4  85  0.03  0.10  0.16  0.33  0.65  0.97  1.58  3.02  4.18  5.01  5.72  5.92  5.70  5.30  5.20  5.12  4.68  3.67  2.73  2.34  1.70  1.05  0.69  0.40  0.17  0.09  0.06  0.06
 4  90  0.03  0.10  0.16  0.33  0.65  0.97  1.58  3.02  4.17  5.00  5.71  5.91  5.69  5.29  5.19  5.12  4.68  3.67  2.73  2.34  1.70  1.05  0.69  0.40  0.17  0.09  0.06  0.06
 5 -90  0.06  0.17  0.29  0.56  1.10  1.60  2.50  4.22  4.86  5.28  5.01  4.42  3.89  3.37  3.30  3.25  3.23  2.76  2.05  1.68  1.07  0.42  0.24  0.14  0.07  0.04  0.03  0.03
 5 -85  0.06  0.17  0.29  0.56  1.10  1.60  2.50  4.22  4.85  5.28  5.01  4.42  3.89  3.37  3.30  3.25  3.23  2.76  2.05  1.68  1.07  0.42  0.24  0.14  0.07  0.04  0.03  0.03
 5 -80  0.06  0.17  0.29  0.56  1.10  1.60  2.50  4.22  4.85  5.29  5.01  4.43  3.89  3.37  3.30  3.24  3.23  2.76  2.05  1.68  1.07  0.42  0.24  0.14  0.07  0.04  0.03  0.03
 5 -75  0.06  0.17  0.28  0.55  1.07  1.56  2.46  4.19  4.98  5.53  5.47  5.04  4.59  4.08  3.79  3.57  3.33  2.64  1.90  1.56  0.99  0.39  0.22  0.14  0.07  0.04  0.03  0.03
 5 -70  0.05  0.16  0.27  0.53  1.04  1.52  2.41  4.16  5.11  5.77  5.93  5.65  5.28  4.79  4.28  3.90  3.43  2.53  1.75  1.44  0.92  0.36  0.20  0.13  0.07  0.04  0.03  0.03
 5 -65  0.05  0.16  0.27  0.54  1.05  1.54  2.46  4.35  5.43  6.18  6.25  5.97  5.61  5.13  4.78  4.51  3.93  2.65  1.75  1.41  0.85  0.36  0.19  0.12  0.07  0.04  0.03  0.03
 5 -60  0.05  0.16  0.27  0.54  1.06  1.57  2.51  4.54  5.76  6.60  6.58  6.28  5.94  5.48  5.27  5.12  4.44  2.78  1.74  1.38  0.79  0.36  0.19  0.12  0.07  0.04  0.03  0.03
 5 -55  0.05  0.16  0.26  0.52  1.02  1.50  2.41  4.40  5.77  6.73  6.89  6.69  6.34  5.83  5.63  5.50  4.58  2.62  1.59  1.25  0.68  0.35  0.17  0.11  0.07  0.04  0.03  0.03
 5 -50  0.05  0.15  0.25  0.50  0.98  1.45  2.33  4.25  5.79  6.86  7.21  7.10  6.74  6.18  5.99  5.88  4.72  2.44  1.43  1.10  0.57  0.35  0.16  0.09  0.06  0.04  0.03  0.03
 5 -45  0.05  0.14  0.23  0.46  0.91  1.34  2.16  3.96  5.53  6.63  7.29  7.42  7.14  6.59  6.20  5.92  4.64  2.37  1.35  1.03  0.52  0.31  0.14  0.07  0.05  0.04  0.03  0.03
 5 -40  0.04  0.13  0.21  0.42  0.83  1.23  1.98  3.66  5.25  6.38  7.37  7.75  7.53  6.98  6.38  5.95  4.56  2.30  1.26  0.96  0.47  0.28  0.13  0.06  0.04  0.03  0.03  0.03
 5 -35  0.04  0.12  0.20  0.39  0.77  1.13  1.84  3.43  4.96  6.05  7.24  7.94  7.89  7.45  6.81  6.35  4.51  2.08  1.03  0.78  0.35  0.21  0.09  0.05  0.04  0.03  0.03  0.03
 5 -30  0.04  0.11  0.18  0.36  0.71  1.05  1.71  3.22  4.68  5.73  7.13  8.14  8.25  7.91  7.24  6.75  4.47  1.87  0.80  0.59  0.24  0.10  0.06  0.04  0.04  0.03  0.03  0.03
 5 -25  0.03  0.10  0.17  0.34  0.68  1.01  1.64  3.10  4.46  5.44  6.92  8.21  8.57  8.40  7.46  6.80  4.39  1.74  0.66  0.48  0.19  0.06  0.04  0.03  0.03  0.03  0.03  0.03
 5 -20  0.03  0.10  0.17  0.33  0.65  0.97  1.58  2.98  4.26  5.18  6.72  8.27  8.87  8.90  7.69  6.84  4.31  1.61  0.51  0.37  0.13  0.04  0.03  0.03  0.03  0.03  0.03  0.03
 5 -15  0.03  0.10  0.16  0.32  0.64  0.95  1.55  2.94  4.14  5.01  6.54  8.26  9.01  9.19  7.96  7.09  4.33  1.51  0.44  0.32  0.12  0.03  0.03  0.03  0.03  0.03  0.03  0.03
 5 -10  0.03  0.10  0.16  0.32  0.63  0.94  1.53  2.89  4.03  4.84  6.33  8.22  9.14  9.46  8.22  7.35  4.36  1.41  0.37  0.27  0.11  0.03  0.03  0.03  0.03  0.03  0.03  0.03
 5  -5  0.03  0.10  0.16  0.32  0.63  0.93  1.53  2.89  3.99  4.78  6.27  8.21  9.18  9.54  8.13  7.15  4.15  1.25  0.33  0.25  0.10  0.03  0.03  0.03  0.03  0.03  0.03  0.03
 5   0  0.03  0.09  0.16  0.31  0.62  0.93  1.51  2.87  3.95  4.73  6.21  8.23  9.26  9.64  8.04  6.93  3.94  1.09  0.29  0.22  0.10  0.03  0.03  0.03  0.03  0.03  0.03  0.03
 5   5  0.03  0.09  0.16  0.31  0.62  0.92  1.50  2.87  3.97  4.76  6.29  8.28  9.27  9.59  8.14  7.15  4.23  1.34  0.46  0.34  0.16  0.03  0.03  0.03  0.03  0.03  0.03  0.03
 5  10  0.03  0.09  0.15  0.30  0.60  0.90  1.47  2.85  3.96  4.76  6.34  8.33  9.27  9.51  8.25  7.38  4.53  1.60  0.62  0.47  0.22  0.03  0.03  0.03  0.03  0.04  0.04  0.03
 5  15  0.03  0.09  0.15  0.30  0.60  0.89  1.47  2.85  3.99  4.81  6.43  8.36  9.19  9.32  8.12  7.28  4.42  1.69  0.67  0.51  0.23  0.04  0.03  0.03  0.04  0.04  0.05  0.04
 5  20  0.03  0.09  0.15  0.31  0.61  0.91  1.49  2.86  4.03  4.86  6.49  8.38  9.13  9.13  7.99  7.19  4.32  1.77  0.72  0.54  0.25  0.06  0.04  0.04  0.05  0.05  0.05  0.05
 5  25  0.03  0.09  0.15  0.30  0.60  0.90  1.47  2.83  4.00  4.83  6.44  8.27  8.96  8.94  7.84  7.05  4.50  1.96  0.84  0.65  0.32  0.10  0.06  0.06  0.05  0.05  0.05  0.05
 5  30  0.03  0.09  0.15  0.30  0.59  0.89  1.45  2.80  3.98  4.82  6.42  8.16  8.80  8.77  7.69  6.92  4.69  2.14  0.97  0.75  0.39  0.16  0.09  0.07  0.06  0.06  0.06  0.05
 5  35  0.03  0.09  0.15  0.30  0.59  0.88  1.44  2.75  3.92  4.76  6.35  8.05  8.64  8.56  7.52  6.78  4.67  2.37  1.18  0.94  0.54  0.30  0.13  0.09  0.07  0.06  0.06  0.05
 5  40  0.03  0.09  0.15  0.30  0.59  0.88  1.44  2.71  3.85  4.68  6.24  7.93  8.49  8.34  7.33  6.63  4.65  2.59  1.39  1.13  0.70  0.41  0.20  0.12  0.08  0.07  0.06  0.06
 5  45  0.03  0.09  0.15  0.29  0.58  0.86  1.40  2.66  3.80  4.62  6.19  7.80  8.28  8.06  7.08  6.38  4.61  2.74  1.58  1.30  0.84  0.49  0.33  0.15  0.10  0.07  0.06  0.06
 5  50  0.03  0.08  0.14  0.28  0.55  0.82  1.35  2.60  3.74  4.56  6.10  7.64  8.05  7.77  6.80  6.12  4.56  2.88  1.78  1.48  0.97  0.58  0.40  0.20  0.12  0.08  0.06  0.06
 5  55  0.03  0.08  0.14  0.27  0.54  0.81  1.33  2.56  3.68  4.48  6.00  7.44  7.75  7.39  6.48  5.84  4.55  3.01  1.92  1.59  1.04  0.62  0.44  0.27  0.14  0.08  0.07  0.06
 5  60  0.03  0.08  0.14  0.27  0.54  0.80  1.31  2.53  3.64  4.44  5.93  7.25  7.46  7.01  6.15  5.55  4.55  3.15  2.05  1.70  1.11  0.66  0.49  0.30  0.15  0.08  0.07  0.06
 5  65  0.03  0.08  0.13  0.27  0.53  0.78  1.29  2.47  3.55  4.33  5.76  6.91  7.01  6.50  5.66  5.07  4.24  3.14  2.18  1.82  1.23  0.73  0.56  0.36  0.16  0.08  0.07  0.06
 5  70  0.03  0.08  0.13  0.26  0.51  0.77  1.26  2.41  3.47  4.23  5.58  6.57  6.55  5.99  5.17  4.59  3.93  3.13  2.30  1.94  1.35  0.81  0.62  0.41  0.24  0.09  0.07  0.06
 5  75  0.03  0.08  0.13  0.26  0.51  0.77  1.26  2.41  3.51  4.29  5.59  6.32  6.15  5.54  4.96  4.54  4.04  3.20  2.33  1.97  1.38  0.83  0.62  0.41  0.23  0.09  0.07  0.06
 5  80  0.03  0.08  0.13  0.26  0.51  0.77  1.26  2.42  3.54  4.35  5.60  6.07  5.75  5.09  4.74  4.49  4.16  3.28  2.36  2.00  1.40  0.85  0.61  0.40  0.23  0.09  0.07  0.06
 5  85  0.03  0.08  0.13  0.26  0.51  0.77  1.26  2.41  3.54  4.34  5.58  6.06  5.74  5.08  4.74  4.49  4.15  3.27  2.36  2.00  1.40  0.85  0.61  0.40  0.23  0.10  0.07  0.06
 5  90  0.03  0.08  0.13  0.26  0.51  0.77  1.26  2.41  3.53  4.33  5.57  6.05  5.73  5.08  4.73  4.48  4.15  3.27  2.36  2.00  1.40  0.85  0.61  0.40  0.23  0.10  0.07  0.06
 6 -90  0.06  0.17  0.29  0.57  1.11  1.60  2.50  4.11  5.03  5.67  5.41  4.75  4.32  3.94  3.77  3.66  3.24  2.76  2.01  1.67  1.11  0.39  0.19  0.10  0.06  0.04  0.03  0.03
 6 -85  0.06  0.17  0.29  0.57  1.11  1.60  2.50  4.10  5.03  5.67  5.41  4.76  4.32  3.94  3.77  3.66  3.24  2.76  2.00  1.67  1.11  0.39  0.19  0.11  0.06  0.04  0.03  0.03
 6 -80  0.06  0.17  0.29  0.57  1.10  1.60  2.50  4.10  5.02  5.67  5.41  4.76  4.32  3.93  3.77  3.65  3.24  2.76  2.00  1.67  1.11  0.39  0.19  0.11  0.06  0.04  0.03  0.03
 6 -75  0.06  0.17  0.29  0.57  1.11  1.61  2.51  4.18  5.12  5.78  5.73  5.26  4.85  4.42  4.08  3.84  3.38  2.74  1.96  1.64  1.10  0.39  0.18  0.11  0.06  0.04  0.03  0.03
 6 -70  0.06  0.17  0.29  0.56  1.10  1.60  2.51  4.26  5.21  5.89  6.05  5.76  5.38  4.90  4.39  4.02  3.52  2.72  1.92  1.61  1.09  0.38  0.17  0.11  0.06  0.04  0.03  0.03
 6 -65  0.06  0.17  0.28  0.56  1.09  1.59  2.51  4.33  5.36  6.09  6.18  5.90  5.55  5.08  4.74  4.49  3.90  2.79  1.91  1.58  1.04  0.40  0.21  0.11  0.06  0.04  0.03  0.03
 6 -60  0.06  0.17  0.28  0.55  1.08  1.58  2.51  4.41  5.51  6.29  6.30  6.05  5.72  5.26  5.08  4.95  4.28  2.86  1.90  1.55  0.99  0.43  0.24  0.11  0.06  0.04  0.03  0.03
 6 -55  0.05  0.16  0.27  0.54  1.05  1.55  2.48  4.46  5.75  6.66  6.64  6.37  6.04  5.58  5.45  5.37  4.47  2.73  1.70  1.39  0.86  0.40  0.25  0.11  0.06  0.04  0.03  0.03
 6 -50  0.05  0.16  0.27  0.53  1.05  1.55  2.49  4.52  5.99  7.02  6.99  6.70  6.36  5.89  5.82  5.79  4.66  2.58  1.50  1.21  0.73  0.37  0.26  0.10  0.06  0.04  0.03  0.03
 6 -45  0.05  0.15  0.25  0.49  0.96  1.42  2.29  4.16  5.73  6.82  7.22  7.16  6.84  6.32  5.99  5.76  4.62  2.51  1.43  1.15  0.68  0.34  0.23  0.08  0.05  0.04  0.03  0.03
 6 -40  0.04  0.13  0.22  0.44  0.87  1.28  2.07  3.80  5.44  6.60  7.44  7.61  7.30  6.73  6.14  5.72  4.58  2.44  1.35  1.08  0.63  0.32  0.21  0.08  0.05  0.04  0.03  0.03
 6 -35  0.04  0.12  0.20  0.40  0.79  1.17  1.89  3.51  5.05  6.14  7.24  7.79  7.67  7.19  6.55  6.09  4.68  2.23  1.09  0.86  0.48  0.24  0.12  0.07  0.05  0.04  0.03  0.03
 6 -30  0.04  0.11  0.18  0.36  0.72  1.06  1.73  3.22  4.67  5.70  7.05  7.97  8.03  7.65  6.96  6.46  4.78  2.03  0.83  0.64  0.33  0.16  0.07  0.05  0.04  0.04  0.03  0.03
 6 -25  0.04  0.11  0.18  0.35  0.70  1.03  1.67  3.12  4.47  5.44  6.86  8.02  8.28  8.04  7.22  6.64  4.63  1.83  0.66  0.50  0.24  0.07  0.05  0.04  0.04  0.04  0.04  0.03
 6 -20  0.03  0.10  0.17  0.34  0.68  1.00  1.63  3.02  4.30  5.22  6.69  8.05  8.50  8.45  7.48  6.81  4.47  1.63  0.50  0.36  0.14  0.05  0.04  0.03  0.03  0.03  0.04  0.03
 6 -15  0.03  0.10  0.17  0.33  0.66  0.98  1.59  2.99  4.24  5.13  6.61  8.11  8.67  8.74  7.65  6.87  4.31  1.53  0.47  0.35  0.14  0.04  0.03  0.03  0.03  0.03  0.04  0.03
 6 -10  0.03  0.10  0.17  0.33  0.66  0.98  1.59  2.97  4.17  5.03  6.50  8.14  8.83  9.01  7.80  6.94  4.16  1.44  0.45  0.33  0.13  0.04  0.03  0.03  0.03  0.03  0.03  0.03
 6  -5  0.03  0.10  0.17  0.33  0.66  0.97  1.58  2.97  4.15  4.99  6.47  8.19  8.94  9.15  8.00  7.17  4.25  1.39  0.41  0.31  0.13  0.03  0.03  0.03  0.03  0.03  0.03  0.03
 6   0  0.03  0.10  0.16  0.32  0.63  0.94  1.54  2.95  4.12  4.95  6.44  8.24  9.05  9.30  8.18  7.39  4.32  1.33  0.38  0.29  0.14  0.03  0.03  0.03  0.03  0.03  0.03  0.03
 6   5  0.03  0.10  0.16  0.32  0.64  0.94  1.54  2.94  4.11  4.95  6.48  8.31  9.14  9.36  8.21  7.42  4.48  1.47  0.49  0.37  0.18  0.04  0.03  0.03  0.03  0.03  0.03  0.03
 6  10  0.03  0.09  0.16  0.31  0.62  0.92  1.51  2.92  4.09  4.92  6.50  8.37  9.20  9.40  8.25  7.46  4.64  1.62  0.60  0.46  0.22  0.04  0.03  0.03  0.03  0.04  0.04  0.03
 6  15  0.03  0.09  0.16  0.31  0.62  0.92  1.51  2.92  4.09  4.94  6.55  8.40  9.16  9.26  8.06  7.23  4.55  1.69  0.64  0.49  0.24  0.05  0.04  0.04  0.04  0.04  0.04  0.04
 6  20  0.03  0.10  0.16  0.32  0.63  0.93  1.53  2.92  4.10  4.94  6.57  8.41  9.12  9.11  7.88  7.02  4.46  1.77  0.67  0.51  0.25  0.06  0.05  0.05  0.05  0.05  0.05  0.04
 6  25  0.03  0.09  0.16  0.31  0.61  0.91  1.50  2.87  4.04  4.87  6.47  8.27  8.94  8.94  7.88  7.13  4.58  1.89  0.73  0.56  0.28  0.09  0.06  0.05  0.05  0.05  0.05  0.04
 6  30  0.03  0.09  0.15  0.30  0.60  0.89  1.47  2.83  3.98  4.81  6.38  8.12  8.78  8.79  7.89  7.24  4.70  2.02  0.78  0.60  0.30  0.13  0.07  0.06  0.06  0.06  0.05  0.05
 6  35  0.03  0.09  0.15  0.30  0.59  0.88  1.45  2.76  3.89  4.70  6.25  7.95  8.58  8.56  7.61  6.94  4.65  2.25  1.02  0.80  0.44  0.19  0.10  0.07  0.07  0.06  0.06  0.05
 6  40  0.03  0.09  0.15  0.30  0.59  0.87  1.42  2.70  3.79  4.59  6.09  7.77  8.39  8.34  7.34  6.64  4.60  2.49  1.27  1.01  0.57  0.32  0.15  0.10  0.08  0.07  0.06  0.05
 6  45  0.03  0.09  0.14  0.29  0.57  0.84  1.38  2.62  3.70  4.47  5.95  7.58  8.14  8.03  7.06  6.38  4.58  2.61  1.45  1.17  0.72  0.40  0.26  0.13  0.09  0.07  0.06  0.06
 6  50  0.03  0.08  0.13  0.27  0.53  0.80  1.31  2.53  3.58  4.33  5.77  7.36  7.88  7.71  6.77  6.11  4.56  2.72  1.62  1.34  0.86  0.49  0.33  0.16  0.10  0.07  0.06  0.06
 6  55  0.03  0.08  0.13  0.26  0.52  0.77  1.27  2.45  3.45  4.17  5.57  7.09  7.54  7.30  6.43  5.82  4.38  2.79  1.72  1.42  0.91  0.52  0.38  0.19  0.12  0.08  0.07  0.06
 6  60  0.03  0.08  0.13  0.25  0.50  0.75  1.24  2.40  3.37  4.06  5.42  6.84  7.21  6.89  6.10  5.55  4.20  2.88  1.83  1.50  0.96  0.55  0.42  0.26  0.13  0.08  0.07  0.06
 6  65  0.02  0.07  0.12  0.24  0.49  0.73  1.19  2.31  3.26  3.94  5.26  6.56  6.81  6.39  5.57  5.00  3.90  2.85  1.93  1.60  1.06  0.59  0.47  0.29  0.14  0.08  0.07  0.06
 6  70  0.02  0.07  0.12  0.24  0.47  0.70  1.15  2.23  3.15  3.81  5.11  6.27  6.40  5.90  5.05  4.44  3.59  2.83  2.04  1.71  1.15  0.64  0.53  0.33  0.16  0.09  0.07  0.06
 6  75  0.02  0.07  0.11  0.23  0.45  0.67  1.11  2.15  3.09  3.77  5.12  6.15  6.14  5.55  4.79  4.26  3.62  2.86  2.08  1.75  1.21  0.66  0.54  0.34  0.17  0.09  0.07  0.06
 6  80  0.02  0.07  0.11  0.22  0.44  0.65  1.07  2.07  3.04  3.73  5.14  6.03  5.87  5.19  4.54  4.08  3.65  2.89  2.12  1.80  1.26  0.68  0.56  0.36  0.20  0.09  0.07  0.06
 6  85  0.02  0.07  0.11  0.22  0.44  0.65  1.07  2.06  3.03  3.72  5.12  6.01  5.86  5.19  4.54  4.08  3.65  2.89  2.12  1.80  1.26  0.68  0.56  0.36  0.20  0.10  0.07  0.06
 6  90  0.02  0.07  0.11  0.22  0.44  0.65  1.07  2.06  3.02  3.71  5.11  6.00  5.85  5.18  4.53  4.07  3.64  2.89  2.12  1.80  1.26  0.68  0.56  0.36  0.20  0.10  0.07  0.06
 7 -90  0.05  0.16  0.26  0.51  0.99  1.43  2.20  3.49  4.51  5.22  5.37  5.09  4.70  4.19  3.88  3.68  3.45  2.70  1.99  1.64  1.05  0.40  0.22  0.10  0.05  0.03  0.03  0.03
 7 -85  0.05  0.16  0.26  0.51  0.99  1.43  2.19  3.49  4.51  5.22  5.37  5.09  4.71  4.19  3.88  3.68  3.45  2.70  1.99  1.64  1.05  0.40  0.22  0.10  0.06  0.04  0.03  0.03
 7 -80  0.05  0.16  0.26  0.51  0.99  1.43  2.19  3.48  4.50  5.22  5.38  5.10  4.71  4.19  3.88  3.67  3.45  2.70  1.99  1.63  1.05  0.40  0.22  0.10  0.06  0.04  0.03  0.03
 7 -75  0.05  0.15  0.24  0.48  0.92  1.33  2.06  3.28  4.34  5.09  5.48  5.50  5.25  4.73  4.16  3.76  3.33  2.68  1.98  1.64  1.07  0.41  0.23  0.10  0.06  0.04  0.03  0.03
 7 -70  0.05  0.14  0.22  0.44  0.85  1.23  1.91  3.07  4.17  4.95  5.58  5.91  5.79  5.28  4.44  3.85  3.21  2.67  1.98  1.64  1.09  0.41  0.24  0.10  0.06  0.04  0.03  0.03
 7 -65  0.05  0.14  0.23  0.45  0.88  1.28  2.00  3.37  4.54  5.37  5.87  5.99  5.76  5.24  4.78  4.43  3.78  2.77  1.94  1.62  1.09  0.43  0.21  0.11  0.06  0.04  0.03  0.03
 7 -60  0.05  0.14  0.23  0.46  0.90  1.32  2.09  3.67  4.90  5.78  6.15  6.07  5.74  5.21  5.11  5.02  4.35  2.88  1.90  1.59  1.09  0.44  0.25  0.11  0.06  0.04  0.03  0.03
 7 -55  0.05  0.14  0.23  0.45  0.88  1.29  2.08  3.77  5.15  6.11  6.53  6.43  6.08  5.56  5.55  5.54  4.58  2.79  1.75  1.44  0.93  0.40  0.25  0.11  0.06  0.04  0.03  0.03
 7 -50  0.05  0.14  0.23  0.45  0.88  1.30  2.10  3.87  5.38  6.44  6.89  6.80  6.43  5.90  5.97  6.05  4.80  2.69  1.59  1.28  0.78  0.36  0.26  0.11  0.06  0.04  0.03  0.03
 7 -45  0.04  0.13  0.22  0.43  0.85  1.26  2.03  3.73  5.27  6.36  7.10  7.24  6.94  6.41  6.17  6.01  4.81  2.72  1.56  1.25  0.73  0.34  0.23  0.10  0.06  0.04  0.03  0.03
 7 -40  0.04  0.12  0.21  0.41  0.81  1.19  1.93  3.58  5.14  6.25  7.29  7.66  7.43  6.89  6.34  5.96  4.82  2.75  1.53  1.21  0.68  0.30  0.20  0.09  0.06  0.04  0.03  0.03
 7 -35  0.04  0.12  0.19  0.38  0.76  1.12  1.82  3.39  4.88  5.93  7.12  7.80  7.73  7.28  6.54  6.02  4.77  2.54  1.29  1.00  0.53  0.24  0.16  0.08  0.06  0.04  0.04  0.03
 7 -30  0.04  0.11  0.18  0.36  0.71  1.06  1.72  3.21  4.62  5.62  6.97  7.93  8.02  7.66  6.74  6.08  4.73  2.33  1.04  0.79  0.38  0.17  0.08  0.06  0.05  0.04  0.04  0.03
 7 -25  0.04  0.11  0.18  0.36  0.70  1.04  1.69  3.14  4.49  5.46  6.88  7.99  8.21  7.94  7.02  6.37  4.61  2.05  0.82  0.62  0.28  0.07  0.05  0.04  0.04  0.04  0.04  0.04
 7 -20  0.04  0.11  0.18  0.35  0.70  1.03  1.66  3.06  4.38  5.33  6.80  8.04  8.38  8.23  7.30  6.65  4.49  1.77  0.60  0.44  0.17  0.05  0.04  0.03  0.03  0.04  0.04  0.04
 7 -15  0.03  0.10  0.17  0.34  0.67  0.99  1.62  3.03  4.32  5.25  6.77  8.17  8.61  8.57  7.59  6.89  4.25  1.58  0.54  0.40  0.17  0.04  0.03  0.03  0.03  0.03  0.04  0.04
 7 -10  0.03  0.10  0.17  0.34  0.67  0.99  1.60  2.99  4.26  5.17  6.70  8.27  8.84  8.88  7.86  7.13  4.03  1.39  0.48  0.36  0.16  0.04  0.03  0.03  0.03  0.03  0.04  0.03
 7  -5  0.03  0.10  0.17  0.34  0.66  0.98  1.60  2.99  4.22  5.11  6.66  8.35  8.98  9.07  7.92  7.09  4.12  1.37  0.48  0.36  0.17  0.04  0.03  0.03  0.03  0.03  0.03  0.03
 7   0  0.03  0.10  0.16  0.32  0.63  0.93  1.53  2.96  4.17  5.04  6.60  8.39  9.11  9.24  7.97  7.04  4.21  1.36  0.47  0.36  0.17  0.04  0.03  0.03  0.03  0.03  0.03  0.03
 7   5  0.03  0.10  0.16  0.32  0.64  0.95  1.55  2.96  4.18  5.05  6.65  8.48  9.23  9.36  8.13  7.26  4.44  1.54  0.59  0.44  0.20  0.04  0.03  0.03  0.03  0.03  0.03  0.03
 7  10  0.03  0.09  0.16  0.31  0.62  0.93  1.53  2.95  4.17  5.05  6.68  8.54  9.32  9.47  8.30  7.49  4.67  1.73  0.70  0.52  0.23  0.04  0.03  0.03  0.03  0.03  0.03  0.03
 7  15  0.03  0.10  0.16  0.32  0.63  0.94  1.54  2.96  4.19  5.08  6.72  8.54  9.25  9.31  8.16  7.36  4.67  1.79  0.73  0.54  0.23  0.04  0.04  0.04  0.04  0.04  0.04  0.03
 7  20  0.03  0.10  0.16  0.33  0.64  0.96  1.57  2.98  4.22  5.10  6.75  8.52  9.17  9.13  8.01  7.23  4.66  1.85  0.75  0.56  0.24  0.06  0.04  0.04  0.05  0.05  0.04  0.04
 7  25  0.03  0.10  0.16  0.32  0.63  0.94  1.54  2.96  4.17  5.05  6.66  8.37  8.97  8.95  7.86  7.08  4.61  1.97  0.80  0.59  0.25  0.08  0.06  0.05  0.05  0.05  0.05  0.04
 7  30  0.03  0.09  0.16  0.31  0.62  0.93  1.52  2.94  4.14  4.99  6.57  8.21  8.79  8.77  7.70  6.93  4.56  2.10  0.85  0.63  0.26  0.11  0.07  0.06  0.06  0.06  0.05  0.05
 7  35  0.03  0.09  0.16  0.31  0.61  0.91  1.50  2.87  4.04  4.87  6.42  8.00  8.56  8.52  7.50  6.77  4.53  2.23  1.01  0.77  0.36  0.14  0.08  0.07  0.06  0.06  0.05  0.05
 7  40  0.03  0.09  0.15  0.30  0.60  0.89  1.47  2.80  3.93  4.75  6.23  7.78  8.33  8.27  7.30  6.61  4.50  2.36  1.18  0.92  0.47  0.19  0.11  0.08  0.07  0.06  0.06  0.05
 7  45  0.03  0.09  0.15  0.29  0.58  0.86  1.42  2.70  3.80  4.59  6.03  7.55  8.05  7.94  7.01  6.34  4.49  2.47  1.32  1.05  0.61  0.29  0.16  0.11  0.08  0.07  0.06  0.05
 7  50  0.03  0.08  0.14  0.28  0.55  0.82  1.34  2.59  3.65  4.41  5.82  7.30  7.77  7.61  6.71  6.07  4.47  2.57  1.45  1.18  0.74  0.38  0.26  0.14  0.09  0.07  0.06  0.05
 7  55  0.03  0.08  0.13  0.26  0.52  0.78  1.28  2.49  3.49  4.21  5.58  7.01  7.42  7.20  6.30  5.67  4.27  2.60  1.55  1.27  0.82  0.43  0.31  0.16  0.10  0.07  0.06  0.05
 7  60  0.03  0.08  0.13  0.25  0.51  0.75  1.24  2.42  3.39  4.09  5.41  6.75  7.09  6.78  5.90  5.28  4.07  2.65  1.66  1.37  0.90  0.48  0.36  0.19  0.12  0.08  0.06  0.05
 7  65  0.02  0.07  0.12  0.24  0.48  0.72  1.19  2.32  3.26  3.93  5.21  6.42  6.64  6.24  5.32  4.67  3.68  2.62  1.75  1.46  0.98  0.51  0.40  0.25  0.13  0.08  0.06  0.05
 7  70  0.02  0.07  0.12  0.23  0.46  0.69  1.14  2.22  3.12  3.77  5.01  6.09  6.19  5.70  4.74  4.06  3.29  2.59  1.83  1.54  1.06  0.54  0.43  0.28  0.14  0.08  0.07  0.05
 7  75  0.02  0.07  0.11  0.22  0.44  0.66  1.09  2.11  3.04  3.71  4.99  5.91  5.88  5.30  4.46  3.87  3.25  2.62  1.89  1.59  1.09  0.54  0.45  0.29  0.15  0.09  0.07  0.05
 7  80  0.02  0.06  0.11  0.21  0.42  0.63  1.04  2.01  2.96  3.64  4.96  5.73  5.56  4.91  4.19  3.68  3.22  2.66  1.95  1.64  1.12  0.55  0.47  0.30  0.16  0.09  0.07  0.05
 7  85  0.02  0.06  0.11  0.21  0.42  0.63  1.03  2.00  2.95  3.63  4.95  5.72  5.54  4.90  4.18  3.67  3.22  2.66  1.95  1.64  1.12  0.55  0.47  0.30  0.17  0.09  0.07  0.05
 7  90  0.02  0.06  0.11  0.21  0.42  0.63  1.03  2.00  2.94  3.62  4.93  5.70  5.53  4.90  4.18  3.67  3.21  2.65  1.95  1.64  1.12  0.55  0.47  0.30  0.18  0.09  0.07  0.05
 8 -90  0.04  0.12  0.20  0.40  0.77  1.12  1.72  2.77  3.78  4.47  5.31  5.99  5.88  5.07  4.00  3.25  2.91  2.56  1.87  1.55  1.01  0.41  0.19  0.09  0.05  0.04  0.03  0.03
 8 -85  0.04  0.12  0.20  0.40  0.77  1.12  1.72  2.77  3.77  4.47  5.32  6.00  5.88  5.06  4.00  3.25  2.92  2.56  1.87  1.55  1.01  0.41  0.20  0.09  0.06  0.04  0.03  0.03
 8 -80  0.04  0.12  0.20  0.40  0.77  1.11  1.72  2.77  3.77  4.47  5.33  6.00  5.88  5.06  4.00  3.25  2.92  2.56  1.87  1.54  1.01  0.41  0.21  0.10  0.06  0.04  0.03  0.03
 8 -75  0.04  0.12  0.20  0.40  0.78  1.13  1.77  2.92  3.92  4.63  5.41  5.91  5.78  5.14  4.19  3.51  3.05  2.61  1.90  1.58  1.06  0.43  0.22  0.10  0.06  0.04  0.03  0.03
 8 -70  0.04  0.12  0.20  0.40  0.78  1.14  1.79  3.08  4.08  4.78  5.50  5.81  5.68  5.21  4.38  3.78  3.19  2.65  1.92  1.61  1.11  0.45  0.24  0.10  0.06  0.04  0.03  0.03
 8 -65  0.04  0.12  0.20  0.39  0.76  1.11  1.78  3.16  4.26  5.03  5.82  6.09  5.88  5.37  4.85  4.47  3.75  2.81  1.87  1.56  1.05  0.44  0.25  0.11  0.06  0.04  0.03  0.03
 8 -60  0.04  0.12  0.19  0.38  0.75  1.10  1.78  3.25  4.44  5.29  6.14  6.37  6.08  5.54  5.32  5.15  4.31  2.97  1.83  1.51  0.99  0.44  0.26  0.12  0.06  0.04  0.03  0.03
 8 -55  0.04  0.11  0.19  0.38  0.75  1.10  1.80  3.38  4.71  5.66  6.57  6.84  6.55  6.03  5.75  5.56  4.63  3.04  1.78  1.46  0.93  0.42  0.26  0.12  0.07  0.04  0.03  0.03
 8 -50  0.04  0.12  0.19  0.38  0.76  1.13  1.84  3.49  4.96  6.00  6.99  7.31  7.03  6.47  6.16  5.96  4.95  3.10  1.71  1.40  0.88  0.39  0.27  0.11  0.06  0.04  0.04  0.03
 8 -45  0.04  0.12  0.19  0.39  0.77  1.14  1.85  3.48  4.97  6.02  7.13  7.61  7.42  6.89  6.33  5.94  4.94  3.05  1.67  1.36  0.84  0.37  0.26  0.11  0.06  0.04  0.04  0.03
 8 -40  0.04  0.12  0.19  0.38  0.76  1.13  1.83  3.45  4.94  6.02  7.25  7.89  7.77  7.27  6.46  5.91  4.92  3.01  1.64  1.32  0.79  0.35  0.24  0.11  0.06  0.04  0.04  0.03
 8 -35  0.04  0.11  0.19  0.37  0.73  1.08  1.76  3.31  4.77  5.81  7.16  8.00  7.99  7.52  6.62  5.99  4.82  2.76  1.37  1.09  0.62  0.27  0.20  0.09  0.06  0.04  0.04  0.04
 8 -30  0.04  0.11  0.18  0.35  0.70  1.03  1.69  3.18  4.60  5.62  7.07  8.11  8.19  7.76  6.77  6.07  4.72  2.51  1.11  0.86  0.45  0.20  0.09  0.07  0.06  0.04  0.04  0.04
 8 -25  0.04  0.11  0.18  0.35  0.69  1.02  1.66  3.10  4.48  5.47  7.00  8.22  8.43  8.07  7.03  6.31  4.62  2.18  0.84  0.64  0.31  0.07  0.05  0.05  0.04  0.04  0.04  0.04
 8 -20  0.04  0.11  0.17  0.35  0.68  1.01  1.64  3.02  4.37  5.33  6.93  8.32  8.65  8.39  7.31  6.55  4.51  1.87  0.57  0.42  0.17  0.05  0.04  0.04  0.04  0.04  0.04  0.04
 8 -15  0.03  0.10  0.17  0.33  0.66  0.97  1.58  2.98  4.28  5.22  6.85  8.43  8.91  8.79  7.66  6.85  4.25  1.63  0.54  0.39  0.15  0.04  0.04  0.03  0.03  0.04  0.04  0.04
 8 -10  0.03  0.10  0.16  0.33  0.64  0.96  1.56  2.93  4.19  5.09  6.73  8.52  9.17  9.14  7.99  7.16  4.01  1.40  0.51  0.37  0.13  0.04  0.03  0.03  0.03  0.04  0.04  0.04
 8  -5  0.03  0.10  0.16  0.32  0.64  0.95  1.55  2.93  4.14  5.01  6.66  8.58  9.30  9.34  8.14  7.25  4.05  1.39  0.51  0.37  0.14  0.04  0.03  0.03  0.03  0.03  0.04  0.03
 8   0  0.03  0.09  0.15  0.30  0.60  0.90  1.49  2.90  4.08  4.92  6.56  8.58  9.41  9.52  8.27  7.34  4.08  1.37  0.51  0.37  0.14  0.04  0.03  0.03  0.03  0.03  0.03  0.03
 8   5  0.03  0.09  0.16  0.31  0.62  0.93  1.52  2.91  4.12  4.98  6.64  8.67  9.51  9.61  8.34  7.42  4.34  1.52  0.61  0.44  0.17  0.04  0.03  0.03  0.03  0.03  0.03  0.03
 8  10  0.03  0.09  0.16  0.31  0.61  0.92  1.51  2.91  4.14  5.02  6.72  8.73  9.59  9.71  8.42  7.51  4.61  1.68  0.71  0.52  0.20  0.04  0.03  0.03  0.03  0.03  0.03  0.03
 8  15  0.03  0.10  0.16  0.32  0.63  0.93  1.53  2.95  4.20  5.12  6.83  8.72  9.45  9.49  8.24  7.37  4.61  1.74  0.74  0.54  0.21  0.04  0.03  0.03  0.04  0.04  0.04  0.03
 8  20  0.03  0.10  0.16  0.33  0.65  0.96  1.57  2.98  4.29  5.22  6.93  8.68  9.29  9.23  8.06  7.24  4.60  1.81  0.78  0.57  0.22  0.05  0.04  0.04  0.04  0.05  0.04  0.04
 8  25  0.03  0.10  0.16  0.32  0.64  0.95  1.56  2.99  4.29  5.22  6.90  8.54  9.07  9.00  7.87  7.07  4.56  1.93  0.81  0.59  0.23  0.07  0.05  0.05  0.05  0.05  0.05  0.04
 8  30  0.03  0.10  0.16  0.32  0.64  0.95  1.56  3.01  4.30  5.23  6.87  8.39  8.85  8.76  7.68  6.91  4.52  2.05  0.85  0.62  0.24  0.09  0.06  0.06  0.06  0.06  0.05  0.04
 8  35  0.03  0.10  0.16  0.32  0.63  0.94  1.54  2.96  4.23  5.13  6.72  8.17  8.59  8.48  7.47  6.74  4.48  2.13  0.96  0.72  0.32  0.11  0.07  0.06  0.06  0.06  0.05  0.05
 8  40  0.03  0.09  0.16  0.31  0.62  0.93  1.52  2.92  4.15  5.03  6.55  7.93  8.33  8.20  7.25  6.57  4.46  2.21  1.07  0.82  0.41  0.15  0.09  0.07  0.07  0.06  0.06  0.05
 8  45  0.03  0.09  0.15  0.31  0.61  0.91  1.48  2.84  4.04  4.90  6.37  7.69  8.03  7.84  6.93  6.28  4.36  2.31  1.23  0.97  0.54  0.23  0.13  0.09  0.08  0.06  0.06  0.05
 8  50  0.03  0.09  0.15  0.29  0.58  0.87  1.43  2.75  3.91  4.75  6.18  7.45  7.74  7.47  6.60  5.99  4.26  2.41  1.38  1.11  0.67  0.31  0.19  0.12  0.09  0.07  0.06  0.05
 8  55  0.03  0.08  0.14  0.28  0.55  0.83  1.36  2.65  3.77  4.57  5.98  7.19  7.39  7.05  6.21  5.62  4.02  2.49  1.51  1.22  0.75  0.34  0.23  0.15  0.10  0.07  0.06  0.05
 8  60  0.03  0.08  0.14  0.27  0.54  0.81  1.33  2.59  3.70  4.50  5.87  6.97  7.08  6.62  5.83  5.28  3.79  2.58  1.65  1.34  0.83  0.38  0.26  0.17  0.11  0.07  0.06  0.05
 8  65  0.03  0.08  0.13  0.26  0.52  0.78  1.29  2.51  3.58  4.34  5.63  6.53  6.51  5.98  5.22  4.69  3.50  2.56  1.73  1.42  0.90  0.42  0.30  0.19  0.11  0.07  0.06  0.05
 8  70  0.03  0.08  0.13  0.25  0.51  0.75  1.25  2.42  3.45  4.19  5.39  6.09  5.95  5.35  4.61  4.09  3.21  2.54  1.81  1.49  0.97  0.46  0.34  0.21  0.12  0.07  0.06  0.05
 8  75  0.03  0.08  0.13  0.25  0.50  0.74  1.22  2.38  3.39  4.12  5.15  5.58  5.30  4.69  4.13  3.74  3.16  2.53  1.84  1.53  1.01  0.48  0.35  0.22  0.14  0.08  0.06  0.05
 8  80  0.02  0.07  0.12  0.25  0.49  0.73  1.20  2.33  3.33  4.04  4.92  5.06  4.66  4.02  3.65  3.39  3.10  2.53  1.88  1.57  1.05  0.50  0.36  0.23  0.14  0.08  0.06  0.05
 8  85  0.02  0.07  0.12  0.25  0.49  0.73  1.20  2.32  3.31  4.02  4.89  5.04  4.64  4.01  3.64  3.38  3.10  2.53  1.88  1.57  1.05  0.50  0.36  0.23  0.15  0.08  0.06  0.05
 8  90  0.02  0.07  0.12  0.25  0.49  0.73  1.20  2.32  3.30  4.01  4.87  5.01  4.62  4.01  3.63  3.37  3.09  2.53  1.88  1.57  1.05  0.50  0.36  0.23  0.15  0.08  0.06  0.05
 9 -90  0.04  0.11  0.18  0.35  0.69  1.01  1.60  2.79  3.91  4.69  5.19  5.44  5.32  4.90  4.03  3.40  2.33  1.70  1.22  1.03  0.72  0.38  0.18  0.09  0.05  0.04  0.03  0.03
 9 -85  0.04  0.11  0.18  0.35  0.69  1.01  1.60  2.79  3.91  4.69  5.20  5.45  5.32  4.90  4.02  3.39  2.33  1.70  1.21  1.03  0.72  0.38  0.18  0.09  0.06  0.04  0.03  0.03
 9 -80  0.04  0.11  0.18  0.35  0.69  1.01  1.60  2.78  3.90  4.69  5.21  5.45  5.33  4.89  4.02  3.39  2.33  1.70  1.21  1.03  0.72  0.38  0.19  0.09  0.06  0.04  0.03  0.03
 9 -75  0.04  0.11  0.17  0.35  0.68  1.00  1.59  2.82  3.92  4.69  5.48  5.80  5.63  5.13  4.28  3.67  2.54  1.85  1.31  1.11  0.79  0.41  0.20  0.09  0.06  0.04  0.03  0.03
 9 -70  0.03  0.10  0.17  0.34  0.66  0.98  1.57  2.85  3.93  4.70  5.74  6.15  5.93  5.37  4.55  3.96  2.74  1.99  1.41  1.20  0.85  0.44  0.22  0.10  0.06  0.04  0.03  0.03
 9 -65  0.03  0.10  0.17  0.34  0.66  0.98  1.58  2.94  4.10  4.95  6.09  6.60  6.40  5.85  5.22  4.77  3.47  2.40  1.58  1.32  0.90  0.46  0.24  0.11  0.06  0.04  0.03  0.03
 9 -60  0.03  0.10  0.17  0.34  0.67  1.00  1.62  3.03  4.28  5.20  6.43  7.05  6.88  6.34  5.89  5.59  4.21  2.82  1.75  1.44  0.95  0.48  0.27  0.12  0.07  0.04  0.04  0.03
 9 -55  0.03  0.10  0.17  0.35  0.69  1.02  1.67  3.16  4.50  5.47  6.73  7.41  7.27  6.77  6.25  5.89  4.62  3.04  1.81  1.46  0.89  0.45  0.26  0.12  0.07  0.04  0.04  0.03
 9 -50  0.04  0.11  0.18  0.35  0.70  1.04  1.70  3.25  4.68  5.70  7.01  7.76  7.68  7.16  6.58  6.19  5.03  3.26  1.85  1.47  0.84  0.42  0.26  0.12  0.07  0.04  0.04  0.03
 9 -45  0.04  0.11  0.18  0.35  0.70  1.04  1.70  3.24  4.70  5.73  7.12  7.97  7.93  7.42  6.66  6.13  4.97  3.18  1.79  1.41  0.79  0.39  0.25  0.11  0.07  0.04  0.04  0.04
 9 -40  0.04  0.11  0.18  0.35  0.70  1.04  1.70  3.22  4.69  5.75  7.22  8.17  8.15  7.64  6.71  6.06  4.91  3.10  1.74  1.36  0.74  0.36  0.24  0.10  0.06  0.05  0.04  0.04
 9 -35  0.03  0.10  0.17  0.34  0.68  1.01  1.65  3.13  4.56  5.59  7.15  8.29  8.37  7.89  6.84  6.09  4.81  2.79  1.46  1.12  0.56  0.27  0.19  0.09  0.06  0.05  0.04  0.04
 9 -30  0.03  0.10  0.17  0.33  0.65  0.97  1.59  3.04  4.44  5.45  7.10  8.42  8.59  8.12  6.96  6.13  4.71  2.49  1.17  0.88  0.39  0.18  0.10  0.07  0.06  0.05  0.05  0.04
 9 -25  0.03  0.10  0.17  0.33  0.66  0.97  1.58  2.98  4.33  5.30  6.99  8.48  8.80  8.43  7.21  6.35  4.68  2.25  0.97  0.71  0.29  0.08  0.06  0.05  0.05  0.05  0.05  0.04
 9 -20  0.03  0.10  0.16  0.33  0.65  0.96  1.56  2.92  4.23  5.16  6.88  8.54  9.00  8.74  7.46  6.57  4.65  2.02  0.76  0.55  0.20  0.06  0.04  0.04  0.04  0.04  0.05  0.05
 9 -15  0.03  0.09  0.16  0.31  0.62  0.92  1.51  2.89  4.13  5.03  6.73  8.54  9.18  9.08  7.78  6.86  4.37  1.73  0.65  0.47  0.17  0.05  0.04  0.04  0.04  0.04  0.05  0.05
 9 -10  0.03  0.09  0.15  0.31  0.61  0.90  1.48  2.86  4.04  4.88  6.54  8.54  9.34  9.38  8.09  7.15  4.10  1.44  0.54  0.40  0.15  0.04  0.03  0.03  0.04  0.04  0.04  0.04
 9  -5  0.03  0.09  0.15  0.31  0.61  0.90  1.48  2.85  4.00  4.81  6.45  8.56  9.44  9.57  8.18  7.16  4.07  1.42  0.54  0.40  0.15  0.04  0.03  0.03  0.03  0.04  0.04  0.04
 9   0  0.03  0.09  0.14  0.29  0.58  0.86  1.43  2.83  3.94  4.73  6.34  8.52  9.51  9.73  8.25  7.17  4.04  1.39  0.54  0.40  0.15  0.04  0.03  0.03  0.03  0.04  0.04  0.03
 9   5  0.03  0.09  0.15  0.30  0.60  0.89  1.47  2.85  4.00  4.82  6.47  8.62  9.58  9.78  8.36  7.34  4.30  1.52  0.62  0.44  0.16  0.04  0.03  0.03  0.03  0.03  0.03  0.03
 9  10  0.03  0.09  0.15  0.30  0.60  0.90  1.48  2.86  4.05  4.91  6.58  8.69  9.64  9.84  8.48  7.51  4.55  1.65  0.69  0.50  0.18  0.04  0.03  0.03  0.03  0.03  0.03  0.03
 9  15  0.03  0.09  0.15  0.31  0.61  0.91  1.50  2.90  4.13  5.04  6.74  8.71  9.50  9.59  8.29  7.38  4.55  1.67  0.70  0.50  0.18  0.04  0.03  0.03  0.03  0.04  0.04  0.03
 9  20  0.03  0.10  0.16  0.32  0.63  0.94  1.54  2.93  4.24  5.17  6.90  8.70  9.34  9.30  8.09  7.25  4.53  1.69  0.70  0.51  0.19  0.05  0.04  0.04  0.04  0.04  0.04  0.04
 9  25  0.03  0.09  0.16  0.31  0.62  0.93  1.52  2.94  4.26  5.22  6.93  8.57  9.08  8.99  7.96  7.23  4.56  1.76  0.73  0.53  0.19  0.06  0.05  0.04  0.05  0.05  0.05  0.04
 9  30  0.03  0.10  0.16  0.32  0.63  0.93  1.54  2.96  4.30  5.26  6.94  8.42  8.83  8.68  7.83  7.22  4.59  1.84  0.75  0.54  0.20  0.08  0.06  0.05  0.05  0.05  0.05  0.04
 9  35  0.03  0.10  0.16  0.32  0.63  0.94  1.54  2.97  4.31  5.27  6.88  8.20  8.51  8.34  7.46  6.83  4.48  2.00  0.92  0.68  0.29  0.10  0.07  0.06  0.05  0.05  0.05  0.05
 9  40  0.03  0.10  0.16  0.32  0.63  0.94  1.55  2.98  4.31  5.27  6.81  7.98  8.20  7.99  7.09  6.45  4.38  2.17  1.10  0.83  0.39  0.13  0.09  0.07  0.06  0.06  0.05  0.05
 9  45  0.03  0.10  0.16  0.32  0.64  0.95  1.55  2.97  4.31  5.27  6.73  7.73  7.83  7.52  6.70  6.13  4.28  2.27  1.25  0.97  0.52  0.21  0.12  0.09  0.07  0.06  0.05  0.05
 9  50  0.03  0.10  0.16  0.32  0.63  0.94  1.55  2.96  4.30  5.26  6.64  7.48  7.46  7.06  6.32  5.80  4.18  2.38  1.40  1.11  0.65  0.27  0.17  0.11  0.08  0.06  0.05  0.05
 9  55  0.03  0.09  0.15  0.31  0.61  0.91  1.51  2.93  4.25  5.20  6.53  7.21  7.05  6.57  5.86  5.37  3.98  2.44  1.52  1.22  0.74  0.32  0.20  0.14  0.09  0.06  0.05  0.05
 9  60  0.03  0.09  0.15  0.31  0.61  0.91  1.51  2.95  4.30  5.27  6.52  6.97  6.68  6.07  5.43  4.98  3.79  2.52  1.66  1.34  0.82  0.36  0.24  0.16  0.10  0.07  0.05  0.05
 9  65  0.03  0.09  0.16  0.31  0.62  0.92  1.52  2.96  4.29  5.23  6.26  6.49  6.10  5.47  4.82  4.38  3.51  2.48  1.74  1.42  0.90  0.41  0.27  0.17  0.11  0.07  0.05  0.05
 9  70  0.03  0.09  0.16  0.31  0.63  0.93  1.54  2.98  4.27  5.19  6.01  5.99  5.51  4.86  4.22  3.78  3.22  2.43  1.82  1.50  0.98  0.46  0.30  0.19  0.11  0.07  0.06  0.05
 9  75  0.03  0.10  0.16  0.32  0.63  0.94  1.54  2.97  4.05  4.82  5.31  5.23  4.86  4.33  3.97  3.73  3.16  2.42  1.81  1.50  0.99  0.46  0.31  0.20  0.12  0.07  0.06  0.05
 9  80  0.03  0.10  0.16  0.32  0.63  0.94  1.54  2.97  3.83  4.44  4.60  4.47  4.19  3.81  3.73  3.67  3.09  2.41  1.81  1.50  1.00  0.46  0.31  0.21  0.13  0.07  0.06  0.05
 9  85  0.03  0.10  0.16  0.32  0.63  0.94  1.54  2.96  3.82  4.42  4.58  4.45  4.18  3.80  3.72  3.67  3.09  2.41  1.81  1.50  1.00  0.46  0.31  0.20  0.13  0.07  0.06  0.05
 9  90  0.03  0.10  0.16  0.32  0.63  0.94  1.54  2.96  3.81  4.40  4.55  4.43  4.16  3.79  3.71  3.66  3.08  2.40  1.81  1.51  1.00  0.46  0.31  0.20  0.13  0.07  0.06  0.05
10 -90  0.03  0.09  0.14  0.29  0.56  0.83  1.36  2.53  3.50  4.19  5.39  6.07  5.98  5.47  4.71  4.16  2.92  1.17  0.66  0.58  0.45  0.36  0.17  0.08  0.05  0.04  0.03  0.03
10 -85  0.03  0.09  0.14  0.29  0.56  0.83  1.35  2.52  3.49  4.19  5.40  6.08  5.98  5.47  4.70  4.16  2.92  1.17  0.66  0.58  0.45  0.36  0.18  0.08  0.06  0.04  0.03  0.03
10 -80  0.03  0.09  0.14  0.29  0.56  0.83  1.35  2.52  3.49  4.20  5.40  6.09  5.98  5.47  4.70  4.16  2.92  1.18  0.66  0.57  0.45  0.36  0.19  0.09  0.06  0.04  0.03  0.03
10 -75  0.03  0.09  0.14  0.29  0.57  0.84  1.36  2.54  3.54  4.28  5.53  6.36  6.34  5.84  5.22  4.79  3.34  1.55  0.87  0.73  0.53  0.40  0.23  0.09  0.06  0.04  0.03  0.03
10 -70  0.03  0.09  0.14  0.29  0.57  0.84  1.37  2.56  3.60  4.36  5.66  6.64  6.70  6.22  5.74  5.42  3.76  1.90  1.06  0.89  0.61  0.43  0.26  0.10  0.06  0.04  0.03  0.03
10 -65  0.03  0.09  0.15  0.30  0.59  0.87  1.41  2.66  3.79  4.63  5.98  7.01  7.09  6.63  6.30  6.09  4.36  2.42  1.37  1.11  0.70  0.44  0.26  0.12  0.07  0.04  0.03  0.03
10 -60  0.03  0.09  0.15  0.31  0.61  0.90  1.46  2.77  3.99  4.90  6.30  7.37  7.48  7.03  6.87  6.76  4.98  2.95  1.67  1.34  0.80  0.44  0.27  0.13  0.07  0.04  0.04  0.03
10 -55  0.03  0.09  0.16  0.31  0.62  0.92  1.50  2.86  4.15  5.09  6.53  7.64  7.74  7.32  6.89  6.60  5.06  3.13  1.82  1.45  0.83  0.41  0.26  0.16  0.07  0.04  0.04  0.03
10 -50  0.03  0.09  0.16  0.31  0.62  0.93  1.51  2.89  4.24  5.22  6.74  7.90  8.02  7.56  6.89  6.42  5.13  3.30  1.94  1.54  0.86  0.38  0.24  0.15  0.07  0.05  0.04  0.03
10 -45  0.03  0.09  0.16  0.31  0.62  0.92  1.51  2.90  4.27  5.24  6.85  8.11  8.26  7.79  7.10  6.62  5.27  3.36  1.94  1.53  0.85  0.37  0.23  0.11  0.07  0.05  0.04  0.04
10 -40  0.03  0.09  0.16  0.31  0.62  0.92  1.51  2.90  4.27  5.26  6.94  8.32  8.50  7.99  7.29  6.80  5.40  3.42  1.94  1.52  0.83  0.36  0.23  0.10  0.06  0.05  0.04  0.04
10 -35  0.03  0.09  0.15  0.31  0.61  0.91  1.49  2.87  4.21  5.17  6.89  8.43  8.72  8.27  7.38  6.75  5.14  2.91  1.50  1.16  0.59  0.26  0.15  0.08  0.06  0.05  0.04  0.04
10 -30  0.03  0.09  0.15  0.30  0.60  0.90  1.47  2.84  4.15  5.09  6.85  8.54  8.93  8.53  7.46  6.71  4.89  2.41  1.06  0.79  0.35  0.15  0.10  0.07  0.06  0.05  0.05  0.04
10 -25  0.03  0.09  0.15  0.31  0.61  0.91  1.49  2.84  4.09  5.00  6.75  8.55  9.09  8.80  7.60  6.76  4.67  2.07  0.87  0.64  0.26  0.09  0.06  0.05  0.05  0.05  0.05  0.05
10 -20  0.03  0.09  0.15  0.31  0.60  0.90  1.47  2.82  4.04  4.91  6.66  8.57  9.24  9.09  7.75  6.81  4.45  1.74  0.68  0.49  0.17  0.06  0.05  0.04  0.04  0.05  0.05  0.05
10 -15  0.03  0.09  0.15  0.29  0.59  0.87  1.44  2.81  3.98  4.83  6.52  8.50  9.31  9.32  8.01  7.08  4.27  1.60  0.60  0.43  0.15  0.05  0.04  0.04  0.04  0.04  0.05  0.05
10 -10  0.03  0.09  0.14  0.29  0.57  0.85  1.41  2.78  3.91  4.72  6.35  8.44  9.35  9.51  8.25  7.34  4.10  1.45  0.52  0.37  0.13  0.04  0.04  0.04  0.04  0.04  0.04  0.04
10  -5  0.03  0.09  0.14  0.29  0.57  0.86  1.42  2.79  3.90  4.68  6.28  8.41  9.38  9.61  8.31  7.36  4.06  1.43  0.50  0.36  0.13  0.04  0.03  0.03  0.03  0.04  0.04  0.03
10   0  0.03  0.08  0.14  0.28  0.56  0.84  1.40  2.79  3.86  4.63  6.18  8.34  9.39  9.68  8.35  7.38  4.02  1.41  0.48  0.35  0.13  0.04  0.03  0.03  0.03  0.03  0.03  0.03
10   5  0.03  0.09  0.15  0.29  0.58  0.87  1.44  2.82  3.93  4.72  6.30  8.40  9.40  9.68  8.35  7.39  4.23  1.51  0.57  0.41  0.14  0.04  0.03  0.03  0.03  0.03  0.03  0.03
10  10  0.03  0.09  0.15  0.30  0.59  0.88  1.45  2.83  3.98  4.81  6.41  8.44  9.40  9.69  8.36  7.41  4.45  1.61  0.65  0.46  0.15  0.03  0.03  0.03  0.03  0.03  0.03  0.03
10  15  0.03  0.09  0.15  0.30  0.60  0.89  1.47  2.86  4.05  4.92  6.53  8.44  9.27  9.43  8.13  7.21  4.41  1.63  0.66  0.47  0.16  0.04  0.03  0.03  0.03  0.04  0.04  0.04
10  20  0.03  0.09  0.16  0.31  0.62  0.92  1.51  2.89  4.13  5.03  6.67  8.43  9.11  9.14  7.90  7.02  4.38  1.65  0.67  0.48  0.16  0.04  0.04  0.04  0.04  0.04  0.04  0.04
10  25  0.03  0.09  0.15  0.31  0.61  0.91  1.50  2.91  4.22  5.15  6.78  8.34  8.84  8.77  7.73  7.01  4.42  1.71  0.70  0.50  0.18  0.06  0.04  0.04  0.04  0.04  0.05  0.04
10  30  0.03  0.10  0.16  0.32  0.63  0.93  1.54  2.96  4.31  5.28  6.88  8.23  8.57  8.40  7.58  7.00  4.47  1.76  0.72  0.52  0.20  0.08  0.05  0.05  0.05  0.05  0.05  0.04
10  35  0.03  0.10  0.16  0.33  0.65  0.96  1.58  3.03  4.44  5.45  6.95  8.00  8.13  7.88  7.11  6.57  4.38  1.94  0.91  0.68  0.31  0.11  0.07  0.05  0.05  0.05  0.05  0.05
10  40  0.03  0.10  0.17  0.33  0.66  0.99  1.62  3.11  4.58  5.63  7.02  7.76  7.70  7.35  6.64  6.14  4.30  2.12  1.11  0.85  0.42  0.18  0.09  0.07  0.06  0.05  0.05  0.05
10  45  0.04  0.11  0.18  0.35  0.69  1.03  1.69  3.22  4.71  5.79  7.00  7.48  7.29  6.89  6.30  5.88  4.28  2.29  1.29  1.01  0.55  0.22  0.13  0.09  0.07  0.06  0.05  0.05
10  50  0.04  0.11  0.18  0.36  0.71  1.06  1.74  3.31  4.85  5.94  6.98  7.20  6.89  6.42  5.94  5.61  4.28  2.47  1.46  1.16  0.68  0.26  0.15  0.11  0.08  0.06  0.05  0.05
10  55  0.04  0.11  0.18  0.36  0.72  1.07  1.76  3.38  4.87  5.93  6.79  6.87  6.50  6.02  5.59  5.30  4.18  2.50  1.55  1.24  0.75  0.32  0.19  0.13  0.09  0.06  0.05  0.05
10  60  0.04  0.11  0.19  0.37  0.74  1.10  1.82  3.50  5.00  6.06  6.71  6.58  6.14  5.61  5.26  5.03  4.11  2.56  1.66  1.34  0.83  0.37  0.22  0.15  0.10  0.06  0.05  0.05
10  65  0.04  0.11  0.19  0.38  0.76  1.13  1.85  3.54  4.88  5.82  6.27  6.07  5.64  5.14  4.83  4.62  3.83  2.54  1.77  1.46  0.94  0.41  0.25  0.17  0.10  0.06  0.05  0.05
10  70  0.04  0.12  0.19  0.39  0.77  1.14  1.87  3.58  4.76  5.58  5.82  5.55  5.14  4.67  4.40  4.21  3.55  2.53  1.89  1.57  1.05  0.46  0.27  0.18  0.11  0.06  0.05  0.05
10  75  0.04  0.12  0.19  0.38  0.76  1.13  1.85  3.53  4.35  4.91  5.08  4.95  4.66  4.28  4.05  3.88  3.38  2.54  1.93  1.61  1.10  0.48  0.28  0.19  0.11  0.06  0.05  0.05
10  80  0.04  0.12  0.19  0.38  0.76  1.12  1.84  3.48  3.94  4.24  4.34  4.34  4.18  3.89  3.69  3.54  3.22  2.54  1.97  1.66  1.14  0.51  0.29  0.20  0.11  0.06  0.05  0.05
10  85  0.04  0.12  0.19  0.38  0.76  1.12  1.83  3.48  3.93  4.22  4.31  4.32  4.16  3.88  3.68  3.53  3.21  2.54  1.97  1.66  1.14  0.51  0.29  0.20  0.12  0.06  0.05  0.05
10  90  0.04  0.12  0.19  0.38  0.76  1.12  1.83  3.47  3.91  4.20  4.28  4.29  4.14  3.87  3.67  3.53  3.21  2.54  1.97  1.66  1.14  0.51  0.29  0.20  0.12  0.06  0.05  0.05
11 -90  0.02  0.07  0.12  0.25  0.49  0.73  1.19  2.26  3.15  3.79  5.15  6.26  6.45  6.15  5.83  5.62  4.40  2.24  1.27  1.03  0.65  0.41  0.26  0.15  0.06  0.04  0.03  0.03
11 -85  0.02  0.07  0.12  0.25  0.49  0.73  1.19  2.25  3.14  3.79  5.16  6.27  6.46  6.15  5.82  5.62  4.40  2.24  1.26  1.03  0.65  0.41  0.26  0.10  0.06  0.04  0.03  0.03
11 -80  0.02  0.07  0.12  0.25  0.49  0.73  1.18  2.25  3.14  3.79  5.17  6.28  6.46  6.14  5.82  5.61  4.40  2.24  1.26  1.03  0.65  0.41  0.26  0.15  0.06  0.04  0.03  0.03
11 -75  0.03  0.08  0.13  0.25  0.49  0.73  1.20  2.27  3.19  3.88  5.22  6.40  6.64  6.31  6.14  6.04  4.68  2.43  1.37  1.11  0.70  0.44  0.27  0.16  0.06  0.04  0.03  0.03
11 -70  0.03  0.08  0.13  0.25  0.50  0.74  1.21  2.29  3.25  3.96  5.27  6.52  6.81  6.49  6.46  6.46  4.96  2.61  1.46  1.19  0.75  0.46  0.28  0.17  0.07  0.04  0.03  0.03
11 -65  0.03  0.08  0.13  0.26  0.52  0.77  1.25  2.37  3.38  4.13  5.50  6.80  7.10  6.75  6.71  6.70  5.10  2.83  1.61  1.29  0.77  0.45  0.28  0.17  0.07  0.04  0.03  0.03
11 -60  0.03  0.08  0.14  0.27  0.53  0.79  1.29  2.44  3.50  4.30  5.73  7.08  7.39  7.01  6.96  6.94  5.25  3.05  1.75  1.38  0.79  0.44  0.27  0.17  0.08  0.04  0.03  0.03
11 -55  0.03  0.08  0.14  0.28  0.55  0.82  1.34  2.54  3.64  4.45  5.92  7.36  7.70  7.37  6.92  6.62  5.09  3.08  1.77  1.39  0.75  0.38  0.25  0.15  0.08  0.05  0.04  0.03
11 -50  0.03  0.08  0.14  0.28  0.56  0.83  1.35  2.56  3.69  4.52  6.07  7.65  8.05  7.65  6.85  6.29  4.94  3.10  1.77  1.37  0.72  0.32  0.22  0.12  0.07  0.05  0.04  0.03
11 -45  0.03  0.08  0.14  0.28  0.55  0.82  1.34  2.60  3.74  4.57  6.18  7.88  8.35  7.98  7.08  6.45  5.02  3.10  1.74  1.35  0.70  0.31  0.21  0.10  0.07  0.05  0.04  0.03
11 -40  0.03  0.08  0.14  0.27  0.55  0.82  1.35  2.63  3.79  4.62  6.28  8.11  8.64  8.28  7.30  6.60  5.09  3.10  1.72  1.33  0.69  0.31  0.20  0.09  0.06  0.05  0.04  0.04
11 -35  0.03  0.08  0.14  0.28  0.56  0.83  1.37  2.66  3.81  4.64  6.32  8.23  8.85  8.59  7.46  6.67  4.83  2.62  1.31  1.00  0.48  0.23  0.13  0.08  0.06  0.05  0.05  0.04
11 -30  0.03  0.08  0.14  0.28  0.56  0.83  1.38  2.69  3.84  4.67  6.38  8.37  9.07  8.87  7.63  6.74  4.56  2.15  0.90  0.67  0.28  0.15  0.09  0.06  0.06  0.05  0.05  0.04
11 -25  0.03  0.09  0.14  0.29  0.57  0.86  1.41  2.72  3.88  4.72  6.43  8.43  9.19  9.08  7.69  6.72  4.41  1.94  0.77  0.56  0.22  0.09  0.06  0.05  0.05  0.05  0.05  0.04
11 -20  0.03  0.09  0.14  0.29  0.57  0.85  1.41  2.75  3.92  4.76  6.48  8.50  9.30  9.29  7.77  6.70  4.26  1.74  0.63  0.45  0.16  0.06  0.05  0.04  0.04  0.05  0.05  0.04
11 -15  0.03  0.08  0.14  0.28  0.56  0.84  1.40  2.78  3.94  4.77  6.45  8.48  9.35  9.43  7.98  6.95  4.14  1.59  0.57  0.41  0.15  0.05  0.04  0.04  0.04  0.04  0.04  0.04
11 -10  0.03  0.08  0.14  0.28  0.55  0.83  1.39  2.79  3.94  4.75  6.39  8.46  9.37  9.55  8.17  7.20  4.02  1.44  0.51  0.37  0.14  0.04  0.04  0.03  0.04  0.04  0.04  0.04
11  -5  0.03  0.08  0.14  0.28  0.56  0.84  1.40  2.82  3.96  4.77  6.37  8.41  9.32  9.52  8.16  7.19  3.95  1.38  0.49  0.36  0.13  0.04  0.03  0.03  0.03  0.04  0.04  0.03
11   0  0.03  0.09  0.14  0.29  0.57  0.86  1.42  2.84  3.97  4.78  6.32  8.32  9.25  9.47  8.14  7.19  3.88  1.33  0.47  0.34  0.13  0.04  0.03  0.03  0.03  0.03  0.03  0.03
11   5  0.03  0.09  0.15  0.29  0.58  0.87  1.44  2.84  3.98  4.80  6.34  8.28  9.17  9.42  8.12  7.18  4.07  1.41  0.52  0.37  0.13  0.04  0.03  0.03  0.03  0.03  0.03  0.03
11  10  0.03  0.09  0.15  0.30  0.59  0.88  1.45  2.84  4.00  4.83  6.35  8.22  9.09  9.38  8.10  7.18  4.28  1.50  0.56  0.40  0.14  0.04  0.03  0.03  0.03  0.04  0.04  0.03
11  15  0.03  0.09  0.15  0.30  0.60  0.89  1.47  2.86  4.05  4.92  6.45  8.16  8.89  9.07  7.83  6.96  4.19  1.52  0.57  0.41  0.14  0.04  0.04  0.03  0.04  0.04  0.04  0.04
11  20  0.03  0.09  0.16  0.31  0.62  0.92  1.50  2.89  4.13  5.02  6.55  8.09  8.68  8.74  7.57  6.74  4.11  1.54  0.58  0.41  0.14  0.05  0.04  0.04  0.04  0.04  0.04  0.04
11  25  0.03  0.09  0.16  0.31  0.62  0.92  1.52  2.96  4.28  5.23  6.71  7.99  8.37  8.28  7.33  6.66  4.18  1.65  0.65  0.48  0.18  0.06  0.04  0.04  0.04  0.04  0.04  0.04
11  30  0.03  0.10  0.16  0.33  0.65  0.96  1.58  3.04  4.44  5.44  6.86  7.88  8.05  7.84  7.10  6.59  4.26  1.75  0.73  0.54  0.22  0.08  0.05  0.05  0.04  0.04  0.04  0.04
11  35  0.03  0.10  0.17  0.35  0.69  1.02  1.67  3.19  4.67  5.73  6.98  7.64  7.61  7.32  6.73  6.32  4.41  2.03  0.97  0.73  0.34  0.14  0.08  0.06  0.05  0.05  0.05  0.04
11  40  0.04  0.11  0.18  0.36  0.72  1.07  1.75  3.34  4.90  6.02  7.09  7.41  7.18  6.80  6.35  6.05  4.57  2.32  1.22  0.93  0.47  0.19  0.11  0.08  0.06  0.05  0.05  0.05
11  45  0.04  0.12  0.19  0.38  0.76  1.13  1.84  3.50  5.08  6.19  7.01  7.09  6.79  6.40  6.12  5.92  4.60  2.48  1.41  1.11  0.62  0.26  0.15  0.10  0.07  0.05  0.05  0.05
11  50  0.04  0.12  0.20  0.40  0.80  1.19  1.94  3.67  5.25  6.36  6.93  6.78  6.39  5.98  5.86  5.78  4.64  2.63  1.59  1.28  0.76  0.33  0.18  0.12  0.08  0.06  0.05  0.05
11  55  0.04  0.12  0.20  0.41  0.81  1.20  1.96  3.72  5.15  6.14  6.57  6.41  6.06  5.70  5.60  5.53  4.49  2.66  1.66  1.36  0.88  0.38  0.21  0.14  0.09  0.06  0.05  0.05
11  60  0.04  0.12  0.21  0.41  0.82  1.22  2.00  3.85  5.17  6.09  6.33  6.10  5.77  5.41  5.35  5.33  4.36  2.72  1.76  1.47  1.00  0.43  0.24  0.15  0.10  0.06  0.05  0.05
11  65  0.04  0.12  0.20  0.40  0.80  1.18  1.94  3.70  4.92  5.76  6.05  5.90  5.62  5.28  5.10  4.99  4.24  2.79  1.93  1.64  1.17  0.52  0.28  0.18  0.10  0.06  0.05  0.05
11  70  0.04  0.12  0.20  0.39  0.78  1.16  1.89  3.56  4.67  5.43  5.77  5.71  5.48  5.15  4.85  4.64  4.11  2.86  2.11  1.82  1.35  0.60  0.32  0.20  0.10  0.06  0.05  0.05
11  75  0.04  0.12  0.20  0.39  0.77  1.14  1.85  3.43  4.38  5.04  5.30  5.02  4.66  4.29  4.03  3.84  3.55  2.77  2.04  1.75  1.28  0.56  0.29  0.18  0.10  0.06  0.05  0.05
11  80  0.04  0.12  0.19  0.38  0.76  1.11  1.80  3.30  4.10  4.65  4.83  4.33  3.84  3.43  3.20  3.03  2.99  2.68  1.97  1.68  1.22  0.53  0.26  0.16  0.11  0.06  0.05  0.05
11  85  0.04  0.12  0.19  0.38  0.75  1.11  1.80  3.29  4.08  4.62  4.80  4.30  3.82  3.42  3.19  3.02  2.98  2.68  1.97  1.68  1.22  0.53  0.26  0.16  0.11  0.06  0.05  0.05
11  90  0.04  0.12  0.19  0.38  0.75  1.11  1.79  3.29  4.07  4.60  4.77  4.28  3.80  3.41  3.18  3.01  2.97  2.68  1.96  1.68  1.22  0.53  0.26  0.16  0.11  0.06  0.05  0.05
12 -90  0.02  0.07  0.11  0.22  0.43  0.64  1.05  1.97  2.83  3.44  4.79  5.97  6.10  5.65  5.41  5.25  4.63  3.16  1.87  1.50  0.87  0.43  0.30  0.18  0.09  0.05  0.03  0.02
12 -85  0.02  0.07  0.11  0.22  0.43  0.64  1.05  1.97  2.82  3.44  4.80  5.98  6.11  5.65  5.41  5.24  4.63  3.17  1.87  1.50  0.87  0.43  0.30  0.18  0.09  0.05  0.03  0.02
12 -80  0.02  0.07  0.11  0.22  0.43  0.64  1.04  1.96  2.82  3.45  4.81  5.98  6.11  5.64  5.40  5.24  4.63  3.17  1.87  1.49  0.87  0.43  0.30  0.18  0.09  0.04  0.03  0.03
12 -75  0.02  0.07  0.11  0.23  0.45  0.66  1.07  2.02  2.88  3.52  4.84  6.08  6.27  5.82  5.58  5.41  4.75  3.18  1.86  1.49  0.88  0.43  0.30  0.18  0.08  0.04  0.03  0.03
12 -70  0.02  0.07  0.12  0.23  0.46  0.68  1.10  2.08  2.94  3.60  4.88  6.17  6.44  6.00  5.75  5.59  4.88  3.19  1.86  1.48  0.88  0.43  0.30  0.18  0.08  0.04  0.03  0.03
12 -65  0.02  0.07  0.12  0.24  0.47  0.70  1.15  2.16  3.05  3.73  5.05  6.45  6.81  6.42  6.11  5.90  4.95  3.15  1.81  1.43  0.83  0.39  0.28  0.17  0.08  0.04  0.03  0.03
12 -60  0.03  0.08  0.13  0.25  0.49  0.73  1.19  2.24  3.16  3.86  5.22  6.73  7.18  6.84  6.47  6.21  5.02  3.10  1.76  1.38  0.78  0.36  0.25  0.16  0.09  0.05  0.03  0.03
12 -55  0.03  0.08  0.13  0.26  0.52  0.77  1.26  2.36  3.31  4.02  5.40  7.04  7.60  7.38  6.79  6.37  4.92  2.93  1.63  1.27  0.68  0.32  0.22  0.14  0.08  0.05  0.04  0.03
12 -50  0.03  0.08  0.13  0.27  0.53  0.78  1.27  2.40  3.37  4.08  5.54  7.36  8.04  7.84  7.06  6.52  4.82  2.74  1.45  1.12  0.57  0.28  0.19  0.13  0.08  0.05  0.04  0.03
12 -45  0.03  0.08  0.13  0.26  0.52  0.78  1.28  2.48  3.47  4.20  5.70  7.61  8.37  8.23  7.11  6.32  4.63  2.59  1.37  1.06  0.54  0.26  0.17  0.10  0.07  0.05  0.04  0.03
12 -40  0.03  0.08  0.13  0.26  0.52  0.78  1.30  2.54  3.57  4.32  5.87  7.87  8.69  8.60  7.15  6.12  4.43  2.43  1.29  1.00  0.51  0.24  0.14  0.08  0.06  0.05  0.04  0.04
12 -35  0.03  0.08  0.14  0.27  0.54  0.80  1.33  2.60  3.66  4.43  6.03  8.06  8.88  8.82  7.51  6.58  4.41  2.14  1.02  0.77  0.37  0.19  0.10  0.07  0.06  0.05  0.04  0.04
12 -30  0.03  0.08  0.14  0.27  0.55  0.82  1.35  2.66  3.76  4.56  6.21  8.25  9.07  9.03  7.88  7.06  4.39  1.85  0.74  0.55  0.23  0.13  0.08  0.06  0.05  0.05  0.05  0.04
12 -25  0.03  0.08  0.14  0.28  0.56  0.84  1.39  2.72  3.87  4.71  6.41  8.41  9.20  9.16  7.89  6.99  4.29  1.72  0.64  0.47  0.18  0.08  0.06  0.05  0.05  0.05  0.05  0.04
12 -20  0.03  0.08  0.14  0.28  0.56  0.84  1.39  2.77  3.98  4.86  6.61  8.58  9.33  9.31  7.91  6.92  4.20  1.60  0.55  0.39  0.13  0.06  0.04  0.04  0.04  0.04  0.04  0.04
12 -15  0.03  0.08  0.14  0.28  0.56  0.84  1.40  2.82  4.07  4.95  6.71  8.67  9.44  9.44  8.04  7.06  4.11  1.50  0.50  0.36  0.13  0.05  0.04  0.04  0.04  0.04  0.04  0.04
12 -10  0.03  0.08  0.14  0.28  0.56  0.84  1.40  2.86  4.13  5.04  6.78  8.75  9.51  9.55  8.17  7.20  4.03  1.40  0.45  0.33  0.12  0.04  0.03  0.03  0.03  0.04  0.04  0.03
12  -5  0.03  0.08  0.14  0.28  0.56  0.84  1.41  2.89  4.17  5.09  6.78  8.69  9.41  9.46  7.98  6.93  3.87  1.34  0.43  0.32  0.13  0.04  0.03  0.03  0.03  0.03  0.03  0.03
12   0  0.03  0.09  0.15  0.29  0.59  0.88  1.47  2.92  4.21  5.13  6.77  8.60  9.31  9.35  7.78  6.67  3.71  1.28  0.41  0.31  0.14  0.04  0.03  0.03  0.03  0.03  0.03  0.03
12   5  0.03  0.09  0.15  0.30  0.59  0.89  1.47  2.91  4.19  5.10  6.72  8.44  9.10  9.17  7.78  6.80  3.93  1.38  0.47  0.34  0.13  0.04  0.03  0.03  0.03  0.03  0.04  0.03
12  10  0.03  0.09  0.15  0.30  0.60  0.89  1.48  2.90  4.17  5.08  6.64  8.26  8.88  8.99  7.79  6.93  4.16  1.48  0.52  0.37  0.13  0.04  0.03  0.03  0.03  0.04  0.04  0.04
12  15  0.03  0.09  0.15  0.30  0.60  0.90  1.48  2.90  4.18  5.09  6.63  8.12  8.63  8.66  7.50  6.68  4.07  1.54  0.54  0.39  0.13  0.04  0.04  0.04  0.04  0.04  0.04  0.04
12  20  0.03  0.09  0.16  0.31  0.62  0.92  1.51  2.91  4.20  5.12  6.62  7.97  8.38  8.31  7.20  6.42  3.98  1.61  0.57  0.40  0.14  0.05  0.04  0.04  0.04  0.04  0.04  0.04
12  25  0.03  0.09  0.15  0.31  0.61  0.91  1.51  2.94  4.27  5.22  6.64  7.78  8.03  7.84  7.04  6.48  4.18  1.78  0.70  0.51  0.20  0.06  0.05  0.04  0.04  0.04  0.04  0.04
12  30  0.03  0.10  0.16  0.32  0.64  0.95  1.56  3.00  4.35  5.32  6.66  7.58  7.68  7.39  6.89  6.55  4.38  1.93  0.83  0.61  0.26  0.09  0.06  0.05  0.05  0.05  0.04  0.04
12  35  0.03  0.10  0.17  0.34  0.68  1.01  1.65  3.14  4.53  5.53  6.70  7.33  7.28  6.96  6.67  6.47  4.66  2.24  1.09  0.84  0.44  0.19  0.09  0.07  0.06  0.05  0.05  0.05
12  40  0.04  0.11  0.18  0.36  0.71  1.06  1.73  3.29  4.72  5.74  6.73  7.07  6.88  6.52  6.44  6.39  4.95  2.55  1.36  1.08  0.61  0.27  0.15  0.09  0.07  0.05  0.05  0.05
12  45  0.04  0.11  0.19  0.38  0.75  1.11  1.82  3.46  4.85  5.84  6.59  6.77  6.56  6.26  6.19  6.14  4.88  2.81  1.58  1.27  0.76  0.34  0.19  0.12  0.08  0.06  0.05  0.05
12  50  0.04  0.12  0.20  0.40  0.79  1.17  1.91  3.62  4.99  5.94  6.46  6.46  6.23  5.97  5.92  5.88  4.82  3.06  1.80  1.46  0.91  0.41  0.22  0.14  0.09  0.06  0.05  0.05
12  55  0.04  0.12  0.20  0.40  0.79  1.17  1.91  3.61  4.80  5.63  6.10  6.20  6.04  5.84  5.69  5.59  4.60  3.05  1.90  1.58  1.05  0.49  0.25  0.16  0.09  0.06  0.05  0.05
12  60  0.04  0.12  0.20  0.40  0.79  1.18  1.92  3.66  4.75  5.50  5.90  6.00  5.89  5.69  5.49  5.35  4.42  3.06  2.04  1.72  1.19  0.56  0.29  0.17  0.10  0.06  0.05  0.05
12  65  0.04  0.12  0.21  0.41  0.81  1.20  1.94  3.61  4.68  5.43  5.85  5.92  5.77  5.52  5.23  5.04  4.29  3.00  2.09  1.77  1.25  0.59  0.28  0.17  0.10  0.06  0.05  0.05
12  70  0.04  0.13  0.21  0.42  0.82  1.22  1.96  3.56  4.61  5.35  5.79  5.84  5.64  5.35  4.98  4.72  4.15  2.94  2.14  1.83  1.32  0.62  0.28  0.17  0.10  0.06  0.05  0.05
12  75  0.04  0.12  0.20  0.40  0.79  1.16  1.85  3.29  4.34  5.09  5.55  5.44  5.15  4.81  4.49  4.26  3.92  2.96  2.16  1.84  1.33  0.61  0.30  0.18  0.11  0.06  0.05  0.05
12  80  0.04  0.12  0.19  0.38  0.75  1.10  1.74  3.01  4.08  4.83  5.31  5.03  4.65  4.28  4.00  3.80  3.69  2.98  2.17  1.86  1.33  0.61  0.32  0.20  0.11  0.06  0.05  0.05
12  85  0.04  0.12  0.19  0.38  0.75  1.10  1.73  3.00  4.06  4.80  5.28  5.00  4.63  4.26  3.99  3.79  3.68  2.97  2.17  1.86  1.33  0.61  0.32  0.20  0.11  0.06  0.05  0.05
12  90  0.04  0.12  0.19  0.38  0.75  1.09  1.73  2.99  4.04  4.78  5.24  4.97  4.61  4.25  3.98  3.78  3.67  2.97  2.17  1.86  1.33  0.61  0.32  0.20  0.11  0.06  0.05  0.04
