     0.010
     0.030
     0.050
     0.100
     0.200
     0.300
     0.500
     1.000
     1.500
     2.000
     3.000
     5.000
     7.000
    10.000
    15.000
    20.000
    30.000
    50.000
    70.000
    80.000
   100.000
   150.000
   200.000
   250.000
   300.000
   400.000
   500.000
   600.000
 1 -90  0.02  0.07  0.12  0.24  0.48  0.71  1.15  2.13  3.20  3.98  5.43  6.17  5.88  5.00  4.06  3.54  3.54  3.32  2.52  2.13  1.46  0.72  0.43  0.24  0.12  0.05  0.03  0.02
 1 -85  0.02  0.07  0.12  0.24  0.48  0.71  1.15  2.12  3.20  3.96  5.40  6.18  5.93  5.10  4.17  3.61  3.52  3.16  2.37  2.00  1.36  0.65  0.40  0.23  0.11  0.05  0.03  0.02
 1 -80  0.02  0.07  0.12  0.24  0.48  0.71  1.15  2.13  3.20  3.96  5.39  6.18  5.94  5.11  4.19  3.63  3.52  3.13  2.34  1.97  1.35  0.64  0.40  0.23  0.11  0.04  0.03  0.02
 1 -75  0.03  0.08  0.13  0.25  0.50  0.74  1.19  2.20  3.27  4.02  5.40  6.32  6.19  5.42  4.57  4.05  3.81  3.16  2.28  1.92  1.30  0.62  0.39  0.22  0.11  0.04  0.03  0.02
 1 -70  0.03  0.08  0.13  0.26  0.51  0.76  1.23  2.27  3.32  4.08  5.43  6.47  6.46  5.74  4.97  4.48  4.11  3.19  2.22  1.85  1.24  0.60  0.38  0.21  0.10  0.04  0.03  0.02
 1 -65  0.03  0.08  0.13  0.27  0.53  0.78  1.26  2.35  3.41  4.20  5.62  6.85  6.98  6.37  5.66  5.21  4.33  3.11  2.06  1.71  1.12  0.56  0.35  0.20  0.07  0.04  0.03  0.02
 1 -60  0.03  0.08  0.14  0.28  0.55  0.81  1.31  2.42  3.51  4.32  5.81  7.24  7.52  7.02  6.36  5.92  4.55  3.04  1.91  1.57  1.01  0.51  0.33  0.18  0.07  0.04  0.03  0.02
 1 -55  0.03  0.09  0.15  0.29  0.57  0.85  1.37  2.54  3.68  4.49  6.00  7.58  8.00  7.71  6.87  6.27  4.42  2.76  1.65  1.34  0.81  0.41  0.26  0.15  0.08  0.04  0.03  0.03
 1 -50  0.03  0.09  0.15  0.30  0.58  0.86  1.39  2.58  3.72  4.53  6.13  7.93  8.52  8.28  7.28  6.56  4.26  2.45  1.32  1.06  0.62  0.31  0.19  0.10  0.07  0.04  0.03  0.03
 1 -45  0.03  0.09  0.15  0.29  0.58  0.86  1.41  2.68  3.84  4.69  6.36  8.23  8.89  8.70  7.50  6.63  4.26  2.39  1.24  0.99  0.56  0.27  0.16  0.08  0.06  0.04  0.04  0.03
 1 -40  0.03  0.09  0.15  0.29  0.58  0.87  1.43  2.78  3.95  4.83  6.55  8.50  9.23  9.10  7.68  6.68  4.26  2.32  1.14  0.90  0.49  0.22  0.10  0.06  0.05  0.04  0.04  0.03
 1 -35  0.03  0.09  0.15  0.30  0.60  0.89  1.47  2.85  4.11  5.02  6.82  8.76  9.46  9.26  7.85  6.85  4.26  2.03  0.91  0.70  0.35  0.14  0.08  0.06  0.05  0.05  0.04  0.04
 1 -30  0.03  0.09  0.15  0.30  0.61  0.90  1.49  2.93  4.22  5.18  7.05  9.00  9.66  9.46  8.00  7.00  4.24  1.73  0.68  0.51  0.23  0.10  0.06  0.05  0.05  0.05  0.04  0.04
 1 -25  0.03  0.09  0.15  0.31  0.61  0.92  1.52  2.96  4.34  5.35  7.28  9.27  9.90  9.70  8.05  6.93  4.15  1.57  0.57  0.43  0.19  0.07  0.05  0.05  0.05  0.05  0.04  0.04
 1 -20  0.03  0.09  0.15  0.30  0.61  0.91  1.52  3.03  4.46  5.51  7.53  9.53 10.12  9.91  8.10  6.86  4.06  1.40  0.46  0.35  0.15  0.06  0.04  0.04  0.04  0.04  0.04  0.04
 1 -15  0.03  0.09  0.15  0.30  0.61  0.91  1.52  3.06  4.54  5.66  7.76  9.71 10.26 10.05  8.21  6.96  3.94  1.31  0.41  0.31  0.14  0.05  0.04  0.04  0.04  0.04  0.04  0.03
 1 -10  0.03  0.09  0.15  0.30  0.60  0.91  1.52  3.09  4.65  5.80  7.97  9.95 10.50 10.22  8.36  7.07  3.83  1.24  0.35  0.28  0.09  0.04  0.03  0.03  0.03  0.04  0.04  0.03
 1  -5  0.03  0.09  0.15  0.30  0.60  0.91  1.53  3.11  4.67  5.84  7.96  9.91 10.40 10.11  8.24  6.97  3.71  1.19  0.33  0.26  0.07  0.04  0.03  0.03  0.03  0.04  0.03  0.03
 1   0  0.03  0.10  0.16  0.32  0.64  0.96  1.58  3.07  4.68  5.86  7.98  9.83 10.27  9.99  8.13  6.86  3.60  1.14  0.31  0.25  0.06  0.04  0.03  0.03  0.03  0.04  0.04  0.03
 1   5  0.03  0.10  0.16  0.32  0.64  0.96  1.58  3.08  4.66  5.84  7.83  9.57 10.00  9.69  7.96  6.79  3.73  1.25  0.37  0.29  0.06  0.04  0.03  0.03  0.04  0.04  0.04  0.04
 1  10  0.03  0.10  0.16  0.32  0.64  0.96  1.58  3.08  4.66  5.82  7.76  9.33  9.70  9.39  7.80  6.73  3.88  1.37  0.43  0.32  0.06  0.04  0.04  0.04  0.04  0.04  0.05  0.04
 1  15  0.03  0.10  0.16  0.33  0.65  0.97  1.59  3.09  4.66  5.81  7.67  9.05  9.31  8.95  7.49  6.48  3.89  1.43  0.43  0.33  0.07  0.04  0.04  0.04  0.04  0.05  0.05  0.05
 1  20  0.03  0.10  0.17  0.34  0.67  0.99  1.62  3.09  4.65  5.78  7.56  8.77  8.89  8.50  7.17  6.25  3.91  1.47  0.44  0.33  0.13  0.05  0.04  0.04  0.04  0.05  0.05  0.05
 1  25  0.03  0.10  0.17  0.34  0.67  1.00  1.64  3.18  4.73  5.89  7.51  8.45  8.45  8.03  7.06  6.39  4.28  1.72  0.61  0.47  0.21  0.06  0.06  0.05  0.05  0.05  0.05  0.05
 1  30  0.04  0.11  0.18  0.36  0.71  1.05  1.71  3.23  4.84  5.97  7.44  8.15  8.00  7.55  6.93  6.51  4.63  2.02  0.80  0.62  0.31  0.11  0.08  0.07  0.06  0.05  0.05  0.05
 1  35  0.04  0.11  0.19  0.38  0.74  1.10  1.80  3.38  5.00  6.12  7.35  7.85  7.66  7.21  6.73  6.43  5.01  2.48  1.21  0.94  0.51  0.26  0.17  0.09  0.07  0.06  0.05  0.05
 1  40  0.04  0.12  0.20  0.40  0.79  1.17  1.90  3.55  5.18  6.26  7.27  7.56  7.33  6.91  6.57  6.33  5.37  2.95  1.61  1.28  0.72  0.38  0.23  0.13  0.09  0.06  0.05  0.05
 1  45  0.04  0.13  0.21  0.41  0.82  1.22  1.98  3.72  5.31  6.32  7.12  7.32  7.10  6.70  6.49  6.37  5.47  3.24  1.89  1.53  0.94  0.50  0.28  0.17  0.09  0.06  0.05  0.05
 1  50  0.04  0.13  0.22  0.43  0.85  1.26  2.06  3.89  5.38  6.34  6.99  7.09  6.89  6.57  6.46  6.41  5.55  3.53  2.16  1.79  1.16  0.61  0.32  0.19  0.10  0.06  0.05  0.05
 1  55  0.04  0.13  0.22  0.44  0.86  1.28  2.08  3.92  5.19  6.06  6.70  6.94  6.80  6.51  6.23  6.03  5.26  3.53  2.32  1.96  1.34  0.69  0.38  0.22  0.10  0.06  0.05  0.05
 1  60  0.04  0.13  0.22  0.44  0.88  1.30  2.12  4.01  5.22  6.05  6.63  6.88  6.76  6.43  6.04  5.76  5.04  3.59  2.53  2.14  1.50  0.75  0.43  0.24  0.10  0.06  0.05  0.05
 1  65  0.04  0.13  0.22  0.44  0.86  1.28  2.08  3.91  5.10  5.94  6.62  7.03  6.97  6.65  6.16  5.80  4.90  3.58  2.52  2.14  1.50  0.75  0.42  0.24  0.10  0.06  0.05  0.05
 1  70  0.04  0.13  0.22  0.43  0.85  1.26  2.04  3.80  4.99  5.83  6.62  7.17  7.17  6.87  6.28  5.84  4.75  3.57  2.51  2.12  1.49  0.75  0.40  0.23  0.11  0.06  0.05  0.05
 1  75  0.04  0.12  0.21  0.41  0.81  1.20  1.94  3.57  4.70  5.49  6.32  6.83  6.76  6.38  5.79  5.34  4.50  3.50  2.60  2.25  1.68  0.79  0.41  0.24  0.11  0.06  0.05  0.05
 1  80  0.04  0.12  0.20  0.40  0.78  1.15  1.85  3.33  4.40  5.16  6.02  6.47  6.33  5.88  5.29  4.82  4.24  3.42  2.69  2.38  1.87  0.83  0.42  0.25  0.11  0.06  0.05  0.05
 1  85  0.04  0.12  0.20  0.40  0.78  1.15  1.85  3.32  4.39  5.15  6.01  6.46  6.33  5.90  5.32  4.84  4.25  3.41  2.69  2.38  1.87  0.83  0.42  0.25  0.11  0.07  0.06  0.05
 1  90  0.04  0.12  0.20  0.40  0.78  1.15  1.85  3.32  4.38  5.12  5.95  6.45  6.36  6.00  5.43  4.93  4.27  3.42  2.69  2.38  1.88  0.84  0.42  0.25  0.11  0.07  0.06  0.05
 2 -90  0.03  0.09  0.15  0.30  0.60  0.88  1.43  2.65  3.88  4.68  5.63  5.54  4.99  4.22  3.79  3.59  3.34  2.91  2.24  1.91  1.32  0.64  0.40  0.26  0.14  0.05  0.03  0.02
 2 -85  0.03  0.09  0.15  0.30  0.60  0.89  1.43  2.65  3.88  4.69  5.66  5.64  5.12  4.37  3.95  3.72  3.40  2.83  2.12  1.80  1.24  0.58  0.37  0.24  0.14  0.04  0.03  0.02
 2 -80  0.03  0.09  0.15  0.30  0.60  0.89  1.43  2.65  3.86  4.68  5.70  5.70  5.17  4.39  3.97  3.74  3.40  2.82  2.11  1.78  1.22  0.58  0.37  0.23  0.13  0.04  0.03  0.02
 2 -75  0.03  0.09  0.15  0.30  0.59  0.88  1.42  2.62  3.84  4.70  5.86  6.13  5.70  4.91  4.39  4.09  3.60  2.82  2.10  1.76  1.19  0.55  0.36  0.22  0.12  0.04  0.03  0.02
 2 -70  0.03  0.09  0.15  0.30  0.59  0.87  1.41  2.59  3.83  4.74  6.04  6.57  6.25  5.44  4.82  4.44  3.80  2.83  2.09  1.74  1.15  0.53  0.35  0.21  0.11  0.04  0.03  0.02
 2 -65  0.03  0.09  0.15  0.30  0.60  0.88  1.43  2.64  3.90  4.83  6.27  7.07  6.89  6.11  5.38  4.91  4.06  2.80  1.98  1.64  1.07  0.50  0.33  0.20  0.08  0.04  0.03  0.02
 2 -60  0.03  0.09  0.16  0.31  0.61  0.90  1.45  2.68  3.95  4.91  6.47  7.53  7.50  6.78  5.94  5.38  4.32  2.78  1.88  1.54  1.00  0.47  0.31  0.18  0.08  0.05  0.03  0.03
 2 -55  0.03  0.10  0.16  0.32  0.63  0.93  1.51  2.77  4.07  5.01  6.59  7.83  7.96  7.45  6.53  5.90  4.28  2.59  1.61  1.31  0.79  0.38  0.25  0.15  0.07  0.04  0.03  0.03
 2 -50  0.03  0.10  0.16  0.32  0.64  0.94  1.52  2.78  4.06  4.97  6.62  8.13  8.46  8.00  7.03  6.37  4.22  2.36  1.25  1.00  0.57  0.29  0.17  0.09  0.06  0.04  0.04  0.03
 2 -45  0.03  0.10  0.16  0.32  0.63  0.94  1.52  2.86  4.14  5.07  6.77  8.36  8.80  8.42  7.28  6.50  4.24  2.25  1.17  0.93  0.50  0.25  0.12  0.07  0.05  0.04  0.04  0.03
 2 -40  0.03  0.10  0.16  0.32  0.63  0.94  1.54  2.93  4.21  5.15  6.88  8.58  9.11  8.84  7.52  6.63  4.26  2.12  1.09  0.84  0.43  0.20  0.09  0.06  0.05  0.04  0.04  0.03
 2 -35  0.03  0.10  0.16  0.32  0.63  0.94  1.55  2.97  4.31  5.27  7.04  8.79  9.35  9.09  7.70  6.74  4.19  1.87  0.88  0.68  0.32  0.13  0.07  0.05  0.05  0.04  0.04  0.04
 2 -30  0.03  0.10  0.16  0.32  0.63  0.95  1.56  3.02  4.37  5.35  7.17  8.98  9.58  9.38  7.87  6.83  4.11  1.64  0.68  0.51  0.23  0.09  0.06  0.05  0.04  0.04  0.04  0.04
 2 -25  0.03  0.10  0.16  0.32  0.63  0.94  1.55  3.01  4.39  5.39  7.26  9.21  9.88  9.72  8.02  6.84  4.01  1.51  0.56  0.42  0.18  0.06  0.04  0.04  0.04  0.04  0.04  0.04
 2 -20  0.03  0.09  0.15  0.31  0.61  0.91  1.52  3.02  4.40  5.40  7.37  9.46 10.17 10.03  8.15  6.84  3.92  1.38  0.44  0.33  0.14  0.05  0.04  0.04  0.04  0.04  0.04  0.04
 2 -15  0.03  0.09  0.15  0.30  0.60  0.90  1.50  2.98  4.37  5.42  7.47  9.65 10.39 10.26  8.31  6.96  3.87  1.27  0.40  0.30  0.13  0.04  0.03  0.03  0.03  0.04  0.04  0.03
 2 -10  0.03  0.09  0.15  0.29  0.59  0.88  1.47  2.94  4.37  5.42  7.57  9.88 10.68 10.51  8.49  7.08  3.81  1.16  0.36  0.28  0.08  0.04  0.03  0.03  0.03  0.04  0.03  0.03
 2  -5  0.03  0.09  0.15  0.29  0.58  0.87  1.46  2.93  4.34  5.40  7.54  9.89 10.65 10.45  8.25  6.71  3.69  1.15  0.35  0.28  0.07  0.04  0.03  0.03  0.03  0.03  0.03  0.03
 2   0  0.03  0.09  0.16  0.31  0.62  0.92  1.51  2.87  4.30  5.36  7.52  9.82 10.55 10.34  7.99  6.34  3.57  1.15  0.35  0.29  0.06  0.04  0.03  0.03  0.03  0.04  0.04  0.03
 2   5  0.03  0.09  0.16  0.31  0.62  0.92  1.51  2.90  4.33  5.41  7.47  9.65 10.32 10.06  7.98  6.54  3.69  1.26  0.41  0.32  0.06  0.04  0.03  0.03  0.03  0.04  0.04  0.04
 2  10  0.03  0.09  0.16  0.31  0.62  0.92  1.51  2.93  4.40  5.48  7.49  9.50 10.09  9.80  7.99  6.76  3.83  1.37  0.47  0.36  0.06  0.04  0.04  0.04  0.04  0.04  0.05  0.05
 2  15  0.03  0.09  0.16  0.31  0.62  0.93  1.53  2.98  4.43  5.51  7.45  9.26  9.76  9.44  7.84  6.75  3.99  1.47  0.50  0.38  0.07  0.04  0.04  0.04  0.04  0.05  0.05  0.05
 2  20  0.03  0.10  0.16  0.33  0.64  0.96  1.57  3.00  4.47  5.54  7.41  9.02  9.38  9.05  7.69  6.76  4.15  1.55  0.53  0.39  0.09  0.05  0.05  0.05  0.05  0.05  0.05  0.05
 2  25  0.03  0.10  0.17  0.33  0.65  0.98  1.60  3.09  4.58  5.70  7.47  8.76  8.96  8.58  7.44  6.65  4.45  1.75  0.67  0.51  0.21  0.07  0.06  0.06  0.05  0.05  0.05  0.05
 2  30  0.04  0.11  0.17  0.35  0.69  1.02  1.67  3.15  4.71  5.83  7.50  8.52  8.52  8.08  7.15  6.53  4.73  2.00  0.84  0.64  0.29  0.18  0.10  0.08  0.07  0.06  0.05  0.05
 2  35  0.04  0.11  0.18  0.37  0.72  1.07  1.74  3.27  4.90  6.06  7.54  8.26  8.14  7.65  6.93  6.47  5.03  2.57  1.26  0.98  0.51  0.33  0.23  0.11  0.08  0.06  0.05  0.05
 2  40  0.04  0.12  0.19  0.39  0.76  1.13  1.83  3.40  5.11  6.31  7.59  8.01  7.76  7.26  6.73  6.39  5.32  3.13  1.67  1.33  0.75  0.49  0.31  0.16  0.10  0.06  0.05  0.05
 2  45  0.04  0.12  0.20  0.40  0.79  1.17  1.91  3.58  5.32  6.49  7.52  7.77  7.50  7.00  6.58  6.35  5.44  3.43  2.01  1.63  1.01  0.60  0.36  0.21  0.11  0.06  0.06  0.05
 2  50  0.04  0.12  0.21  0.41  0.82  1.22  1.99  3.78  5.50  6.64  7.48  7.55  7.27  6.81  6.48  6.30  5.56  3.73  2.33  1.94  1.27  0.71  0.41  0.23  0.11  0.07  0.06  0.05
 2  55  0.04  0.13  0.22  0.43  0.85  1.27  2.07  3.90  5.50  6.56  7.29  7.37  7.10  6.70  6.34  6.11  5.52  3.80  2.48  2.08  1.43  0.76  0.45  0.25  0.12  0.07  0.06  0.05
 2  60  0.05  0.14  0.23  0.45  0.90  1.33  2.17  4.11  5.72  6.76  7.33  7.29  6.99  6.56  6.24  6.03  5.55  3.94  2.67  2.26  1.58  0.81  0.48  0.27  0.12  0.07  0.06  0.05
 2  65  0.05  0.14  0.23  0.46  0.90  1.34  2.18  4.09  5.57  6.52  7.10  7.20  6.99  6.64  6.25  5.99  5.41  3.83  2.75  2.34  1.68  0.86  0.47  0.27  0.12  0.07  0.06  0.05
 2  70  0.05  0.14  0.23  0.46  0.90  1.33  2.17  4.06  5.39  6.27  6.87  7.11  7.00  6.71  6.26  5.93  5.26  3.72  2.81  2.42  1.78  0.90  0.46  0.28  0.12  0.07  0.06  0.05
 2  75  0.05  0.14  0.23  0.45  0.89  1.32  2.14  3.98  5.12  5.89  6.73  7.30  7.31  7.02  6.47  6.08  5.28  3.66  2.85  2.45  1.81  0.94  0.48  0.28  0.13  0.07  0.06  0.05
 2  80  0.05  0.14  0.22  0.45  0.88  1.30  2.11  3.90  4.85  5.50  6.59  7.47  7.61  7.34  6.69  6.21  5.28  3.61  2.88  2.49  1.84  0.97  0.50  0.28  0.14  0.07  0.06  0.05
 2  85  0.05  0.13  0.22  0.44  0.88  1.30  2.10  3.87  4.83  5.48  6.57  7.46  7.63  7.36  6.71  6.22  5.29  3.60  2.88  2.48  1.83  0.97  0.50  0.28  0.14  0.07  0.06  0.05
 2  90  0.04  0.13  0.22  0.44  0.87  1.28  2.08  3.83  4.80  5.47  6.60  7.55  7.73  7.47  6.84  6.35  5.37  3.62  2.90  2.50  1.85  1.00  0.51  0.28  0.14  0.07  0.06  0.05
 3 -90  0.05  0.13  0.22  0.44  0.87  1.29  2.06  3.73  4.77  5.41  5.43  5.12  4.75  4.24  3.69  3.37  3.34  2.69  2.16  1.85  1.29  0.62  0.37  0.22  0.11  0.04  0.03  0.02
 3 -85  0.05  0.14  0.23  0.45  0.88  1.30  2.09  3.78  4.90  5.59  5.66  5.30  4.90  4.36  3.81  3.47  3.42  2.71  2.11  1.80  1.24  0.58  0.34  0.21  0.11  0.04  0.03  0.02
 3 -80  0.05  0.14  0.23  0.45  0.88  1.30  2.08  3.76  4.95  5.69  5.76  5.35  4.91  4.35  3.80  3.47  3.43  2.72  2.11  1.79  1.24  0.58  0.34  0.21  0.11  0.04  0.03  0.02
 3 -75  0.04  0.13  0.22  0.43  0.84  1.24  1.99  3.60  5.00  5.89  6.29  5.93  5.41  4.75  4.12  3.73  3.54  2.74  2.08  1.75  1.18  0.56  0.33  0.20  0.10  0.04  0.03  0.02
 3 -70  0.04  0.12  0.20  0.41  0.80  1.18  1.89  3.43  5.00  6.05  6.81  6.51  5.92  5.15  4.44  3.99  3.63  2.76  2.06  1.71  1.13  0.54  0.32  0.19  0.09  0.04  0.03  0.02
 3 -65  0.04  0.12  0.20  0.39  0.77  1.14  1.83  3.33  4.95  6.07  7.10  7.04  6.51  5.72  5.05  4.62  3.84  2.76  1.95  1.61  1.05  0.51  0.30  0.18  0.09  0.05  0.03  0.03
 3 -60  0.04  0.11  0.19  0.38  0.75  1.10  1.77  3.23  4.87  6.05  7.35  7.56  7.12  6.30  5.66  5.25  4.05  2.74  1.83  1.50  0.98  0.47  0.28  0.17  0.08  0.05  0.03  0.03
 3 -55  0.04  0.11  0.19  0.38  0.74  1.10  1.77  3.22  4.86  6.01  7.42  7.91  7.61  6.92  6.23  5.78  4.28  2.63  1.61  1.31  0.81  0.38  0.23  0.14  0.07  0.04  0.03  0.03
 3 -50  0.04  0.11  0.19  0.37  0.73  1.07  1.73  3.13  4.69  5.80  7.38  8.24  8.13  7.42  6.70  6.25  4.49  2.48  1.30  1.05  0.63  0.28  0.17  0.08  0.06  0.04  0.04  0.03
 3 -45  0.04  0.11  0.18  0.36  0.71  1.04  1.69  3.12  4.65  5.75  7.41  8.47  8.51  7.89  6.82  6.14  4.33  2.34  1.19  0.95  0.55  0.24  0.11  0.06  0.05  0.04  0.04  0.03
 3 -40  0.04  0.11  0.18  0.35  0.69  1.03  1.67  3.11  4.60  5.69  7.40  8.67  8.86  8.37  6.98  6.05  4.17  2.19  1.07  0.85  0.47  0.20  0.09  0.06  0.05  0.04  0.04  0.03
 3 -35  0.03  0.10  0.17  0.34  0.68  1.00  1.64  3.10  4.60  5.68  7.45  8.85  9.15  8.77  7.51  6.64  4.20  1.96  0.87  0.67  0.34  0.13  0.07  0.05  0.04  0.04  0.04  0.03
 3 -30  0.03  0.10  0.17  0.34  0.67  0.99  1.62  3.09  4.58  5.66  7.47  9.02  9.44  9.18  8.02  7.21  4.23  1.73  0.66  0.50  0.22  0.09  0.05  0.04  0.04  0.04  0.04  0.04
 3 -25  0.03  0.10  0.16  0.33  0.65  0.97  1.59  3.05  4.50  5.54  7.37  9.15  9.72  9.59  8.22  7.24  4.10  1.48  0.51  0.38  0.15  0.06  0.04  0.04  0.04  0.04  0.04  0.03
 3 -20  0.03  0.09  0.16  0.31  0.63  0.93  1.54  3.01  4.39  5.39  7.29  9.32 10.02  9.95  8.38  7.28  3.99  1.23  0.37  0.27  0.10  0.04  0.03  0.03  0.04  0.04  0.04  0.03
 3 -15  0.03  0.09  0.15  0.31  0.61  0.91  1.51  2.95  4.26  5.25  7.16  9.36 10.24 10.28  8.44  7.16  3.94  1.20  0.36  0.27  0.11  0.04  0.03  0.03  0.03  0.04  0.04  0.03
 3 -10  0.03  0.09  0.15  0.30  0.60  0.90  1.48  2.89  4.15  5.08  7.03  9.46 10.50 10.60  8.52  7.04  3.89  1.18  0.36  0.27  0.11  0.03  0.03  0.03  0.03  0.03  0.03  0.03
 3  -5  0.03  0.09  0.15  0.30  0.59  0.89  1.46  2.87  4.09  5.00  6.93  9.44 10.52 10.62  8.46  6.94  3.85  1.17  0.36  0.28  0.06  0.03  0.03  0.03  0.03  0.03  0.03  0.03
 3   0  0.03  0.09  0.16  0.31  0.62  0.92  1.49  2.80  4.01  4.90  6.84  9.34 10.43 10.57  8.37  6.83  3.81  1.19  0.36  0.28  0.13  0.03  0.03  0.03  0.03  0.03  0.03  0.03
 3   5  0.03  0.09  0.16  0.31  0.62  0.92  1.50  2.85  4.09  5.02  6.92  9.32 10.32 10.34  8.32  6.92  3.89  1.28  0.41  0.32  0.06  0.03  0.03  0.03  0.03  0.04  0.04  0.04
 3  10  0.03  0.09  0.15  0.31  0.61  0.91  1.50  2.90  4.21  5.18  7.06  9.32 10.20 10.16  8.28  7.02  3.96  1.36  0.45  0.35  0.06  0.04  0.03  0.03  0.04  0.04  0.05  0.05
 3  15  0.03  0.09  0.16  0.31  0.62  0.92  1.52  2.97  4.29  5.29  7.12  9.20  9.94  9.82  8.01  6.80  4.03  1.41  0.46  0.35  0.07  0.04  0.04  0.04  0.04  0.05  0.05  0.05
 3  20  0.03  0.10  0.16  0.32  0.64  0.96  1.57  3.00  4.39  5.40  7.22  9.05  9.63  9.44  7.72  6.57  4.10  1.46  0.47  0.36  0.15  0.05  0.05  0.05  0.05  0.05  0.05  0.05
 3  25  0.03  0.10  0.16  0.33  0.65  0.97  1.59  3.06  4.48  5.56  7.37  8.93  9.32  9.04  7.57  6.59  4.36  1.76  0.66  0.51  0.25  0.07  0.06  0.06  0.06  0.06  0.05  0.05
 3  30  0.03  0.10  0.17  0.34  0.67  1.00  1.63  3.10  4.59  5.69  7.48  8.80  8.99  8.62  7.39  6.59  4.62  2.13  0.87  0.68  0.36  0.21  0.11  0.09  0.07  0.06  0.06  0.05
 3  35  0.04  0.11  0.18  0.35  0.69  1.03  1.67  3.14  4.72  5.88  7.63  8.69  8.69  8.21  7.20  6.55  4.76  2.59  1.28  1.04  0.62  0.36  0.25  0.12  0.08  0.06  0.06  0.05
 3  40  0.04  0.11  0.18  0.37  0.72  1.07  1.72  3.18  4.87  6.10  7.81  8.58  8.39  7.83  7.04  6.51  4.90  3.06  1.69  1.40  0.88  0.52  0.33  0.17  0.10  0.07  0.06  0.05
 3  45  0.04  0.11  0.19  0.37  0.73  1.08  1.76  3.28  5.04  6.29  7.84  8.38  8.11  7.51  6.79  6.34  5.13  3.36  2.00  1.67  1.09  0.65  0.39  0.22  0.12  0.07  0.06  0.05
 3  50  0.04  0.11  0.19  0.37  0.74  1.10  1.79  3.39  5.19  6.46  7.89  8.21  7.86  7.25  6.59  6.17  5.36  3.66  2.30  1.93  1.30  0.78  0.46  0.26  0.13  0.07  0.06  0.06
 3  55  0.04  0.12  0.19  0.39  0.76  1.13  1.85  3.48  5.24  6.48  7.75  7.99  7.62  7.03  6.44  6.06  5.38  3.80  2.49  2.10  1.45  0.85  0.51  0.28  0.14  0.07  0.06  0.06
 3  60  0.04  0.12  0.20  0.41  0.80  1.19  1.94  3.65  5.51  6.77  7.84  7.89  7.44  6.79  6.33  6.06  5.47  4.00  2.73  2.30  1.60  0.92  0.55  0.31  0.14  0.08  0.06  0.06
 3  65  0.04  0.13  0.21  0.42  0.83  1.23  2.00  3.76  5.52  6.69  7.61  7.65  7.24  6.64  6.18  5.91  5.37  4.03  2.84  2.43  1.75  0.98  0.59  0.33  0.14  0.08  0.06  0.06
 3  70  0.04  0.13  0.22  0.43  0.86  1.27  2.06  3.87  5.51  6.60  7.39  7.42  7.04  6.49  6.04  5.76  5.28  4.07  2.95  2.56  1.90  1.04  0.62  0.36  0.15  0.08  0.06  0.06
 3  75  0.04  0.13  0.22  0.44  0.86  1.27  2.07  3.87  5.37  6.38  7.15  7.35  7.09  6.63  6.03  5.64  5.21  4.12  3.01  2.61  1.95  1.08  0.62  0.36  0.15  0.08  0.06  0.06
 3  80  0.04  0.13  0.22  0.44  0.86  1.28  2.07  3.86  5.22  6.15  6.91  7.27  7.14  6.78  6.01  5.51  5.13  4.15  3.07  2.66  1.99  1.11  0.61  0.35  0.14  0.08  0.06  0.06
 3  85  0.04  0.13  0.22  0.44  0.86  1.28  2.07  3.85  5.20  6.12  6.89  7.26  7.14  6.80  6.04  5.54  5.16  4.16  3.08  2.67  1.99  1.11  0.61  0.35  0.14  0.08  0.06  0.06
 3  90  0.04  0.13  0.22  0.43  0.85  1.26  2.04  3.79  5.06  5.94  6.70  7.16  7.14  6.89  6.17  5.68  5.29  4.25  3.15  2.74  2.04  1.15  0.62  0.35  0.14  0.08  0.06  0.06
 4 -90  0.06  0.17  0.28  0.55  1.08  1.57  2.46  4.17  4.85  5.27  5.42  5.12  4.71  4.14  3.52  3.18  2.90  2.85  2.20  1.85  1.24  0.57  0.33  0.19  0.09  0.04  0.03  0.02
 4 -85  0.06  0.17  0.29  0.57  1.11  1.61  2.54  4.32  5.05  5.50  5.64  5.33  4.89  4.28  3.62  3.26  2.97  2.88  2.18  1.82  1.21  0.54  0.32  0.19  0.09  0.04  0.03  0.03
 4 -80  0.06  0.18  0.29  0.58  1.12  1.64  2.57  4.38  5.12  5.57  5.70  5.35  4.89  4.27  3.62  3.25  2.97  2.89  2.18  1.81  1.20  0.54  0.32  0.19  0.10  0.04  0.03  0.03
 4 -75  0.06  0.17  0.28  0.56  1.10  1.61  2.54  4.40  5.49  6.18  6.30  5.85  5.32  4.66  4.02  3.66  3.34  2.89  2.15  1.78  1.19  0.52  0.31  0.18  0.09  0.04  0.03  0.03
 4 -70  0.06  0.17  0.28  0.55  1.07  1.57  2.49  4.38  5.83  6.78  6.89  6.32  5.75  5.06  4.45  4.09  3.71  2.89  2.12  1.76  1.19  0.51  0.30  0.18  0.08  0.04  0.03  0.03
 4 -65  0.05  0.16  0.27  0.52  1.03  1.51  2.41  4.29  5.92  6.99  7.28  6.80  6.25  5.56  5.01  4.66  4.00  2.88  2.01  1.66  1.10  0.47  0.27  0.16  0.08  0.04  0.03  0.03
 4 -60  0.05  0.15  0.25  0.50  0.98  1.45  2.32  4.18  5.98  7.18  7.66  7.27  6.74  6.04  5.55  5.21  4.27  2.87  1.89  1.56  1.01  0.43  0.24  0.14  0.08  0.04  0.03  0.03
 4 -55  0.05  0.15  0.24  0.48  0.94  1.39  2.22  4.02  5.90  7.13  7.81  7.62  7.15  6.53  6.13  5.85  4.54  2.73  1.68  1.36  0.82  0.36  0.19  0.12  0.07  0.04  0.03  0.03
 4 -50  0.05  0.14  0.23  0.45  0.89  1.31  2.10  3.79  5.65  6.91  7.88  7.99  7.60  6.89  6.62  6.44  4.77  2.57  1.39  1.10  0.61  0.29  0.13  0.08  0.06  0.04  0.03  0.03
 4 -45  0.04  0.13  0.21  0.42  0.83  1.23  1.98  3.62  5.43  6.68  7.90  8.25  7.96  7.28  6.66  6.26  4.58  2.39  1.29  1.02  0.57  0.25  0.13  0.07  0.05  0.04  0.03  0.03
 4 -40  0.04  0.12  0.20  0.40  0.79  1.17  1.88  3.44  5.21  6.44  7.89  8.51  8.33  7.70  6.74  6.10  4.39  2.21  1.20  0.95  0.52  0.22  0.09  0.06  0.04  0.04  0.03  0.03
 4 -35  0.04  0.11  0.19  0.38  0.75  1.11  1.79  3.33  5.03  6.25  7.84  8.75  8.73  8.22  6.99  6.14  4.21  1.97  1.00  0.79  0.42  0.17  0.08  0.05  0.04  0.04  0.03  0.03
 4 -30  0.04  0.11  0.18  0.36  0.72  1.06  1.72  3.22  4.85  6.02  7.76  8.96  9.14  8.76  7.26  6.19  4.02  1.73  0.81  0.63  0.32  0.09  0.06  0.04  0.04  0.04  0.04  0.03
 4 -25  0.04  0.11  0.18  0.35  0.69  1.02  1.67  3.14  4.68  5.78  7.54  9.04  9.45  9.25  7.68  6.55  4.02  1.52  0.61  0.46  0.22  0.06  0.04  0.04  0.04  0.04  0.04  0.03
 4 -20  0.03  0.10  0.17  0.33  0.66  0.99  1.61  3.07  4.48  5.50  7.31  9.15  9.77  9.71  8.08  6.90  4.02  1.32  0.40  0.30  0.12  0.04  0.03  0.03  0.03  0.04  0.04  0.03
 4 -15  0.03  0.10  0.16  0.33  0.65  0.96  1.58  3.02  4.34  5.31  7.08  9.09  9.92 10.03  8.31  7.07  4.01  1.23  0.37  0.28  0.12  0.04  0.03  0.03  0.03  0.03  0.03  0.03
 4 -10  0.03  0.10  0.16  0.32  0.64  0.95  1.55  2.96  4.21  5.12  6.89  9.08 10.10 10.35  8.54  7.25  3.98  1.15  0.34  0.26  0.11  0.03  0.03  0.03  0.03  0.03  0.03  0.03
 4  -5  0.03  0.10  0.16  0.32  0.63  0.94  1.54  2.93  4.15  5.03  6.77  9.05 10.14 10.41  8.57  7.26  4.00  1.16  0.33  0.26  0.12  0.03  0.03  0.03  0.03  0.03  0.03  0.03
 4   0  0.03  0.10  0.16  0.32  0.64  0.95  1.54  2.89  4.08  4.92  6.65  8.94 10.07 10.40  8.56  7.26  4.03  1.19  0.33  0.26  0.12  0.03  0.03  0.03  0.03  0.03  0.03  0.03
 4   5  0.03  0.10  0.16  0.32  0.64  0.94  1.54  2.92  4.14  5.05  6.79  9.04 10.04 10.18  8.45  7.23  4.10  1.29  0.50  0.37  0.14  0.03  0.03  0.03  0.03  0.04  0.04  0.03
 4  10  0.03  0.10  0.16  0.32  0.63  0.93  1.53  2.95  4.25  5.21  7.00  9.15 10.00 10.03  8.35  7.20  4.18  1.39  0.66  0.48  0.16  0.04  0.03  0.03  0.03  0.04  0.04  0.04
 4  15  0.03  0.10  0.16  0.32  0.63  0.94  1.54  2.99  4.31  5.30  7.11  9.12  9.85  9.77  8.14  7.03  4.18  1.45  0.69  0.50  0.16  0.04  0.04  0.04  0.04  0.05  0.05  0.05
 4  20  0.03  0.10  0.16  0.33  0.65  0.96  1.57  3.01  4.38  5.39  7.24  9.08  9.64  9.47  7.90  6.84  4.18  1.51  0.72  0.52  0.17  0.06  0.05  0.05  0.05  0.05  0.05  0.05
 4  25  0.03  0.10  0.16  0.33  0.65  0.96  1.58  3.01  4.40  5.44  7.30  9.02  9.48  9.22  7.78  6.84  4.37  1.74  0.82  0.62  0.27  0.09  0.07  0.06  0.06  0.06  0.06  0.05
 4  30  0.03  0.10  0.16  0.33  0.65  0.97  1.58  3.01  4.42  5.47  7.35  8.96  9.28  8.94  7.64  6.81  4.56  2.02  0.95  0.74  0.38  0.18  0.11  0.08  0.07  0.06  0.06  0.05
 4  35  0.03  0.10  0.17  0.33  0.65  0.97  1.58  2.97  4.40  5.48  7.36  8.89  9.09  8.64  7.45  6.70  4.59  2.37  1.27  1.03  0.62  0.38  0.19  0.11  0.08  0.06  0.06  0.05
 4  40  0.03  0.10  0.17  0.34  0.66  0.98  1.58  2.93  4.42  5.52  7.44  8.80  8.87  8.35  7.28  6.60  4.62  2.73  1.60  1.33  0.87  0.54  0.33  0.14  0.09  0.07  0.06  0.05
 4  45  0.03  0.10  0.17  0.33  0.66  0.97  1.58  2.94  4.46  5.59  7.45  8.64  8.63  8.02  7.01  6.36  4.71  3.00  1.86  1.55  1.04  0.65  0.39  0.19  0.11  0.07  0.06  0.05
 4  50  0.03  0.10  0.16  0.33  0.65  0.96  1.57  2.97  4.52  5.66  7.50  8.51  8.41  7.75  6.76  6.13  4.79  3.28  2.11  1.77  1.20  0.75  0.46  0.26  0.13  0.07  0.06  0.05
 4  55  0.03  0.10  0.17  0.33  0.65  0.97  1.58  2.98  4.52  5.67  7.43  8.31  8.12  7.45  6.48  5.85  4.92  3.48  2.28  1.93  1.34  0.81  0.51  0.29  0.14  0.08  0.06  0.06
 4  60  0.03  0.10  0.17  0.34  0.67  1.00  1.63  3.07  4.76  5.96  7.60  8.21  7.90  7.13  6.25  5.68  5.12  3.74  2.51  2.12  1.48  0.86  0.56  0.32  0.15  0.08  0.06  0.06
 4  65  0.03  0.10  0.17  0.34  0.68  1.01  1.65  3.12  4.80  5.96  7.40  7.85  7.50  6.76  6.05  5.61  5.09  3.80  2.68  2.26  1.58  0.96  0.64  0.37  0.16  0.08  0.06  0.06
 4  70  0.04  0.11  0.18  0.35  0.69  1.03  1.67  3.17  4.82  5.95  7.19  7.48  7.11  6.39  5.86  5.56  5.08  3.86  2.84  2.40  1.68  1.06  0.72  0.42  0.19  0.08  0.06  0.06
 4  75  0.04  0.11  0.18  0.36  0.71  1.05  1.72  3.25  4.82  5.86  6.83  7.02  6.67  6.04  5.68  5.51  5.10  3.97  2.95  2.51  1.79  1.11  0.72  0.42  0.18  0.08  0.06  0.06
 4  80  0.04  0.11  0.18  0.37  0.73  1.08  1.77  3.34  4.82  5.76  6.48  6.56  6.23  5.69  5.50  5.45  5.10  4.08  3.06  2.62  1.91  1.17  0.73  0.42  0.17  0.08  0.06  0.06
 4  85  0.04  0.11  0.19  0.37  0.73  1.09  1.78  3.37  4.83  5.74  6.43  6.53  6.22  5.69  5.51  5.46  5.12  4.10  3.07  2.64  1.91  1.17  0.73  0.42  0.17  0.09  0.06  0.06
 4  90  0.04  0.11  0.19  0.37  0.73  1.08  1.76  3.33  4.79  5.69  6.37  6.50  6.25  5.73  5.58  5.56  5.24  4.19  3.15  2.71  1.95  1.18  0.74  0.42  0.17  0.09  0.06  0.06
 5 -90  0.06  0.18  0.29  0.58  1.11  1.60  2.46  3.86  4.69  5.28  5.29  5.09  4.51  3.83  3.57  3.49  3.37  2.78  2.12  1.76  1.15  0.51  0.28  0.15  0.06  0.04  0.03  0.03
 5 -85  0.06  0.18  0.30  0.59  1.14  1.64  2.53  4.00  4.93  5.57  5.57  5.24  4.62  3.92  3.65  3.56  3.43  2.82  2.11  1.75  1.14  0.50  0.28  0.16  0.06  0.04  0.03  0.03
 5 -80  0.06  0.18  0.30  0.60  1.15  1.66  2.56  4.06  5.02  5.67  5.66  5.25  4.62  3.91  3.65  3.55  3.43  2.83  2.12  1.75  1.15  0.51  0.28  0.16  0.06  0.04  0.03  0.03
 5 -75  0.06  0.18  0.30  0.59  1.15  1.66  2.57  4.17  5.30  6.07  6.22  5.87  5.31  4.60  4.12  3.88  3.56  2.73  1.98  1.64  1.08  0.48  0.27  0.16  0.06  0.04  0.03  0.03
 5 -70  0.06  0.18  0.30  0.59  1.14  1.66  2.60  4.31  5.62  6.47  6.76  6.45  5.96  5.28  4.60  4.21  3.69  2.65  1.85  1.53  1.01  0.45  0.25  0.15  0.07  0.04  0.03  0.03
 5 -65  0.06  0.18  0.31  0.60  1.18  1.72  2.72  4.67  6.11  7.04  7.13  6.71  6.23  5.59  5.09  4.81  4.21  2.80  1.86  1.52  0.96  0.46  0.24  0.14  0.07  0.04  0.03  0.03
 5 -60  0.06  0.19  0.31  0.61  1.20  1.76  2.80  4.94  6.53  7.55  7.47  6.95  6.49  5.90  5.60  5.42  4.70  2.92  1.86  1.49  0.90  0.46  0.23  0.14  0.07  0.04  0.03  0.03
 5 -55  0.06  0.18  0.30  0.59  1.15  1.69  2.70  4.81  6.62  7.74  7.79  7.27  6.80  6.28  6.01  5.80  4.81  2.74  1.73  1.38  0.78  0.45  0.21  0.13  0.06  0.04  0.03  0.03
 5 -50  0.06  0.17  0.28  0.56  1.09  1.60  2.56  4.57  6.51  7.74  8.03  7.63  7.17  6.56  6.33  6.14  4.90  2.53  1.52  1.20  0.66  0.43  0.19  0.08  0.05  0.04  0.03  0.03
 5 -45  0.05  0.15  0.26  0.51  1.00  1.47  2.35  4.21  6.15  7.43  8.06  7.91  7.48  6.85  6.43  6.14  4.79  2.42  1.41  1.11  0.60  0.38  0.17  0.07  0.05  0.04  0.03  0.03
 5 -40  0.05  0.14  0.23  0.46  0.90  1.33  2.14  3.86  5.80  7.11  8.10  8.21  7.83  7.17  6.57  6.13  4.66  2.31  1.31  1.02  0.54  0.33  0.16  0.06  0.05  0.04  0.03  0.03
 5 -35  0.04  0.13  0.21  0.42  0.83  1.23  1.98  3.62  5.46  6.75  7.99  8.43  8.19  7.64  6.96  6.49  4.57  2.06  1.05  0.81  0.40  0.24  0.09  0.06  0.04  0.04  0.03  0.03
 5 -30  0.04  0.12  0.20  0.39  0.77  1.14  1.84  3.39  5.13  6.35  7.86  8.64  8.59  8.13  7.38  6.85  4.46  1.80  0.79  0.60  0.26  0.10  0.06  0.05  0.04  0.04  0.03  0.03
 5 -25  0.04  0.11  0.19  0.37  0.74  1.09  1.76  3.27  4.88  6.02  7.61  8.74  8.92  8.65  7.63  6.87  4.32  1.64  0.63  0.47  0.19  0.06  0.04  0.04  0.04  0.04  0.04  0.03
 5 -20  0.04  0.11  0.18  0.36  0.71  1.04  1.69  3.14  4.60  5.64  7.33  8.85  9.28  9.14  7.86  6.90  4.19  1.49  0.47  0.35  0.13  0.05  0.03  0.03  0.03  0.03  0.04  0.03
 5 -15  0.04  0.11  0.17  0.35  0.69  1.02  1.66  3.10  4.49  5.48  7.14  8.81  9.47  9.50  8.13  7.13  4.19  1.37  0.40  0.30  0.12  0.04  0.03  0.03  0.03  0.03  0.03  0.03
 5 -10  0.03  0.10  0.17  0.34  0.68  1.01  1.63  3.05  4.37  5.31  6.97  8.83  9.66  9.86  8.42  7.37  4.18  1.25  0.32  0.25  0.11  0.03  0.03  0.03  0.03  0.03  0.03  0.03
 5  -5  0.03  0.10  0.17  0.34  0.67  1.00  1.62  3.03  4.33  5.26  6.92  8.86  9.76  9.98  8.34  7.16  3.98  1.08  0.28  0.22  0.10  0.03  0.03  0.03  0.03  0.03  0.03  0.03
 5   0  0.03  0.10  0.17  0.34  0.67  0.99  1.61  3.02  4.29  5.21  6.87  8.85  9.78 10.04  8.23  6.95  3.78  0.93  0.25  0.20  0.10  0.03  0.03  0.03  0.03  0.03  0.03  0.03
 5   5  0.03  0.10  0.17  0.33  0.66  0.98  1.60  3.01  4.31  5.27  6.98  8.97  9.81  9.95  8.32  7.16  4.07  1.19  0.42  0.33  0.16  0.03  0.03  0.03  0.03  0.03  0.03  0.03
 5  10  0.03  0.10  0.16  0.33  0.65  0.96  1.58  3.03  4.38  5.37  7.13  9.11  9.86  9.91  8.42  7.37  4.35  1.45  0.58  0.46  0.22  0.04  0.03  0.03  0.03  0.04  0.04  0.03
 5  15  0.03  0.10  0.16  0.32  0.64  0.96  1.57  3.03  4.38  5.37  7.17  9.11  9.78  9.71  8.29  7.29  4.27  1.53  0.62  0.49  0.24  0.04  0.04  0.04  0.04  0.05  0.05  0.04
 5  20  0.03  0.10  0.17  0.33  0.65  0.97  1.58  3.01  4.37  5.38  7.23  9.09  9.66  9.49  8.13  7.20  4.19  1.61  0.66  0.52  0.26  0.06  0.05  0.05  0.05  0.05  0.05  0.05
 5  25  0.03  0.10  0.16  0.33  0.64  0.96  1.57  2.98  4.34  5.34  7.19  9.00  9.53  9.32  7.99  7.09  4.42  1.80  0.78  0.62  0.33  0.11  0.07  0.06  0.06  0.06  0.05  0.05
 5  30  0.03  0.10  0.16  0.32  0.63  0.94  1.55  2.95  4.30  5.30  7.14  8.90  9.37  9.12  7.83  6.97  4.64  2.01  0.91  0.73  0.41  0.17  0.09  0.07  0.06  0.06  0.06  0.05
 5  35  0.03  0.10  0.16  0.32  0.63  0.94  1.53  2.89  4.22  5.21  7.04  8.77  9.18  8.87  7.62  6.81  4.66  2.28  1.16  0.95  0.60  0.33  0.14  0.09  0.07  0.06  0.06  0.05
 5  40  0.03  0.10  0.16  0.32  0.63  0.94  1.52  2.83  4.18  5.17  7.01  8.64  8.98  8.62  7.42  6.65  4.67  2.56  1.41  1.18  0.78  0.47  0.22  0.12  0.08  0.06  0.06  0.05
 5  45  0.03  0.09  0.16  0.31  0.62  0.92  1.49  2.79  4.11  5.10  6.88  8.46  8.76  8.32  7.14  6.39  4.64  2.76  1.65  1.38  0.94  0.58  0.35  0.16  0.10  0.07  0.06  0.05
 5  50  0.03  0.09  0.15  0.30  0.60  0.89  1.45  2.76  4.07  5.04  6.81  8.30  8.55  8.04  6.87  6.13  4.61  2.95  1.88  1.59  1.10  0.69  0.43  0.20  0.12  0.07  0.06  0.05
 5  55  0.03  0.09  0.15  0.29  0.58  0.87  1.42  2.71  3.96  4.92  6.69  8.10  8.25  7.69  6.56  5.84  4.62  3.10  2.01  1.69  1.18  0.73  0.48  0.28  0.13  0.08  0.06  0.05
 5  60  0.03  0.09  0.15  0.30  0.59  0.87  1.43  2.73  4.09  5.09  6.80  7.99  8.00  7.30  6.28  5.64  4.68  3.31  2.19  1.83  1.25  0.77  0.53  0.31  0.15  0.08  0.06  0.05
 5  65  0.03  0.09  0.15  0.29  0.58  0.86  1.40  2.68  4.01  4.98  6.58  7.58  7.49  6.76  5.77  5.16  4.40  3.33  2.33  1.96  1.36  0.84  0.59  0.36  0.16  0.08  0.06  0.05
 5  70  0.03  0.09  0.14  0.29  0.57  0.84  1.38  2.63  3.93  4.87  6.37  7.18  6.98  6.21  5.25  4.67  4.12  3.35  2.46  2.08  1.47  0.92  0.66  0.42  0.24  0.09  0.06  0.06
 5  75  0.03  0.09  0.14  0.29  0.57  0.84  1.38  2.63  3.99  4.95  6.36  6.91  6.55  5.73  5.01  4.60  4.24  3.45  2.50  2.12  1.50  0.94  0.66  0.42  0.23  0.09  0.07  0.06
 5  80  0.03  0.09  0.14  0.28  0.56  0.84  1.37  2.61  4.03  5.04  6.37  6.64  6.12  5.26  4.78  4.54  4.35  3.55  2.55  2.17  1.54  0.96  0.66  0.42  0.23  0.09  0.07  0.06
 5  85  0.03  0.09  0.14  0.28  0.56  0.83  1.36  2.59  4.01  5.03  6.35  6.62  6.10  5.24  4.76  4.52  4.35  3.56  2.56  2.18  1.55  0.96  0.66  0.42  0.23  0.09  0.07  0.06
 5  90  0.03  0.08  0.14  0.28  0.55  0.82  1.33  2.53  3.92  4.95  6.32  6.59  6.07  5.22  4.71  4.47  4.36  3.61  2.58  2.18  1.52  0.94  0.67  0.43  0.23  0.09  0.07  0.06
 6 -90  0.06  0.18  0.29  0.57  1.09  1.57  2.37  3.56  4.64  5.41  5.39  5.43  5.17  4.63  4.21  3.99  3.39  2.82  2.07  1.73  1.18  0.46  0.20  0.09  0.05  0.04  0.03  0.03
 6 -85  0.06  0.18  0.30  0.58  1.11  1.60  2.43  3.68  4.85  5.68  5.72  5.58  5.25  4.71  4.29  4.06  3.46  2.85  2.08  1.74  1.17  0.45  0.21  0.09  0.05  0.04  0.03  0.03
 6 -80  0.06  0.18  0.30  0.58  1.12  1.61  2.45  3.70  4.89  5.74  5.80  5.64  5.28  4.71  4.29  4.06  3.46  2.86  2.08  1.74  1.17  0.45  0.21  0.09  0.05  0.04  0.03  0.03
 6 -75  0.06  0.18  0.30  0.59  1.13  1.63  2.50  3.87  5.10  5.97  6.23  6.18  5.80  5.19  4.60  4.25  3.63  2.85  2.05  1.71  1.16  0.44  0.20  0.09  0.06  0.04  0.03  0.03
 6 -70  0.06  0.18  0.30  0.60  1.15  1.67  2.57  4.11  5.40  6.30  6.70  6.66  6.28  5.65  4.90  4.44  3.81  2.86  2.03  1.70  1.16  0.44  0.20  0.10  0.06  0.04  0.03  0.03
 6 -65  0.06  0.19  0.31  0.61  1.18  1.71  2.67  4.41  5.81  6.75  6.96  6.73  6.33  5.73  5.21  4.89  4.22  2.96  2.04  1.69  1.14  0.48  0.24  0.10  0.06  0.04  0.03  0.03
 6 -60  0.06  0.19  0.31  0.61  1.19  1.73  2.73  4.65  6.15  7.13  7.16  6.77  6.36  5.79  5.49  5.32  4.60  3.04  2.03  1.67  1.10  0.51  0.27  0.10  0.06  0.04  0.03  0.03
 6 -55  0.06  0.18  0.30  0.60  1.18  1.72  2.74  4.81  6.54  7.63  7.54  6.99  6.55  6.09  5.88  5.72  4.76  2.88  1.86  1.53  0.97  0.49  0.28  0.10  0.06  0.04  0.03  0.03
 6 -50  0.06  0.18  0.30  0.59  1.16  1.70  2.71  4.81  6.69  7.89  7.81  7.25  6.82  6.32  6.21  6.09  4.89  2.69  1.61  1.32  0.83  0.46  0.29  0.09  0.05  0.04  0.03  0.03
 6 -45  0.05  0.16  0.27  0.54  1.06  1.55  2.48  4.41  6.33  7.60  7.97  7.63  7.18  6.61  6.28  6.02  4.82  2.59  1.51  1.23  0.78  0.43  0.26  0.08  0.05  0.04  0.03  0.03
 6 -40  0.05  0.15  0.24  0.48  0.95  1.39  2.23  4.02  5.99  7.33  8.16  8.06  7.61  6.95  6.39  5.97  4.73  2.48  1.41  1.15  0.72  0.39  0.24  0.08  0.05  0.04  0.03  0.03
 6 -35  0.04  0.13  0.22  0.44  0.86  1.27  2.04  3.71  5.57  6.85  7.97  8.25  7.95  7.39  6.77  6.31  4.81  2.23  1.11  0.89  0.53  0.29  0.12  0.07  0.05  0.04  0.03  0.03
 6 -30  0.04  0.12  0.20  0.40  0.78  1.15  1.86  3.42  5.14  6.35  7.79  8.45  8.34  7.86  7.16  6.64  4.86  1.98  0.81  0.64  0.36  0.19  0.08  0.06  0.05  0.04  0.04  0.03
 6 -25  0.04  0.12  0.19  0.38  0.75  1.11  1.80  3.29  4.92  6.07  7.61  8.53  8.60  8.27  7.41  6.77  4.65  1.75  0.63  0.49  0.25  0.07  0.05  0.04  0.04  0.04  0.04  0.04
 6 -20  0.04  0.11  0.19  0.37  0.73  1.08  1.74  3.17  4.67  5.75  7.39  8.63  8.89  8.63  7.63  6.89  4.43  1.53  0.46  0.35  0.15  0.05  0.04  0.04  0.04  0.04  0.04  0.04
 6 -15  0.04  0.11  0.18  0.36  0.71  1.05  1.71  3.16  4.61  5.66  7.29  8.68  9.10  8.97  7.78  6.93  4.23  1.42  0.44  0.33  0.14  0.04  0.03  0.03  0.03  0.04  0.04  0.04
 6 -10  0.04  0.11  0.18  0.36  0.71  1.05  1.70  3.12  4.55  5.56  7.20  8.76  9.33  9.35  7.97  6.98  4.03  1.30  0.41  0.31  0.14  0.04  0.03  0.03  0.03  0.03  0.04  0.03
 6  -5  0.04  0.11  0.18  0.36  0.71  1.04  1.69  3.11  4.53  5.55  7.19  8.84  9.52  9.55  8.16  7.19  4.09  1.23  0.37  0.29  0.14  0.03  0.03  0.03  0.03  0.03  0.03  0.03
 6   0  0.03  0.10  0.17  0.35  0.68  1.01  1.65  3.13  4.52  5.54  7.20  8.92  9.66  9.72  8.34  7.41  4.18  1.19  0.34  0.27  0.14  0.03  0.03  0.03  0.03  0.03  0.03  0.03
 6   5  0.03  0.10  0.17  0.35  0.68  1.01  1.65  3.11  4.51  5.54  7.27  9.03  9.69  9.72  8.37  7.44  4.35  1.35  0.46  0.37  0.19  0.04  0.03  0.03  0.03  0.03  0.03  0.03
 6  10  0.03  0.10  0.17  0.34  0.67  0.99  1.62  3.11  4.55  5.59  7.38  9.16  9.77  9.77  8.42  7.46  4.50  1.50  0.58  0.46  0.23  0.04  0.03  0.03  0.04  0.04  0.04  0.03
 6  15  0.03  0.10  0.17  0.34  0.66  0.99  1.62  3.10  4.52  5.55  7.36  9.14  9.71  9.60  8.22  7.25  4.40  1.57  0.61  0.48  0.25  0.05  0.04  0.04  0.04  0.05  0.04  0.04
 6  20  0.03  0.10  0.17  0.34  0.67  1.00  1.63  3.07  4.48  5.51  7.36  9.12  9.63  9.43  8.00  7.02  4.32  1.64  0.64  0.51  0.27  0.07  0.05  0.05  0.05  0.05  0.05  0.04
 6  25  0.03  0.10  0.17  0.33  0.66  0.98  1.60  3.03  4.42  5.43  7.26  9.00  9.50  9.28  8.00  7.15  4.48  1.78  0.69  0.55  0.29  0.10  0.06  0.06  0.06  0.06  0.05  0.04
 6  30  0.03  0.10  0.16  0.32  0.64  0.96  1.57  2.99  4.34  5.35  7.16  8.88  9.36  9.12  8.01  7.27  4.63  1.92  0.74  0.58  0.32  0.14  0.08  0.06  0.06  0.06  0.05  0.05
 6  35  0.03  0.10  0.16  0.32  0.64  0.94  1.54  2.91  4.23  5.21  7.00  8.69  9.13  8.87  7.72  6.96  4.61  2.18  1.00  0.81  0.47  0.21  0.10  0.08  0.07  0.06  0.05  0.05
 6  40  0.03  0.10  0.16  0.32  0.63  0.93  1.51  2.84  4.15  5.11  6.89  8.50  8.90  8.61  7.43  6.64  4.58  2.44  1.28  1.03  0.63  0.35  0.17  0.10  0.08  0.06  0.06  0.05
 6  45  0.03  0.09  0.15  0.31  0.61  0.90  1.47  2.77  4.03  4.96  6.68  8.26  8.64  8.31  7.13  6.37  4.58  2.60  1.48  1.22  0.78  0.46  0.27  0.14  0.09  0.07  0.06  0.05
 6  50  0.03  0.09  0.15  0.29  0.58  0.86  1.41  2.71  3.93  4.82  6.50  8.04  8.38  8.01  6.84  6.10  4.58  2.75  1.68  1.40  0.94  0.57  0.36  0.16  0.10  0.07  0.06  0.05
 6  55  0.03  0.08  0.14  0.28  0.56  0.83  1.36  2.63  3.76  4.62  6.27  7.78  8.05  7.63  6.53  5.81  4.40  2.84  1.76  1.46  0.99  0.60  0.40  0.18  0.11  0.07  0.06  0.05
 6  60  0.03  0.08  0.14  0.28  0.55  0.83  1.36  2.61  3.82  4.69  6.26  7.58  7.75  7.21  6.23  5.61  4.27  2.97  1.90  1.56  1.03  0.63  0.44  0.26  0.13  0.08  0.06  0.05
 6  65  0.03  0.08  0.14  0.27  0.54  0.80  1.31  2.53  3.71  4.55  6.03  7.22  7.28  6.66  5.68  5.05  3.97  2.96  2.00  1.66  1.12  0.67  0.49  0.29  0.14  0.08  0.06  0.05
 6  70  0.03  0.08  0.13  0.26  0.52  0.77  1.27  2.44  3.60  4.41  5.83  6.88  6.83  6.13  5.13  4.48  3.66  2.95  2.11  1.76  1.22  0.71  0.55  0.33  0.16  0.08  0.06  0.05
 6  75  0.03  0.08  0.13  0.25  0.50  0.74  1.22  2.34  3.53  4.36  5.82  6.71  6.53  5.76  4.87  4.29  3.69  2.99  2.15  1.82  1.27  0.74  0.57  0.35  0.18  0.09  0.07  0.05
 6  80  0.02  0.07  0.12  0.24  0.48  0.71  1.17  2.24  3.46  4.30  5.80  6.56  6.24  5.40  4.61  4.10  3.72  3.02  2.20  1.87  1.33  0.76  0.58  0.37  0.20  0.09  0.07  0.05
 6  85  0.02  0.07  0.12  0.24  0.48  0.71  1.16  2.22  3.43  4.28  5.76  6.52  6.21  5.39  4.59  4.09  3.71  3.02  2.20  1.87  1.34  0.77  0.59  0.37  0.20  0.09  0.07  0.05
 6  90  0.02  0.07  0.12  0.24  0.47  0.70  1.15  2.19  3.35  4.17  5.64  6.41  6.15  5.38  4.55  4.03  3.64  3.00  2.17  1.84  1.32  0.76  0.60  0.38  0.20  0.09  0.07  0.05
 7 -90  0.05  0.16  0.26  0.51  0.97  1.38  2.06  2.92  4.10  4.92  5.29  5.54  5.46  5.01  4.48  4.08  3.64  2.79  2.05  1.69  1.10  0.45  0.18  0.08  0.05  0.03  0.03  0.03
 7 -85  0.05  0.16  0.27  0.52  1.00  1.42  2.13  3.06  4.31  5.17  5.59  5.74  5.58  5.05  4.56  4.19  3.75  2.86  2.09  1.71  1.11  0.44  0.18  0.08  0.05  0.03  0.03  0.03
 7 -80  0.05  0.16  0.27  0.53  1.01  1.44  2.16  3.12  4.38  5.25  5.64  5.80  5.63  5.06  4.57  4.20  3.77  2.88  2.10  1.71  1.11  0.44  0.19  0.08  0.05  0.03  0.03  0.03
 7 -75  0.05  0.16  0.26  0.50  0.96  1.37  2.07  3.03  4.35  5.25  5.85  6.29  6.20  5.62  4.85  4.31  3.68  2.89  2.11  1.73  1.14  0.45  0.19  0.08  0.05  0.03  0.03  0.03
 7 -70  0.05  0.15  0.24  0.48  0.91  1.31  1.99  2.99  4.38  5.34  6.17  6.82  6.74  6.13  5.11  4.41  3.62  2.92  2.13  1.76  1.17  0.46  0.20  0.09  0.05  0.04  0.03  0.03
 7 -65  0.05  0.15  0.25  0.50  0.96  1.39  2.15  3.45  4.95  6.00  6.70  6.97  6.66  5.99  5.35  4.95  4.21  3.07  2.13  1.76  1.20  0.49  0.23  0.09  0.05  0.04  0.03  0.03
 7 -60  0.05  0.16  0.26  0.51  1.00  1.45  2.28  3.88  5.46  6.57  7.11  7.01  6.52  5.82  5.56  5.45  4.75  3.18  2.10  1.75  1.22  0.52  0.27  0.10  0.06  0.04  0.03  0.03
 7 -55  0.05  0.15  0.25  0.50  0.98  1.44  2.31  4.10  5.85  7.03  7.53  7.25  6.72  6.13  5.98  5.90  4.92  3.04  1.96  1.62  1.07  0.49  0.28  0.10  0.06  0.04  0.03  0.03
 7 -50  0.05  0.15  0.25  0.50  0.98  1.44  2.32  4.19  6.04  7.27  7.82  7.50  6.98  6.36  6.37  6.36  5.07  2.86  1.74  1.42  0.91  0.46  0.29  0.09  0.05  0.04  0.03  0.03
 7 -45  0.05  0.15  0.24  0.48  0.94  1.38  2.21  3.99  5.84  7.10  7.93  7.84  7.36  6.72  6.46  6.28  5.04  2.83  1.66  1.35  0.84  0.42  0.27  0.08  0.05  0.04  0.03  0.03
 7 -40  0.05  0.14  0.23  0.45  0.88  1.30  2.09  3.81  5.69  6.97  8.10  8.25  7.83  7.14  6.60  6.20  5.01  2.80  1.59  1.28  0.76  0.38  0.24  0.09  0.05  0.04  0.04  0.03
 7 -35  0.04  0.13  0.21  0.42  0.83  1.22  1.96  3.60  5.40  6.65  7.96  8.39  8.10  7.50  6.77  6.24  4.93  2.55  1.30  1.03  0.57  0.29  0.19  0.09  0.06  0.04  0.04  0.03
 7 -30  0.04  0.12  0.20  0.39  0.77  1.14  1.85  3.40  5.10  6.30  7.81  8.53  8.40  7.88  6.95  6.29  4.85  2.29  1.02  0.79  0.40  0.20  0.09  0.07  0.06  0.04  0.04  0.04
 7 -25  0.04  0.12  0.19  0.39  0.76  1.12  1.80  3.28  4.92  6.11  7.72  8.62  8.59  8.16  7.21  6.53  4.68  1.97  0.79  0.60  0.29  0.08  0.06  0.05  0.05  0.04  0.04  0.04
 7 -20  0.04  0.12  0.19  0.38  0.75  1.10  1.76  3.18  4.74  5.88  7.58  8.70  8.79  8.41  7.43  6.74  4.51  1.68  0.56  0.42  0.18  0.06  0.04  0.04  0.04  0.04  0.04  0.04
 7 -15  0.04  0.11  0.18  0.37  0.72  1.07  1.72  3.17  4.69  5.78  7.49  8.78  9.06  8.77  7.67  6.93  4.23  1.48  0.50  0.38  0.17  0.05  0.04  0.04  0.04  0.04  0.04  0.04
 7 -10  0.04  0.11  0.18  0.36  0.72  1.06  1.71  3.14  4.62  5.69  7.42  8.90  9.36  9.21  7.98  7.15  3.94  1.27  0.45  0.35  0.17  0.04  0.03  0.03  0.03  0.04  0.04  0.04
 7  -5  0.04  0.11  0.18  0.36  0.71  1.05  1.70  3.13  4.60  5.67  7.38  8.98  9.59  9.48  8.02  7.08  3.99  1.23  0.44  0.35  0.17  0.04  0.03  0.03  0.03  0.04  0.04  0.03
 7   0  0.03  0.10  0.17  0.34  0.68  1.01  1.65  3.16  4.60  5.67  7.41  9.11  9.78  9.71  8.09  7.04  4.07  1.22  0.44  0.35  0.18  0.04  0.03  0.03  0.03  0.03  0.03  0.03
 7   5  0.04  0.11  0.18  0.35  0.69  1.02  1.66  3.13  4.59  5.66  7.48  9.19  9.80  9.75  8.27  7.28  4.31  1.41  0.56  0.44  0.21  0.04  0.03  0.03  0.03  0.03  0.03  0.03
 7  10  0.03  0.10  0.17  0.34  0.67  1.00  1.64  3.14  4.62  5.70  7.56  9.31  9.87  9.82  8.46  7.50  4.53  1.61  0.68  0.52  0.23  0.04  0.03  0.03  0.03  0.04  0.03  0.03
 7  15  0.03  0.10  0.17  0.34  0.68  1.01  1.65  3.14  4.62  5.68  7.55  9.26  9.76  9.62  8.30  7.37  4.52  1.67  0.70  0.53  0.23  0.05  0.04  0.04  0.04  0.04  0.04  0.03
 7  20  0.04  0.11  0.18  0.35  0.69  1.02  1.66  3.13  4.59  5.65  7.55  9.23  9.65  9.44  8.13  7.22  4.52  1.73  0.72  0.55  0.24  0.06  0.05  0.05  0.05  0.05  0.05  0.04
 7  25  0.03  0.10  0.17  0.34  0.68  1.01  1.64  3.11  4.56  5.61  7.44  9.08  9.50  9.27  7.97  7.09  4.50  1.87  0.77  0.58  0.26  0.09  0.06  0.06  0.06  0.06  0.05  0.04
 7  30  0.03  0.10  0.17  0.34  0.67  0.99  1.62  3.10  4.51  5.56  7.36  8.95  9.33  9.09  7.82  6.96  4.47  2.01  0.81  0.61  0.27  0.11  0.07  0.06  0.06  0.06  0.05  0.04
 7  35  0.03  0.10  0.17  0.33  0.66  0.98  1.60  3.03  4.40  5.42  7.18  8.72  9.08  8.82  7.60  6.79  4.47  2.15  0.99  0.76  0.38  0.14  0.08  0.07  0.06  0.06  0.05  0.04
 7  40  0.03  0.10  0.16  0.33  0.65  0.96  1.56  2.96  4.32  5.31  7.05  8.51  8.83  8.54  7.38  6.61  4.45  2.29  1.17  0.91  0.50  0.20  0.11  0.08  0.07  0.06  0.05  0.04
 7  45  0.03  0.10  0.16  0.32  0.63  0.93  1.52  2.87  4.17  5.13  6.82  8.26  8.56  8.23  7.08  6.33  4.45  2.43  1.32  1.06  0.63  0.32  0.17  0.10  0.08  0.06  0.05  0.05
 7  50  0.03  0.09  0.15  0.30  0.60  0.89  1.45  2.79  4.04  4.96  6.61  8.01  8.28  7.91  6.78  6.06  4.44  2.56  1.47  1.21  0.78  0.42  0.27  0.13  0.09  0.07  0.06  0.05
 7  55  0.03  0.09  0.14  0.29  0.57  0.85  1.39  2.69  3.86  4.74  6.37  7.75  7.96  7.54  6.40  5.65  4.24  2.61  1.56  1.29  0.86  0.49  0.32  0.16  0.10  0.07  0.06  0.05
 7  60  0.03  0.08  0.14  0.28  0.56  0.84  1.37  2.66  3.90  4.79  6.34  7.56  7.67  7.12  6.04  5.34  4.11  2.72  1.70  1.40  0.94  0.54  0.37  0.19  0.11  0.07  0.06  0.05
 7  65  0.03  0.08  0.14  0.27  0.54  0.80  1.32  2.56  3.76  4.61  6.07  7.14  7.15  6.54  5.45  4.74  3.75  2.72  1.79  1.49  1.03  0.57  0.41  0.25  0.12  0.08  0.06  0.05
 7  70  0.03  0.08  0.13  0.26  0.52  0.77  1.27  2.45  3.61  4.42  5.79  6.73  6.63  5.95  4.86  4.13  3.39  2.73  1.89  1.58  1.11  0.61  0.46  0.28  0.13  0.08  0.06  0.05
 7  75  0.03  0.07  0.12  0.25  0.49  0.74  1.21  2.34  3.53  4.34  5.72  6.49  6.26  5.54  4.58  3.95  3.37  2.77  1.95  1.63  1.14  0.62  0.48  0.29  0.15  0.08  0.06  0.05
 7  80  0.02  0.07  0.12  0.24  0.47  0.70  1.15  2.21  3.44  4.27  5.66  6.27  5.91  5.12  4.30  3.76  3.34  2.81  2.01  1.68  1.17  0.62  0.50  0.30  0.16  0.09  0.06  0.05
 7  85  0.02  0.07  0.12  0.23  0.47  0.69  1.14  2.19  3.41  4.25  5.62  6.22  5.87  5.09  4.29  3.76  3.33  2.81  2.01  1.68  1.17  0.62  0.50  0.30  0.18  0.09  0.06  0.05
 7  90  0.02  0.07  0.12  0.23  0.46  0.69  1.13  2.17  3.33  4.17  5.53  6.09  5.77  5.05  4.25  3.72  3.27  2.77  1.98  1.65  1.14  0.61  0.50  0.30  0.18  0.09  0.06  0.05
 8 -90  0.04  0.13  0.21  0.41  0.78  1.11  1.68  2.46  3.48  4.18  5.15  6.40  6.42  5.76  4.69  3.72  3.03  2.61  1.91  1.59  1.06  0.45  0.15  0.07  0.05  0.04  0.03  0.03
 8 -85  0.04  0.13  0.22  0.42  0.81  1.16  1.76  2.62  3.78  4.57  5.55  6.58  6.57  5.81  4.73  3.85  3.20  2.72  1.96  1.62  1.07  0.44  0.15  0.07  0.05  0.04  0.03  0.03
 8 -80  0.04  0.13  0.22  0.43  0.83  1.19  1.80  2.71  3.92  4.73  5.69  6.64  6.62  5.84  4.77  3.90  3.25  2.76  1.99  1.64  1.08  0.44  0.16  0.07  0.05  0.04  0.03  0.03
 8 -75  0.05  0.14  0.23  0.44  0.86  1.24  1.90  3.01  4.26  5.11  5.98  6.66  6.59  5.95  4.98  4.23  3.50  2.90  2.07  1.71  1.15  0.47  0.16  0.07  0.05  0.04  0.03  0.03
 8 -70  0.05  0.14  0.23  0.45  0.87  1.26  1.97  3.27  4.58  5.48  6.28  6.71  6.59  6.05  5.11  4.48  3.73  3.06  2.17  1.81  1.23  0.50  0.16  0.07  0.05  0.04  0.03  0.03
 8 -65  0.04  0.13  0.22  0.43  0.85  1.24  1.96  3.41  4.84  5.84  6.74  7.07  6.84  6.18  5.43  5.04  4.29  3.29  2.20  1.82  1.22  0.51  0.18  0.08  0.05  0.04  0.03  0.03
 8 -60  0.04  0.13  0.21  0.43  0.83  1.23  1.97  3.54  5.06  6.14  7.09  7.29  6.96  6.24  5.77  5.57  4.76  3.42  2.17  1.79  1.19  0.53  0.28  0.09  0.06  0.04  0.03  0.03
 8 -55  0.04  0.13  0.21  0.42  0.84  1.24  2.00  3.73  5.43  6.57  7.54  7.65  7.27  6.65  6.18  5.90  4.98  3.38  2.10  1.74  1.14  0.52  0.30  0.09  0.06  0.04  0.04  0.03
 8 -50  0.04  0.13  0.22  0.43  0.85  1.25  2.04  3.83  5.62  6.85  7.92  8.05  7.66  7.00  6.56  6.25  5.22  3.32  1.93  1.60  1.06  0.50  0.31  0.10  0.06  0.04  0.04  0.03
 8 -45  0.04  0.13  0.22  0.43  0.84  1.25  2.02  3.75  5.56  6.81  7.99  8.28  7.92  7.25  6.62  6.19  5.16  3.20  1.81  1.49  0.97  0.47  0.30  0.10  0.06  0.04  0.04  0.03
 8 -40  0.04  0.13  0.21  0.42  0.83  1.23  1.99  3.68  5.52  6.78  8.12  8.57  8.28  7.59  6.72  6.13  5.11  3.09  1.70  1.38  0.87  0.43  0.28  0.10  0.06  0.04  0.04  0.04
 8 -35  0.04  0.12  0.20  0.40  0.79  1.17  1.90  3.52  5.30  6.57  8.05  8.69  8.46  7.81  6.84  6.19  4.99  2.78  1.38  1.10  0.66  0.32  0.22  0.10  0.06  0.05  0.04  0.04
 8 -30  0.04  0.12  0.19  0.38  0.75  1.12  1.81  3.37  5.08  6.32  7.96  8.80  8.66  8.04  6.97  6.25  4.85  2.47  1.07  0.84  0.46  0.22  0.10  0.07  0.06  0.05  0.04  0.04
 8 -25  0.04  0.11  0.19  0.38  0.74  1.10  1.77  3.24  4.89  6.10  7.86  8.93  8.90  8.34  7.22  6.45  4.71  2.12  0.79  0.61  0.31  0.08  0.06  0.05  0.05  0.05  0.05  0.04
 8 -20  0.04  0.11  0.19  0.37  0.73  1.08  1.73  3.12  4.69  5.86  7.72  9.04  9.14  8.62  7.43  6.63  4.56  1.78  0.52  0.39  0.18  0.06  0.04  0.04  0.04  0.04  0.05  0.04
 8 -15  0.04  0.11  0.18  0.36  0.70  1.04  1.68  3.10  4.61  5.70  7.56  9.10  9.41  9.00  7.70  6.87  4.26  1.55  0.50  0.37  0.16  0.05  0.04  0.04  0.04  0.04  0.04  0.04
 8 -10  0.04  0.11  0.18  0.35  0.69  1.02  1.65  3.06  4.51  5.56  7.43  9.19  9.73  9.49  8.05  7.15  3.94  1.29  0.47  0.35  0.14  0.04  0.04  0.03  0.04  0.04  0.04  0.04
 8  -5  0.04  0.11  0.17  0.35  0.68  1.01  1.64  3.05  4.47  5.51  7.35  9.22  9.94  9.80  8.21  7.23  3.91  1.25  0.47  0.35  0.14  0.04  0.03  0.03  0.03  0.04  0.04  0.04
 8   0  0.03  0.10  0.16  0.33  0.65  0.97  1.59  3.08  4.47  5.50  7.36  9.34 10.16 10.07  8.38  7.33  3.93  1.22  0.47  0.35  0.15  0.04  0.03  0.03  0.03  0.04  0.04  0.03
 8   5  0.03  0.10  0.17  0.34  0.67  0.99  1.61  3.06  4.47  5.52  7.43  9.38 10.13 10.06  8.47  7.43  4.22  1.38  0.57  0.43  0.17  0.04  0.03  0.03  0.03  0.04  0.03  0.03
 8  10  0.03  0.10  0.17  0.33  0.66  0.98  1.61  3.08  4.53  5.59  7.53  9.47 10.14 10.08  8.56  7.52  4.48  1.55  0.67  0.50  0.19  0.04  0.03  0.03  0.03  0.04  0.03  0.03
 8  15  0.03  0.10  0.17  0.34  0.67  1.00  1.63  3.10  4.59  5.66  7.61  9.40  9.93  9.78  8.37  7.37  4.46  1.62  0.70  0.51  0.20  0.05  0.04  0.04  0.04  0.04  0.04  0.03
 8  20  0.04  0.11  0.18  0.35  0.69  1.02  1.66  3.12  4.63  5.72  7.68  9.36  9.75  9.53  8.18  7.22  4.46  1.70  0.73  0.54  0.21  0.06  0.05  0.05  0.05  0.05  0.05  0.04
 8  25  0.03  0.10  0.17  0.34  0.68  1.02  1.66  3.15  4.68  5.77  7.65  9.21  9.56  9.30  7.99  7.07  4.43  1.83  0.77  0.57  0.22  0.08  0.06  0.05  0.06  0.06  0.05  0.04
 8  30  0.03  0.10  0.17  0.34  0.68  1.02  1.66  3.18  4.70  5.82  7.65  9.09  9.35  9.06  7.80  6.93  4.41  1.94  0.81  0.59  0.24  0.10  0.07  0.06  0.06  0.06  0.05  0.04
 8  35  0.03  0.10  0.17  0.34  0.68  1.01  1.65  3.14  4.62  5.71  7.50  8.85  9.08  8.77  7.58  6.77  4.40  2.04  0.93  0.70  0.32  0.12  0.08  0.06  0.06  0.06  0.05  0.04
 8  40  0.03  0.10  0.17  0.34  0.67  1.00  1.63  3.10  4.57  5.64  7.38  8.63  8.80  8.47  7.34  6.57  4.37  2.13  1.05  0.81  0.41  0.15  0.09  0.07  0.07  0.06  0.05  0.04
 8  45  0.03  0.10  0.17  0.33  0.66  0.98  1.60  3.03  4.46  5.51  7.22  8.41  8.54  8.13  7.02  6.28  4.27  2.27  1.21  0.96  0.54  0.24  0.13  0.09  0.07  0.06  0.05  0.04
 8  50  0.03  0.10  0.16  0.32  0.64  0.95  1.55  2.96  4.36  5.40  7.08  8.19  8.26  7.78  6.69  5.97  4.18  2.40  1.37  1.11  0.68  0.33  0.20  0.11  0.08  0.06  0.05  0.05
 8  55  0.03  0.09  0.15  0.31  0.61  0.91  1.50  2.89  4.22  5.23  6.92  7.99  7.96  7.40  6.31  5.59  3.97  2.50  1.50  1.22  0.77  0.37  0.23  0.14  0.10  0.07  0.06  0.05
 8  60  0.03  0.09  0.15  0.30  0.60  0.90  1.48  2.88  4.30  5.34  6.96  7.83  7.68  6.96  5.96  5.32  3.83  2.65  1.69  1.36  0.86  0.42  0.27  0.16  0.10  0.07  0.05  0.05
 8  65  0.03  0.09  0.15  0.30  0.59  0.88  1.45  2.81  4.19  5.19  6.67  7.33  7.06  6.29  5.36  4.76  3.61  2.68  1.78  1.45  0.94  0.47  0.32  0.20  0.11  0.07  0.05  0.05
 8  70  0.03  0.09  0.14  0.29  0.57  0.85  1.41  2.72  4.06  5.01  6.34  6.79  6.42  5.62  4.75  4.21  3.37  2.70  1.88  1.54  1.02  0.52  0.37  0.22  0.11  0.07  0.06  0.05
 8  75  0.03  0.09  0.14  0.28  0.57  0.84  1.39  2.68  3.99  4.90  5.99  6.17  5.70  4.92  4.28  3.88  3.35  2.72  1.92  1.58  1.06  0.55  0.38  0.23  0.13  0.07  0.06  0.05
 8  80  0.03  0.08  0.14  0.28  0.56  0.83  1.37  2.64  3.94  4.80  5.67  5.56  4.99  4.24  3.81  3.56  3.33  2.74  1.96  1.63  1.10  0.57  0.39  0.24  0.14  0.08  0.06  0.05
 8  85  0.03  0.08  0.14  0.28  0.56  0.83  1.37  2.64  3.94  4.79  5.60  5.48  4.93  4.22  3.82  3.58  3.35  2.74  1.96  1.63  1.10  0.57  0.39  0.24  0.15  0.08  0.06  0.05
 8  90  0.03  0.08  0.14  0.28  0.56  0.83  1.36  2.62  3.90  4.74  5.49  5.32  4.79  4.13  3.75  3.52  3.29  2.70  1.94  1.61  1.09  0.58  0.39  0.23  0.15  0.08  0.06  0.05
 9 -90  0.04  0.12  0.20  0.39  0.76  1.11  1.74  2.93  4.26  5.18  5.75  6.10  5.92  5.47  4.76  4.07  2.53  1.85  1.41  1.21  0.84  0.42  0.10  0.06  0.04  0.04  0.03  0.03
 9 -85  0.04  0.12  0.20  0.40  0.77  1.12  1.76  2.98  4.37  5.34  5.97  6.28  6.07  5.56  4.79  4.18  2.78  2.06  1.49  1.25  0.85  0.42  0.10  0.06  0.04  0.04  0.03  0.03
 9 -80  0.04  0.12  0.20  0.40  0.77  1.13  1.77  2.98  4.41  5.44  6.12  6.41  6.16  5.60  4.81  4.23  2.87  2.14  1.53  1.28  0.88  0.43  0.12  0.06  0.05  0.04  0.03  0.03
 9 -75  0.04  0.12  0.20  0.39  0.75  1.10  1.74  3.02  4.45  5.50  6.51  6.86  6.57  5.93  5.04  4.49  3.18  2.39  1.70  1.42  0.98  0.47  0.14  0.07  0.05  0.04  0.03  0.03
 9 -70  0.04  0.11  0.19  0.37  0.73  1.07  1.71  3.04  4.42  5.46  6.75  7.19  6.92  6.24  5.23  4.65  3.40  2.60  1.87  1.57  1.08  0.51  0.16  0.08  0.05  0.04  0.03  0.03
 9 -65  0.04  0.11  0.19  0.37  0.72  1.07  1.72  3.15  4.58  5.65  7.02  7.51  7.32  6.71  5.81  5.29  4.04  3.00  2.07  1.73  1.18  0.56  0.26  0.08  0.05  0.04  0.03  0.03
 9 -60  0.04  0.11  0.19  0.37  0.74  1.09  1.76  3.26  4.77  5.90  7.31  7.84  7.66  7.05  6.39  5.96  4.62  3.28  2.18  1.82  1.24  0.60  0.30  0.09  0.06  0.04  0.04  0.03
 9 -55  0.04  0.12  0.19  0.38  0.76  1.12  1.82  3.43  5.08  6.25  7.63  8.12  7.93  7.40  6.70  6.20  4.92  3.38  2.17  1.80  1.15  0.58  0.30  0.10  0.06  0.04  0.04  0.03
 9 -50  0.04  0.12  0.19  0.39  0.76  1.14  1.86  3.53  5.24  6.47  7.89  8.46  8.28  7.69  6.97  6.46  5.26  3.49  2.10  1.71  1.05  0.55  0.30  0.10  0.06  0.04  0.04  0.03
 9 -45  0.04  0.12  0.19  0.39  0.77  1.13  1.85  3.48  5.22  6.47  7.98  8.64  8.44  7.80  6.93  6.34  5.16  3.32  1.94  1.55  0.93  0.51  0.30  0.09  0.06  0.04  0.04  0.04
 9 -40  0.04  0.12  0.19  0.38  0.76  1.13  1.83  3.44  5.21  6.47  8.11  8.86  8.69  8.00  6.93  6.22  5.06  3.18  1.80  1.43  0.82  0.45  0.28  0.09  0.06  0.05  0.04  0.04
 9 -35  0.04  0.11  0.19  0.37  0.73  1.09  1.77  3.33  5.06  6.33  8.08  9.02  8.89  8.20  7.02  6.23  4.94  2.83  1.46  1.13  0.60  0.33  0.22  0.10  0.06  0.05  0.04  0.04
 9 -30  0.04  0.11  0.18  0.36  0.71  1.05  1.71  3.23  4.90  6.13  8.03  9.15  9.11  8.44  7.12  6.25  4.81  2.46  1.14  0.86  0.40  0.21  0.11  0.08  0.06  0.05  0.05  0.04
 9 -25  0.04  0.11  0.18  0.36  0.70  1.04  1.69  3.13  4.72  5.91  7.88  9.25  9.33  8.74  7.36  6.44  4.74  2.19  0.91  0.69  0.30  0.09  0.06  0.05  0.05  0.05  0.05  0.05
 9 -20  0.04  0.11  0.18  0.35  0.69  1.02  1.65  3.05  4.55  5.69  7.69  9.30  9.55  9.02  7.55  6.60  4.67  1.93  0.70  0.52  0.21  0.06  0.05  0.04  0.04  0.05  0.05  0.05
 9 -15  0.03  0.10  0.17  0.34  0.67  0.99  1.61  3.04  4.46  5.50  7.45  9.25  9.72  9.33  7.79  6.84  4.35  1.63  0.60  0.44  0.18  0.05  0.04  0.04  0.04  0.05  0.05  0.05
 9 -10  0.03  0.10  0.17  0.33  0.65  0.97  1.58  3.01  4.37  5.35  7.24  9.25  9.96  9.78  8.12  7.10  4.01  1.32  0.49  0.37  0.15  0.04  0.04  0.04  0.04  0.04  0.04  0.04
 9  -5  0.03  0.10  0.16  0.33  0.65  0.97  1.58  3.00  4.33  5.29  7.12  9.24 10.13 10.07  8.22  7.10  3.92  1.27  0.49  0.37  0.15  0.04  0.03  0.03  0.04  0.04  0.04  0.04
 9   0  0.03  0.09  0.16  0.31  0.62  0.93  1.54  3.02  4.32  5.28  7.11  9.29 10.30 10.34  8.36  7.13  3.87  1.22  0.49  0.37  0.15  0.04  0.03  0.03  0.03  0.04  0.04  0.03
 9   5  0.03  0.10  0.16  0.32  0.64  0.96  1.57  3.01  4.35  5.32  7.20  9.31 10.23 10.29  8.50  7.34  4.15  1.36  0.56  0.42  0.16  0.04  0.03  0.03  0.03  0.04  0.03  0.03
 9  10  0.03  0.10  0.16  0.33  0.65  0.96  1.58  3.03  4.41  5.41  7.33  9.40 10.20 10.24  8.62  7.52  4.42  1.51  0.63  0.46  0.17  0.04  0.03  0.03  0.03  0.04  0.03  0.03
 9  15  0.03  0.10  0.17  0.33  0.66  0.98  1.60  3.05  4.50  5.54  7.49  9.36  9.98  9.89  8.42  7.38  4.40  1.54  0.64  0.46  0.17  0.04  0.03  0.04  0.04  0.04  0.04  0.03
 9  20  0.03  0.10  0.17  0.34  0.68  1.00  1.63  3.07  4.56  5.64  7.63  9.36  9.79  9.59  8.22  7.24  4.39  1.57  0.65  0.47  0.18  0.05  0.04  0.04  0.04  0.05  0.04  0.04
 9  25  0.03  0.10  0.17  0.34  0.67  0.99  1.63  3.12  4.65  5.76  7.65  9.21  9.53  9.28  8.09  7.23  4.43  1.66  0.68  0.49  0.19  0.07  0.05  0.05  0.05  0.05  0.05  0.04
 9  30  0.03  0.10  0.17  0.34  0.68  1.01  1.65  3.15  4.72  5.87  7.73  9.08  9.28  8.97  7.96  7.24  4.47  1.73  0.70  0.51  0.19  0.08  0.06  0.05  0.05  0.05  0.05  0.04
 9  35  0.03  0.10  0.17  0.35  0.68  1.02  1.66  3.16  4.74  5.90  7.69  8.85  8.96  8.60  7.56  6.85  4.38  1.91  0.89  0.66  0.29  0.10  0.07  0.06  0.06  0.05  0.05  0.04
 9  40  0.04  0.11  0.17  0.35  0.69  1.02  1.67  3.19  4.80  5.96  7.67  8.63  8.63  8.23  7.17  6.44  4.27  2.10  1.07  0.81  0.38  0.14  0.09  0.07  0.06  0.05  0.05  0.04
 9  45  0.04  0.11  0.18  0.35  0.70  1.03  1.69  3.19  4.82  6.00  7.66  8.44  8.31  7.80  6.80  6.12  4.19  2.24  1.22  0.95  0.50  0.21  0.13  0.09  0.07  0.06  0.05  0.04
 9  50  0.04  0.11  0.18  0.35  0.70  1.04  1.69  3.21  4.86  6.05  7.64  8.21  7.96  7.35  6.42  5.81  4.14  2.38  1.39  1.11  0.65  0.28  0.17  0.11  0.08  0.06  0.05  0.04
 9  55  0.03  0.10  0.17  0.34  0.68  1.02  1.67  3.23  4.86  6.05  7.57  7.98  7.60  6.90  5.99  5.39  3.98  2.46  1.51  1.22  0.75  0.34  0.21  0.13  0.09  0.06  0.05  0.04
 9  60  0.04  0.11  0.18  0.35  0.69  1.04  1.71  3.31  5.08  6.31  7.70  7.81  7.26  6.41  5.59  5.08  3.88  2.61  1.70  1.37  0.85  0.40  0.25  0.16  0.10  0.06  0.05  0.04
 9  65  0.04  0.11  0.18  0.36  0.71  1.06  1.74  3.36  5.11  6.29  7.41  7.27  6.65  5.79  5.01  4.53  3.66  2.61  1.80  1.47  0.95  0.46  0.29  0.18  0.10  0.06  0.05  0.04
 9  70  0.04  0.11  0.18  0.36  0.72  1.08  1.77  3.42  5.12  6.24  7.08  6.72  6.03  5.19  4.45  3.97  3.41  2.60  1.90  1.56  1.03  0.52  0.33  0.20  0.10  0.06  0.05  0.04
 9  75  0.04  0.11  0.19  0.37  0.73  1.09  1.79  3.45  4.89  5.81  6.27  5.90  5.35  4.67  4.22  3.95  3.37  2.60  1.91  1.57  1.05  0.52  0.34  0.21  0.11  0.06  0.05  0.04
 9  80  0.04  0.11  0.19  0.37  0.74  1.10  1.81  3.48  4.63  5.33  5.44  5.07  4.67  4.16  4.00  3.91  3.31  2.60  1.91  1.58  1.06  0.52  0.34  0.22  0.11  0.06  0.05  0.04
 9  85  0.04  0.11  0.19  0.38  0.75  1.11  1.82  3.50  4.57  5.21  5.30  5.01  4.64  4.16  4.00  3.91  3.31  2.59  1.91  1.59  1.07  0.52  0.34  0.21  0.12  0.06  0.05  0.04
 9  90  0.04  0.11  0.19  0.38  0.74  1.11  1.81  3.47  4.46  5.04  5.08  4.83  4.51  4.08  3.95  3.87  3.24  2.55  1.89  1.57  1.06  0.53  0.35  0.21  0.12  0.06  0.05  0.04
10 -90  0.03  0.10  0.16  0.32  0.62  0.92  1.49  2.73  3.96  4.83  6.36  7.29  7.21  6.50  5.56  5.00  3.49  1.53  1.17  1.08  0.82  0.47  0.11  0.06  0.05  0.04  0.03  0.03
10 -85  0.03  0.10  0.16  0.32  0.63  0.92  1.49  2.74  3.94  4.80  6.25  7.11  7.05  6.39  5.49  4.98  3.67  1.71  1.15  1.01  0.74  0.46  0.11  0.06  0.05  0.04  0.03  0.03
10 -80  0.03  0.10  0.16  0.31  0.62  0.91  1.48  2.71  3.88  4.73  6.19  7.07  7.04  6.41  5.46  4.93  3.66  1.77  1.20  1.05  0.77  0.47  0.12  0.06  0.05  0.04  0.03  0.03
10 -75  0.03  0.10  0.16  0.31  0.62  0.91  1.48  2.72  3.91  4.78  6.26  7.25  7.31  6.77  5.96  5.47  4.06  2.18  1.45  1.25  0.88  0.52  0.26  0.06  0.05  0.04  0.03  0.03
10 -70  0.03  0.10  0.16  0.31  0.62  0.92  1.49  2.75  3.98  4.89  6.37  7.43  7.53  7.04  6.43  5.98  4.37  2.53  1.67  1.43  0.99  0.57  0.29  0.07  0.05  0.04  0.03  0.03
10 -65  0.03  0.10  0.16  0.32  0.64  0.95  1.54  2.86  4.20  5.19  6.71  7.72  7.78  7.30  6.88  6.53  4.84  2.95  1.93  1.63  1.11  0.60  0.30  0.08  0.05  0.04  0.03  0.03
10 -60  0.03  0.10  0.17  0.33  0.66  0.98  1.59  2.97  4.42  5.51  7.06  8.05  8.08  7.58  7.31  7.10  5.31  3.32  2.09  1.74  1.15  0.62  0.32  0.09  0.06  0.04  0.03  0.03
10 -55  0.03  0.10  0.17  0.34  0.67  1.00  1.63  3.07  4.65  5.78  7.36  8.30  8.27  7.82  7.26  6.86  5.30  3.40  2.14  1.76  1.10  0.58  0.31  0.18  0.06  0.04  0.04  0.03
10 -50  0.03  0.10  0.17  0.34  0.68  1.00  1.64  3.11  4.72  5.90  7.59  8.58  8.55  8.00  7.18  6.62  5.31  3.50  2.16  1.75  1.07  0.52  0.29  0.17  0.06  0.04  0.04  0.03
10 -45  0.03  0.10  0.17  0.34  0.67  0.99  1.62  3.10  4.72  5.92  7.69  8.79  8.77  8.12  7.29  6.74  5.40  3.48  2.06  1.65  0.97  0.48  0.28  0.10  0.06  0.05  0.04  0.04
10 -40  0.03  0.10  0.17  0.34  0.67  0.99  1.62  3.09  4.72  5.91  7.80  9.03  9.04  8.34  7.45  6.88  5.50  3.49  1.99  1.58  0.90  0.44  0.26  0.09  0.06  0.05  0.04  0.04
10 -35  0.03  0.10  0.17  0.33  0.66  0.98  1.60  3.05  4.64  5.83  7.79  9.19  9.26  8.59  7.51  6.82  5.22  2.94  1.51  1.18  0.63  0.31  0.15  0.09  0.06  0.05  0.05  0.04
10 -30  0.03  0.10  0.16  0.33  0.65  0.96  1.58  3.02  4.56  5.71  7.75  9.31  9.49  8.87  7.59  6.76  4.93  2.37  1.04  0.79  0.37  0.17  0.11  0.07  0.06  0.05  0.05  0.04
10 -25  0.03  0.10  0.17  0.33  0.66  0.97  1.58  2.98  4.46  5.57  7.61  9.35  9.67  9.17  7.74  6.80  4.68  2.01  0.82  0.62  0.27  0.10  0.07  0.06  0.05  0.05  0.05  0.05
10 -20  0.03  0.10  0.16  0.33  0.65  0.96  1.57  2.97  4.38  5.45  7.46  9.33  9.81  9.43  7.85  6.82  4.42  1.64  0.62  0.46  0.18  0.06  0.05  0.05  0.05  0.05  0.05  0.05
10 -15  0.03  0.10  0.16  0.32  0.63  0.94  1.54  2.98  4.33  5.32  7.26  9.23  9.86  9.62  8.04  7.04  4.20  1.47  0.54  0.40  0.15  0.05  0.04  0.04  0.04  0.05  0.05  0.05
10 -10  0.03  0.09  0.15  0.31  0.62  0.92  1.52  2.97  4.28  5.23  7.08  9.17  9.99  9.92  8.27  7.28  3.97  1.31  0.47  0.34  0.12  0.04  0.04  0.04  0.04  0.04  0.04  0.04
10  -5  0.03  0.09  0.16  0.31  0.62  0.92  1.52  2.97  4.26  5.19  6.96  9.11 10.07 10.10  8.34  7.29  3.88  1.27  0.44  0.33  0.12  0.04  0.03  0.03  0.03  0.04  0.04  0.04
10   0  0.03  0.09  0.15  0.30  0.61  0.91  1.51  2.99  4.27  5.19  6.94  9.10 10.15 10.29  8.46  7.33  3.83  1.23  0.42  0.31  0.12  0.04  0.03  0.03  0.03  0.04  0.04  0.03
10   5  0.03  0.10  0.16  0.32  0.63  0.94  1.54  2.99  4.29  5.22  7.00  9.06 10.05 10.22  8.48  7.38  4.06  1.34  0.50  0.37  0.13  0.04  0.03  0.03  0.03  0.03  0.03  0.03
10  10  0.03  0.10  0.16  0.32  0.63  0.95  1.56  3.01  4.34  5.30  7.11  9.10  9.96 10.13  8.50  7.41  4.30  1.45  0.58  0.43  0.14  0.04  0.03  0.03  0.03  0.04  0.03  0.03
10  15  0.03  0.10  0.16  0.33  0.65  0.96  1.58  3.02  4.42  5.41  7.25  9.07  9.73  9.76  8.27  7.21  4.26  1.49  0.60  0.43  0.15  0.04  0.03  0.03  0.04  0.04  0.04  0.04
10  20  0.03  0.10  0.17  0.34  0.67  0.99  1.61  3.04  4.47  5.49  7.36  9.07  9.55  9.44  8.04  7.02  4.24  1.53  0.62  0.45  0.15  0.05  0.04  0.04  0.04  0.05  0.05  0.04
10  25  0.03  0.10  0.17  0.33  0.66  0.99  1.62  3.11  4.62  5.70  7.49  8.94  9.25  9.04  7.88  7.01  4.29  1.60  0.65  0.47  0.17  0.06  0.05  0.05  0.05  0.05  0.05  0.04
10  30  0.03  0.10  0.17  0.34  0.68  1.01  1.66  3.16  4.76  5.92  7.68  8.84  8.96  8.65  7.70  7.01  4.36  1.66  0.67  0.49  0.19  0.08  0.06  0.05  0.05  0.05  0.05  0.04
10  35  0.04  0.11  0.18  0.36  0.71  1.05  1.71  3.25  4.93  6.15  7.78  8.59  8.53  8.10  7.20  6.58  4.30  1.87  0.88  0.66  0.30  0.11  0.07  0.06  0.05  0.05  0.05  0.04
10  40  0.04  0.11  0.19  0.37  0.73  1.08  1.77  3.36  5.15  6.42  7.90  8.34  8.08  7.57  6.74  6.17  4.24  2.07  1.09  0.83  0.41  0.19  0.10  0.07  0.06  0.05  0.05  0.04
10  45  0.04  0.12  0.20  0.39  0.77  1.14  1.86  3.49  5.36  6.66  7.95  8.12  7.73  7.15  6.44  5.95  4.28  2.28  1.27  0.99  0.54  0.23  0.14  0.09  0.07  0.05  0.05  0.04
10  50  0.04  0.12  0.20  0.40  0.80  1.19  1.93  3.64  5.55  6.88  7.95  7.85  7.35  6.73  6.13  5.73  4.30  2.48  1.46  1.17  0.69  0.28  0.16  0.12  0.08  0.06  0.05  0.04
10  55  0.04  0.12  0.21  0.41  0.82  1.21  1.99  3.79  5.63  6.90  7.79  7.57  7.03  6.40  5.82  5.43  4.23  2.54  1.56  1.26  0.78  0.34  0.20  0.14  0.09  0.06  0.05  0.04
10  60  0.04  0.13  0.22  0.43  0.85  1.27  2.08  3.98  5.90  7.16  7.81  7.37  6.74  6.02  5.53  5.21  4.22  2.65  1.72  1.39  0.87  0.40  0.24  0.16  0.09  0.06  0.05  0.04
10  65  0.04  0.13  0.22  0.44  0.88  1.30  2.13  4.06  5.78  6.91  7.36  6.87  6.27  5.58  5.13  4.83  3.98  2.67  1.85  1.52  0.99  0.45  0.27  0.18  0.10  0.06  0.05  0.04
10  70  0.05  0.14  0.23  0.45  0.89  1.33  2.17  4.11  5.63  6.64  6.91  6.39  5.80  5.14  4.72  4.45  3.74  2.69  1.98  1.65  1.11  0.51  0.30  0.19  0.10  0.06  0.05  0.04
10  75  0.05  0.14  0.23  0.45  0.89  1.32  2.15  4.06  5.20  5.95  6.17  5.82  5.36  4.77  4.37  4.13  3.59  2.71  2.04  1.70  1.16  0.53  0.31  0.20  0.10  0.06  0.05  0.04
10  80  0.04  0.13  0.22  0.44  0.88  1.30  2.12  4.00  4.77  5.27  5.45  5.27  4.93  4.41  4.02  3.80  3.43  2.72  2.08  1.75  1.21  0.56  0.32  0.21  0.11  0.06  0.05  0.04
10  85  0.04  0.13  0.22  0.44  0.87  1.29  2.11  3.96  4.74  5.25  5.46  5.29  4.95  4.42  4.02  3.78  3.43  2.72  2.08  1.75  1.21  0.56  0.32  0.21  0.13  0.06  0.05  0.04
10  90  0.04  0.13  0.22  0.44  0.87  1.29  2.10  3.94  4.69  5.21  5.45  5.28  4.95  4.42  3.98  3.74  3.40  2.71  2.07  1.75  1.20  0.56  0.33  0.21  0.13  0.06  0.05  0.04
11 -90  0.03  0.08  0.13  0.27  0.53  0.79  1.28  2.40  3.50  4.28  5.70  6.69  7.04  7.01  6.83  6.48  5.04  2.83  1.99  1.77  1.22  0.61  0.30  0.17  0.05  0.04  0.03  0.02
11 -85  0.03  0.08  0.14  0.27  0.54  0.79  1.29  2.43  3.55  4.34  5.78  6.79  7.03  6.85  6.59  6.31  5.10  2.94  1.94  1.66  1.11  0.58  0.31  0.08  0.05  0.04  0.03  0.02
11 -80  0.03  0.08  0.14  0.27  0.54  0.80  1.30  2.44  3.55  4.35  5.78  6.78  6.99  6.77  6.51  6.23  5.03  2.91  1.93  1.66  1.13  0.59  0.31  0.18  0.05  0.04  0.03  0.02
11 -75  0.03  0.08  0.14  0.28  0.55  0.81  1.32  2.47  3.59  4.42  5.84  6.91  7.12  6.84  6.71  6.55  5.21  3.03  2.01  1.72  1.19  0.62  0.32  0.18  0.05  0.04  0.03  0.03
11 -70  0.03  0.08  0.14  0.28  0.55  0.81  1.32  2.49  3.63  4.50  5.91  7.06  7.28  6.92  6.90  6.86  5.36  3.10  2.03  1.75  1.23  0.67  0.34  0.19  0.06  0.04  0.03  0.03
11 -65  0.03  0.09  0.14  0.28  0.56  0.83  1.36  2.55  3.75  4.68  6.17  7.38  7.56  7.11  7.01  6.97  5.38  3.21  2.07  1.75  1.20  0.67  0.35  0.19  0.06  0.04  0.03  0.03
11 -60  0.03  0.09  0.15  0.29  0.58  0.86  1.39  2.61  3.87  4.85  6.44  7.69  7.84  7.33  7.16  7.10  5.42  3.32  2.06  1.70  1.11  0.64  0.35  0.19  0.06  0.04  0.03  0.03
11 -55  0.03  0.09  0.15  0.30  0.60  0.88  1.43  2.69  4.03  5.03  6.67  7.99  8.16  7.70  7.10  6.72  5.21  3.28  2.01  1.62  0.97  0.54  0.31  0.18  0.06  0.04  0.03  0.03
11 -50  0.03  0.09  0.15  0.30  0.60  0.89  1.44  2.72  4.06  5.06  6.82  8.31  8.54  7.99  7.00  6.36  5.00  3.23  1.93  1.54  0.88  0.45  0.27  0.10  0.06  0.04  0.04  0.03
11 -45  0.03  0.09  0.15  0.30  0.59  0.88  1.44  2.76  4.10  5.11  6.94  8.55  8.85  8.29  7.20  6.48  5.04  3.18  1.85  1.46  0.81  0.41  0.24  0.09  0.06  0.05  0.04  0.03
11 -40  0.03  0.09  0.15  0.30  0.59  0.88  1.44  2.79  4.13  5.14  7.05  8.83  9.21  8.65  7.41  6.61  5.10  3.14  1.77  1.39  0.75  0.37  0.22  0.08  0.06  0.05  0.04  0.04
11 -35  0.03  0.09  0.15  0.30  0.60  0.89  1.46  2.82  4.19  5.21  7.15  9.02  9.46  8.96  7.59  6.68  4.83  2.62  1.32  1.02  0.52  0.27  0.13  0.07  0.06  0.05  0.05  0.04
11 -30  0.03  0.09  0.15  0.30  0.60  0.90  1.48  2.87  4.22  5.24  7.22  9.16  9.68  9.29  7.78  6.76  4.55  2.09  0.88  0.67  0.30  0.15  0.09  0.06  0.06  0.05  0.05  0.04
11 -25  0.03  0.09  0.16  0.31  0.62  0.92  1.51  2.89  4.25  5.27  7.25  9.23  9.81  9.52  7.88  6.75  4.36  1.87  0.72  0.54  0.23  0.09  0.06  0.05  0.05  0.05  0.05  0.04
11 -20  0.03  0.09  0.16  0.31  0.62  0.92  1.51  2.94  4.30  5.32  7.29  9.27  9.89  9.70  7.93  6.71  4.16  1.63  0.58  0.43  0.16  0.06  0.05  0.05  0.05  0.05  0.05  0.04
11 -15  0.03  0.09  0.15  0.31  0.61  0.91  1.51  2.98  4.33  5.33  7.25  9.23  9.89  9.78  8.07  6.93  4.02  1.46  0.52  0.39  0.15  0.05  0.04  0.04  0.04  0.05  0.05  0.04
11 -10  0.03  0.09  0.15  0.30  0.60  0.90  1.51  3.02  4.37  5.35  7.22  9.23  9.99  9.95  8.25  7.15  3.89  1.30  0.45  0.34  0.14  0.04  0.04  0.04  0.04  0.04  0.04  0.04
11  -5  0.03  0.09  0.15  0.30  0.61  0.91  1.52  3.04  4.39  5.36  7.13  9.13  9.95  9.96  8.23  7.15  3.78  1.23  0.43  0.33  0.13  0.04  0.03  0.03  0.03  0.04  0.04  0.03
11   0  0.03  0.09  0.16  0.31  0.62  0.93  1.54  3.05  4.42  5.39  7.14  9.08  9.93 10.01  8.26  7.15  3.69  1.16  0.40  0.31  0.13  0.04  0.03  0.03  0.03  0.04  0.03  0.03
11   5  0.03  0.10  0.16  0.32  0.63  0.95  1.56  3.04  4.40  5.37  7.08  8.93  9.78  9.92  8.25  7.17  3.90  1.24  0.45  0.34  0.13  0.04  0.03  0.03  0.03  0.04  0.03  0.03
11  10  0.03  0.10  0.16  0.32  0.64  0.95  1.57  3.04  4.40  5.37  7.08  8.85  9.63  9.79  8.23  7.17  4.12  1.33  0.50  0.37  0.13  0.04  0.03  0.03  0.04  0.04  0.04  0.04
11  15  0.03  0.10  0.16  0.33  0.65  0.96  1.59  3.06  4.47  5.46  7.18  8.76  9.34  9.37  7.98  6.97  4.05  1.38  0.51  0.37  0.13  0.04  0.04  0.04  0.04  0.04  0.04  0.04
11  20  0.03  0.10  0.17  0.34  0.67  0.99  1.62  3.07  4.51  5.54  7.25  8.68  9.08  9.01  7.73  6.77  3.98  1.43  0.52  0.38  0.13  0.05  0.04  0.04  0.04  0.04  0.05  0.04
11  25  0.03  0.10  0.17  0.34  0.67  1.00  1.65  3.18  4.72  5.82  7.41  8.52  8.72  8.54  7.50  6.70  4.09  1.54  0.60  0.44  0.17  0.06  0.05  0.04  0.04  0.05  0.05  0.04
11  30  0.04  0.11  0.18  0.36  0.71  1.05  1.71  3.26  4.93  6.11  7.62  8.39  8.37  8.06  7.24  6.64  4.20  1.66  0.69  0.51  0.22  0.08  0.06  0.05  0.05  0.05  0.05  0.05
11  35  0.04  0.11  0.19  0.38  0.75  1.11  1.82  3.43  5.21  6.46  7.74  8.14  7.94  7.52  6.87  6.41  4.41  1.99  0.95  0.73  0.35  0.15  0.08  0.06  0.05  0.05  0.05  0.05
11  40  0.04  0.12  0.20  0.40  0.79  1.18  1.92  3.63  5.53  6.82  7.87  7.90  7.53  7.04  6.54  6.18  4.61  2.31  1.21  0.93  0.48  0.20  0.12  0.08  0.06  0.05  0.05  0.05
11  45  0.04  0.13  0.22  0.43  0.85  1.26  2.05  3.85  5.80  7.08  7.85  7.66  7.22  6.71  6.37  6.12  4.69  2.50  1.41  1.11  0.62  0.27  0.16  0.11  0.08  0.06  0.05  0.05
11  50  0.05  0.14  0.23  0.46  0.90  1.34  2.18  4.07  6.00  7.29  7.80  7.39  6.90  6.39  6.19  6.03  4.76  2.67  1.62  1.30  0.78  0.35  0.19  0.13  0.09  0.06  0.05  0.05
11  55  0.05  0.14  0.23  0.47  0.92  1.37  2.23  4.20  5.92  7.09  7.49  7.14  6.68  6.20  5.96  5.78  4.62  2.72  1.70  1.41  0.92  0.41  0.22  0.15  0.09  0.06  0.05  0.05
11  60  0.05  0.14  0.24  0.48  0.94  1.40  2.29  4.37  6.02  7.12  7.37  6.97  6.50  5.97  5.75  5.61  4.54  2.83  1.85  1.54  1.06  0.47  0.25  0.16  0.09  0.06  0.05  0.05
11  65  0.05  0.14  0.23  0.46  0.92  1.36  2.22  4.22  5.74  6.77  7.12  6.85  6.42  5.87  5.51  5.28  4.43  2.93  2.04  1.74  1.24  0.56  0.30  0.19  0.10  0.06  0.05  0.04
11  70  0.05  0.14  0.23  0.45  0.90  1.33  2.16  4.03  5.46  6.43  6.86  6.71  6.33  5.77  5.26  4.94  4.32  3.02  2.23  1.92  1.43  0.66  0.34  0.21  0.10  0.06  0.05  0.04
11  75  0.05  0.14  0.23  0.45  0.88  1.30  2.10  3.86  5.15  6.02  6.39  6.06  5.55  4.94  4.44  4.14  3.76  2.95  2.17  1.86  1.37  0.62  0.32  0.20  0.10  0.06  0.05  0.04
11  80  0.04  0.13  0.22  0.44  0.86  1.27  2.04  3.69  4.85  5.61  5.92  5.40  4.77  4.10  3.63  3.34  3.21  2.86  2.09  1.79  1.30  0.58  0.29  0.18  0.11  0.06  0.05  0.04
11  85  0.04  0.13  0.22  0.44  0.86  1.27  2.03  3.68  4.82  5.57  5.88  5.39  4.77  4.11  3.63  3.34  3.20  2.86  2.09  1.80  1.30  0.58  0.29  0.18  0.11  0.06  0.05  0.04
11  90  0.04  0.13  0.22  0.44  0.86  1.27  2.04  3.68  4.82  5.56  5.86  5.37  4.77  4.11  3.58  3.28  3.18  2.84  2.07  1.78  1.28  0.58  0.29  0.18  0.11  0.06  0.05  0.04
12 -90  0.02  0.07  0.12  0.24  0.48  0.70  1.14  2.12  3.20  4.00  5.54  6.50  6.37  5.72  5.51  5.56  5.19  3.95  2.65  2.25  1.53  0.74  0.41  0.23  0.11  0.04  0.03  0.02
12 -85  0.02  0.07  0.12  0.24  0.47  0.70  1.14  2.12  3.19  3.99  5.50  6.52  6.44  5.76  5.41  5.33  4.96  3.83  2.55  2.14  1.42  0.69  0.40  0.23  0.11  0.04  0.03  0.02
12 -80  0.02  0.07  0.12  0.24  0.47  0.70  1.14  2.12  3.18  3.97  5.48  6.52  6.44  5.76  5.39  5.29  4.91  3.78  2.51  2.11  1.40  0.68  0.40  0.23  0.11  0.04  0.03  0.02
12 -75  0.02  0.07  0.12  0.25  0.49  0.72  1.17  2.18  3.24  4.03  5.49  6.60  6.60  5.95  5.56  5.42  4.95  3.69  2.42  2.03  1.36  0.67  0.40  0.22  0.06  0.04  0.03  0.02
12 -70  0.03  0.08  0.13  0.25  0.50  0.74  1.21  2.25  3.29  4.08  5.50  6.68  6.77  6.15  5.74  5.57  4.99  3.57  2.30  1.92  1.29  0.65  0.39  0.21  0.06  0.04  0.03  0.02
12 -65  0.03  0.08  0.13  0.26  0.52  0.77  1.24  2.32  3.37  4.19  5.65  6.98  7.18  6.61  6.14  5.89  4.99  3.41  2.12  1.76  1.15  0.60  0.37  0.20  0.06  0.04  0.03  0.03
12 -60  0.03  0.08  0.14  0.27  0.53  0.79  1.28  2.39  3.46  4.31  5.83  7.30  7.61  7.11  6.56  6.22  5.03  3.26  1.96  1.60  1.01  0.54  0.33  0.18  0.07  0.04  0.03  0.03
12 -55  0.03  0.09  0.14  0.28  0.56  0.83  1.34  2.49  3.64  4.48  6.04  7.64  8.06  7.74  6.96  6.43  4.92  3.04  1.79  1.44  0.85  0.47  0.28  0.16  0.07  0.04  0.03  0.03
12 -50  0.03  0.09  0.14  0.29  0.56  0.84  1.36  2.54  3.68  4.52  6.18  7.99  8.58  8.27  7.28  6.59  4.80  2.81  1.57  1.25  0.71  0.40  0.23  0.11  0.07  0.04  0.04  0.03
12 -45  0.03  0.09  0.14  0.28  0.56  0.84  1.38  2.63  3.80  4.67  6.38  8.28  8.95  8.68  7.34  6.39  4.59  2.62  1.45  1.14  0.64  0.34  0.20  0.09  0.06  0.05  0.04  0.03
12 -40  0.03  0.09  0.14  0.28  0.57  0.85  1.40  2.72  3.91  4.80  6.57  8.57  9.32  9.11  7.37  6.17  4.39  2.43  1.31  1.03  0.56  0.29  0.13  0.07  0.06  0.05  0.04  0.04
12 -35  0.03  0.09  0.15  0.29  0.58  0.87  1.43  2.78  4.05  5.00  6.83  8.82  9.51  9.28  7.73  6.65  4.38  2.10  1.02  0.79  0.40  0.19  0.10  0.07  0.06  0.05  0.04  0.04
12 -30  0.03  0.09  0.15  0.30  0.59  0.88  1.46  2.86  4.17  5.16  7.06  9.02  9.67  9.47  8.09  7.13  4.36  1.78  0.72  0.55  0.25  0.13  0.08  0.06  0.05  0.05  0.05  0.04
12 -25  0.03  0.09  0.15  0.31  0.61  0.91  1.50  2.91  4.29  5.31  7.27  9.20  9.81  9.60  8.11  7.05  4.23  1.65  0.61  0.46  0.19  0.09  0.06  0.05  0.05  0.05  0.05  0.04
12 -20  0.03  0.09  0.15  0.31  0.61  0.91  1.52  3.00  4.42  5.50  7.50  9.36  9.90  9.71  8.08  6.94  4.09  1.51  0.50  0.37  0.13  0.06  0.05  0.04  0.04  0.05  0.05  0.04
12 -15  0.03  0.09  0.15  0.31  0.61  0.92  1.53  3.06  4.53  5.63  7.64  9.46  9.97  9.80  8.17  7.05  3.99  1.38  0.45  0.34  0.13  0.05  0.04  0.04  0.04  0.04  0.04  0.04
12 -10  0.03  0.09  0.15  0.31  0.61  0.92  1.54  3.13  4.65  5.76  7.76  9.60 10.13  9.95  8.28  7.18  3.90  1.26  0.40  0.31  0.13  0.04  0.03  0.03  0.04  0.04  0.04  0.04
12  -5  0.03  0.09  0.15  0.31  0.62  0.93  1.56  3.16  4.69  5.80  7.69  9.51 10.05  9.88  8.09  6.91  3.73  1.20  0.38  0.29  0.13  0.04  0.03  0.03  0.03  0.04  0.03  0.03
12   0  0.03  0.10  0.16  0.32  0.65  0.97  1.60  3.15  4.72  5.83  7.69  9.41  9.95  9.82  7.91  6.65  3.57  1.14  0.36  0.29  0.14  0.04  0.03  0.03  0.03  0.04  0.03  0.03
12   5  0.03  0.10  0.16  0.33  0.65  0.97  1.61  3.14  4.67  5.77  7.55  9.17  9.72  9.59  7.91  6.79  3.78  1.23  0.41  0.31  0.13  0.04  0.03  0.03  0.04  0.04  0.04  0.03
12  10  0.03  0.10  0.17  0.33  0.66  0.98  1.61  3.13  4.64  5.73  7.48  8.97  9.45  9.36  7.91  6.93  4.01  1.33  0.46  0.34  0.13  0.04  0.04  0.04  0.04  0.04  0.04  0.04
12  15  0.03  0.10  0.17  0.33  0.66  0.98  1.61  3.12  4.64  5.75  7.47  8.79  9.13  8.95  7.64  6.70  3.96  1.43  0.49  0.36  0.13  0.05  0.04  0.04  0.04  0.04  0.05  0.04
12  20  0.03  0.10  0.17  0.34  0.67  1.00  1.63  3.11  4.64  5.74  7.42  8.60  8.80  8.56  7.36  6.48  3.91  1.51  0.51  0.38  0.13  0.05  0.04  0.04  0.04  0.05  0.05  0.05
12  25  0.03  0.10  0.17  0.34  0.67  1.00  1.64  3.19  4.75  5.88  7.41  8.33  8.39  8.09  7.23  6.58  4.17  1.67  0.64  0.47  0.19  0.06  0.05  0.05  0.05  0.05  0.05  0.05
12  30  0.04  0.11  0.18  0.35  0.70  1.04  1.70  3.23  4.88  6.02  7.43  8.09  7.98  7.62  7.09  6.69  4.42  1.85  0.78  0.59  0.26  0.10  0.07  0.06  0.05  0.05  0.05  0.05
12  35  0.04  0.11  0.19  0.38  0.75  1.11  1.81  3.41  5.10  6.25  7.42  7.79  7.60  7.19  6.89  6.66  4.76  2.23  1.08  0.84  0.44  0.21  0.10  0.07  0.06  0.05  0.05  0.05
12  40  0.04  0.12  0.20  0.40  0.80  1.18  1.92  3.61  5.34  6.48  7.41  7.52  7.24  6.82  6.71  6.62  5.09  2.59  1.38  1.10  0.64  0.30  0.16  0.10  0.07  0.05  0.05  0.05
12  45  0.04  0.13  0.21  0.43  0.84  1.25  2.04  3.83  5.53  6.61  7.30  7.30  7.00  6.62  6.51  6.42  5.05  2.87  1.63  1.31  0.79  0.38  0.20  0.13  0.08  0.06  0.05  0.05
12  50  0.05  0.14  0.23  0.45  0.90  1.33  2.15  4.03  5.65  6.71  7.20  7.06  6.77  6.45  6.30  6.20  5.00  3.15  1.87  1.53  0.96  0.45  0.24  0.15  0.09  0.06  0.05  0.05
12  55  0.05  0.14  0.23  0.45  0.90  1.33  2.16  4.04  5.43  6.40  6.91  6.94  6.70  6.39  6.10  5.89  4.79  3.15  1.99  1.66  1.12  0.53  0.27  0.17  0.09  0.06  0.05  0.05
12  60  0.05  0.14  0.23  0.45  0.90  1.33  2.17  4.08  5.41  6.34  6.81  6.88  6.66  6.30  5.93  5.69  4.65  3.21  2.16  1.82  1.27  0.61  0.31  0.18  0.09  0.06  0.05  0.05
12  65  0.05  0.14  0.23  0.46  0.91  1.34  2.16  3.95  5.30  6.23  6.77  6.88  6.62  6.19  5.71  5.40  4.53  3.17  2.22  1.88  1.34  0.64  0.30  0.18  0.10  0.06  0.05  0.05
12  70  0.05  0.14  0.23  0.46  0.91  1.34  2.14  3.82  5.17  6.09  6.70  6.85  6.58  6.09  5.50  5.11  4.41  3.12  2.28  1.94  1.40  0.67  0.30  0.18  0.10  0.06  0.05  0.05
12  75  0.05  0.14  0.23  0.44  0.87  1.27  2.01  3.48  4.85  5.79  6.45  6.49  6.15  5.62  5.05  4.67  4.18  3.15  2.30  1.96  1.41  0.67  0.32  0.19  0.11  0.06  0.05  0.05
12  80  0.04  0.13  0.21  0.42  0.82  1.20  1.88  3.16  4.55  5.50  6.20  6.11  5.70  5.13  4.58  4.22  3.95  3.18  2.31  1.97  1.42  0.67  0.34  0.21  0.12  0.06  0.05  0.05
12  85  0.04  0.13  0.21  0.42  0.82  1.19  1.87  3.14  4.51  5.45  6.15  6.10  5.70  5.14  4.59  4.22  3.95  3.18  2.31  1.98  1.42  0.67  0.34  0.21  0.11  0.06  0.05  0.05
12  90  0.04  0.13  0.21  0.42  0.82  1.19  1.87  3.14  4.47  5.37  6.02  6.06  5.71  5.18  4.62  4.23  3.94  3.15  2.27  1.93  1.38  0.67  0.34  0.21  0.11  0.06  0.05  0.05
