     0.010
     0.030
     0.050
     0.100
     0.200
     0.300
     0.500
     1.000
     1.500
     2.000
     3.000
     5.000
     7.000
    10.000
    15.000
    20.000
    30.000
    50.000
    70.000
    80.000
   100.000
   150.000
   200.000
   250.000
   300.000
   400.000
   500.000
   600.000
 1 -90  0.02  0.07  0.11  0.22  0.45  0.68  1.13  2.27  3.27  4.04  5.68  6.62  6.35  5.45  4.59  3.98  3.42  2.82  2.21  1.87  1.25  0.63  0.34  0.19  0.09  0.06  0.03  0.02
 1 -85  0.02  0.07  0.11  0.22  0.45  0.67  1.13  2.27  3.27  4.05  5.69  6.62  6.35  5.44  4.58  3.98  3.43  2.82  2.21  1.87  1.25  0.63  0.34  0.19  0.09  0.06  0.03  0.02
 1 -80  0.02  0.07  0.11  0.22  0.45  0.67  1.13  2.26  3.26  4.05  5.69  6.63  6.36  5.44  4.58  3.98  3.43  2.82  2.20  1.87  1.25  0.63  0.34  0.19  0.09  0.06  0.03  0.02
 1 -75  0.02  0.07  0.12  0.23  0.46  0.69  1.16  2.32  3.34  4.13  5.72  6.76  6.60  5.72  4.92  4.35  3.72  2.89  2.19  1.85  1.23  0.62  0.34  0.18  0.08  0.05  0.03  0.03
 1 -70  0.02  0.07  0.12  0.24  0.48  0.71  1.19  2.38  3.41  4.21  5.74  6.89  6.83  6.00  5.26  4.73  4.04  2.97  2.16  1.81  1.19  0.61  0.34  0.19  0.08  0.05  0.03  0.03
 1 -65  0.02  0.07  0.12  0.25  0.49  0.74  1.23  2.47  3.53  4.35  5.91  7.21  7.30  6.56  5.86  5.38  4.30  2.97  2.01  1.68  1.08  0.54  0.32  0.19  0.12  0.05  0.03  0.03
 1 -60  0.03  0.08  0.13  0.26  0.51  0.77  1.28  2.56  3.66  4.50  6.10  7.53  7.76  7.12  6.47  6.02  4.57  2.97  1.87  1.55  0.97  0.47  0.31  0.19  0.12  0.05  0.04  0.03
 1 -55  0.03  0.08  0.13  0.27  0.54  0.81  1.35  2.71  3.85  4.73  6.35  7.85  8.19  7.70  6.89  6.30  4.48  2.75  1.57  1.29  0.77  0.36  0.25  0.17  0.11  0.05  0.04  0.03
 1 -50  0.03  0.08  0.14  0.28  0.55  0.83  1.38  2.77  3.94  4.88  6.54  8.15  8.62  8.21  7.26  6.59  4.42  2.55  1.28  1.03  0.56  0.24  0.18  0.17  0.10  0.05  0.04  0.03
 1 -45  0.03  0.08  0.14  0.27  0.55  0.82  1.38  2.77  3.95  4.85  6.61  8.47  9.00  8.67  7.43  6.64  4.51  2.56  1.27  0.99  0.52  0.19  0.15  0.12  0.07  0.05  0.04  0.03
 1 -40  0.03  0.08  0.14  0.27  0.55  0.82  1.37  2.76  4.06  5.02  6.88  8.81  9.38  8.99  7.65  6.68  4.51  2.57  1.29  1.01  0.51  0.18  0.13  0.08  0.06  0.04  0.04  0.03
 1 -35  0.03  0.08  0.14  0.28  0.56  0.84  1.40  2.82  3.94  4.89  6.81  8.85  9.44  9.24  7.78  6.83  4.46  2.32  1.04  0.78  0.37  0.16  0.09  0.06  0.05  0.04  0.04  0.03
 1 -30  0.03  0.08  0.14  0.28  0.57  0.85  1.42  2.85  4.07  5.01  6.96  9.06  9.65  9.32  7.95  7.01  4.42  2.04  0.79  0.57  0.23  0.10  0.06  0.05  0.04  0.04  0.04  0.04
 1 -25  0.03  0.09  0.14  0.29  0.57  0.86  1.44  2.90  4.15  5.21  7.27  9.27  9.78  9.40  7.92  6.94  4.33  1.83  0.70  0.50  0.19  0.07  0.05  0.04  0.04  0.04  0.04  0.04
 1 -20  0.03  0.08  0.14  0.28  0.56  0.84  1.40  2.82  4.23  5.33  7.36  9.45 10.10  9.66  8.01  6.90  4.30  1.66  0.59  0.41  0.13  0.05  0.04  0.03  0.03  0.04  0.04  0.03
 1 -15  0.03  0.08  0.14  0.28  0.56  0.84  1.40  2.83  4.29  5.27  7.25  9.55 10.35  9.83  8.07  6.95  4.14  1.61  0.53  0.36  0.13  0.04  0.03  0.03  0.03  0.03  0.03  0.03
 1 -10  0.03  0.08  0.14  0.27  0.55  0.82  1.38  2.78  4.16  5.26  7.22  9.39 10.09  9.84  8.08  7.02  4.04  1.54  0.46  0.31  0.09  0.04  0.03  0.03  0.03  0.03  0.03  0.03
 1  -5  0.03  0.08  0.14  0.27  0.55  0.83  1.39  2.80  4.30  5.43  7.55  9.35  9.96  9.68  7.93  6.85  3.92  1.48  0.44  0.30  0.07  0.03  0.03  0.03  0.03  0.03  0.03  0.02
 1   0  0.03  0.09  0.15  0.30  0.60  0.90  1.51  3.07  4.52  5.67  7.63  9.53 10.13  9.64  7.82  6.70  3.72  1.36  0.40  0.28  0.06  0.03  0.03  0.03  0.03  0.03  0.03  0.03
 1   5  0.03  0.09  0.15  0.30  0.60  0.90  1.51  3.05  4.63  5.73  7.78  9.30  9.62  9.45  7.81  6.66  3.90  1.47  0.47  0.31  0.06  0.03  0.03  0.03  0.03  0.03  0.03  0.03
 1  10  0.03  0.09  0.15  0.30  0.60  0.90  1.51  3.06  4.58  5.78  7.52  8.85  9.11  9.08  7.76  6.69  4.09  1.62  0.53  0.36  0.06  0.03  0.03  0.03  0.03  0.03  0.04  0.04
 1  15  0.03  0.09  0.15  0.30  0.61  0.91  1.53  3.09  4.70  5.90  7.42  8.58  8.81  8.78  7.38  6.44  4.00  1.62  0.57  0.39  0.07  0.04  0.03  0.03  0.03  0.04  0.04  0.04
 1  20  0.03  0.09  0.16  0.31  0.63  0.95  1.59  3.21  4.85  6.15  7.55  8.40  8.68  8.51  7.05  6.21  4.07  1.70  0.58  0.42  0.16  0.04  0.04  0.03  0.04  0.04  0.04  0.04
 1  25  0.03  0.09  0.16  0.31  0.63  0.94  1.58  3.18  4.97  6.13  7.52  8.31  8.39  7.93  6.85  6.36  4.36  2.06  0.78  0.59  0.25  0.06  0.04  0.04  0.04  0.04  0.04  0.04
 1  30  0.03  0.10  0.17  0.33  0.67  1.00  1.67  3.38  5.04  6.32  7.52  8.10  8.15  7.57  6.88  6.54  4.72  2.31  0.92  0.70  0.32  0.10  0.07  0.05  0.05  0.04  0.04  0.04
 1  35  0.03  0.10  0.17  0.35  0.70  1.05  1.76  3.54  5.29  6.53  7.69  7.96  7.79  7.35  6.84  6.47  5.04  2.62  1.22  0.95  0.49  0.24  0.15  0.08  0.06  0.04  0.04  0.04
 1  40  0.04  0.11  0.18  0.37  0.73  1.10  1.84  3.73  5.41  6.65  7.71  7.84  7.46  6.89  6.54  6.37  5.39  3.01  1.64  1.24  0.68  0.35  0.22  0.11  0.07  0.05  0.04  0.04
 1  45  0.04  0.11  0.19  0.37  0.75  1.13  1.89  3.82  5.40  6.60  7.54  7.46  7.01  6.66  6.47  6.30  5.50  3.36  1.88  1.52  0.94  0.49  0.30  0.19  0.09  0.05  0.04  0.04
 1  50  0.04  0.11  0.19  0.38  0.76  1.15  1.92  3.88  5.61  6.72  7.35  7.17  6.56  6.11  6.24  6.27  5.65  3.66  2.14  1.76  1.14  0.60  0.34  0.23  0.09  0.05  0.04  0.04
 1  55  0.04  0.12  0.19  0.39  0.77  1.16  1.95  3.94  5.55  6.42  6.93  6.69  6.24  5.94  5.97  5.97  5.38  3.69  2.32  1.92  1.32  0.67  0.39  0.25  0.10  0.05  0.04  0.04
 1  60  0.04  0.12  0.20  0.39  0.78  1.18  1.97  3.98  5.49  6.26  6.69  6.37  6.02  5.83  5.72  5.64  5.07  3.66  2.51  2.11  1.51  0.74  0.43  0.26  0.10  0.05  0.04  0.04
 1  65  0.04  0.12  0.19  0.38  0.77  1.16  1.94  3.92  5.49  6.22  6.69  6.38  6.13  6.01  5.78  5.61  4.89  3.61  2.51  2.12  1.53  0.73  0.41  0.24  0.10  0.05  0.04  0.04
 1  70  0.04  0.11  0.19  0.38  0.76  1.14  1.91  3.86  5.48  6.18  6.69  6.41  6.25  6.19  5.84  5.58  4.74  3.57  2.51  2.14  1.54  0.73  0.38  0.23  0.10  0.05  0.04  0.04
 1  75  0.04  0.11  0.18  0.36  0.73  1.09  1.82  3.69  5.27  5.90  6.39  6.00  5.77  5.67  5.30  5.02  4.51  3.48  2.61  2.28  1.73  0.77  0.39  0.23  0.11  0.06  0.04  0.04
 1  80  0.04  0.11  0.18  0.35  0.71  1.06  1.78  3.59  5.02  5.60  6.05  5.59  5.29  5.12  4.76  4.47  4.27  3.39  2.70  2.41  1.92  0.81  0.41  0.24  0.11  0.06  0.04  0.04
 1  85  0.04  0.11  0.18  0.35  0.71  1.06  1.77  3.58  5.00  5.58  6.03  5.56  5.27  5.11  4.75  4.46  4.26  3.39  2.70  2.41  1.92  0.81  0.41  0.24  0.11  0.06  0.04  0.04
 1  90  0.04  0.11  0.18  0.35  0.70  1.06  1.77  3.58  4.99  5.56  6.00  5.54  5.25  5.10  4.74  4.45  4.25  3.39  2.69  2.41  1.92  0.81  0.41  0.24  0.11  0.05  0.04  0.04
 2 -90  0.03  0.08  0.14  0.27  0.55  0.83  1.38  2.78  4.03  4.95  6.18  6.23  5.62  4.72  4.25  3.80  2.82  2.61  2.26  1.94  1.35  0.63  0.35  0.20  0.12  0.06  0.03  0.02
 2 -85  0.03  0.08  0.14  0.27  0.55  0.82  1.38  2.77  4.03  4.95  6.19  6.24  5.62  4.71  4.25  3.80  2.82  2.61  2.26  1.93  1.35  0.63  0.35  0.20  0.12  0.06  0.03  0.02
 2 -80  0.03  0.08  0.14  0.27  0.55  0.82  1.38  2.77  4.02  4.95  6.19  6.24  5.63  4.71  4.24  3.80  2.82  2.62  2.26  1.93  1.35  0.63  0.35  0.21  0.12  0.06  0.03  0.03
 2 -75  0.03  0.08  0.14  0.27  0.55  0.82  1.37  2.75  4.01  4.95  6.28  6.59  6.10  5.19  4.64  4.14  3.03  2.62  2.26  1.92  1.33  0.62  0.35  0.20  0.12  0.05  0.03  0.03
 2 -70  0.03  0.08  0.14  0.27  0.54  0.81  1.36  2.72  3.99  4.94  6.35  6.94  6.58  5.68  5.04  4.50  3.30  2.63  2.23  1.89  1.28  0.60  0.36  0.20  0.11  0.05  0.04  0.03
 2 -65  0.03  0.08  0.14  0.28  0.55  0.83  1.38  2.77  4.06  5.02  6.51  7.34  7.14  6.29  5.55  4.97  3.73  2.66  2.06  1.74  1.15  0.53  0.34  0.20  0.12  0.05  0.04  0.03
 2 -60  0.03  0.08  0.14  0.28  0.56  0.85  1.41  2.83  4.13  5.11  6.68  7.74  7.70  6.90  6.06  5.42  4.15  2.70  1.90  1.59  1.03  0.46  0.31  0.20  0.12  0.06  0.04  0.03
 2 -55  0.03  0.09  0.15  0.29  0.59  0.89  1.48  2.96  4.29  5.30  6.87  8.02  8.12  7.49  6.61  5.94  4.27  2.57  1.55  1.28  0.78  0.34  0.24  0.17  0.11  0.05  0.04  0.03
 2 -50  0.03  0.09  0.15  0.30  0.60  0.91  1.51  3.03  4.37  5.42  7.02  8.30  8.56  8.04  7.14  6.47  4.37  2.44  1.23  0.98  0.54  0.23  0.17  0.15  0.09  0.05  0.04  0.03
 2 -45  0.03  0.09  0.15  0.30  0.60  0.90  1.50  3.02  4.32  5.34  7.02  8.60  8.95  8.52  7.38  6.58  4.45  2.39  1.22  0.94  0.47  0.18  0.16  0.10  0.07  0.04  0.04  0.03
 2 -40  0.03  0.09  0.15  0.30  0.60  0.89  1.49  3.01  4.39  5.45  7.22  8.92  9.39  8.96  7.65  6.66  4.47  2.34  1.22  0.93  0.43  0.16  0.11  0.07  0.05  0.04  0.04  0.03
 2 -35  0.03  0.09  0.15  0.30  0.60  0.90  1.50  3.01  4.22  5.24  7.09  8.95  9.46  9.22  7.75  6.72  4.37  2.16  0.99  0.74  0.32  0.13  0.08  0.05  0.04  0.04  0.04  0.03
 2 -30  0.03  0.09  0.15  0.30  0.60  0.89  1.49  3.00  4.28  5.29  7.16  9.10  9.65  9.37  7.90  6.85  4.28  1.93  0.78  0.56  0.22  0.09  0.06  0.04  0.04  0.04  0.04  0.03
 2 -25  0.03  0.09  0.15  0.29  0.59  0.89  1.48  2.98  4.24  5.30  7.31  9.31  9.87  9.57  7.95  6.85  4.19  1.81  0.67  0.47  0.18  0.06  0.04  0.04  0.04  0.04  0.04  0.03
 2 -20  0.03  0.08  0.14  0.28  0.56  0.85  1.42  2.85  4.25  5.37  7.32  9.42 10.22  9.94  8.11  6.87  4.15  1.65  0.55  0.38  0.12  0.05  0.03  0.03  0.03  0.03  0.03  0.03
 2 -15  0.03  0.08  0.14  0.28  0.56  0.84  1.40  2.83  4.23  5.15  7.10  9.54 10.48 10.08  8.15  6.92  4.06  1.57  0.51  0.34  0.12  0.04  0.03  0.03  0.03  0.03  0.03  0.03
 2 -10  0.03  0.08  0.14  0.27  0.54  0.82  1.37  2.76  4.04  5.06  6.95  9.34 10.32 10.19  8.18  7.01  4.03  1.46  0.47  0.32  0.08  0.03  0.03  0.03  0.03  0.03  0.03  0.03
 2  -5  0.03  0.08  0.13  0.27  0.54  0.81  1.36  2.76  4.15  5.19  7.24  9.29 10.26 10.10  7.87  6.58  3.87  1.43  0.46  0.32  0.07  0.03  0.03  0.02  0.03  0.03  0.03  0.02
 2   0  0.03  0.09  0.15  0.30  0.59  0.89  1.50  3.05  4.37  5.48  7.44  9.68 10.67 10.24  7.62  6.12  3.61  1.31  0.44  0.31  0.06  0.03  0.03  0.02  0.03  0.03  0.03  0.03
 2   5  0.03  0.09  0.15  0.29  0.59  0.88  1.48  2.99  4.46  5.50  7.56  9.39 10.09 10.00  7.73  6.36  3.79  1.43  0.51  0.34  0.06  0.03  0.03  0.03  0.03  0.03  0.03  0.03
 2  10  0.03  0.09  0.14  0.29  0.58  0.87  1.46  2.96  4.35  5.44  7.30  8.94  9.48  9.47  7.84  6.68  4.00  1.61  0.59  0.40  0.06  0.03  0.03  0.03  0.03  0.03  0.04  0.04
 2  15  0.03  0.09  0.15  0.29  0.59  0.88  1.47  2.98  4.53  5.61  7.31  8.68  9.07  9.09  7.61  6.64  4.07  1.69  0.65  0.45  0.07  0.04  0.03  0.03  0.03  0.04  0.04  0.04
 2  20  0.03  0.09  0.15  0.30  0.61  0.92  1.54  3.11  4.64  5.84  7.44  8.59  9.00  8.87  7.46  6.66  4.30  1.82  0.68  0.49  0.09  0.04  0.04  0.04  0.04  0.04  0.04  0.04
 2  25  0.03  0.09  0.15  0.31  0.62  0.92  1.55  3.12  4.82  5.90  7.42  8.46  8.65  8.25  7.13  6.56  4.52  2.14  0.86  0.65  0.26  0.06  0.05  0.04  0.04  0.04  0.04  0.04
 2  30  0.03  0.10  0.16  0.32  0.65  0.98  1.64  3.31  4.94  6.18  7.54  8.29  8.41  7.90  7.01  6.51  4.83  2.32  0.99  0.74  0.31  0.18  0.08  0.06  0.05  0.04  0.04  0.04
 2  35  0.03  0.10  0.17  0.34  0.68  1.03  1.72  3.47  5.23  6.47  7.83  8.21  8.11  7.66  6.98  6.50  5.09  2.74  1.29  0.99  0.47  0.30  0.21  0.10  0.07  0.05  0.04  0.04
 2  40  0.04  0.11  0.18  0.36  0.72  1.08  1.81  3.66  5.36  6.63  7.88  8.16  7.84  7.21  6.69  6.42  5.35  3.21  1.69  1.26  0.66  0.42  0.29  0.14  0.09  0.05  0.04  0.04
 2  45  0.04  0.11  0.18  0.37  0.74  1.11  1.85  3.75  5.43  6.71  7.91  7.94  7.47  7.03  6.66  6.33  5.51  3.55  1.95  1.57  0.95  0.55  0.36  0.23  0.10  0.06  0.05  0.04
 2  50  0.04  0.11  0.19  0.37  0.75  1.12  1.88  3.80  5.65  6.95  7.79  7.67  7.03  6.51  6.40  6.25  5.69  3.83  2.26  1.85  1.19  0.64  0.40  0.27  0.11  0.06  0.05  0.04
 2  55  0.04  0.12  0.19  0.39  0.78  1.17  1.95  3.94  5.72  6.85  7.52  7.33  6.76  6.34  6.22  6.12  5.64  3.93  2.43  2.01  1.36  0.70  0.43  0.29  0.11  0.06  0.05  0.05
 2  60  0.04  0.12  0.20  0.40  0.81  1.21  2.03  4.09  5.80  6.87  7.39  7.06  6.53  6.18  6.05  5.96  5.58  4.01  2.63  2.20  1.55  0.76  0.48  0.30  0.12  0.06  0.05  0.04
 2  65  0.04  0.12  0.20  0.40  0.81  1.21  2.03  4.10  5.72  6.68  7.17  6.87  6.48  6.23  6.00  5.84  5.37  3.87  2.73  2.32  1.68  0.82  0.47  0.29  0.12  0.06  0.05  0.04
 2  70  0.04  0.12  0.20  0.40  0.81  1.21  2.03  4.09  5.65  6.50  6.96  6.68  6.42  6.28  5.95  5.72  5.21  3.74  2.82  2.43  1.81  0.88  0.46  0.29  0.12  0.06  0.05  0.04
 2  75  0.04  0.12  0.20  0.40  0.80  1.20  2.02  4.07  5.50  6.20  6.86  6.78  6.68  6.59  6.13  5.81  5.25  3.69  2.87  2.49  1.86  0.93  0.48  0.29  0.12  0.06  0.05  0.04
 2  80  0.04  0.12  0.20  0.40  0.80  1.20  2.00  4.04  5.34  5.88  6.75  6.90  6.93  6.89  6.31  5.90  5.28  3.61  2.90  2.53  1.89  0.96  0.50  0.29  0.13  0.06  0.05  0.04
 2  85  0.04  0.12  0.20  0.40  0.80  1.20  2.00  4.03  5.33  5.86  6.72  6.88  6.91  6.88  6.30  5.89  5.28  3.61  2.90  2.53  1.89  0.96  0.50  0.29  0.13  0.06  0.05  0.04
 2  90  0.04  0.12  0.20  0.40  0.80  1.20  2.00  4.02  5.32  5.84  6.69  6.85  6.89  6.87  6.30  5.88  5.27  3.61  2.90  2.53  1.89  0.96  0.50  0.29  0.13  0.06  0.05  0.04
 3 -90  0.04  0.12  0.20  0.40  0.80  1.20  2.01  4.06  5.40  6.23  6.31  5.76  5.11  4.45  3.84  3.16  2.65  2.61  2.39  2.06  1.46  0.57  0.32  0.19  0.11  0.05  0.03  0.02
 3 -85  0.04  0.12  0.20  0.40  0.80  1.20  2.01  4.06  5.40  6.23  6.32  5.77  5.11  4.45  3.84  3.16  2.65  2.61  2.39  2.05  1.46  0.57  0.32  0.19  0.11  0.05  0.03  0.03
 3 -80  0.04  0.12  0.20  0.40  0.80  1.20  2.01  4.05  5.39  6.23  6.33  5.78  5.12  4.45  3.83  3.16  2.65  2.61  2.39  2.05  1.46  0.57  0.32  0.19  0.11  0.05  0.03  0.03
 3 -75  0.04  0.11  0.19  0.38  0.76  1.15  1.92  3.86  5.33  6.30  6.74  6.31  5.61  4.85  4.16  3.45  2.77  2.59  2.35  2.01  1.41  0.56  0.32  0.18  0.11  0.05  0.03  0.03
 3 -70  0.04  0.11  0.18  0.36  0.73  1.09  1.82  3.67  5.26  6.35  7.13  6.83  6.11  5.25  4.49  3.78  2.96  2.58  2.28  1.94  1.34  0.55  0.31  0.18  0.10  0.05  0.04  0.03
 3 -65  0.04  0.11  0.18  0.35  0.71  1.06  1.77  3.55  5.17  6.31  7.31  7.30  6.69  5.81  5.09  4.49  3.37  2.60  2.07  1.76  1.20  0.49  0.29  0.18  0.12  0.05  0.04  0.03
 3 -60  0.03  0.10  0.17  0.34  0.69  1.03  1.72  3.45  5.10  6.29  7.50  7.77  7.27  6.38  5.69  5.16  3.77  2.64  1.87  1.58  1.06  0.44  0.28  0.18  0.12  0.05  0.04  0.03
 3 -55  0.03  0.10  0.17  0.34  0.69  1.03  1.72  3.46  5.12  6.31  7.61  8.07  7.73  6.95  6.26  5.74  4.19  2.61  1.56  1.30  0.83  0.33  0.22  0.16  0.10  0.05  0.04  0.03
 3 -50  0.03  0.10  0.17  0.34  0.68  1.03  1.71  3.44  5.10  6.32  7.72  8.37  8.22  7.52  6.83  6.34  4.58  2.55  1.29  1.05  0.61  0.23  0.17  0.12  0.08  0.05  0.04  0.03
 3 -45  0.03  0.10  0.17  0.33  0.66  1.00  1.67  3.36  4.93  6.13  7.66  8.69  8.69  8.09  7.05  6.26  4.47  2.47  1.24  0.97  0.52  0.17  0.14  0.08  0.06  0.04  0.03  0.03
 3 -40  0.03  0.10  0.16  0.33  0.65  0.98  1.64  3.31  4.87  6.08  7.74  9.01  9.20  8.67  7.23  6.13  4.33  2.39  1.17  0.90  0.45  0.14  0.10  0.06  0.05  0.04  0.03  0.03
 3 -35  0.03  0.10  0.16  0.32  0.64  0.96  1.60  3.22  4.64  5.78  7.54  9.04  9.36  9.02  7.66  6.66  4.35  2.21  0.95  0.71  0.32  0.13  0.08  0.05  0.04  0.04  0.03  0.03
 3 -30  0.03  0.09  0.16  0.31  0.63  0.94  1.58  3.17  4.60  5.73  7.52  9.17  9.59  9.31  8.13  7.25  4.40  2.00  0.74  0.53  0.19  0.09  0.05  0.04  0.04  0.03  0.03  0.03
 3 -25  0.03  0.09  0.15  0.31  0.61  0.92  1.54  3.09  4.44  5.56  7.48  9.31  9.86  9.62  8.23  7.27  4.28  1.79  0.60  0.43  0.15  0.06  0.04  0.03  0.03  0.03  0.03  0.03
 3 -20  0.03  0.09  0.15  0.29  0.58  0.88  1.47  2.95  4.41  5.59  7.40  9.30 10.15 10.09  8.43  7.30  4.20  1.52  0.46  0.31  0.09  0.04  0.03  0.03  0.03  0.03  0.03  0.03
 3 -15  0.03  0.09  0.14  0.29  0.58  0.87  1.45  2.93  4.29  5.20  7.02  9.34 10.35 10.23  8.34  7.12  4.12  1.50  0.46  0.30  0.10  0.03  0.03  0.03  0.03  0.03  0.03  0.03
 3 -10  0.03  0.08  0.14  0.28  0.56  0.85  1.42  2.87  4.05  4.99  6.68  9.03 10.22 10.41  8.25  6.97  4.10  1.47  0.46  0.31  0.12  0.03  0.02  0.02  0.03  0.03  0.03  0.02
 3  -5  0.03  0.08  0.14  0.28  0.56  0.84  1.41  2.85  4.08  5.01  6.83  8.91 10.15 10.36  8.10  6.81  4.01  1.45  0.46  0.32  0.07  0.03  0.02  0.02  0.02  0.03  0.03  0.02
 3   0  0.03  0.09  0.15  0.30  0.60  0.90  1.51  3.07  4.22  5.23  7.02  9.32 10.65 10.62  8.04  6.59  3.82  1.34  0.45  0.31  0.13  0.03  0.02  0.02  0.02  0.03  0.03  0.02
 3   5  0.03  0.09  0.15  0.29  0.59  0.88  1.48  3.01  4.33  5.23  7.13  9.09 10.16 10.38  8.02  6.71  3.96  1.43  0.50  0.33  0.06  0.03  0.03  0.03  0.03  0.03  0.03  0.03
 3  10  0.03  0.09  0.14  0.29  0.58  0.87  1.45  2.94  4.18  5.08  6.92  8.73  9.60  9.78  8.04  6.94  4.14  1.59  0.57  0.39  0.07  0.03  0.03  0.03  0.03  0.03  0.04  0.04
 3  15  0.03  0.09  0.14  0.29  0.58  0.87  1.46  2.96  4.39  5.33  7.11  8.62  9.20  9.33  7.70  6.65  4.13  1.67  0.63  0.44  0.08  0.04  0.03  0.03  0.03  0.04  0.04  0.04
 3  20  0.03  0.09  0.15  0.30  0.61  0.91  1.53  3.10  4.51  5.59  7.26  8.68  9.21  9.14  7.47  6.46  4.28  1.76  0.65  0.47  0.19  0.05  0.04  0.04  0.04  0.04  0.04  0.04
 3  25  0.03  0.09  0.15  0.31  0.61  0.92  1.55  3.12  4.67  5.70  7.30  8.57  8.88  8.60  7.26  6.46  4.47  2.19  0.87  0.66  0.30  0.07  0.05  0.05  0.05  0.04  0.04  0.04
 3  30  0.03  0.10  0.16  0.32  0.64  0.96  1.60  3.24  4.80  5.99  7.51  8.47  8.70  8.34  7.24  6.55  4.75  2.47  1.05  0.81  0.39  0.20  0.10  0.07  0.06  0.05  0.04  0.04
 3  35  0.03  0.10  0.16  0.33  0.66  0.99  1.66  3.35  5.06  6.27  7.90  8.55  8.58  8.14  7.23  6.59  4.87  2.83  1.35  1.06  0.57  0.31  0.22  0.10  0.07  0.05  0.05  0.04
 3  40  0.03  0.10  0.17  0.34  0.69  1.03  1.73  3.50  5.15  6.40  7.96  8.64  8.48  7.80  7.00  6.54  4.97  3.19  1.73  1.32  0.77  0.42  0.30  0.14  0.09  0.05  0.05  0.05
 3  45  0.03  0.10  0.17  0.34  0.69  1.04  1.74  3.51  5.27  6.59  8.21  8.58  8.16  7.61  6.92  6.39  5.25  3.50  1.93  1.57  0.99  0.55  0.38  0.24  0.10  0.06  0.05  0.05
 3  50  0.03  0.10  0.17  0.34  0.69  1.03  1.73  3.50  5.43  6.87  8.19  8.36  7.73  7.10  6.62  6.22  5.52  3.75  2.19  1.81  1.16  0.66  0.43  0.30  0.12  0.06  0.05  0.05
 3  55  0.04  0.11  0.18  0.36  0.71  1.07  1.79  3.62  5.53  6.86  8.02  8.06  7.45  6.86  6.45  6.15  5.52  3.91  2.42  2.01  1.35  0.75  0.48  0.32  0.13  0.06  0.05  0.05
 3  60  0.04  0.11  0.18  0.37  0.74  1.12  1.87  3.77  5.68  7.00  7.98  7.81  7.17  6.60  6.28  6.07  5.51  4.06  2.68  2.24  1.54  0.85  0.54  0.34  0.13  0.07  0.05  0.05
 3  65  0.04  0.11  0.19  0.38  0.76  1.15  1.92  3.88  5.70  6.95  7.76  7.54  6.94  6.43  6.09  5.86  5.32  4.07  2.82  2.40  1.73  0.94  0.59  0.36  0.14  0.07  0.05  0.05
 3  70  0.04  0.12  0.20  0.39  0.79  1.18  1.97  3.99  5.72  6.89  7.55  7.25  6.70  6.26  5.90  5.64  5.13  4.08  2.96  2.56  1.92  1.03  0.64  0.39  0.14  0.07  0.05  0.05
 3  75  0.04  0.12  0.20  0.39  0.79  1.18  1.98  3.99  5.63  6.71  7.32  7.13  6.72  6.39  5.84  5.45  5.05  4.09  3.01  2.62  1.98  1.07  0.64  0.38  0.19  0.07  0.05  0.05
 3  80  0.04  0.12  0.20  0.39  0.79  1.19  1.98  4.00  5.53  6.52  7.09  7.00  6.75  6.52  5.78  5.27  4.98  4.08  3.03  2.66  2.02  1.11  0.63  0.37  0.18  0.07  0.05  0.05
 3  85  0.04  0.12  0.20  0.39  0.79  1.18  1.98  3.99  5.51  6.50  7.06  6.98  6.73  6.51  5.77  5.27  4.97  4.08  3.03  2.66  2.02  1.11  0.63  0.37  0.18  0.07  0.05  0.05
 3  90  0.04  0.12  0.20  0.39  0.79  1.18  1.98  3.98  5.50  6.47  7.03  6.95  6.71  6.50  5.76  5.26  4.97  4.08  3.03  2.66  2.02  1.11  0.63  0.37  0.18  0.07  0.05  0.05
 4 -90  0.05  0.16  0.26  0.53  1.06  1.60  2.67  5.41  6.14  6.32  6.06  5.38  4.82  4.22  3.56  2.78  2.33  2.85  2.39  2.04  1.35  0.47  0.28  0.18  0.10  0.05  0.03  0.03
 4 -85  0.05  0.16  0.26  0.53  1.06  1.60  2.67  5.40  6.14  6.32  6.06  5.39  4.83  4.21  3.55  2.77  2.33  2.85  2.38  2.03  1.35  0.47  0.28  0.18  0.10  0.05  0.03  0.03
 4 -80  0.05  0.16  0.26  0.53  1.06  1.60  2.67  5.40  6.13  6.32  6.07  5.39  4.83  4.21  3.55  2.77  2.33  2.85  2.38  2.03  1.35  0.47  0.28  0.18  0.10  0.05  0.03  0.03
 4 -75  0.05  0.15  0.25  0.51  1.02  1.53  2.57  5.18  6.34  6.79  6.61  5.87  5.25  4.59  3.96  3.21  2.64  2.81  2.33  2.00  1.35  0.45  0.27  0.17  0.10  0.05  0.03  0.03
 4 -70  0.05  0.15  0.24  0.49  0.98  1.47  2.47  4.97  6.51  7.25  7.14  6.38  5.68  4.97  4.34  3.70  3.05  2.76  2.26  1.95  1.33  0.43  0.27  0.17  0.11  0.05  0.03  0.03
 4 -65  0.05  0.14  0.23  0.47  0.94  1.41  2.36  4.76  6.45  7.36  7.49  6.92  6.20  5.45  4.85  4.35  3.51  2.77  2.07  1.77  1.20  0.40  0.24  0.16  0.10  0.05  0.04  0.03
 4 -60  0.05  0.14  0.23  0.45  0.90  1.36  2.26  4.56  6.40  7.47  7.85  7.45  6.72  5.94  5.35  4.96  3.95  2.79  1.90  1.60  1.06  0.36  0.22  0.15  0.10  0.05  0.04  0.03
 4 -55  0.04  0.13  0.22  0.43  0.87  1.30  2.17  4.36  6.27  7.42  8.02  7.79  7.15  6.39  5.93  5.69  4.39  2.73  1.63  1.34  0.82  0.29  0.17  0.13  0.09  0.05  0.04  0.03
 4 -50  0.04  0.12  0.21  0.41  0.82  1.24  2.07  4.15  6.16  7.43  8.23  8.14  7.64  6.86  6.56  6.43  4.78  2.62  1.38  1.09  0.59  0.22  0.13  0.11  0.07  0.04  0.03  0.03
 4 -45  0.04  0.12  0.19  0.39  0.78  1.17  1.96  3.96  5.86  7.16  8.21  8.51  8.20  7.49  6.84  6.32  4.62  2.49  1.33  1.02  0.51  0.18  0.11  0.08  0.05  0.04  0.03  0.03
 4 -40  0.04  0.11  0.19  0.37  0.75  1.12  1.88  3.79  5.58  6.93  8.24  8.87  8.73  8.12  6.98  6.13  4.47  2.36  1.24  0.94  0.45  0.15  0.11  0.06  0.04  0.03  0.03  0.03
 4 -35  0.04  0.11  0.18  0.35  0.71  1.06  1.77  3.57  5.24  6.47  7.99  8.96  9.05  8.57  7.20  6.17  4.29  2.16  1.05  0.80  0.37  0.13  0.08  0.05  0.04  0.03  0.03  0.03
 4 -30  0.03  0.10  0.17  0.34  0.68  1.02  1.70  3.42  5.04  6.25  7.85  9.12  9.36  9.02  7.43  6.25  4.15  1.96  0.88  0.66  0.29  0.09  0.06  0.04  0.03  0.03  0.03  0.03
 4 -25  0.03  0.10  0.16  0.33  0.65  0.98  1.64  3.30  4.79  5.96  7.70  9.22  9.70  9.47  7.77  6.59  4.16  1.83  0.68  0.50  0.20  0.06  0.04  0.03  0.03  0.03  0.03  0.03
 4 -20  0.03  0.09  0.16  0.31  0.62  0.94  1.57  3.17  4.74  5.98  7.60  9.16  9.97 10.09  8.19  6.92  4.20  1.60  0.48  0.34  0.11  0.04  0.03  0.03  0.03  0.03  0.03  0.03
 4 -15  0.03  0.09  0.15  0.31  0.61  0.92  1.54  3.13  4.56  5.56  7.26  9.18 10.06 10.17  8.29  7.03  4.15  1.51  0.45  0.31  0.11  0.03  0.02  0.02  0.02  0.03  0.03  0.03
 4 -10  0.03  0.09  0.15  0.30  0.61  0.91  1.52  3.09  4.33  5.32  6.87  8.85  9.93 10.30  8.37  7.18  4.18  1.44  0.43  0.30  0.12  0.03  0.02  0.02  0.02  0.03  0.03  0.02
 4  -5  0.03  0.09  0.15  0.30  0.60  0.90  1.51  3.07  4.29  5.22  6.91  8.71  9.80 10.24  8.30  7.15  4.17  1.45  0.42  0.30  0.13  0.03  0.02  0.02  0.02  0.03  0.02  0.02
 4   0  0.03  0.09  0.15  0.31  0.61  0.93  1.55  3.16  4.33  5.32  7.01  9.04 10.23 10.50  8.30  7.05  4.06  1.36  0.41  0.29  0.13  0.03  0.02  0.02  0.02  0.03  0.03  0.02
 4   5  0.03  0.09  0.15  0.30  0.61  0.91  1.53  3.11  4.42  5.27  7.06  8.87  9.94 10.28  8.15  7.03  4.19  1.47  0.57  0.39  0.14  0.03  0.02  0.02  0.02  0.03  0.03  0.03
 4  10  0.03  0.09  0.15  0.30  0.59  0.89  1.49  3.01  4.17  5.02  6.83  8.59  9.51  9.69  8.06  7.13  4.38  1.62  0.76  0.52  0.16  0.03  0.03  0.03  0.03  0.03  0.04  0.03
 4  15  0.03  0.09  0.15  0.30  0.59  0.89  1.49  3.01  4.36  5.28  7.11  8.63  9.20  9.27  7.78  6.88  4.33  1.74  0.84  0.58  0.19  0.04  0.03  0.03  0.03  0.04  0.04  0.04
 4  20  0.03  0.09  0.15  0.31  0.61  0.92  1.54  3.12  4.49  5.50  7.24  8.77  9.28  9.10  7.63  6.74  4.40  1.84  0.89  0.62  0.21  0.05  0.04  0.04  0.04  0.04  0.04  0.04
 4  25  0.03  0.09  0.15  0.31  0.61  0.92  1.55  3.12  4.55  5.56  7.23  8.65  8.98  8.73  7.50  6.69  4.53  2.16  1.03  0.76  0.31  0.09  0.06  0.05  0.05  0.05  0.05  0.04
 4  30  0.03  0.09  0.15  0.31  0.62  0.93  1.56  3.15  4.64  5.75  7.39  8.56  8.87  8.61  7.49  6.75  4.73  2.37  1.15  0.87  0.40  0.17  0.10  0.07  0.06  0.05  0.05  0.04
 4  35  0.03  0.09  0.16  0.31  0.63  0.94  1.57  3.18  4.75  5.89  7.65  8.65  8.89  8.52  7.47  6.74  4.75  2.66  1.38  1.07  0.58  0.33  0.16  0.09  0.07  0.05  0.05  0.05
 4  40  0.03  0.09  0.16  0.32  0.64  0.96  1.60  3.24  4.69  5.83  7.50  8.73  8.93  8.37  7.29  6.65  4.75  2.93  1.66  1.29  0.77  0.44  0.30  0.13  0.08  0.06  0.05  0.05
 4  45  0.03  0.09  0.16  0.31  0.63  0.94  1.58  3.19  4.76  5.95  7.79  8.78  8.70  8.19  7.18  6.48  4.87  3.18  1.80  1.47  0.94  0.53  0.38  0.17  0.10  0.06  0.05  0.05
 4  50  0.03  0.09  0.15  0.30  0.61  0.92  1.54  3.11  4.77  6.08  7.77  8.61  8.33  7.75  6.89  6.27  4.96  3.37  2.02  1.67  1.06  0.61  0.42  0.29  0.12  0.07  0.05  0.05
 4  55  0.03  0.09  0.15  0.31  0.61  0.92  1.54  3.12  4.75  6.03  7.68  8.38  8.06  7.43  6.58  5.99  5.06  3.57  2.23  1.86  1.23  0.69  0.47  0.33  0.13  0.07  0.06  0.05
 4  60  0.03  0.09  0.16  0.31  0.63  0.94  1.58  3.19  4.85  6.15  7.70  8.20  7.77  7.08  6.27  5.72  5.17  3.79  2.48  2.08  1.41  0.78  0.55  0.35  0.14  0.07  0.06  0.05
 4  65  0.03  0.09  0.16  0.32  0.63  0.95  1.59  3.21  4.84  6.12  7.52  7.86  7.37  6.69  6.05  5.61  5.05  3.82  2.66  2.25  1.56  0.92  0.65  0.40  0.15  0.07  0.06  0.05
 4  70  0.03  0.10  0.16  0.32  0.64  0.96  1.60  3.24  4.83  6.09  7.34  7.51  6.98  6.29  5.83  5.50  4.93  3.86  2.85  2.42  1.70  1.05  0.75  0.46  0.23  0.07  0.06  0.05
 4  75  0.03  0.10  0.16  0.32  0.65  0.98  1.63  3.29  4.80  5.99  7.01  7.05  6.54  5.93  5.63  5.41  4.88  3.93  2.95  2.53  1.83  1.12  0.76  0.45  0.22  0.08  0.06  0.05
 4  80  0.03  0.10  0.17  0.33  0.66  1.00  1.66  3.35  4.77  5.89  6.68  6.59  6.09  5.56  5.43  5.33  4.85  3.98  3.03  2.61  1.93  1.17  0.77  0.45  0.21  0.08  0.06  0.05
 4  85  0.03  0.10  0.17  0.33  0.66  0.99  1.66  3.34  4.75  5.87  6.66  6.57  6.07  5.55  5.42  5.32  4.85  3.98  3.03  2.61  1.93  1.17  0.77  0.45  0.21  0.08  0.06  0.05
 4  90  0.03  0.10  0.17  0.33  0.66  0.99  1.66  3.34  4.74  5.85  6.63  6.54  6.05  5.54  5.41  5.31  4.84  3.98  3.03  2.61  1.93  1.17  0.77  0.45  0.21  0.08  0.06  0.05
 5 -90  0.06  0.17  0.29  0.58  1.16  1.75  2.94  5.96  6.61  6.83  6.17  4.85  4.05  3.39  3.13  2.85  3.04  2.95  2.29  1.93  1.28  0.46  0.25  0.15  0.08  0.04  0.03  0.03
 5 -85  0.06  0.17  0.29  0.58  1.16  1.75  2.94  5.96  6.60  6.83  6.17  4.85  4.06  3.38  3.12  2.85  3.04  2.95  2.28  1.92  1.28  0.46  0.25  0.15  0.08  0.04  0.03  0.03
 5 -80  0.06  0.17  0.29  0.58  1.16  1.75  2.94  5.95  6.60  6.83  6.18  4.86  4.06  3.38  3.12  2.85  3.04  2.95  2.28  1.92  1.28  0.46  0.25  0.15  0.08  0.04  0.03  0.03
 5 -75  0.06  0.17  0.28  0.57  1.14  1.71  2.86  5.79  6.66  7.05  6.63  5.50  4.78  4.10  3.67  3.21  3.09  2.81  2.13  1.79  1.21  0.44  0.23  0.14  0.09  0.04  0.03  0.03
 5 -70  0.05  0.16  0.27  0.55  1.10  1.65  2.77  5.59  6.71  7.25  7.05  6.14  5.50  4.84  4.25  3.64  3.16  2.66  1.95  1.65  1.11  0.40  0.22  0.14  0.09  0.04  0.03  0.03
 5 -65  0.05  0.16  0.27  0.55  1.10  1.66  2.77  5.59  6.94  7.57  7.33  6.50  5.87  5.20  4.84  4.38  3.72  2.76  1.88  1.57  1.01  0.39  0.21  0.14  0.08  0.04  0.03  0.03
 5 -60  0.06  0.17  0.28  0.55  1.10  1.66  2.77  5.59  7.17  7.91  7.64  6.86  6.23  5.57  5.30  5.09  4.34  2.90  1.83  1.49  0.90  0.38  0.21  0.14  0.08  0.04  0.03  0.03
 5 -55  0.05  0.16  0.26  0.53  1.06  1.59  2.66  5.35  7.12  8.05  7.92  7.29  6.60  5.91  5.64  5.56  4.62  2.75  1.65  1.32  0.75  0.35  0.19  0.14  0.07  0.04  0.03  0.03
 5 -50  0.05  0.15  0.25  0.51  1.02  1.53  2.56  5.15  7.16  8.31  8.29  7.71  7.06  6.31  6.04  6.05  4.84  2.55  1.48  1.15  0.60  0.34  0.18  0.10  0.06  0.04  0.03  0.03
 5 -45  0.05  0.14  0.23  0.47  0.94  1.41  2.36  4.76  6.82  8.05  8.44  8.18  7.70  6.99  6.48  6.10  4.72  2.46  1.41  1.07  0.51  0.29  0.15  0.08  0.05  0.04  0.03  0.03
 5 -40  0.04  0.13  0.21  0.43  0.86  1.29  2.16  4.35  6.36  7.70  8.52  8.57  8.20  7.57  6.68  6.09  4.65  2.39  1.30  0.97  0.44  0.24  0.12  0.07  0.04  0.03  0.03  0.03
 5 -35  0.04  0.12  0.20  0.39  0.79  1.18  1.98  3.99  5.85  7.12  8.25  8.70  8.59  8.03  7.13  6.47  4.54  2.17  1.07  0.80  0.34  0.19  0.10  0.06  0.04  0.03  0.03  0.03
 5 -30  0.04  0.11  0.18  0.36  0.73  1.10  1.83  3.70  5.49  6.76  8.07  8.86  8.89  8.48  7.56  6.88  4.50  1.99  0.85  0.62  0.23  0.10  0.06  0.04  0.04  0.03  0.03  0.03
 5 -25  0.03  0.10  0.17  0.35  0.70  1.05  1.75  3.54  5.16  6.36  7.85  8.95  9.30  9.00  7.75  6.90  4.40  1.91  0.70  0.51  0.18  0.06  0.04  0.03  0.03  0.03  0.03  0.03
 5 -20  0.03  0.10  0.17  0.33  0.67  1.00  1.68  3.40  5.08  6.33  7.76  8.90  9.56  9.72  8.01  6.91  4.30  1.75  0.55  0.39  0.12  0.04  0.03  0.03  0.03  0.03  0.03  0.03
 5 -15  0.03  0.10  0.16  0.32  0.65  0.98  1.64  3.32  4.85  5.97  7.56  9.03  9.65  9.86  8.23  7.08  4.26  1.62  0.46  0.33  0.12  0.03  0.03  0.02  0.03  0.03  0.03  0.03
 5 -10  0.03  0.10  0.16  0.32  0.64  0.97  1.63  3.30  4.66  5.75  7.24  8.81  9.63  9.97  8.37  7.29  4.33  1.52  0.40  0.28  0.11  0.03  0.02  0.02  0.02  0.03  0.03  0.03
 5  -5  0.03  0.10  0.16  0.32  0.64  0.96  1.62  3.29  4.57  5.57  7.22  8.74  9.47  9.91  8.21  7.07  4.13  1.37  0.36  0.26  0.11  0.03  0.02  0.02  0.02  0.03  0.03  0.02
 5   0  0.03  0.09  0.16  0.32  0.63  0.95  1.60  3.25  4.53  5.52  7.22  8.96  9.75 10.09  8.08  6.77  3.87  1.14  0.31  0.22  0.11  0.03  0.02  0.02  0.02  0.03  0.03  0.02
 5   5  0.03  0.09  0.16  0.31  0.63  0.94  1.58  3.21  4.55  5.44  7.17  8.84  9.73 10.03  8.07  6.98  4.18  1.39  0.47  0.33  0.16  0.03  0.02  0.02  0.02  0.03  0.03  0.02
 5  10  0.03  0.09  0.15  0.30  0.61  0.91  1.53  3.09  4.23  5.10  6.89  8.59  9.50  9.66  8.12  7.30  4.57  1.68  0.66  0.48  0.22  0.03  0.03  0.03  0.03  0.03  0.03  0.03
 5  15  0.03  0.09  0.15  0.30  0.60  0.91  1.52  3.08  4.34  5.29  7.13  8.71  9.32  9.34  7.95  7.15  4.47  1.83  0.75  0.56  0.25  0.04  0.03  0.03  0.03  0.04  0.04  0.04
 5  20  0.03  0.09  0.15  0.31  0.62  0.93  1.56  3.16  4.45  5.45  7.17  8.85  9.43  9.16  7.88  7.11  4.42  1.94  0.81  0.59  0.28  0.05  0.04  0.04  0.04  0.04  0.04  0.04
 5  25  0.03  0.09  0.15  0.31  0.61  0.92  1.54  3.11  4.42  5.41  7.12  8.68  9.09  8.89  7.74  6.93  4.60  2.17  0.96  0.73  0.36  0.09  0.06  0.05  0.05  0.05  0.05  0.04
 5  30  0.03  0.09  0.15  0.30  0.60  0.91  1.51  3.06  4.45  5.46  7.18  8.51  8.94  8.80  7.66  6.85  4.83  2.34  1.10  0.86  0.44  0.16  0.08  0.06  0.05  0.05  0.05  0.04
 5  35  0.03  0.09  0.15  0.30  0.60  0.91  1.52  3.06  4.48  5.54  7.31  8.53  8.95  8.73  7.60  6.80  4.83  2.60  1.28  1.01  0.57  0.32  0.13  0.08  0.06  0.05  0.05  0.05
 5  40  0.03  0.09  0.15  0.30  0.61  0.91  1.53  3.09  4.34  5.37  6.99  8.49  8.97  8.63  7.43  6.68  4.83  2.81  1.49  1.18  0.71  0.41  0.20  0.11  0.08  0.06  0.05  0.05
 5  45  0.03  0.09  0.15  0.29  0.59  0.88  1.48  3.00  4.36  5.39  7.19  8.50  8.77  8.39  7.26  6.52  4.83  2.97  1.63  1.35  0.88  0.49  0.34  0.15  0.09  0.06  0.06  0.05
 5  50  0.03  0.08  0.14  0.28  0.56  0.84  1.41  2.86  4.26  5.34  7.06  8.29  8.42  8.01  7.01  6.30  4.79  3.08  1.84  1.54  1.01  0.58  0.40  0.19  0.11  0.07  0.06  0.05
 5  55  0.03  0.08  0.14  0.27  0.55  0.82  1.37  2.78  4.12  5.16  6.88  8.05  8.13  7.63  6.65  5.98  4.77  3.22  2.00  1.69  1.11  0.63  0.45  0.31  0.12  0.07  0.06  0.05
 5  60  0.03  0.08  0.14  0.27  0.55  0.83  1.38  2.80  4.13  5.18  6.85  7.88  7.85  7.23  6.31  5.69  4.74  3.36  2.20  1.85  1.22  0.71  0.52  0.34  0.14  0.07  0.06  0.05
 5  65  0.03  0.08  0.13  0.27  0.54  0.81  1.35  2.73  4.04  5.05  6.66  7.53  7.39  6.72  5.82  5.20  4.38  3.35  2.36  2.01  1.38  0.82  0.61  0.40  0.15  0.08  0.06  0.05
 5  70  0.03  0.08  0.13  0.26  0.52  0.79  1.32  2.67  3.94  4.93  6.47  7.18  6.93  6.21  5.33  4.70  4.02  3.34  2.53  2.17  1.54  0.92  0.70  0.46  0.29  0.08  0.06  0.05
 5  75  0.03  0.08  0.13  0.26  0.52  0.79  1.32  2.66  3.96  4.97  6.46  6.92  6.53  5.76  5.11  4.65  4.11  3.41  2.58  2.22  1.59  0.96  0.70  0.46  0.28  0.08  0.06  0.05
 5  80  0.03  0.08  0.13  0.26  0.52  0.79  1.32  2.65  3.98  5.02  6.45  6.66  6.12  5.30  4.89  4.60  4.22  3.48  2.61  2.25  1.62  0.98  0.70  0.45  0.27  0.09  0.06  0.05
 5  85  0.03  0.08  0.13  0.26  0.52  0.79  1.31  2.64  3.97  4.99  6.42  6.64  6.10  5.29  4.88  4.59  4.21  3.47  2.61  2.25  1.62  0.98  0.70  0.45  0.27  0.09  0.06  0.05
 5  90  0.03  0.08  0.13  0.26  0.52  0.79  1.31  2.64  3.95  4.97  6.39  6.61  6.08  5.28  4.87  4.58  4.21  3.47  2.61  2.25  1.62  0.98  0.70  0.45  0.27  0.09  0.06  0.05
 6 -90  0.06  0.18  0.29  0.59  1.18  1.78  2.99  6.07  6.84  7.21  6.52  4.99  4.29  3.90  3.47  3.21  3.04  2.90  2.15  1.86  1.32  0.47  0.21  0.12  0.07  0.04  0.03  0.03
 6 -85  0.06  0.18  0.29  0.59  1.18  1.78  2.99  6.07  6.84  7.21  6.52  5.00  4.30  3.90  3.47  3.20  3.04  2.90  2.15  1.85  1.32  0.47  0.21  0.13  0.07  0.04  0.03  0.03
 6 -80  0.06  0.18  0.29  0.59  1.18  1.78  2.99  6.06  6.83  7.21  6.53  5.00  4.30  3.90  3.46  3.20  3.04  2.90  2.14  1.85  1.32  0.47  0.21  0.13  0.07  0.04  0.03  0.03
 6 -75  0.06  0.18  0.29  0.59  1.18  1.77  2.97  6.03  6.85  7.29  6.88  5.54  4.86  4.34  3.82  3.41  3.15  2.88  2.09  1.81  1.32  0.47  0.20  0.13  0.07  0.04  0.03  0.03
 6 -70  0.06  0.17  0.29  0.58  1.17  1.75  2.94  5.95  6.87  7.36  7.19  6.09  5.44  4.80  4.23  3.69  3.27  2.84  2.03  1.75  1.28  0.46  0.20  0.13  0.07  0.04  0.03  0.03
 6 -65  0.06  0.17  0.29  0.57  1.15  1.73  2.89  5.84  6.94  7.53  7.29  6.29  5.66  5.00  4.70  4.31  3.72  2.89  2.00  1.68  1.17  0.46  0.23  0.13  0.07  0.04  0.03  0.03
 6 -60  0.06  0.17  0.28  0.56  1.13  1.70  2.84  5.73  7.00  7.65  7.36  6.50  5.87  5.21  5.10  4.89  4.20  2.97  1.96  1.62  1.08  0.45  0.26  0.13  0.07  0.04  0.03  0.03
 6 -55  0.05  0.16  0.27  0.55  1.10  1.65  2.76  5.56  7.14  7.93  7.62  6.85  6.16  5.51  5.42  5.41  4.51  2.87  1.75  1.44  0.90  0.39  0.27  0.13  0.07  0.04  0.03  0.03
 6 -50  0.05  0.16  0.27  0.55  1.09  1.64  2.74  5.52  7.38  8.41  7.97  7.23  6.56  5.87  5.78  5.93  4.77  2.68  1.53  1.24  0.74  0.35  0.27  0.11  0.06  0.04  0.03  0.03
 6 -45  0.05  0.15  0.25  0.50  1.00  1.50  2.51  5.08  7.11  8.29  8.36  7.88  7.36  6.67  6.23  5.94  4.69  2.59  1.46  1.16  0.65  0.32  0.24  0.09  0.05  0.03  0.03  0.03
 6 -40  0.04  0.13  0.22  0.45  0.89  1.34  2.25  4.54  6.63  7.96  8.57  8.36  7.88  7.26  6.40  5.89  4.67  2.51  1.36  1.07  0.59  0.28  0.20  0.08  0.05  0.03  0.03  0.03
 6 -35  0.04  0.12  0.20  0.41  0.81  1.22  2.05  4.13  6.03  7.30  8.26  8.51  8.34  7.75  6.87  6.26  4.71  2.28  1.12  0.88  0.47  0.22  0.12  0.07  0.05  0.03  0.03  0.03
 6 -30  0.04  0.11  0.18  0.37  0.74  1.11  1.86  3.74  5.57  6.83  8.03  8.67  8.65  8.21  7.28  6.64  4.82  2.12  0.87  0.67  0.32  0.15  0.07  0.05  0.04  0.03  0.03  0.03
 6 -25  0.04  0.11  0.18  0.36  0.72  1.08  1.80  3.64  5.32  6.49  7.83  8.72  9.00  8.65  7.52  6.79  4.64  1.96  0.70  0.53  0.23  0.06  0.04  0.04  0.03  0.03  0.03  0.03
 6 -20  0.03  0.10  0.17  0.35  0.70  1.05  1.76  3.56  5.30  6.53  7.82  8.67  9.17  9.30  7.83  6.92  4.45  1.75  0.53  0.38  0.13  0.04  0.03  0.03  0.03  0.03  0.03  0.03
 6 -15  0.03  0.10  0.17  0.34  0.68  1.02  1.71  3.46  5.08  6.30  7.82  8.90  9.30  9.50  8.01  6.90  4.22  1.62  0.49  0.35  0.13  0.04  0.03  0.03  0.03  0.03  0.03  0.03
 6 -10  0.03  0.10  0.17  0.34  0.68  1.02  1.70  3.46  4.96  6.14  7.62  8.84  9.35  9.55  8.05  6.90  4.11  1.54  0.47  0.34  0.13  0.03  0.03  0.03  0.03  0.03  0.03  0.03
 6  -5  0.03  0.10  0.17  0.34  0.67  1.01  1.70  3.46  4.84  5.90  7.56  8.85  9.20  9.48  8.20  7.13  4.24  1.51  0.43  0.32  0.13  0.03  0.03  0.02  0.03  0.03  0.03  0.03
 6   0  0.03  0.10  0.16  0.32  0.64  0.97  1.63  3.31  4.68  5.69  7.42  8.92  9.28  9.55  8.31  7.30  4.33  1.43  0.39  0.29  0.14  0.03  0.03  0.02  0.03  0.03  0.03  0.02
 6   5  0.03  0.10  0.16  0.32  0.65  0.97  1.63  3.31  4.68  5.65  7.33  8.90  9.53  9.68  8.23  7.31  4.49  1.57  0.48  0.35  0.18  0.03  0.03  0.02  0.03  0.03  0.03  0.02
 6  10  0.03  0.09  0.16  0.31  0.62  0.94  1.57  3.18  4.37  5.30  7.05  8.70  9.50  9.59  8.18  7.42  4.72  1.72  0.63  0.46  0.22  0.03  0.03  0.03  0.03  0.03  0.03  0.03
 6  15  0.03  0.09  0.16  0.31  0.62  0.94  1.57  3.18  4.42  5.44  7.25  8.85  9.44  9.41  7.96  7.15  4.65  1.85  0.70  0.53  0.25  0.04  0.03  0.03  0.03  0.04  0.04  0.03
 6  20  0.03  0.10  0.16  0.32  0.64  0.96  1.61  3.25  4.55  5.56  7.25  8.93  9.53  9.21  7.82  6.97  4.56  1.94  0.75  0.55  0.27  0.06  0.04  0.04  0.04  0.04  0.04  0.04
 6  25  0.03  0.09  0.16  0.31  0.62  0.94  1.57  3.17  4.43  5.44  7.18  8.73  9.16  8.99  7.85  7.01  4.66  2.07  0.83  0.62  0.31  0.09  0.05  0.05  0.05  0.05  0.04  0.04
 6  30  0.03  0.09  0.15  0.30  0.61  0.91  1.53  3.09  4.42  5.37  7.12  8.51  8.98  8.88  7.89  7.13  4.80  2.21  0.90  0.70  0.35  0.12  0.07  0.05  0.05  0.05  0.05  0.04
 6  35  0.03  0.09  0.15  0.30  0.60  0.91  1.52  3.07  4.41  5.40  7.16  8.46  8.90  8.76  7.69  6.89  4.75  2.48  1.13  0.88  0.46  0.18  0.09  0.07  0.06  0.05  0.05  0.04
 6  40  0.03  0.09  0.15  0.30  0.60  0.90  1.51  3.05  4.22  5.19  6.77  8.30  8.84  8.65  7.43  6.64  4.73  2.73  1.38  1.09  0.60  0.32  0.15  0.09  0.07  0.06  0.05  0.05
 6  45  0.03  0.09  0.14  0.29  0.58  0.87  1.45  2.94  4.20  5.17  6.84  8.19  8.57  8.29  7.17  6.44  4.75  2.84  1.51  1.25  0.79  0.41  0.27  0.12  0.08  0.06  0.06  0.05
 6  50  0.03  0.08  0.13  0.27  0.54  0.81  1.36  2.76  4.05  5.03  6.65  7.92  8.22  7.90  6.91  6.20  4.72  2.92  1.70  1.42  0.93  0.51  0.35  0.16  0.10  0.07  0.06  0.05
 6  55  0.03  0.08  0.13  0.26  0.52  0.78  1.30  2.64  3.83  4.74  6.34  7.57  7.84  7.45  6.51  5.86  4.52  2.97  1.81  1.53  1.00  0.55  0.40  0.19  0.11  0.07  0.06  0.05
 6  60  0.03  0.08  0.13  0.26  0.51  0.77  1.29  2.61  3.77  4.67  6.21  7.34  7.51  7.01  6.15  5.57  4.32  3.03  1.95  1.64  1.07  0.60  0.46  0.29  0.12  0.07  0.06  0.05
 6  65  0.02  0.07  0.12  0.25  0.49  0.74  1.24  2.52  3.64  4.52  6.05  7.05  7.11  6.51  5.63  5.01  3.95  2.97  2.07  1.76  1.20  0.67  0.53  0.34  0.13  0.07  0.06  0.05
 6  70  0.02  0.07  0.12  0.24  0.48  0.72  1.20  2.42  3.51  4.36  5.88  6.76  6.70  6.01  5.10  4.46  3.58  2.91  2.20  1.89  1.32  0.74  0.60  0.38  0.15  0.08  0.06  0.05
 6  75  0.02  0.07  0.11  0.23  0.46  0.69  1.16  2.33  3.44  4.30  5.88  6.63  6.43  5.66  4.85  4.27  3.59  2.92  2.25  1.94  1.38  0.78  0.63  0.40  0.16  0.08  0.06  0.05
 6  80  0.02  0.07  0.11  0.22  0.44  0.67  1.11  2.24  3.36  4.24  5.88  6.50  6.16  5.30  4.59  4.09  3.62  2.95  2.29  1.99  1.44  0.80  0.64  0.41  0.24  0.09  0.06  0.05
 6  85  0.02  0.07  0.11  0.22  0.44  0.66  1.11  2.23  3.35  4.22  5.85  6.47  6.14  5.29  4.58  4.08  3.61  2.95  2.29  1.99  1.44  0.80  0.64  0.41  0.24  0.09  0.06  0.05
 6  90  0.02  0.07  0.11  0.22  0.44  0.66  1.11  2.22  3.33  4.20  5.82  6.45  6.12  5.28  4.57  4.07  3.61  2.95  2.29  1.99  1.44  0.80  0.64  0.41  0.24  0.09  0.06  0.05
 7 -90  0.05  0.16  0.27  0.53  1.07  1.60  2.69  5.48  6.34  6.80  6.37  5.19  4.52  4.19  3.61  3.31  3.21  2.76  2.12  1.82  1.23  0.49  0.27  0.12  0.06  0.04  0.03  0.03
 7 -85  0.05  0.16  0.27  0.53  1.07  1.60  2.69  5.48  6.34  6.80  6.38  5.19  4.53  4.18  3.60  3.31  3.21  2.77  2.12  1.82  1.23  0.49  0.27  0.12  0.07  0.04  0.03  0.03
 7 -80  0.05  0.16  0.27  0.53  1.07  1.60  2.69  5.47  6.33  6.80  6.39  5.20  4.53  4.18  3.60  3.30  3.21  2.77  2.12  1.81  1.23  0.49  0.27  0.12  0.06  0.04  0.03  0.03
 7 -75  0.05  0.15  0.25  0.50  1.00  1.50  2.51  5.11  6.09  6.63  6.59  5.65  5.11  4.68  3.91  3.41  3.09  2.74  2.10  1.81  1.27  0.49  0.28  0.12  0.06  0.04  0.03  0.03
 7 -70  0.05  0.14  0.23  0.46  0.91  1.38  2.31  4.68  5.81  6.45  6.73  6.13  5.72  5.14  4.27  3.57  3.01  2.71  2.06  1.78  1.28  0.49  0.29  0.12  0.06  0.04  0.03  0.03
 7 -65  0.05  0.14  0.23  0.47  0.93  1.40  2.35  4.76  6.09  6.80  7.02  6.30  5.76  5.08  4.71  4.28  3.66  2.81  2.00  1.71  1.22  0.48  0.25  0.13  0.07  0.04  0.03  0.03
 7 -60  0.05  0.14  0.24  0.47  0.95  1.42  2.38  4.79  6.32  7.11  7.25  6.48  5.81  5.05  5.10  4.98  4.30  2.94  1.94  1.64  1.16  0.46  0.28  0.14  0.07  0.04  0.03  0.03
 7 -55  0.05  0.14  0.23  0.46  0.91  1.37  2.29  4.61  6.38  7.30  7.51  6.90  6.13  5.38  5.49  5.57  4.62  2.91  1.78  1.48  0.97  0.39  0.27  0.14  0.07  0.04  0.03  0.03
 7 -50  0.05  0.14  0.23  0.46  0.91  1.37  2.29  4.60  6.53  7.70  7.85  7.32  6.56  5.75  5.86  6.17  4.90  2.79  1.60  1.30  0.78  0.33  0.26  0.13  0.07  0.04  0.03  0.03
 7 -45  0.04  0.13  0.22  0.44  0.88  1.32  2.22  4.47  6.50  7.72  8.25  7.96  7.44  6.69  6.35  6.19  4.89  2.78  1.57  1.26  0.69  0.31  0.23  0.12  0.06  0.04  0.03  0.03
 7 -40  0.04  0.12  0.21  0.41  0.83  1.25  2.09  4.22  6.19  7.53  8.38  8.36  7.92  7.33  6.55  6.16  4.94  2.80  1.53  1.20  0.64  0.27  0.20  0.11  0.06  0.04  0.03  0.03
 7 -35  0.04  0.12  0.19  0.39  0.78  1.17  1.96  3.96  5.80  7.05  8.13  8.48  8.34  7.78  6.84  6.23  4.83  2.56  1.32  1.02  0.52  0.22  0.16  0.09  0.06  0.04  0.03  0.03
 7 -30  0.04  0.11  0.18  0.37  0.73  1.10  1.84  3.71  5.50  6.74  7.96  8.61  8.60  8.15  7.02  6.29  4.79  2.41  1.09  0.83  0.38  0.16  0.08  0.06  0.05  0.04  0.03  0.03
 7 -25  0.04  0.11  0.18  0.36  0.72  1.09  1.82  3.68  5.40  6.57  7.87  8.64  8.87  8.48  7.28  6.54  4.65  2.14  0.86  0.65  0.27  0.06  0.05  0.04  0.04  0.03  0.03  0.03
 7 -20  0.04  0.11  0.18  0.36  0.72  1.08  1.81  3.66  5.46  6.67  7.97  8.66  9.00  9.01  7.63  6.80  4.48  1.87  0.64  0.46  0.16  0.05  0.03  0.03  0.03  0.03  0.03  0.03
 7 -15  0.03  0.10  0.17  0.34  0.69  1.04  1.74  3.52  5.22  6.54  8.07  8.96  9.22  9.34  7.99  6.93  4.15  1.66  0.56  0.41  0.16  0.04  0.03  0.03  0.03  0.03  0.03  0.03
 7 -10  0.03  0.10  0.17  0.34  0.68  1.03  1.73  3.50  5.12  6.37  7.93  9.02  9.35  9.37  8.15  7.10  3.96  1.48  0.50  0.38  0.15  0.03  0.03  0.03  0.03  0.03  0.03  0.03
 7  -5  0.03  0.10  0.17  0.34  0.68  1.02  1.72  3.50  4.95  6.06  7.82  9.10  9.21  9.30  8.20  7.07  4.14  1.51  0.49  0.37  0.16  0.03  0.03  0.03  0.03  0.03  0.03  0.03
 7   0  0.03  0.09  0.16  0.32  0.64  0.96  1.61  3.26  4.67  5.66  7.49  8.97  9.07  9.23  8.14  7.01  4.30  1.51  0.48  0.36  0.17  0.03  0.03  0.03  0.03  0.03  0.03  0.03
 7   5  0.03  0.10  0.16  0.32  0.65  0.98  1.64  3.33  4.72  5.74  7.45  9.09  9.52  9.51  8.23  7.22  4.50  1.68  0.57  0.42  0.20  0.03  0.03  0.02  0.03  0.03  0.03  0.02
 7  10  0.03  0.09  0.16  0.32  0.63  0.95  1.59  3.22  4.50  5.49  7.26  8.94  9.68  9.68  8.32  7.51  4.78  1.85  0.72  0.53  0.23  0.03  0.03  0.03  0.03  0.03  0.03  0.03
 7  15  0.03  0.10  0.16  0.32  0.64  0.96  1.61  3.26  4.54  5.64  7.42  9.08  9.68  9.59  8.16  7.35  4.80  1.95  0.78  0.58  0.24  0.04  0.03  0.03  0.03  0.03  0.03  0.03
 7  20  0.03  0.10  0.16  0.33  0.66  0.99  1.66  3.35  4.72  5.79  7.48  9.08  9.67  9.34  8.01  7.23  4.77  2.02  0.81  0.58  0.25  0.05  0.04  0.04  0.04  0.04  0.04  0.03
 7  25  0.03  0.10  0.16  0.32  0.64  0.97  1.62  3.26  4.57  5.64  7.44  8.90  9.29  9.13  7.88  6.99  4.69  2.13  0.88  0.63  0.26  0.07  0.05  0.04  0.04  0.05  0.04  0.04
 7  30  0.03  0.09  0.16  0.31  0.63  0.95  1.58  3.20  4.56  5.53  7.30  8.64  9.08  8.95  7.75  6.82  4.63  2.29  0.95  0.72  0.29  0.10  0.06  0.05  0.05  0.05  0.05  0.04
 7  35  0.03  0.09  0.16  0.31  0.62  0.94  1.57  3.17  4.53  5.52  7.27  8.54  8.92  8.76  7.59  6.69  4.58  2.44  1.11  0.85  0.39  0.13  0.07  0.06  0.05  0.05  0.05  0.04
 7  40  0.03  0.09  0.15  0.31  0.61  0.92  1.54  3.11  4.32  5.33  6.93  8.31  8.78  8.59  7.40  6.59  4.61  2.61  1.28  1.01  0.51  0.18  0.10  0.07  0.06  0.06  0.05  0.04
 7  45  0.03  0.09  0.15  0.29  0.59  0.89  1.49  3.02  4.28  5.26  6.86  8.06  8.40  8.12  7.04  6.32  4.61  2.69  1.40  1.15  0.70  0.32  0.16  0.10  0.08  0.06  0.05  0.05
 7  50  0.03  0.08  0.14  0.28  0.55  0.83  1.40  2.82  4.12  5.09  6.62  7.76  8.03  7.71  6.76  6.07  4.59  2.77  1.55  1.29  0.83  0.43  0.29  0.13  0.09  0.06  0.06  0.05
 7  55  0.03  0.08  0.13  0.26  0.52  0.79  1.32  2.67  3.84  4.74  6.25  7.36  7.59  7.21  6.26  5.61  4.36  2.76  1.64  1.39  0.93  0.49  0.35  0.16  0.10  0.07  0.06  0.05
 7  60  0.03  0.08  0.13  0.26  0.51  0.77  1.29  2.61  3.75  4.63  6.10  7.11  7.26  6.76  5.84  5.21  4.12  2.75  1.76  1.50  1.01  0.55  0.41  0.18  0.11  0.07  0.06  0.05
 7  65  0.02  0.07  0.12  0.25  0.49  0.74  1.24  2.50  3.60  4.45  5.89  6.77  6.81  6.22  5.26  4.60  3.67  2.66  1.84  1.59  1.10  0.59  0.45  0.29  0.12  0.07  0.06  0.05
 7  70  0.02  0.07  0.12  0.23  0.47  0.71  1.18  2.39  3.44  4.26  5.68  6.44  6.36  5.67  4.68  3.98  3.22  2.56  1.93  1.68  1.19  0.63  0.50  0.32  0.13  0.07  0.06  0.05
 7  75  0.02  0.07  0.11  0.22  0.45  0.68  1.13  2.28  3.35  4.19  5.65  6.26  6.04  5.28  4.40  3.79  3.15  2.57  1.98  1.73  1.22  0.64  0.52  0.34  0.14  0.08  0.06  0.05
 7  80  0.02  0.06  0.11  0.21  0.43  0.64  1.08  2.17  3.25  4.10  5.61  6.08  5.72  4.88  4.13  3.60  3.12  2.60  2.04  1.78  1.25  0.64  0.54  0.35  0.16  0.08  0.06  0.05
 7  85  0.02  0.06  0.11  0.21  0.43  0.64  1.07  2.16  3.24  4.08  5.58  6.05  5.70  4.87  4.12  3.59  3.11  2.60  2.04  1.78  1.25  0.64  0.54  0.35  0.17  0.09  0.06  0.05
 7  90  0.02  0.06  0.11  0.21  0.43  0.64  1.07  2.15  3.22  4.06  5.55  6.02  5.67  4.86  4.11  3.58  3.11  2.59  2.04  1.78  1.25  0.64  0.54  0.35  0.18  0.09  0.06  0.05
 8 -90  0.04  0.12  0.21  0.41  0.83  1.25  2.10  4.26  5.45  6.06  6.52  6.12  5.68  5.05  3.89  3.10  3.22  3.02  2.30  1.94  1.29  0.51  0.28  0.12  0.06  0.04  0.03  0.03
 8 -85  0.04  0.12  0.21  0.41  0.83  1.25  2.09  4.26  5.45  6.06  6.52  6.13  5.68  5.05  3.89  3.10  3.22  3.02  2.30  1.94  1.29  0.51  0.28  0.12  0.06  0.04  0.03  0.03
 8 -80  0.04  0.12  0.21  0.41  0.83  1.25  2.09  4.25  5.44  6.06  6.53  6.13  5.69  5.04  3.88  3.09  3.22  3.02  2.30  1.93  1.29  0.51  0.29  0.12  0.06  0.04  0.03  0.03
 8 -75  0.04  0.12  0.21  0.41  0.83  1.25  2.10  4.25  5.52  6.16  6.63  6.10  5.65  5.05  4.09  3.37  3.34  3.06  2.33  1.97  1.36  0.53  0.30  0.12  0.06  0.04  0.03  0.03
 8 -70  0.04  0.12  0.20  0.41  0.82  1.23  2.07  4.18  5.54  6.22  6.72  6.12  5.62  5.03  4.32  3.67  3.42  3.06  2.31  1.97  1.39  0.54  0.31  0.13  0.07  0.04  0.03  0.03
 8 -65  0.04  0.12  0.20  0.40  0.79  1.19  1.99  4.01  5.56  6.34  6.99  6.52  5.90  5.19  4.84  4.42  3.90  3.10  2.16  1.83  1.26  0.51  0.34  0.14  0.07  0.04  0.03  0.03
 8 -60  0.04  0.12  0.19  0.39  0.77  1.16  1.94  3.89  5.55  6.48  7.23  6.91  6.19  5.39  5.33  5.16  4.38  3.17  2.01  1.68  1.13  0.47  0.29  0.15  0.07  0.04  0.03  0.03
 8 -55  0.04  0.11  0.19  0.38  0.77  1.15  1.92  3.84  5.59  6.71  7.52  7.42  6.67  5.87  5.64  5.59  4.70  3.22  1.86  1.55  0.99  0.41  0.28  0.15  0.07  0.04  0.03  0.03
 8 -50  0.04  0.12  0.19  0.39  0.78  1.16  1.94  3.89  5.80  7.03  7.90  7.90  7.21  6.29  5.97  6.04  5.06  3.20  1.72  1.41  0.87  0.37  0.28  0.15  0.07  0.04  0.03  0.03
 8 -45  0.04  0.12  0.20  0.39  0.79  1.18  1.97  3.97  5.93  7.14  8.24  8.35  7.91  7.13  6.44  6.10  5.06  3.13  1.67  1.37  0.81  0.34  0.26  0.14  0.07  0.04  0.03  0.03
 8 -40  0.04  0.12  0.19  0.39  0.78  1.17  1.96  3.95  5.76  7.13  8.29  8.58  8.20  7.59  6.63  6.11  5.07  3.07  1.66  1.34  0.78  0.32  0.24  0.13  0.07  0.04  0.03  0.03
 8 -35  0.04  0.11  0.19  0.37  0.75  1.12  1.88  3.79  5.56  6.80  8.12  8.64  8.52  7.92  6.87  6.22  4.92  2.79  1.42  1.13  0.63  0.26  0.19  0.10  0.07  0.04  0.04  0.03
 8 -30  0.04  0.11  0.18  0.36  0.71  1.07  1.79  3.61  5.39  6.64  8.03  8.76  8.71  8.14  6.99  6.28  4.81  2.59  1.16  0.91  0.45  0.19  0.09  0.07  0.05  0.04  0.04  0.03
 8 -25  0.04  0.11  0.18  0.36  0.71  1.07  1.79  3.61  5.35  6.55  7.97  8.82  8.99  8.48  7.23  6.49  4.68  2.25  0.90  0.68  0.31  0.07  0.05  0.04  0.04  0.04  0.04  0.04
 8 -20  0.04  0.11  0.18  0.35  0.71  1.06  1.78  3.60  5.40  6.59  8.06  8.93  9.21  9.01  7.58  6.71  4.52  1.95  0.62  0.45  0.16  0.05  0.03  0.03  0.03  0.03  0.04  0.04
 8 -15  0.03  0.10  0.17  0.34  0.67  1.01  1.69  3.44  5.13  6.48  8.11  9.19  9.50  9.49  8.04  6.91  4.17  1.72  0.57  0.41  0.14  0.04  0.03  0.03  0.03  0.03  0.03  0.04
 8 -10  0.03  0.10  0.16  0.33  0.66  0.99  1.66  3.38  4.98  6.23  7.94  9.27  9.62  9.52  8.27  7.13  3.95  1.51  0.53  0.38  0.12  0.03  0.03  0.03  0.03  0.03  0.03  0.03
 8  -5  0.03  0.10  0.16  0.33  0.66  0.99  1.66  3.37  4.80  5.89  7.81  9.36  9.49  9.46  8.45  7.24  4.10  1.54  0.52  0.38  0.13  0.03  0.03  0.03  0.03  0.03  0.03  0.03
 8   0  0.03  0.09  0.15  0.30  0.61  0.92  1.54  3.12  4.45  5.39  7.30  9.04  9.17  9.28  8.46  7.35  4.23  1.57  0.51  0.37  0.14  0.03  0.03  0.03  0.03  0.03  0.03  0.03
 8   5  0.03  0.09  0.16  0.32  0.63  0.95  1.60  3.24  4.59  5.60  7.39  9.30  9.70  9.61  8.50  7.43  4.45  1.70  0.60  0.43  0.17  0.03  0.03  0.02  0.03  0.03  0.03  0.02
 8  10  0.03  0.09  0.16  0.31  0.62  0.94  1.57  3.17  4.51  5.53  7.32  9.19  9.95  9.92  8.52  7.56  4.74  1.81  0.72  0.52  0.20  0.03  0.03  0.03  0.03  0.03  0.03  0.02
 8  15  0.03  0.10  0.16  0.32  0.64  0.96  1.60  3.25  4.58  5.73  7.51  9.31  9.98  9.88  8.34  7.42  4.77  1.89  0.78  0.57  0.21  0.03  0.03  0.03  0.03  0.03  0.03  0.03
 8  20  0.03  0.10  0.16  0.33  0.66  0.99  1.66  3.37  4.85  6.00  7.69  9.24  9.86  9.54  8.12  7.27  4.72  1.97  0.82  0.58  0.22  0.04  0.03  0.03  0.04  0.04  0.04  0.03
 8  25  0.03  0.10  0.16  0.32  0.65  0.97  1.63  3.29  4.71  5.88  7.75  9.12  9.50  9.29  7.95  7.04  4.64  2.07  0.87  0.62  0.24  0.06  0.04  0.04  0.04  0.04  0.04  0.04
 8  30  0.03  0.10  0.16  0.32  0.65  0.97  1.62  3.28  4.73  5.79  7.60  8.88  9.25  9.03  7.78  6.84  4.57  2.22  0.93  0.69  0.27  0.08  0.05  0.05  0.05  0.05  0.04  0.04
 8  35  0.03  0.10  0.16  0.32  0.64  0.97  1.62  3.26  4.73  5.79  7.56  8.74  9.00  8.78  7.60  6.67  4.51  2.30  1.03  0.78  0.34  0.10  0.06  0.05  0.05  0.05  0.05  0.04
 8  40  0.03  0.09  0.16  0.32  0.63  0.95  1.59  3.22  4.54  5.64  7.30  8.48  8.79  8.51  7.37  6.56  4.55  2.44  1.16  0.91  0.45  0.14  0.08  0.06  0.06  0.05  0.05  0.04
 8  45  0.03  0.09  0.15  0.31  0.62  0.93  1.56  3.16  4.52  5.59  7.16  8.12  8.29  7.94  6.90  6.22  4.46  2.52  1.34  1.09  0.66  0.28  0.12  0.08  0.07  0.06  0.05  0.04
 8  50  0.03  0.09  0.15  0.30  0.59  0.89  1.50  3.03  4.42  5.48  6.93  7.83  7.90  7.48  6.56  5.92  4.35  2.62  1.51  1.25  0.80  0.38  0.24  0.11  0.08  0.06  0.05  0.05
 8  55  0.03  0.08  0.14  0.28  0.56  0.84  1.41  2.84  4.14  5.15  6.58  7.41  7.41  6.92  6.07  5.51  4.10  2.65  1.63  1.36  0.88  0.43  0.28  0.14  0.09  0.06  0.05  0.05
 8  60  0.03  0.08  0.14  0.27  0.55  0.82  1.38  2.78  4.06  5.06  6.47  7.18  7.08  6.45  5.67  5.16  3.82  2.66  1.76  1.47  0.94  0.46  0.31  0.16  0.10  0.06  0.05  0.05
 8  65  0.03  0.08  0.13  0.26  0.53  0.80  1.33  2.69  3.93  4.90  6.23  6.74  6.52  5.82  5.07  4.56  3.47  2.56  1.81  1.53  1.01  0.49  0.35  0.21  0.11  0.07  0.05  0.05
 8  70  0.03  0.08  0.13  0.26  0.51  0.77  1.29  2.60  3.80  4.73  5.98  6.30  5.95  5.18  4.45  3.96  3.11  2.46  1.86  1.60  1.07  0.53  0.39  0.24  0.12  0.07  0.05  0.05
 8  75  0.03  0.08  0.13  0.25  0.50  0.76  1.27  2.55  3.74  4.65  5.74  5.78  5.30  4.51  3.97  3.61  3.02  2.42  1.89  1.63  1.10  0.55  0.40  0.25  0.13  0.07  0.06  0.05
 8  80  0.02  0.07  0.12  0.25  0.50  0.74  1.24  2.50  3.67  4.57  5.49  5.25  4.65  3.85  3.49  3.25  2.97  2.42  1.93  1.67  1.14  0.57  0.41  0.26  0.14  0.07  0.06  0.05
 8  85  0.02  0.07  0.12  0.25  0.49  0.74  1.24  2.49  3.65  4.55  5.46  5.23  4.63  3.84  3.48  3.24  2.96  2.42  1.93  1.67  1.14  0.57  0.41  0.26  0.14  0.08  0.06  0.05
 8  90  0.02  0.07  0.12  0.25  0.49  0.74  1.24  2.49  3.63  4.52  5.43  5.20  4.61  3.83  3.47  3.23  2.96  2.41  1.93  1.67  1.14  0.57  0.41  0.26  0.15  0.08  0.06  0.05
 9 -90  0.04  0.11  0.18  0.36  0.73  1.10  1.84  3.71  5.33  6.16  6.48  5.78  5.29  4.83  4.14  3.54  3.56  3.05  2.24  1.87  1.28  0.53  0.29  0.13  0.07  0.04  0.03  0.03
 9 -85  0.04  0.11  0.18  0.36  0.73  1.10  1.83  3.71  5.33  6.16  6.49  5.78  5.30  4.83  4.14  3.54  3.56  3.06  2.24  1.87  1.28  0.53  0.30  0.13  0.07  0.04  0.03  0.03
 9 -80  0.04  0.11  0.18  0.36  0.73  1.10  1.83  3.70  5.32  6.16  6.50  5.79  5.30  4.83  4.13  3.53  3.56  3.06  2.23  1.86  1.28  0.53  0.31  0.13  0.07  0.04  0.03  0.03
 9 -75  0.04  0.11  0.18  0.35  0.71  1.06  1.78  3.59  5.20  6.07  6.74  6.23  5.64  5.01  4.38  3.81  3.63  3.21  2.36  1.97  1.37  0.57  0.32  0.13  0.07  0.04  0.03  0.03
 9 -70  0.03  0.10  0.17  0.34  0.69  1.03  1.73  3.47  5.03  5.96  6.95  6.69  6.00  5.23  4.63  4.08  3.50  3.21  2.40  2.00  1.42  0.60  0.34  0.14  0.07  0.04  0.03  0.03
 9 -65  0.03  0.10  0.17  0.34  0.68  1.02  1.70  3.42  5.04  6.10  7.22  7.25  6.55  5.72  5.27  4.87  3.86  3.27  2.32  1.94  1.34  0.58  0.30  0.15  0.08  0.04  0.03  0.03
 9 -60  0.03  0.10  0.17  0.34  0.69  1.03  1.72  3.45  5.11  6.24  7.48  7.74  7.10  6.29  5.91  5.66  4.37  3.37  2.22  1.86  1.24  0.55  0.31  0.17  0.08  0.04  0.03  0.03
 9 -55  0.04  0.11  0.18  0.35  0.70  1.05  1.76  3.51  5.20  6.37  7.64  8.09  7.52  6.70  6.13  5.93  4.72  3.36  2.01  1.65  1.02  0.47  0.29  0.17  0.08  0.04  0.04  0.03
 9 -50  0.04  0.11  0.18  0.35  0.71  1.06  1.77  3.54  5.35  6.55  7.86  8.39  7.94  7.02  6.39  6.22  5.15  3.37  1.86  1.49  0.84  0.40  0.27  0.17  0.08  0.04  0.04  0.03
 9 -45  0.04  0.11  0.18  0.36  0.72  1.07  1.79  3.61  5.45  6.64  8.17  8.74  8.42  7.66  6.73  6.27  5.14  3.28  1.80  1.44  0.78  0.37  0.25  0.15  0.08  0.04  0.04  0.03
 9 -40  0.04  0.11  0.18  0.36  0.72  1.07  1.80  3.62  5.33  6.69  8.22  8.86  8.55  7.86  6.83  6.25  5.10  3.19  1.80  1.42  0.76  0.34  0.25  0.13  0.07  0.04  0.04  0.03
 9 -35  0.03  0.10  0.17  0.35  0.69  1.04  1.74  3.50  5.18  6.41  8.05  8.91  8.83  8.21  7.03  6.31  4.95  2.86  1.53  1.19  0.59  0.26  0.20  0.11  0.07  0.04  0.04  0.04
 9 -30  0.03  0.10  0.17  0.33  0.67  1.00  1.68  3.37  5.07  6.29  7.98  9.05  9.05  8.39  7.11  6.32  4.82  2.60  1.25  0.94  0.40  0.18  0.10  0.07  0.06  0.04  0.04  0.04
 9 -25  0.03  0.10  0.17  0.34  0.67  1.01  1.69  3.41  5.07  6.25  7.92  9.05  9.27  8.68  7.32  6.52  4.77  2.31  1.04  0.77  0.30  0.07  0.05  0.04  0.04  0.04  0.04  0.04
 9 -20  0.03  0.10  0.17  0.33  0.66  1.00  1.67  3.38  5.07  6.20  7.90  9.16  9.50  9.17  7.65  6.73  4.69  2.11  0.83  0.59  0.19  0.05  0.04  0.03  0.03  0.04  0.04  0.04
 9 -15  0.03  0.09  0.16  0.32  0.63  0.95  1.60  3.23  4.82  6.09  7.84  9.26  9.75  9.67  8.10  6.91  4.31  1.83  0.70  0.50  0.16  0.04  0.03  0.03  0.03  0.03  0.04  0.04
 9 -10  0.03  0.09  0.15  0.31  0.62  0.93  1.55  3.15  4.62  5.79  7.58  9.23  9.73  9.63  8.31  7.11  4.05  1.57  0.57  0.41  0.13  0.03  0.03  0.03  0.03  0.03  0.04  0.04
 9  -5  0.03  0.09  0.15  0.31  0.62  0.93  1.56  3.17  4.50  5.51  7.48  9.33  9.61  9.57  8.45  7.13  4.15  1.59  0.57  0.41  0.14  0.03  0.03  0.03  0.03  0.03  0.03  0.03
 9   0  0.03  0.09  0.14  0.29  0.58  0.87  1.47  2.98  4.17  5.06  6.90  8.91  9.20  9.33  8.42  7.19  4.23  1.61  0.56  0.40  0.14  0.03  0.03  0.03  0.03  0.03  0.03  0.03
 9   5  0.03  0.09  0.15  0.30  0.61  0.92  1.53  3.11  4.38  5.36  7.13  9.26  9.71  9.66  8.57  7.36  4.43  1.72  0.61  0.43  0.16  0.03  0.03  0.03  0.03  0.03  0.03  0.02
 9  10  0.03  0.09  0.15  0.30  0.61  0.92  1.53  3.10  4.42  5.47  7.19  9.19  9.99 10.03  8.66  7.58  4.68  1.80  0.70  0.50  0.17  0.03  0.03  0.03  0.03  0.03  0.03  0.03
 9  15  0.03  0.09  0.16  0.31  0.62  0.94  1.57  3.18  4.51  5.69  7.40  9.30 10.06 10.04  8.47  7.47  4.70  1.80  0.73  0.53  0.18  0.03  0.03  0.03  0.03  0.03  0.03  0.03
 9  20  0.03  0.10  0.16  0.32  0.65  0.97  1.63  3.30  4.83  6.05  7.70  9.23  9.91  9.68  8.20  7.32  4.65  1.83  0.74  0.52  0.19  0.04  0.03  0.03  0.03  0.04  0.04  0.03
 9  25  0.03  0.09  0.16  0.32  0.63  0.95  1.59  3.21  4.71  5.95  7.83  9.18  9.60  9.38  8.06  7.25  4.65  1.89  0.77  0.55  0.19  0.05  0.04  0.04  0.04  0.04  0.04  0.04
 9  30  0.03  0.10  0.16  0.32  0.64  0.96  1.60  3.23  4.74  5.88  7.70  8.97  9.34  9.03  7.97  7.21  4.66  2.01  0.80  0.58  0.22  0.07  0.05  0.04  0.04  0.04  0.04  0.04
 9  35  0.03  0.10  0.16  0.32  0.64  0.97  1.62  3.26  4.84  5.98  7.74  8.82  8.98  8.69  7.63  6.81  4.52  2.14  0.96  0.71  0.31  0.09  0.06  0.05  0.05  0.05  0.04  0.04
 9  40  0.03  0.10  0.16  0.32  0.65  0.97  1.62  3.28  4.77  5.98  7.66  8.59  8.67  8.28  7.22  6.48  4.48  2.36  1.17  0.90  0.43  0.12  0.08  0.06  0.05  0.05  0.05  0.04
 9  45  0.03  0.10  0.16  0.32  0.65  0.98  1.64  3.31  4.83  6.02  7.50  8.11  8.02  7.57  6.65  6.06  4.38  2.46  1.38  1.11  0.65  0.27  0.12  0.08  0.06  0.05  0.05  0.04
 9  50  0.03  0.10  0.16  0.32  0.65  0.97  1.63  3.29  4.89  6.06  7.36  7.82  7.54  6.97  6.21  5.71  4.28  2.60  1.56  1.27  0.79  0.36  0.22  0.11  0.07  0.05  0.05  0.04
 9  55  0.03  0.09  0.15  0.31  0.62  0.93  1.56  3.15  4.71  5.87  7.07  7.34  6.92  6.32  5.66  5.27  4.08  2.63  1.67  1.37  0.87  0.43  0.26  0.13  0.09  0.06  0.05  0.04
 9  60  0.03  0.09  0.15  0.31  0.62  0.93  1.56  3.15  4.74  5.91  7.03  7.07  6.51  5.79  5.22  4.88  3.84  2.63  1.78  1.47  0.93  0.45  0.28  0.17  0.10  0.06  0.05  0.04
 9  65  0.03  0.09  0.16  0.31  0.63  0.94  1.58  3.18  4.75  5.88  6.77  6.57  5.92  5.18  4.61  4.27  3.49  2.50  1.82  1.53  0.99  0.48  0.31  0.18  0.10  0.06  0.05  0.04
 9  70  0.03  0.09  0.16  0.32  0.63  0.95  1.59  3.21  4.77  5.84  6.49  6.07  5.33  4.57  4.01  3.65  3.14  2.36  1.87  1.59  1.05  0.51  0.33  0.20  0.11  0.06  0.05  0.04
 9  75  0.03  0.10  0.16  0.32  0.64  0.96  1.60  3.23  4.58  5.48  5.78  5.29  4.66  4.05  3.76  3.59  3.05  2.32  1.86  1.58  1.05  0.51  0.33  0.21  0.11  0.06  0.05  0.04
 9  80  0.03  0.10  0.16  0.32  0.64  0.96  1.61  3.23  4.38  5.10  5.07  4.52  3.99  3.53  3.51  3.54  2.99  2.31  1.86  1.59  1.06  0.51  0.34  0.22  0.12  0.06  0.05  0.04
 9  85  0.03  0.10  0.16  0.32  0.64  0.96  1.60  3.22  4.37  5.08  5.04  4.50  3.97  3.52  3.50  3.53  2.98  2.31  1.86  1.59  1.06  0.51  0.34  0.21  0.12  0.06  0.05  0.04
 9  90  0.03  0.10  0.16  0.32  0.64  0.96  1.60  3.22  4.35  5.06  5.01  4.47  3.95  3.50  3.49  3.52  2.97  2.31  1.86  1.59  1.06  0.51  0.34  0.21  0.12  0.06  0.05  0.04
10 -90  0.03  0.09  0.14  0.29  0.58  0.87  1.46  2.93  4.29  5.29  6.59  6.86  6.21  5.42  4.92  4.59  4.09  3.10  2.10  1.75  1.23  0.56  0.32  0.14  0.07  0.04  0.03  0.03
10 -85  0.03  0.09  0.14  0.29  0.58  0.87  1.45  2.92  4.28  5.29  6.60  6.87  6.21  5.42  4.92  4.59  4.09  3.10  2.09  1.75  1.23  0.56  0.33  0.14  0.07  0.04  0.03  0.03
10 -80  0.03  0.09  0.14  0.29  0.58  0.87  1.45  2.92  4.28  5.29  6.61  6.87  6.22  5.42  4.92  4.59  4.09  3.11  2.09  1.75  1.23  0.56  0.34  0.14  0.07  0.04  0.03  0.03
10 -75  0.03  0.09  0.15  0.29  0.58  0.87  1.46  2.92  4.28  5.31  6.68  7.16  6.61  5.83  5.38  5.18  4.30  3.46  2.34  1.94  1.35  0.62  0.29  0.15  0.08  0.04  0.03  0.03
10 -70  0.03  0.09  0.15  0.29  0.58  0.87  1.46  2.92  4.27  5.31  6.74  7.45  7.02  6.26  5.82  5.73  4.44  3.58  2.44  2.03  1.41  0.65  0.32  0.16  0.08  0.04  0.03  0.03
10 -65  0.03  0.09  0.15  0.30  0.60  0.90  1.50  3.00  4.42  5.51  6.99  7.81  7.46  6.71  6.34  6.30  4.72  3.62  2.41  1.99  1.32  0.61  0.33  0.18  0.08  0.04  0.03  0.03
10 -60  0.03  0.09  0.15  0.31  0.62  0.93  1.55  3.10  4.58  5.72  7.26  8.15  7.89  7.13  6.88  6.89  5.19  3.73  2.34  1.93  1.21  0.57  0.32  0.19  0.09  0.05  0.03  0.03
10 -55  0.03  0.09  0.16  0.32  0.63  0.95  1.58  3.16  4.69  5.84  7.42  8.36  8.15  7.38  6.83  6.65  5.18  3.49  2.09  1.70  1.01  0.47  0.29  0.19  0.09  0.05  0.04  0.03
10 -50  0.03  0.09  0.16  0.32  0.63  0.95  1.58  3.16  4.76  5.93  7.59  8.59  8.39  7.53  6.77  6.43  5.27  3.43  1.96  1.57  0.88  0.38  0.26  0.18  0.09  0.05  0.04  0.03
10 -45  0.03  0.09  0.16  0.31  0.63  0.94  1.57  3.15  4.82  5.97  7.83  8.92  8.79  8.06  7.15  6.73  5.48  3.49  1.96  1.57  0.86  0.36  0.24  0.15  0.08  0.05  0.04  0.03
10 -40  0.03  0.09  0.16  0.31  0.63  0.94  1.57  3.17  4.77  6.05  7.92  9.07  8.92  8.15  7.38  6.96  5.63  3.55  2.05  1.62  0.88  0.35  0.24  0.12  0.07  0.05  0.04  0.04
10 -35  0.03  0.09  0.15  0.31  0.62  0.93  1.56  3.13  4.64  5.80  7.72  9.06  9.14  8.53  7.51  6.94  5.32  3.03  1.60  1.24  0.63  0.25  0.17  0.10  0.06  0.05  0.04  0.04
10 -30  0.03  0.09  0.15  0.30  0.61  0.92  1.53  3.08  4.61  5.73  7.64  9.19  9.37  8.71  7.55  6.87  5.02  2.56  1.15  0.86  0.37  0.15  0.10  0.07  0.06  0.05  0.04  0.04
10 -25  0.03  0.09  0.16  0.31  0.62  0.94  1.57  3.16  4.66  5.78  7.63  9.14  9.48  8.93  7.65  6.90  4.77  2.14  0.96  0.70  0.27  0.08  0.06  0.05  0.05  0.04  0.04  0.04
10 -20  0.03  0.09  0.15  0.31  0.62  0.93  1.55  3.13  4.66  5.70  7.54  9.21  9.70  9.33  7.86  6.95  4.52  1.84  0.76  0.53  0.16  0.05  0.04  0.04  0.04  0.04  0.04  0.04
10 -15  0.03  0.09  0.15  0.30  0.59  0.89  1.49  3.03  4.48  5.62  7.40  9.17  9.88  9.75  8.23  7.10  4.25  1.72  0.67  0.46  0.14  0.04  0.03  0.03  0.03  0.04  0.04  0.04
10 -10  0.03  0.09  0.14  0.29  0.58  0.86  1.45  2.93  4.27  5.35  7.14  9.02  9.68  9.62  8.37  7.28  4.08  1.60  0.56  0.39  0.11  0.04  0.03  0.03  0.03  0.03  0.04  0.04
10  -5  0.03  0.09  0.14  0.29  0.58  0.87  1.46  2.96  4.23  5.18  7.12  9.09  9.54  9.52  8.49  7.30  4.15  1.61  0.54  0.37  0.11  0.03  0.03  0.03  0.03  0.03  0.03  0.03
10   0  0.03  0.08  0.14  0.28  0.57  0.85  1.43  2.90  3.98  4.86  6.60  8.67  9.14  9.24  8.45  7.37  4.21  1.63  0.50  0.35  0.11  0.03  0.03  0.03  0.03  0.03  0.03  0.03
10   5  0.03  0.09  0.15  0.29  0.59  0.89  1.49  3.02  4.23  5.20  6.91  9.02  9.49  9.52  8.56  7.40  4.37  1.70  0.58  0.40  0.13  0.03  0.03  0.03  0.03  0.03  0.03  0.02
10  10  0.03  0.09  0.15  0.30  0.60  0.90  1.50  3.04  4.36  5.40  7.03  8.93  9.69  9.85  8.59  7.47  4.57  1.77  0.67  0.47  0.15  0.03  0.03  0.03  0.03  0.03  0.03  0.03
10  15  0.03  0.09  0.15  0.30  0.61  0.92  1.53  3.10  4.45  5.59  7.17  8.99  9.77  9.88  8.34  7.30  4.55  1.74  0.70  0.50  0.16  0.03  0.03  0.03  0.03  0.03  0.03  0.03
10  20  0.03  0.09  0.16  0.32  0.63  0.95  1.59  3.22  4.77  5.98  7.49  8.92  9.64  9.56  8.02  7.09  4.49  1.77  0.70  0.50  0.17  0.04  0.03  0.03  0.03  0.03  0.04  0.03
10  25  0.03  0.09  0.15  0.31  0.62  0.93  1.56  3.15  4.73  5.97  7.71  8.96  9.40  9.19  7.82  7.07  4.52  1.84  0.73  0.53  0.18  0.05  0.04  0.03  0.03  0.04  0.04  0.04
10  30  0.03  0.10  0.16  0.32  0.64  0.96  1.61  3.24  4.81  6.02  7.67  8.83  9.17  8.78  7.73  7.05  4.56  1.93  0.75  0.54  0.21  0.07  0.04  0.04  0.04  0.04  0.04  0.04
10  35  0.03  0.10  0.16  0.33  0.66  0.99  1.66  3.35  5.04  6.30  7.87  8.66  8.64  8.28  7.32  6.60  4.44  2.05  0.92  0.69  0.32  0.09  0.06  0.05  0.04  0.04  0.04  0.04
10  40  0.03  0.10  0.17  0.34  0.68  1.02  1.70  3.44  5.17  6.49  7.98  8.46  8.16  7.64  6.79  6.23  4.42  2.27  1.18  0.91  0.46  0.21  0.08  0.06  0.05  0.04  0.04  0.04
10  45  0.04  0.11  0.18  0.35  0.71  1.07  1.79  3.62  5.33  6.62  7.79  7.86  7.44  6.94  6.26  5.86  4.40  2.47  1.43  1.15  0.68  0.29  0.16  0.08  0.06  0.05  0.04  0.04
10  50  0.04  0.11  0.18  0.36  0.73  1.10  1.84  3.71  5.61  6.81  7.71  7.53  6.92  6.27  5.82  5.55  4.41  2.70  1.63  1.32  0.82  0.37  0.20  0.11  0.07  0.05  0.05  0.04
10  55  0.04  0.11  0.18  0.37  0.73  1.10  1.84  3.72  5.56  6.65  7.29  6.95  6.29  5.72  5.40  5.27  4.34  2.73  1.71  1.39  0.88  0.43  0.24  0.15  0.09  0.05  0.05  0.04
10  60  0.04  0.11  0.19  0.38  0.75  1.13  1.90  3.82  5.66  6.72  7.15  6.60  5.88  5.30  5.07  5.01  4.22  2.71  1.79  1.47  0.94  0.46  0.26  0.16  0.09  0.05  0.05  0.04
10  65  0.04  0.12  0.19  0.38  0.77  1.16  1.94  3.91  5.60  6.48  6.69  6.05  5.36  4.84  4.66  4.58  3.88  2.62  1.88  1.56  1.03  0.48  0.27  0.17  0.09  0.05  0.05  0.04
10  70  0.04  0.12  0.20  0.39  0.78  1.18  1.97  3.97  5.52  6.25  6.23  5.49  4.84  4.38  4.24  4.15  3.55  2.52  1.98  1.66  1.12  0.50  0.29  0.18  0.10  0.06  0.05  0.04
10  75  0.04  0.12  0.19  0.39  0.78  1.17  1.96  3.94  5.14  5.60  5.46  4.84  4.34  3.99  3.89  3.81  3.36  2.50  2.01  1.70  1.16  0.52  0.29  0.18  0.10  0.06  0.05  0.04
10  80  0.04  0.12  0.19  0.39  0.77  1.16  1.94  3.91  4.75  4.94  4.68  4.19  3.83  3.61  3.55  3.47  3.19  2.51  2.06  1.74  1.21  0.54  0.30  0.19  0.10  0.06  0.05  0.04
10  85  0.04  0.12  0.19  0.39  0.77  1.16  1.94  3.90  4.74  4.92  4.66  4.17  3.81  3.60  3.54  3.46  3.19  2.51  2.05  1.74  1.21  0.54  0.30  0.19  0.11  0.06  0.04  0.04
10  90  0.04  0.12  0.19  0.39  0.77  1.16  1.94  3.89  4.72  4.90  4.63  4.14  3.79  3.59  3.53  3.45  3.18  2.51  2.05  1.74  1.21  0.54  0.30  0.19  0.11  0.06  0.04  0.04
11 -90  0.02  0.07  0.12  0.25  0.50  0.75  1.25  2.52  3.58  4.43  6.11  7.12  7.02  6.36  5.93  5.98  5.03  3.65  2.51  2.08  1.39  0.61  0.30  0.16  0.09  0.04  0.03  0.03
11 -85  0.02  0.07  0.12  0.25  0.50  0.75  1.25  2.51  3.58  4.44  6.11  7.13  7.02  6.36  5.93  5.97  5.03  3.65  2.51  2.08  1.39  0.61  0.30  0.19  0.09  0.04  0.03  0.03
11 -80  0.02  0.07  0.12  0.25  0.50  0.75  1.25  2.51  3.57  4.44  6.12  7.13  7.03  6.35  5.93  5.97  5.03  3.66  2.50  2.07  1.39  0.61  0.30  0.16  0.09  0.04  0.03  0.03
11 -75  0.03  0.08  0.13  0.25  0.50  0.76  1.26  2.53  3.63  4.52  6.16  7.25  7.21  6.52  6.24  6.36  5.28  3.82  2.62  2.17  1.46  0.65  0.31  0.17  0.09  0.04  0.03  0.03
11 -70  0.03  0.08  0.13  0.26  0.51  0.77  1.28  2.55  3.68  4.60  6.19  7.35  7.39  6.70  6.55  6.72  5.48  3.83  2.62  2.17  1.46  0.68  0.33  0.18  0.09  0.04  0.03  0.03
11 -65  0.03  0.08  0.13  0.26  0.53  0.79  1.32  2.63  3.82  4.77  6.41  7.62  7.68  6.96  6.80  6.88  5.48  3.70  2.47  2.03  1.31  0.63  0.33  0.19  0.09  0.04  0.03  0.03
11 -60  0.03  0.08  0.14  0.27  0.54  0.82  1.36  2.72  3.96  4.95  6.64  7.88  7.96  7.23  7.04  7.07  5.50  3.59  2.29  1.87  1.15  0.57  0.32  0.19  0.10  0.05  0.03  0.03
11 -55  0.03  0.08  0.14  0.28  0.56  0.85  1.41  2.82  4.10  5.10  6.81  8.13  8.25  7.56  6.97  6.69  5.24  3.34  1.99  1.61  0.92  0.45  0.29  0.19  0.10  0.05  0.04  0.03
11 -50  0.03  0.08  0.14  0.28  0.57  0.85  1.41  2.83  4.14  5.17  6.94  8.39  8.54  7.78  6.84  6.33  5.09  3.23  1.81  1.42  0.75  0.34  0.24  0.18  0.09  0.05  0.04  0.03
11 -45  0.03  0.08  0.14  0.28  0.56  0.83  1.39  2.80  4.17  5.17  7.09  8.73  8.92  8.29  7.15  6.55  5.25  3.26  1.80  1.41  0.74  0.31  0.22  0.14  0.08  0.05  0.04  0.03
11 -40  0.03  0.08  0.14  0.28  0.55  0.83  1.39  2.79  4.20  5.28  7.24  8.94  9.14  8.43  7.39  6.73  5.33  3.28  1.87  1.47  0.76  0.31  0.22  0.11  0.07  0.05  0.04  0.03
11 -35  0.03  0.08  0.14  0.28  0.56  0.84  1.41  2.84  4.09  5.10  7.09  8.90  9.28  8.83  7.56  6.82  5.01  2.80  1.44  1.10  0.53  0.23  0.14  0.08  0.06  0.05  0.04  0.04
11 -30  0.03  0.08  0.14  0.28  0.56  0.85  1.41  2.84  4.16  5.14  7.10  9.04  9.50  9.02  7.68  6.86  4.70  2.34  1.00  0.73  0.30  0.15  0.09  0.06  0.05  0.04  0.04  0.04
11 -25  0.03  0.09  0.15  0.29  0.58  0.88  1.46  2.95  4.28  5.32  7.25  9.05  9.54  9.12  7.69  6.81  4.52  2.04  0.88  0.62  0.23  0.09  0.06  0.05  0.04  0.04  0.04  0.04
11 -20  0.03  0.09  0.14  0.29  0.58  0.87  1.45  2.93  4.33  5.31  7.23  9.16  9.77  9.41  7.82  6.79  4.34  1.86  0.72  0.50  0.14  0.06  0.04  0.04  0.04  0.04  0.04  0.04
11 -15  0.03  0.08  0.14  0.28  0.57  0.85  1.43  2.89  4.27  5.30  7.09  9.10  9.94  9.72  8.09  6.94  4.16  1.74  0.65  0.44  0.13  0.05  0.04  0.03  0.03  0.04  0.04  0.04
11 -10  0.03  0.08  0.14  0.28  0.55  0.83  1.39  2.82  4.10  5.13  6.92  8.92  9.64  9.57  8.19  7.12  4.04  1.60  0.56  0.39  0.12  0.04  0.03  0.03  0.03  0.03  0.03  0.03
11  -5  0.03  0.08  0.14  0.28  0.56  0.84  1.41  2.86  4.14  5.10  7.05  8.94  9.47  9.41  8.22  7.10  4.05  1.56  0.54  0.37  0.13  0.03  0.03  0.03  0.03  0.03  0.03  0.03
11   0  0.03  0.09  0.14  0.29  0.58  0.87  1.45  2.95  4.05  4.99  6.70  8.65  9.17  9.13  8.15  7.13  4.02  1.52  0.50  0.35  0.12  0.03  0.03  0.03  0.03  0.03  0.03  0.02
11   5  0.03  0.09  0.15  0.29  0.59  0.89  1.49  3.02  4.28  5.24  6.97  8.86  9.26  9.32  8.28  7.15  4.19  1.58  0.54  0.37  0.13  0.03  0.03  0.03  0.03  0.03  0.03  0.02
11  10  0.03  0.09  0.15  0.30  0.60  0.90  1.50  3.03  4.39  5.43  6.98  8.66  9.29  9.50  8.31  7.20  4.38  1.65  0.59  0.41  0.14  0.03  0.03  0.03  0.03  0.03  0.03  0.03
11  15  0.03  0.09  0.15  0.30  0.61  0.91  1.52  3.08  4.49  5.62  7.06  8.63  9.28  9.45  8.02  7.02  4.28  1.61  0.62  0.43  0.14  0.04  0.03  0.03  0.03  0.03  0.03  0.03
11  20  0.03  0.09  0.16  0.31  0.63  0.95  1.58  3.20  4.78  6.02  7.37  8.51  9.13  9.13  7.67  6.80  4.21  1.65  0.62  0.44  0.16  0.04  0.03  0.03  0.03  0.03  0.04  0.03
11  25  0.03  0.09  0.16  0.31  0.63  0.94  1.57  3.17  4.86  6.12  7.63  8.60  8.92  8.65  7.38  6.75  4.28  1.79  0.70  0.52  0.19  0.05  0.04  0.03  0.03  0.04  0.04  0.04
11  30  0.03  0.10  0.16  0.33  0.66  0.99  1.66  3.35  5.02  6.31  7.68  8.50  8.69  8.21  7.26  6.70  4.37  1.91  0.75  0.56  0.23  0.07  0.05  0.04  0.04  0.04  0.04  0.04
11  35  0.03  0.10  0.17  0.35  0.70  1.05  1.76  3.55  5.37  6.72  7.96  8.32  8.14  7.75  6.97  6.42  4.50  2.12  0.96  0.73  0.36  0.16  0.07  0.05  0.04  0.04  0.04  0.04
11  40  0.04  0.11  0.18  0.37  0.73  1.10  1.85  3.73  5.66  7.06  8.14  8.15  7.63  7.08  6.53  6.20  4.71  2.45  1.27  0.97  0.50  0.21  0.10  0.07  0.05  0.04  0.04  0.04
11  45  0.04  0.12  0.19  0.39  0.78  1.17  1.95  3.95  5.82  7.15  7.85  7.51  6.95  6.50  6.15  5.97  4.75  2.66  1.53  1.23  0.73  0.33  0.20  0.09  0.06  0.05  0.04  0.04
11  50  0.04  0.12  0.20  0.41  0.82  1.23  2.06  4.17  6.17  7.31  7.72  7.13  6.41  5.84  5.79  5.78  4.83  2.89  1.75  1.42  0.89  0.43  0.24  0.15  0.08  0.05  0.04  0.04
11  55  0.04  0.12  0.21  0.41  0.83  1.24  2.08  4.20  6.03  6.92  7.13  6.47  5.85  5.45  5.51  5.60  4.72  2.93  1.82  1.50  1.01  0.48  0.26  0.16  0.09  0.05  0.04  0.04
11  60  0.04  0.13  0.21  0.42  0.84  1.26  2.10  4.24  5.98  6.81  6.80  6.06  5.50  5.17  5.29  5.41  4.55  2.92  1.91  1.59  1.12  0.51  0.27  0.16  0.09  0.05  0.04  0.04
11  65  0.04  0.12  0.20  0.41  0.81  1.22  2.04  4.12  5.77  6.51  6.50  5.81  5.33  5.06  5.05  5.05  4.38  2.93  2.07  1.76  1.28  0.58  0.30  0.18  0.09  0.05  0.04  0.04
11  70  0.04  0.12  0.20  0.40  0.80  1.20  2.01  4.06  5.55  6.20  6.21  5.57  5.17  4.95  4.82  4.69  4.21  2.93  2.23  1.92  1.44  0.64  0.32  0.20  0.09  0.05  0.04  0.04
11  75  0.04  0.12  0.20  0.40  0.79  1.19  1.99  4.02  5.27  5.80  5.73  4.86  4.34  4.11  4.00  3.88  3.63  2.82  2.15  1.85  1.37  0.59  0.29  0.17  0.10  0.05  0.04  0.04
11  80  0.04  0.12  0.19  0.39  0.78  1.17  1.97  3.97  4.99  5.41  5.24  4.14  3.52  3.27  3.19  3.08  3.07  2.74  2.08  1.78  1.30  0.55  0.26  0.15  0.10  0.05  0.04  0.04
11  85  0.04  0.12  0.19  0.39  0.78  1.17  1.96  3.96  4.98  5.39  5.21  4.12  3.50  3.26  3.18  3.07  3.07  2.73  2.08  1.78  1.30  0.55  0.26  0.15  0.10  0.05  0.04  0.04
11  90  0.04  0.12  0.19  0.39  0.78  1.17  1.96  3.95  4.96  5.37  5.18  4.09  3.48  3.25  3.17  3.06  3.06  2.73  2.08  1.78  1.30  0.55  0.26  0.15  0.10  0.05  0.04  0.04
12 -90  0.02  0.07  0.11  0.22  0.44  0.67  1.11  2.24  3.21  3.98  5.61  6.81  6.74  5.99  5.58  5.38  4.93  3.54  2.45  2.04  1.29  0.61  0.33  0.18  0.08  0.05  0.03  0.02
12 -85  0.02  0.07  0.11  0.22  0.44  0.67  1.11  2.23  3.21  3.98  5.62  6.82  6.75  5.98  5.57  5.37  4.93  3.55  2.45  2.03  1.29  0.61  0.33  0.18  0.08  0.05  0.03  0.02
12 -80  0.02  0.07  0.11  0.22  0.44  0.67  1.11  2.23  3.20  3.98  5.63  6.82  6.75  5.98  5.57  5.37  4.93  3.55  2.45  2.03  1.29  0.61  0.33  0.18  0.08  0.05  0.03  0.03
12 -75  0.02  0.07  0.11  0.23  0.46  0.68  1.14  2.29  3.27  4.06  5.67  6.92  6.91  6.16  5.75  5.54  5.05  3.55  2.43  2.03  1.30  0.61  0.33  0.18  0.11  0.05  0.03  0.03
12 -70  0.02  0.07  0.12  0.23  0.47  0.70  1.17  2.34  3.35  4.15  5.72  7.01  7.07  6.33  5.92  5.72  5.15  3.51  2.36  1.97  1.26  0.60  0.34  0.18  0.11  0.05  0.03  0.03
12 -65  0.02  0.07  0.12  0.24  0.49  0.73  1.21  2.43  3.47  4.30  5.90  7.29  7.44  6.74  6.28  6.03  5.17  3.39  2.18  1.81  1.13  0.54  0.32  0.18  0.11  0.05  0.03  0.03
12 -60  0.03  0.08  0.13  0.25  0.51  0.76  1.26  2.52  3.61  4.46  6.10  7.56  7.81  7.16  6.63  6.34  5.20  3.29  2.00  1.64  0.99  0.47  0.30  0.18  0.11  0.05  0.03  0.03
12 -55  0.03  0.08  0.13  0.27  0.53  0.80  1.33  2.65  3.78  4.68  6.33  7.86  8.21  7.68  6.95  6.48  5.05  3.06  1.74  1.41  0.80  0.39  0.26  0.18  0.11  0.05  0.04  0.03
12 -50  0.03  0.08  0.13  0.27  0.54  0.81  1.34  2.68  3.84  4.78  6.47  8.16  8.62  8.10  7.19  6.61  4.97  2.88  1.51  1.20  0.63  0.32  0.22  0.18  0.10  0.05  0.04  0.03
12 -45  0.03  0.08  0.13  0.27  0.53  0.80  1.34  2.68  3.87  4.76  6.58  8.50  8.99  8.58  7.23  6.42  4.87  2.77  1.46  1.14  0.59  0.27  0.18  0.13  0.08  0.05  0.04  0.03
12 -40  0.03  0.08  0.13  0.26  0.53  0.80  1.33  2.67  3.96  4.92  6.83  8.78  9.29  8.81  7.28  6.22  4.67  2.65  1.47  1.15  0.59  0.24  0.16  0.09  0.06  0.04  0.04  0.03
12 -35  0.03  0.08  0.14  0.27  0.54  0.82  1.36  2.74  3.87  4.80  6.76  8.78  9.34  9.11  7.61  6.68  4.59  2.37  1.16  0.88  0.42  0.19  0.11  0.07  0.05  0.04  0.04  0.03
12 -30  0.03  0.08  0.14  0.27  0.55  0.83  1.38  2.77  4.00  4.93  6.88  8.96  9.54  9.19  7.94  7.14  4.52  2.07  0.85  0.61  0.25  0.13  0.08  0.06  0.05  0.04  0.04  0.04
12 -25  0.03  0.09  0.14  0.28  0.57  0.86  1.43  2.88  4.14  5.18  7.18  9.08  9.57  9.20  7.87  7.04  4.39  1.87  0.76  0.53  0.19  0.08  0.05  0.04  0.04  0.04  0.04  0.04
12 -20  0.03  0.08  0.14  0.28  0.56  0.85  1.41  2.85  4.24  5.27  7.26  9.25  9.82  9.39  7.93  6.98  4.29  1.75  0.64  0.44  0.12  0.06  0.04  0.04  0.04  0.04  0.04  0.04
12 -15  0.03  0.08  0.14  0.28  0.56  0.85  1.42  2.86  4.28  5.28  7.16  9.27 10.04  9.64  8.06  7.03  4.15  1.67  0.59  0.39  0.11  0.05  0.03  0.03  0.03  0.04  0.04  0.03
12 -10  0.03  0.08  0.14  0.28  0.55  0.83  1.39  2.81  4.16  5.24  7.10  9.11  9.74  9.55  8.09  7.11  4.07  1.56  0.51  0.35  0.11  0.04  0.03  0.03  0.03  0.03  0.03  0.03
12  -5  0.03  0.08  0.14  0.28  0.56  0.84  1.41  2.85  4.27  5.33  7.35  9.08  9.58  9.39  7.91  6.80  3.96  1.51  0.49  0.33  0.13  0.03  0.03  0.03  0.03  0.03  0.03  0.03
12   0  0.03  0.09  0.15  0.30  0.60  0.90  1.50  3.05  4.34  5.41  7.20  8.99  9.50  9.22  7.69  6.54  3.78  1.43  0.46  0.32  0.13  0.03  0.03  0.03  0.03  0.03  0.03  0.03
12   5  0.03  0.09  0.15  0.30  0.60  0.90  1.51  3.07  4.52  5.54  7.41  8.98  9.25  9.20  7.86  6.70  4.01  1.51  0.51  0.34  0.12  0.03  0.03  0.03  0.03  0.03  0.03  0.03
12  10  0.03  0.09  0.15  0.30  0.61  0.91  1.53  3.09  4.55  5.67  7.26  8.63  8.99  9.09  7.95  6.90  4.24  1.62  0.56  0.38  0.13  0.03  0.03  0.03  0.03  0.03  0.03  0.03
12  15  0.03  0.09  0.15  0.30  0.61  0.92  1.54  3.10  4.63  5.81  7.22  8.47  8.85  8.92  7.60  6.69  4.11  1.62  0.60  0.42  0.14  0.04  0.03  0.03  0.03  0.04  0.04  0.04
12  20  0.03  0.09  0.16  0.31  0.63  0.95  1.58  3.20  4.84  6.12  7.42  8.32  8.72  8.63  7.25  6.44  4.08  1.71  0.62  0.45  0.16  0.04  0.04  0.03  0.03  0.04  0.04  0.04
12  25  0.03  0.09  0.15  0.31  0.62  0.93  1.56  3.14  4.90  6.11  7.51  8.33  8.50  8.10  7.04  6.57  4.27  1.95  0.77  0.57  0.22  0.05  0.04  0.04  0.04  0.04  0.04  0.04
12  30  0.03  0.10  0.16  0.33  0.65  0.98  1.64  3.32  4.97  6.26  7.50  8.18  8.28  7.71  7.04  6.70  4.51  2.10  0.86  0.64  0.27  0.08  0.06  0.05  0.04  0.04  0.04  0.04
12  35  0.03  0.10  0.17  0.35  0.69  1.04  1.74  3.51  5.28  6.57  7.72  8.00  7.80  7.38  6.94  6.64  4.78  2.33  1.08  0.84  0.44  0.20  0.09  0.06  0.05  0.04  0.04  0.04
12  40  0.04  0.11  0.18  0.36  0.73  1.10  1.84  3.71  5.52  6.83  7.83  7.84  7.36  6.80  6.64  6.60  5.12  2.66  1.42  1.10  0.62  0.29  0.16  0.09  0.06  0.04  0.04  0.04
12  45  0.04  0.11  0.19  0.38  0.77  1.15  1.93  3.90  5.62  6.84  7.54  7.29  6.79  6.45  6.33  6.25  5.07  3.00  1.68  1.37  0.85  0.40  0.23  0.15  0.07  0.05  0.04  0.04
12  50  0.04  0.12  0.20  0.40  0.81  1.22  2.04  4.12  5.95  6.96  7.35  6.88  6.30  5.89  5.95  5.96  5.06  3.33  1.93  1.58  1.02  0.49  0.27  0.18  0.08  0.05  0.04  0.04
12  55  0.04  0.12  0.20  0.40  0.81  1.22  2.04  4.12  5.79  6.54  6.81  6.33  5.92  5.69  5.73  5.76  4.90  3.35  2.05  1.69  1.16  0.57  0.30  0.19  0.09  0.05  0.04  0.04
12  60  0.04  0.12  0.20  0.40  0.81  1.22  2.03  4.10  5.69  6.36  6.51  6.01  5.71  5.60  5.56  5.54  4.68  3.31  2.19  1.84  1.31  0.63  0.32  0.19  0.09  0.05  0.04  0.04
12  65  0.04  0.12  0.21  0.42  0.83  1.25  2.10  4.24  5.66  6.31  6.45  5.89  5.58  5.46  5.32  5.22  4.52  3.21  2.24  1.90  1.38  0.64  0.30  0.18  0.09  0.05  0.04  0.04
12  70  0.04  0.13  0.21  0.43  0.86  1.29  2.15  4.36  5.60  6.24  6.37  5.78  5.44  5.32  5.09  4.89  4.38  3.11  2.30  1.96  1.44  0.66  0.28  0.16  0.09  0.05  0.04  0.04
12  75  0.04  0.12  0.21  0.41  0.83  1.24  2.08  4.21  5.35  5.99  6.11  5.35  4.94  4.82  4.61  4.43  4.15  3.11  2.31  1.98  1.45  0.65  0.30  0.18  0.10  0.05  0.04  0.04
12  80  0.04  0.12  0.20  0.39  0.79  1.19  1.99  4.03  5.12  5.74  5.84  4.93  4.45  4.29  4.13  3.98  3.94  3.13  2.32  1.99  1.46  0.64  0.32  0.19  0.10  0.05  0.04  0.04
12  85  0.04  0.12  0.20  0.39  0.79  1.19  1.99  4.02  5.11  5.72  5.81  4.90  4.43  4.28  4.12  3.97  3.93  3.13  2.32  2.00  1.46  0.64  0.32  0.19  0.10  0.05  0.04  0.04
12  90  0.04  0.12  0.20  0.39  0.79  1.19  1.99  4.02  5.09  5.70  5.78  4.88  4.41  4.27  4.11  3.96  3.92  3.12  2.32  2.00  1.46  0.64  0.32  0.19  0.10  0.05  0.04  0.04
