     0.010
     0.030
     0.050
     0.100
     0.200
     0.300
     0.500
     1.000
     1.500
     2.000
     3.000
     5.000
     7.000
    10.000
    15.000
    20.000
    30.000
    50.000
    70.000
    80.000
   100.000
   150.000
   200.000
   250.000
   300.000
   400.000
   500.000
   600.000
 1 -90  0.02  0.07  0.11  0.22  0.45  0.68  1.14  2.32  3.36  4.16  5.84  6.77  6.47  5.52  4.63  4.01  3.40  2.81  2.25  1.92  1.29  0.66  0.34  0.19  0.08  0.06  0.03  0.02
 1 -85  0.02  0.07  0.11  0.23  0.45  0.68  1.14  2.33  3.36  4.16  5.84  6.77  6.47  5.52  4.63  4.01  3.40  2.81  2.25  1.92  1.29  0.66  0.34  0.19  0.08  0.05  0.03  0.02
 1 -80  0.02  0.07  0.11  0.23  0.45  0.68  1.14  2.33  3.36  4.15  5.83  6.77  6.46  5.52  4.64  4.01  3.40  2.81  2.25  1.92  1.29  0.66  0.34  0.19  0.08  0.05  0.03  0.02
 1 -75  0.02  0.07  0.12  0.23  0.47  0.70  1.18  2.40  3.45  4.24  5.84  6.89  6.70  5.81  4.98  4.39  3.70  2.87  2.24  1.90  1.27  0.66  0.35  0.18  0.08  0.05  0.03  0.02
 1 -70  0.02  0.07  0.12  0.24  0.48  0.72  1.21  2.47  3.53  4.32  5.86  7.01  6.93  6.09  5.32  4.78  4.02  2.95  2.21  1.87  1.23  0.64  0.35  0.18  0.08  0.05  0.03  0.02
 1 -65  0.02  0.07  0.12  0.25  0.50  0.75  1.25  2.56  3.66  4.46  6.03  7.32  7.39  6.65  5.93  5.42  4.29  2.96  2.06  1.73  1.11  0.56  0.33  0.19  0.11  0.05  0.03  0.02
 1 -60  0.03  0.08  0.13  0.26  0.52  0.78  1.30  2.66  3.79  4.61  6.21  7.64  7.85  7.21  6.54  6.06  4.57  2.97  1.91  1.60  1.00  0.49  0.32  0.19  0.12  0.05  0.03  0.02
 1 -55  0.03  0.08  0.14  0.27  0.55  0.82  1.38  2.82  4.00  4.86  6.47  7.95  8.27  7.80  6.97  6.35  4.49  2.75  1.60  1.34  0.79  0.37  0.26  0.18  0.11  0.05  0.03  0.02
 1 -50  0.03  0.08  0.14  0.28  0.56  0.84  1.41  2.88  4.09  5.01  6.65  8.25  8.70  8.30  7.33  6.64  4.45  2.56  1.32  1.07  0.57  0.25  0.19  0.16  0.09  0.04  0.03  0.03
 1 -45  0.03  0.08  0.14  0.27  0.55  0.83  1.39  2.81  4.01  4.90  6.66  8.57  9.09  8.73  7.44  6.62  4.54  2.59  1.31  1.04  0.53  0.19  0.15  0.10  0.06  0.04  0.03  0.03
 1 -40  0.03  0.08  0.14  0.27  0.55  0.82  1.38  2.77  4.08  5.02  6.90  8.87  9.44  8.99  7.63  6.64  4.52  2.60  1.35  1.06  0.53  0.18  0.12  0.07  0.05  0.04  0.03  0.03
 1 -35  0.03  0.08  0.14  0.28  0.56  0.84  1.41  2.83  3.92  4.82  6.75  8.85  9.44  9.24  7.74  6.79  4.46  2.35  1.08  0.82  0.38  0.15  0.08  0.05  0.04  0.03  0.03  0.03
 1 -30  0.03  0.08  0.14  0.28  0.57  0.85  1.42  2.85  4.04  4.93  6.86  9.01  9.62  9.28  7.88  6.96  4.40  2.07  0.83  0.59  0.24  0.09  0.05  0.04  0.04  0.03  0.03  0.03
 1 -25  0.03  0.09  0.14  0.29  0.57  0.86  1.44  2.89  4.13  5.14  7.16  9.24  9.74  9.36  7.85  6.90  4.29  1.87  0.73  0.52  0.19  0.06  0.04  0.03  0.03  0.03  0.03  0.03
 1 -20  0.03  0.08  0.14  0.28  0.56  0.84  1.39  2.78  4.19  5.25  7.20  9.48 10.14  9.64  7.98  6.87  4.25  1.68  0.62  0.42  0.13  0.04  0.03  0.03  0.03  0.03  0.03  0.03
 1 -15  0.03  0.08  0.14  0.28  0.55  0.83  1.38  2.75  4.22  5.17  7.09  9.58 10.42  9.84  8.03  6.89  4.12  1.64  0.56  0.36  0.13  0.04  0.03  0.02  0.02  0.03  0.03  0.02
 1 -10  0.03  0.08  0.14  0.27  0.54  0.82  1.35  2.69  4.06  5.19  7.16  9.38 10.12  9.87  8.05  6.95  4.01  1.57  0.48  0.32  0.08  0.03  0.02  0.02  0.02  0.02  0.02  0.02
 1  -5  0.03  0.08  0.14  0.27  0.54  0.82  1.35  2.68  4.20  5.37  7.62  9.31  9.93  9.71  7.90  6.76  3.90  1.51  0.45  0.30  0.06  0.03  0.02  0.02  0.02  0.02  0.02  0.02
 1   0  0.03  0.09  0.15  0.30  0.60  0.89  1.49  2.99  4.46  5.63  7.74  9.58 10.14  9.72  7.81  6.61  3.69  1.37  0.41  0.28  0.05  0.02  0.02  0.02  0.02  0.02  0.02  0.02
 1   5  0.03  0.09  0.15  0.30  0.59  0.89  1.49  2.99  4.61  5.72  7.88  9.33  9.57  9.49  7.80  6.57  3.87  1.48  0.47  0.31  0.05  0.02  0.02  0.02  0.02  0.02  0.02  0.02
 1  10  0.03  0.09  0.15  0.30  0.60  0.90  1.50  3.02  4.56  5.78  7.53  8.78  8.98  9.01  7.72  6.61  4.04  1.64  0.54  0.36  0.05  0.03  0.02  0.02  0.02  0.02  0.03  0.03
 1  15  0.03  0.09  0.15  0.30  0.61  0.91  1.52  3.05  4.71  5.93  7.37  8.44  8.62  8.64  7.28  6.36  3.96  1.63  0.58  0.40  0.06  0.03  0.02  0.02  0.02  0.03  0.03  0.03
 1  20  0.03  0.09  0.16  0.31  0.63  0.95  1.58  3.19  4.88  6.23  7.50  8.25  8.50  8.34  6.90  6.12  4.03  1.69  0.59  0.43  0.16  0.03  0.03  0.03  0.03  0.03  0.03  0.03
 1  25  0.03  0.09  0.16  0.31  0.63  0.94  1.57  3.16  5.01  6.18  7.48  8.17  8.24  7.75  6.69  6.28  4.33  2.06  0.79  0.60  0.26  0.05  0.03  0.03  0.03  0.03  0.03  0.03
 1  30  0.03  0.10  0.17  0.33  0.66  1.00  1.67  3.38  5.08  6.38  7.46  7.97  8.04  7.42  6.76  6.47  4.71  2.30  0.92  0.71  0.32  0.09  0.06  0.04  0.04  0.03  0.03  0.03
 1  35  0.03  0.10  0.17  0.35  0.70  1.05  1.76  3.57  5.36  6.60  7.66  7.87  7.70  7.25  6.76  6.41  5.03  2.59  1.22  0.95  0.49  0.24  0.15  0.07  0.05  0.03  0.03  0.03
 1  40  0.04  0.11  0.18  0.37  0.73  1.10  1.85  3.75  5.45  6.69  7.68  7.78  7.38  6.81  6.48  6.32  5.39  2.97  1.64  1.24  0.68  0.35  0.22  0.10  0.06  0.04  0.03  0.03
 1  45  0.04  0.11  0.19  0.37  0.75  1.13  1.89  3.83  5.40  6.60  7.49  7.35  6.88  6.58  6.40  6.24  5.50  3.36  1.88  1.53  0.95  0.50  0.31  0.20  0.07  0.04  0.03  0.03
 1  50  0.04  0.11  0.19  0.38  0.76  1.15  1.92  3.89  5.64  6.74  7.30  7.07  6.42  6.02  6.19  6.22  5.65  3.69  2.15  1.78  1.16  0.61  0.35  0.24  0.08  0.04  0.03  0.03
 1  55  0.04  0.12  0.19  0.39  0.77  1.16  1.95  3.95  5.59  6.41  6.85  6.56  6.09  5.86  5.92  5.94  5.39  3.72  2.33  1.94  1.34  0.68  0.39  0.26  0.09  0.04  0.03  0.03
 1  60  0.04  0.12  0.20  0.39  0.78  1.18  1.98  4.00  5.55  6.28  6.64  6.25  5.88  5.76  5.69  5.63  5.09  3.69  2.53  2.14  1.53  0.75  0.44  0.27  0.09  0.04  0.03  0.03
 1  65  0.04  0.12  0.19  0.39  0.77  1.16  1.95  3.95  5.57  6.27  6.67  6.26  6.01  5.96  5.76  5.61  4.91  3.64  2.54  2.16  1.55  0.74  0.41  0.25  0.09  0.04  0.03  0.03
 1  70  0.04  0.11  0.19  0.38  0.76  1.15  1.92  3.90  5.59  6.26  6.70  6.31  6.14  6.16  5.84  5.58  4.77  3.61  2.55  2.18  1.57  0.74  0.39  0.23  0.09  0.04  0.03  0.03
 1  75  0.04  0.11  0.18  0.36  0.73  1.10  1.84  3.75  5.41  6.01  6.44  5.92  5.68  5.66  5.31  5.03  4.55  3.52  2.64  2.32  1.76  0.78  0.40  0.23  0.10  0.04  0.03  0.03
 1  80  0.04  0.11  0.18  0.35  0.71  1.07  1.80  3.69  5.19  5.74  6.13  5.54  5.22  5.12  4.78  4.49  4.32  3.43  2.73  2.45  1.94  0.82  0.41  0.24  0.10  0.04  0.03  0.03
 1  85  0.04  0.11  0.18  0.35  0.71  1.07  1.80  3.69  5.20  5.75  6.15  5.55  5.23  5.13  4.78  4.50  4.33  3.43  2.73  2.45  1.94  0.82  0.41  0.24  0.10  0.04  0.03  0.03
 1  90  0.04  0.11  0.18  0.35  0.71  1.07  1.80  3.69  5.20  5.77  6.16  5.56  5.25  5.14  4.79  4.50  4.33  3.43  2.73  2.45  1.94  0.82  0.41  0.24  0.10  0.05  0.03  0.03
 2 -90  0.03  0.08  0.14  0.28  0.55  0.83  1.40  2.84  4.15  5.11  6.37  6.38  5.73  4.78  4.30  3.81  2.73  2.60  2.32  1.99  1.41  0.67  0.36  0.21  0.13  0.06  0.03  0.02
 2 -85  0.03  0.08  0.14  0.28  0.55  0.83  1.40  2.85  4.16  5.11  6.37  6.38  5.73  4.79  4.30  3.81  2.73  2.60  2.32  1.99  1.41  0.67  0.36  0.21  0.13  0.06  0.03  0.02
 2 -80  0.03  0.08  0.14  0.28  0.55  0.83  1.40  2.85  4.16  5.11  6.36  6.38  5.72  4.79  4.30  3.82  2.73  2.60  2.32  1.99  1.41  0.67  0.36  0.21  0.13  0.05  0.03  0.02
 2 -75  0.03  0.08  0.14  0.27  0.55  0.83  1.39  2.83  4.15  5.10  6.43  6.71  6.20  5.28  4.70  4.17  2.94  2.60  2.32  1.99  1.38  0.66  0.37  0.20  0.12  0.05  0.03  0.02
 2 -70  0.03  0.08  0.14  0.27  0.55  0.82  1.38  2.82  4.14  5.09  6.50  7.05  6.67  5.77  5.10  4.54  3.23  2.61  2.29  1.96  1.33  0.63  0.37  0.20  0.11  0.05  0.03  0.02
 2 -65  0.03  0.08  0.14  0.28  0.56  0.84  1.41  2.87  4.21  5.16  6.64  7.45  7.23  6.38  5.62  5.01  3.68  2.64  2.11  1.80  1.19  0.56  0.35  0.20  0.12  0.05  0.03  0.02
 2 -60  0.03  0.08  0.14  0.28  0.57  0.86  1.44  2.93  4.29  5.26  6.81  7.85  7.78  6.99  6.14  5.47  4.12  2.69  1.94  1.64  1.06  0.48  0.32  0.20  0.12  0.05  0.03  0.03
 2 -55  0.03  0.09  0.15  0.30  0.60  0.90  1.51  3.08  4.47  5.46  7.00  8.13  8.20  7.59  6.70  5.99  4.27  2.57  1.58  1.33  0.80  0.36  0.25  0.18  0.10  0.05  0.03  0.03
 2 -50  0.03  0.09  0.15  0.30  0.61  0.92  1.54  3.15  4.54  5.59  7.17  8.41  8.64  8.14  7.23  6.53  4.40  2.45  1.26  1.03  0.55  0.24  0.18  0.13  0.08  0.04  0.03  0.03
 2 -45  0.03  0.09  0.15  0.30  0.60  0.90  1.51  3.07  4.40  5.42  7.10  8.70  9.04  8.58  7.40  6.57  4.47  2.42  1.26  0.99  0.48  0.18  0.15  0.08  0.06  0.04  0.03  0.03
 2 -40  0.03  0.09  0.15  0.30  0.60  0.90  1.50  3.03  4.43  5.48  7.26  8.99  9.45  8.99  7.64  6.62  4.47  2.37  1.27  0.98  0.44  0.16  0.10  0.06  0.04  0.03  0.03  0.03
 2 -35  0.03  0.09  0.15  0.30  0.60  0.90  1.50  3.03  4.21  5.19  7.04  8.95  9.47  9.24  7.72  6.68  4.35  2.19  1.04  0.77  0.33  0.13  0.07  0.05  0.04  0.03  0.03  0.03
 2 -30  0.03  0.09  0.15  0.30  0.60  0.90  1.50  3.01  4.27  5.22  7.07  9.06  9.63  9.35  7.85  6.80  4.25  1.97  0.81  0.58  0.22  0.08  0.05  0.04  0.03  0.03  0.03  0.03
 2 -25  0.03  0.09  0.15  0.29  0.59  0.89  1.48  2.97  4.22  5.24  7.21  9.30  9.85  9.55  7.90  6.80  4.14  1.84  0.70  0.49  0.18  0.05  0.03  0.03  0.03  0.03  0.03  0.03
 2 -20  0.03  0.08  0.14  0.28  0.56  0.84  1.41  2.81  4.22  5.31  7.17  9.45 10.28  9.94  8.09  6.83  4.10  1.68  0.57  0.39  0.12  0.04  0.03  0.03  0.03  0.03  0.03  0.03
 2 -15  0.03  0.08  0.14  0.28  0.55  0.83  1.38  2.76  4.18  5.06  6.95  9.57 10.56 10.11  8.11  6.87  4.03  1.60  0.53  0.35  0.12  0.03  0.02  0.02  0.02  0.03  0.03  0.02
 2 -10  0.03  0.08  0.14  0.27  0.54  0.81  1.34  2.68  3.96  5.00  6.89  9.34 10.36 10.25  8.15  6.94  4.00  1.48  0.48  0.32  0.08  0.03  0.02  0.02  0.02  0.02  0.02  0.02
 2  -5  0.03  0.08  0.13  0.27  0.54  0.80  1.34  2.66  4.06  5.14  7.31  9.25 10.24 10.15  7.82  6.49  3.84  1.45  0.47  0.32  0.06  0.03  0.02  0.02  0.02  0.02  0.02  0.02
 2   0  0.03  0.09  0.15  0.29  0.59  0.89  1.48  2.98  4.33  5.48  7.58  9.76 10.73 10.36  7.61  6.01  3.56  1.31  0.45  0.31  0.05  0.02  0.02  0.02  0.02  0.02  0.02  0.02
 2   5  0.03  0.09  0.15  0.29  0.58  0.87  1.46  2.94  4.45  5.50  7.67  9.41 10.07 10.07  7.71  6.26  3.75  1.44  0.51  0.34  0.05  0.02  0.02  0.02  0.02  0.02  0.02  0.02
 2  10  0.03  0.09  0.14  0.29  0.58  0.87  1.45  2.92  4.33  5.43  7.30  8.86  9.35  9.40  7.78  6.60  3.95  1.62  0.59  0.40  0.05  0.03  0.02  0.02  0.02  0.03  0.03  0.03
 2  15  0.03  0.09  0.15  0.29  0.58  0.88  1.46  2.93  4.54  5.62  7.26  8.54  8.86  8.93  7.48  6.55  4.02  1.69  0.66  0.46  0.06  0.03  0.02  0.02  0.02  0.03  0.03  0.03
 2  20  0.03  0.09  0.15  0.30  0.61  0.91  1.53  3.08  4.65  5.89  7.39  8.44  8.80  8.69  7.30  6.56  4.27  1.81  0.70  0.51  0.09  0.04  0.03  0.03  0.03  0.03  0.03  0.03
 2  25  0.03  0.09  0.15  0.31  0.61  0.92  1.54  3.10  4.85  5.94  7.36  8.31  8.48  8.05  6.96  6.47  4.50  2.14  0.88  0.66  0.26  0.05  0.04  0.03  0.03  0.03  0.03  0.03
 2  30  0.03  0.10  0.16  0.32  0.65  0.98  1.64  3.31  4.97  6.24  7.48  8.14  8.27  7.74  6.88  6.44  4.82  2.31  1.00  0.75  0.31  0.18  0.07  0.05  0.04  0.03  0.03  0.03
 2  35  0.03  0.10  0.17  0.34  0.68  1.03  1.72  3.49  5.30  6.54  7.79  8.11  8.01  7.55  6.90  6.44  5.08  2.72  1.29  0.99  0.47  0.30  0.21  0.08  0.05  0.04  0.03  0.03
 2  40  0.04  0.11  0.18  0.36  0.72  1.08  1.82  3.69  5.39  6.66  7.84  8.09  7.77  7.13  6.63  6.37  5.35  3.18  1.69  1.26  0.66  0.42  0.29  0.12  0.07  0.04  0.03  0.03
 2  45  0.04  0.11  0.18  0.37  0.74  1.11  1.85  3.76  5.43  6.71  7.86  7.84  7.35  6.97  6.59  6.28  5.52  3.55  1.95  1.58  0.96  0.55  0.37  0.23  0.09  0.04  0.03  0.03
 2  50  0.04  0.11  0.19  0.37  0.75  1.12  1.88  3.80  5.67  6.97  7.75  7.59  6.91  6.44  6.36  6.21  5.69  3.85  2.27  1.87  1.19  0.65  0.40  0.28  0.10  0.04  0.03  0.03
 2  55  0.04  0.12  0.19  0.39  0.78  1.17  1.95  3.95  5.75  6.86  7.46  7.23  6.64  6.28  6.19  6.09  5.65  3.97  2.45  2.04  1.38  0.70  0.44  0.30  0.10  0.05  0.04  0.03
 2  60  0.04  0.12  0.20  0.40  0.81  1.21  2.03  4.12  5.84  6.90  7.36  6.96  6.42  6.13  6.03  5.95  5.60  4.04  2.65  2.23  1.57  0.77  0.48  0.31  0.11  0.05  0.04  0.03
 2  65  0.04  0.12  0.20  0.40  0.81  1.22  2.04  4.14  5.78  6.73  7.16  6.79  6.38  6.19  5.99  5.84  5.39  3.91  2.76  2.35  1.71  0.83  0.48  0.30  0.11  0.05  0.04  0.03
 2  70  0.04  0.12  0.20  0.40  0.81  1.22  2.04  4.14  5.75  6.58  6.99  6.62  6.34  6.26  5.95  5.72  5.24  3.79  2.86  2.48  1.85  0.90  0.47  0.29  0.11  0.05  0.04  0.03
 2  75  0.04  0.12  0.20  0.40  0.80  1.21  2.03  4.13  5.63  6.31  6.92  6.74  6.62  6.59  6.15  5.82  5.30  3.73  2.91  2.54  1.90  0.94  0.49  0.29  0.11  0.05  0.04  0.03
 2  80  0.04  0.12  0.20  0.40  0.80  1.20  2.02  4.11  5.51  6.04  6.85  6.89  6.91  6.91  6.34  5.93  5.35  3.66  2.94  2.58  1.93  0.97  0.51  0.29  0.12  0.05  0.04  0.03
 2  85  0.04  0.12  0.20  0.40  0.80  1.20  2.02  4.12  5.52  6.05  6.87  6.91  6.92  6.92  6.35  5.94  5.35  3.67  2.94  2.58  1.93  0.97  0.51  0.29  0.12  0.05  0.04  0.03
 2  90  0.04  0.12  0.20  0.40  0.80  1.20  2.02  4.12  5.53  6.06  6.89  6.92  6.93  6.92  6.35  5.94  5.36  3.67  2.94  2.57  1.93  0.97  0.51  0.29  0.11  0.05  0.04  0.03
 3 -90  0.04  0.12  0.20  0.40  0.81  1.22  2.05  4.19  5.60  6.46  6.53  5.92  5.20  4.51  3.87  3.14  2.54  2.60  2.45  2.12  1.52  0.60  0.33  0.19  0.11  0.05  0.03  0.02
 3 -85  0.04  0.12  0.20  0.40  0.81  1.22  2.05  4.19  5.60  6.46  6.52  5.91  5.20  4.51  3.87  3.14  2.54  2.60  2.46  2.12  1.52  0.60  0.33  0.19  0.11  0.05  0.03  0.02
 3 -80  0.04  0.12  0.20  0.40  0.81  1.22  2.05  4.19  5.61  6.46  6.52  5.91  5.20  4.51  3.88  3.14  2.54  2.60  2.46  2.13  1.52  0.60  0.33  0.19  0.11  0.05  0.03  0.02
 3 -75  0.04  0.11  0.19  0.38  0.77  1.16  1.95  4.00  5.55  6.52  6.91  6.43  5.69  4.92  4.21  3.45  2.66  2.57  2.43  2.09  1.47  0.59  0.33  0.19  0.11  0.05  0.03  0.02
 3 -70  0.04  0.11  0.18  0.36  0.73  1.10  1.86  3.81  5.47  6.56  7.30  6.95  6.18  5.33  4.54  3.79  2.87  2.56  2.35  2.02  1.40  0.57  0.32  0.18  0.10  0.05  0.03  0.03
 3 -65  0.04  0.11  0.18  0.35  0.71  1.07  1.80  3.69  5.38  6.51  7.47  7.41  6.76  5.89  5.15  4.51  3.32  2.58  2.12  1.83  1.24  0.51  0.31  0.18  0.11  0.05  0.03  0.03
 3 -60  0.03  0.10  0.17  0.34  0.69  1.04  1.75  3.58  5.30  6.48  7.65  7.87  7.33  6.46  5.76  5.20  3.74  2.63  1.92  1.64  1.09  0.45  0.29  0.18  0.11  0.05  0.03  0.03
 3 -55  0.03  0.10  0.17  0.35  0.69  1.04  1.76  3.60  5.33  6.51  7.76  8.17  7.79  7.03  6.33  5.79  4.20  2.61  1.60  1.35  0.85  0.34  0.23  0.16  0.09  0.04  0.03  0.03
 3 -50  0.03  0.10  0.17  0.34  0.69  1.04  1.75  3.58  5.32  6.54  7.89  8.47  8.29  7.61  6.91  6.40  4.60  2.56  1.33  1.09  0.62  0.24  0.17  0.11  0.07  0.04  0.03  0.03
 3 -45  0.03  0.10  0.17  0.33  0.67  1.00  1.69  3.43  5.06  6.26  7.76  8.79  8.77  8.15  7.08  6.26  4.48  2.49  1.28  1.01  0.52  0.17  0.13  0.07  0.05  0.03  0.03  0.03
 3 -40  0.03  0.10  0.16  0.33  0.66  0.99  1.65  3.35  4.94  6.16  7.79  9.08  9.28  8.73  7.24  6.09  4.33  2.41  1.21  0.94  0.45  0.14  0.09  0.05  0.04  0.03  0.03  0.03
 3 -35  0.03  0.10  0.16  0.32  0.64  0.96  1.61  3.25  4.67  5.77  7.52  9.05  9.39  9.05  7.64  6.61  4.33  2.23  0.98  0.74  0.32  0.13  0.07  0.04  0.03  0.03  0.03  0.03
 3 -30  0.03  0.09  0.16  0.31  0.63  0.95  1.58  3.20  4.62  5.70  7.45  9.13  9.58  9.31  8.09  7.20  4.36  2.03  0.77  0.55  0.19  0.08  0.05  0.03  0.03  0.03  0.03  0.03
 3 -25  0.03  0.09  0.15  0.31  0.61  0.92  1.54  3.10  4.45  5.52  7.38  9.30  9.86  9.63  8.19  7.23  4.23  1.83  0.63  0.44  0.15  0.05  0.03  0.03  0.03  0.03  0.03  0.02
 3 -20  0.03  0.09  0.15  0.29  0.58  0.88  1.46  2.94  4.41  5.56  7.27  9.32 10.22 10.14  8.42  7.27  4.15  1.55  0.48  0.32  0.09  0.04  0.02  0.02  0.02  0.03  0.03  0.02
 3 -15  0.03  0.09  0.14  0.29  0.57  0.86  1.44  2.88  4.26  5.15  6.90  9.38 10.43 10.28  8.31  7.06  4.08  1.53  0.47  0.31  0.10  0.03  0.02  0.02  0.02  0.02  0.02  0.02
 3 -10  0.03  0.08  0.14  0.28  0.56  0.84  1.40  2.81  4.00  4.96  6.66  9.04 10.28 10.49  8.23  6.90  4.08  1.49  0.47  0.31  0.12  0.02  0.02  0.02  0.02  0.02  0.02  0.02
 3  -5  0.03  0.08  0.14  0.28  0.55  0.83  1.38  2.77  4.01  4.98  6.93  8.87 10.13 10.42  8.06  6.72  3.98  1.47  0.47  0.32  0.06  0.02  0.02  0.02  0.02  0.02  0.02  0.02
 3   0  0.03  0.09  0.15  0.30  0.59  0.89  1.49  3.02  4.19  5.25  7.19  9.41 10.71 10.77  8.03  6.49  3.77  1.34  0.45  0.31  0.13  0.02  0.02  0.02  0.02  0.02  0.02  0.02
 3   5  0.03  0.09  0.15  0.29  0.58  0.88  1.47  2.96  4.34  5.24  7.25  9.11 10.15 10.47  7.99  6.61  3.92  1.44  0.50  0.33  0.05  0.02  0.02  0.02  0.02  0.02  0.02  0.02
 3  10  0.03  0.09  0.14  0.29  0.58  0.87  1.44  2.90  4.15  5.05  6.92  8.65  9.47  9.71  7.97  6.85  4.09  1.60  0.58  0.39  0.06  0.02  0.02  0.02  0.02  0.03  0.03  0.03
 3  15  0.03  0.09  0.14  0.29  0.58  0.87  1.45  2.91  4.40  5.33  7.08  8.48  8.99  9.16  7.56  6.55  4.08  1.68  0.64  0.45  0.07  0.03  0.02  0.02  0.02  0.03  0.03  0.03
 3  20  0.03  0.09  0.15  0.30  0.61  0.91  1.53  3.07  4.52  5.62  7.21  8.53  9.00  8.94  7.30  6.36  4.25  1.77  0.67  0.49  0.19  0.04  0.03  0.03  0.03  0.03  0.03  0.03
 3  25  0.03  0.09  0.15  0.31  0.61  0.92  1.54  3.11  4.69  5.72  7.23  8.41  8.69  8.39  7.08  6.37  4.45  2.19  0.89  0.68  0.31  0.07  0.04  0.04  0.03  0.03  0.03  0.03
 3  30  0.03  0.10  0.16  0.32  0.64  0.96  1.60  3.24  4.83  6.03  7.45  8.32  8.54  8.16  7.09  6.46  4.74  2.47  1.07  0.82  0.39  0.20  0.08  0.05  0.04  0.04  0.03  0.03
 3  35  0.03  0.10  0.16  0.33  0.66  0.99  1.66  3.37  5.13  6.33  7.86  8.44  8.47  8.02  7.14  6.53  4.87  2.81  1.36  1.07  0.57  0.31  0.22  0.08  0.05  0.04  0.03  0.03
 3  40  0.03  0.10  0.17  0.34  0.69  1.03  1.74  3.53  5.17  6.42  7.91  8.56  8.41  7.72  6.93  6.48  4.97  3.16  1.73  1.33  0.77  0.42  0.30  0.12  0.07  0.04  0.03  0.03
 3  45  0.03  0.10  0.17  0.34  0.69  1.04  1.74  3.52  5.27  6.59  8.17  8.49  8.06  7.55  6.86  6.34  5.26  3.50  1.92  1.58  1.00  0.55  0.39  0.24  0.09  0.05  0.04  0.03
 3  50  0.03  0.10  0.17  0.34  0.69  1.03  1.73  3.49  5.45  6.89  8.16  8.29  7.62  7.04  6.59  6.19  5.53  3.77  2.20  1.83  1.17  0.66  0.43  0.31  0.11  0.05  0.04  0.03
 3  55  0.04  0.11  0.18  0.36  0.71  1.07  1.79  3.63  5.56  6.88  7.98  7.97  7.35  6.81  6.42  6.13  5.53  3.93  2.44  2.04  1.36  0.75  0.48  0.33  0.12  0.05  0.04  0.03
 3  60  0.04  0.11  0.18  0.37  0.74  1.12  1.87  3.79  5.71  7.02  7.95  7.74  7.08  6.56  6.26  6.06  5.52  4.10  2.70  2.27  1.56  0.86  0.54  0.35  0.13  0.05  0.04  0.03
 3  65  0.04  0.11  0.19  0.38  0.77  1.15  1.93  3.91  5.75  6.99  7.76  7.48  6.86  6.40  6.07  5.85  5.33  4.11  2.85  2.44  1.76  0.95  0.60  0.37  0.13  0.05  0.04  0.03
 3  70  0.04  0.12  0.20  0.39  0.79  1.18  1.98  4.02  5.79  6.97  7.57  7.21  6.64  6.25  5.89  5.64  5.14  4.13  3.00  2.61  1.96  1.04  0.65  0.39  0.13  0.05  0.04  0.03
 3  75  0.04  0.12  0.20  0.39  0.79  1.19  1.99  4.04  5.72  6.81  7.38  7.12  6.69  6.40  5.85  5.46  5.08  4.14  3.06  2.67  2.02  1.09  0.65  0.38  0.19  0.06  0.04  0.04
 3  80  0.04  0.12  0.20  0.39  0.79  1.19  2.00  4.06  5.65  6.66  7.19  7.03  6.74  6.54  5.81  5.30  5.03  4.14  3.09  2.71  2.06  1.13  0.64  0.38  0.18  0.06  0.04  0.04
 3  85  0.04  0.12  0.20  0.39  0.79  1.19  2.00  4.07  5.66  6.67  7.21  7.04  6.75  6.55  5.81  5.30  5.03  4.15  3.09  2.71  2.06  1.13  0.64  0.38  0.18  0.06  0.04  0.04
 3  90  0.04  0.12  0.20  0.39  0.79  1.19  2.00  4.07  5.67  6.68  7.23  7.06  6.77  6.55  5.82  5.31  5.03  4.15  3.09  2.71  2.06  1.13  0.64  0.38  0.18  0.06  0.04  0.04
 4 -90  0.05  0.16  0.27  0.53  1.07  1.62  2.73  5.65  6.44  6.60  6.27  5.50  4.89  4.25  3.57  2.72  2.24  2.86  2.44  2.10  1.40  0.48  0.29  0.18  0.11  0.04  0.03  0.03
 4 -85  0.05  0.16  0.27  0.53  1.07  1.62  2.73  5.65  6.44  6.60  6.27  5.49  4.89  4.26  3.57  2.72  2.24  2.86  2.44  2.10  1.40  0.48  0.29  0.18  0.11  0.04  0.03  0.03
 4 -80  0.05  0.16  0.27  0.53  1.07  1.62  2.74  5.66  6.45  6.60  6.26  5.49  4.88  4.26  3.58  2.72  2.24  2.86  2.44  2.10  1.40  0.48  0.29  0.18  0.11  0.04  0.03  0.03
 4 -75  0.05  0.15  0.26  0.51  1.03  1.56  2.63  5.42  6.66  7.05  6.78  5.96  5.30  4.64  3.99  3.18  2.55  2.80  2.39  2.07  1.40  0.46  0.28  0.17  0.10  0.04  0.03  0.03
 4 -70  0.05  0.15  0.25  0.49  0.99  1.49  2.52  5.19  6.81  7.50  7.30  6.47  5.73  5.03  4.38  3.68  2.97  2.75  2.32  2.02  1.38  0.44  0.27  0.17  0.10  0.04  0.03  0.03
 4 -65  0.05  0.14  0.24  0.47  0.95  1.43  2.41  4.96  6.74  7.59  7.65  7.01  6.24  5.52  4.89  4.36  3.46  2.76  2.12  1.83  1.23  0.40  0.25  0.16  0.10  0.04  0.03  0.03
 4 -60  0.05  0.14  0.23  0.45  0.91  1.37  2.31  4.74  6.67  7.70  8.00  7.55  6.76  6.00  5.40  4.99  3.93  2.79  1.94  1.66  1.09  0.36  0.22  0.15  0.09  0.04  0.03  0.03
 4 -55  0.04  0.13  0.22  0.43  0.87  1.31  2.21  4.53  6.53  7.65  8.17  7.88  7.19  6.45  5.98  5.73  4.39  2.73  1.66  1.38  0.84  0.29  0.18  0.14  0.08  0.04  0.03  0.03
 4 -50  0.04  0.12  0.21  0.41  0.83  1.25  2.11  4.32  6.43  7.68  8.40  8.23  7.69  6.94  6.62  6.49  4.80  2.63  1.41  1.13  0.60  0.22  0.14  0.10  0.06  0.04  0.03  0.03
 4 -45  0.04  0.12  0.20  0.39  0.78  1.18  1.99  4.06  6.04  7.34  8.33  8.61  8.28  7.56  6.87  6.32  4.62  2.51  1.37  1.06  0.51  0.17  0.11  0.07  0.05  0.03  0.03  0.03
 4 -40  0.04  0.11  0.19  0.37  0.75  1.13  1.90  3.87  5.70  7.05  8.31  8.94  8.80  8.18  6.98  6.10  4.46  2.38  1.28  0.97  0.45  0.14  0.10  0.05  0.04  0.03  0.03  0.02
 4 -35  0.04  0.11  0.18  0.35  0.71  1.07  1.79  3.63  5.31  6.51  7.99  8.97  9.08  8.62  7.19  6.13  4.26  2.17  1.09  0.82  0.37  0.13  0.07  0.04  0.03  0.03  0.03  0.02
 4 -30  0.03  0.10  0.17  0.34  0.68  1.02  1.71  3.47  5.09  6.27  7.80  9.09  9.35  9.04  7.41  6.21  4.12  1.99  0.91  0.68  0.29  0.09  0.05  0.03  0.03  0.03  0.02  0.02
 4 -25  0.03  0.10  0.16  0.33  0.65  0.98  1.65  3.33  4.83  5.96  7.62  9.22  9.72  9.50  7.74  6.55  4.11  1.86  0.70  0.51  0.20  0.05  0.03  0.03  0.02  0.02  0.02  0.02
 4 -20  0.03  0.09  0.16  0.31  0.63  0.94  1.57  3.18  4.78  6.00  7.50  9.18 10.05 10.17  8.20  6.88  4.14  1.62  0.50  0.34  0.11  0.03  0.02  0.02  0.02  0.02  0.02  0.02
 4 -15  0.03  0.09  0.15  0.31  0.61  0.92  1.54  3.10  4.56  5.55  7.17  9.24 10.14 10.25  8.29  6.98  4.10  1.54  0.46  0.31  0.11  0.03  0.02  0.02  0.02  0.02  0.02  0.02
 4 -10  0.03  0.09  0.15  0.30  0.60  0.91  1.52  3.06  4.32  5.34  6.90  8.88 10.00 10.41  8.37  7.11  4.15  1.46  0.44  0.30  0.12  0.02  0.02  0.02  0.02  0.02  0.02  0.02
 4  -5  0.03  0.09  0.15  0.30  0.60  0.90  1.50  3.01  4.25  5.23  7.04  8.69  9.79 10.32  8.28  7.07  4.13  1.47  0.43  0.30  0.13  0.02  0.02  0.02  0.02  0.02  0.02  0.02
 4   0  0.03  0.09  0.15  0.31  0.61  0.92  1.54  3.12  4.32  5.35  7.21  9.14 10.28 10.65  8.31  6.94  4.01  1.36  0.42  0.29  0.13  0.02  0.02  0.02  0.02  0.02  0.02  0.02
 4   5  0.03  0.09  0.15  0.30  0.61  0.91  1.52  3.07  4.43  5.29  7.19  8.90  9.93 10.38  8.12  6.93  4.15  1.47  0.57  0.38  0.14  0.02  0.02  0.02  0.02  0.02  0.02  0.02
 4  10  0.03  0.09  0.15  0.30  0.59  0.89  1.48  2.98  4.14  4.98  6.83  8.51  9.39  9.62  7.98  7.05  4.34  1.63  0.77  0.51  0.17  0.02  0.02  0.02  0.02  0.02  0.03  0.02
 4  15  0.03  0.09  0.15  0.30  0.59  0.89  1.48  2.97  4.37  5.27  7.09  8.50  9.00  9.09  7.64  6.78  4.29  1.75  0.86  0.59  0.19  0.03  0.02  0.02  0.02  0.03  0.03  0.03
 4  20  0.03  0.09  0.15  0.31  0.61  0.92  1.54  3.10  4.49  5.52  7.18  8.64  9.09  8.88  7.45  6.63  4.37  1.85  0.91  0.64  0.21  0.04  0.03  0.03  0.03  0.03  0.03  0.03
 4  25  0.03  0.09  0.15  0.31  0.61  0.92  1.54  3.11  4.56  5.57  7.16  8.49  8.78  8.50  7.32  6.59  4.51  2.16  1.05  0.78  0.32  0.07  0.04  0.04  0.03  0.03  0.03  0.03
 4  30  0.03  0.09  0.15  0.31  0.62  0.93  1.56  3.14  4.66  5.77  7.32  8.39  8.69  8.42  7.34  6.65  4.72  2.37  1.17  0.89  0.41  0.14  0.08  0.05  0.04  0.04  0.03  0.03
 4  35  0.03  0.09  0.16  0.31  0.63  0.94  1.58  3.19  4.80  5.93  7.61  8.53  8.76  8.39  7.37  6.66  4.75  2.65  1.40  1.08  0.58  0.34  0.14  0.07  0.05  0.04  0.04  0.03
 4  40  0.03  0.09  0.16  0.32  0.64  0.96  1.61  3.26  4.69  5.82  7.43  8.64  8.85  8.29  7.22  6.58  4.75  2.91  1.67  1.30  0.77  0.44  0.30  0.11  0.07  0.04  0.04  0.03
 4  45  0.03  0.09  0.16  0.31  0.63  0.94  1.58  3.19  4.75  5.93  7.74  8.69  8.60  8.13  7.11  6.42  4.88  3.18  1.80  1.48  0.95  0.53  0.38  0.15  0.09  0.05  0.04  0.04
 4  50  0.03  0.09  0.15  0.31  0.61  0.92  1.54  3.11  4.76  6.08  7.72  8.53  8.23  7.70  6.86  6.23  4.97  3.39  2.02  1.68  1.06  0.61  0.42  0.30  0.10  0.05  0.04  0.04
 4  55  0.03  0.09  0.15  0.31  0.61  0.92  1.54  3.11  4.75  6.02  7.63  8.29  7.96  7.39  6.55  5.96  5.07  3.60  2.25  1.89  1.24  0.69  0.48  0.33  0.12  0.05  0.04  0.04
 4  60  0.03  0.09  0.16  0.31  0.63  0.94  1.58  3.19  4.84  6.14  7.65  8.11  7.68  7.04  6.23  5.69  5.17  3.82  2.50  2.11  1.43  0.79  0.55  0.36  0.13  0.06  0.04  0.04
 4  65  0.03  0.09  0.16  0.32  0.63  0.95  1.59  3.22  4.84  6.13  7.50  7.79  7.30  6.65  6.03  5.58  5.05  3.86  2.70  2.29  1.59  0.93  0.66  0.41  0.13  0.06  0.04  0.04
 4  70  0.03  0.10  0.16  0.32  0.64  0.96  1.61  3.25  4.85  6.12  7.34  7.47  6.92  6.27  5.82  5.48  4.93  3.90  2.90  2.47  1.74  1.07  0.76  0.46  0.24  0.06  0.04  0.04
 4  75  0.03  0.10  0.16  0.32  0.65  0.98  1.64  3.32  4.84  6.05  7.05  7.05  6.51  5.92  5.63  5.40  4.88  3.97  3.01  2.58  1.87  1.14  0.78  0.46  0.23  0.06  0.04  0.04
 4  80  0.03  0.10  0.17  0.33  0.66  1.00  1.67  3.39  4.83  5.98  6.77  6.63  6.09  5.57  5.44  5.33  4.86  4.04  3.08  2.67  1.97  1.20  0.78  0.46  0.22  0.07  0.05  0.04
 4  85  0.03  0.10  0.17  0.33  0.66  1.00  1.67  3.39  4.84  6.00  6.79  6.64  6.11  5.58  5.45  5.34  4.87  4.04  3.08  2.67  1.97  1.20  0.78  0.46  0.22  0.07  0.05  0.04
 4  90  0.03  0.10  0.17  0.33  0.66  1.00  1.68  3.40  4.85  6.01  6.81  6.66  6.12  5.59  5.46  5.34  4.87  4.04  3.08  2.66  1.97  1.20  0.78  0.46  0.22  0.07  0.05  0.04
 5 -90  0.06  0.17  0.29  0.58  1.18  1.78  3.02  6.30  6.94  7.13  6.39  4.93  4.08  3.39  3.09  2.77  3.00  2.99  2.33  1.97  1.32  0.47  0.25  0.15  0.08  0.04  0.03  0.03
 5 -85  0.06  0.17  0.29  0.58  1.18  1.78  3.02  6.30  6.95  7.13  6.38  4.92  4.08  3.39  3.10  2.78  3.00  2.98  2.33  1.98  1.32  0.47  0.25  0.15  0.08  0.04  0.03  0.03
 5 -80  0.06  0.17  0.29  0.58  1.18  1.78  3.02  6.31  6.95  7.12  6.38  4.92  4.08  3.39  3.10  2.78  3.00  2.98  2.34  1.98  1.32  0.47  0.25  0.15  0.08  0.04  0.03  0.03
 5 -75  0.06  0.17  0.28  0.57  1.15  1.74  2.94  6.13  7.02  7.34  6.82  5.56  4.79  4.13  3.66  3.15  3.04  2.84  2.18  1.86  1.25  0.44  0.23  0.14  0.08  0.04  0.03  0.03
 5 -70  0.05  0.16  0.27  0.55  1.11  1.68  2.84  5.90  7.05  7.52  7.22  6.20  5.52  4.87  4.27  3.60  3.11  2.67  2.00  1.71  1.15  0.41  0.22  0.14  0.08  0.04  0.03  0.03
 5 -65  0.05  0.17  0.28  0.55  1.11  1.68  2.84  5.87  7.27  7.83  7.49  6.56  5.89  5.24  4.87  4.38  3.67  2.77  1.93  1.62  1.04  0.40  0.22  0.14  0.08  0.04  0.03  0.03
 5 -60  0.06  0.17  0.28  0.55  1.11  1.68  2.84  5.83  7.49  8.15  7.78  6.92  6.25  5.61  5.34  5.11  4.32  2.91  1.87  1.54  0.92  0.38  0.21  0.14  0.07  0.04  0.03  0.03
 5 -55  0.05  0.16  0.26  0.53  1.07  1.61  2.71  5.57  7.42  8.28  8.06  7.36  6.62  5.95  5.67  5.60  4.62  2.76  1.68  1.36  0.76  0.35  0.20  0.14  0.07  0.04  0.03  0.03
 5 -50  0.05  0.15  0.25  0.51  1.03  1.55  2.61  5.36  7.46  8.57  8.44  7.79  7.09  6.36  6.08  6.11  4.86  2.55  1.51  1.19  0.61  0.33  0.18  0.10  0.06  0.03  0.03  0.03
 5 -45  0.05  0.14  0.23  0.47  0.94  1.42  2.40  4.91  7.05  8.26  8.56  8.27  7.77  7.05  6.51  6.11  4.72  2.48  1.45  1.10  0.50  0.28  0.15  0.08  0.05  0.03  0.03  0.02
 5 -40  0.04  0.13  0.21  0.43  0.86  1.30  2.18  4.47  6.52  7.85  8.59  8.63  8.26  7.63  6.69  6.06  4.63  2.40  1.33  1.00  0.43  0.24  0.12  0.06  0.04  0.03  0.02  0.02
 5 -35  0.04  0.12  0.20  0.39  0.79  1.19  2.00  4.08  5.96  7.20  8.27  8.71  8.63  8.08  7.13  6.44  4.51  2.17  1.10  0.82  0.34  0.19  0.09  0.05  0.03  0.03  0.02  0.02
 5 -30  0.04  0.11  0.18  0.36  0.73  1.10  1.85  3.76  5.58  6.82  8.03  8.83  8.89  8.51  7.54  6.85  4.46  2.00  0.88  0.64  0.22  0.09  0.05  0.04  0.03  0.03  0.02  0.02
 5 -25  0.03  0.10  0.17  0.35  0.70  1.05  1.77  3.59  5.24  6.40  7.78  8.95  9.32  9.05  7.73  6.87  4.34  1.94  0.72  0.52  0.18  0.05  0.03  0.03  0.02  0.02  0.02  0.02
 5 -20  0.03  0.10  0.17  0.33  0.67  1.01  1.69  3.43  5.16  6.40  7.69  8.92  9.64  9.82  8.03  6.88  4.24  1.77  0.56  0.39  0.12  0.03  0.02  0.02  0.02  0.02  0.02  0.02
 5 -15  0.03  0.10  0.16  0.32  0.65  0.98  1.64  3.31  4.88  6.01  7.52  9.10  9.74  9.96  8.25  7.04  4.21  1.64  0.48  0.33  0.11  0.03  0.02  0.02  0.02  0.02  0.02  0.02
 5 -10  0.03  0.10  0.16  0.32  0.65  0.97  1.62  3.29  4.69  5.82  7.31  8.87  9.70 10.10  8.40  7.23  4.30  1.53  0.41  0.29  0.11  0.02  0.02  0.02  0.02  0.02  0.02  0.02
 5  -5  0.03  0.10  0.16  0.32  0.64  0.96  1.61  3.26  4.56  5.61  7.38  8.75  9.46 10.00  8.22  6.99  4.09  1.39  0.36  0.26  0.11  0.02  0.02  0.02  0.02  0.02  0.02  0.02
 5   0  0.03  0.09  0.16  0.32  0.63  0.95  1.59  3.20  4.53  5.56  7.43  9.06  9.77 10.23  8.11  6.67  3.83  1.15  0.32  0.23  0.11  0.02  0.02  0.02  0.02  0.02  0.02  0.02
 5   5  0.03  0.09  0.16  0.31  0.63  0.94  1.58  3.18  4.57  5.47  7.30  8.88  9.72 10.12  8.05  6.89  4.14  1.40  0.46  0.33  0.16  0.02  0.02  0.02  0.02  0.02  0.02  0.02
 5  10  0.03  0.09  0.15  0.30  0.61  0.91  1.52  3.06  4.20  5.06  6.89  8.53  9.40  9.60  8.04  7.22  4.52  1.69  0.67  0.48  0.22  0.03  0.02  0.02  0.02  0.02  0.02  0.02
 5  15  0.03  0.09  0.15  0.30  0.60  0.91  1.52  3.05  4.34  5.28  7.11  8.60  9.14  9.18  7.81  7.05  4.43  1.84  0.76  0.56  0.25  0.03  0.02  0.02  0.02  0.03  0.03  0.03
 5  20  0.03  0.09  0.15  0.31  0.62  0.93  1.56  3.14  4.45  5.46  7.10  8.73  9.25  8.95  7.71  7.00  4.39  1.95  0.83  0.61  0.28  0.05  0.03  0.03  0.03  0.03  0.03  0.03
 5  25  0.03  0.09  0.15  0.31  0.61  0.92  1.54  3.11  4.42  5.42  7.05  8.53  8.89  8.67  7.57  6.82  4.57  2.17  0.97  0.74  0.37  0.08  0.04  0.04  0.03  0.03  0.03  0.03
 5  30  0.03  0.09  0.15  0.30  0.60  0.91  1.51  3.05  4.46  5.47  7.10  8.35  8.75  8.62  7.51  6.74  4.81  2.34  1.12  0.88  0.45  0.13  0.06  0.04  0.04  0.04  0.03  0.03
 5  35  0.03  0.09  0.15  0.30  0.60  0.91  1.52  3.07  4.51  5.56  7.26  8.41  8.82  8.60  7.48  6.70  4.82  2.59  1.30  1.02  0.57  0.32  0.10  0.06  0.05  0.04  0.04  0.03
 5  40  0.03  0.09  0.15  0.30  0.61  0.91  1.53  3.10  4.32  5.34  6.89  8.39  8.88  8.56  7.35  6.60  4.82  2.81  1.51  1.19  0.72  0.41  0.17  0.09  0.06  0.04  0.04  0.03
 5  45  0.03  0.09  0.15  0.29  0.59  0.88  1.48  2.99  4.33  5.34  7.11  8.39  8.66  8.32  7.18  6.45  4.83  2.98  1.63  1.36  0.89  0.49  0.35  0.13  0.07  0.05  0.04  0.04
 5  50  0.03  0.08  0.14  0.28  0.56  0.84  1.41  2.84  4.23  5.30  6.99  8.19  8.31  7.96  6.97  6.25  4.78  3.10  1.84  1.56  1.01  0.58  0.40  0.16  0.09  0.05  0.04  0.04
 5  55  0.03  0.08  0.14  0.27  0.55  0.82  1.37  2.77  4.09  5.12  6.81  7.94  8.02  7.58  6.60  5.94  4.76  3.23  2.02  1.72  1.12  0.64  0.46  0.31  0.11  0.05  0.04  0.04
 5  60  0.03  0.08  0.14  0.27  0.55  0.82  1.38  2.78  4.09  5.12  6.76  7.77  7.74  7.18  6.26  5.64  4.73  3.38  2.22  1.88  1.25  0.72  0.53  0.34  0.12  0.06  0.04  0.04
 5  65  0.03  0.08  0.13  0.27  0.54  0.81  1.35  2.72  4.00  5.02  6.60  7.44  7.30  6.68  5.78  5.15  4.36  3.37  2.39  2.05  1.41  0.83  0.62  0.41  0.13  0.06  0.04  0.04
 5  70  0.03  0.08  0.13  0.26  0.52  0.79  1.32  2.66  3.92  4.91  6.45  7.12  6.87  6.18  5.29  4.66  4.00  3.36  2.57  2.22  1.58  0.95  0.71  0.47  0.29  0.06  0.05  0.04
 5  75  0.03  0.08  0.13  0.26  0.52  0.79  1.32  2.66  3.97  4.99  6.47  6.90  6.49  5.74  5.09  4.62  4.09  3.43  2.62  2.27  1.63  0.98  0.72  0.47  0.29  0.07  0.05  0.04
 5  80  0.03  0.08  0.13  0.26  0.52  0.79  1.32  2.67  4.01  5.06  6.51  6.68  6.11  5.30  4.88  4.58  4.21  3.51  2.66  2.30  1.66  1.00  0.72  0.46  0.28  0.07  0.05  0.04
 5  85  0.03  0.08  0.13  0.26  0.52  0.79  1.32  2.67  4.02  5.08  6.53  6.70  6.13  5.31  4.89  4.59  4.21  3.51  2.66  2.30  1.66  1.00  0.72  0.46  0.28  0.07  0.05  0.04
 5  90  0.03  0.08  0.13  0.26  0.53  0.79  1.32  2.68  4.03  5.10  6.55  6.72  6.14  5.32  4.90  4.59  4.22  3.51  2.66  2.30  1.66  1.00  0.72  0.46  0.28  0.07  0.05  0.04
 6 -90  0.06  0.18  0.30  0.59  1.20  1.82  3.08  6.45  7.20  7.51  6.73  5.04  4.29  3.90  3.41  3.12  3.00  2.92  2.18  1.89  1.36  0.49  0.21  0.12  0.06  0.03  0.03  0.02
 6 -85  0.06  0.18  0.30  0.59  1.20  1.82  3.08  6.46  7.20  7.51  6.73  5.03  4.29  3.90  3.41  3.12  3.00  2.92  2.18  1.90  1.36  0.49  0.21  0.12  0.06  0.03  0.03  0.03
 6 -80  0.06  0.18  0.30  0.59  1.20  1.82  3.09  6.46  7.20  7.50  6.72  5.03  4.28  3.90  3.42  3.12  3.00  2.92  2.18  1.90  1.36  0.49  0.21  0.12  0.06  0.03  0.03  0.03
 6 -75  0.06  0.18  0.29  0.59  1.19  1.81  3.07  6.41  7.22  7.58  7.06  5.56  4.85  4.34  3.79  3.34  3.10  2.90  2.13  1.86  1.36  0.48  0.21  0.12  0.06  0.03  0.03  0.03
 6 -70  0.06  0.17  0.29  0.58  1.18  1.79  3.03  6.31  7.23  7.64  7.36  6.12  5.42  4.80  4.23  3.65  3.23  2.85  2.07  1.80  1.32  0.47  0.20  0.13  0.06  0.03  0.03  0.03
 6 -65  0.06  0.17  0.29  0.58  1.16  1.76  2.97  6.17  7.29  7.79  7.46  6.33  5.65  5.01  4.71  4.30  3.69  2.89  2.03  1.72  1.20  0.47  0.24  0.13  0.06  0.03  0.03  0.03
 6 -60  0.06  0.17  0.28  0.57  1.14  1.72  2.91  6.02  7.33  7.90  7.51  6.54  5.87  5.23  5.14  4.91  4.18  2.97  1.99  1.66  1.09  0.46  0.27  0.13  0.06  0.03  0.03  0.03
 6 -55  0.05  0.16  0.27  0.55  1.11  1.67  2.82  5.81  7.44  8.15  7.75  6.89  6.16  5.52  5.43  5.44  4.51  2.89  1.77  1.47  0.91  0.39  0.27  0.12  0.06  0.03  0.03  0.02
 6 -50  0.05  0.16  0.27  0.55  1.10  1.66  2.80  5.76  7.70  8.67  8.11  7.29  6.57  5.89  5.80  5.99  4.78  2.69  1.56  1.27  0.74  0.34  0.27  0.11  0.06  0.03  0.03  0.02
 6 -45  0.05  0.15  0.25  0.50  1.01  1.52  2.56  5.25  7.36  8.51  8.49  7.96  7.43  6.72  6.24  5.95  4.69  2.60  1.49  1.19  0.65  0.31  0.24  0.09  0.05  0.03  0.03  0.02
 6 -40  0.04  0.13  0.22  0.45  0.90  1.36  2.28  4.67  6.80  8.11  8.64  8.40  7.93  7.31  6.39  5.87  4.65  2.51  1.38  1.09  0.59  0.27  0.20  0.08  0.04  0.03  0.03  0.02
 6 -35  0.04  0.12  0.20  0.41  0.82  1.23  2.07  4.23  6.17  7.39  8.28  8.52  8.38  7.80  6.87  6.25  4.68  2.27  1.15  0.90  0.47  0.22  0.12  0.07  0.04  0.03  0.02  0.02
 6 -30  0.04  0.11  0.18  0.37  0.74  1.12  1.88  3.82  5.68  6.91  8.01  8.64  8.65  8.24  7.26  6.61  4.79  2.13  0.90  0.69  0.32  0.15  0.06  0.04  0.03  0.03  0.03  0.02
 6 -25  0.04  0.11  0.18  0.36  0.72  1.08  1.82  3.71  5.43  6.56  7.78  8.70  9.02  8.70  7.50  6.76  4.59  1.98  0.72  0.54  0.23  0.05  0.04  0.03  0.03  0.03  0.03  0.02
 6 -20  0.03  0.10  0.17  0.35  0.70  1.06  1.78  3.62  5.42  6.63  7.78  8.69  9.25  9.41  7.86  6.90  4.39  1.76  0.55  0.39  0.13  0.04  0.03  0.02  0.02  0.02  0.03  0.03
 6 -15  0.03  0.10  0.17  0.34  0.68  1.02  1.71  3.47  5.14  6.40  7.82  8.98  9.38  9.62  8.04  6.86  4.17  1.64  0.50  0.36  0.13  0.03  0.02  0.02  0.02  0.02  0.02  0.02
 6 -10  0.03  0.10  0.17  0.34  0.68  1.02  1.71  3.47  5.02  6.25  7.73  8.91  9.43  9.68  8.09  6.85  4.07  1.55  0.48  0.34  0.13  0.03  0.02  0.02  0.02  0.02  0.02  0.02
 6  -5  0.03  0.10  0.17  0.34  0.67  1.01  1.70  3.44  4.85  5.97  7.75  8.89  9.19  9.57  8.23  7.06  4.20  1.54  0.43  0.32  0.13  0.02  0.02  0.02  0.02  0.02  0.02  0.02
 6   0  0.03  0.10  0.16  0.32  0.64  0.97  1.62  3.26  4.68  5.72  7.62  9.01  9.25  9.65  8.35  7.21  4.30  1.45  0.39  0.29  0.14  0.02  0.02  0.02  0.02  0.02  0.02  0.02
 6   5  0.03  0.10  0.16  0.32  0.65  0.97  1.63  3.29  4.70  5.68  7.46  8.95  9.51  9.74  8.22  7.23  4.45  1.58  0.48  0.35  0.18  0.02  0.02  0.02  0.02  0.02  0.02  0.02
 6  10  0.03  0.09  0.16  0.31  0.62  0.94  1.57  3.15  4.35  5.27  7.06  8.64  9.42  9.54  8.11  7.35  4.68  1.73  0.63  0.46  0.22  0.03  0.02  0.02  0.02  0.02  0.02  0.02
 6  15  0.03  0.09  0.16  0.31  0.62  0.94  1.57  3.16  4.42  5.44  7.23  8.75  9.30  9.27  7.84  7.07  4.62  1.86  0.71  0.54  0.25  0.03  0.02  0.02  0.02  0.03  0.03  0.02
 6  20  0.03  0.10  0.16  0.32  0.64  0.96  1.61  3.25  4.55  5.58  7.19  8.83  9.37  9.02  7.65  6.87  4.54  1.94  0.77  0.56  0.28  0.05  0.03  0.03  0.03  0.03  0.03  0.03
 6  25  0.03  0.09  0.16  0.31  0.63  0.94  1.57  3.18  4.42  5.44  7.13  8.60  8.98  8.80  7.68  6.90  4.64  2.07  0.84  0.63  0.31  0.07  0.04  0.03  0.03  0.03  0.03  0.03
 6  30  0.03  0.09  0.15  0.30  0.61  0.91  1.53  3.08  4.43  5.36  7.04  8.35  8.80  8.70  7.74  7.01  4.77  2.20  0.92  0.72  0.36  0.11  0.05  0.04  0.04  0.04  0.03  0.03
 6  35  0.03  0.09  0.15  0.30  0.61  0.91  1.52  3.08  4.43  5.41  7.10  8.34  8.77  8.63  7.57  6.79  4.73  2.47  1.15  0.90  0.47  0.16  0.07  0.05  0.04  0.04  0.04  0.03
 6  40  0.03  0.09  0.15  0.30  0.60  0.90  1.51  3.05  4.20  5.15  6.66  8.20  8.75  8.58  7.35  6.54  4.72  2.73  1.39  1.11  0.60  0.33  0.12  0.07  0.05  0.04  0.04  0.03
 6  45  0.03  0.09  0.14  0.29  0.58  0.87  1.45  2.93  4.16  5.11  6.75  8.06  8.45  8.20  7.06  6.35  4.74  2.85  1.51  1.26  0.80  0.41  0.28  0.10  0.06  0.05  0.04  0.04
 6  50  0.03  0.08  0.13  0.27  0.54  0.81  1.36  2.73  4.01  4.98  6.56  7.80  8.10  7.83  6.85  6.14  4.70  2.94  1.70  1.45  0.94  0.51  0.35  0.13  0.08  0.05  0.04  0.04
 6  55  0.03  0.08  0.13  0.26  0.52  0.78  1.30  2.61  3.78  4.68  6.25  7.43  7.72  7.37  6.44  5.79  4.50  2.99  1.82  1.56  1.02  0.56  0.40  0.16  0.09  0.05  0.04  0.04
 6  60  0.03  0.08  0.13  0.26  0.51  0.77  1.28  2.58  3.71  4.59  6.10  7.19  7.38  6.93  6.08  5.49  4.28  3.04  1.97  1.67  1.10  0.62  0.47  0.29  0.10  0.06  0.05  0.04
 6  65  0.02  0.07  0.12  0.25  0.49  0.74  1.24  2.49  3.59  4.45  5.96  6.93  7.00  6.44  5.56  4.94  3.91  2.97  2.10  1.80  1.22  0.69  0.54  0.34  0.11  0.06  0.05  0.04
 6  70  0.02  0.07  0.12  0.24  0.48  0.72  1.19  2.40  3.48  4.32  5.82  6.67  6.62  5.95  5.04  4.39  3.54  2.91  2.23  1.93  1.35  0.76  0.62  0.38  0.12  0.06  0.05  0.04
 6  75  0.02  0.07  0.11  0.23  0.46  0.69  1.15  2.32  3.42  4.29  5.86  6.58  6.38  5.62  4.80  4.22  3.55  2.92  2.28  1.99  1.42  0.80  0.64  0.40  0.14  0.07  0.05  0.04
 6  80  0.02  0.07  0.11  0.22  0.44  0.67  1.11  2.25  3.37  4.26  5.91  6.49  6.14  5.28  4.56  4.05  3.59  2.95  2.32  2.03  1.47  0.82  0.66  0.42  0.25  0.07  0.05  0.04
 6  85  0.02  0.07  0.11  0.22  0.44  0.67  1.11  2.25  3.38  4.27  5.93  6.51  6.15  5.29  4.57  4.06  3.59  2.96  2.32  2.03  1.47  0.82  0.66  0.42  0.25  0.07  0.05  0.04
 6  90  0.02  0.07  0.11  0.22  0.44  0.67  1.12  2.26  3.39  4.29  5.95  6.53  6.17  5.30  4.58  4.07  3.60  2.96  2.32  2.03  1.47  0.82  0.66  0.42  0.25  0.07  0.05  0.04
 7 -90  0.05  0.16  0.27  0.54  1.08  1.64  2.79  5.87  6.70  7.11  6.57  5.21  4.49  4.19  3.55  3.24  3.16  2.78  2.15  1.85  1.27  0.50  0.27  0.12  0.06  0.03  0.03  0.02
 7 -85  0.05  0.16  0.27  0.54  1.08  1.64  2.79  5.88  6.71  7.11  6.57  5.20  4.48  4.19  3.56  3.24  3.16  2.78  2.15  1.86  1.27  0.50  0.28  0.12  0.06  0.03  0.03  0.02
 7 -80  0.05  0.16  0.27  0.54  1.08  1.64  2.79  5.88  6.71  7.10  6.56  5.20  4.48  4.19  3.56  3.24  3.16  2.77  2.15  1.86  1.27  0.50  0.28  0.12  0.06  0.03  0.03  0.02
 7 -75  0.05  0.15  0.25  0.50  1.01  1.53  2.61  5.49  6.46  6.93  6.76  5.65  5.06  4.68  3.88  3.35  3.04  2.75  2.13  1.86  1.30  0.51  0.28  0.12  0.06  0.03  0.03  0.02
 7 -70  0.05  0.14  0.23  0.46  0.93  1.41  2.39  5.03  6.17  6.73  6.91  6.13  5.68  5.14  4.26  3.53  2.97  2.71  2.10  1.83  1.31  0.51  0.28  0.12  0.06  0.03  0.03  0.02
 7 -65  0.05  0.14  0.23  0.47  0.95  1.43  2.43  5.07  6.43  7.07  7.19  6.31  5.73  5.07  4.72  4.28  3.64  2.80  2.03  1.75  1.24  0.49  0.25  0.12  0.06  0.03  0.03  0.02
 7 -60  0.05  0.14  0.24  0.47  0.96  1.44  2.44  5.06  6.65  7.36  7.40  6.51  5.78  5.05  5.13  4.99  4.29  2.94  1.97  1.68  1.18  0.46  0.28  0.13  0.06  0.03  0.03  0.02
 7 -55  0.05  0.14  0.23  0.46  0.92  1.39  2.34  4.81  6.66  7.51  7.63  6.94  6.11  5.37  5.50  5.60  4.62  2.92  1.80  1.51  0.97  0.39  0.27  0.13  0.06  0.03  0.03  0.02
 7 -50  0.05  0.14  0.23  0.46  0.92  1.39  2.33  4.78  6.80  7.94  7.98  7.38  6.56  5.75  5.86  6.22  4.92  2.79  1.63  1.33  0.78  0.33  0.27  0.12  0.06  0.03  0.03  0.02
 7 -45  0.04  0.13  0.22  0.44  0.89  1.34  2.25  4.60  6.72  7.93  8.38  8.04  7.50  6.73  6.36  6.19  4.89  2.80  1.59  1.29  0.69  0.30  0.23  0.11  0.06  0.03  0.03  0.03
 7 -40  0.04  0.12  0.21  0.42  0.84  1.26  2.12  4.32  6.34  7.67  8.45  8.40  7.95  7.36  6.54  6.14  4.92  2.79  1.56  1.23  0.64  0.26  0.20  0.10  0.05  0.03  0.03  0.02
 7 -35  0.04  0.12  0.19  0.39  0.78  1.18  1.98  4.05  5.92  7.14  8.15  8.48  8.37  7.81  6.83  6.22  4.81  2.55  1.35  1.05  0.52  0.22  0.16  0.09  0.05  0.03  0.03  0.03
 7 -30  0.04  0.11  0.18  0.37  0.74  1.11  1.86  3.78  5.60  6.82  7.94  8.56  8.59  8.16  7.00  6.27  4.76  2.41  1.12  0.86  0.38  0.16  0.07  0.05  0.04  0.03  0.03  0.03
 7 -25  0.04  0.11  0.18  0.36  0.73  1.10  1.84  3.75  5.51  6.65  7.82  8.61  8.88  8.52  7.26  6.53  4.60  2.16  0.89  0.66  0.27  0.05  0.04  0.03  0.03  0.03  0.03  0.03
 7 -20  0.04  0.11  0.18  0.36  0.72  1.09  1.83  3.73  5.60  6.78  7.93  8.68  9.06  9.11  7.65  6.79  4.42  1.88  0.65  0.47  0.16  0.04  0.03  0.02  0.02  0.02  0.03  0.03
 7 -15  0.03  0.10  0.17  0.34  0.69  1.04  1.74  3.54  5.29  6.66  8.09  9.03  9.29  9.47  8.03  6.90  4.10  1.67  0.57  0.41  0.16  0.03  0.02  0.02  0.02  0.02  0.02  0.03
 7 -10  0.03  0.10  0.17  0.34  0.69  1.03  1.73  3.52  5.19  6.50  8.07  9.11  9.43  9.49  8.20  7.04  3.91  1.50  0.51  0.38  0.15  0.03  0.02  0.02  0.02  0.02  0.02  0.02
 7  -5  0.03  0.10  0.17  0.34  0.68  1.03  1.72  3.48  4.97  6.13  8.03  9.16  9.19  9.37  8.25  7.00  4.11  1.54  0.49  0.37  0.16  0.02  0.02  0.02  0.02  0.02  0.02  0.02
 7   0  0.03  0.10  0.16  0.32  0.64  0.95  1.59  3.20  4.65  5.67  7.67  9.04  8.99  9.29  8.20  6.94  4.29  1.54  0.48  0.36  0.17  0.02  0.02  0.02  0.02  0.02  0.02  0.02
 7   5  0.03  0.10  0.16  0.32  0.65  0.98  1.64  3.30  4.73  5.77  7.57  9.14  9.49  9.54  8.24  7.15  4.48  1.71  0.57  0.42  0.20  0.02  0.02  0.02  0.02  0.02  0.02  0.02
 7  10  0.03  0.09  0.16  0.32  0.63  0.95  1.59  3.20  4.49  5.47  7.27  8.90  9.61  9.64  8.27  7.45  4.75  1.86  0.72  0.52  0.23  0.02  0.02  0.02  0.02  0.02  0.02  0.02
 7  15  0.03  0.10  0.16  0.32  0.64  0.96  1.61  3.24  4.54  5.64  7.40  9.00  9.57  9.48  8.05  7.27  4.78  1.97  0.78  0.59  0.24  0.03  0.02  0.02  0.02  0.02  0.02  0.02
 7  20  0.03  0.10  0.16  0.33  0.66  0.99  1.66  3.35  4.74  5.83  7.42  8.98  9.54  9.16  7.86  7.13  4.75  2.02  0.83  0.59  0.25  0.04  0.03  0.03  0.03  0.03  0.03  0.02
 7  25  0.03  0.10  0.16  0.32  0.64  0.97  1.62  3.27  4.56  5.64  7.40  8.78  9.14  8.96  7.74  6.89  4.66  2.13  0.89  0.64  0.27  0.06  0.03  0.03  0.03  0.03  0.03  0.03
 7  30  0.03  0.09  0.16  0.31  0.63  0.95  1.58  3.19  4.56  5.51  7.23  8.50  8.92  8.79  7.61  6.70  4.59  2.28  0.97  0.73  0.30  0.08  0.04  0.04  0.04  0.04  0.03  0.03
 7  35  0.03  0.09  0.16  0.31  0.63  0.94  1.57  3.18  4.56  5.52  7.20  8.43  8.80  8.64  7.48  6.58  4.55  2.43  1.13  0.86  0.39  0.11  0.06  0.04  0.04  0.04  0.04  0.03
 7  40  0.03  0.09  0.15  0.31  0.61  0.92  1.54  3.11  4.29  5.28  6.82  8.21  8.69  8.52  7.32  6.49  4.59  2.60  1.29  1.03  0.52  0.16  0.08  0.06  0.05  0.04  0.04  0.03
 7  45  0.03  0.09  0.15  0.30  0.59  0.89  1.49  3.01  4.24  5.20  6.76  7.92  8.27  8.02  6.92  6.22  4.60  2.70  1.40  1.17  0.72  0.33  0.13  0.08  0.06  0.04  0.04  0.03
 7  50  0.03  0.08  0.14  0.28  0.55  0.83  1.39  2.80  4.07  5.04  6.53  7.62  7.90  7.63  6.69  5.99  4.56  2.79  1.56  1.32  0.85  0.44  0.30  0.10  0.07  0.05  0.04  0.04
 7  55  0.03  0.08  0.13  0.26  0.53  0.79  1.32  2.64  3.80  4.67  6.14  7.19  7.44  7.10  6.17  5.52  4.33  2.78  1.66  1.43  0.95  0.50  0.36  0.13  0.08  0.05  0.04  0.04
 7  60  0.03  0.08  0.13  0.26  0.51  0.77  1.28  2.57  3.68  4.54  5.97  6.93  7.10  6.65  5.74  5.11  4.08  2.75  1.77  1.53  1.04  0.56  0.42  0.15  0.09  0.05  0.04  0.04
 7  65  0.02  0.07  0.12  0.24  0.49  0.74  1.23  2.47  3.53  4.37  5.78  6.62  6.67  6.12  5.17  4.50  3.62  2.64  1.86  1.62  1.13  0.60  0.47  0.29  0.09  0.06  0.04  0.04
 7  70  0.02  0.07  0.12  0.23  0.47  0.70  1.18  2.37  3.40  4.21  5.60  6.32  6.24  5.59  4.60  3.90  3.16  2.54  1.94  1.71  1.22  0.65  0.51  0.33  0.11  0.06  0.05  0.04
 7  75  0.02  0.07  0.11  0.22  0.45  0.67  1.13  2.27  3.32  4.16  5.61  6.18  5.96  5.21  4.34  3.72  3.10  2.54  2.00  1.76  1.25  0.65  0.54  0.34  0.12  0.06  0.05  0.04
 7  80  0.02  0.06  0.11  0.21  0.43  0.64  1.08  2.17  3.25  4.11  5.62  6.04  5.67  4.83  4.08  3.54  3.08  2.58  2.06  1.81  1.28  0.66  0.55  0.35  0.13  0.07  0.05  0.04
 7  85  0.02  0.06  0.11  0.21  0.43  0.64  1.08  2.17  3.26  4.13  5.64  6.06  5.69  4.84  4.09  3.55  3.08  2.58  2.06  1.80  1.28  0.66  0.55  0.35  0.14  0.07  0.05  0.04
 7  90  0.02  0.06  0.11  0.21  0.43  0.64  1.08  2.18  3.27  4.14  5.67  6.08  5.70  4.85  4.09  3.56  3.09  2.58  2.06  1.80  1.28  0.66  0.55  0.35  0.14  0.07  0.05  0.04
 8 -90  0.04  0.12  0.21  0.42  0.84  1.28  2.17  4.55  5.78  6.37  6.75  6.14  5.64  5.05  3.87  3.07  3.28  3.11  2.39  2.02  1.35  0.52  0.28  0.12  0.06  0.03  0.03  0.02
 8 -85  0.04  0.12  0.21  0.42  0.84  1.28  2.17  4.56  5.79  6.37  6.75  6.14  5.64  5.05  3.87  3.07  3.28  3.11  2.39  2.02  1.35  0.52  0.28  0.12  0.06  0.03  0.03  0.02
 8 -80  0.04  0.12  0.21  0.42  0.84  1.28  2.17  4.56  5.79  6.37  6.74  6.13  5.63  5.05  3.88  3.07  3.28  3.11  2.39  2.02  1.35  0.52  0.29  0.12  0.06  0.03  0.03  0.02
 8 -75  0.04  0.12  0.21  0.42  0.84  1.28  2.17  4.53  5.86  6.45  6.83  6.11  5.60  5.06  4.09  3.35  3.39  3.15  2.43  2.07  1.41  0.55  0.30  0.12  0.06  0.03  0.03  0.02
 8 -70  0.04  0.12  0.21  0.41  0.83  1.26  2.13  4.43  5.87  6.50  6.91  6.14  5.59  5.02  4.33  3.67  3.47  3.13  2.41  2.06  1.45  0.56  0.31  0.13  0.06  0.03  0.03  0.03
 8 -65  0.04  0.12  0.20  0.40  0.80  1.21  2.04  4.21  5.86  6.59  7.15  6.56  5.88  5.18  4.87  4.44  3.92  3.14  2.24  1.91  1.31  0.52  0.33  0.13  0.06  0.03  0.03  0.03
 8 -60  0.04  0.12  0.19  0.39  0.78  1.18  1.98  4.06  5.82  6.69  7.38  6.97  6.17  5.39  5.36  5.18  4.39  3.20  2.06  1.75  1.15  0.48  0.30  0.14  0.07  0.03  0.03  0.03
 8 -55  0.04  0.11  0.19  0.38  0.77  1.16  1.94  3.96  5.80  6.89  7.63  7.49  6.67  5.86  5.64  5.62  4.71  3.24  1.89  1.58  1.00  0.41  0.29  0.14  0.07  0.03  0.03  0.03
 8 -50  0.04  0.12  0.19  0.39  0.78  1.17  1.97  4.01  6.01  7.22  8.02  7.96  7.22  6.29  5.97  6.08  5.08  3.21  1.74  1.44  0.87  0.36  0.28  0.14  0.07  0.03  0.03  0.03
 8 -45  0.04  0.12  0.20  0.39  0.79  1.19  2.00  4.06  6.10  7.30  8.35  8.44  7.97  7.17  6.43  6.10  5.06  3.15  1.70  1.40  0.80  0.34  0.26  0.14  0.06  0.03  0.03  0.03
 8 -40  0.04  0.12  0.19  0.39  0.78  1.18  1.98  4.03  5.86  7.24  8.34  8.61  8.22  7.60  6.61  6.10  5.07  3.07  1.69  1.37  0.78  0.31  0.24  0.12  0.06  0.03  0.03  0.03
 8 -35  0.04  0.11  0.19  0.37  0.75  1.13  1.90  3.86  5.65  6.86  8.13  8.63  8.53  7.94  6.86  6.21  4.90  2.78  1.45  1.16  0.63  0.25  0.19  0.10  0.06  0.03  0.03  0.03
 8 -30  0.04  0.11  0.18  0.36  0.72  1.08  1.81  3.67  5.48  6.69  8.00  8.71  8.69  8.14  6.95  6.26  4.78  2.60  1.19  0.93  0.45  0.19  0.07  0.06  0.04  0.03  0.03  0.03
 8 -25  0.04  0.11  0.18  0.36  0.72  1.08  1.81  3.68  5.47  6.62  7.92  8.78  8.99  8.49  7.21  6.48  4.64  2.26  0.92  0.70  0.31  0.05  0.04  0.03  0.03  0.03  0.03  0.03
 8 -20  0.04  0.11  0.18  0.35  0.71  1.07  1.80  3.67  5.54  6.68  8.02  8.96  9.27  9.08  7.59  6.71  4.46  1.96  0.64  0.46  0.16  0.04  0.03  0.02  0.02  0.03  0.03  0.03
 8 -15  0.03  0.10  0.17  0.34  0.67  1.01  1.70  3.45  5.20  6.59  8.13  9.26  9.57  9.61  8.08  6.88  4.12  1.73  0.59  0.41  0.14  0.03  0.02  0.02  0.02  0.02  0.03  0.03
 8 -10  0.03  0.10  0.16  0.33  0.66  1.00  1.67  3.38  5.03  6.35  8.07  9.35  9.69  9.63  8.32  7.07  3.90  1.53  0.53  0.38  0.12  0.03  0.02  0.02  0.02  0.02  0.02  0.03
 8  -5  0.03  0.10  0.16  0.33  0.66  0.99  1.66  3.35  4.81  5.95  8.01  9.43  9.46  9.51  8.50  7.18  4.07  1.57  0.52  0.38  0.12  0.03  0.02  0.02  0.02  0.02  0.02  0.02
 8   0  0.03  0.09  0.15  0.30  0.61  0.91  1.52  3.05  4.41  5.37  7.45  9.09  9.05  9.29  8.52  7.29  4.23  1.60  0.51  0.37  0.14  0.03  0.02  0.02  0.02  0.02  0.02  0.02
 8   5  0.03  0.09  0.16  0.32  0.63  0.95  1.59  3.20  4.59  5.62  7.49  9.35  9.64  9.61  8.53  7.37  4.44  1.73  0.59  0.42  0.16  0.02  0.02  0.02  0.02  0.02  0.02  0.02
 8  10  0.03  0.09  0.16  0.31  0.62  0.94  1.57  3.15  4.50  5.53  7.34  9.16  9.89  9.88  8.49  7.51  4.71  1.83  0.72  0.52  0.20  0.02  0.02  0.02  0.02  0.02  0.02  0.02
 8  15  0.03  0.10  0.16  0.32  0.64  0.96  1.60  3.23  4.58  5.75  7.49  9.25  9.89  9.79  8.25  7.36  4.76  1.91  0.79  0.58  0.21  0.02  0.02  0.02  0.02  0.02  0.02  0.02
 8  20  0.03  0.10  0.16  0.33  0.66  1.00  1.67  3.37  4.88  6.06  7.65  9.15  9.73  9.38  7.98  7.19  4.70  1.98  0.83  0.59  0.23  0.03  0.02  0.02  0.02  0.03  0.03  0.02
 8  25  0.03  0.10  0.16  0.32  0.65  0.98  1.63  3.29  4.71  5.90  7.73  9.01  9.36  9.15  7.81  6.94  4.62  2.06  0.88  0.62  0.24  0.04  0.03  0.03  0.03  0.03  0.03  0.03
 8  30  0.03  0.10  0.16  0.32  0.65  0.97  1.62  3.27  4.73  5.78  7.53  8.75  9.12  8.89  7.65  6.73  4.54  2.21  0.94  0.70  0.28  0.06  0.04  0.03  0.03  0.03  0.03  0.03
 8  35  0.03  0.10  0.16  0.32  0.64  0.97  1.62  3.27  4.76  5.79  7.49  8.64  8.89  8.67  7.50  6.56  4.48  2.29  1.04  0.79  0.35  0.09  0.05  0.04  0.04  0.04  0.03  0.03
 8  40  0.03  0.09  0.16  0.32  0.63  0.95  1.59  3.21  4.51  5.60  7.22  8.38  8.71  8.44  7.29  6.46  4.52  2.43  1.17  0.93  0.46  0.12  0.06  0.05  0.04  0.04  0.04  0.03
 8  45  0.03  0.09  0.15  0.31  0.62  0.93  1.56  3.15  4.48  5.54  7.06  7.97  8.15  7.82  6.77  6.10  4.44  2.52  1.34  1.11  0.68  0.29  0.10  0.06  0.05  0.04  0.04  0.03
 8  50  0.03  0.09  0.15  0.30  0.60  0.89  1.49  3.01  4.39  5.43  6.84  7.68  7.76  7.38  6.47  5.83  4.31  2.63  1.53  1.28  0.82  0.40  0.25  0.09  0.06  0.04  0.04  0.03
 8  55  0.03  0.08  0.14  0.28  0.56  0.84  1.41  2.83  4.11  5.09  6.47  7.23  7.23  6.79  5.96  5.41  4.06  2.67  1.65  1.40  0.90  0.45  0.29  0.11  0.07  0.05  0.04  0.03
 8  60  0.03  0.08  0.14  0.27  0.55  0.82  1.37  2.74  4.00  4.97  6.32  6.98  6.89  6.31  5.56  5.05  3.77  2.66  1.77  1.50  0.97  0.47  0.32  0.13  0.08  0.05  0.04  0.04
 8  65  0.03  0.08  0.13  0.26  0.53  0.79  1.32  2.66  3.88  4.83  6.11  6.57  6.35  5.69  4.96  4.46  3.41  2.54  1.82  1.56  1.03  0.51  0.36  0.21  0.09  0.05  0.04  0.04
 8  70  0.03  0.08  0.13  0.26  0.51  0.77  1.28  2.58  3.76  4.69  5.89  6.16  5.80  5.07  4.36  3.87  3.04  2.42  1.87  1.62  1.09  0.54  0.40  0.24  0.09  0.05  0.04  0.04
 8  75  0.03  0.08  0.13  0.25  0.50  0.76  1.26  2.54  3.72  4.64  5.69  5.67  5.19  4.42  3.89  3.53  2.96  2.39  1.90  1.65  1.12  0.56  0.41  0.26  0.11  0.06  0.04  0.04
 8  80  0.02  0.07  0.12  0.25  0.50  0.74  1.24  2.51  3.67  4.59  5.50  5.19  4.57  3.77  3.42  3.19  2.92  2.39  1.93  1.69  1.16  0.58  0.42  0.27  0.11  0.06  0.05  0.04
 8  85  0.02  0.07  0.12  0.25  0.50  0.74  1.25  2.51  3.69  4.61  5.52  5.21  4.59  3.78  3.43  3.20  2.92  2.39  1.93  1.69  1.16  0.58  0.42  0.27  0.12  0.06  0.05  0.04
 8  90  0.02  0.07  0.12  0.25  0.50  0.75  1.25  2.52  3.70  4.62  5.54  5.23  4.60  3.79  3.44  3.20  2.93  2.39  1.93  1.69  1.16  0.58  0.42  0.27  0.13  0.07  0.05  0.04
 9 -90  0.04  0.11  0.18  0.37  0.74  1.11  1.88  3.90  5.61  6.45  6.74  5.84  5.29  4.82  4.17  3.57  3.80  3.32  2.44  2.04  1.39  0.56  0.31  0.13  0.07  0.03  0.03  0.03
 9 -85  0.04  0.11  0.18  0.37  0.74  1.11  1.88  3.90  5.62  6.45  6.73  5.84  5.29  4.82  4.17  3.57  3.80  3.32  2.44  2.04  1.39  0.56  0.32  0.13  0.07  0.03  0.03  0.03
 9 -80  0.04  0.11  0.18  0.37  0.74  1.11  1.88  3.90  5.62  6.45  6.73  5.84  5.28  4.83  4.17  3.57  3.80  3.32  2.44  2.04  1.39  0.56  0.33  0.13  0.07  0.04  0.03  0.03
 9 -75  0.04  0.11  0.18  0.36  0.72  1.08  1.83  3.77  5.48  6.34  6.95  6.29  5.62  5.00  4.43  3.85  3.84  3.47  2.58  2.16  1.49  0.60  0.34  0.14  0.07  0.04  0.03  0.03
 9 -70  0.03  0.10  0.17  0.35  0.69  1.05  1.77  3.63  5.29  6.20  7.14  6.76  5.98  5.22  4.67  4.12  3.65  3.44  2.61  2.18  1.53  0.63  0.36  0.14  0.07  0.04  0.03  0.03
 9 -65  0.03  0.10  0.17  0.34  0.69  1.03  1.74  3.55  5.27  6.31  7.38  7.33  6.54  5.73  5.31  4.91  3.94  3.43  2.48  2.09  1.43  0.60  0.31  0.15  0.07  0.04  0.03  0.03
 9 -60  0.03  0.10  0.17  0.35  0.69  1.04  1.76  3.58  5.32  6.43  7.61  7.83  7.11  6.32  5.94  5.71  4.39  3.47  2.33  1.97  1.30  0.57  0.32  0.16  0.08  0.04  0.03  0.03
 9 -55  0.03  0.10  0.17  0.35  0.70  1.06  1.78  3.61  5.37  6.52  7.75  8.17  7.54  6.70  6.13  5.96  4.73  3.41  2.06  1.71  1.04  0.48  0.30  0.17  0.08  0.04  0.03  0.03
 9 -50  0.04  0.11  0.18  0.35  0.71  1.07  1.79  3.64  5.53  6.70  7.97  8.47  7.96  7.03  6.39  6.25  5.17  3.38  1.89  1.52  0.84  0.40  0.27  0.17  0.08  0.04  0.03  0.03
 9 -45  0.04  0.11  0.18  0.36  0.72  1.08  1.81  3.67  5.58  6.75  8.27  8.83  8.49  7.69  6.71  6.27  5.15  3.30  1.82  1.47  0.77  0.37  0.25  0.15  0.07  0.04  0.03  0.03
 9 -40  0.04  0.11  0.18  0.36  0.72  1.08  1.81  3.67  5.40  6.77  8.26  8.90  8.56  7.86  6.80  6.23  5.11  3.19  1.83  1.46  0.76  0.34  0.25  0.13  0.07  0.04  0.03  0.03
 9 -35  0.03  0.10  0.17  0.35  0.70  1.05  1.75  3.55  5.24  6.44  8.05  8.90  8.83  8.21  7.00  6.30  4.94  2.86  1.57  1.22  0.59  0.26  0.20  0.10  0.06  0.04  0.03  0.03
 9 -30  0.03  0.10  0.17  0.33  0.67  1.01  1.69  3.42  5.13  6.30  7.94  9.01  9.02  8.37  7.06  6.31  4.80  2.62  1.28  0.96  0.40  0.17  0.08  0.06  0.05  0.04  0.03  0.03
 9 -25  0.03  0.10  0.17  0.34  0.68  1.02  1.70  3.46  5.15  6.30  7.86  9.02  9.24  8.67  7.28  6.50  4.73  2.32  1.07  0.78  0.30  0.06  0.04  0.03  0.03  0.03  0.03  0.03
 9 -20  0.03  0.10  0.17  0.33  0.67  1.00  1.68  3.42  5.17  6.25  7.84  9.19  9.55  9.20  7.65  6.72  4.64  2.11  0.84  0.60  0.19  0.04  0.03  0.03  0.03  0.03  0.03  0.03
 9 -15  0.03  0.09  0.16  0.32  0.63  0.95  1.60  3.22  4.86  6.16  7.82  9.32  9.82  9.76  8.13  6.87  4.27  1.85  0.72  0.50  0.16  0.03  0.02  0.02  0.02  0.03  0.03  0.03
 9 -10  0.03  0.09  0.15  0.31  0.62  0.93  1.55  3.12  4.64  5.87  7.69  9.30  9.79  9.71  8.35  7.05  4.01  1.59  0.58  0.41  0.13  0.03  0.02  0.02  0.02  0.02  0.03  0.03
 9  -5  0.03  0.09  0.15  0.31  0.62  0.93  1.55  3.12  4.48  5.54  7.65  9.39  9.58  9.60  8.50  7.06  4.13  1.62  0.57  0.41  0.13  0.02  0.02  0.02  0.02  0.02  0.02  0.02
 9   0  0.03  0.09  0.15  0.29  0.58  0.87  1.45  2.88  4.10  5.01  7.02  8.94  9.06  9.30  8.48  7.13  4.24  1.65  0.56  0.40  0.14  0.02  0.02  0.02  0.02  0.02  0.02  0.02
 9   5  0.03  0.09  0.15  0.30  0.61  0.91  1.53  3.06  4.36  5.37  7.22  9.31  9.64  9.63  8.60  7.31  4.43  1.75  0.61  0.43  0.15  0.02  0.02  0.02  0.02  0.02  0.02  0.02
 9  10  0.03  0.09  0.15  0.30  0.61  0.92  1.53  3.07  4.41  5.48  7.21  9.17  9.92  9.98  8.64  7.53  4.66  1.82  0.70  0.49  0.17  0.02  0.02  0.02  0.02  0.02  0.02  0.02
 9  15  0.03  0.09  0.16  0.31  0.63  0.94  1.57  3.16  4.51  5.71  7.37  9.24  9.98  9.96  8.40  7.41  4.69  1.82  0.73  0.53  0.18  0.02  0.02  0.02  0.02  0.02  0.02  0.02
 9  20  0.03  0.10  0.16  0.32  0.65  0.97  1.63  3.30  4.87  6.12  7.67  9.13  9.79  9.54  8.08  7.24  4.62  1.84  0.74  0.53  0.19  0.03  0.02  0.02  0.02  0.03  0.03  0.02
 9  25  0.03  0.09  0.16  0.32  0.63  0.95  1.59  3.20  4.72  5.98  7.82  9.08  9.48  9.25  7.93  7.17  4.63  1.88  0.77  0.55  0.19  0.04  0.03  0.03  0.03  0.03  0.03  0.03
 9  30  0.03  0.10  0.16  0.32  0.64  0.96  1.60  3.23  4.75  5.89  7.63  8.86  9.24  8.91  7.85  7.11  4.62  2.00  0.80  0.59  0.22  0.05  0.03  0.03  0.03  0.03  0.03  0.03
 9  35  0.03  0.10  0.16  0.32  0.64  0.97  1.62  3.27  4.87  6.00  7.68  8.73  8.88  8.60  7.54  6.71  4.48  2.12  0.96  0.72  0.31  0.07  0.04  0.03  0.03  0.03  0.03  0.03
 9  40  0.03  0.10  0.16  0.32  0.65  0.97  1.63  3.28  4.75  5.96  7.60  8.51  8.59  8.21  7.15  6.39  4.46  2.34  1.18  0.92  0.44  0.10  0.06  0.04  0.04  0.03  0.03  0.03
 9  45  0.03  0.10  0.16  0.33  0.65  0.98  1.64  3.31  4.80  5.98  7.40  7.95  7.86  7.44  6.52  5.95  4.36  2.46  1.39  1.14  0.67  0.28  0.09  0.06  0.05  0.04  0.03  0.03
 9  50  0.03  0.10  0.16  0.32  0.65  0.97  1.63  3.28  4.88  6.03  7.27  7.66  7.38  6.86  6.10  5.61  4.25  2.62  1.59  1.31  0.81  0.38  0.23  0.08  0.05  0.04  0.03  0.03
 9  55  0.03  0.09  0.16  0.31  0.62  0.94  1.56  3.15  4.70  5.84  6.95  7.15  6.72  6.17  5.54  5.18  4.05  2.65  1.70  1.41  0.89  0.45  0.27  0.10  0.06  0.04  0.04  0.03
 9  60  0.03  0.09  0.15  0.31  0.62  0.93  1.55  3.12  4.69  5.84  6.87  6.85  6.29  5.64  5.09  4.77  3.80  2.63  1.79  1.50  0.96  0.47  0.29  0.16  0.07  0.04  0.04  0.03
 9  65  0.03  0.09  0.16  0.31  0.63  0.94  1.57  3.16  4.72  5.83  6.63  6.38  5.72  5.04  4.49  4.17  3.44  2.48  1.83  1.56  1.01  0.50  0.31  0.18  0.08  0.04  0.04  0.03
 9  70  0.03  0.09  0.16  0.32  0.63  0.95  1.59  3.21  4.76  5.82  6.39  5.90  5.15  4.44  3.90  3.56  3.08  2.33  1.88  1.61  1.07  0.52  0.34  0.20  0.08  0.05  0.04  0.03
 9  75  0.03  0.10  0.16  0.32  0.64  0.96  1.60  3.23  4.60  5.49  5.72  5.16  4.51  3.93  3.66  3.51  2.99  2.28  1.86  1.60  1.06  0.52  0.34  0.21  0.09  0.05  0.04  0.03
 9  80  0.03  0.10  0.16  0.32  0.64  0.96  1.61  3.25  4.43  5.15  5.05  4.43  3.87  3.43  3.43  3.47  2.94  2.28  1.86  1.61  1.07  0.52  0.34  0.22  0.09  0.05  0.04  0.03
 9  85  0.03  0.10  0.16  0.32  0.64  0.96  1.61  3.26  4.45  5.17  5.08  4.46  3.89  3.44  3.44  3.48  2.95  2.28  1.87  1.61  1.07  0.52  0.34  0.22  0.10  0.05  0.04  0.03
 9  90  0.03  0.10  0.16  0.32  0.64  0.96  1.61  3.27  4.46  5.19  5.10  4.48  3.90  3.45  3.44  3.49  2.95  2.29  1.87  1.60  1.07  0.52  0.34  0.22  0.10  0.05  0.04  0.03
10 -90  0.03  0.09  0.14  0.29  0.58  0.88  1.48  3.01  4.44  5.51  6.83  7.02  6.26  5.41  4.97  4.68  4.32  3.49  2.38  1.99  1.39  0.61  0.37  0.16  0.07  0.04  0.03  0.03
10 -85  0.03  0.09  0.14  0.29  0.58  0.88  1.48  3.01  4.45  5.51  6.82  7.01  6.25  5.42  4.97  4.68  4.32  3.48  2.38  1.99  1.39  0.61  0.38  0.16  0.08  0.04  0.03  0.03
10 -80  0.03  0.09  0.14  0.29  0.58  0.88  1.48  3.02  4.45  5.51  6.82  7.01  6.25  5.42  4.97  4.68  4.32  3.48  2.39  1.99  1.39  0.61  0.39  0.16  0.08  0.04  0.03  0.03
10 -75  0.03  0.09  0.15  0.29  0.59  0.88  1.48  3.02  4.45  5.50  6.87  7.29  6.64  5.85  5.43  5.28  4.49  3.83  2.65  2.20  1.52  0.66  0.31  0.16  0.08  0.04  0.03  0.03
10 -70  0.03  0.09  0.15  0.29  0.59  0.88  1.48  3.03  4.44  5.49  6.90  7.57  7.05  6.30  5.86  5.82  4.57  3.90  2.73  2.28  1.56  0.69  0.33  0.17  0.08  0.04  0.03  0.03
10 -65  0.03  0.09  0.15  0.30  0.60  0.91  1.53  3.11  4.59  5.67  7.13  7.92  7.51  6.75  6.38  6.36  4.78  3.85  2.63  2.20  1.44  0.65  0.34  0.18  0.08  0.04  0.03  0.03
10 -60  0.03  0.09  0.15  0.31  0.62  0.94  1.57  3.21  4.75  5.87  7.38  8.25  7.94  7.18  6.91  6.95  5.23  3.87  2.50  2.08  1.30  0.59  0.34  0.20  0.09  0.04  0.03  0.03
10 -55  0.03  0.09  0.16  0.32  0.63  0.95  1.60  3.25  4.83  5.96  7.52  8.45  8.20  7.41  6.84  6.68  5.20  3.55  2.16  1.78  1.05  0.48  0.30  0.19  0.09  0.04  0.03  0.03
10 -50  0.03  0.09  0.16  0.32  0.64  0.96  1.60  3.26  4.91  6.06  7.69  8.67  8.43  7.55  6.78  6.46  5.29  3.44  1.99  1.60  0.88  0.38  0.26  0.19  0.09  0.04  0.03  0.03
10 -45  0.03  0.09  0.16  0.31  0.63  0.94  1.58  3.19  4.91  6.05  7.92  9.03  8.86  8.10  7.13  6.72  5.50  3.52  1.99  1.60  0.86  0.36  0.24  0.15  0.08  0.04  0.03  0.03
10 -40  0.03  0.09  0.16  0.31  0.63  0.95  1.58  3.20  4.81  6.10  7.96  9.12  8.94  8.13  7.34  6.94  5.64  3.56  2.09  1.67  0.89  0.35  0.25  0.12  0.07  0.04  0.03  0.03
10 -35  0.03  0.09  0.16  0.31  0.62  0.94  1.57  3.17  4.67  5.79  7.70  9.05  9.13  8.52  7.47  6.93  5.31  3.04  1.65  1.28  0.64  0.25  0.15  0.09  0.06  0.04  0.04  0.03
10 -30  0.03  0.09  0.15  0.31  0.61  0.92  1.54  3.10  4.64  5.71  7.58  9.14  9.34  8.67  7.49  6.85  5.00  2.58  1.18  0.88  0.37  0.13  0.09  0.06  0.05  0.04  0.04  0.03
10 -25  0.03  0.09  0.16  0.31  0.63  0.94  1.58  3.19  4.71  5.80  7.56  9.10  9.44  8.88  7.59  6.87  4.74  2.16  1.00  0.72  0.27  0.07  0.05  0.04  0.04  0.04  0.04  0.03
10 -20  0.03  0.09  0.15  0.31  0.62  0.93  1.56  3.15  4.71  5.70  7.44  9.24  9.74  9.33  7.85  6.93  4.47  1.85  0.78  0.54  0.16  0.04  0.03  0.03  0.03  0.03  0.03  0.03
10 -15  0.03  0.09  0.15  0.30  0.59  0.89  1.49  2.99  4.48  5.64  7.34  9.22  9.95  9.81  8.23  7.07  4.22  1.75  0.69  0.47  0.13  0.03  0.03  0.03  0.03  0.03  0.03  0.03
10 -10  0.03  0.09  0.14  0.29  0.58  0.86  1.44  2.87  4.24  5.37  7.20  9.07  9.73  9.67  8.39  7.22  4.04  1.62  0.57  0.39  0.11  0.03  0.02  0.02  0.02  0.03  0.03  0.03
10  -5  0.03  0.09  0.14  0.29  0.58  0.87  1.44  2.88  4.17  5.16  7.27  9.14  9.51  9.53  8.53  7.23  4.14  1.65  0.55  0.37  0.11  0.03  0.02  0.02  0.02  0.02  0.02  0.02
10   0  0.03  0.09  0.14  0.28  0.57  0.85  1.41  2.80  3.90  4.80  6.70  8.70  9.01  9.20  8.50  7.31  4.21  1.67  0.51  0.36  0.11  0.02  0.02  0.02  0.02  0.02  0.02  0.02
10   5  0.03  0.09  0.15  0.30  0.59  0.89  1.48  2.97  4.20  5.19  6.99  9.08  9.41  9.49  8.59  7.35  4.37  1.74  0.58  0.39  0.13  0.02  0.02  0.02  0.02  0.02  0.02  0.02
10  10  0.03  0.09  0.15  0.30  0.60  0.90  1.50  3.01  4.36  5.42  7.05  8.91  9.61  9.80  8.58  7.42  4.54  1.79  0.67  0.46  0.15  0.02  0.02  0.02  0.02  0.02  0.02  0.02
10  15  0.03  0.09  0.15  0.31  0.61  0.92  1.53  3.08  4.46  5.63  7.14  8.92  9.68  9.81  8.28  7.25  4.53  1.75  0.70  0.50  0.16  0.02  0.02  0.02  0.02  0.02  0.02  0.02
10  20  0.03  0.09  0.16  0.32  0.63  0.95  1.60  3.22  4.81  6.07  7.46  8.81  9.52  9.43  7.90  7.02  4.46  1.78  0.71  0.51  0.17  0.03  0.02  0.02  0.02  0.02  0.03  0.02
10  25  0.03  0.09  0.16  0.31  0.62  0.93  1.56  3.14  4.75  6.03  7.71  8.87  9.30  9.07  7.69  6.99  4.50  1.83  0.73  0.53  0.18  0.04  0.03  0.02  0.02  0.03  0.03  0.03
10  30  0.03  0.10  0.16  0.32  0.64  0.96  1.61  3.24  4.83  6.05  7.62  8.73  9.08  8.67  7.62  6.97  4.53  1.92  0.75  0.55  0.21  0.05  0.03  0.03  0.03  0.03  0.03  0.03
10  35  0.03  0.10  0.17  0.33  0.66  1.00  1.67  3.36  5.09  6.34  7.83  8.58  8.56  8.20  7.24  6.51  4.41  2.02  0.92  0.69  0.32  0.08  0.05  0.03  0.03  0.03  0.03  0.03
10  40  0.03  0.10  0.17  0.34  0.68  1.02  1.71  3.45  5.19  6.51  7.95  8.40  8.08  7.56  6.72  6.15  4.40  2.25  1.18  0.92  0.47  0.22  0.07  0.05  0.04  0.03  0.03  0.03
10  45  0.04  0.11  0.18  0.36  0.71  1.07  1.79  3.63  5.32  6.60  7.70  7.71  7.28  6.82  6.14  5.76  4.38  2.47  1.44  1.17  0.70  0.31  0.17  0.06  0.05  0.03  0.03  0.03
10  50  0.04  0.11  0.18  0.37  0.73  1.10  1.84  3.73  5.63  6.80  7.62  7.39  6.76  6.15  5.72  5.47  4.39  2.73  1.66  1.36  0.85  0.39  0.22  0.09  0.06  0.04  0.03  0.03
10  55  0.04  0.11  0.18  0.37  0.74  1.11  1.85  3.73  5.59  6.64  7.17  6.75  6.08  5.56  5.28  5.19  4.32  2.76  1.74  1.43  0.91  0.45  0.26  0.15  0.07  0.04  0.03  0.03
10  60  0.04  0.11  0.19  0.38  0.75  1.13  1.89  3.82  5.65  6.66  6.98  6.38  5.64  5.14  4.95  4.92  4.18  2.72  1.81  1.50  0.96  0.48  0.27  0.16  0.07  0.04  0.03  0.03
10  65  0.04  0.12  0.19  0.38  0.77  1.16  1.94  3.92  5.62  6.44  6.55  5.84  5.14  4.69  4.55  4.50  3.84  2.61  1.90  1.59  1.05  0.49  0.28  0.17  0.08  0.04  0.03  0.03
10  70  0.04  0.12  0.20  0.39  0.78  1.18  1.98  4.00  5.57  6.24  6.11  5.30  4.64  4.24  4.14  4.07  3.50  2.50  1.99  1.68  1.14  0.51  0.29  0.17  0.08  0.04  0.03  0.03
10  75  0.04  0.12  0.19  0.39  0.78  1.17  1.97  3.98  5.21  5.62  5.38  4.68  4.16  3.88  3.81  3.74  3.32  2.48  2.02  1.72  1.17  0.52  0.29  0.18  0.08  0.04  0.03  0.03
10  80  0.04  0.12  0.19  0.39  0.78  1.17  1.96  3.97  4.86  5.00  4.65  4.07  3.69  3.51  3.48  3.42  3.16  2.50  2.07  1.76  1.22  0.54  0.30  0.19  0.08  0.04  0.03  0.03
10  85  0.04  0.12  0.19  0.39  0.78  1.17  1.96  3.97  4.87  5.02  4.67  4.09  3.71  3.52  3.49  3.43  3.17  2.50  2.07  1.76  1.22  0.54  0.30  0.19  0.11  0.04  0.03  0.03
10  90  0.04  0.12  0.19  0.39  0.78  1.17  1.96  3.98  4.88  5.03  4.69  4.11  3.72  3.53  3.50  3.44  3.17  2.50  2.07  1.76  1.22  0.54  0.30  0.19  0.11  0.04  0.03  0.03
11 -90  0.02  0.07  0.12  0.25  0.50  0.75  1.27  2.57  3.67  4.56  6.30  7.29  7.13  6.40  5.95  6.05  5.16  3.94  2.76  2.29  1.53  0.65  0.31  0.16  0.10  0.04  0.03  0.02
11 -85  0.02  0.07  0.12  0.25  0.50  0.76  1.27  2.57  3.67  4.56  6.29  7.29  7.13  6.40  5.96  6.05  5.16  3.93  2.76  2.29  1.53  0.65  0.31  0.21  0.10  0.04  0.03  0.02
11 -80  0.02  0.07  0.12  0.25  0.50  0.76  1.27  2.58  3.68  4.56  6.28  7.28  7.13  6.41  5.96  6.05  5.16  3.93  2.76  2.29  1.53  0.65  0.31  0.16  0.09  0.04  0.03  0.02
11 -75  0.03  0.08  0.13  0.25  0.51  0.76  1.28  2.61  3.74  4.64  6.30  7.38  7.30  6.58  6.28  6.44  5.40  4.09  2.89  2.40  1.61  0.70  0.32  0.17  0.09  0.04  0.03  0.02
11 -70  0.03  0.08  0.13  0.26  0.51  0.77  1.30  2.64  3.81  4.71  6.32  7.48  7.47  6.76  6.60  6.79  5.58  4.07  2.87  2.39  1.60  0.72  0.34  0.18  0.09  0.04  0.03  0.03
11 -65  0.03  0.08  0.13  0.26  0.53  0.80  1.34  2.73  3.95  4.88  6.53  7.73  7.76  7.04  6.85  6.94  5.55  3.86  2.66  2.21  1.42  0.66  0.34  0.19  0.09  0.04  0.03  0.03
11 -60  0.03  0.08  0.14  0.27  0.55  0.83  1.39  2.82  4.10  5.06  6.75  7.99  8.03  7.30  7.09  7.13  5.55  3.69  2.42  2.00  1.22  0.60  0.33  0.19  0.10  0.04  0.03  0.03
11 -55  0.03  0.08  0.14  0.28  0.56  0.85  1.43  2.90  4.22  5.20  6.91  8.23  8.32  7.61  7.01  6.73  5.26  3.38  2.05  1.68  0.96  0.47  0.29  0.19  0.10  0.04  0.03  0.03
11 -50  0.03  0.08  0.14  0.28  0.57  0.86  1.44  2.92  4.27  5.29  7.05  8.49  8.60  7.83  6.87  6.36  5.11  3.24  1.83  1.46  0.76  0.35  0.24  0.18  0.09  0.04  0.03  0.03
11 -45  0.03  0.08  0.14  0.28  0.56  0.84  1.40  2.83  4.23  5.21  7.17  8.84  9.00  8.33  7.13  6.54  5.28  3.29  1.83  1.45  0.74  0.31  0.22  0.14  0.08  0.04  0.03  0.03
11 -40  0.03  0.08  0.14  0.28  0.55  0.83  1.39  2.80  4.23  5.30  7.28  9.00  9.17  8.41  7.36  6.70  5.35  3.30  1.93  1.52  0.77  0.31  0.22  0.10  0.06  0.04  0.03  0.03
11 -35  0.03  0.08  0.14  0.28  0.56  0.85  1.42  2.85  4.09  5.06  7.06  8.89  9.27  8.82  7.52  6.79  5.02  2.83  1.49  1.14  0.54  0.23  0.13  0.07  0.05  0.04  0.03  0.03
11 -30  0.03  0.08  0.14  0.28  0.56  0.85  1.42  2.85  4.16  5.08  7.02  9.00  9.47  8.96  7.61  6.83  4.69  2.37  1.04  0.76  0.30  0.13  0.08  0.05  0.04  0.04  0.04  0.03
11 -25  0.03  0.09  0.15  0.29  0.58  0.88  1.47  2.96  4.29  5.30  7.16  9.02  9.50  9.06  7.62  6.78  4.48  2.06  0.91  0.64  0.23  0.07  0.05  0.04  0.04  0.04  0.04  0.03
11 -20  0.03  0.09  0.14  0.29  0.58  0.87  1.45  2.92  4.34  5.27  7.11  9.19  9.80  9.38  7.79  6.77  4.30  1.87  0.75  0.51  0.14  0.05  0.03  0.03  0.03  0.03  0.03  0.03
11 -15  0.03  0.09  0.14  0.28  0.57  0.85  1.42  2.83  4.24  5.27  6.99  9.14 10.01  9.76  8.07  6.90  4.13  1.77  0.67  0.45  0.13  0.04  0.03  0.03  0.03  0.03  0.03  0.03
11 -10  0.03  0.08  0.14  0.28  0.55  0.83  1.38  2.74  4.03  5.10  6.93  8.94  9.67  9.61  8.18  7.06  4.01  1.63  0.57  0.39  0.12  0.03  0.02  0.02  0.02  0.03  0.03  0.03
11  -5  0.03  0.08  0.14  0.28  0.56  0.84  1.39  2.76  4.06  5.06  7.16  8.96  9.43  9.42  8.23  7.01  4.04  1.60  0.55  0.37  0.12  0.03  0.02  0.02  0.02  0.02  0.02  0.02
11   0  0.03  0.09  0.14  0.29  0.58  0.86  1.43  2.85  3.95  4.92  6.78  8.67  9.08  9.12  8.18  7.06  4.02  1.55  0.51  0.35  0.12  0.03  0.02  0.02  0.02  0.02  0.02  0.02
11   5  0.03  0.09  0.15  0.30  0.59  0.89  1.48  2.95  4.25  5.22  7.05  8.91  9.18  9.30  8.30  7.08  4.19  1.61  0.54  0.37  0.12  0.03  0.02  0.02  0.02  0.02  0.02  0.02
11  10  0.03  0.09  0.15  0.30  0.60  0.90  1.49  3.00  4.39  5.44  7.01  8.63  9.19  9.44  8.30  7.14  4.35  1.67  0.60  0.41  0.13  0.03  0.02  0.02  0.02  0.02  0.02  0.02
11  15  0.03  0.09  0.15  0.30  0.61  0.91  1.52  3.05  4.51  5.65  7.02  8.54  9.16  9.36  7.95  6.97  4.26  1.61  0.62  0.44  0.15  0.03  0.02  0.02  0.02  0.02  0.03  0.02
11  20  0.03  0.09  0.16  0.31  0.63  0.95  1.59  3.20  4.83  6.12  7.34  8.39  8.99  9.00  7.54  6.72  4.18  1.65  0.62  0.45  0.16  0.03  0.02  0.02  0.02  0.03  0.03  0.03
11  25  0.03  0.09  0.16  0.31  0.63  0.94  1.57  3.16  4.90  6.19  7.62  8.50  8.81  8.53  7.24  6.68  4.26  1.79  0.70  0.52  0.19  0.04  0.03  0.03  0.03  0.03  0.03  0.03
11  30  0.03  0.10  0.17  0.33  0.66  0.99  1.66  3.36  5.06  6.37  7.64  8.40  8.61  8.10  7.15  6.63  4.35  1.91  0.75  0.56  0.23  0.06  0.04  0.03  0.03  0.03  0.03  0.03
11  35  0.03  0.10  0.18  0.35  0.70  1.06  1.77  3.57  5.44  6.79  7.93  8.26  8.06  7.68  6.90  6.35  4.48  2.09  0.96  0.73  0.36  0.16  0.06  0.04  0.03  0.03  0.03  0.03
11  40  0.04  0.11  0.18  0.37  0.74  1.11  1.85  3.75  5.71  7.11  8.13  8.10  7.55  7.01  6.46  6.14  4.70  2.42  1.28  0.98  0.51  0.22  0.09  0.06  0.04  0.03  0.03  0.03
11  45  0.04  0.12  0.19  0.39  0.78  1.17  1.96  3.97  5.85  7.17  7.78  7.38  6.79  6.40  6.05  5.88  4.74  2.66  1.54  1.26  0.76  0.34  0.20  0.08  0.05  0.03  0.03  0.03
11  50  0.04  0.12  0.21  0.41  0.82  1.24  2.08  4.21  6.23  7.33  7.65  7.00  6.25  5.72  5.70  5.71  4.82  2.92  1.78  1.46  0.92  0.45  0.25  0.15  0.06  0.04  0.03  0.03
11  55  0.04  0.12  0.21  0.42  0.83  1.25  2.10  4.24  6.11  6.93  7.03  6.27  5.64  5.30  5.41  5.54  4.72  2.97  1.86  1.54  1.03  0.51  0.27  0.17  0.07  0.04  0.03  0.03
11  60  0.04  0.13  0.21  0.42  0.84  1.26  2.11  4.25  6.01  6.77  6.65  5.83  5.27  5.03  5.19  5.34  4.53  2.94  1.93  1.62  1.14  0.53  0.28  0.17  0.07  0.04  0.03  0.03
11  65  0.04  0.12  0.20  0.41  0.81  1.22  2.05  4.14  5.82  6.49  6.38  5.60  5.12  4.93  4.97  4.99  4.36  2.94  2.09  1.78  1.30  0.59  0.30  0.18  0.07  0.04  0.03  0.03
11  70  0.04  0.12  0.20  0.40  0.80  1.21  2.02  4.10  5.62  6.21  6.11  5.37  4.98  4.84  4.75  4.64  4.19  2.93  2.25  1.95  1.46  0.65  0.32  0.19  0.08  0.04  0.03  0.03
11  75  0.04  0.12  0.20  0.40  0.80  1.20  2.01  4.10  5.37  5.85  5.66  4.69  4.17  4.02  3.95  3.84  3.61  2.82  2.17  1.87  1.38  0.60  0.29  0.17  0.08  0.04  0.03  0.03
11  80  0.04  0.12  0.20  0.39  0.79  1.18  1.99  4.07  5.12  5.49  5.22  4.02  3.38  3.19  3.15  3.05  3.07  2.74  2.10  1.80  1.32  0.56  0.26  0.15  0.08  0.04  0.03  0.03
11  85  0.04  0.12  0.20  0.39  0.79  1.18  1.99  4.08  5.13  5.50  5.24  4.04  3.39  3.20  3.16  3.06  3.07  2.74  2.10  1.80  1.32  0.56  0.26  0.15  0.09  0.04  0.03  0.03
11  90  0.04  0.12  0.20  0.39  0.79  1.19  1.99  4.08  5.14  5.52  5.26  4.06  3.41  3.21  3.16  3.07  3.08  2.74  2.10  1.80  1.32  0.56  0.26  0.15  0.09  0.04  0.03  0.03
12 -90  0.02  0.07  0.11  0.22  0.45  0.67  1.13  2.29  3.29  4.08  5.78  6.98  6.87  6.06  5.61  5.40  4.99  3.62  2.57  2.15  1.38  0.65  0.33  0.18  0.08  0.05  0.03  0.02
12 -85  0.02  0.07  0.11  0.22  0.45  0.67  1.13  2.30  3.29  4.08  5.77  6.98  6.87  6.06  5.62  5.41  4.99  3.62  2.57  2.15  1.38  0.65  0.33  0.18  0.08  0.05  0.03  0.02
12 -80  0.02  0.07  0.11  0.22  0.45  0.67  1.13  2.30  3.30  4.08  5.77  6.97  6.87  6.06  5.62  5.41  4.99  3.62  2.57  2.15  1.38  0.65  0.33  0.18  0.08  0.05  0.03  0.02
12 -75  0.02  0.07  0.11  0.23  0.46  0.69  1.16  2.37  3.39  4.16  5.80  7.05  7.02  6.24  5.80  5.59  5.11  3.61  2.56  2.15  1.38  0.65  0.34  0.17  0.11  0.04  0.03  0.02
12 -70  0.02  0.07  0.12  0.23  0.47  0.71  1.19  2.43  3.47  4.25  5.83  7.13  7.17  6.42  5.98  5.76  5.20  3.57  2.48  2.09  1.34  0.63  0.34  0.18  0.11  0.04  0.03  0.02
12 -65  0.02  0.07  0.12  0.24  0.49  0.74  1.24  2.52  3.61  4.40  6.01  7.40  7.53  6.84  6.34  6.08  5.21  3.43  2.27  1.91  1.19  0.56  0.33  0.18  0.10  0.04  0.03  0.02
12 -60  0.03  0.08  0.13  0.25  0.51  0.77  1.29  2.63  3.75  4.56  6.20  7.67  7.89  7.25  6.70  6.39  5.23  3.31  2.07  1.72  1.03  0.49  0.31  0.18  0.10  0.04  0.03  0.02
12 -55  0.03  0.08  0.13  0.26  0.53  0.80  1.34  2.74  3.91  4.77  6.43  7.97  8.30  7.76  7.00  6.53  5.07  3.07  1.77  1.46  0.82  0.41  0.27  0.18  0.10  0.04  0.03  0.02
12 -50  0.03  0.08  0.13  0.27  0.54  0.81  1.37  2.78  3.99  4.90  6.59  8.27  8.70  8.18  7.24  6.65  5.00  2.89  1.55  1.24  0.64  0.32  0.22  0.18  0.09  0.04  0.03  0.03
12 -45  0.03  0.08  0.13  0.27  0.53  0.80  1.34  2.72  3.93  4.80  6.65  8.61  9.08  8.64  7.22  6.41  4.90  2.80  1.50  1.19  0.60  0.27  0.18  0.12  0.07  0.04  0.03  0.03
12 -40  0.03  0.08  0.13  0.27  0.53  0.80  1.33  2.67  3.98  4.93  6.86  8.85  9.34  8.80  7.25  6.18  4.68  2.68  1.53  1.21  0.61  0.24  0.16  0.08  0.05  0.04  0.03  0.03
12 -35  0.03  0.08  0.14  0.27  0.55  0.82  1.37  2.75  3.85  4.74  6.72  8.78  9.34  9.10  7.56  6.65  4.59  2.40  1.21  0.92  0.42  0.18  0.10  0.06  0.04  0.04  0.03  0.03
12 -30  0.03  0.08  0.14  0.28  0.55  0.83  1.38  2.77  3.98  4.85  6.79  8.92  9.50  9.14  7.87  7.10  4.51  2.11  0.89  0.64  0.25  0.11  0.07  0.05  0.04  0.04  0.03  0.03
12 -25  0.03  0.09  0.14  0.29  0.57  0.86  1.43  2.87  4.14  5.13  7.09  9.06  9.53  9.14  7.80  7.00  4.35  1.90  0.79  0.55  0.19  0.07  0.04  0.04  0.03  0.03  0.03  0.03
12 -20  0.03  0.08  0.14  0.28  0.56  0.85  1.41  2.81  4.21  5.20  7.12  9.29  9.87  9.36  7.90  6.95  4.25  1.76  0.67  0.45  0.12  0.05  0.03  0.03  0.03  0.03  0.03  0.03
12 -15  0.03  0.08  0.14  0.28  0.56  0.84  1.40  2.79  4.23  5.21  7.02  9.31 10.12  9.65  8.03  6.98  4.13  1.70  0.61  0.40  0.11  0.04  0.03  0.03  0.03  0.03  0.03  0.03
12 -10  0.03  0.08  0.14  0.28  0.55  0.83  1.38  2.72  4.07  5.18  7.07  9.11  9.77  9.58  8.06  7.04  4.04  1.59  0.53  0.35  0.11  0.03  0.02  0.02  0.02  0.03  0.03  0.02
12  -5  0.03  0.08  0.14  0.28  0.56  0.83  1.38  2.73  4.17  5.27  7.43  9.07  9.55  9.40  7.89  6.71  3.94  1.54  0.51  0.34  0.13  0.03  0.02  0.02  0.02  0.02  0.02  0.02
12   0  0.03  0.09  0.15  0.30  0.60  0.89  1.49  2.96  4.26  5.35  7.30  9.03  9.46  9.25  7.70  6.46  3.77  1.45  0.47  0.32  0.13  0.03  0.02  0.02  0.02  0.02  0.02  0.02
12   5  0.03  0.09  0.15  0.30  0.60  0.90  1.50  3.00  4.49  5.53  7.50  9.01  9.18  9.21  7.87  6.62  3.99  1.53  0.51  0.34  0.12  0.03  0.02  0.02  0.02  0.02  0.02  0.02
12  10  0.03  0.09  0.15  0.30  0.61  0.91  1.52  3.05  4.55  5.69  7.29  8.59  8.88  9.03  7.93  6.84  4.20  1.64  0.56  0.38  0.13  0.03  0.02  0.02  0.02  0.02  0.03  0.03
12  15  0.03  0.09  0.15  0.31  0.61  0.92  1.53  3.07  4.65  5.85  7.18  8.37  8.70  8.82  7.52  6.62  4.08  1.63  0.61  0.42  0.14  0.03  0.02  0.02  0.02  0.03  0.03  0.03
12  20  0.03  0.09  0.16  0.32  0.63  0.95  1.59  3.19  4.89  6.22  7.39  8.19  8.56  8.49  7.11  6.36  4.05  1.71  0.63  0.46  0.16  0.03  0.03  0.03  0.03  0.03  0.03  0.03
12  25  0.03  0.09  0.16  0.31  0.62  0.93  1.56  3.13  4.94  6.19  7.50  8.22  8.38  7.96  6.89  6.50  4.25  1.95  0.77  0.58  0.22  0.04  0.03  0.03  0.03  0.03  0.03  0.03
12  30  0.03  0.10  0.16  0.33  0.66  0.99  1.65  3.33  5.02  6.33  7.46  8.07  8.19  7.59  6.92  6.64  4.49  2.10  0.86  0.65  0.27  0.07  0.05  0.04  0.03  0.03  0.03  0.03
12  35  0.03  0.10  0.17  0.35  0.69  1.04  1.75  3.54  5.36  6.66  7.70  7.93  7.72  7.31  6.87  6.58  4.77  2.30  1.08  0.84  0.44  0.21  0.08  0.05  0.04  0.03  0.03  0.03
12  40  0.04  0.11  0.18  0.37  0.73  1.10  1.85  3.74  5.58  6.89  7.83  7.79  7.29  6.73  6.59  6.55  5.11  2.63  1.42  1.10  0.63  0.29  0.16  0.07  0.05  0.03  0.03  0.03
12  45  0.04  0.12  0.19  0.38  0.77  1.16  1.94  3.92  5.64  6.86  7.49  7.17  6.65  6.36  6.24  6.19  5.07  3.01  1.69  1.39  0.87  0.41  0.24  0.15  0.06  0.04  0.03  0.03
12  50  0.04  0.12  0.20  0.41  0.81  1.22  2.05  4.16  6.02  7.00  7.31  6.76  6.15  5.78  5.88  5.90  5.06  3.36  1.95  1.61  1.04  0.51  0.28  0.19  0.07  0.04  0.03  0.03
12  55  0.04  0.12  0.20  0.41  0.82  1.23  2.06  4.17  5.89  6.58  6.74  6.15  5.73  5.56  5.66  5.72  4.91  3.39  2.08  1.73  1.19  0.58  0.31  0.20  0.07  0.04  0.03  0.03
12  60  0.04  0.12  0.20  0.40  0.81  1.22  2.04  4.13  5.74  6.34  6.38  5.79  5.50  5.48  5.49  5.50  4.67  3.33  2.22  1.87  1.33  0.64  0.33  0.20  0.08  0.04  0.03  0.03
12  65  0.04  0.12  0.21  0.42  0.84  1.26  2.12  4.31  5.73  6.32  6.36  5.68  5.38  5.36  5.27  5.18  4.52  3.22  2.27  1.93  1.40  0.65  0.31  0.18  0.08  0.04  0.03  0.03
12  70  0.04  0.13  0.21  0.43  0.86  1.30  2.18  4.47  5.70  6.28  6.30  5.60  5.27  5.25  5.04  4.86  4.38  3.12  2.32  2.00  1.47  0.67  0.29  0.16  0.08  0.04  0.03  0.03
12  75  0.04  0.12  0.21  0.41  0.83  1.26  2.12  4.36  5.48  6.06  6.07  5.20  4.79  4.76  4.58  4.41  4.17  3.13  2.34  2.01  1.47  0.66  0.30  0.17  0.08  0.04  0.03  0.03
12  80  0.04  0.12  0.20  0.40  0.80  1.20  2.03  4.21  5.28  5.85  5.84  4.82  4.33  4.25  4.12  3.98  3.96  3.15  2.35  2.03  1.48  0.65  0.32  0.19  0.09  0.04  0.03  0.03
12  85  0.04  0.12  0.20  0.40  0.80  1.20  2.04  4.21  5.29  5.87  5.87  4.84  4.35  4.26  4.13  3.99  3.97  3.15  2.35  2.02  1.48  0.65  0.32  0.19  0.09  0.04  0.03  0.03
12  90  0.04  0.12  0.20  0.40  0.80  1.20  2.04  4.22  5.31  5.88  5.89  4.86  4.36  4.27  4.14  4.00  3.97  3.15  2.35  2.02  1.48  0.65  0.32  0.19  0.09  0.04  0.03  0.03
