     3    64     3
        .000  1.00000000        .000
        .000   .99467117        .000
        .402   .98862660        .327
       4.019   .98174226       3.260
      15.061   .97386760      12.218
      38.998   .96482760      31.636
      81.829   .95443410      66.381
     149.811   .94249105     121.529
     249.356   .92879730     202.282
     386.904   .91315103     313.863
     568.742   .89535499     461.373
     800.792   .87522358     649.616
    1088.352   .85259068     882.890
    1435.805   .82731885    1164.749
    1846.287   .79930973    1497.739
    2321.352   .76851469    1883.120
    2860.630   .73494524    2320.591
    3461.520   .69868290    2808.043
    4118.944   .65988702    3341.357
    4825.182   .61879963    3914.269
    5569.835   .57574666    4518.344
    6339.936   .53113484    5143.062
    7120.198   .48544332    5776.025
    7893.443   .43921080    6403.294
    8641.143   .39301825    7009.841
    9344.069   .34746850    7580.066
    9983.004   .30316412    8098.381
   10539.439   .26068544    8549.771
   10996.225   .22057019    8920.322
   11338.121   .18329623    9197.675
   11552.201   .14926878    9371.340
   11628.122   .11881219    9432.929
   11558.215   .09216691    9376.219
   11338.576   .06947458    9198.044
   10978.442   .05064684    8905.897
   10495.151   .03544162    8513.844
    9908.021   .02355588    8037.553
    9237.945   .01463712    7493.977
    8507.056   .00829402    6901.066
    7738.396   .00410671    6277.518
    6955.630   .00163591    5642.524
    6182.776   .00043106    5015.572
    5444.005   .00003697    4416.269
    4763.412   .00000000    3864.160
    4155.935   .00000000    3371.364
    3617.002   .00000000    2934.173
    3139.845   .00000000    2547.095
    2718.136   .00000000    2204.998
    2346.022   .00000000    1903.133
    2018.127   .00000000    1637.138
    1729.552   .00000000    1403.041
    1475.856   .00000000    1197.239
    1253.036   .00000000    1016.484
    1057.498   .00000000     857.860
     886.026   .00000000     718.759
     735.756   .00000000     596.858
     604.141   .00000000     490.089
     488.920   .00000000     396.620
     388.097   .00000000     314.831
     299.904   .00000000     243.287
     222.786   .00000000     180.728
     155.371   .00000000     126.039
      96.453   .00000000      78.244
      44.973   .00000000      36.483
        .000   .00000000        .000
