     0.010
     0.030
     0.050
     0.100
     0.200
     0.300
     0.500
     1.000
     1.500
     2.000
     3.000
     5.000
     7.000
    10.000
    15.000
    20.000
    30.000
    50.000
    70.000
    80.000
   100.000
   150.000
   200.000
   250.000
   300.000
   400.000
   500.000
   600.000
 1 -90  0.02  0.07  0.11  0.22  0.45  0.68  1.14  2.32  3.35  4.15  5.83  6.76  6.46  5.51  4.63  4.01  3.40  2.81  2.25  1.91  1.29  0.66  0.34  0.19  0.08  0.06  0.03  0.02
 1 -85  0.02  0.07  0.11  0.22  0.45  0.68  1.14  2.31  3.34  4.15  5.84  6.77  6.46  5.51  4.62  4.00  3.40  2.81  2.24  1.91  1.29  0.66  0.34  0.19  0.08  0.06  0.03  0.02
 1 -80  0.02  0.07  0.11  0.22  0.45  0.68  1.14  2.31  3.34  4.15  5.85  6.78  6.47  5.51  4.62  4.00  3.40  2.81  2.24  1.91  1.29  0.66  0.34  0.19  0.09  0.05  0.03  0.02
 1 -75  0.02  0.07  0.12  0.23  0.46  0.70  1.17  2.37  3.41  4.24  5.87  6.90  6.71  5.78  4.96  4.38  3.70  2.88  2.22  1.89  1.27  0.65  0.35  0.19  0.08  0.05  0.03  0.02
 1 -70  0.02  0.07  0.12  0.24  0.48  0.72  1.20  2.43  3.49  4.32  5.89  7.03  6.95  6.06  5.29  4.76  4.02  2.96  2.19  1.85  1.22  0.64  0.35  0.19  0.08  0.05  0.03  0.02
 1 -65  0.02  0.07  0.12  0.25  0.49  0.74  1.24  2.52  3.61  4.46  6.07  7.36  7.41  6.62  5.90  5.40  4.30  2.97  2.04  1.71  1.11  0.56  0.33  0.19  0.11  0.05  0.03  0.03
 1 -60  0.03  0.08  0.13  0.26  0.51  0.77  1.29  2.61  3.74  4.61  6.26  7.68  7.88  7.18  6.51  6.04  4.57  2.98  1.89  1.57  1.00  0.49  0.31  0.20  0.12  0.05  0.03  0.03
 1 -55  0.03  0.08  0.13  0.27  0.54  0.81  1.36  2.75  3.92  4.85  6.52  8.00  8.30  7.75  6.92  6.32  4.49  2.76  1.57  1.30  0.79  0.37  0.26  0.18  0.11  0.05  0.03  0.03
 1 -50  0.03  0.08  0.14  0.28  0.55  0.83  1.39  2.82  4.03  5.02  6.72  8.30  8.73  8.26  7.29  6.61  4.45  2.57  1.29  1.04  0.57  0.25  0.19  0.17  0.09  0.05  0.03  0.03
 1 -45  0.03  0.08  0.14  0.27  0.55  0.83  1.39  2.82  4.03  4.97  6.78  8.63  9.12  8.74  7.47  6.66  4.56  2.59  1.28  1.01  0.53  0.19  0.15  0.11  0.07  0.04  0.03  0.03
 1 -40  0.03  0.08  0.14  0.27  0.55  0.83  1.38  2.79  4.14  5.15  7.08  8.99  9.51  9.05  7.70  6.70  4.55  2.61  1.32  1.03  0.53  0.18  0.13  0.07  0.05  0.04  0.03  0.03
 1 -35  0.03  0.08  0.14  0.28  0.56  0.84  1.41  2.85  3.99  4.98  6.97  9.01  9.55  9.32  7.82  6.85  4.50  2.37  1.06  0.80  0.38  0.15  0.09  0.06  0.04  0.04  0.03  0.03
 1 -30  0.03  0.08  0.14  0.28  0.57  0.85  1.42  2.87  4.12  5.10  7.12  9.22  9.76  9.37  7.98  7.03  4.45  2.08  0.81  0.58  0.24  0.09  0.06  0.04  0.04  0.04  0.04  0.03
 1 -25  0.03  0.09  0.14  0.29  0.58  0.87  1.45  2.93  4.20  5.30  7.44  9.41  9.87  9.44  7.93  6.95  4.36  1.86  0.72  0.51  0.19  0.06  0.04  0.04  0.03  0.04  0.03  0.03
 1 -20  0.03  0.08  0.14  0.28  0.56  0.84  1.41  2.83  4.27  5.42  7.51  9.59 10.20  9.70  8.03  6.91  4.32  1.69  0.61  0.41  0.13  0.05  0.03  0.03  0.03  0.03  0.03  0.03
 1 -15  0.03  0.08  0.14  0.28  0.56  0.84  1.41  2.85  4.34  5.33  7.35  9.66 10.46  9.87  8.07  6.94  4.16  1.64  0.55  0.36  0.13  0.04  0.03  0.03  0.03  0.03  0.03  0.03
 1 -10  0.03  0.08  0.14  0.27  0.55  0.83  1.38  2.79  4.17  5.31  7.27  9.45 10.14  9.84  8.06  7.01  4.05  1.57  0.47  0.32  0.09  0.03  0.03  0.02  0.02  0.03  0.03  0.02
 1  -5  0.03  0.08  0.14  0.28  0.55  0.83  1.39  2.81  4.34  5.49  7.64  9.41 10.01  9.68  7.90  6.84  3.94  1.51  0.45  0.31  0.07  0.03  0.02  0.02  0.02  0.03  0.02  0.02
 1   0  0.03  0.09  0.15  0.30  0.60  0.91  1.53  3.13  4.58  5.76  7.72  9.62 10.22  9.65  7.79  6.68  3.72  1.38  0.41  0.28  0.06  0.03  0.02  0.02  0.02  0.03  0.03  0.02
 1   5  0.03  0.09  0.15  0.30  0.60  0.91  1.52  3.10  4.71  5.83  7.92  9.40  9.68  9.49  7.81  6.64  3.91  1.49  0.48  0.31  0.05  0.03  0.02  0.02  0.02  0.03  0.03  0.03
 1  10  0.03  0.09  0.15  0.30  0.61  0.91  1.53  3.10  4.65  5.89  7.64  8.92  9.15  9.11  7.78  6.69  4.10  1.65  0.54  0.36  0.06  0.03  0.03  0.02  0.03  0.03  0.03  0.03
 1  15  0.03  0.09  0.15  0.30  0.61  0.92  1.54  3.13  4.79  6.04  7.55  8.65  8.85  8.83  7.40  6.45  4.01  1.64  0.58  0.40  0.07  0.03  0.03  0.03  0.03  0.03  0.03  0.03
 1  20  0.03  0.09  0.16  0.32  0.63  0.96  1.60  3.27  4.97  6.33  7.72  8.49  8.76  8.59  7.08  6.22  4.09  1.72  0.59  0.43  0.16  0.04  0.03  0.03  0.03  0.03  0.03  0.03
 1  25  0.03  0.09  0.16  0.31  0.63  0.95  1.59  3.22  5.09  6.30  7.69  8.43  8.49  7.98  6.87  6.39  4.38  2.10  0.79  0.60  0.26  0.05  0.04  0.03  0.03  0.03  0.03  0.03
 1  30  0.03  0.10  0.17  0.33  0.67  1.01  1.69  3.45  5.17  6.51  7.70  8.23  8.28  7.64  6.93  6.59  4.76  2.35  0.93  0.71  0.32  0.09  0.06  0.05  0.04  0.04  0.03  0.03
 1  35  0.03  0.10  0.17  0.35  0.70  1.06  1.77  3.62  5.43  6.74  7.91  8.10  7.91  7.44  6.91  6.52  5.08  2.65  1.22  0.95  0.49  0.24  0.15  0.07  0.05  0.04  0.04  0.03
 1  40  0.04  0.11  0.18  0.37  0.74  1.11  1.87  3.81  5.56  6.86  7.94  8.01  7.58  6.96  6.59  6.43  5.43  3.03  1.65  1.24  0.68  0.35  0.22  0.11  0.07  0.04  0.04  0.04
 1  45  0.04  0.11  0.19  0.38  0.76  1.14  1.91  3.91  5.55  6.80  7.77  7.61  7.10  6.73  6.53  6.35  5.55  3.40  1.89  1.53  0.95  0.50  0.30  0.20  0.08  0.05  0.04  0.04
 1  50  0.04  0.11  0.19  0.38  0.77  1.16  1.94  3.96  5.78  6.93  7.56  7.31  6.62  6.13  6.28  6.31  5.71  3.71  2.16  1.77  1.16  0.61  0.35  0.24  0.09  0.05  0.04  0.04
 1  55  0.04  0.12  0.19  0.39  0.78  1.18  1.97  4.03  5.73  6.62  7.12  6.79  6.28  5.95  6.00  6.03  5.45  3.74  2.34  1.94  1.34  0.68  0.39  0.26  0.09  0.05  0.04  0.04
 1  60  0.04  0.12  0.20  0.39  0.79  1.18  1.99  4.06  5.65  6.43  6.84  6.44  6.04  5.84  5.76  5.69  5.13  3.71  2.54  2.13  1.53  0.74  0.44  0.27  0.10  0.05  0.04  0.04
 1  65  0.04  0.12  0.19  0.39  0.77  1.17  1.96  4.00  5.66  6.40  6.85  6.43  6.15  6.03  5.82  5.67  4.95  3.66  2.54  2.15  1.55  0.74  0.41  0.25  0.10  0.05  0.04  0.04
 1  70  0.04  0.11  0.19  0.38  0.76  1.15  1.93  3.94  5.66  6.37  6.85  6.45  6.26  6.22  5.89  5.63  4.80  3.62  2.55  2.17  1.57  0.74  0.39  0.23  0.10  0.05  0.04  0.04
 1  75  0.04  0.11  0.18  0.36  0.73  1.10  1.85  3.78  5.47  6.09  6.55  6.03  5.77  5.70  5.35  5.07  4.57  3.53  2.64  2.31  1.76  0.78  0.40  0.23  0.10  0.05  0.04  0.04
 1  80  0.04  0.11  0.18  0.35  0.71  1.07  1.80  3.70  5.22  5.79  6.21  5.61  5.29  5.16  4.80  4.52  4.34  3.43  2.73  2.44  1.94  0.81  0.41  0.24  0.10  0.05  0.04  0.04
 1  85  0.04  0.11  0.18  0.35  0.71  1.07  1.80  3.69  5.21  5.77  6.18  5.59  5.27  5.14  4.79  4.51  4.33  3.43  2.73  2.44  1.94  0.81  0.41  0.24  0.10  0.05  0.04  0.04
 1  90  0.04  0.11  0.18  0.35  0.71  1.07  1.80  3.69  5.19  5.75  6.15  5.56  5.25  5.13  4.78  4.50  4.33  3.43  2.73  2.44  1.94  0.81  0.41  0.24  0.10  0.05  0.04  0.04
 2 -90  0.03  0.08  0.14  0.27  0.55  0.83  1.39  2.84  4.14  5.10  6.36  6.37  5.72  4.78  4.29  3.81  2.74  2.60  2.31  1.99  1.40  0.67  0.36  0.21  0.13  0.06  0.03  0.02
 2 -85  0.03  0.08  0.14  0.27  0.55  0.83  1.39  2.83  4.14  5.10  6.37  6.38  5.73  4.77  4.29  3.81  2.74  2.60  2.31  1.98  1.40  0.67  0.36  0.21  0.13  0.06  0.03  0.02
 2 -80  0.03  0.08  0.14  0.27  0.55  0.83  1.39  2.83  4.13  5.10  6.38  6.39  5.73  4.77  4.28  3.80  2.74  2.60  2.31  1.98  1.40  0.67  0.36  0.21  0.13  0.05  0.03  0.02
 2 -75  0.03  0.08  0.14  0.27  0.55  0.82  1.38  2.81  4.12  5.10  6.46  6.73  6.21  5.25  4.68  4.15  2.95  2.60  2.30  1.97  1.38  0.66  0.36  0.20  0.12  0.05  0.03  0.02
 2 -70  0.03  0.08  0.14  0.27  0.54  0.82  1.37  2.78  4.10  5.09  6.53  7.08  6.69  5.74  5.08  4.52  3.23  2.62  2.27  1.93  1.33  0.63  0.37  0.20  0.11  0.05  0.03  0.03
 2 -65  0.03  0.08  0.14  0.28  0.55  0.83  1.40  2.83  4.16  5.16  6.69  7.49  7.25  6.35  5.59  4.98  3.69  2.65  2.09  1.77  1.19  0.55  0.35  0.20  0.12  0.05  0.03  0.03
 2 -60  0.03  0.08  0.14  0.28  0.57  0.85  1.43  2.89  4.24  5.26  6.86  7.89  7.81  6.96  6.10  5.44  4.13  2.70  1.92  1.61  1.06  0.48  0.32  0.20  0.12  0.05  0.03  0.03
 2 -55  0.03  0.09  0.15  0.29  0.59  0.89  1.49  3.02  4.39  5.45  7.06  8.18  8.23  7.54  6.65  5.96  4.27  2.58  1.55  1.29  0.80  0.36  0.25  0.18  0.11  0.05  0.04  0.03
 2 -50  0.03  0.09  0.15  0.30  0.61  0.91  1.53  3.10  4.48  5.60  7.23  8.46  8.67  8.10  7.19  6.50  4.40  2.47  1.24  0.99  0.55  0.24  0.18  0.14  0.08  0.05  0.03  0.03
 2 -45  0.03  0.09  0.15  0.30  0.60  0.90  1.51  3.08  4.42  5.49  7.22  8.76  9.07  8.60  7.43  6.61  4.49  2.42  1.23  0.96  0.48  0.18  0.16  0.09  0.06  0.04  0.03  0.03
 2 -40  0.03  0.09  0.15  0.30  0.60  0.90  1.51  3.05  4.50  5.60  7.43  9.11  9.53  9.04  7.71  6.68  4.51  2.38  1.24  0.95  0.44  0.16  0.11  0.06  0.05  0.04  0.03  0.03
 2 -35  0.03  0.09  0.15  0.30  0.60  0.90  1.51  3.05  4.28  5.35  7.26  9.11  9.58  9.31  7.80  6.74  4.39  2.20  1.01  0.75  0.33  0.13  0.07  0.05  0.04  0.04  0.03  0.03
 2 -30  0.03  0.09  0.15  0.30  0.60  0.90  1.50  3.04  4.34  5.40  7.33  9.26  9.78  9.44  7.94  6.87  4.30  1.97  0.79  0.57  0.22  0.08  0.05  0.04  0.04  0.03  0.03  0.03
 2 -25  0.03  0.09  0.15  0.30  0.59  0.89  1.49  3.01  4.29  5.40  7.49  9.47  9.98  9.62  7.98  6.86  4.21  1.84  0.68  0.48  0.18  0.06  0.04  0.03  0.03  0.03  0.03  0.03
 2 -20  0.03  0.08  0.14  0.28  0.57  0.85  1.42  2.86  4.30  5.48  7.49  9.56 10.33 10.00  8.13  6.88  4.17  1.68  0.56  0.38  0.12  0.04  0.03  0.03  0.03  0.03  0.03  0.03
 2 -15  0.03  0.08  0.14  0.28  0.56  0.84  1.41  2.86  4.29  5.22  7.21  9.66 10.60 10.13  8.16  6.92  4.07  1.59  0.52  0.35  0.12  0.04  0.03  0.03  0.03  0.03  0.03  0.03
 2 -10  0.03  0.08  0.14  0.27  0.55  0.82  1.37  2.78  4.07  5.12  7.01  9.41 10.37 10.21  8.16  7.01  4.04  1.48  0.48  0.32  0.08  0.03  0.02  0.02  0.02  0.03  0.03  0.02
 2  -5  0.03  0.08  0.14  0.27  0.54  0.82  1.37  2.79  4.20  5.26  7.33  9.34 10.32 10.12  7.83  6.57  3.88  1.45  0.47  0.32  0.07  0.03  0.02  0.02  0.02  0.02  0.02  0.02
 2   0  0.03  0.09  0.15  0.30  0.60  0.90  1.52  3.12  4.46  5.60  7.56  9.80 10.80 10.29  7.59  6.09  3.60  1.32  0.45  0.31  0.06  0.03  0.02  0.02  0.02  0.03  0.03  0.02
 2   5  0.03  0.09  0.15  0.29  0.59  0.89  1.49  3.05  4.56  5.62  7.71  9.49 10.18 10.06  7.71  6.33  3.79  1.44  0.52  0.34  0.05  0.03  0.02  0.02  0.02  0.03  0.03  0.03
 2  10  0.03  0.09  0.15  0.29  0.58  0.88  1.48  3.00  4.42  5.54  7.41  9.00  9.51  9.50  7.84  6.68  4.01  1.63  0.60  0.40  0.06  0.03  0.03  0.02  0.03  0.03  0.03  0.03
 2  15  0.03  0.09  0.15  0.29  0.59  0.89  1.49  3.02  4.62  5.73  7.44  8.75  9.09  9.12  7.61  6.63  4.07  1.70  0.66  0.46  0.07  0.03  0.03  0.03  0.03  0.03  0.03  0.03
 2  20  0.03  0.09  0.15  0.31  0.61  0.92  1.55  3.16  4.75  6.00  7.60  8.68  9.07  8.93  7.48  6.66  4.33  1.84  0.70  0.50  0.09  0.04  0.03  0.03  0.03  0.03  0.03  0.03
 2  25  0.03  0.09  0.15  0.31  0.62  0.93  1.56  3.17  4.94  6.05  7.58  8.57  8.73  8.29  7.13  6.57  4.55  2.18  0.88  0.66  0.26  0.06  0.04  0.04  0.04  0.04  0.03  0.03
 2  30  0.03  0.10  0.16  0.33  0.65  0.99  1.66  3.38  5.06  6.37  7.73  8.40  8.51  7.96  7.05  6.55  4.87  2.36  1.00  0.75  0.31  0.18  0.07  0.05  0.04  0.04  0.04  0.03
 2  35  0.03  0.10  0.17  0.34  0.69  1.03  1.74  3.54  5.38  6.67  8.05  8.35  8.22  7.74  7.04  6.55  5.13  2.78  1.30  0.99  0.47  0.30  0.21  0.09  0.06  0.04  0.04  0.04
 2  40  0.04  0.11  0.18  0.36  0.72  1.09  1.83  3.75  5.51  6.83  8.10  8.32  7.96  7.28  6.74  6.48  5.40  3.24  1.70  1.26  0.66  0.42  0.29  0.13  0.08  0.05  0.04  0.04
 2  45  0.04  0.11  0.18  0.37  0.74  1.12  1.88  3.83  5.58  6.91  8.14  8.10  7.57  7.12  6.73  6.39  5.56  3.59  1.96  1.57  0.96  0.55  0.37  0.23  0.09  0.05  0.04  0.04
 2  50  0.04  0.11  0.19  0.37  0.75  1.13  1.90  3.88  5.81  7.17  8.01  7.83  7.11  6.54  6.45  6.30  5.75  3.88  2.27  1.86  1.19  0.65  0.40  0.28  0.10  0.05  0.04  0.04
 2  55  0.04  0.12  0.19  0.39  0.78  1.18  1.98  4.03  5.89  7.07  7.73  7.46  6.83  6.37  6.27  6.18  5.71  3.99  2.46  2.03  1.38  0.70  0.44  0.30  0.11  0.05  0.04  0.04
 2  60  0.04  0.12  0.20  0.40  0.81  1.22  2.05  4.17  5.95  7.06  7.57  7.16  6.58  6.22  6.10  6.02  5.64  4.06  2.66  2.22  1.57  0.77  0.48  0.31  0.11  0.05  0.04  0.04
 2  65  0.04  0.12  0.20  0.40  0.81  1.22  2.05  4.19  5.88  6.87  7.36  6.97  6.53  6.27  6.05  5.90  5.44  3.92  2.76  2.35  1.71  0.83  0.48  0.30  0.11  0.05  0.04  0.04
 2  70  0.04  0.12  0.20  0.40  0.81  1.22  2.05  4.18  5.83  6.70  7.15  6.77  6.47  6.33  6.01  5.78  5.28  3.80  2.86  2.47  1.84  0.90  0.47  0.29  0.12  0.05  0.04  0.04
 2  75  0.04  0.12  0.20  0.40  0.81  1.21  2.04  4.16  5.69  6.40  7.04  6.85  6.72  6.64  6.19  5.87  5.33  3.74  2.91  2.53  1.89  0.94  0.49  0.29  0.12  0.06  0.04  0.04
 2  80  0.04  0.12  0.20  0.40  0.80  1.21  2.03  4.13  5.54  6.09  6.94  6.97  6.97  6.94  6.37  5.96  5.36  3.67  2.94  2.57  1.93  0.97  0.51  0.29  0.12  0.06  0.04  0.04
 2  85  0.04  0.12  0.20  0.40  0.80  1.20  2.02  4.13  5.53  6.07  6.91  6.95  6.95  6.93  6.36  5.95  5.36  3.67  2.94  2.57  1.93  0.97  0.51  0.29  0.12  0.06  0.04  0.04
 2  90  0.04  0.12  0.20  0.40  0.80  1.20  2.02  4.12  5.51  6.05  6.88  6.92  6.93  6.92  6.35  5.94  5.35  3.66  2.94  2.57  1.93  0.97  0.51  0.29  0.12  0.05  0.04  0.04
 3 -90  0.04  0.12  0.20  0.40  0.81  1.22  2.04  4.18  5.59  6.44  6.51  5.91  5.19  4.51  3.87  3.14  2.55  2.60  2.45  2.12  1.51  0.59  0.33  0.19  0.11  0.05  0.03  0.02
 3 -85  0.04  0.12  0.20  0.40  0.81  1.21  2.04  4.17  5.58  6.45  6.52  5.91  5.20  4.50  3.87  3.13  2.55  2.61  2.45  2.11  1.51  0.59  0.33  0.19  0.11  0.05  0.03  0.02
 3 -80  0.04  0.12  0.20  0.40  0.81  1.21  2.04  4.17  5.57  6.45  6.53  5.92  5.20  4.50  3.86  3.13  2.55  2.61  2.44  2.11  1.51  0.59  0.33  0.19  0.11  0.05  0.03  0.02
 3 -75  0.04  0.11  0.19  0.38  0.77  1.16  1.94  3.97  5.50  6.51  6.94  6.45  5.70  4.90  4.19  3.43  2.67  2.58  2.41  2.07  1.47  0.58  0.33  0.19  0.11  0.05  0.03  0.03
 3 -70  0.04  0.11  0.18  0.36  0.73  1.10  1.85  3.77  5.42  6.56  7.33  6.98  6.20  5.30  4.52  3.77  2.88  2.57  2.33  1.99  1.39  0.57  0.32  0.19  0.11  0.05  0.03  0.03
 3 -65  0.04  0.11  0.18  0.35  0.71  1.07  1.79  3.64  5.32  6.51  7.51  7.44  6.78  5.86  5.12  4.48  3.32  2.59  2.10  1.80  1.24  0.51  0.30  0.18  0.12  0.05  0.03  0.03
 3 -60  0.03  0.10  0.17  0.34  0.69  1.04  1.74  3.53  5.24  6.48  7.70  7.91  7.36  6.43  5.72  5.17  3.75  2.65  1.89  1.61  1.09  0.45  0.28  0.18  0.11  0.05  0.03  0.03
 3 -55  0.03  0.10  0.17  0.34  0.69  1.04  1.74  3.54  5.26  6.50  7.81  8.22  7.83  6.99  6.28  5.76  4.20  2.62  1.57  1.31  0.85  0.34  0.23  0.17  0.10  0.05  0.03  0.03
 3 -50  0.03  0.10  0.17  0.34  0.69  1.03  1.73  3.52  5.25  6.54  7.95  8.52  8.32  7.57  6.87  6.37  4.60  2.58  1.30  1.06  0.62  0.24  0.17  0.12  0.07  0.04  0.03  0.03
 3 -45  0.03  0.10  0.17  0.33  0.67  1.01  1.69  3.44  5.07  6.33  7.88  8.85  8.81  8.16  7.11  6.30  4.50  2.49  1.25  0.98  0.52  0.17  0.13  0.08  0.05  0.04  0.03  0.03
 3 -40  0.03  0.10  0.16  0.33  0.66  0.99  1.66  3.38  5.00  6.28  7.96  9.20  9.35  8.78  7.30  6.16  4.36  2.42  1.18  0.91  0.45  0.14  0.10  0.06  0.04  0.03  0.03  0.03
 3 -35  0.03  0.10  0.16  0.32  0.64  0.96  1.61  3.27  4.74  5.92  7.73  9.20  9.49  9.12  7.72  6.67  4.37  2.24  0.96  0.71  0.32  0.13  0.07  0.05  0.04  0.03  0.03  0.03
 3 -30  0.03  0.09  0.16  0.31  0.63  0.95  1.59  3.22  4.69  5.87  7.70  9.33  9.72  9.40  8.19  7.27  4.41  2.04  0.75  0.54  0.19  0.08  0.05  0.04  0.03  0.03  0.03  0.03
 3 -25  0.03  0.09  0.15  0.31  0.61  0.92  1.55  3.14  4.52  5.68  7.66  9.47  9.99  9.70  8.27  7.29  4.29  1.83  0.61  0.43  0.15  0.05  0.03  0.03  0.03  0.03  0.03  0.03
 3 -20  0.03  0.09  0.15  0.29  0.59  0.88  1.48  2.99  4.49  5.73  7.58  9.43 10.28 10.19  8.46  7.31  4.22  1.55  0.47  0.32  0.09  0.04  0.03  0.03  0.03  0.03  0.03  0.03
 3 -15  0.03  0.09  0.14  0.29  0.58  0.87  1.46  2.97  4.38  5.31  7.17  9.47 10.47 10.30  8.36  7.12  4.13  1.52  0.46  0.31  0.10  0.03  0.02  0.02  0.02  0.03  0.03  0.02
 3 -10  0.03  0.08  0.14  0.28  0.57  0.85  1.43  2.91  4.11  5.08  6.77  9.11 10.29 10.45  8.24  6.97  4.11  1.49  0.47  0.31  0.12  0.03  0.02  0.02  0.02  0.02  0.02  0.02
 3  -5  0.03  0.08  0.14  0.28  0.56  0.84  1.42  2.90  4.15  5.11  6.95  8.97 10.21 10.39  8.07  6.80  4.02  1.47  0.47  0.32  0.06  0.03  0.02  0.02  0.02  0.02  0.02  0.02
 3   0  0.03  0.09  0.15  0.30  0.60  0.91  1.53  3.16  4.32  5.38  7.17  9.45 10.79 10.70  8.01  6.56  3.80  1.34  0.45  0.31  0.13  0.03  0.02  0.02  0.02  0.02  0.02  0.02
 3   5  0.03  0.09  0.15  0.29  0.59  0.89  1.50  3.07  4.44  5.36  7.29  9.19 10.26 10.46  8.00  6.69  3.95  1.44  0.50  0.33  0.06  0.03  0.02  0.02  0.02  0.03  0.03  0.03
 3  10  0.03  0.09  0.14  0.29  0.58  0.87  1.47  2.99  4.24  5.17  7.04  8.78  9.64  9.80  8.03  6.93  4.15  1.61  0.58  0.39  0.06  0.03  0.02  0.02  0.02  0.03  0.03  0.03
 3  15  0.03  0.09  0.15  0.29  0.58  0.88  1.48  3.00  4.48  5.44  7.26  8.69  9.22  9.35  7.69  6.64  4.14  1.69  0.64  0.45  0.07  0.03  0.03  0.03  0.03  0.03  0.03  0.03
 3  20  0.03  0.09  0.15  0.30  0.61  0.92  1.55  3.15  4.61  5.72  7.43  8.77  9.28  9.19  7.48  6.47  4.31  1.79  0.67  0.48  0.19  0.04  0.03  0.03  0.03  0.03  0.04  0.04
 3  25  0.03  0.09  0.15  0.31  0.62  0.93  1.56  3.17  4.78  5.84  7.45  8.67  8.94  8.63  7.26  6.47  4.50  2.23  0.90  0.68  0.31  0.06  0.05  0.04  0.04  0.04  0.04  0.04
 3  30  0.03  0.10  0.16  0.32  0.64  0.97  1.62  3.30  4.92  6.16  7.70  8.58  8.78  8.39  7.26  6.58  4.79  2.51  1.07  0.82  0.39  0.20  0.09  0.06  0.05  0.04  0.04  0.04
 3  35  0.03  0.10  0.16  0.33  0.66  1.00  1.68  3.42  5.21  6.47  8.13  8.68  8.68  8.21  7.29  6.64  4.91  2.87  1.36  1.06  0.57  0.31  0.22  0.09  0.06  0.04  0.04  0.04
 3  40  0.03  0.10  0.17  0.34  0.69  1.04  1.75  3.59  5.29  6.60  8.18  8.80  8.61  7.87  7.05  6.59  5.02  3.22  1.74  1.32  0.77  0.42  0.30  0.13  0.08  0.05  0.04  0.04
 3  45  0.03  0.10  0.17  0.35  0.69  1.05  1.76  3.60  5.42  6.80  8.45  8.76  8.28  7.70  6.99  6.44  5.30  3.54  1.93  1.57  1.00  0.55  0.39  0.24  0.10  0.05  0.04  0.04
 3  50  0.03  0.10  0.17  0.34  0.69  1.04  1.75  3.57  5.59  7.09  8.43  8.53  7.82  7.15  6.68  6.28  5.59  3.79  2.20  1.82  1.17  0.66  0.43  0.30  0.11  0.06  0.05  0.04
 3  55  0.04  0.11  0.18  0.36  0.72  1.08  1.81  3.71  5.70  7.08  8.25  8.21  7.54  6.91  6.51  6.22  5.59  3.96  2.44  2.03  1.36  0.75  0.48  0.33  0.12  0.06  0.05  0.04
 3  60  0.04  0.11  0.19  0.37  0.75  1.12  1.89  3.85  5.83  7.19  8.17  7.95  7.25  6.65  6.33  6.13  5.57  4.12  2.71  2.26  1.56  0.86  0.54  0.35  0.13  0.06  0.05  0.04
 3  65  0.04  0.11  0.19  0.38  0.77  1.16  1.94  3.96  5.85  7.14  7.96  7.67  7.01  6.48  6.14  5.92  5.37  4.12  2.86  2.43  1.76  0.95  0.60  0.37  0.13  0.06  0.05  0.04
 3  70  0.04  0.12  0.20  0.39  0.79  1.19  2.00  4.07  5.88  7.09  7.74  7.37  6.77  6.32  5.95  5.70  5.18  4.14  3.01  2.60  1.96  1.04  0.65  0.39  0.14  0.06  0.05  0.04
 3  75  0.04  0.12  0.20  0.39  0.79  1.19  2.00  4.08  5.79  6.91  7.51  7.24  6.79  6.45  5.89  5.51  5.11  4.15  3.06  2.67  2.02  1.09  0.65  0.38  0.19  0.06  0.05  0.04
 3  80  0.04  0.12  0.20  0.39  0.79  1.19  2.00  4.08  5.69  6.72  7.28  7.11  6.81  6.58  5.83  5.33  5.04  4.15  3.09  2.71  2.06  1.13  0.64  0.38  0.18  0.06  0.05  0.04
 3  85  0.04  0.12  0.20  0.39  0.79  1.19  2.00  4.07  5.67  6.69  7.25  7.08  6.79  6.56  5.82  5.32  5.04  4.15  3.08  2.71  2.06  1.13  0.64  0.38  0.18  0.06  0.05  0.04
 3  90  0.04  0.12  0.20  0.39  0.79  1.19  2.00  4.07  5.66  6.67  7.22  7.05  6.76  6.55  5.81  5.31  5.03  4.14  3.08  2.71  2.06  1.13  0.64  0.38  0.18  0.06  0.05  0.04
 4 -90  0.05  0.16  0.27  0.53  1.07  1.62  2.73  5.63  6.42  6.58  6.26  5.49  4.88  4.25  3.57  2.72  2.25  2.86  2.44  2.09  1.39  0.48  0.29  0.18  0.11  0.04  0.03  0.03
 4 -85  0.05  0.16  0.27  0.53  1.07  1.62  2.73  5.63  6.41  6.58  6.27  5.50  4.89  4.25  3.57  2.72  2.25  2.86  2.43  2.09  1.39  0.48  0.29  0.18  0.11  0.05  0.03  0.03
 4 -80  0.05  0.16  0.27  0.53  1.07  1.62  2.73  5.62  6.41  6.58  6.27  5.50  4.89  4.24  3.56  2.72  2.25  2.86  2.43  2.08  1.39  0.48  0.29  0.18  0.11  0.04  0.03  0.03
 4 -75  0.05  0.15  0.25  0.51  1.03  1.55  2.62  5.38  6.61  7.05  6.81  5.99  5.32  4.62  3.97  3.16  2.56  2.81  2.38  2.05  1.40  0.46  0.28  0.17  0.10  0.05  0.03  0.03
 4 -70  0.05  0.15  0.25  0.49  0.99  1.49  2.51  5.14  6.76  7.50  7.34  6.50  5.75  5.00  4.35  3.67  2.97  2.76  2.30  1.99  1.37  0.44  0.27  0.17  0.11  0.05  0.03  0.03
 4 -65  0.05  0.14  0.24  0.47  0.95  1.43  2.40  4.91  6.68  7.59  7.69  7.05  6.27  5.49  4.86  4.33  3.46  2.77  2.10  1.80  1.23  0.40  0.25  0.16  0.10  0.05  0.03  0.03
 4 -60  0.05  0.14  0.23  0.45  0.91  1.37  2.30  4.69  6.61  7.70  8.05  7.59  6.79  5.97  5.36  4.96  3.93  2.80  1.92  1.62  1.09  0.36  0.22  0.15  0.10  0.05  0.03  0.03
 4 -55  0.04  0.13  0.22  0.43  0.87  1.31  2.20  4.48  6.46  7.65  8.22  7.93  7.23  6.41  5.94  5.70  4.39  2.74  1.63  1.35  0.83  0.29  0.18  0.14  0.08  0.04  0.03  0.03
 4 -50  0.04  0.12  0.21  0.41  0.83  1.25  2.09  4.26  6.36  7.68  8.46  8.27  7.73  6.90  6.58  6.45  4.80  2.65  1.39  1.09  0.60  0.22  0.14  0.10  0.06  0.04  0.03  0.03
 4 -45  0.04  0.12  0.20  0.39  0.79  1.18  1.99  4.06  6.05  7.40  8.44  8.67  8.31  7.57  6.90  6.35  4.64  2.51  1.34  1.02  0.51  0.17  0.11  0.08  0.05  0.03  0.03  0.03
 4 -40  0.04  0.11  0.19  0.37  0.75  1.13  1.90  3.89  5.75  7.16  8.47  9.05  8.87  8.23  7.05  6.16  4.50  2.39  1.25  0.94  0.45  0.14  0.10  0.06  0.04  0.03  0.03  0.03
 4 -35  0.04  0.11  0.18  0.35  0.71  1.07  1.79  3.65  5.38  6.66  8.19  9.13  9.19  8.69  7.26  6.19  4.31  2.19  1.06  0.80  0.37  0.13  0.07  0.05  0.03  0.03  0.03  0.03
 4 -30  0.03  0.10  0.17  0.34  0.68  1.02  1.72  3.49  5.16  6.43  8.05  9.29  9.50  9.13  7.50  6.28  4.17  1.99  0.89  0.66  0.29  0.09  0.05  0.03  0.03  0.03  0.03  0.03
 4 -25  0.03  0.10  0.16  0.33  0.66  0.99  1.66  3.37  4.89  6.12  7.90  9.39  9.85  9.58  7.82  6.61  4.17  1.86  0.69  0.50  0.20  0.05  0.03  0.03  0.03  0.03  0.03  0.03
 4 -20  0.03  0.09  0.16  0.31  0.63  0.94  1.59  3.23  4.86  6.17  7.81  9.29 10.11 10.23  8.24  6.93  4.21  1.63  0.49  0.34  0.11  0.04  0.02  0.02  0.02  0.03  0.03  0.03
 4 -15  0.03  0.09  0.15  0.31  0.62  0.93  1.56  3.19  4.68  5.71  7.44  9.33 10.18 10.27  8.33  7.03  4.15  1.53  0.45  0.31  0.11  0.03  0.02  0.02  0.02  0.02  0.03  0.02
 4 -10  0.03  0.09  0.15  0.30  0.61  0.92  1.54  3.16  4.43  5.46  7.01  8.95 10.01 10.37  8.38  7.17  4.19  1.46  0.44  0.30  0.12  0.03  0.02  0.02  0.02  0.02  0.02  0.02
 4  -5  0.03  0.09  0.15  0.30  0.60  0.91  1.53  3.14  4.39  5.36  7.06  8.79  9.87 10.29  8.29  7.14  4.17  1.47  0.43  0.30  0.13  0.02  0.02  0.02  0.02  0.02  0.02  0.02
 4   0  0.03  0.09  0.15  0.31  0.62  0.94  1.58  3.26  4.45  5.48  7.18  9.18 10.37 10.58  8.28  7.02  4.05  1.37  0.42  0.29  0.13  0.02  0.02  0.02  0.02  0.02  0.02  0.02
 4   5  0.03  0.09  0.15  0.30  0.61  0.92  1.55  3.18  4.53  5.41  7.23  8.98 10.04 10.37  8.13  7.01  4.19  1.47  0.58  0.38  0.14  0.03  0.02  0.02  0.02  0.02  0.03  0.02
 4  10  0.03  0.09  0.15  0.30  0.59  0.90  1.50  3.07  4.24  5.10  6.95  8.65  9.56  9.72  8.05  7.12  4.40  1.64  0.77  0.52  0.17  0.03  0.02  0.02  0.02  0.03  0.03  0.03
 4  15  0.03  0.09  0.15  0.30  0.59  0.90  1.50  3.06  4.45  5.38  7.27  8.71  9.24  9.29  7.76  6.86  4.34  1.76  0.86  0.59  0.19  0.03  0.03  0.03  0.03  0.03  0.03  0.03
 4  20  0.03  0.09  0.15  0.31  0.62  0.93  1.56  3.18  4.58  5.63  7.40  8.89  9.36  9.14  7.64  6.74  4.42  1.87  0.91  0.63  0.21  0.05  0.03  0.03  0.03  0.04  0.04  0.04
 4  25  0.03  0.09  0.15  0.31  0.62  0.93  1.56  3.18  4.66  5.70  7.39  8.76  9.04  8.75  7.50  6.69  4.56  2.20  1.05  0.78  0.32  0.08  0.05  0.04  0.04  0.04  0.04  0.04
 4  30  0.03  0.09  0.15  0.31  0.62  0.94  1.57  3.21  4.75  5.91  7.57  8.66  8.94  8.65  7.51  6.76  4.77  2.41  1.17  0.89  0.41  0.16  0.09  0.06  0.05  0.04  0.04  0.04
 4  35  0.03  0.09  0.16  0.31  0.63  0.95  1.59  3.24  4.88  6.07  7.88  8.78  8.98  8.59  7.52  6.78  4.79  2.71  1.40  1.08  0.58  0.34  0.15  0.08  0.06  0.04  0.04  0.04
 4  40  0.03  0.10  0.16  0.32  0.64  0.96  1.62  3.33  4.81  6.01  7.70  8.88  9.05  8.44  7.34  6.69  4.79  2.97  1.68  1.29  0.77  0.44  0.30  0.12  0.07  0.05  0.04  0.04
 4  45  0.03  0.09  0.16  0.31  0.63  0.95  1.60  3.27  4.90  6.15  8.03  8.96  8.83  8.28  7.25  6.53  4.92  3.22  1.81  1.48  0.94  0.53  0.38  0.16  0.09  0.05  0.05  0.04
 4  50  0.03  0.09  0.15  0.31  0.61  0.93  1.56  3.18  4.91  6.29  8.00  8.78  8.43  7.81  6.95  6.32  5.02  3.41  2.03  1.67  1.06  0.61  0.42  0.30  0.11  0.06  0.05  0.04
 4  55  0.03  0.09  0.15  0.31  0.62  0.93  1.56  3.19  4.89  6.23  7.91  8.54  8.15  7.49  6.64  6.05  5.12  3.62  2.25  1.88  1.24  0.69  0.48  0.33  0.13  0.06  0.05  0.04
 4  60  0.03  0.09  0.16  0.31  0.63  0.95  1.59  3.26  4.97  6.33  7.90  8.34  7.86  7.13  6.32  5.77  5.22  3.84  2.50  2.10  1.43  0.79  0.55  0.36  0.14  0.06  0.05  0.04
 4  65  0.03  0.09  0.16  0.32  0.63  0.96  1.61  3.28  4.96  6.30  7.72  7.99  7.46  6.74  6.10  5.66  5.10  3.88  2.70  2.28  1.59  0.93  0.66  0.41  0.14  0.07  0.05  0.04
 4  70  0.03  0.10  0.16  0.32  0.64  0.96  1.62  3.30  4.95  6.26  7.53  7.64  7.06  6.35  5.88  5.54  4.97  3.91  2.90  2.46  1.74  1.07  0.76  0.46  0.24  0.07  0.05  0.04
 4  75  0.03  0.10  0.16  0.33  0.65  0.98  1.65  3.36  4.91  6.16  7.20  7.18  6.61  5.98  5.68  5.45  4.92  3.98  3.01  2.57  1.87  1.14  0.78  0.46  0.23  0.07  0.05  0.04
 4  80  0.03  0.10  0.17  0.33  0.67  1.00  1.68  3.41  4.88  6.06  6.86  6.72  6.17  5.61  5.48  5.36  4.88  4.04  3.08  2.66  1.97  1.20  0.78  0.46  0.22  0.07  0.05  0.04
 4  85  0.03  0.10  0.17  0.33  0.66  1.00  1.68  3.40  4.86  6.03  6.83  6.69  6.14  5.60  5.47  5.35  4.88  4.04  3.08  2.66  1.97  1.20  0.78  0.46  0.22  0.07  0.05  0.04
 4  90  0.03  0.10  0.17  0.33  0.66  1.00  1.67  3.39  4.84  6.00  6.79  6.65  6.12  5.59  5.45  5.34  4.87  4.03  3.08  2.66  1.97  1.20  0.78  0.46  0.22  0.07  0.05  0.04
 5 -90  0.06  0.17  0.29  0.58  1.18  1.78  3.02  6.28  6.92  7.11  6.37  4.92  4.08  3.39  3.10  2.78  3.00  2.98  2.33  1.97  1.32  0.47  0.25  0.15  0.08  0.04  0.03  0.03
 5 -85  0.06  0.17  0.29  0.58  1.18  1.78  3.01  6.27  6.92  7.11  6.38  4.93  4.09  3.38  3.09  2.78  3.00  2.98  2.33  1.97  1.32  0.47  0.25  0.15  0.08  0.04  0.03  0.03
 5 -80  0.06  0.17  0.29  0.58  1.18  1.78  3.01  6.26  6.91  7.11  6.39  4.94  4.09  3.38  3.09  2.77  3.00  2.99  2.32  1.96  1.32  0.47  0.25  0.15  0.08  0.04  0.03  0.03
 5 -75  0.06  0.17  0.28  0.57  1.15  1.73  2.93  6.08  6.97  7.33  6.84  5.58  4.81  4.11  3.64  3.14  3.05  2.84  2.16  1.84  1.25  0.44  0.23  0.14  0.08  0.04  0.03  0.03
 5 -70  0.05  0.16  0.27  0.55  1.11  1.68  2.83  5.85  6.99  7.51  7.26  6.24  5.55  4.84  4.25  3.59  3.12  2.68  1.98  1.68  1.15  0.41  0.22  0.14  0.08  0.04  0.03  0.03
 5 -65  0.05  0.16  0.28  0.55  1.11  1.68  2.83  5.82  7.21  7.82  7.53  6.60  5.92  5.21  4.84  4.36  3.68  2.78  1.91  1.60  1.03  0.40  0.22  0.14  0.08  0.04  0.03  0.03
 5 -60  0.06  0.17  0.28  0.55  1.11  1.68  2.82  5.78  7.42  8.15  7.83  6.97  6.28  5.58  5.30  5.09  4.32  2.92  1.84  1.51  0.92  0.38  0.21  0.15  0.08  0.04  0.03  0.03
 5 -55  0.05  0.16  0.26  0.53  1.06  1.60  2.70  5.51  7.35  8.28  8.11  7.41  6.66  5.92  5.63  5.57  4.62  2.77  1.65  1.33  0.76  0.35  0.20  0.15  0.07  0.04  0.03  0.03
 5 -50  0.05  0.15  0.25  0.51  1.02  1.54  2.60  5.30  7.39  8.57  8.49  7.83  7.13  6.32  6.05  6.07  4.86  2.57  1.49  1.16  0.61  0.34  0.18  0.10  0.06  0.04  0.03  0.03
 5 -45  0.05  0.14  0.23  0.47  0.94  1.42  2.40  4.91  7.06  8.32  8.66  8.33  7.81  7.06  6.54  6.14  4.74  2.48  1.42  1.07  0.50  0.28  0.15  0.08  0.05  0.03  0.03  0.03
 5 -40  0.04  0.13  0.21  0.43  0.86  1.30  2.19  4.48  6.57  7.96  8.76  8.74  8.33  7.68  6.75  6.12  4.67  2.41  1.30  0.97  0.43  0.24  0.12  0.06  0.04  0.03  0.03  0.03
 5 -35  0.04  0.12  0.20  0.39  0.79  1.19  2.00  4.09  6.03  7.34  8.47  8.86  8.73  8.15  7.20  6.50  4.56  2.19  1.08  0.80  0.34  0.19  0.09  0.05  0.04  0.03  0.03  0.03
 5 -30  0.04  0.11  0.18  0.36  0.73  1.10  1.86  3.79  5.64  6.98  8.28  9.03  9.03  8.60  7.64  6.92  4.52  2.01  0.86  0.63  0.23  0.10  0.06  0.04  0.03  0.03  0.03  0.03
 5 -25  0.03  0.10  0.17  0.35  0.70  1.06  1.78  3.63  5.30  6.55  8.06  9.12  9.45  9.12  7.81  6.93  4.41  1.94  0.70  0.51  0.18  0.05  0.03  0.03  0.03  0.03  0.03  0.03
 5 -20  0.03  0.10  0.17  0.33  0.67  1.01  1.70  3.48  5.24  6.57  8.00  9.03  9.70  9.87  8.08  6.93  4.31  1.78  0.55  0.39  0.12  0.04  0.03  0.02  0.02  0.03  0.03  0.03
 5 -15  0.03  0.10  0.16  0.32  0.65  0.99  1.66  3.40  5.00  6.17  7.79  9.18  9.77  9.98  8.29  7.09  4.26  1.64  0.47  0.33  0.11  0.03  0.02  0.02  0.02  0.02  0.03  0.02
 5 -10  0.03  0.10  0.16  0.32  0.65  0.98  1.65  3.38  4.80  5.93  7.42  8.93  9.72 10.06  8.40  7.29  4.34  1.53  0.41  0.29  0.11  0.03  0.02  0.02  0.02  0.02  0.02  0.02
 5  -5  0.03  0.10  0.16  0.32  0.65  0.97  1.64  3.38  4.70  5.73  7.39  8.85  9.54  9.97  8.23  7.07  4.14  1.39  0.36  0.26  0.11  0.02  0.02  0.02  0.02  0.02  0.02  0.02
 5   0  0.03  0.09  0.16  0.32  0.64  0.96  1.62  3.34  4.65  5.69  7.40  9.10  9.85 10.16  8.08  6.75  3.86  1.15  0.32  0.22  0.11  0.02  0.02  0.02  0.02  0.02  0.02  0.02
 5   5  0.03  0.09  0.16  0.31  0.63  0.95  1.60  3.30  4.67  5.58  7.34  8.96  9.83 10.12  8.06  6.96  4.18  1.40  0.47  0.33  0.16  0.03  0.02  0.02  0.02  0.02  0.02  0.02
 5  10  0.03  0.09  0.15  0.30  0.61  0.92  1.54  3.15  4.30  5.18  7.00  8.66  9.56  9.70  8.11  7.30  4.58  1.69  0.67  0.48  0.22  0.03  0.02  0.02  0.02  0.03  0.03  0.03
 5  15  0.03  0.09  0.15  0.30  0.61  0.92  1.54  3.13  4.42  5.40  7.29  8.81  9.38  9.38  7.94  7.14  4.49  1.85  0.77  0.56  0.25  0.03  0.03  0.03  0.03  0.03  0.03  0.03
 5  20  0.03  0.09  0.15  0.31  0.62  0.94  1.58  3.22  4.55  5.57  7.33  8.98  9.53  9.21  7.89  7.11  4.45  1.97  0.83  0.60  0.28  0.05  0.03  0.03  0.03  0.04  0.04  0.03
 5  25  0.03  0.09  0.15  0.31  0.62  0.93  1.56  3.17  4.51  5.54  7.28  8.79  9.15  8.92  7.75  6.93  4.62  2.21  0.98  0.74  0.37  0.09  0.05  0.04  0.04  0.04  0.04  0.04
 5  30  0.03  0.09  0.15  0.30  0.61  0.91  1.53  3.12  4.56  5.60  7.36  8.62  9.01  8.85  7.69  6.86  4.86  2.39  1.13  0.88  0.45  0.16  0.08  0.05  0.05  0.04  0.04  0.04
 5  35  0.03  0.09  0.15  0.30  0.61  0.91  1.53  3.13  4.59  5.70  7.53  8.66  9.04  8.79  7.64  6.82  4.86  2.65  1.30  1.02  0.57  0.32  0.12  0.07  0.05  0.05  0.04  0.04
 5  40  0.03  0.09  0.15  0.30  0.61  0.92  1.55  3.17  4.45  5.53  7.17  8.63  9.09  8.71  7.47  6.71  4.87  2.87  1.51  1.19  0.72  0.41  0.19  0.10  0.07  0.05  0.04  0.04
 5  45  0.03  0.09  0.15  0.29  0.59  0.89  1.50  3.07  4.49  5.57  7.42  8.67  8.89  8.48  7.32  6.56  4.88  3.02  1.64  1.36  0.89  0.49  0.35  0.14  0.08  0.05  0.05  0.04
 5  50  0.03  0.08  0.14  0.28  0.56  0.85  1.43  2.92  4.38  5.52  7.28  8.45  8.52  8.07  7.06  6.35  4.84  3.13  1.85  1.55  1.01  0.58  0.40  0.18  0.10  0.06  0.05  0.04
 5  55  0.03  0.08  0.14  0.27  0.55  0.83  1.39  2.84  4.24  5.33  7.10  8.19  8.22  7.69  6.69  6.03  4.82  3.26  2.02  1.71  1.12  0.64  0.46  0.31  0.12  0.06  0.05  0.04
 5  60  0.03  0.08  0.14  0.27  0.55  0.83  1.40  2.85  4.23  5.33  7.03  8.01  7.93  7.28  6.35  5.73  4.78  3.40  2.22  1.87  1.24  0.72  0.53  0.35  0.13  0.07  0.05  0.04
 5  65  0.03  0.08  0.13  0.27  0.54  0.81  1.36  2.79  4.13  5.20  6.84  7.66  7.47  6.77  5.85  5.23  4.41  3.39  2.40  2.04  1.41  0.83  0.62  0.41  0.14  0.07  0.05  0.04
 5  70  0.03  0.08  0.13  0.26  0.53  0.79  1.33  2.72  4.03  5.07  6.65  7.31  7.01  6.26  5.36  4.73  4.04  3.37  2.57  2.21  1.58  0.94  0.71  0.47  0.30  0.07  0.05  0.05
 5  75  0.03  0.08  0.13  0.26  0.53  0.79  1.33  2.71  4.05  5.11  6.63  7.04  6.60  5.80  5.14  4.67  4.13  3.44  2.62  2.26  1.63  0.98  0.72  0.47  0.29  0.07  0.05  0.05
 5  80  0.03  0.08  0.13  0.26  0.53  0.79  1.33  2.70  4.07  5.14  6.61  6.78  6.19  5.34  4.92  4.62  4.23  3.51  2.66  2.29  1.66  1.00  0.72  0.46  0.28  0.08  0.05  0.05
 5  85  0.03  0.08  0.13  0.26  0.53  0.79  1.32  2.69  4.05  5.12  6.58  6.74  6.17  5.33  4.91  4.61  4.23  3.51  2.65  2.29  1.66  1.00  0.72  0.46  0.28  0.08  0.05  0.05
 5  90  0.03  0.08  0.13  0.26  0.53  0.79  1.32  2.68  4.03  5.09  6.54  6.71  6.14  5.31  4.89  4.59  4.22  3.51  2.65  2.29  1.66  1.00  0.72  0.46  0.28  0.08  0.05  0.04
 6 -90  0.06  0.18  0.30  0.59  1.20  1.81  3.08  6.43  7.17  7.49  6.72  5.03  4.29  3.90  3.41  3.12  3.01  2.92  2.17  1.89  1.36  0.48  0.21  0.12  0.06  0.03  0.03  0.03
 6 -85  0.06  0.18  0.30  0.59  1.20  1.81  3.08  6.42  7.17  7.49  6.73  5.04  4.29  3.89  3.41  3.12  3.01  2.92  2.17  1.89  1.36  0.48  0.21  0.13  0.07  0.03  0.03  0.03
 6 -80  0.06  0.18  0.30  0.59  1.20  1.81  3.07  6.42  7.16  7.49  6.73  5.05  4.30  3.89  3.41  3.12  3.01  2.92  2.17  1.88  1.36  0.48  0.21  0.13  0.07  0.03  0.03  0.03
 6 -75  0.06  0.18  0.29  0.59  1.19  1.80  3.06  6.36  7.17  7.57  7.09  5.59  4.87  4.32  3.77  3.33  3.11  2.90  2.11  1.84  1.36  0.48  0.21  0.13  0.07  0.04  0.03  0.03
 6 -70  0.06  0.17  0.29  0.58  1.18  1.78  3.01  6.25  7.17  7.63  7.40  6.15  5.45  4.78  4.20  3.63  3.23  2.86  2.05  1.77  1.32  0.47  0.20  0.13  0.07  0.04  0.03  0.03
 6 -65  0.06  0.17  0.29  0.58  1.16  1.75  2.96  6.11  7.22  7.79  7.50  6.37  5.68  4.98  4.69  4.28  3.69  2.90  2.01  1.69  1.20  0.47  0.24  0.14  0.07  0.04  0.03  0.03
 6 -60  0.06  0.17  0.28  0.57  1.14  1.72  2.90  5.96  7.26  7.90  7.56  6.58  5.90  5.20  5.10  4.88  4.18  2.99  1.96  1.63  1.09  0.46  0.26  0.14  0.07  0.04  0.03  0.03
 6 -55  0.05  0.16  0.27  0.55  1.11  1.67  2.81  5.75  7.38  8.16  7.81  6.94  6.19  5.49  5.40  5.41  4.51  2.90  1.75  1.44  0.91  0.39  0.27  0.13  0.07  0.04  0.03  0.03
 6 -50  0.05  0.16  0.27  0.55  1.10  1.66  2.79  5.70  7.63  8.67  8.16  7.33  6.60  5.86  5.76  5.96  4.79  2.70  1.54  1.24  0.74  0.34  0.27  0.11  0.06  0.03  0.03  0.03
 6 -45  0.05  0.15  0.25  0.50  1.01  1.52  2.56  5.24  7.37  8.57  8.58  8.02  7.46  6.74  6.28  5.98  4.71  2.60  1.46  1.16  0.65  0.31  0.24  0.09  0.05  0.03  0.03  0.03
 6 -40  0.04  0.13  0.22  0.45  0.90  1.36  2.28  4.68  6.85  8.22  8.80  8.51  8.00  7.36  6.45  5.94  4.69  2.52  1.36  1.07  0.59  0.27  0.20  0.08  0.05  0.03  0.03  0.03
 6 -35  0.04  0.12  0.20  0.41  0.82  1.23  2.07  4.24  6.22  7.53  8.47  8.67  8.47  7.87  6.94  6.30  4.73  2.29  1.12  0.87  0.47  0.22  0.12  0.07  0.04  0.03  0.03  0.03
 6 -30  0.04  0.11  0.18  0.37  0.74  1.12  1.88  3.84  5.74  7.07  8.24  8.83  8.78  8.32  7.35  6.68  4.84  2.14  0.88  0.68  0.32  0.15  0.07  0.05  0.04  0.03  0.03  0.03
 6 -25  0.04  0.11  0.18  0.36  0.72  1.09  1.83  3.74  5.48  6.71  8.05  8.87  9.15  8.77  7.58  6.82  4.66  1.98  0.71  0.53  0.23  0.06  0.04  0.03  0.03  0.03  0.03  0.03
 6 -20  0.03  0.10  0.17  0.35  0.70  1.06  1.79  3.66  5.49  6.79  8.07  8.80  9.30  9.46  7.90  6.95  4.46  1.77  0.54  0.39  0.13  0.04  0.03  0.03  0.03  0.03  0.03  0.03
 6 -15  0.03  0.10  0.17  0.34  0.68  1.03  1.73  3.56  5.25  6.54  8.08  9.06  9.42  9.64  8.08  6.91  4.21  1.64  0.49  0.36  0.13  0.03  0.02  0.02  0.02  0.03  0.03  0.03
 6 -10  0.03  0.10  0.17  0.34  0.68  1.03  1.73  3.56  5.12  6.36  7.84  8.98  9.45  9.64  8.09  6.91  4.11  1.55  0.47  0.35  0.13  0.03  0.02  0.02  0.02  0.02  0.03  0.03
 6  -5  0.03  0.10  0.17  0.34  0.68  1.02  1.73  3.57  4.98  6.09  7.76  8.99  9.26  9.54  8.23  7.14  4.25  1.54  0.43  0.32  0.13  0.03  0.02  0.02  0.02  0.02  0.02  0.02
 6   0  0.03  0.10  0.16  0.32  0.65  0.98  1.65  3.39  4.80  5.84  7.60  9.05  9.33  9.58  8.33  7.29  4.34  1.45  0.39  0.29  0.14  0.03  0.02  0.02  0.02  0.02  0.02  0.02
 6   5  0.03  0.10  0.16  0.32  0.65  0.98  1.65  3.40  4.80  5.79  7.50  9.02  9.62  9.74  8.23  7.30  4.49  1.59  0.48  0.35  0.18  0.03  0.02  0.02  0.02  0.02  0.02  0.02
 6  10  0.03  0.09  0.16  0.31  0.63  0.94  1.59  3.24  4.44  5.39  7.17  8.78  9.58  9.64  8.18  7.43  4.74  1.73  0.63  0.46  0.22  0.03  0.02  0.02  0.02  0.03  0.03  0.02
 6  15  0.03  0.09  0.16  0.31  0.63  0.95  1.59  3.24  4.50  5.55  7.41  8.96  9.53  9.46  7.96  7.15  4.67  1.88  0.71  0.54  0.25  0.04  0.03  0.03  0.03  0.03  0.03  0.03
 6  20  0.03  0.10  0.16  0.32  0.64  0.97  1.63  3.32  4.64  5.69  7.41  9.06  9.64  9.27  7.83  6.97  4.59  1.97  0.77  0.56  0.27  0.05  0.03  0.03  0.03  0.04  0.03  0.03
 6  25  0.03  0.09  0.16  0.31  0.63  0.95  1.59  3.24  4.52  5.56  7.34  8.86  9.23  9.03  7.87  7.00  4.69  2.11  0.84  0.63  0.31  0.08  0.04  0.04  0.04  0.04  0.04  0.03
 6  30  0.03  0.09  0.15  0.30  0.61  0.92  1.54  3.14  4.52  5.50  7.29  8.62  9.05  8.93  7.91  7.13  4.83  2.25  0.92  0.72  0.36  0.12  0.06  0.05  0.04  0.04  0.04  0.03
 6  35  0.03  0.09  0.15  0.30  0.61  0.91  1.53  3.13  4.51  5.55  7.36  8.58  8.99  8.82  7.72  6.90  4.77  2.53  1.15  0.90  0.47  0.18  0.09  0.06  0.05  0.04  0.04  0.04
 6  40  0.03  0.09  0.15  0.30  0.60  0.91  1.52  3.12  4.32  5.33  6.94  8.44  8.96  8.73  7.47  6.65  4.77  2.79  1.40  1.10  0.60  0.33  0.14  0.08  0.06  0.05  0.04  0.04
 6  45  0.03  0.09  0.14  0.29  0.58  0.87  1.47  3.01  4.32  5.33  7.05  8.34  8.69  8.36  7.21  6.46  4.79  2.89  1.52  1.26  0.80  0.41  0.28  0.11  0.07  0.05  0.05  0.04
 6  50  0.03  0.08  0.13  0.27  0.54  0.82  1.38  2.81  4.16  5.19  6.85  8.06  8.31  7.95  6.95  6.23  4.76  2.96  1.71  1.44  0.94  0.51  0.35  0.15  0.09  0.06  0.05  0.04
 6  55  0.03  0.08  0.13  0.26  0.52  0.78  1.32  2.69  3.93  4.88  6.53  7.69  7.92  7.49  6.53  5.89  4.56  3.01  1.83  1.55  1.02  0.56  0.40  0.18  0.10  0.06  0.05  0.04
 6  60  0.03  0.08  0.13  0.26  0.51  0.78  1.30  2.66  3.86  4.80  6.38  7.45  7.58  7.04  6.17  5.58  4.34  3.06  1.97  1.66  1.09  0.61  0.47  0.30  0.11  0.06  0.05  0.04
 6  65  0.02  0.07  0.12  0.25  0.50  0.75  1.26  2.56  3.72  4.64  6.20  7.16  7.18  6.54  5.64  5.02  3.96  2.99  2.10  1.79  1.22  0.69  0.54  0.34  0.12  0.07  0.05  0.04
 6  70  0.02  0.07  0.12  0.24  0.48  0.72  1.21  2.46  3.59  4.48  6.03  6.86  6.77  6.04  5.11  4.46  3.59  2.92  2.23  1.92  1.35  0.76  0.62  0.39  0.14  0.07  0.05  0.04
 6  75  0.02  0.07  0.11  0.23  0.46  0.69  1.17  2.37  3.51  4.41  6.03  6.73  6.49  5.68  4.86  4.28  3.59  2.94  2.28  1.98  1.42  0.80  0.64  0.41  0.15  0.07  0.05  0.04
 6  80  0.02  0.07  0.11  0.22  0.44  0.67  1.12  2.28  3.43  4.34  6.02  6.60  6.22  5.32  4.60  4.09  3.62  2.96  2.32  2.03  1.47  0.82  0.66  0.42  0.25  0.07  0.05  0.04
 6  85  0.02  0.07  0.11  0.22  0.44  0.67  1.12  2.27  3.41  4.31  5.98  6.56  6.19  5.31  4.59  4.08  3.61  2.96  2.32  2.03  1.47  0.82  0.66  0.42  0.25  0.08  0.05  0.04
 6  90  0.02  0.07  0.11  0.22  0.44  0.67  1.12  2.26  3.39  4.29  5.94  6.53  6.17  5.29  4.58  4.07  3.60  2.96  2.32  2.03  1.47  0.82  0.66  0.42  0.25  0.08  0.05  0.04
 7 -90  0.05  0.16  0.27  0.53  1.08  1.64  2.78  5.85  6.68  7.09  6.56  5.21  4.49  4.19  3.56  3.24  3.17  2.78  2.15  1.85  1.27  0.50  0.26  0.12  0.06  0.03  0.03  0.02
 7 -85  0.05  0.16  0.27  0.53  1.08  1.64  2.78  5.84  6.67  7.09  6.57  5.21  4.49  4.18  3.55  3.24  3.17  2.78  2.14  1.85  1.27  0.50  0.27  0.12  0.06  0.03  0.03  0.03
 7 -80  0.05  0.16  0.27  0.53  1.08  1.64  2.78  5.83  6.66  7.09  6.58  5.22  4.50  4.18  3.55  3.24  3.17  2.78  2.14  1.84  1.27  0.50  0.27  0.12  0.06  0.03  0.03  0.03
 7 -75  0.05  0.15  0.25  0.50  1.01  1.53  2.60  5.44  6.40  6.92  6.79  5.68  5.09  4.67  3.86  3.34  3.05  2.76  2.12  1.84  1.30  0.51  0.28  0.12  0.06  0.03  0.03  0.03
 7 -70  0.05  0.14  0.23  0.46  0.93  1.40  2.38  4.97  6.11  6.72  6.94  6.17  5.71  5.12  4.24  3.52  2.98  2.72  2.08  1.80  1.31  0.51  0.29  0.12  0.06  0.03  0.03  0.03
 7 -65  0.05  0.14  0.23  0.47  0.94  1.43  2.41  5.01  6.37  7.07  7.24  6.36  5.76  5.04  4.69  4.26  3.64  2.81  2.01  1.72  1.24  0.49  0.25  0.13  0.06  0.04  0.03  0.03
 7 -60  0.05  0.14  0.24  0.47  0.95  1.44  2.43  5.00  6.58  7.36  7.46  6.56  5.82  5.02  5.10  4.96  4.30  2.95  1.94  1.65  1.18  0.46  0.28  0.14  0.07  0.04  0.03  0.03
 7 -55  0.05  0.14  0.23  0.46  0.92  1.38  2.33  4.75  6.60  7.52  7.69  6.99  6.14  5.34  5.47  5.57  4.63  2.94  1.78  1.48  0.97  0.39  0.27  0.14  0.07  0.04  0.03  0.03
 7 -50  0.05  0.14  0.23  0.46  0.92  1.38  2.32  4.72  6.74  7.93  8.04  7.42  6.59  5.72  5.83  6.19  4.92  2.81  1.60  1.30  0.78  0.33  0.27  0.13  0.07  0.04  0.03  0.03
 7 -45  0.04  0.13  0.22  0.44  0.89  1.34  2.25  4.60  6.73  7.98  8.48  8.10  7.54  6.75  6.39  6.22  4.91  2.80  1.56  1.25  0.69  0.30  0.23  0.12  0.06  0.03  0.03  0.03
 7 -40  0.04  0.12  0.21  0.42  0.84  1.26  2.12  4.33  6.39  7.77  8.61  8.51  8.02  7.41  6.60  6.20  4.96  2.81  1.53  1.20  0.64  0.26  0.20  0.11  0.06  0.03  0.03  0.03
 7 -35  0.04  0.12  0.19  0.39  0.78  1.18  1.99  4.06  5.98  7.27  8.34  8.63  8.46  7.88  6.90  6.28  4.85  2.56  1.32  1.03  0.52  0.22  0.16  0.09  0.05  0.03  0.03  0.03
 7 -30  0.04  0.11  0.18  0.37  0.74  1.11  1.86  3.80  5.67  6.97  8.18  8.75  8.72  8.25  7.09  6.33  4.81  2.43  1.10  0.84  0.38  0.16  0.07  0.05  0.04  0.03  0.03  0.03
 7 -25  0.04  0.11  0.18  0.36  0.73  1.10  1.85  3.78  5.57  6.79  8.08  8.78  9.01  8.59  7.34  6.58  4.67  2.16  0.87  0.65  0.27  0.06  0.04  0.03  0.03  0.03  0.03  0.03
 7 -20  0.04  0.11  0.18  0.36  0.72  1.09  1.84  3.78  5.67  6.94  8.22  8.78  9.12  9.16  7.69  6.83  4.48  1.89  0.65  0.47  0.16  0.04  0.03  0.03  0.03  0.03  0.03  0.03
 7 -15  0.03  0.10  0.17  0.34  0.69  1.05  1.76  3.63  5.40  6.80  8.34  9.11  9.33  9.49  8.07  6.95  4.14  1.67  0.56  0.41  0.16  0.03  0.03  0.02  0.02  0.03  0.03  0.03
 7 -10  0.03  0.10  0.17  0.34  0.69  1.04  1.75  3.61  5.29  6.61  8.17  9.17  9.44  9.45  8.21  7.10  3.95  1.50  0.50  0.38  0.15  0.03  0.02  0.02  0.02  0.02  0.03  0.03
 7  -5  0.03  0.10  0.17  0.34  0.69  1.03  1.75  3.61  5.09  6.25  8.04  9.25  9.26  9.34  8.25  7.08  4.15  1.54  0.49  0.37  0.16  0.03  0.02  0.02  0.02  0.02  0.02  0.02
 7   0  0.03  0.10  0.16  0.32  0.64  0.96  1.62  3.34  4.77  5.80  7.65  9.08  9.07  9.22  8.17  7.01  4.32  1.54  0.48  0.36  0.17  0.03  0.02  0.02  0.02  0.02  0.02  0.02
 7   5  0.03  0.10  0.16  0.33  0.65  0.99  1.66  3.41  4.83  5.88  7.61  9.21  9.59  9.54  8.25  7.22  4.52  1.71  0.57  0.42  0.20  0.03  0.02  0.02  0.02  0.02  0.02  0.02
 7  10  0.03  0.09  0.16  0.32  0.63  0.96  1.61  3.28  4.58  5.59  7.38  9.03  9.76  9.73  8.33  7.52  4.80  1.87  0.72  0.53  0.23  0.03  0.02  0.02  0.02  0.02  0.02  0.02
 7  15  0.03  0.10  0.16  0.32  0.64  0.97  1.63  3.32  4.62  5.75  7.58  9.20  9.79  9.67  8.17  7.35  4.84  1.98  0.79  0.59  0.24  0.03  0.03  0.03  0.03  0.03  0.03  0.02
 7  20  0.03  0.10  0.16  0.33  0.66  1.00  1.68  3.43  4.83  5.93  7.64  9.21  9.80  9.41  8.04  7.24  4.80  2.05  0.83  0.59  0.25  0.04  0.03  0.03  0.03  0.03  0.03  0.03
 7  25  0.03  0.10  0.16  0.32  0.65  0.97  1.63  3.33  4.65  5.76  7.61  9.03  9.39  9.19  7.91  6.99  4.71  2.16  0.90  0.64  0.27  0.06  0.04  0.04  0.04  0.04  0.04  0.03
 7  30  0.03  0.09  0.16  0.32  0.63  0.95  1.60  3.25  4.65  5.64  7.47  8.76  9.16  9.01  7.78  6.82  4.65  2.33  0.97  0.73  0.30  0.09  0.05  0.04  0.04  0.04  0.04  0.03
 7  35  0.03  0.09  0.16  0.31  0.63  0.94  1.59  3.23  4.63  5.66  7.46  8.67  9.01  8.82  7.63  6.70  4.60  2.49  1.13  0.86  0.39  0.12  0.06  0.05  0.05  0.04  0.04  0.03
 7  40  0.03  0.09  0.15  0.31  0.61  0.93  1.56  3.18  4.41  5.46  7.09  8.44  8.89  8.67  7.44  6.60  4.63  2.66  1.30  1.02  0.52  0.18  0.09  0.06  0.05  0.05  0.04  0.04
 7  45  0.03  0.09  0.15  0.30  0.59  0.90  1.51  3.09  4.39  5.42  7.05  8.19  8.50  8.17  7.06  6.34  4.64  2.74  1.42  1.16  0.72  0.33  0.14  0.09  0.06  0.05  0.04  0.04
 7  50  0.03  0.08  0.14  0.28  0.56  0.84  1.41  2.88  4.22  5.25  6.80  7.88  8.10  7.74  6.78  6.08  4.62  2.81  1.57  1.31  0.85  0.44  0.30  0.12  0.08  0.05  0.05  0.04
 7  55  0.03  0.08  0.13  0.26  0.53  0.79  1.33  2.71  3.94  4.87  6.42  7.45  7.65  7.22  6.27  5.61  4.39  2.80  1.66  1.42  0.95  0.50  0.36  0.15  0.09  0.06  0.05  0.04
 7  60  0.03  0.08  0.13  0.26  0.51  0.77  1.30  2.65  3.83  4.75  6.24  7.19  7.30  6.76  5.84  5.20  4.14  2.77  1.78  1.52  1.04  0.56  0.42  0.17  0.10  0.06  0.05  0.04
 7  65  0.02  0.07  0.12  0.25  0.49  0.74  1.25  2.54  3.67  4.55  6.03  6.85  6.85  6.22  5.26  4.59  3.67  2.67  1.86  1.61  1.13  0.60  0.47  0.29  0.11  0.06  0.05  0.04
 7  70  0.02  0.07  0.12  0.24  0.47  0.71  1.19  2.42  3.51  4.37  5.81  6.51  6.40  5.67  4.67  3.97  3.21  2.56  1.94  1.70  1.22  0.64  0.51  0.33  0.12  0.06  0.05  0.04
 7  75  0.02  0.07  0.11  0.22  0.45  0.68  1.14  2.31  3.41  4.28  5.78  6.33  6.08  5.28  4.40  3.78  3.14  2.56  2.00  1.75  1.25  0.65  0.53  0.35  0.13  0.07  0.05  0.04
 7  80  0.02  0.06  0.11  0.21  0.43  0.65  1.08  2.20  3.31  4.19  5.73  6.15  5.75  4.88  4.12  3.58  3.10  2.59  2.06  1.80  1.28  0.66  0.55  0.36  0.14  0.07  0.05  0.04
 7  85  0.02  0.06  0.11  0.21  0.43  0.65  1.08  2.19  3.29  4.17  5.70  6.11  5.73  4.86  4.11  3.57  3.10  2.59  2.06  1.80  1.28  0.66  0.55  0.35  0.14  0.07  0.05  0.04
 7  90  0.02  0.06  0.11  0.21  0.43  0.64  1.08  2.18  3.27  4.14  5.66  6.08  5.70  4.85  4.09  3.56  3.09  2.58  2.06  1.80  1.28  0.66  0.55  0.35  0.15  0.07  0.05  0.04
 8 -90  0.04  0.12  0.21  0.42  0.84  1.27  2.16  4.53  5.76  6.35  6.74  6.14  5.64  5.05  3.87  3.07  3.28  3.10  2.38  2.01  1.34  0.52  0.28  0.12  0.06  0.03  0.03  0.02
 8 -85  0.04  0.12  0.21  0.42  0.84  1.27  2.16  4.53  5.75  6.35  6.75  6.15  5.65  5.05  3.87  3.07  3.28  3.10  2.38  2.01  1.34  0.52  0.28  0.12  0.06  0.03  0.03  0.03
 8 -80  0.04  0.12  0.21  0.42  0.84  1.27  2.16  4.52  5.75  6.35  6.75  6.16  5.65  5.04  3.86  3.06  3.28  3.11  2.38  2.00  1.34  0.52  0.29  0.12  0.06  0.03  0.03  0.03
 8 -75  0.04  0.12  0.21  0.42  0.84  1.27  2.16  4.49  5.81  6.44  6.86  6.14  5.62  5.04  4.07  3.34  3.39  3.15  2.41  2.04  1.41  0.55  0.31  0.13  0.07  0.04  0.03  0.03
 8 -70  0.04  0.12  0.21  0.41  0.83  1.25  2.12  4.38  5.81  6.49  6.95  6.18  5.62  4.99  4.31  3.65  3.46  3.13  2.39  2.04  1.44  0.56  0.32  0.13  0.07  0.04  0.03  0.03
 8 -65  0.04  0.12  0.20  0.40  0.80  1.20  2.03  4.16  5.79  6.58  7.20  6.61  5.91  5.15  4.83  4.41  3.93  3.15  2.21  1.87  1.30  0.52  0.34  0.14  0.07  0.04  0.03  0.03
 8 -60  0.04  0.12  0.19  0.39  0.78  1.17  1.97  4.01  5.75  6.69  7.44  7.02  6.21  5.36  5.33  5.16  4.39  3.21  2.04  1.71  1.15  0.48  0.30  0.15  0.07  0.04  0.03  0.03
 8 -55  0.04  0.11  0.19  0.38  0.77  1.16  1.93  3.92  5.74  6.90  7.70  7.54  6.70  5.83  5.61  5.59  4.71  3.25  1.87  1.56  1.00  0.41  0.29  0.15  0.07  0.04  0.03  0.03
 8 -50  0.04  0.12  0.19  0.39  0.78  1.17  1.96  3.96  5.95  7.22  8.08  8.01  7.25  6.26  5.94  6.05  5.08  3.22  1.72  1.41  0.87  0.36  0.28  0.15  0.07  0.04  0.03  0.03
 8 -45  0.04  0.12  0.20  0.39  0.79  1.19  2.00  4.07  6.11  7.36  8.46  8.49  8.01  7.18  6.47  6.14  5.08  3.15  1.67  1.37  0.80  0.34  0.26  0.14  0.07  0.04  0.03  0.03
 8 -40  0.04  0.12  0.19  0.39  0.78  1.18  1.98  4.04  5.91  7.35  8.50  8.72  8.29  7.66  6.67  6.16  5.11  3.08  1.66  1.34  0.78  0.31  0.24  0.12  0.06  0.04  0.03  0.03
 8 -35  0.04  0.11  0.19  0.37  0.75  1.13  1.90  3.88  5.71  7.00  8.32  8.78  8.63  8.00  6.93  6.26  4.94  2.79  1.43  1.14  0.63  0.25  0.19  0.10  0.06  0.04  0.03  0.03
 8 -30  0.04  0.11  0.18  0.36  0.72  1.08  1.81  3.69  5.54  6.84  8.23  8.90  8.82  8.22  7.04  6.32  4.83  2.61  1.17  0.92  0.45  0.19  0.08  0.06  0.05  0.04  0.03  0.03
 8 -25  0.04  0.11  0.18  0.36  0.72  1.08  1.81  3.71  5.52  6.76  8.18  8.95  9.11  8.56  7.28  6.53  4.70  2.26  0.91  0.69  0.31  0.06  0.04  0.04  0.03  0.03  0.03  0.03
 8 -20  0.04  0.11  0.18  0.35  0.71  1.07  1.81  3.71  5.60  6.84  8.30  9.06  9.32  9.14  7.63  6.75  4.53  1.97  0.63  0.46  0.16  0.04  0.03  0.03  0.03  0.03  0.03  0.03
 8 -15  0.03  0.10  0.17  0.34  0.68  1.02  1.72  3.53  5.30  6.73  8.38  9.34  9.61  9.62  8.12  6.92  4.16  1.73  0.58  0.41  0.14  0.03  0.03  0.02  0.02  0.03  0.03  0.03
 8 -10  0.03  0.10  0.16  0.33  0.66  1.00  1.69  3.47  5.14  6.45  8.17  9.41  9.71  9.59  8.33  7.13  3.94  1.53  0.53  0.38  0.12  0.03  0.02  0.02  0.02  0.03  0.03  0.03
 8  -5  0.03  0.10  0.16  0.33  0.66  1.00  1.68  3.47  4.93  6.07  8.02  9.52  9.54  9.48  8.50  7.25  4.11  1.57  0.52  0.38  0.13  0.03  0.02  0.02  0.02  0.02  0.03  0.03
 8   0  0.03  0.09  0.15  0.30  0.61  0.92  1.55  3.18  4.53  5.49  7.43  9.13  9.14  9.23  8.50  7.36  4.27  1.61  0.51  0.37  0.14  0.03  0.02  0.02  0.02  0.02  0.03  0.02
 8   5  0.03  0.09  0.16  0.32  0.64  0.96  1.62  3.31  4.69  5.73  7.53  9.42  9.75  9.61  8.54  7.44  4.48  1.73  0.60  0.42  0.16  0.03  0.02  0.02  0.02  0.02  0.02  0.02
 8  10  0.03  0.09  0.16  0.31  0.63  0.94  1.58  3.23  4.59  5.64  7.44  9.29 10.04  9.97  8.55  7.58  4.77  1.84  0.72  0.52  0.20  0.03  0.02  0.02  0.02  0.02  0.02  0.02
 8  15  0.03  0.10  0.16  0.32  0.64  0.96  1.62  3.31  4.66  5.86  7.66  9.44 10.10  9.97  8.37  7.43  4.81  1.92  0.79  0.58  0.21  0.03  0.02  0.02  0.03  0.03  0.03  0.02
 8  20  0.03  0.10  0.16  0.33  0.66  1.00  1.68  3.45  4.97  6.16  7.86  9.38  9.99  9.62  8.15  7.29  4.75  2.00  0.83  0.59  0.23  0.04  0.03  0.03  0.03  0.03  0.03  0.03
 8  25  0.03  0.10  0.16  0.32  0.65  0.98  1.65  3.35  4.79  6.02  7.93  9.26  9.60  9.37  7.98  7.04  4.66  2.10  0.88  0.63  0.24  0.05  0.04  0.03  0.03  0.04  0.04  0.03
 8  30  0.03  0.10  0.16  0.32  0.65  0.98  1.64  3.33  4.81  5.91  7.77  9.00  9.36  9.11  7.82  6.84  4.59  2.26  0.94  0.70  0.28  0.07  0.04  0.04  0.04  0.04  0.04  0.03
 8  35  0.03  0.10  0.16  0.32  0.65  0.97  1.63  3.32  4.83  5.93  7.74  8.87  9.10  8.85  7.64  6.67  4.52  2.34  1.04  0.79  0.35  0.09  0.05  0.04  0.04  0.04  0.04  0.03
 8  40  0.03  0.09  0.16  0.32  0.64  0.96  1.61  3.28  4.62  5.78  7.48  8.60  8.90  8.59  7.40  6.57  4.57  2.48  1.18  0.93  0.46  0.13  0.07  0.06  0.05  0.04  0.04  0.04
 8  45  0.03  0.09  0.15  0.31  0.62  0.94  1.58  3.23  4.63  5.75  7.34  8.23  8.37  7.97  6.91  6.22  4.48  2.56  1.36  1.11  0.68  0.29  0.11  0.07  0.06  0.05  0.04  0.04
 8  50  0.03  0.09  0.15  0.30  0.60  0.90  1.51  3.09  4.53  5.63  7.11  7.93  7.96  7.49  6.56  5.92  4.37  2.66  1.54  1.28  0.82  0.39  0.25  0.10  0.07  0.05  0.04  0.04
 8  55  0.03  0.08  0.14  0.28  0.56  0.85  1.42  2.89  4.24  5.28  6.73  7.48  7.44  6.90  6.06  5.50  4.12  2.69  1.65  1.39  0.90  0.45  0.29  0.12  0.08  0.05  0.05  0.04
 8  60  0.03  0.08  0.14  0.27  0.55  0.83  1.38  2.82  4.14  5.18  6.60  7.24  7.09  6.43  5.65  5.14  3.83  2.68  1.78  1.49  0.96  0.47  0.32  0.15  0.09  0.06  0.05  0.04
 8  65  0.03  0.08  0.13  0.26  0.53  0.80  1.34  2.73  4.01  5.01  6.35  6.80  6.53  5.79  5.04  4.54  3.46  2.57  1.82  1.55  1.03  0.50  0.36  0.22  0.09  0.06  0.05  0.04
 8  70  0.03  0.08  0.13  0.26  0.51  0.77  1.30  2.64  3.87  4.85  6.10  6.35  5.96  5.15  4.43  3.94  3.09  2.45  1.87  1.61  1.09  0.54  0.40  0.25  0.10  0.06  0.05  0.04
 8  75  0.03  0.08  0.13  0.25  0.51  0.76  1.28  2.59  3.81  4.76  5.86  5.83  5.31  4.49  3.95  3.59  3.00  2.40  1.90  1.65  1.12  0.56  0.41  0.26  0.11  0.06  0.05  0.04
 8  80  0.02  0.07  0.12  0.25  0.50  0.75  1.25  2.54  3.73  4.67  5.61  5.30  4.66  3.82  3.46  3.23  2.95  2.40  1.94  1.69  1.16  0.58  0.42  0.27  0.12  0.06  0.05  0.04
 8  85  0.02  0.07  0.12  0.25  0.50  0.75  1.25  2.53  3.71  4.65  5.57  5.27  4.63  3.81  3.45  3.22  2.94  2.40  1.94  1.69  1.16  0.58  0.42  0.27  0.12  0.06  0.05  0.04
 8  90  0.02  0.07  0.12  0.25  0.50  0.75  1.25  2.52  3.69  4.62  5.54  5.23  4.60  3.79  3.44  3.20  2.93  2.39  1.93  1.69  1.16  0.58  0.42  0.27  0.12  0.06  0.05  0.04
 9 -90  0.04  0.11  0.18  0.37  0.74  1.11  1.88  3.88  5.59  6.43  6.72  5.84  5.29  4.82  4.16  3.57  3.78  3.30  2.43  2.02  1.38  0.56  0.31  0.13  0.06  0.03  0.03  0.03
 9 -85  0.04  0.11  0.18  0.37  0.74  1.11  1.88  3.88  5.59  6.43  6.73  5.85  5.29  4.82  4.16  3.56  3.78  3.31  2.42  2.02  1.38  0.56  0.32  0.13  0.07  0.04  0.03  0.03
 9 -80  0.04  0.11  0.18  0.37  0.74  1.11  1.88  3.87  5.58  6.43  6.74  5.85  5.30  4.81  4.15  3.56  3.78  3.31  2.42  2.02  1.38  0.56  0.33  0.14  0.07  0.04  0.03  0.03
 9 -75  0.04  0.11  0.18  0.36  0.71  1.08  1.82  3.73  5.43  6.33  6.97  6.32  5.65  4.98  4.40  3.83  3.83  3.46  2.56  2.13  1.48  0.60  0.34  0.14  0.07  0.04  0.03  0.03
 9 -70  0.03  0.10  0.17  0.34  0.69  1.04  1.75  3.58  5.24  6.19  7.18  6.80  6.01  5.20  4.64  4.10  3.64  3.44  2.58  2.15  1.52  0.62  0.36  0.15  0.07  0.04  0.03  0.03
 9 -65  0.03  0.10  0.17  0.34  0.68  1.03  1.72  3.50  5.21  6.31  7.43  7.37  6.58  5.70  5.28  4.89  3.94  3.43  2.45  2.05  1.42  0.60  0.31  0.16  0.07  0.04  0.03  0.03
 9 -60  0.03  0.10  0.17  0.34  0.69  1.04  1.74  3.53  5.26  6.44  7.67  7.87  7.14  6.28  5.91  5.68  4.39  3.48  2.30  1.94  1.29  0.57  0.32  0.17  0.08  0.04  0.03  0.03
 9 -55  0.04  0.11  0.18  0.35  0.70  1.06  1.77  3.57  5.32  6.54  7.81  8.22  7.57  6.68  6.10  5.93  4.73  3.42  2.04  1.68  1.04  0.48  0.30  0.17  0.08  0.04  0.03  0.03
 9 -50  0.04  0.11  0.18  0.35  0.71  1.07  1.78  3.59  5.47  6.70  8.03  8.51  8.00  6.99  6.36  6.22  5.17  3.40  1.86  1.49  0.84  0.40  0.27  0.17  0.08  0.04  0.03  0.03
 9 -45  0.04  0.11  0.18  0.36  0.72  1.08  1.81  3.68  5.59  6.82  8.37  8.89  8.52  7.71  6.74  6.30  5.17  3.30  1.79  1.44  0.77  0.37  0.25  0.15  0.08  0.04  0.03  0.03
 9 -40  0.04  0.11  0.18  0.36  0.72  1.08  1.81  3.69  5.45  6.88  8.42  9.01  8.63  7.91  6.86  6.29  5.15  3.20  1.80  1.43  0.76  0.34  0.25  0.13  0.07  0.04  0.04  0.03
 9 -35  0.03  0.10  0.17  0.35  0.70  1.05  1.76  3.57  5.30  6.58  8.24  9.04  8.93  8.27  7.07  6.36  4.98  2.87  1.54  1.19  0.59  0.26  0.20  0.10  0.06  0.04  0.04  0.03
 9 -30  0.03  0.10  0.17  0.33  0.67  1.01  1.69  3.44  5.20  6.46  8.17  9.20  9.16  8.45  7.15  6.37  4.85  2.63  1.26  0.95  0.40  0.17  0.09  0.06  0.05  0.04  0.04  0.03
 9 -25  0.03  0.10  0.17  0.34  0.68  1.02  1.71  3.49  5.21  6.44  8.12  9.18  9.37  8.74  7.35  6.55  4.79  2.32  1.06  0.77  0.30  0.07  0.05  0.04  0.04  0.04  0.04  0.04
 9 -20  0.03  0.10  0.17  0.33  0.67  1.01  1.69  3.47  5.24  6.41  8.13  9.29  9.60  9.26  7.69  6.76  4.70  2.12  0.84  0.59  0.19  0.04  0.03  0.03  0.03  0.03  0.03  0.04
 9 -15  0.03  0.09  0.16  0.32  0.64  0.96  1.61  3.30  4.96  6.30  8.07  9.40  9.86  9.78  8.16  6.92  4.31  1.85  0.71  0.50  0.16  0.03  0.03  0.03  0.03  0.03  0.03  0.03
 9 -10  0.03  0.09  0.15  0.31  0.62  0.93  1.57  3.21  4.74  5.97  7.79  9.36  9.81  9.67  8.35  7.11  4.05  1.59  0.57  0.41  0.13  0.03  0.02  0.02  0.02  0.03  0.03  0.03
 9  -5  0.03  0.09  0.15  0.31  0.62  0.94  1.58  3.24  4.60  5.65  7.67  9.48  9.65  9.57  8.51  7.14  4.17  1.62  0.57  0.41  0.13  0.03  0.02  0.02  0.02  0.03  0.03  0.03
 9   0  0.03  0.09  0.14  0.29  0.58  0.88  1.48  3.02  4.22  5.13  7.00  8.98  9.15  9.25  8.45  7.20  4.27  1.65  0.56  0.40  0.14  0.03  0.02  0.02  0.02  0.03  0.03  0.02
 9   5  0.03  0.09  0.15  0.30  0.61  0.92  1.55  3.17  4.46  5.47  7.26  9.38  9.74  9.64  8.61  7.38  4.46  1.75  0.61  0.43  0.15  0.03  0.02  0.02  0.02  0.02  0.02  0.02
 9  10  0.03  0.09  0.15  0.30  0.61  0.92  1.55  3.15  4.50  5.59  7.32  9.30 10.07 10.07  8.70  7.60  4.71  1.83  0.70  0.50  0.17  0.03  0.02  0.02  0.02  0.02  0.02  0.02
 9  15  0.03  0.09  0.16  0.31  0.63  0.94  1.59  3.24  4.59  5.82  7.54  9.43 10.19 10.15  8.51  7.49  4.74  1.83  0.74  0.53  0.18  0.03  0.02  0.02  0.02  0.03  0.03  0.02
 9  20  0.03  0.10  0.16  0.32  0.65  0.98  1.65  3.37  4.95  6.22  7.88  9.36 10.05  9.78  8.24  7.34  4.68  1.86  0.75  0.53  0.19  0.03  0.03  0.03  0.03  0.03  0.03  0.03
 9  25  0.03  0.09  0.16  0.32  0.63  0.95  1.60  3.26  4.81  6.10  8.02  9.32  9.72  9.47  8.10  7.27  4.67  1.92  0.78  0.55  0.19  0.05  0.03  0.03  0.03  0.03  0.03  0.03
 9  30  0.03  0.10  0.16  0.32  0.64  0.96  1.62  3.29  4.84  6.01  7.87  9.10  9.47  9.12  8.01  7.22  4.68  2.04  0.81  0.59  0.22  0.06  0.04  0.03  0.03  0.04  0.04  0.03
 9  35  0.03  0.10  0.16  0.32  0.65  0.97  1.63  3.32  4.95  6.13  7.93  8.96  9.09  8.78  7.68  6.82  4.53  2.17  0.97  0.72  0.31  0.08  0.05  0.04  0.04  0.04  0.04  0.03
 9  40  0.03  0.10  0.16  0.32  0.65  0.98  1.64  3.34  4.86  6.13  7.85  8.73  8.78  8.35  7.26  6.50  4.51  2.40  1.19  0.92  0.44  0.12  0.07  0.05  0.04  0.04  0.04  0.03
 9  45  0.03  0.10  0.16  0.33  0.65  0.98  1.65  3.38  4.95  6.18  7.67  8.21  8.08  7.59  6.65  6.06  4.40  2.50  1.41  1.13  0.67  0.28  0.10  0.07  0.05  0.04  0.04  0.04
 9  50  0.03  0.10  0.16  0.32  0.65  0.98  1.64  3.35  5.01  6.23  7.53  7.91  7.58  6.97  6.19  5.71  4.30  2.64  1.59  1.30  0.81  0.38  0.23  0.09  0.06  0.05  0.04  0.04
 9  55  0.03  0.09  0.16  0.31  0.62  0.94  1.58  3.21  4.82  6.02  7.20  7.39  6.92  6.28  5.64  5.27  4.11  2.67  1.70  1.40  0.89  0.44  0.27  0.11  0.07  0.05  0.04  0.04
 9  60  0.03  0.09  0.15  0.31  0.62  0.94  1.57  3.19  4.83  6.04  7.14  7.11  6.50  5.75  5.18  4.87  3.86  2.65  1.80  1.49  0.95  0.47  0.29  0.17  0.08  0.05  0.04  0.04
 9  65  0.03  0.09  0.16  0.31  0.63  0.95  1.59  3.23  4.85  6.01  6.88  6.60  5.90  5.14  4.58  4.25  3.49  2.50  1.84  1.55  1.01  0.50  0.31  0.19  0.09  0.05  0.04  0.04
 9  70  0.03  0.09  0.16  0.32  0.64  0.96  1.61  3.26  4.86  5.97  6.60  6.09  5.30  4.53  3.97  3.63  3.13  2.35  1.88  1.60  1.07  0.52  0.34  0.20  0.09  0.05  0.04  0.04
 9  75  0.03  0.10  0.16  0.32  0.64  0.96  1.61  3.27  4.68  5.61  5.88  5.32  4.63  4.00  3.72  3.57  3.03  2.30  1.87  1.60  1.06  0.52  0.34  0.21  0.10  0.05  0.04  0.04
 9  80  0.03  0.10  0.16  0.32  0.64  0.97  1.62  3.28  4.49  5.23  5.16  4.54  3.96  3.48  3.47  3.51  2.97  2.29  1.87  1.60  1.07  0.52  0.34  0.22  0.10  0.05  0.04  0.04
 9  85  0.03  0.10  0.16  0.32  0.64  0.96  1.62  3.27  4.47  5.21  5.13  4.51  3.93  3.46  3.46  3.50  2.96  2.29  1.87  1.60  1.07  0.52  0.34  0.22  0.10  0.05  0.04  0.04
 9  90  0.03  0.10  0.16  0.32  0.64  0.96  1.61  3.26  4.45  5.18  5.10  4.48  3.91  3.45  3.45  3.49  2.95  2.29  1.87  1.60  1.07  0.52  0.34  0.22  0.10  0.06  0.04  0.04
10 -90  0.03  0.09  0.14  0.29  0.58  0.88  1.47  3.00  4.43  5.49  6.82  7.01  6.25  5.41  4.97  4.67  4.31  3.46  2.36  1.97  1.37  0.60  0.36  0.15  0.07  0.04  0.03  0.03
10 -85  0.03  0.09  0.14  0.29  0.58  0.88  1.47  3.00  4.43  5.50  6.82  7.01  6.26  5.41  4.96  4.67  4.31  3.46  2.36  1.97  1.37  0.60  0.37  0.15  0.07  0.04  0.03  0.03
10 -80  0.03  0.09  0.14  0.29  0.58  0.88  1.47  2.99  4.42  5.50  6.83  7.02  6.26  5.41  4.96  4.66  4.31  3.46  2.36  1.96  1.37  0.60  0.38  0.15  0.07  0.04  0.03  0.03
10 -75  0.03  0.09  0.15  0.29  0.58  0.88  1.47  2.99  4.41  5.50  6.90  7.31  6.66  5.83  5.41  5.25  4.48  3.81  2.62  2.16  1.51  0.66  0.30  0.16  0.08  0.04  0.03  0.03
10 -70  0.03  0.09  0.15  0.29  0.58  0.88  1.47  2.98  4.39  5.49  6.94  7.60  7.08  6.27  5.83  5.79  4.57  3.89  2.70  2.24  1.55  0.69  0.33  0.17  0.08  0.04  0.03  0.03
10 -65  0.03  0.09  0.15  0.30  0.60  0.90  1.51  3.06  4.53  5.67  7.18  7.96  7.54  6.72  6.35  6.33  4.78  3.84  2.60  2.16  1.44  0.65  0.34  0.18  0.09  0.04  0.03  0.03
10 -60  0.03  0.09  0.15  0.31  0.62  0.93  1.56  3.15  4.69  5.87  7.45  8.30  7.97  7.14  6.88  6.92  5.23  3.87  2.46  2.04  1.29  0.59  0.33  0.19  0.09  0.04  0.03  0.03
10 -55  0.03  0.09  0.16  0.32  0.63  0.95  1.59  3.21  4.79  5.98  7.59  8.50  8.23  7.38  6.81  6.66  5.21  3.56  2.14  1.75  1.05  0.48  0.30  0.19  0.09  0.04  0.03  0.03
10 -50  0.03  0.09  0.16  0.32  0.63  0.95  1.59  3.21  4.85  6.07  7.75  8.72  8.47  7.52  6.75  6.43  5.29  3.45  1.97  1.57  0.88  0.38  0.26  0.19  0.09  0.04  0.03  0.03
10 -45  0.03  0.09  0.16  0.31  0.63  0.94  1.58  3.20  4.92  6.12  8.02  9.08  8.89  8.11  7.16  6.76  5.52  3.52  1.96  1.57  0.86  0.36  0.24  0.15  0.08  0.04  0.04  0.03
10 -40  0.03  0.09  0.16  0.31  0.63  0.95  1.59  3.22  4.86  6.21  8.12  9.22  9.01  8.19  7.40  7.00  5.68  3.58  2.06  1.64  0.89  0.35  0.25  0.12  0.07  0.04  0.04  0.03
10 -35  0.03  0.09  0.16  0.31  0.62  0.94  1.57  3.19  4.73  5.94  7.90  9.20  9.23  8.58  7.54  6.98  5.35  3.06  1.62  1.26  0.64  0.25  0.16  0.09  0.06  0.04  0.04  0.03
10 -30  0.03  0.09  0.15  0.31  0.61  0.92  1.54  3.13  4.71  5.87  7.82  9.33  9.47  8.75  7.58  6.91  5.05  2.59  1.16  0.87  0.37  0.14  0.09  0.06  0.05  0.04  0.04  0.04
10 -25  0.03  0.09  0.16  0.31  0.63  0.94  1.58  3.22  4.77  5.94  7.82  9.26  9.57  8.96  7.66  6.93  4.80  2.16  0.98  0.71  0.27  0.07  0.05  0.04  0.04  0.04  0.04  0.04
10 -20  0.03  0.09  0.15  0.31  0.62  0.93  1.57  3.20  4.78  5.86  7.73  9.34  9.80  9.39  7.89  6.98  4.54  1.86  0.77  0.54  0.16  0.05  0.03  0.03  0.03  0.04  0.04  0.04
10 -15  0.03  0.09  0.15  0.30  0.60  0.90  1.51  3.08  4.59  5.78  7.59  9.30  9.99  9.83  8.27  7.11  4.26  1.74  0.68  0.46  0.13  0.04  0.03  0.03  0.03  0.03  0.03  0.04
10 -10  0.03  0.09  0.14  0.29  0.58  0.87  1.46  2.97  4.35  5.48  7.30  9.14  9.74  9.64  8.40  7.28  4.08  1.62  0.57  0.39  0.11  0.03  0.03  0.03  0.03  0.03  0.03  0.03
10  -5  0.03  0.09  0.14  0.29  0.58  0.87  1.47  3.00  4.30  5.28  7.28  9.22  9.58  9.51  8.53  7.30  4.18  1.65  0.55  0.37  0.11  0.03  0.02  0.02  0.02  0.03  0.03  0.03
10   0  0.03  0.08  0.14  0.28  0.57  0.86  1.44  2.94  4.02  4.92  6.68  8.74  9.10  9.15  8.47  7.38  4.24  1.67  0.51  0.35  0.11  0.03  0.02  0.02  0.02  0.02  0.02  0.02
10   5  0.03  0.09  0.15  0.30  0.59  0.89  1.50  3.07  4.30  5.30  7.03  9.15  9.52  9.49  8.60  7.41  4.40  1.74  0.58  0.40  0.13  0.03  0.02  0.02  0.02  0.02  0.02  0.02
10  10  0.03  0.09  0.15  0.30  0.60  0.90  1.52  3.09  4.44  5.53  7.15  9.04  9.76  9.89  8.63  7.48  4.60  1.80  0.67  0.47  0.15  0.03  0.02  0.02  0.02  0.02  0.02  0.02
10  15  0.03  0.09  0.15  0.30  0.61  0.92  1.55  3.16  4.54  5.73  7.31  9.12  9.89  9.98  8.39  7.33  4.58  1.76  0.71  0.50  0.16  0.03  0.02  0.02  0.02  0.03  0.03  0.03
10  20  0.03  0.09  0.16  0.32  0.64  0.96  1.61  3.30  4.89  6.17  7.67  9.03  9.77  9.66  8.07  7.12  4.52  1.80  0.71  0.50  0.17  0.03  0.03  0.02  0.03  0.03  0.03  0.03
10  25  0.03  0.09  0.15  0.31  0.62  0.94  1.57  3.20  4.83  6.14  7.91  9.10  9.53  9.29  7.86  7.09  4.54  1.87  0.74  0.53  0.18  0.04  0.03  0.03  0.03  0.03  0.03  0.03
10  30  0.03  0.10  0.16  0.32  0.64  0.97  1.62  3.30  4.91  6.17  7.85  8.97  9.30  8.87  7.78  7.08  4.58  1.97  0.76  0.55  0.21  0.06  0.04  0.03  0.03  0.03  0.03  0.03
10  35  0.03  0.10  0.16  0.33  0.66  1.00  1.68  3.41  5.16  6.47  8.07  8.81  8.76  8.37  7.37  6.62  4.46  2.07  0.93  0.69  0.32  0.09  0.05  0.04  0.04  0.03  0.03  0.03
10  40  0.03  0.10  0.17  0.34  0.68  1.02  1.72  3.51  5.30  6.67  8.19  8.61  8.27  7.70  6.83  6.26  4.45  2.31  1.19  0.92  0.47  0.22  0.07  0.05  0.04  0.04  0.03  0.03
10  45  0.04  0.11  0.18  0.36  0.71  1.08  1.81  3.70  5.46  6.80  7.97  7.96  7.50  6.96  6.27  5.87  4.42  2.51  1.46  1.17  0.70  0.31  0.17  0.07  0.05  0.04  0.04  0.03
10  50  0.04  0.11  0.18  0.37  0.73  1.10  1.86  3.79  5.76  6.99  7.87  7.62  6.94  6.26  5.80  5.55  4.45  2.75  1.67  1.35  0.85  0.38  0.21  0.09  0.06  0.04  0.04  0.03
10  55  0.04  0.11  0.18  0.37  0.74  1.11  1.86  3.79  5.71  6.81  7.41  6.99  6.27  5.67  5.37  5.27  4.38  2.78  1.74  1.42  0.91  0.45  0.25  0.15  0.07  0.04  0.04  0.04
10  60  0.04  0.11  0.19  0.38  0.76  1.14  1.91  3.89  5.79  6.85  7.25  6.62  5.84  5.25  5.05  5.01  4.24  2.74  1.82  1.49  0.96  0.47  0.27  0.16  0.08  0.05  0.04  0.04
10  65  0.04  0.12  0.19  0.39  0.77  1.17  1.96  3.98  5.74  6.62  6.79  6.07  5.32  4.79  4.63  4.58  3.90  2.63  1.90  1.58  1.05  0.49  0.28  0.17  0.08  0.05  0.04  0.03
10  70  0.04  0.12  0.20  0.39  0.79  1.18  1.99  4.05  5.67  6.39  6.32  5.49  4.79  4.33  4.21  4.15  3.55  2.52  1.99  1.68  1.14  0.51  0.29  0.18  0.08  0.05  0.04  0.03
10  75  0.04  0.12  0.19  0.39  0.78  1.18  1.98  4.02  5.29  5.73  5.54  4.83  4.28  3.94  3.87  3.80  3.35  2.50  2.03  1.71  1.17  0.52  0.29  0.18  0.09  0.05  0.04  0.03
10  80  0.04  0.12  0.19  0.39  0.78  1.17  1.96  3.99  4.91  5.07  4.76  4.17  3.78  3.56  3.52  3.46  3.19  2.51  2.07  1.76  1.22  0.54  0.30  0.19  0.09  0.05  0.04  0.03
10  85  0.04  0.12  0.19  0.39  0.78  1.17  1.96  3.98  4.89  5.05  4.72  4.14  3.75  3.55  3.51  3.45  3.18  2.50  2.07  1.76  1.22  0.54  0.30  0.19  0.11  0.05  0.04  0.03
10  90  0.04  0.12  0.19  0.39  0.78  1.17  1.96  3.97  4.87  5.02  4.69  4.11  3.73  3.54  3.50  3.44  3.17  2.50  2.07  1.76  1.22  0.54  0.30  0.19  0.11  0.05  0.04  0.03
11 -90  0.02  0.07  0.12  0.25  0.50  0.75  1.26  2.56  3.66  4.55  6.28  7.28  7.13  6.40  5.95  6.04  5.15  3.92  2.74  2.27  1.52  0.65  0.31  0.16  0.09  0.04  0.03  0.02
11 -85  0.02  0.07  0.12  0.25  0.50  0.75  1.26  2.56  3.66  4.56  6.29  7.29  7.13  6.39  5.95  6.04  5.15  3.92  2.74  2.27  1.52  0.65  0.31  0.20  0.09  0.04  0.03  0.02
11 -80  0.02  0.07  0.12  0.25  0.50  0.75  1.26  2.55  3.65  4.56  6.30  7.29  7.14  6.39  5.94  6.03  5.15  3.92  2.73  2.27  1.52  0.65  0.31  0.16  0.09  0.04  0.03  0.02
11 -75  0.03  0.08  0.13  0.25  0.51  0.76  1.27  2.58  3.70  4.64  6.34  7.41  7.32  6.56  6.26  6.42  5.39  4.08  2.86  2.37  1.60  0.69  0.32  0.17  0.09  0.04  0.03  0.03
11 -70  0.03  0.08  0.13  0.26  0.51  0.77  1.29  2.60  3.76  4.72  6.37  7.51  7.50  6.73  6.57  6.77  5.57  4.06  2.83  2.35  1.59  0.72  0.34  0.18  0.09  0.04  0.03  0.03
11 -65  0.03  0.08  0.13  0.26  0.53  0.79  1.33  2.68  3.89  4.89  6.59  7.77  7.79  7.00  6.81  6.91  5.55  3.87  2.63  2.17  1.41  0.66  0.34  0.19  0.10  0.04  0.03  0.03
11 -60  0.03  0.08  0.14  0.27  0.55  0.82  1.37  2.77  4.04  5.07  6.81  8.04  8.07  7.27  7.05  7.09  5.55  3.70  2.39  1.96  1.22  0.59  0.33  0.20  0.10  0.04  0.03  0.03
11 -55  0.03  0.08  0.14  0.28  0.56  0.85  1.42  2.86  4.18  5.22  6.99  8.28  8.35  7.59  6.98  6.70  5.27  3.39  2.03  1.65  0.95  0.47  0.29  0.20  0.10  0.05  0.03  0.03
11 -50  0.03  0.08  0.14  0.28  0.57  0.85  1.43  2.87  4.21  5.29  7.11  8.54  8.63  7.80  6.84  6.33  5.11  3.25  1.81  1.43  0.76  0.35  0.24  0.18  0.09  0.05  0.03  0.03
11 -45  0.03  0.08  0.14  0.28  0.56  0.84  1.40  2.84  4.25  5.29  7.27  8.89  9.03  8.35  7.16  6.57  5.30  3.29  1.80  1.42  0.74  0.31  0.22  0.14  0.08  0.04  0.03  0.03
11 -40  0.03  0.08  0.14  0.28  0.55  0.83  1.40  2.82  4.29  5.42  7.44  9.10  9.24  8.47  7.42  6.76  5.38  3.32  1.90  1.49  0.77  0.31  0.22  0.10  0.06  0.04  0.04  0.03
11 -35  0.03  0.08  0.14  0.28  0.56  0.85  1.42  2.87  4.15  5.21  7.26  9.04  9.37  8.89  7.59  6.85  5.05  2.84  1.46  1.12  0.54  0.23  0.13  0.08  0.05  0.04  0.04  0.03
11 -30  0.03  0.08  0.14  0.28  0.57  0.85  1.42  2.87  4.23  5.25  7.26  9.19  9.60  9.05  7.70  6.89  4.73  2.38  1.02  0.74  0.30  0.14  0.08  0.06  0.05  0.04  0.04  0.03
11 -25  0.03  0.09  0.15  0.29  0.58  0.88  1.48  2.99  4.36  5.45  7.43  9.18  9.62  9.13  7.69  6.84  4.54  2.06  0.90  0.63  0.23  0.08  0.05  0.04  0.04  0.04  0.04  0.04
11 -20  0.03  0.09  0.14  0.29  0.58  0.87  1.46  2.97  4.41  5.44  7.40  9.30  9.86  9.44  7.83  6.81  4.36  1.88  0.74  0.51  0.14  0.05  0.04  0.03  0.03  0.04  0.04  0.03
11 -15  0.03  0.08  0.14  0.28  0.57  0.86  1.44  2.92  4.35  5.41  7.24  9.23 10.05  9.78  8.11  6.95  4.16  1.76  0.66  0.45  0.13  0.04  0.03  0.03  0.03  0.03  0.03  0.03
11 -10  0.03  0.08  0.14  0.28  0.56  0.84  1.40  2.83  4.14  5.21  7.03  9.01  9.69  9.58  8.19  7.11  4.05  1.63  0.57  0.39  0.12  0.03  0.03  0.03  0.03  0.03  0.03  0.03
11  -5  0.03  0.08  0.14  0.28  0.56  0.84  1.42  2.88  4.19  5.18  7.18  9.05  9.51  9.39  8.24  7.09  4.08  1.59  0.55  0.37  0.12  0.03  0.03  0.02  0.02  0.03  0.03  0.02
11   0  0.03  0.09  0.14  0.29  0.58  0.87  1.46  2.98  4.08  5.04  6.77  8.71  9.17  9.06  8.15  7.13  4.05  1.55  0.51  0.35  0.12  0.03  0.02  0.02  0.02  0.03  0.02  0.02
11   5  0.03  0.09  0.15  0.30  0.59  0.89  1.50  3.06  4.34  5.33  7.09  8.98  9.29  9.30  8.31  7.15  4.22  1.61  0.55  0.37  0.12  0.03  0.02  0.02  0.02  0.03  0.02  0.02
11  10  0.03  0.09  0.15  0.30  0.60  0.90  1.51  3.08  4.47  5.55  7.11  8.76  9.34  9.53  8.36  7.21  4.40  1.67  0.60  0.41  0.13  0.03  0.02  0.02  0.02  0.03  0.03  0.02
11  15  0.03  0.09  0.15  0.30  0.61  0.92  1.54  3.13  4.58  5.76  7.19  8.73  9.37  9.54  8.06  7.04  4.31  1.62  0.63  0.44  0.15  0.03  0.03  0.02  0.03  0.03  0.03  0.03
11  20  0.03  0.09  0.16  0.31  0.63  0.95  1.60  3.27  4.92  6.21  7.54  8.62  9.24  9.23  7.71  6.82  4.24  1.67  0.62  0.45  0.16  0.03  0.03  0.03  0.03  0.03  0.03  0.03
11  25  0.03  0.09  0.16  0.31  0.63  0.94  1.58  3.21  4.98  6.30  7.82  8.73  9.04  8.74  7.41  6.77  4.30  1.82  0.71  0.52  0.19  0.04  0.03  0.03  0.03  0.03  0.03  0.03
11  30  0.03  0.10  0.16  0.33  0.66  1.00  1.68  3.42  5.14  6.49  7.86  8.64  8.83  8.30  7.31  6.74  4.40  1.95  0.76  0.56  0.23  0.07  0.04  0.03  0.03  0.03  0.03  0.03
11  35  0.03  0.10  0.17  0.35  0.70  1.06  1.78  3.62  5.51  6.91  8.17  8.48  8.26  7.85  7.03  6.45  4.52  2.15  0.96  0.73  0.36  0.16  0.06  0.04  0.04  0.03  0.03  0.03
11  40  0.04  0.11  0.18  0.37  0.74  1.11  1.87  3.81  5.81  7.27  8.36  8.31  7.73  7.14  6.57  6.24  4.75  2.48  1.29  0.98  0.50  0.22  0.09  0.06  0.04  0.04  0.03  0.03
11  45  0.04  0.12  0.19  0.39  0.78  1.18  1.98  4.04  5.98  7.35  8.03  7.62  7.00  6.54  6.18  5.99  4.78  2.70  1.56  1.25  0.75  0.34  0.20  0.08  0.06  0.04  0.04  0.03
11  50  0.04  0.12  0.20  0.41  0.82  1.24  2.09  4.27  6.35  7.50  7.89  7.22  6.43  5.82  5.79  5.79  4.87  2.94  1.78  1.45  0.92  0.44  0.25  0.15  0.07  0.04  0.04  0.03
11  55  0.04  0.12  0.21  0.41  0.83  1.25  2.10  4.30  6.22  7.09  7.26  6.50  5.83  5.41  5.50  5.62  4.77  2.98  1.85  1.52  1.03  0.50  0.27  0.16  0.07  0.04  0.04  0.03
11  60  0.04  0.13  0.21  0.42  0.84  1.26  2.12  4.32  6.14  6.96  6.91  6.07  5.46  5.14  5.28  5.43  4.59  2.96  1.93  1.61  1.14  0.53  0.28  0.17  0.08  0.04  0.04  0.03
11  65  0.04  0.12  0.20  0.41  0.82  1.23  2.06  4.20  5.93  6.66  6.61  5.81  5.29  5.03  5.05  5.07  4.41  2.96  2.09  1.78  1.30  0.59  0.30  0.18  0.08  0.04  0.04  0.03
11  70  0.04  0.12  0.20  0.40  0.80  1.21  2.03  4.15  5.72  6.35  6.30  5.55  5.13  4.92  4.82  4.71  4.23  2.95  2.25  1.94  1.45  0.65  0.32  0.19  0.08  0.05  0.04  0.03
11  75  0.04  0.12  0.20  0.40  0.80  1.20  2.02  4.13  5.44  5.96  5.82  4.84  4.29  4.08  4.00  3.89  3.65  2.83  2.17  1.87  1.38  0.60  0.29  0.17  0.09  0.05  0.04  0.03
11  80  0.04  0.12  0.20  0.39  0.79  1.19  2.00  4.09  5.16  5.56  5.32  4.12  3.46  3.24  3.19  3.09  3.09  2.75  2.10  1.80  1.32  0.56  0.26  0.15  0.09  0.05  0.04  0.03
11  85  0.04  0.12  0.20  0.39  0.79  1.19  1.99  4.08  5.15  5.54  5.29  4.09  3.44  3.23  3.18  3.08  3.08  2.75  2.10  1.80  1.32  0.56  0.26  0.15  0.09  0.05  0.04  0.03
11  90  0.04  0.12  0.20  0.39  0.79  1.18  1.99  4.08  5.13  5.51  5.26  4.06  3.42  3.22  3.17  3.07  3.07  2.74  2.10  1.80  1.32  0.56  0.26  0.15  0.09  0.05  0.04  0.03
12 -90  0.02  0.07  0.11  0.22  0.45  0.67  1.13  2.29  3.28  4.07  5.77  6.97  6.86  6.05  5.61  5.40  4.99  3.61  2.56  2.14  1.37  0.64  0.33  0.18  0.08  0.05  0.03  0.02
12 -85  0.02  0.07  0.11  0.22  0.45  0.67  1.13  2.28  3.28  4.08  5.78  6.98  6.87  6.05  5.60  5.40  4.99  3.62  2.56  2.13  1.37  0.64  0.33  0.18  0.08  0.05  0.03  0.02
12 -80  0.02  0.07  0.11  0.22  0.45  0.67  1.12  2.28  3.27  4.08  5.79  6.98  6.87  6.04  5.60  5.39  4.99  3.62  2.56  2.13  1.37  0.64  0.33  0.18  0.08  0.05  0.03  0.02
12 -75  0.02  0.07  0.11  0.23  0.46  0.69  1.15  2.33  3.34  4.17  5.83  7.08  7.03  6.22  5.77  5.57  5.11  3.62  2.54  2.12  1.37  0.65  0.34  0.18  0.11  0.04  0.03  0.02
12 -70  0.02  0.07  0.12  0.23  0.47  0.71  1.18  2.39  3.42  4.26  5.88  7.17  7.19  6.39  5.95  5.74  5.20  3.57  2.46  2.06  1.34  0.63  0.34  0.18  0.11  0.04  0.03  0.03
12 -65  0.02  0.07  0.12  0.24  0.49  0.73  1.23  2.47  3.55  4.41  6.07  7.45  7.56  6.80  6.30  6.05  5.21  3.44  2.24  1.87  1.18  0.56  0.33  0.18  0.11  0.05  0.03  0.03
12 -60  0.03  0.08  0.13  0.25  0.51  0.76  1.28  2.57  3.69  4.57  6.27  7.72  7.93  7.21  6.66  6.36  5.23  3.32  2.04  1.69  1.03  0.49  0.31  0.19  0.11  0.05  0.03  0.03
12 -55  0.03  0.08  0.13  0.27  0.53  0.80  1.34  2.70  3.86  4.80  6.50  8.02  8.33  7.73  6.97  6.50  5.07  3.08  1.75  1.43  0.82  0.41  0.27  0.19  0.11  0.05  0.03  0.03
12 -50  0.03  0.08  0.13  0.27  0.54  0.81  1.35  2.73  3.92  4.91  6.65  8.32  8.73  8.14  7.21  6.62  5.00  2.90  1.52  1.21  0.64  0.32  0.22  0.18  0.10  0.05  0.03  0.03
12 -45  0.03  0.08  0.13  0.27  0.53  0.80  1.35  2.73  3.95  4.88  6.76  8.67  9.11  8.65  7.25  6.45  4.92  2.80  1.47  1.15  0.60  0.27  0.18  0.13  0.08  0.04  0.03  0.03
12 -40  0.03  0.08  0.13  0.27  0.53  0.80  1.34  2.70  4.04  5.05  7.03  8.96  9.41  8.86  7.31  6.25  4.71  2.69  1.50  1.18  0.60  0.24  0.16  0.09  0.06  0.04  0.03  0.03
12 -35  0.03  0.08  0.14  0.27  0.55  0.82  1.37  2.77  3.92  4.89  6.92  8.93  9.44  9.17  7.64  6.71  4.63  2.41  1.18  0.90  0.42  0.19  0.10  0.06  0.05  0.04  0.04  0.03
12 -30  0.03  0.08  0.14  0.28  0.55  0.83  1.38  2.79  4.05  5.01  7.03  9.11  9.64  9.23  7.96  7.16  4.55  2.12  0.87  0.62  0.25  0.12  0.07  0.05  0.04  0.04  0.04  0.03
12 -25  0.03  0.09  0.14  0.28  0.57  0.86  1.44  2.91  4.20  5.28  7.35  9.22  9.65  9.22  7.88  7.06  4.41  1.90  0.78  0.54  0.19  0.07  0.05  0.04  0.04  0.04  0.04  0.03
12 -20  0.03  0.08  0.14  0.28  0.56  0.85  1.42  2.86  4.29  5.36  7.41  9.39  9.92  9.42  7.94  6.99  4.31  1.77  0.66  0.44  0.12  0.05  0.04  0.03  0.03  0.04  0.04  0.03
12 -15  0.03  0.08  0.14  0.28  0.56  0.85  1.42  2.87  4.34  5.36  7.27  9.39 10.16  9.68  8.07  7.03  4.16  1.70  0.60  0.40  0.11  0.04  0.03  0.03  0.03  0.03  0.03  0.03
12 -10  0.03  0.08  0.14  0.28  0.56  0.83  1.40  2.81  4.18  5.29  7.17  9.18  9.79  9.55  8.07  7.10  4.08  1.59  0.52  0.35  0.11  0.03  0.03  0.03  0.03  0.03  0.03  0.03
12  -5  0.03  0.08  0.14  0.28  0.56  0.84  1.41  2.85  4.30  5.39  7.45  9.16  9.62  9.38  7.90  6.79  3.98  1.54  0.50  0.34  0.13  0.03  0.02  0.02  0.02  0.03  0.03  0.02
12   0  0.03  0.09  0.15  0.30  0.60  0.90  1.51  3.09  4.38  5.47  7.28  9.07  9.54  9.19  7.68  6.53  3.80  1.45  0.46  0.32  0.13  0.03  0.02  0.02  0.02  0.03  0.02  0.02
12   5  0.03  0.09  0.15  0.30  0.60  0.91  1.52  3.11  4.59  5.64  7.54  9.09  9.29  9.21  7.88  6.69  4.03  1.53  0.51  0.34  0.12  0.03  0.02  0.02  0.02  0.03  0.03  0.02
12  10  0.03  0.09  0.15  0.30  0.61  0.92  1.54  3.13  4.63  5.80  7.39  8.71  9.03  9.12  7.98  6.91  4.26  1.64  0.57  0.38  0.13  0.03  0.03  0.02  0.03  0.03  0.03  0.03
12  15  0.03  0.09  0.15  0.31  0.61  0.92  1.55  3.15  4.73  5.95  7.35  8.56  8.92  8.99  7.63  6.70  4.13  1.64  0.61  0.42  0.14  0.03  0.03  0.03  0.03  0.03  0.03  0.03
12  20  0.03  0.09  0.16  0.31  0.63  0.95  1.60  3.27  4.97  6.32  7.60  8.41  8.81  8.72  7.28  6.46  4.11  1.73  0.63  0.46  0.16  0.04  0.03  0.03  0.03  0.03  0.03  0.03
12  25  0.03  0.09  0.15  0.31  0.62  0.94  1.57  3.18  5.02  6.29  7.70  8.45  8.61  8.18  7.06  6.59  4.29  1.98  0.78  0.58  0.22  0.05  0.04  0.03  0.03  0.03  0.03  0.03
12  30  0.03  0.10  0.16  0.33  0.66  0.99  1.66  3.38  5.10  6.44  7.69  8.31  8.42  7.79  7.08  6.74  4.54  2.14  0.87  0.65  0.27  0.07  0.05  0.04  0.04  0.03  0.03  0.03
12  35  0.03  0.10  0.17  0.35  0.70  1.05  1.76  3.58  5.43  6.78  7.94  8.15  7.92  7.48  7.01  6.68  4.81  2.35  1.08  0.84  0.44  0.20  0.08  0.05  0.04  0.03  0.03  0.03
12  40  0.04  0.11  0.18  0.37  0.73  1.11  1.86  3.80  5.68  7.05  8.06  8.00  7.47  6.87  6.69  6.65  5.15  2.68  1.43  1.10  0.63  0.29  0.16  0.08  0.05  0.04  0.03  0.03
12  45  0.04  0.11  0.19  0.38  0.77  1.16  1.95  3.99  5.77  7.05  7.74  7.41  6.86  6.50  6.37  6.29  5.11  3.04  1.70  1.38  0.87  0.41  0.24  0.15  0.07  0.04  0.04  0.03
12  50  0.04  0.12  0.20  0.41  0.82  1.23  2.07  4.22  6.14  7.17  7.54  6.98  6.33  5.88  5.96  5.98  5.12  3.38  1.96  1.60  1.04  0.51  0.28  0.19  0.07  0.04  0.04  0.04
12  55  0.04  0.12  0.20  0.41  0.82  1.23  2.07  4.23  5.99  6.73  6.97  6.38  5.92  5.67  5.75  5.80  4.96  3.40  2.08  1.72  1.19  0.58  0.31  0.20  0.08  0.04  0.04  0.04
12  60  0.04  0.12  0.20  0.40  0.81  1.22  2.06  4.19  5.87  6.53  6.64  6.03  5.70  5.59  5.58  5.58  4.73  3.36  2.22  1.86  1.33  0.64  0.32  0.20  0.08  0.05  0.04  0.04
12  65  0.04  0.12  0.21  0.42  0.84  1.27  2.13  4.37  5.85  6.49  6.59  5.90  5.56  5.46  5.35  5.26  4.57  3.25  2.27  1.92  1.40  0.65  0.31  0.18  0.08  0.05  0.04  0.04
12  70  0.04  0.13  0.21  0.43  0.86  1.30  2.19  4.51  5.80  6.42  6.50  5.78  5.42  5.33  5.11  4.93  4.42  3.14  2.33  1.99  1.47  0.67  0.29  0.16  0.09  0.05  0.04  0.04
12  75  0.04  0.12  0.21  0.41  0.83  1.26  2.12  4.39  5.55  6.17  6.22  5.35  4.91  4.83  4.64  4.47  4.20  3.14  2.34  2.00  1.47  0.66  0.30  0.17  0.09  0.05  0.04  0.04
12  80  0.04  0.12  0.20  0.40  0.80  1.21  2.04  4.22  5.32  5.92  5.95  4.92  4.41  4.30  4.16  4.02  3.99  3.16  2.35  2.02  1.48  0.65  0.32  0.19  0.10  0.05  0.04  0.03
12  85  0.04  0.12  0.20  0.40  0.80  1.20  2.04  4.22  5.31  5.90  5.92  4.89  4.39  4.28  4.15  4.01  3.98  3.15  2.35  2.02  1.48  0.65  0.32  0.19  0.10  0.05  0.04  0.03
12  90  0.04  0.12  0.20  0.40  0.80  1.20  2.03  4.21  5.29  5.87  5.88  4.86  4.37  4.27  4.14  3.99  3.97  3.15  2.35  2.02  1.48  0.65  0.32  0.19  0.10  0.05  0.04  0.03
