     0.010
     0.030
     0.050
     0.100
     0.200
     0.300
     0.500
     1.000
     1.500
     2.000
     3.000
     5.000
     7.000
    10.000
    15.000
    20.000
    30.000
    50.000
    70.000
    80.000
   100.000
   150.000
   200.000
   250.000
   300.000
   400.000
   500.000
   600.000
 1 -90  0.02  0.07  0.12  0.24  0.48  0.71  1.15  2.12  3.17  3.94  5.39  6.14  5.86  5.00  4.08  3.56  3.56  3.31  2.50  2.11  1.44  0.70  0.42  0.24  0.12  0.05  0.03  0.02
 1 -85  0.02  0.07  0.12  0.24  0.48  0.71  1.14  2.12  3.19  3.92  5.34  6.14  5.90  5.09  4.18  3.62  3.53  3.15  2.35  1.98  1.34  0.64  0.40  0.23  0.11  0.05  0.03  0.02
 1 -80  0.02  0.07  0.12  0.24  0.48  0.71  1.15  2.13  3.19  3.92  5.32  6.13  5.90  5.11  4.21  3.65  3.53  3.12  2.33  1.96  1.33  0.63  0.40  0.23  0.11  0.04  0.03  0.02
 1 -75  0.03  0.08  0.13  0.25  0.50  0.73  1.19  2.21  3.26  3.97  5.32  6.26  6.15  5.43  4.59  4.07  3.82  3.15  2.28  1.91  1.28  0.61  0.38  0.22  0.11  0.04  0.03  0.02
 1 -70  0.03  0.08  0.13  0.26  0.51  0.75  1.22  2.29  3.32  4.03  5.34  6.40  6.41  5.75  4.98  4.50  4.12  3.17  2.21  1.85  1.22  0.59  0.37  0.21  0.10  0.04  0.03  0.02
 1 -65  0.03  0.08  0.13  0.27  0.53  0.78  1.26  2.36  3.42  4.15  5.52  6.77  6.93  6.38  5.68  5.23  4.33  3.09  2.06  1.71  1.11  0.55  0.35  0.20  0.07  0.04  0.03  0.02
 1 -60  0.03  0.08  0.14  0.28  0.54  0.80  1.31  2.44  3.52  4.27  5.70  7.15  7.46  7.02  6.38  5.94  4.55  3.02  1.92  1.58  1.00  0.50  0.32  0.18  0.07  0.04  0.03  0.02
 1 -55  0.03  0.09  0.15  0.29  0.57  0.85  1.37  2.56  3.69  4.44  5.89  7.49  7.93  7.71  6.88  6.28  4.42  2.74  1.66  1.36  0.80  0.40  0.26  0.15  0.08  0.04  0.03  0.03
 1 -50  0.03  0.09  0.15  0.29  0.58  0.86  1.40  2.60  3.74  4.48  6.02  7.84  8.45  8.28  7.30  6.58  4.26  2.44  1.33  1.08  0.61  0.30  0.19  0.10  0.07  0.04  0.04  0.03
 1 -45  0.03  0.09  0.15  0.29  0.58  0.86  1.40  2.65  3.79  4.58  6.20  8.12  8.82  8.66  7.45  6.59  4.24  2.39  1.26  1.01  0.55  0.26  0.16  0.08  0.06  0.04  0.04  0.03
 1 -40  0.03  0.09  0.15  0.29  0.58  0.86  1.42  2.74  3.87  4.68  6.35  8.35  9.13  9.03  7.61  6.63  4.23  2.31  1.16  0.92  0.48  0.22  0.10  0.06  0.05  0.04  0.04  0.03
 1 -35  0.03  0.09  0.15  0.30  0.59  0.88  1.45  2.81  4.02  4.86  6.60  8.59  9.34  9.18  7.77  6.80  4.23  2.01  0.92  0.72  0.35  0.14  0.08  0.06  0.05  0.05  0.04  0.04
 1 -30  0.03  0.09  0.15  0.30  0.60  0.90  1.48  2.89  4.14  5.01  6.80  8.80  9.52  9.37  7.91  6.95  4.21  1.72  0.69  0.52  0.23  0.10  0.06  0.05  0.05  0.05  0.04  0.04
 1 -25  0.03  0.09  0.15  0.31  0.61  0.91  1.50  2.92  4.26  5.18  7.01  9.09  9.77  9.62  7.99  6.89  4.11  1.57  0.58  0.43  0.19  0.07  0.05  0.05  0.05  0.05  0.04  0.04
 1 -20  0.03  0.09  0.15  0.30  0.60  0.90  1.50  2.97  4.36  5.33  7.24  9.39 10.04  9.84  8.06  6.83  4.02  1.39  0.47  0.35  0.15  0.05  0.04  0.04  0.04  0.04  0.04  0.04
 1 -15  0.03  0.09  0.15  0.30  0.60  0.90  1.49  2.97  4.42  5.50  7.50  9.60 10.20 10.01  8.18  6.92  3.92  1.32  0.42  0.31  0.14  0.05  0.04  0.04  0.04  0.04  0.04  0.03
 1 -10  0.03  0.09  0.15  0.30  0.60  0.89  1.49  3.00  4.53  5.67  7.83  9.85 10.45 10.23  8.34  7.02  3.81  1.24  0.36  0.28  0.09  0.04  0.03  0.03  0.04  0.04  0.04  0.03
 1  -5  0.03  0.09  0.15  0.30  0.60  0.90  1.49  2.99  4.54  5.70  7.89  9.80 10.31 10.11  8.23  6.91  3.68  1.19  0.33  0.27  0.07  0.04  0.03  0.03  0.03  0.04  0.03  0.03
 1   0  0.03  0.10  0.16  0.32  0.63  0.94  1.54  2.94  4.55  5.73  7.94  9.76 10.17 10.02  8.14  6.80  3.58  1.15  0.31  0.26  0.06  0.04  0.03  0.03  0.03  0.04  0.04  0.03
 1   5  0.03  0.10  0.16  0.32  0.63  0.94  1.55  2.97  4.55  5.71  7.74  9.48  9.89  9.67  7.95  6.74  3.71  1.26  0.36  0.29  0.06  0.04  0.03  0.03  0.04  0.04  0.04  0.04
 1  10  0.03  0.10  0.16  0.32  0.64  0.95  1.56  2.99  4.56  5.68  7.62  9.19  9.55  9.30  7.74  6.67  3.84  1.37  0.42  0.32  0.06  0.04  0.04  0.04  0.04  0.04  0.05  0.04
 1  15  0.03  0.10  0.16  0.32  0.64  0.96  1.57  3.01  4.56  5.68  7.48  8.86  9.11  8.79  7.39  6.42  3.86  1.42  0.43  0.33  0.07  0.04  0.04  0.04  0.04  0.05  0.05  0.05
 1  20  0.03  0.10  0.17  0.33  0.66  0.98  1.60  3.01  4.54  5.65  7.33  8.56  8.66  8.30  7.03  6.17  3.87  1.45  0.45  0.34  0.13  0.05  0.04  0.04  0.04  0.05  0.05  0.05
 1  25  0.03  0.10  0.17  0.33  0.66  0.99  1.62  3.11  4.62  5.74  7.28  8.22  8.23  7.83  6.91  6.30  4.24  1.70  0.61  0.47  0.22  0.06  0.06  0.05  0.05  0.05  0.05  0.05
 1  30  0.04  0.11  0.18  0.35  0.70  1.04  1.69  3.16  4.72  5.81  7.20  7.91  7.79  7.36  6.79  6.42  4.59  1.99  0.80  0.62  0.31  0.11  0.08  0.07  0.06  0.05  0.05  0.05
 1  35  0.04  0.11  0.19  0.37  0.74  1.09  1.78  3.32  4.89  5.95  7.09  7.62  7.47  7.04  6.60  6.33  4.97  2.45  1.21  0.95  0.51  0.26  0.17  0.09  0.07  0.06  0.05  0.05
 1  40  0.04  0.12  0.20  0.40  0.78  1.16  1.87  3.47  5.04  6.07  7.01  7.34  7.15  6.77  6.46  6.23  5.32  2.90  1.61  1.28  0.72  0.38  0.23  0.13  0.09  0.06  0.05  0.05
 1  45  0.04  0.12  0.21  0.41  0.81  1.20  1.95  3.63  5.14  6.10  6.84  7.07  6.90  6.56  6.37  6.27  5.42  3.20  1.88  1.53  0.94  0.50  0.27  0.17  0.09  0.06  0.05  0.05
 1  50  0.04  0.13  0.21  0.42  0.84  1.24  2.03  3.80  5.22  6.12  6.72  6.86  6.71  6.46  6.37  6.32  5.49  3.50  2.15  1.79  1.16  0.61  0.32  0.19  0.10  0.06  0.05  0.05
 1  55  0.04  0.13  0.22  0.43  0.85  1.26  2.05  3.82  5.03  5.84  6.43  6.71  6.62  6.40  6.14  5.94  5.20  3.50  2.31  1.95  1.33  0.68  0.38  0.22  0.10  0.06  0.05  0.05
 1  60  0.04  0.13  0.22  0.44  0.87  1.29  2.09  3.91  5.06  5.84  6.37  6.66  6.58  6.32  5.94  5.67  4.98  3.56  2.52  2.14  1.50  0.75  0.43  0.24  0.11  0.06  0.05  0.05
 1  65  0.04  0.13  0.22  0.43  0.85  1.26  2.05  3.82  4.96  5.75  6.39  6.83  6.80  6.55  6.07  5.72  4.84  3.55  2.51  2.13  1.50  0.75  0.42  0.24  0.11  0.06  0.05  0.05
 1  70  0.04  0.13  0.21  0.43  0.84  1.24  2.01  3.72  4.86  5.66  6.42  6.98  7.02  6.77  6.19  5.76  4.69  3.54  2.49  2.12  1.49  0.75  0.40  0.23  0.11  0.06  0.05  0.05
 1  75  0.04  0.12  0.21  0.41  0.80  1.18  1.91  3.50  4.58  5.36  6.15  6.67  6.62  6.29  5.71  5.27  4.45  3.47  2.59  2.25  1.68  0.79  0.41  0.24  0.11  0.06  0.05  0.05
 1  80  0.04  0.12  0.20  0.40  0.78  1.14  1.83  3.27  4.32  5.06  5.89  6.34  6.22  5.80  5.22  4.76  4.20  3.39  2.68  2.37  1.87  0.83  0.42  0.25  0.11  0.06  0.05  0.05
 1  85  0.04  0.12  0.20  0.40  0.78  1.14  1.83  3.27  4.33  5.08  5.93  6.38  6.26  5.84  5.26  4.80  4.22  3.39  2.68  2.37  1.87  0.83  0.42  0.25  0.11  0.07  0.06  0.05
 1  90  0.04  0.12  0.20  0.40  0.78  1.15  1.84  3.29  4.36  5.11  5.93  6.42  6.33  5.97  5.40  4.90  4.26  3.40  2.68  2.38  1.88  0.84  0.43  0.25  0.11  0.07  0.06  0.05
 2 -90  0.03  0.09  0.15  0.30  0.59  0.88  1.42  2.63  3.85  4.64  5.59  5.51  4.97  4.22  3.78  3.58  3.34  2.91  2.23  1.89  1.30  0.62  0.40  0.25  0.14  0.05  0.03  0.02
 2 -85  0.03  0.09  0.15  0.30  0.60  0.88  1.43  2.64  3.85  4.64  5.61  5.61  5.09  4.36  3.94  3.72  3.39  2.83  2.12  1.80  1.23  0.57  0.37  0.24  0.14  0.04  0.03  0.02
 2 -80  0.03  0.09  0.15  0.30  0.60  0.88  1.43  2.64  3.84  4.63  5.63  5.65  5.14  4.39  3.97  3.74  3.40  2.82  2.11  1.78  1.21  0.57  0.36  0.23  0.13  0.04  0.03  0.02
 2 -75  0.03  0.09  0.15  0.30  0.59  0.87  1.41  2.62  3.83  4.65  5.78  6.07  5.66  4.91  4.40  4.09  3.60  2.81  2.10  1.77  1.18  0.54  0.35  0.22  0.12  0.04  0.03  0.02
 2 -70  0.03  0.09  0.15  0.30  0.59  0.87  1.40  2.60  3.83  4.68  5.94  6.50  6.20  5.45  4.83  4.45  3.79  2.82  2.10  1.75  1.14  0.52  0.35  0.21  0.11  0.04  0.03  0.02
 2 -65  0.03  0.09  0.15  0.30  0.60  0.88  1.43  2.65  3.90  4.77  6.16  6.99  6.83  6.12  5.39  4.93  4.05  2.79  1.99  1.65  1.06  0.49  0.33  0.20  0.08  0.04  0.03  0.02
 2 -60  0.03  0.09  0.15  0.31  0.60  0.89  1.45  2.69  3.95  4.84  6.35  7.44  7.44  6.78  5.95  5.40  4.32  2.76  1.89  1.56  0.99  0.46  0.31  0.18  0.08  0.04  0.03  0.03
 2 -55  0.03  0.10  0.16  0.32  0.63  0.93  1.51  2.79  4.08  4.95  6.46  7.74  7.90  7.46  6.55  5.92  4.28  2.57  1.62  1.32  0.78  0.38  0.24  0.15  0.07  0.04  0.03  0.03
 2 -50  0.03  0.10  0.16  0.32  0.64  0.94  1.52  2.80  4.07  4.91  6.49  8.03  8.39  8.00  7.05  6.39  4.22  2.35  1.26  1.02  0.57  0.28  0.17  0.09  0.06  0.04  0.04  0.03
 2 -45  0.03  0.10  0.16  0.32  0.63  0.93  1.51  2.83  4.09  4.96  6.60  8.26  8.73  8.39  7.24  6.46  4.23  2.24  1.19  0.95  0.50  0.24  0.12  0.07  0.05  0.04  0.04  0.03
 2 -40  0.03  0.10  0.16  0.32  0.63  0.93  1.52  2.90  4.13  5.00  6.67  8.43  9.01  8.77  7.46  6.57  4.23  2.10  1.11  0.86  0.42  0.20  0.09  0.06  0.05  0.04  0.04  0.03
 2 -35  0.03  0.10  0.16  0.32  0.63  0.94  1.53  2.94  4.22  5.10  6.81  8.61  9.23  9.01  7.63  6.69  4.16  1.86  0.90  0.69  0.32  0.13  0.07  0.05  0.05  0.04  0.04  0.04
 2 -30  0.03  0.10  0.16  0.32  0.63  0.94  1.54  2.98  4.28  5.17  6.91  8.77  9.43  9.28  7.79  6.78  4.07  1.63  0.70  0.52  0.23  0.09  0.06  0.05  0.04  0.04  0.04  0.04
 2 -25  0.03  0.09  0.16  0.31  0.62  0.93  1.53  2.96  4.30  5.22  6.98  9.02  9.74  9.64  7.95  6.79  3.97  1.51  0.57  0.42  0.18  0.06  0.04  0.04  0.04  0.04  0.04  0.04
 2 -20  0.03  0.09  0.15  0.30  0.60  0.90  1.50  2.96  4.30  5.22  7.06  9.32 10.08  9.96  8.11  6.81  3.87  1.37  0.45  0.33  0.14  0.05  0.04  0.04  0.04  0.04  0.04  0.04
 2 -15  0.03  0.09  0.15  0.30  0.59  0.89  1.47  2.89  4.24  5.25  7.20  9.53 10.32 10.22  8.27  6.92  3.84  1.27  0.41  0.31  0.13  0.04  0.03  0.03  0.04  0.04  0.04  0.03
 2 -10  0.03  0.09  0.15  0.29  0.58  0.87  1.44  2.85  4.25  5.29  7.42  9.78 10.63 10.51  8.48  7.03  3.79  1.17  0.36  0.28  0.08  0.04  0.03  0.03  0.03  0.04  0.03  0.03
 2  -5  0.03  0.09  0.14  0.29  0.57  0.86  1.42  2.81  4.20  5.26  7.47  9.77 10.56 10.44  8.24  6.65  3.66  1.15  0.35  0.28  0.07  0.04  0.03  0.03  0.03  0.03  0.03  0.03
 2   0  0.03  0.09  0.16  0.31  0.61  0.91  1.47  2.73  4.17  5.22  7.47  9.74 10.45 10.37  8.00  6.28  3.55  1.15  0.35  0.29  0.06  0.04  0.03  0.03  0.03  0.04  0.04  0.03
 2   5  0.03  0.09  0.15  0.31  0.61  0.90  1.47  2.79  4.22  5.27  7.37  9.54 10.20 10.04  7.97  6.49  3.67  1.27  0.41  0.32  0.06  0.04  0.03  0.03  0.03  0.04  0.04  0.04
 2  10  0.03  0.09  0.15  0.31  0.61  0.91  1.49  2.85  4.30  5.34  7.35  9.35  9.93  9.71  7.93  6.70  3.79  1.37  0.47  0.36  0.06  0.04  0.04  0.04  0.04  0.04  0.05  0.04
 2  15  0.03  0.09  0.16  0.31  0.62  0.92  1.50  2.89  4.33  5.37  7.25  9.06  9.55  9.28  7.74  6.69  3.95  1.47  0.50  0.38  0.07  0.04  0.04  0.04  0.04  0.05  0.05  0.05
 2  20  0.03  0.10  0.16  0.32  0.64  0.95  1.54  2.92  4.36  5.40  7.17  8.78  9.14  8.84  7.55  6.67  4.11  1.54  0.53  0.40  0.09  0.05  0.05  0.05  0.05  0.05  0.05  0.05
 2  25  0.03  0.10  0.16  0.33  0.65  0.97  1.58  3.02  4.47  5.54  7.23  8.51  8.73  8.39  7.29  6.56  4.40  1.72  0.67  0.50  0.21  0.07  0.06  0.05  0.05  0.05  0.05  0.05
 2  30  0.03  0.10  0.17  0.35  0.68  1.01  1.64  3.08  4.59  5.66  7.23  8.26  8.30  7.89  7.01  6.43  4.68  1.97  0.84  0.64  0.29  0.18  0.10  0.08  0.06  0.06  0.05  0.05
 2  35  0.04  0.11  0.18  0.36  0.72  1.06  1.72  3.21  4.78  5.88  7.25  8.03  7.94  7.48  6.80  6.37  4.99  2.53  1.26  0.98  0.51  0.33  0.23  0.11  0.08  0.06  0.05  0.05
 2  40  0.04  0.12  0.19  0.38  0.76  1.12  1.80  3.32  4.97  6.10  7.31  7.78  7.57  7.12  6.63  6.29  5.27  3.08  1.66  1.33  0.74  0.49  0.31  0.16  0.10  0.06  0.06  0.05
 2  45  0.04  0.12  0.20  0.40  0.78  1.16  1.88  3.49  5.15  6.27  7.24  7.52  7.29  6.86  6.46  6.24  5.39  3.40  1.99  1.63  1.00  0.60  0.36  0.21  0.11  0.06  0.06  0.05
 2  50  0.04  0.12  0.21  0.41  0.81  1.20  1.96  3.70  5.35  6.42  7.21  7.31  7.08  6.70  6.40  6.22  5.50  3.70  2.32  1.94  1.26  0.70  0.40  0.23  0.12  0.07  0.06  0.05
 2  55  0.04  0.13  0.22  0.43  0.85  1.25  2.04  3.82  5.35  6.36  7.03  7.13  6.91  6.59  6.25  6.03  5.46  3.77  2.46  2.08  1.42  0.76  0.44  0.25  0.12  0.07  0.06  0.05
 2  60  0.05  0.14  0.23  0.45  0.89  1.32  2.15  4.03  5.58  6.56  7.08  7.06  6.81  6.46  6.16  5.95  5.49  3.90  2.66  2.26  1.57  0.81  0.48  0.27  0.12  0.07  0.06  0.05
 2  65  0.05  0.14  0.23  0.45  0.90  1.33  2.16  4.03  5.44  6.34  6.86  6.99  6.83  6.54  6.17  5.90  5.35  3.80  2.73  2.34  1.68  0.86  0.47  0.27  0.12  0.07  0.06  0.05
 2  70  0.05  0.14  0.23  0.45  0.90  1.33  2.15  4.00  5.28  6.11  6.65  6.92  6.85  6.62  6.18  5.86  5.20  3.69  2.80  2.41  1.77  0.90  0.46  0.28  0.12  0.07  0.06  0.05
 2  75  0.05  0.14  0.23  0.45  0.89  1.31  2.13  3.94  5.02  5.75  6.55  7.13  7.18  6.94  6.40  6.01  5.22  3.64  2.84  2.45  1.80  0.94  0.48  0.28  0.13  0.07  0.06  0.05
 2  80  0.05  0.13  0.22  0.45  0.88  1.30  2.09  3.86  4.78  5.39  6.45  7.33  7.50  7.26  6.62  6.14  5.24  3.58  2.87  2.48  1.84  0.97  0.50  0.28  0.14  0.07  0.06  0.05
 2  85  0.04  0.13  0.22  0.44  0.87  1.29  2.09  3.85  4.77  5.39  6.45  7.37  7.55  7.30  6.65  6.17  5.25  3.58  2.87  2.48  1.83  0.97  0.50  0.28  0.15  0.07  0.06  0.05
 2  90  0.04  0.13  0.22  0.44  0.87  1.28  2.07  3.82  4.77  5.42  6.54  7.49  7.68  7.42  6.79  6.30  5.34  3.61  2.89  2.49  1.85  1.00  0.51  0.28  0.15  0.07  0.06  0.05
 3 -90  0.04  0.13  0.22  0.44  0.87  1.28  2.05  3.69  4.72  5.34  5.38  5.09  4.72  4.22  3.67  3.35  3.33  2.69  2.16  1.85  1.28  0.61  0.36  0.22  0.11  0.04  0.03  0.02
 3 -85  0.05  0.14  0.23  0.45  0.88  1.29  2.07  3.75  4.85  5.52  5.59  5.26  4.86  4.35  3.79  3.46  3.41  2.70  2.11  1.79  1.24  0.58  0.34  0.21  0.11  0.04  0.03  0.02
 3 -80  0.05  0.14  0.22  0.45  0.88  1.29  2.07  3.74  4.92  5.62  5.68  5.29  4.87  4.34  3.80  3.47  3.43  2.71  2.11  1.79  1.23  0.57  0.34  0.20  0.11  0.04  0.03  0.02
 3 -75  0.04  0.13  0.21  0.42  0.84  1.23  1.98  3.59  4.97  5.82  6.20  5.87  5.37  4.75  4.12  3.73  3.53  2.73  2.09  1.75  1.17  0.55  0.32  0.20  0.10  0.04  0.03  0.02
 3 -70  0.04  0.12  0.20  0.40  0.79  1.17  1.88  3.43  4.98  5.97  6.71  6.44  5.87  5.15  4.45  4.00  3.62  2.75  2.07  1.72  1.12  0.53  0.31  0.19  0.09  0.04  0.03  0.02
 3 -65  0.04  0.12  0.20  0.39  0.77  1.13  1.82  3.33  4.93  5.99  6.98  6.96  6.46  5.73  5.06  4.63  3.83  2.74  1.96  1.62  1.04  0.50  0.30  0.18  0.09  0.05  0.03  0.03
 3 -60  0.04  0.11  0.19  0.38  0.74  1.09  1.77  3.24  4.87  5.98  7.23  7.48  7.06  6.30  5.68  5.27  4.04  2.72  1.84  1.52  0.97  0.46  0.28  0.17  0.08  0.05  0.03  0.03
 3 -55  0.04  0.11  0.19  0.38  0.74  1.09  1.76  3.23  4.85  5.93  7.29  7.82  7.55  6.93  6.24  5.79  4.27  2.61  1.62  1.33  0.80  0.38  0.22  0.14  0.07  0.04  0.03  0.03
 3 -50  0.04  0.11  0.19  0.37  0.73  1.07  1.72  3.15  4.70  5.73  7.25  8.15  8.07  7.43  6.72  6.27  4.48  2.46  1.32  1.07  0.62  0.28  0.17  0.08  0.06  0.04  0.04  0.03
 3 -45  0.04  0.11  0.18  0.36  0.70  1.04  1.68  3.09  4.60  5.63  7.24  8.37  8.44  7.86  6.79  6.10  4.31  2.34  1.21  0.98  0.55  0.24  0.11  0.06  0.05  0.04  0.04  0.03
 3 -40  0.04  0.11  0.18  0.35  0.69  1.02  1.65  3.07  4.51  5.53  7.19  8.52  8.76  8.30  6.92  6.00  4.14  2.18  1.09  0.87  0.47  0.19  0.09  0.06  0.05  0.04  0.04  0.03
 3 -35  0.03  0.10  0.17  0.34  0.67  1.00  1.62  3.07  4.51  5.51  7.21  8.67  9.03  8.69  7.44  6.60  4.17  1.94  0.89  0.69  0.34  0.13  0.07  0.05  0.04  0.04  0.04  0.03
 3 -30  0.03  0.10  0.17  0.33  0.66  0.98  1.61  3.05  4.48  5.47  7.20  8.80  9.28  9.08  7.94  7.16  4.20  1.72  0.68  0.51  0.22  0.09  0.05  0.04  0.04  0.04  0.04  0.03
 3 -25  0.03  0.10  0.16  0.33  0.65  0.96  1.57  3.00  4.41  5.36  7.09  8.95  9.58  9.49  8.15  7.20  4.06  1.48  0.52  0.39  0.16  0.06  0.04  0.04  0.04  0.04  0.04  0.03
 3 -20  0.03  0.09  0.16  0.31  0.62  0.92  1.52  2.95  4.29  5.20  6.98  9.17  9.93  9.87  8.34  7.25  3.95  1.23  0.37  0.27  0.10  0.04  0.03  0.03  0.04  0.04  0.04  0.03
 3 -15  0.03  0.09  0.15  0.31  0.61  0.90  1.48  2.85  4.13  5.07  6.88  9.24 10.16 10.23  8.40  7.12  3.92  1.21  0.37  0.27  0.11  0.04  0.03  0.03  0.03  0.04  0.04  0.03
 3 -10  0.03  0.09  0.15  0.30  0.59  0.88  1.45  2.79  4.03  4.94  6.88  9.35 10.44 10.60  8.50  7.00  3.87  1.19  0.36  0.27  0.12  0.03  0.03  0.03  0.03  0.03  0.03  0.03
 3  -5  0.03  0.09  0.15  0.29  0.59  0.87  1.43  2.75  3.94  4.85  6.86  9.31 10.42 10.61  8.45  6.88  3.83  1.18  0.36  0.28  0.06  0.03  0.03  0.03  0.03  0.03  0.03  0.03
 3   0  0.03  0.09  0.16  0.31  0.61  0.90  1.46  2.67  3.88  4.75  6.79  9.25 10.32 10.59  8.39  6.78  3.80  1.19  0.36  0.28  0.13  0.03  0.03  0.03  0.03  0.03  0.03  0.03
 3   5  0.03  0.09  0.15  0.31  0.61  0.90  1.46  2.74  3.97  4.88  6.83  9.20 10.18 10.31  8.31  6.87  3.87  1.28  0.41  0.32  0.06  0.03  0.03  0.03  0.03  0.04  0.04  0.04
 3  10  0.03  0.09  0.15  0.31  0.61  0.90  1.47  2.81  4.11  5.04  6.92  9.16 10.02 10.05  8.23  6.97  3.93  1.36  0.45  0.35  0.07  0.04  0.03  0.03  0.04  0.04  0.05  0.05
 3  15  0.03  0.09  0.15  0.31  0.61  0.91  1.50  2.88  4.19  5.15  6.92  8.98  9.72  9.64  7.91  6.74  4.00  1.41  0.46  0.35  0.07  0.04  0.04  0.04  0.04  0.05  0.05  0.05
 3  20  0.03  0.10  0.16  0.32  0.64  0.94  1.54  2.92  4.28  5.27  6.98  8.81  9.37  9.22  7.58  6.49  4.06  1.44  0.48  0.37  0.15  0.05  0.05  0.05  0.05  0.05  0.05  0.05
 3  25  0.03  0.10  0.16  0.33  0.65  0.96  1.57  2.99  4.37  5.41  7.12  8.67  9.08  8.84  7.42  6.51  4.32  1.74  0.66  0.51  0.25  0.07  0.06  0.06  0.06  0.06  0.05  0.05
 3  30  0.03  0.10  0.17  0.34  0.67  0.99  1.61  3.02  4.48  5.52  7.21  8.54  8.76  8.42  7.25  6.50  4.57  2.09  0.87  0.69  0.36  0.21  0.11  0.09  0.07  0.06  0.06  0.05
 3  35  0.04  0.11  0.18  0.35  0.69  1.02  1.65  3.08  4.61  5.71  7.34  8.44  8.48  8.04  7.07  6.45  4.72  2.55  1.28  1.04  0.62  0.36  0.25  0.12  0.09  0.06  0.06  0.05
 3  40  0.04  0.11  0.18  0.36  0.71  1.05  1.70  3.11  4.73  5.89  7.52  8.34  8.20  7.69  6.92  6.41  4.84  3.01  1.68  1.40  0.88  0.51  0.33  0.17  0.10  0.07  0.06  0.05
 3  45  0.04  0.11  0.18  0.37  0.72  1.07  1.73  3.19  4.86  6.05  7.54  8.12  7.90  7.36  6.66  6.24  5.08  3.32  1.99  1.66  1.09  0.65  0.39  0.22  0.12  0.07  0.06  0.06
 3  50  0.04  0.11  0.19  0.37  0.73  1.08  1.76  3.30  5.02  6.23  7.61  7.96  7.67  7.13  6.49  6.08  5.30  3.63  2.29  1.93  1.29  0.77  0.46  0.26  0.13  0.07  0.06  0.06
 3  55  0.04  0.12  0.19  0.38  0.76  1.12  1.82  3.39  5.07  6.26  7.47  7.75  7.43  6.91  6.34  5.97  5.32  3.76  2.47  2.09  1.45  0.84  0.51  0.28  0.14  0.07  0.06  0.06
 3  60  0.04  0.12  0.20  0.40  0.80  1.18  1.91  3.57  5.35  6.56  7.57  7.65  7.25  6.68  6.24  5.97  5.41  3.96  2.71  2.30  1.59  0.92  0.55  0.31  0.14  0.08  0.06  0.06
 3  65  0.04  0.13  0.21  0.42  0.82  1.22  1.98  3.68  5.38  6.50  7.37  7.44  7.07  6.54  6.10  5.83  5.31  4.00  2.82  2.42  1.74  0.98  0.59  0.33  0.14  0.08  0.06  0.06
 3  70  0.04  0.13  0.22  0.43  0.85  1.26  2.04  3.80  5.38  6.43  7.17  7.23  6.89  6.40  5.96  5.69  5.22  4.04  2.93  2.55  1.89  1.04  0.63  0.36  0.15  0.08  0.06  0.06
 3  75  0.04  0.13  0.22  0.43  0.85  1.26  2.05  3.81  5.26  6.24  6.97  7.19  6.96  6.55  5.96  5.57  5.16  4.08  3.00  2.60  1.94  1.08  0.62  0.36  0.15  0.08  0.06  0.06
 3  80  0.04  0.13  0.22  0.43  0.86  1.27  2.06  3.82  5.14  6.04  6.77  7.14  7.04  6.71  5.96  5.46  5.09  4.12  3.05  2.65  1.99  1.11  0.62  0.35  0.14  0.08  0.06  0.06
 3  85  0.04  0.13  0.22  0.43  0.86  1.27  2.06  3.82  5.14  6.05  6.79  7.17  7.06  6.74  6.00  5.50  5.12  4.14  3.07  2.66  1.99  1.11  0.61  0.35  0.14  0.08  0.06  0.06
 3  90  0.04  0.13  0.22  0.43  0.85  1.25  2.03  3.78  5.04  5.92  6.66  7.11  7.09  6.85  6.14  5.65  5.26  4.24  3.15  2.73  2.04  1.15  0.63  0.35  0.14  0.08  0.07  0.06
 4 -90  0.06  0.17  0.28  0.55  1.07  1.56  2.45  4.13  4.79  5.20  5.35  5.07  4.67  4.12  3.51  3.17  2.90  2.86  2.20  1.84  1.23  0.55  0.33  0.19  0.09  0.04  0.03  0.03
 4 -85  0.06  0.17  0.29  0.56  1.10  1.60  2.52  4.28  5.00  5.42  5.55  5.26  4.83  4.25  3.61  3.25  2.97  2.88  2.18  1.81  1.20  0.54  0.32  0.19  0.09  0.04  0.03  0.03
 4 -80  0.06  0.17  0.29  0.57  1.11  1.62  2.56  4.36  5.08  5.49  5.59  5.28  4.84  4.25  3.61  3.25  2.96  2.88  2.18  1.81  1.19  0.53  0.32  0.19  0.09  0.04  0.03  0.03
 4 -75  0.06  0.17  0.28  0.56  1.09  1.60  2.53  4.38  5.45  6.10  6.19  5.76  5.26  4.64  4.02  3.66  3.33  2.87  2.15  1.79  1.18  0.51  0.31  0.18  0.09  0.04  0.03  0.03
 4 -70  0.06  0.17  0.27  0.54  1.06  1.56  2.48  4.36  5.80  6.70  6.78  6.24  5.69  5.05  4.45  4.09  3.70  2.87  2.13  1.77  1.18  0.50  0.30  0.18  0.08  0.04  0.03  0.03
 4 -65  0.05  0.16  0.26  0.52  1.02  1.50  2.40  4.28  5.89  6.91  7.16  6.71  6.19  5.56  5.02  4.66  3.98  2.87  2.02  1.68  1.10  0.47  0.27  0.16  0.08  0.04  0.03  0.03
 4 -60  0.05  0.15  0.25  0.50  0.98  1.44  2.31  4.17  5.96  7.09  7.54  7.18  6.68  6.04  5.56  5.21  4.26  2.85  1.90  1.57  1.01  0.43  0.24  0.14  0.08  0.04  0.03  0.03
 4 -55  0.05  0.14  0.24  0.48  0.94  1.38  2.22  4.03  5.88  7.04  7.69  7.53  7.09  6.54  6.14  5.86  4.52  2.72  1.70  1.38  0.81  0.36  0.19  0.11  0.07  0.04  0.03  0.03
 4 -50  0.05  0.14  0.23  0.45  0.88  1.30  2.09  3.80  5.64  6.82  7.76  7.90  7.54  6.90  6.64  6.45  4.76  2.55  1.41  1.12  0.61  0.29  0.13  0.08  0.06  0.04  0.03  0.03
 4 -45  0.04  0.13  0.21  0.42  0.83  1.22  1.97  3.58  5.36  6.55  7.73  8.15  7.89  7.25  6.61  6.22  4.56  2.39  1.31  1.05  0.56  0.25  0.13  0.07  0.05  0.04  0.03  0.03
 4 -40  0.04  0.12  0.20  0.40  0.79  1.16  1.87  3.40  5.11  6.28  7.68  8.37  8.24  7.63  6.67  6.04  4.36  2.20  1.22  0.97  0.51  0.22  0.09  0.06  0.04  0.04  0.03  0.03
 4 -35  0.04  0.11  0.19  0.38  0.74  1.10  1.78  3.29  4.93  6.06  7.60  8.57  8.61  8.14  6.91  6.08  4.18  1.96  1.02  0.81  0.42  0.17  0.08  0.05  0.04  0.04  0.03  0.03
 4 -30  0.04  0.11  0.18  0.36  0.71  1.05  1.71  3.18  4.75  5.82  7.48  8.75  8.98  8.66  7.16  6.14  3.99  1.72  0.83  0.64  0.32  0.09  0.06  0.04  0.04  0.04  0.04  0.03
 4 -25  0.04  0.10  0.17  0.35  0.69  1.02  1.65  3.09  4.58  5.60  7.24  8.85  9.30  9.16  7.61  6.50  3.97  1.52  0.62  0.47  0.22  0.06  0.04  0.04  0.04  0.04  0.04  0.03
 4 -20  0.03  0.10  0.17  0.33  0.66  0.98  1.59  3.01  4.38  5.30  7.00  9.01  9.68  9.63  8.03  6.86  3.98  1.32  0.41  0.31  0.12  0.04  0.03  0.03  0.03  0.04  0.04  0.03
 4 -15  0.03  0.10  0.16  0.32  0.64  0.95  1.55  2.92  4.21  5.13  6.81  8.96  9.85  9.98  8.26  7.03  3.98  1.24  0.38  0.29  0.12  0.04  0.03  0.03  0.03  0.03  0.03  0.03
 4 -10  0.03  0.10  0.16  0.32  0.63  0.94  1.52  2.86  4.09  4.97  6.74  8.97 10.05 10.35  8.52  7.20  3.96  1.16  0.34  0.26  0.11  0.03  0.03  0.03  0.03  0.03  0.03  0.03
 4  -5  0.03  0.10  0.16  0.32  0.62  0.92  1.50  2.81  4.00  4.88  6.70  8.92 10.03 10.40  8.55  7.19  3.98  1.17  0.34  0.26  0.12  0.03  0.03  0.03  0.03  0.03  0.03  0.03
 4   0  0.03  0.10  0.16  0.32  0.63  0.93  1.51  2.75  3.94  4.77  6.61  8.86  9.96 10.42  8.58  7.21  4.01  1.20  0.34  0.27  0.12  0.03  0.03  0.03  0.03  0.03  0.03  0.03
 4   5  0.03  0.10  0.16  0.32  0.63  0.93  1.51  2.80  4.02  4.91  6.70  8.92  9.90 10.15  8.44  7.18  4.08  1.30  0.49  0.37  0.14  0.03  0.03  0.03  0.03  0.04  0.04  0.03
 4  10  0.03  0.09  0.16  0.31  0.62  0.92  1.51  2.86  4.14  5.07  6.85  8.98  9.83  9.92  8.29  7.14  4.14  1.39  0.65  0.48  0.16  0.04  0.03  0.03  0.03  0.04  0.04  0.04
 4  15  0.03  0.09  0.16  0.31  0.62  0.93  1.52  2.91  4.21  5.16  6.90  8.90  9.62  9.58  8.03  6.97  4.14  1.45  0.69  0.50  0.17  0.04  0.04  0.04  0.04  0.05  0.05  0.05
 4  20  0.03  0.10  0.16  0.32  0.64  0.95  1.55  2.92  4.27  5.26  7.00  8.83  9.38  9.24  7.75  6.76  4.14  1.50  0.72  0.53  0.17  0.06  0.05  0.05  0.05  0.05  0.05  0.05
 4  25  0.03  0.10  0.16  0.32  0.64  0.95  1.55  2.94  4.29  5.29  7.06  8.75  9.23  9.00  7.62  6.75  4.33  1.72  0.82  0.62  0.27  0.09  0.07  0.06  0.06  0.06  0.06  0.05
 4  30  0.03  0.10  0.16  0.33  0.64  0.96  1.56  2.94  4.31  5.31  7.07  8.69  9.04  8.73  7.50  6.71  4.51  1.99  0.94  0.74  0.38  0.18  0.11  0.08  0.07  0.06  0.06  0.05
 4  35  0.03  0.10  0.17  0.33  0.65  0.96  1.56  2.90  4.30  5.30  7.07  8.63  8.87  8.46  7.32  6.60  4.55  2.32  1.27  1.03  0.62  0.37  0.19  0.11  0.08  0.06  0.06  0.05
 4  40  0.03  0.10  0.17  0.33  0.66  0.97  1.56  2.85  4.28  5.31  7.14  8.55  8.67  8.21  7.18  6.50  4.58  2.68  1.59  1.33  0.87  0.53  0.33  0.14  0.09  0.07  0.06  0.05
 4  45  0.03  0.10  0.17  0.33  0.65  0.96  1.55  2.85  4.29  5.35  7.13  8.36  8.40  7.88  6.88  6.26  4.66  2.96  1.84  1.55  1.03  0.64  0.39  0.19  0.11  0.07  0.06  0.05
 4  50  0.03  0.10  0.16  0.32  0.64  0.95  1.54  2.88  4.35  5.42  7.19  8.25  8.21  7.64  6.67  6.04  4.72  3.24  2.09  1.77  1.19  0.74  0.46  0.26  0.13  0.07  0.06  0.06
 4  55  0.03  0.10  0.16  0.33  0.64  0.95  1.55  2.89  4.35  5.43  7.13  8.06  7.93  7.34  6.39  5.76  4.86  3.45  2.27  1.92  1.33  0.80  0.51  0.29  0.14  0.08  0.06  0.06
 4  60  0.03  0.10  0.17  0.34  0.66  0.98  1.60  2.99  4.60  5.74  7.32  7.97  7.71  7.03  6.15  5.59  5.06  3.71  2.50  2.12  1.47  0.85  0.56  0.32  0.15  0.08  0.06  0.06
 4  65  0.03  0.10  0.17  0.34  0.67  1.00  1.62  3.04  4.65  5.76  7.14  7.63  7.33  6.66  5.97  5.53  5.04  3.77  2.66  2.26  1.57  0.95  0.64  0.37  0.16  0.08  0.06  0.06
 4  70  0.04  0.10  0.17  0.35  0.68  1.02  1.65  3.10  4.69  5.77  6.97  7.29  6.96  6.30  5.79  5.49  5.03  3.83  2.82  2.40  1.67  1.05  0.72  0.42  0.19  0.08  0.06  0.06
 4  75  0.04  0.11  0.18  0.36  0.70  1.04  1.70  3.19  4.71  5.71  6.65  6.87  6.55  5.97  5.63  5.45  5.06  3.94  2.93  2.51  1.78  1.11  0.73  0.42  0.18  0.08  0.06  0.06
 4  80  0.04  0.11  0.18  0.37  0.72  1.07  1.75  3.30  4.73  5.65  6.35  6.45  6.15  5.64  5.46  5.41  5.07  4.05  3.04  2.61  1.90  1.16  0.73  0.42  0.17  0.08  0.06  0.06
 4  85  0.04  0.11  0.19  0.37  0.73  1.08  1.76  3.33  4.77  5.66  6.34  6.47  6.18  5.66  5.49  5.44  5.10  4.07  3.06  2.63  1.91  1.16  0.74  0.42  0.17  0.09  0.06  0.06
 4  90  0.04  0.11  0.18  0.37  0.73  1.08  1.76  3.32  4.77  5.67  6.35  6.49  6.24  5.74  5.59  5.57  5.25  4.17  3.14  2.70  1.94  1.18  0.75  0.43  0.17  0.09  0.06  0.06
 5 -90  0.06  0.18  0.29  0.58  1.11  1.60  2.45  3.86  4.68  5.27  5.27  5.04  4.45  3.79  3.55  3.48  3.36  2.79  2.11  1.75  1.14  0.50  0.27  0.15  0.06  0.04  0.03  0.03
 5 -85  0.06  0.18  0.30  0.59  1.13  1.64  2.52  3.99  4.91  5.53  5.52  5.17  4.56  3.88  3.63  3.55  3.42  2.81  2.11  1.75  1.14  0.50  0.28  0.16  0.06  0.04  0.03  0.03
 5 -80  0.06  0.18  0.30  0.59  1.14  1.65  2.55  4.05  4.99  5.62  5.58  5.18  4.56  3.88  3.63  3.54  3.42  2.82  2.12  1.76  1.14  0.50  0.28  0.16  0.06  0.04  0.03  0.03
 5 -75  0.06  0.18  0.30  0.59  1.14  1.65  2.56  4.16  5.27  5.99  6.12  5.78  5.24  4.58  4.11  3.87  3.54  2.72  1.99  1.65  1.07  0.47  0.26  0.15  0.06  0.04  0.03  0.03
 5 -70  0.06  0.18  0.30  0.59  1.14  1.66  2.59  4.30  5.59  6.39  6.64  6.36  5.90  5.27  4.60  4.21  3.68  2.63  1.86  1.54  1.01  0.45  0.25  0.15  0.07  0.04  0.03  0.03
 5 -65  0.06  0.18  0.30  0.60  1.17  1.71  2.71  4.66  6.08  6.95  7.01  6.61  6.16  5.58  5.10  4.82  4.20  2.78  1.87  1.53  0.96  0.45  0.24  0.14  0.07  0.04  0.03  0.03
 5 -60  0.06  0.18  0.31  0.61  1.19  1.75  2.78  4.94  6.50  7.46  7.34  6.86  6.42  5.90  5.62  5.43  4.69  2.90  1.87  1.51  0.90  0.45  0.23  0.14  0.07  0.04  0.03  0.03
 5 -55  0.06  0.18  0.29  0.58  1.14  1.68  2.69  4.81  6.60  7.65  7.67  7.19  6.74  6.29  6.03  5.81  4.80  2.72  1.74  1.40  0.78  0.44  0.21  0.13  0.06  0.04  0.03  0.03
 5 -50  0.06  0.17  0.28  0.55  1.09  1.60  2.55  4.58  6.49  7.65  7.90  7.55  7.11  6.56  6.35  6.15  4.89  2.51  1.54  1.22  0.66  0.43  0.19  0.09  0.05  0.04  0.03  0.03
 5 -45  0.05  0.15  0.25  0.50  0.99  1.46  2.33  4.17  6.07  7.29  7.90  7.81  7.42  6.82  6.39  6.09  4.77  2.42  1.44  1.14  0.60  0.38  0.17  0.07  0.05  0.04  0.03  0.03
 5 -40  0.05  0.14  0.23  0.46  0.90  1.32  2.12  3.81  5.69  6.94  7.89  8.07  7.74  7.10  6.50  6.07  4.62  2.30  1.33  1.05  0.53  0.33  0.15  0.06  0.05  0.04  0.03  0.03
 5 -35  0.04  0.13  0.21  0.42  0.82  1.22  1.96  3.58  5.35  6.55  7.75  8.25  8.07  7.55  6.88  6.43  4.53  2.04  1.07  0.83  0.39  0.24  0.09  0.06  0.04  0.04  0.03  0.03
 5 -30  0.04  0.12  0.20  0.39  0.76  1.13  1.82  3.35  5.02  6.15  7.59  8.43  8.44  8.03  7.28  6.78  4.42  1.80  0.81  0.61  0.26  0.10  0.06  0.05  0.04  0.04  0.03  0.03
 5 -25  0.04  0.11  0.19  0.37  0.73  1.08  1.74  3.21  4.78  5.83  7.31  8.54  8.78  8.56  7.55  6.82  4.28  1.65  0.65  0.48  0.19  0.06  0.04  0.04  0.04  0.04  0.04  0.03
 5 -20  0.04  0.11  0.18  0.36  0.70  1.03  1.67  3.08  4.50  5.44  7.01  8.71  9.19  9.06  7.80  6.86  4.15  1.49  0.48  0.36  0.14  0.05  0.03  0.03  0.03  0.03  0.04  0.03
 5 -15  0.03  0.10  0.17  0.34  0.68  1.00  1.63  3.00  4.35  5.30  6.85  8.69  9.39  9.45  8.08  7.09  4.16  1.38  0.41  0.31  0.12  0.04  0.03  0.03  0.03  0.03  0.03  0.03
 5 -10  0.03  0.10  0.17  0.34  0.67  0.99  1.60  2.95  4.24  5.16  6.82  8.72  9.61  9.87  8.40  7.32  4.16  1.26  0.33  0.25  0.11  0.03  0.03  0.03  0.03  0.03  0.03  0.03
 5  -5  0.03  0.10  0.17  0.34  0.67  0.98  1.58  2.90  4.18  5.10  6.84  8.73  9.65  9.98  8.33  7.09  3.95  1.09  0.29  0.22  0.10  0.03  0.03  0.03  0.03  0.03  0.03  0.03
 5   0  0.03  0.10  0.17  0.33  0.66  0.97  1.57  2.88  4.15  5.05  6.83  8.76  9.67 10.06  8.25  6.89  3.76  0.94  0.25  0.20  0.10  0.03  0.03  0.03  0.03  0.03  0.03  0.03
 5   5  0.03  0.10  0.17  0.33  0.65  0.97  1.56  2.90  4.18  5.12  6.88  8.86  9.68  9.92  8.30  7.10  4.05  1.20  0.41  0.33  0.16  0.03  0.03  0.03  0.03  0.03  0.03  0.03
 5  10  0.03  0.10  0.16  0.32  0.64  0.95  1.55  2.94  4.27  5.22  6.98  8.94  9.68  9.80  8.36  7.31  4.31  1.45  0.58  0.46  0.22  0.04  0.03  0.03  0.03  0.04  0.04  0.03
 5  15  0.03  0.10  0.16  0.32  0.64  0.95  1.55  2.94  4.28  5.23  6.96  8.88  9.55  9.52  8.17  7.22  4.23  1.53  0.62  0.49  0.24  0.04  0.04  0.04  0.04  0.05  0.05  0.04
 5  20  0.03  0.10  0.16  0.33  0.65  0.96  1.56  2.92  4.26  5.24  6.98  8.84  9.39  9.26  7.97  7.11  4.15  1.60  0.66  0.53  0.26  0.07  0.05  0.05  0.05  0.05  0.05  0.05
 5  25  0.03  0.10  0.16  0.32  0.64  0.95  1.54  2.91  4.23  5.19  6.94  8.73  9.28  9.10  7.83  7.01  4.38  1.77  0.78  0.62  0.33  0.11  0.07  0.06  0.06  0.06  0.05  0.05
 5  30  0.03  0.10  0.16  0.32  0.63  0.93  1.52  2.88  4.18  5.14  6.87  8.63  9.13  8.91  7.67  6.87  4.60  1.98  0.91  0.73  0.41  0.17  0.09  0.07  0.06  0.06  0.06  0.05
 5  35  0.03  0.10  0.16  0.32  0.63  0.93  1.51  2.83  4.12  5.04  6.74  8.50  8.96  8.68  7.49  6.71  4.62  2.23  1.16  0.95  0.59  0.33  0.14  0.09  0.07  0.06  0.06  0.05
 5  40  0.03  0.10  0.16  0.32  0.63  0.93  1.50  2.75  4.04  4.96  6.71  8.38  8.77  8.47  7.31  6.55  4.62  2.50  1.40  1.18  0.78  0.47  0.22  0.12  0.08  0.07  0.06  0.05
 5  45  0.03  0.09  0.16  0.31  0.61  0.90  1.46  2.70  3.94  4.86  6.56  8.17  8.53  8.17  7.01  6.29  4.60  2.71  1.63  1.38  0.93  0.58  0.35  0.16  0.10  0.07  0.06  0.05
 5  50  0.03  0.09  0.15  0.30  0.59  0.88  1.43  2.68  3.91  4.80  6.50  8.03  8.34  7.93  6.78  6.05  4.56  2.92  1.87  1.59  1.09  0.68  0.43  0.20  0.12  0.07  0.06  0.06
 5  55  0.03  0.09  0.15  0.29  0.58  0.86  1.39  2.62  3.80  4.69  6.38  7.84  8.05  7.58  6.47  5.76  4.56  3.07  2.00  1.69  1.17  0.73  0.48  0.28  0.13  0.08  0.06  0.06
 5  60  0.03  0.09  0.15  0.29  0.58  0.86  1.41  2.65  3.94  4.87  6.51  7.74  7.81  7.20  6.20  5.56  4.63  3.28  2.18  1.82  1.24  0.77  0.53  0.31  0.15  0.08  0.06  0.06
 5  65  0.03  0.09  0.15  0.29  0.57  0.85  1.38  2.60  3.87  4.77  6.32  7.36  7.31  6.66  5.69  5.08  4.35  3.30  2.31  1.95  1.35  0.84  0.59  0.36  0.16  0.08  0.06  0.05
 5  70  0.03  0.09  0.14  0.28  0.56  0.83  1.36  2.56  3.80  4.69  6.14  6.99  6.83  6.13  5.18  4.60  4.06  3.32  2.44  2.07  1.46  0.91  0.66  0.42  0.24  0.09  0.07  0.06
 5  75  0.03  0.09  0.14  0.28  0.56  0.83  1.36  2.57  3.88  4.80  6.17  6.74  6.42  5.66  4.96  4.54  4.19  3.42  2.49  2.11  1.49  0.93  0.66  0.42  0.23  0.09  0.07  0.06
 5  80  0.03  0.09  0.14  0.28  0.56  0.83  1.36  2.57  3.94  4.91  6.22  6.52  6.03  5.21  4.74  4.49  4.31  3.52  2.54  2.16  1.53  0.95  0.66  0.42  0.23  0.09  0.07  0.06
 5  85  0.03  0.08  0.14  0.28  0.56  0.83  1.35  2.55  3.94  4.94  6.25  6.54  6.03  5.20  4.73  4.49  4.32  3.54  2.55  2.16  1.53  0.95  0.66  0.42  0.23  0.09  0.07  0.06
 5  90  0.03  0.08  0.14  0.28  0.55  0.81  1.32  2.50  3.88  4.90  6.27  6.56  6.04  5.19  4.68  4.45  4.33  3.59  2.57  2.16  1.50  0.94  0.67  0.43  0.23  0.09  0.07  0.06
 6 -90  0.06  0.18  0.29  0.57  1.09  1.56  2.37  3.55  4.63  5.42  5.38  5.39  5.12  4.58  4.18  3.99  3.39  2.82  2.07  1.73  1.18  0.46  0.20  0.09  0.05  0.04  0.03  0.03
 6 -85  0.06  0.18  0.30  0.58  1.11  1.60  2.43  3.67  4.84  5.66  5.68  5.52  5.19  4.66  4.26  4.05  3.45  2.84  2.08  1.74  1.17  0.44  0.21  0.09  0.06  0.04  0.03  0.03
 6 -80  0.06  0.18  0.30  0.58  1.12  1.61  2.44  3.70  4.89  5.71  5.74  5.57  5.21  4.67  4.27  4.05  3.45  2.85  2.09  1.74  1.17  0.45  0.21  0.09  0.06  0.04  0.03  0.03
 6 -75  0.06  0.18  0.30  0.59  1.13  1.63  2.49  3.88  5.10  5.94  6.16  6.10  5.73  5.16  4.58  4.24  3.61  2.84  2.06  1.72  1.16  0.44  0.20  0.10  0.06  0.04  0.03  0.03
 6 -70  0.06  0.18  0.30  0.59  1.15  1.66  2.57  4.12  5.40  6.25  6.61  6.57  6.20  5.62  4.89  4.44  3.80  2.85  2.04  1.71  1.16  0.43  0.20  0.10  0.06  0.04  0.03  0.03
 6 -65  0.06  0.19  0.31  0.60  1.17  1.70  2.66  4.41  5.80  6.68  6.85  6.64  6.26  5.72  5.21  4.89  4.21  2.95  2.05  1.71  1.13  0.47  0.23  0.10  0.06  0.04  0.03  0.03
 6 -60  0.06  0.19  0.31  0.61  1.18  1.73  2.72  4.65  6.13  7.05  7.04  6.68  6.29  5.79  5.50  5.33  4.59  3.02  2.04  1.69  1.10  0.51  0.27  0.10  0.06  0.04  0.03  0.03
 6 -55  0.06  0.18  0.30  0.60  1.17  1.71  2.73  4.81  6.52  7.55  7.41  6.91  6.49  6.10  5.89  5.73  4.74  2.86  1.87  1.55  0.96  0.49  0.28  0.10  0.06  0.04  0.03  0.03
 6 -50  0.06  0.18  0.30  0.59  1.15  1.70  2.71  4.81  6.67  7.80  7.69  7.16  6.76  6.32  6.22  6.10  4.88  2.68  1.63  1.34  0.83  0.46  0.29  0.09  0.06  0.04  0.03  0.03
 6 -45  0.05  0.16  0.27  0.54  1.05  1.54  2.46  4.37  6.25  7.46  7.80  7.53  7.12  6.58  6.23  5.98  4.79  2.59  1.53  1.26  0.78  0.42  0.26  0.08  0.05  0.04  0.03  0.03
 6 -40  0.05  0.15  0.24  0.48  0.94  1.38  2.21  3.97  5.89  7.15  7.94  7.92  7.51  6.88  6.32  5.90  4.70  2.47  1.43  1.18  0.71  0.38  0.24  0.08  0.05  0.04  0.03  0.03
 6 -35  0.04  0.13  0.22  0.43  0.85  1.26  2.02  3.67  5.46  6.65  7.73  8.07  7.84  7.31  6.69  6.25  4.77  2.22  1.13  0.91  0.53  0.29  0.12  0.07  0.05  0.04  0.03  0.03
 6 -30  0.04  0.12  0.20  0.39  0.78  1.15  1.85  3.37  5.03  6.14  7.51  8.23  8.19  7.76  7.06  6.58  4.82  1.98  0.83  0.66  0.36  0.19  0.08  0.06  0.05  0.04  0.04  0.03
 6 -25  0.04  0.12  0.19  0.38  0.75  1.10  1.78  3.23  4.81  5.88  7.30  8.34  8.45  8.17  7.32  6.71  4.60  1.75  0.65  0.50  0.25  0.07  0.05  0.04  0.04  0.04  0.04  0.04
 6 -20  0.04  0.11  0.19  0.37  0.73  1.07  1.72  3.10  4.56  5.54  7.06  8.49  8.79  8.55  7.58  6.85  4.38  1.53  0.47  0.35  0.15  0.05  0.04  0.04  0.04  0.04  0.04  0.04
 6 -15  0.04  0.11  0.18  0.36  0.71  1.04  1.68  3.05  4.47  5.47  6.99  8.55  9.03  8.92  7.73  6.88  4.20  1.42  0.45  0.34  0.14  0.04  0.03  0.03  0.03  0.04  0.04  0.04
 6 -10  0.04  0.11  0.18  0.36  0.70  1.04  1.66  3.02  4.41  5.41  7.04  8.65  9.28  9.35  7.95  6.93  4.01  1.31  0.41  0.31  0.14  0.04  0.03  0.03  0.03  0.03  0.04  0.03
 6  -5  0.04  0.11  0.18  0.36  0.70  1.03  1.65  2.98  4.37  5.38  7.11  8.71  9.42  9.55  8.14  7.12  4.07  1.24  0.37  0.29  0.14  0.03  0.03  0.03  0.03  0.03  0.03  0.03
 6   0  0.03  0.10  0.17  0.34  0.67  1.00  1.61  2.98  4.37  5.37  7.16  8.84  9.54  9.75  8.35  7.35  4.16  1.19  0.34  0.28  0.14  0.04  0.03  0.03  0.03  0.03  0.03  0.03
 6   5  0.03  0.10  0.17  0.34  0.68  1.00  1.62  2.98  4.38  5.39  7.18  8.91  9.56  9.70  8.36  7.38  4.32  1.35  0.46  0.37  0.19  0.04  0.03  0.03  0.03  0.03  0.03  0.03
 6  10  0.03  0.10  0.17  0.33  0.66  0.98  1.60  3.02  4.43  5.44  7.22  8.99  9.59  9.66  8.35  7.40  4.46  1.50  0.57  0.46  0.23  0.04  0.03  0.03  0.04  0.04  0.04  0.03
 6  15  0.03  0.10  0.17  0.33  0.66  0.98  1.59  3.01  4.41  5.40  7.14  8.91  9.47  9.41  8.10  7.18  4.36  1.56  0.61  0.48  0.25  0.05  0.04  0.04  0.04  0.05  0.04  0.04
 6  20  0.03  0.10  0.17  0.34  0.67  0.99  1.60  2.98  4.36  5.36  7.11  8.86  9.35  9.19  7.84  6.93  4.28  1.63  0.64  0.52  0.27  0.07  0.05  0.05  0.05  0.05  0.05  0.04
 6  25  0.03  0.10  0.17  0.33  0.65  0.97  1.57  2.96  4.30  5.27  7.00  8.72  9.24  9.06  7.84  7.06  4.44  1.75  0.68  0.54  0.29  0.10  0.06  0.06  0.06  0.06  0.05  0.04
 6  30  0.03  0.10  0.16  0.32  0.64  0.95  1.54  2.92  4.23  5.18  6.88  8.60  9.10  8.90  7.85  7.17  4.59  1.88  0.73  0.58  0.32  0.14  0.08  0.06  0.06  0.06  0.05  0.05
 6  35  0.03  0.10  0.16  0.32  0.63  0.94  1.52  2.85  4.13  5.04  6.70  8.42  8.90  8.67  7.58  6.86  4.57  2.13  1.00  0.81  0.47  0.21  0.11  0.08  0.07  0.06  0.05  0.05
 6  40  0.03  0.10  0.16  0.32  0.62  0.92  1.49  2.76  4.01  4.90  6.59  8.24  8.68  8.45  7.31  6.54  4.53  2.38  1.27  1.03  0.62  0.35  0.17  0.10  0.08  0.06  0.06  0.05
 6  45  0.03  0.09  0.15  0.31  0.60  0.89  1.44  2.68  3.85  4.72  6.35  7.97  8.40  8.15  7.00  6.26  4.54  2.56  1.47  1.22  0.78  0.46  0.27  0.14  0.09  0.07  0.06  0.05
 6  50  0.03  0.09  0.15  0.29  0.57  0.85  1.39  2.63  3.76  4.59  6.18  7.76  8.17  7.89  6.75  6.01  4.52  2.73  1.67  1.40  0.93  0.56  0.36  0.16  0.10  0.07  0.06  0.05
 6  55  0.03  0.08  0.14  0.28  0.55  0.82  1.34  2.54  3.59  4.38  5.95  7.50  7.84  7.52  6.44  5.73  4.34  2.81  1.75  1.46  0.98  0.60  0.40  0.19  0.11  0.07  0.06  0.05
 6  60  0.03  0.08  0.14  0.28  0.55  0.81  1.33  2.53  3.66  4.47  5.96  7.33  7.55  7.10  6.15  5.54  4.21  2.94  1.89  1.56  1.02  0.63  0.44  0.26  0.13  0.08  0.06  0.05
 6  65  0.03  0.08  0.13  0.27  0.53  0.79  1.29  2.45  3.56  4.34  5.77  6.99  7.10  6.56  5.60  4.97  3.91  2.94  1.99  1.66  1.12  0.67  0.49  0.29  0.14  0.08  0.06  0.05
 6  70  0.03  0.08  0.13  0.26  0.51  0.76  1.25  2.37  3.47  4.23  5.60  6.68  6.68  6.05  5.06  4.41  3.62  2.93  2.10  1.76  1.21  0.71  0.55  0.33  0.16  0.08  0.06  0.05
 6  75  0.03  0.08  0.13  0.25  0.49  0.73  1.20  2.28  3.42  4.21  5.63  6.55  6.41  5.70  4.82  4.24  3.66  2.97  2.14  1.81  1.27  0.73  0.57  0.35  0.18  0.09  0.07  0.05
 6  80  0.02  0.07  0.12  0.24  0.47  0.70  1.15  2.20  3.37  4.19  5.66  6.44  6.15  5.36  4.57  4.07  3.70  3.01  2.19  1.87  1.33  0.76  0.58  0.37  0.20  0.09  0.07  0.05
 6  85  0.02  0.07  0.12  0.24  0.47  0.70  1.15  2.20  3.38  4.20  5.67  6.44  6.15  5.36  4.57  4.07  3.70  3.01  2.19  1.87  1.34  0.76  0.59  0.37  0.20  0.10  0.07  0.05
 6  90  0.02  0.07  0.12  0.24  0.47  0.70  1.14  2.18  3.32  4.14  5.60  6.39  6.14  5.37  4.55  4.03  3.64  2.99  2.16  1.84  1.32  0.75  0.60  0.38  0.20  0.10  0.07  0.05
 7 -90  0.05  0.16  0.26  0.51  0.96  1.38  2.05  2.91  4.08  4.91  5.28  5.51  5.42  4.95  4.43  4.06  3.64  2.79  2.05  1.69  1.10  0.44  0.18  0.08  0.05  0.03  0.03  0.03
 7 -85  0.05  0.16  0.27  0.52  0.99  1.42  2.12  3.05  4.29  5.14  5.54  5.69  5.52  5.00  4.52  4.17  3.74  2.85  2.09  1.71  1.10  0.44  0.18  0.08  0.05  0.03  0.03  0.03
 7 -80  0.05  0.16  0.27  0.53  1.01  1.44  2.16  3.12  4.37  5.21  5.59  5.73  5.56  5.02  4.53  4.18  3.75  2.86  2.10  1.72  1.10  0.44  0.19  0.08  0.05  0.03  0.03  0.03
 7 -75  0.05  0.15  0.26  0.50  0.96  1.37  2.07  3.04  4.34  5.21  5.78  6.22  6.13  5.58  4.82  4.29  3.66  2.87  2.12  1.74  1.13  0.45  0.20  0.08  0.05  0.03  0.03  0.03
 7 -70  0.05  0.15  0.24  0.47  0.91  1.30  1.98  3.00  4.38  5.29  6.08  6.73  6.66  6.10  5.09  4.40  3.59  2.90  2.14  1.77  1.17  0.46  0.21  0.09  0.05  0.04  0.03  0.03
 7 -65  0.05  0.15  0.25  0.50  0.96  1.39  2.14  3.46  4.94  5.93  6.59  6.88  6.58  5.97  5.34  4.95  4.19  3.05  2.14  1.78  1.20  0.49  0.23  0.09  0.06  0.04  0.03  0.03
 7 -60  0.05  0.16  0.26  0.51  0.99  1.45  2.28  3.88  5.45  6.49  6.98  6.91  6.45  5.82  5.57  5.46  4.73  3.16  2.11  1.77  1.21  0.52  0.27  0.10  0.06  0.04  0.03  0.03
 7 -55  0.05  0.15  0.25  0.50  0.98  1.44  2.30  4.11  5.84  6.94  7.39  7.15  6.65  6.13  5.99  5.91  4.90  3.02  1.97  1.64  1.06  0.49  0.28  0.10  0.06  0.04  0.03  0.03
 7 -50  0.05  0.15  0.25  0.50  0.98  1.44  2.31  4.20  6.03  7.19  7.68  7.41  6.92  6.37  6.38  6.37  5.06  2.84  1.75  1.45  0.90  0.46  0.29  0.09  0.05  0.04  0.03  0.03
 7 -45  0.05  0.14  0.24  0.48  0.93  1.37  2.20  3.95  5.78  6.97  7.75  7.74  7.29  6.69  6.41  6.23  5.01  2.83  1.69  1.38  0.84  0.42  0.27  0.08  0.05  0.04  0.03  0.03
 7 -40  0.05  0.14  0.22  0.45  0.88  1.29  2.07  3.76  5.59  6.80  7.88  8.10  7.73  7.07  6.53  6.13  4.96  2.79  1.61  1.30  0.75  0.38  0.24  0.09  0.05  0.04  0.04  0.03
 7 -35  0.04  0.13  0.21  0.42  0.82  1.21  1.95  3.55  5.29  6.45  7.70  8.20  7.97  7.42  6.69  6.18  4.89  2.54  1.32  1.05  0.57  0.29  0.19  0.09  0.06  0.04  0.04  0.03
 7 -30  0.04  0.12  0.20  0.39  0.77  1.13  1.83  3.35  4.98  6.08  7.51  8.31  8.24  7.78  6.85  6.22  4.80  2.29  1.04  0.80  0.40  0.20  0.09  0.07  0.05  0.04  0.04  0.04
 7 -25  0.04  0.12  0.19  0.38  0.75  1.11  1.78  3.23  4.82  5.91  7.40  8.42  8.43  8.07  7.12  6.46  4.63  1.98  0.80  0.61  0.29  0.08  0.06  0.05  0.05  0.04  0.04  0.04
 7 -20  0.04  0.11  0.19  0.38  0.74  1.09  1.74  3.11  4.62  5.66  7.24  8.55  8.70  8.33  7.37  6.69  4.45  1.68  0.57  0.43  0.18  0.06  0.04  0.04  0.04  0.04  0.04  0.04
 7 -15  0.04  0.11  0.18  0.36  0.72  1.05  1.69  3.06  4.54  5.58  7.19  8.66  8.99  8.73  7.63  6.89  4.19  1.49  0.52  0.39  0.17  0.05  0.04  0.04  0.04  0.04  0.04  0.04
 7 -10  0.04  0.11  0.18  0.36  0.71  1.04  1.68  3.03  4.48  5.53  7.25  8.79  9.31  9.22  7.96  7.10  3.91  1.28  0.45  0.35  0.17  0.04  0.03  0.03  0.03  0.04  0.04  0.04
 7  -5  0.04  0.11  0.18  0.36  0.70  1.04  1.66  2.99  4.44  5.50  7.29  8.86  9.48  9.49  8.01  7.01  3.96  1.24  0.44  0.35  0.17  0.04  0.03  0.03  0.03  0.04  0.04  0.03
 7   0  0.03  0.10  0.17  0.34  0.67  0.99  1.61  3.01  4.45  5.50  7.36  9.03  9.68  9.75  8.10  6.97  4.05  1.22  0.44  0.35  0.18  0.04  0.03  0.03  0.03  0.03  0.03  0.03
 7   5  0.03  0.10  0.17  0.34  0.68  1.01  1.63  3.01  4.46  5.50  7.37  9.08  9.67  9.73  8.25  7.22  4.29  1.42  0.56  0.44  0.21  0.04  0.03  0.03  0.03  0.03  0.03  0.03
 7  10  0.03  0.10  0.17  0.34  0.67  0.99  1.61  3.05  4.50  5.54  7.40  9.15  9.70  9.71  8.39  7.44  4.49  1.61  0.68  0.51  0.23  0.04  0.03  0.03  0.03  0.04  0.03  0.03
 7  15  0.03  0.10  0.17  0.34  0.67  0.99  1.62  3.04  4.51  5.52  7.32  9.02  9.52  9.42  8.18  7.29  4.47  1.67  0.69  0.53  0.24  0.05  0.04  0.04  0.04  0.04  0.04  0.03
 7  20  0.04  0.10  0.17  0.35  0.68  1.01  1.64  3.04  4.47  5.51  7.29  8.96  9.37  9.20  7.97  7.13  4.47  1.71  0.72  0.55  0.24  0.06  0.05  0.05  0.05  0.05  0.05  0.04
 7  25  0.03  0.10  0.17  0.34  0.67  0.99  1.62  3.04  4.44  5.45  7.18  8.80  9.23  9.03  7.80  7.00  4.46  1.84  0.76  0.58  0.26  0.09  0.06  0.06  0.06  0.06  0.05  0.04
 7  30  0.03  0.10  0.17  0.33  0.66  0.98  1.60  3.03  4.40  5.39  7.08  8.66  9.07  8.86  7.65  6.85  4.43  1.97  0.81  0.61  0.26  0.11  0.07  0.06  0.06  0.06  0.05  0.04
 7  35  0.03  0.10  0.17  0.33  0.65  0.97  1.58  2.96  4.29  5.24  6.88  8.45  8.85  8.62  7.46  6.69  4.43  2.10  0.99  0.76  0.38  0.14  0.08  0.07  0.06  0.06  0.05  0.04
 7  40  0.03  0.10  0.16  0.32  0.64  0.95  1.54  2.88  4.18  5.10  6.74  8.24  8.60  8.38  7.26  6.50  4.41  2.24  1.16  0.91  0.49  0.20  0.11  0.08  0.07  0.06  0.05  0.05
 7  45  0.03  0.10  0.16  0.31  0.62  0.92  1.49  2.77  3.99  4.88  6.48  7.96  8.31  8.06  6.94  6.23  4.41  2.39  1.31  1.06  0.63  0.32  0.17  0.10  0.08  0.06  0.06  0.05
 7  50  0.03  0.09  0.15  0.30  0.59  0.88  1.43  2.70  3.87  4.72  6.28  7.72  8.06  7.79  6.69  5.97  4.39  2.54  1.46  1.21  0.77  0.42  0.27  0.13  0.09  0.07  0.06  0.05
 7  55  0.03  0.09  0.14  0.28  0.56  0.84  1.37  2.60  3.69  4.50  6.05  7.47  7.74  7.42  6.31  5.57  4.19  2.58  1.55  1.29  0.86  0.48  0.32  0.16  0.10  0.07  0.06  0.05
 7  60  0.03  0.08  0.14  0.28  0.55  0.82  1.35  2.58  3.74  4.56  6.04  7.29  7.47  7.01  5.95  5.26  4.06  2.69  1.69  1.41  0.94  0.54  0.38  0.19  0.12  0.07  0.06  0.05
 7  65  0.03  0.08  0.14  0.27  0.53  0.79  1.30  2.48  3.61  4.40  5.80  6.91  6.97  6.44  5.37  4.67  3.70  2.70  1.79  1.50  1.02  0.57  0.41  0.25  0.12  0.08  0.06  0.05
 7  70  0.03  0.08  0.13  0.26  0.51  0.76  1.25  2.39  3.48  4.23  5.56  6.52  6.47  5.87  4.79  4.07  3.35  2.70  1.88  1.58  1.11  0.61  0.46  0.28  0.14  0.08  0.06  0.05
 7  75  0.02  0.07  0.12  0.25  0.49  0.73  1.19  2.28  3.42  4.19  5.53  6.33  6.14  5.47  4.53  3.90  3.33  2.75  1.94  1.63  1.14  0.61  0.48  0.29  0.15  0.08  0.06  0.05
 7  80  0.02  0.07  0.12  0.23  0.47  0.69  1.13  2.17  3.35  4.16  5.52  6.15  5.82  5.07  4.26  3.73  3.31  2.80  2.00  1.68  1.17  0.62  0.50  0.30  0.16  0.09  0.06  0.05
 7  85  0.02  0.07  0.12  0.23  0.46  0.69  1.13  2.16  3.36  4.17  5.53  6.15  5.81  5.07  4.27  3.74  3.31  2.80  2.00  1.68  1.17  0.62  0.50  0.31  0.18  0.09  0.06  0.05
 7  90  0.02  0.07  0.12  0.23  0.46  0.69  1.12  2.16  3.30  4.13  5.49  6.07  5.76  5.04  4.24  3.72  3.26  2.76  1.98  1.65  1.14  0.61  0.51  0.30  0.18  0.09  0.06  0.05
 8 -90  0.04  0.13  0.21  0.41  0.78  1.11  1.67  2.45  3.47  4.17  5.14  6.37  6.40  5.72  4.65  3.69  3.02  2.60  1.91  1.58  1.06  0.44  0.15  0.07  0.05  0.04  0.03  0.03
 8 -85  0.04  0.13  0.21  0.42  0.80  1.15  1.75  2.61  3.76  4.53  5.50  6.52  6.52  5.77  4.69  3.81  3.18  2.70  1.96  1.62  1.07  0.44  0.16  0.07  0.05  0.04  0.03  0.03
 8 -80  0.04  0.13  0.22  0.43  0.82  1.18  1.79  2.69  3.90  4.69  5.62  6.58  6.56  5.80  4.73  3.86  3.23  2.74  1.99  1.64  1.07  0.44  0.16  0.08  0.05  0.04  0.03  0.03
 8 -75  0.05  0.14  0.22  0.44  0.85  1.23  1.89  3.00  4.24  5.05  5.89  6.59  6.52  5.92  4.95  4.19  3.46  2.87  2.07  1.72  1.14  0.46  0.16  0.07  0.05  0.04  0.03  0.03
 8 -70  0.05  0.14  0.23  0.44  0.86  1.25  1.96  3.27  4.56  5.40  6.17  6.62  6.51  6.02  5.08  4.45  3.69  3.02  2.17  1.81  1.22  0.50  0.16  0.08  0.05  0.04  0.03  0.03
 8 -65  0.04  0.13  0.22  0.43  0.84  1.23  1.95  3.41  4.82  5.76  6.60  6.96  6.75  6.15  5.42  5.02  4.26  3.25  2.20  1.83  1.21  0.51  0.18  0.08  0.05  0.04  0.03  0.03
 8 -60  0.04  0.13  0.21  0.42  0.83  1.22  1.96  3.55  5.05  6.06  6.95  7.17  6.88  6.23  5.78  5.57  4.73  3.38  2.18  1.80  1.18  0.53  0.28  0.09  0.06  0.04  0.03  0.03
 8 -55  0.04  0.13  0.21  0.42  0.83  1.23  2.00  3.74  5.43  6.50  7.40  7.54  7.19  6.66  6.20  5.91  4.96  3.35  2.11  1.75  1.13  0.52  0.30  0.10  0.06  0.04  0.04  0.03
 8 -50  0.04  0.13  0.21  0.43  0.84  1.25  2.04  3.84  5.63  6.78  7.78  7.95  7.59  7.00  6.58  6.27  5.21  3.30  1.94  1.62  1.05  0.50  0.31  0.10  0.06  0.04  0.04  0.03
 8 -45  0.04  0.13  0.21  0.43  0.84  1.24  2.01  3.72  5.49  6.68  7.81  8.17  7.85  7.22  6.57  6.14  5.14  3.19  1.83  1.51  0.96  0.47  0.30  0.10  0.06  0.04  0.04  0.03
 8 -40  0.04  0.13  0.21  0.42  0.83  1.22  1.97  3.64  5.42  6.61  7.89  8.41  8.18  7.52  6.65  6.06  5.07  3.08  1.72  1.41  0.87  0.43  0.28  0.10  0.06  0.04  0.04  0.04
 8 -35  0.04  0.12  0.20  0.40  0.79  1.16  1.88  3.48  5.19  6.36  7.78  8.49  8.33  7.72  6.76  6.12  4.94  2.77  1.40  1.12  0.65  0.32  0.22  0.10  0.06  0.05  0.04  0.04
 8 -30  0.04  0.12  0.19  0.38  0.75  1.11  1.79  3.32  4.97  6.10  7.65  8.57  8.50  7.94  6.87  6.18  4.81  2.46  1.09  0.85  0.46  0.22  0.10  0.07  0.06  0.05  0.04  0.04
 8 -25  0.04  0.11  0.19  0.38  0.74  1.09  1.75  3.18  4.78  5.89  7.53  8.72  8.74  8.25  7.13  6.39  4.65  2.12  0.81  0.62  0.31  0.08  0.06  0.05  0.05  0.05  0.05  0.04
 8 -20  0.04  0.11  0.19  0.37  0.73  1.07  1.71  3.06  4.58  5.64  7.37  8.89  9.05  8.54  7.38  6.58  4.50  1.78  0.53  0.40  0.18  0.06  0.04  0.04  0.04  0.04  0.05  0.04
 8 -15  0.04  0.11  0.18  0.35  0.69  1.02  1.65  3.00  4.47  5.50  7.25  8.97  9.34  8.96  7.65  6.82  4.22  1.55  0.51  0.38  0.16  0.05  0.04  0.04  0.04  0.04  0.04  0.04
 8 -10  0.04  0.11  0.17  0.35  0.68  1.01  1.62  2.95  4.37  5.40  7.26  9.08  9.68  9.50  8.04  7.09  3.91  1.30  0.48  0.35  0.14  0.04  0.04  0.03  0.04  0.04  0.04  0.04
 8  -5  0.03  0.10  0.17  0.34  0.68  1.00  1.60  2.91  4.31  5.34  7.27  9.09  9.84  9.80  8.20  7.16  3.88  1.26  0.47  0.35  0.14  0.04  0.03  0.03  0.03  0.04  0.04  0.04
 8   0  0.03  0.10  0.16  0.32  0.64  0.95  1.55  2.93  4.31  5.33  7.31  9.26 10.06 10.11  8.40  7.26  3.90  1.22  0.47  0.36  0.15  0.04  0.03  0.03  0.03  0.04  0.04  0.03
 8   5  0.03  0.10  0.17  0.33  0.66  0.97  1.58  2.93  4.34  5.36  7.33  9.26 10.00 10.04  8.46  7.37  4.19  1.39  0.57  0.43  0.17  0.04  0.03  0.03  0.03  0.04  0.03  0.03
 8  10  0.03  0.10  0.17  0.33  0.65  0.97  1.58  2.98  4.41  5.43  7.37  9.31  9.96  9.97  8.49  7.45  4.44  1.55  0.67  0.50  0.19  0.04  0.03  0.03  0.03  0.04  0.03  0.03
 8  15  0.03  0.10  0.17  0.34  0.66  0.98  1.60  3.00  4.48  5.51  7.38  9.17  9.69  9.59  8.25  7.30  4.42  1.62  0.70  0.51  0.20  0.05  0.04  0.04  0.04  0.04  0.04  0.03
 8  20  0.04  0.11  0.17  0.35  0.68  1.01  1.64  3.02  4.51  5.58  7.42  9.10  9.47  9.28  8.01  7.13  4.42  1.68  0.74  0.54  0.21  0.06  0.05  0.05  0.05  0.05  0.05  0.04
 8  25  0.03  0.10  0.17  0.34  0.68  1.00  1.64  3.08  4.56  5.61  7.39  8.93  9.29  9.06  7.82  6.98  4.39  1.79  0.76  0.57  0.22  0.08  0.06  0.05  0.06  0.06  0.05  0.04
 8  30  0.03  0.10  0.17  0.34  0.68  1.00  1.64  3.10  4.58  5.65  7.37  8.80  9.09  8.84  7.64  6.83  4.37  1.90  0.80  0.59  0.24  0.10  0.07  0.06  0.06  0.06  0.05  0.04
 8  35  0.03  0.10  0.17  0.34  0.67  1.00  1.63  3.07  4.51  5.53  7.20  8.57  8.84  8.57  7.43  6.66  4.37  1.99  0.93  0.71  0.32  0.12  0.08  0.07  0.06  0.06  0.05  0.04
 8  40  0.03  0.10  0.17  0.34  0.67  0.99  1.61  3.02  4.43  5.43  7.07  8.36  8.58  8.30  7.22  6.47  4.33  2.08  1.04  0.81  0.41  0.15  0.09  0.07  0.07  0.06  0.05  0.04
 8  45  0.03  0.10  0.17  0.33  0.65  0.97  1.57  2.93  4.28  5.26  6.89  8.11  8.29  7.97  6.88  6.17  4.23  2.23  1.20  0.96  0.54  0.24  0.13  0.09  0.07  0.06  0.05  0.04
 8  50  0.03  0.10  0.16  0.32  0.63  0.94  1.53  2.87  4.19  5.15  6.75  7.90  8.04  7.65  6.59  5.89  4.13  2.37  1.37  1.12  0.68  0.33  0.20  0.11  0.08  0.06  0.05  0.05
 8  55  0.03  0.09  0.15  0.30  0.60  0.90  1.47  2.80  4.05  4.98  6.59  7.71  7.75  7.28  6.22  5.51  3.91  2.47  1.50  1.22  0.77  0.37  0.23  0.14  0.10  0.07  0.06  0.05
 8  60  0.03  0.09  0.15  0.30  0.60  0.89  1.46  2.79  4.14  5.10  6.65  7.57  7.48  6.85  5.88  5.24  3.78  2.63  1.68  1.37  0.86  0.42  0.27  0.17  0.10  0.07  0.06  0.05
 8  65  0.03  0.09  0.15  0.29  0.58  0.87  1.42  2.73  4.04  4.97  6.39  7.09  6.88  6.20  5.28  4.69  3.55  2.65  1.78  1.46  0.94  0.47  0.32  0.20  0.11  0.07  0.05  0.05
 8  70  0.03  0.09  0.14  0.29  0.57  0.84  1.38  2.65  3.92  4.81  6.10  6.59  6.26  5.53  4.68  4.14  3.32  2.68  1.87  1.54  1.02  0.52  0.37  0.22  0.11  0.07  0.06  0.05
 8  75  0.03  0.09  0.14  0.28  0.56  0.83  1.37  2.62  3.87  4.73  5.79  6.01  5.57  4.85  4.22  3.83  3.31  2.70  1.91  1.59  1.06  0.54  0.38  0.23  0.13  0.07  0.06  0.05
 8  80  0.03  0.08  0.14  0.28  0.55  0.82  1.35  2.60  3.84  4.68  5.52  5.44  4.90  4.19  3.77  3.51  3.29  2.72  1.96  1.63  1.10  0.56  0.39  0.24  0.14  0.08  0.06  0.05
 8  85  0.03  0.08  0.14  0.28  0.55  0.82  1.35  2.60  3.87  4.70  5.50  5.40  4.88  4.19  3.79  3.55  3.32  2.73  1.96  1.63  1.10  0.56  0.39  0.24  0.15  0.08  0.06  0.05
 8  90  0.03  0.08  0.14  0.28  0.55  0.82  1.35  2.60  3.87  4.70  5.45  5.30  4.77  4.12  3.75  3.52  3.28  2.68  1.93  1.61  1.09  0.57  0.39  0.23  0.15  0.08  0.06  0.05
 9 -90  0.04  0.12  0.20  0.39  0.76  1.11  1.73  2.91  4.23  5.12  5.69  6.06  5.89  5.44  4.71  4.02  2.50  1.82  1.38  1.18  0.82  0.42  0.09  0.05  0.04  0.04  0.03  0.03
 9 -85  0.04  0.12  0.20  0.39  0.77  1.12  1.75  2.95  4.32  5.27  5.89  6.21  6.02  5.53  4.74  4.13  2.74  2.02  1.46  1.23  0.84  0.42  0.10  0.06  0.04  0.04  0.03  0.03
 9 -80  0.04  0.12  0.20  0.39  0.77  1.12  1.75  2.96  4.37  5.36  6.02  6.33  6.10  5.57  4.76  4.17  2.82  2.09  1.51  1.27  0.86  0.43  0.12  0.06  0.05  0.04  0.03  0.03
 9 -75  0.04  0.12  0.19  0.38  0.75  1.09  1.73  3.01  4.42  5.42  6.39  6.77  6.50  5.90  5.00  4.44  3.12  2.33  1.68  1.41  0.96  0.46  0.14  0.07  0.05  0.04  0.03  0.03
 9 -70  0.04  0.11  0.19  0.37  0.73  1.07  1.70  3.05  4.40  5.38  6.63  7.08  6.84  6.22  5.21  4.61  3.35  2.54  1.85  1.56  1.06  0.51  0.16  0.08  0.05  0.04  0.03  0.03
 9 -65  0.04  0.11  0.18  0.37  0.72  1.07  1.72  3.16  4.57  5.58  6.90  7.40  7.24  6.69  5.80  5.27  4.00  2.95  2.06  1.73  1.16  0.55  0.26  0.08  0.05  0.04  0.03  0.03
 9 -60  0.04  0.11  0.19  0.37  0.73  1.09  1.76  3.28  4.78  5.83  7.19  7.73  7.58  7.04  6.40  5.97  4.60  3.24  2.18  1.83  1.22  0.59  0.30  0.09  0.06  0.04  0.04  0.03
 9 -55  0.04  0.11  0.19  0.38  0.75  1.12  1.82  3.45  5.09  6.18  7.50  8.02  7.85  7.40  6.72  6.22  4.91  3.35  2.18  1.81  1.14  0.58  0.30  0.10  0.06  0.04  0.04  0.03
 9 -50  0.04  0.12  0.19  0.38  0.76  1.13  1.85  3.55  5.24  6.39  7.76  8.36  8.20  7.70  6.99  6.48  5.25  3.47  2.11  1.73  1.04  0.55  0.30  0.10  0.06  0.04  0.04  0.03
 9 -45  0.04  0.12  0.19  0.38  0.76  1.13  1.83  3.45  5.15  6.34  7.80  8.52  8.37  7.76  6.88  6.30  5.13  3.32  1.96  1.58  0.92  0.50  0.29  0.10  0.06  0.05  0.04  0.04
 9 -40  0.04  0.12  0.19  0.38  0.75  1.12  1.82  3.39  5.11  6.29  7.87  8.70  8.58  7.92  6.86  6.16  5.02  3.17  1.82  1.45  0.82  0.45  0.28  0.09  0.06  0.05  0.04  0.04
 9 -35  0.04  0.11  0.19  0.37  0.73  1.08  1.76  3.29  4.95  6.12  7.81  8.81  8.75  8.11  6.94  6.17  4.90  2.81  1.48  1.16  0.60  0.33  0.22  0.10  0.06  0.05  0.04  0.04
 9 -30  0.04  0.11  0.18  0.36  0.70  1.04  1.69  3.18  4.79  5.91  7.71  8.91  8.93  8.33  7.02  6.18  4.76  2.45  1.16  0.88  0.40  0.21  0.11  0.08  0.06  0.05  0.05  0.04
 9 -25  0.04  0.11  0.18  0.35  0.70  1.03  1.67  3.07  4.62  5.71  7.54  9.03  9.17  8.64  7.27  6.38  4.68  2.19  0.93  0.70  0.30  0.09  0.06  0.05  0.05  0.05  0.05  0.05
 9 -20  0.04  0.11  0.18  0.35  0.69  1.01  1.63  2.98  4.44  5.47  7.33  9.14  9.46  8.94  7.50  6.55  4.61  1.93  0.71  0.53  0.21  0.06  0.05  0.04  0.04  0.05  0.05  0.05
 9 -15  0.03  0.10  0.17  0.33  0.66  0.97  1.58  2.93  4.32  5.31  7.14  9.12  9.64  9.28  7.74  6.79  4.32  1.63  0.61  0.45  0.18  0.05  0.04  0.04  0.04  0.05  0.05  0.05
 9 -10  0.03  0.10  0.16  0.33  0.64  0.95  1.55  2.91  4.23  5.19  7.07  9.13  9.90  9.78  8.10  7.05  3.98  1.32  0.50  0.37  0.15  0.04  0.04  0.04  0.04  0.04  0.04  0.04
 9  -5  0.03  0.10  0.16  0.33  0.64  0.95  1.54  2.86  4.17  5.13  7.04  9.10 10.03 10.07  8.21  7.03  3.89  1.28  0.50  0.37  0.15  0.04  0.03  0.03  0.04  0.04  0.04  0.04
 9   0  0.03  0.09  0.16  0.31  0.61  0.91  1.50  2.87  4.17  5.11  7.07  9.21 10.19 10.38  8.38  7.06  3.84  1.23  0.50  0.37  0.15  0.04  0.03  0.03  0.03  0.04  0.04  0.03
 9   5  0.03  0.10  0.16  0.32  0.64  0.94  1.53  2.89  4.22  5.17  7.10  9.19 10.09 10.27  8.48  7.27  4.13  1.37  0.56  0.42  0.16  0.04  0.03  0.03  0.03  0.04  0.03  0.03
 9  10  0.03  0.10  0.16  0.32  0.64  0.95  1.55  2.93  4.29  5.26  7.17  9.22 10.01 10.13  8.55  7.45  4.38  1.51  0.63  0.46  0.17  0.04  0.03  0.03  0.03  0.04  0.03  0.03
 9  15  0.03  0.10  0.17  0.33  0.65  0.97  1.57  2.95  4.40  5.38  7.26  9.12  9.73  9.68  8.29  7.30  4.36  1.53  0.64  0.47  0.17  0.04  0.04  0.04  0.04  0.04  0.04  0.03
 9  20  0.03  0.10  0.17  0.34  0.67  0.99  1.60  2.97  4.44  5.50  7.36  9.09  9.50  9.34  8.05  7.14  4.34  1.55  0.65  0.48  0.18  0.05  0.04  0.04  0.04  0.05  0.04  0.04
 9  25  0.03  0.10  0.17  0.33  0.66  0.98  1.61  3.04  4.53  5.59  7.39  8.92  9.26  9.03  7.92  7.14  4.39  1.62  0.67  0.49  0.19  0.07  0.05  0.05  0.05  0.05  0.05  0.04
 9  30  0.03  0.10  0.17  0.34  0.67  0.99  1.62  3.07  4.60  5.69  7.44  8.79  9.02  8.74  7.79  7.13  4.43  1.69  0.70  0.51  0.19  0.09  0.06  0.05  0.05  0.05  0.05  0.04
 9  35  0.03  0.10  0.17  0.34  0.68  1.01  1.64  3.09  4.62  5.71  7.38  8.57  8.72  8.40  7.41  6.75  4.35  1.87  0.89  0.67  0.29  0.10  0.07  0.06  0.06  0.05  0.05  0.04
 9  40  0.03  0.10  0.17  0.35  0.68  1.01  1.65  3.10  4.64  5.73  7.36  8.36  8.41  8.06  7.05  6.33  4.23  2.04  1.06  0.81  0.38  0.14  0.09  0.07  0.06  0.05  0.05  0.04
 9  45  0.04  0.11  0.18  0.35  0.69  1.02  1.66  3.09  4.64  5.74  7.32  8.14  8.07  7.64  6.66  6.02  4.16  2.20  1.21  0.95  0.51  0.21  0.13  0.09  0.07  0.06  0.05  0.04
 9  50  0.04  0.11  0.18  0.35  0.69  1.02  1.66  3.12  4.67  5.79  7.31  7.92  7.74  7.23  6.33  5.72  4.08  2.35  1.38  1.11  0.65  0.28  0.17  0.11  0.08  0.06  0.05  0.04
 9  55  0.03  0.10  0.17  0.34  0.68  1.01  1.65  3.13  4.67  5.79  7.25  7.70  7.39  6.79  5.90  5.30  3.92  2.44  1.51  1.23  0.75  0.34  0.21  0.13  0.09  0.06  0.05  0.04
 9  60  0.03  0.10  0.17  0.35  0.69  1.02  1.68  3.22  4.90  6.06  7.39  7.55  7.06  6.30  5.50  4.99  3.82  2.58  1.69  1.38  0.85  0.40  0.25  0.16  0.10  0.06  0.05  0.04
 9  65  0.04  0.11  0.18  0.35  0.70  1.04  1.71  3.28  4.94  6.06  7.13  7.03  6.47  5.69  4.93  4.45  3.60  2.58  1.79  1.47  0.94  0.46  0.29  0.18  0.10  0.06  0.05  0.04
 9  70  0.04  0.11  0.18  0.36  0.72  1.06  1.74  3.34  4.96  6.03  6.83  6.52  5.88  5.10  4.37  3.90  3.36  2.57  1.89  1.56  1.03  0.51  0.33  0.20  0.11  0.06  0.05  0.04
 9  75  0.04  0.11  0.18  0.37  0.73  1.08  1.77  3.38  4.76  5.63  6.07  5.73  5.22  4.60  4.16  3.89  3.33  2.58  1.90  1.57  1.05  0.52  0.34  0.21  0.11  0.06  0.05  0.04
 9  80  0.04  0.11  0.19  0.37  0.73  1.09  1.79  3.41  4.53  5.19  5.29  4.95  4.57  4.11  3.96  3.86  3.28  2.58  1.90  1.58  1.06  0.52  0.34  0.22  0.12  0.06  0.05  0.04
 9  85  0.04  0.11  0.19  0.37  0.74  1.10  1.80  3.45  4.49  5.11  5.19  4.92  4.57  4.12  3.98  3.88  3.29  2.58  1.90  1.58  1.06  0.52  0.34  0.22  0.12  0.06  0.05  0.04
 9  90  0.04  0.11  0.19  0.37  0.74  1.10  1.80  3.44  4.41  4.97  5.02  4.79  4.48  4.07  3.94  3.86  3.24  2.55  1.88  1.57  1.05  0.52  0.35  0.22  0.12  0.06  0.05  0.04
10 -90  0.03  0.10  0.16  0.31  0.62  0.91  1.47  2.71  3.92  4.78  6.28  7.20  7.12  6.44  5.49  4.91  3.40  1.47  1.11  1.03  0.78  0.46  0.10  0.06  0.05  0.04  0.03  0.03
10 -85  0.03  0.10  0.16  0.32  0.62  0.92  1.48  2.73  3.91  4.73  6.15  7.02  6.98  6.36  5.45  4.92  3.59  1.63  1.10  0.97  0.71  0.45  0.11  0.06  0.05  0.04  0.03  0.03
10 -80  0.03  0.09  0.16  0.31  0.62  0.91  1.47  2.70  3.86  4.67  6.08  6.97  6.96  6.38  5.42  4.88  3.58  1.69  1.15  1.01  0.74  0.46  0.12  0.06  0.05  0.04  0.03  0.03
10 -75  0.03  0.09  0.16  0.31  0.62  0.91  1.47  2.73  3.90  4.72  6.15  7.16  7.24  6.75  5.93  5.43  3.98  2.10  1.40  1.22  0.85  0.51  0.26  0.06  0.05  0.04  0.03  0.03
10 -70  0.03  0.09  0.16  0.31  0.62  0.91  1.48  2.76  3.98  4.82  6.25  7.34  7.46  7.03  6.42  5.96  4.31  2.45  1.63  1.40  0.96  0.56  0.28  0.07  0.05  0.04  0.03  0.03
10 -65  0.03  0.10  0.16  0.32  0.64  0.94  1.54  2.88  4.20  5.13  6.58  7.63  7.71  7.30  6.88  6.53  4.80  2.90  1.90  1.62  1.08  0.59  0.30  0.07  0.05  0.04  0.03  0.03
10 -60  0.03  0.10  0.17  0.33  0.66  0.97  1.59  2.99  4.43  5.44  6.93  7.95  8.01  7.58  7.32  7.11  5.29  3.28  2.09  1.74  1.13  0.61  0.32  0.09  0.06  0.04  0.03  0.03
10 -55  0.03  0.10  0.17  0.34  0.67  1.00  1.63  3.10  4.66  5.71  7.23  8.20  8.20  7.83  7.28  6.88  5.29  3.37  2.14  1.77  1.09  0.57  0.31  0.18  0.06  0.04  0.04  0.03
10 -50  0.03  0.10  0.17  0.34  0.67  1.00  1.64  3.13  4.74  5.83  7.45  8.48  8.48  8.01  7.20  6.65  5.30  3.48  2.17  1.77  1.05  0.52  0.29  0.17  0.06  0.04  0.04  0.03
10 -45  0.03  0.10  0.17  0.33  0.66  0.99  1.61  3.07  4.66  5.79  7.51  8.67  8.69  8.09  7.25  6.70  5.37  3.47  2.09  1.68  0.97  0.48  0.28  0.10  0.06  0.05  0.04  0.04
10 -40  0.03  0.10  0.17  0.33  0.66  0.98  1.60  3.05  4.62  5.73  7.56  8.87  8.93  8.27  7.38  6.82  5.45  3.47  2.02  1.61  0.90  0.44  0.26  0.09  0.06  0.05  0.04  0.04
10 -35  0.03  0.10  0.17  0.33  0.65  0.97  1.59  3.01  4.54  5.63  7.52  8.98  9.12  8.49  7.43  6.75  5.18  2.92  1.54  1.20  0.63  0.31  0.15  0.09  0.06  0.05  0.05  0.04
10 -30  0.03  0.10  0.16  0.32  0.64  0.95  1.56  2.98  4.45  5.50  7.43  9.06  9.31  8.75  7.49  6.69  4.89  2.37  1.06  0.80  0.37  0.17  0.11  0.07  0.06  0.05  0.05  0.04
10 -25  0.03  0.10  0.17  0.33  0.65  0.96  1.57  2.93  4.36  5.37  7.27  9.13  9.50  9.07  7.66  6.74  4.62  2.02  0.84  0.63  0.27  0.09  0.07  0.06  0.05  0.05  0.05  0.05
10 -20  0.03  0.10  0.16  0.33  0.64  0.95  1.55  2.90  4.26  5.23  7.09  9.17  9.72  9.35  7.80  6.77  4.36  1.64  0.63  0.46  0.18  0.06  0.05  0.05  0.05  0.05  0.05  0.05
10 -15  0.03  0.10  0.16  0.31  0.62  0.93  1.51  2.87  4.18  5.13  6.95  9.10  9.79  9.57  7.99  7.00  4.17  1.48  0.55  0.40  0.15  0.05  0.04  0.04  0.04  0.05  0.05  0.05
10 -10  0.03  0.09  0.15  0.31  0.61  0.91  1.49  2.87  4.14  5.07  6.91  9.05  9.93  9.93  8.26  7.22  3.94  1.32  0.47  0.34  0.13  0.04  0.04  0.04  0.04  0.04  0.04  0.04
10  -5  0.03  0.09  0.15  0.31  0.61  0.91  1.48  2.83  4.10  5.02  6.88  8.96  9.96 10.10  8.33  7.22  3.86  1.28  0.45  0.33  0.12  0.04  0.03  0.03  0.03  0.04  0.04  0.04
10   0  0.03  0.09  0.15  0.30  0.60  0.89  1.47  2.84  4.12  5.02  6.90  9.01 10.03 10.33  8.48  7.26  3.81  1.24  0.42  0.32  0.12  0.04  0.03  0.03  0.03  0.04  0.04  0.03
10   5  0.03  0.09  0.16  0.31  0.62  0.92  1.51  2.86  4.16  5.07  6.90  8.94  9.90 10.20  8.47  7.31  4.04  1.35  0.50  0.37  0.13  0.04  0.03  0.03  0.03  0.04  0.03  0.03
10  10  0.03  0.10  0.16  0.32  0.63  0.93  1.53  2.91  4.22  5.15  6.95  8.92  9.77 10.01  8.43  7.34  4.25  1.45  0.58  0.43  0.15  0.04  0.03  0.03  0.03  0.04  0.04  0.03
10  15  0.03  0.10  0.16  0.32  0.64  0.95  1.55  2.93  4.31  5.26  7.02  8.82  9.48  9.54  8.14  7.13  4.22  1.49  0.60  0.44  0.15  0.04  0.04  0.04  0.04  0.04  0.04  0.04
10  20  0.03  0.10  0.17  0.33  0.66  0.98  1.58  2.94  4.35  5.35  7.10  8.79  9.25  9.17  7.86  6.92  4.19  1.51  0.62  0.45  0.15  0.05  0.04  0.04  0.04  0.05  0.05  0.04
10  25  0.03  0.10  0.17  0.33  0.66  0.97  1.59  3.03  4.50  5.54  7.23  8.65  8.98  8.79  7.70  6.91  4.25  1.57  0.64  0.47  0.17  0.06  0.05  0.05  0.05  0.05  0.05  0.04
10  30  0.03  0.10  0.17  0.34  0.67  1.00  1.63  3.08  4.64  5.73  7.38  8.54  8.69  8.42  7.52  6.90  4.31  1.62  0.67  0.49  0.19  0.08  0.06  0.05  0.05  0.05  0.05  0.04
10  35  0.04  0.11  0.18  0.35  0.70  1.04  1.69  3.18  4.82  5.96  7.47  8.31  8.29  7.90  7.05  6.48  4.26  1.82  0.88  0.67  0.30  0.11  0.07  0.06  0.05  0.05  0.05  0.05
10  40  0.04  0.11  0.18  0.37  0.72  1.07  1.74  3.27  4.99  6.18  7.58  8.08  7.86  7.41  6.61  6.06  4.20  2.02  1.08  0.84  0.42  0.19  0.10  0.07  0.06  0.05  0.05  0.05
10  45  0.04  0.12  0.19  0.39  0.76  1.13  1.82  3.39  5.17  6.40  7.61  7.83  7.49  6.99  6.30  5.85  4.24  2.24  1.26  1.00  0.54  0.23  0.14  0.09  0.07  0.05  0.05  0.05
10  50  0.04  0.12  0.20  0.40  0.79  1.17  1.90  3.54  5.36  6.61  7.63  7.57  7.13  6.61  6.04  5.64  4.24  2.45  1.46  1.18  0.69  0.28  0.16  0.12  0.08  0.06  0.05  0.05
10  55  0.04  0.12  0.21  0.41  0.81  1.20  1.95  3.69  5.44  6.64  7.47  7.30  6.82  6.28  5.73  5.33  4.17  2.51  1.55  1.27  0.78  0.34  0.20  0.14  0.09  0.06  0.05  0.04
10  60  0.04  0.13  0.21  0.43  0.84  1.25  2.05  3.88  5.71  6.91  7.51  7.11  6.54  5.90  5.44  5.12  4.16  2.62  1.71  1.39  0.86  0.40  0.24  0.16  0.09  0.06  0.05  0.04
10  65  0.04  0.13  0.22  0.44  0.87  1.29  2.10  3.96  5.60  6.67  7.08  6.63  6.08  5.47  5.04  4.75  3.93  2.64  1.84  1.52  0.99  0.45  0.27  0.18  0.10  0.06  0.05  0.04
10  70  0.05  0.14  0.22  0.45  0.88  1.31  2.13  4.02  5.48  6.43  6.66  6.17  5.63  5.04  4.64  4.37  3.68  2.66  1.97  1.65  1.11  0.50  0.30  0.19  0.10  0.06  0.05  0.04
10  75  0.04  0.13  0.22  0.44  0.88  1.30  2.12  3.98  5.06  5.77  5.95  5.63  5.21  4.68  4.30  4.06  3.54  2.69  2.03  1.70  1.16  0.53  0.31  0.20  0.10  0.06  0.05  0.04
10  80  0.04  0.13  0.22  0.44  0.87  1.29  2.10  3.93  4.65  5.12  5.27  5.11  4.81  4.33  3.96  3.74  3.40  2.71  2.07  1.75  1.21  0.56  0.32  0.21  0.11  0.06  0.05  0.04
10  85  0.04  0.13  0.22  0.44  0.86  1.28  2.08  3.91  4.64  5.13  5.31  5.17  4.86  4.36  3.97  3.75  3.40  2.71  2.07  1.75  1.21  0.56  0.32  0.21  0.13  0.06  0.05  0.04
10  90  0.04  0.13  0.22  0.44  0.86  1.28  2.08  3.90  4.62  5.11  5.34  5.19  4.88  4.37  3.95  3.72  3.39  2.71  2.07  1.74  1.20  0.56  0.33  0.21  0.13  0.06  0.05  0.04
11 -90  0.03  0.08  0.13  0.27  0.52  0.78  1.27  2.38  3.46  4.22  5.64  6.65  7.01  6.97  6.78  6.42  4.97  2.77  1.92  1.71  1.19  0.60  0.30  0.17  0.05  0.04  0.03  0.02
11 -85  0.03  0.08  0.14  0.27  0.53  0.79  1.29  2.42  3.52  4.29  5.71  6.74  6.98  6.82  6.56  6.28  5.05  2.88  1.89  1.62  1.08  0.57  0.30  0.07  0.05  0.04  0.03  0.02
11 -80  0.03  0.08  0.14  0.27  0.54  0.79  1.29  2.44  3.53  4.29  5.70  6.72  6.93  6.75  6.49  6.21  4.99  2.85  1.89  1.62  1.09  0.58  0.31  0.17  0.05  0.04  0.03  0.02
11 -75  0.03  0.08  0.14  0.27  0.54  0.81  1.31  2.48  3.59  4.37  5.74  6.84  7.06  6.82  6.71  6.55  5.17  2.97  1.97  1.69  1.15  0.62  0.32  0.18  0.05  0.04  0.03  0.03
11 -70  0.03  0.08  0.14  0.28  0.55  0.81  1.32  2.50  3.64  4.44  5.80  6.98  7.22  6.91  6.90  6.86  5.33  3.04  2.00  1.73  1.20  0.66  0.34  0.19  0.05  0.04  0.03  0.03
11 -65  0.03  0.09  0.14  0.28  0.56  0.83  1.36  2.57  3.76  4.62  6.06  7.29  7.49  7.11  7.03  6.98  5.37  3.16  2.05  1.74  1.17  0.66  0.35  0.19  0.06  0.04  0.03  0.03
11 -60  0.03  0.09  0.15  0.29  0.58  0.86  1.40  2.64  3.89  4.79  6.31  7.59  7.77  7.33  7.18  7.12  5.42  3.29  2.06  1.71  1.09  0.63  0.34  0.19  0.06  0.04  0.03  0.03
11 -55  0.03  0.09  0.15  0.30  0.59  0.88  1.44  2.72  4.06  4.97  6.53  7.89  8.08  7.71  7.13  6.75  5.21  3.25  2.02  1.64  0.96  0.54  0.31  0.18  0.06  0.04  0.03  0.03
11 -50  0.03  0.09  0.15  0.30  0.60  0.89  1.45  2.75  4.09  5.00  6.69  8.20  8.46  8.00  7.03  6.38  5.00  3.22  1.95  1.56  0.87  0.44  0.27  0.10  0.06  0.04  0.04  0.03
11 -45  0.03  0.09  0.15  0.30  0.59  0.87  1.43  2.73  4.05  4.99  6.76  8.43  8.78  8.25  7.16  6.44  5.02  3.18  1.87  1.48  0.81  0.40  0.24  0.09  0.06  0.05  0.04  0.03
11 -40  0.03  0.09  0.15  0.29  0.58  0.87  1.43  2.76  4.04  4.97  6.81  8.66  9.10  8.57  7.34  6.55  5.06  3.12  1.79  1.41  0.75  0.37  0.22  0.08  0.06  0.05  0.04  0.04
11 -35  0.03  0.09  0.15  0.30  0.59  0.88  1.45  2.79  4.09  5.01  6.88  8.81  9.32  8.87  7.51  6.62  4.79  2.61  1.34  1.04  0.52  0.27  0.13  0.08  0.06  0.05  0.05  0.04
11 -30  0.03  0.09  0.15  0.30  0.60  0.89  1.46  2.83  4.12  5.03  6.91  8.91  9.51  9.18  7.68  6.70  4.50  2.09  0.90  0.68  0.30  0.15  0.09  0.06  0.06  0.05  0.05  0.04
11 -25  0.03  0.09  0.16  0.31  0.61  0.91  1.49  2.84  4.16  5.07  6.92  9.01  9.64  9.42  7.80  6.70  4.31  1.87  0.74  0.55  0.23  0.09  0.06  0.05  0.05  0.05  0.05  0.04
11 -20  0.03  0.09  0.15  0.31  0.61  0.91  1.49  2.87  4.19  5.11  6.93  9.11  9.79  9.62  7.88  6.67  4.10  1.63  0.59  0.43  0.16  0.06  0.05  0.05  0.05  0.05  0.05  0.04
11 -15  0.03  0.09  0.15  0.30  0.60  0.90  1.48  2.87  4.19  5.13  6.95  9.10  9.82  9.74  8.03  6.88  3.99  1.47  0.53  0.39  0.15  0.05  0.04  0.04  0.04  0.05  0.05  0.04
11 -10  0.03  0.09  0.15  0.30  0.60  0.89  1.48  2.92  4.24  5.19  7.05  9.12  9.94  9.96  8.23  7.10  3.86  1.30  0.46  0.34  0.14  0.04  0.04  0.04  0.04  0.04  0.04  0.04
11  -5  0.03  0.09  0.15  0.30  0.60  0.90  1.48  2.91  4.23  5.20  7.06  9.00  9.85  9.96  8.22  7.07  3.75  1.23  0.43  0.33  0.13  0.04  0.03  0.03  0.03  0.04  0.04  0.03
11   0  0.03  0.09  0.15  0.31  0.61  0.91  1.50  2.91  4.27  5.23  7.10  8.99  9.81 10.05  8.28  7.08  3.67  1.16  0.41  0.31  0.13  0.04  0.03  0.03  0.03  0.04  0.03  0.03
11   5  0.03  0.10  0.16  0.32  0.63  0.93  1.52  2.92  4.27  5.21  6.98  8.81  9.65  9.90  8.23  7.10  3.88  1.25  0.45  0.34  0.13  0.04  0.03  0.03  0.03  0.04  0.03  0.03
11  10  0.03  0.10  0.16  0.32  0.63  0.94  1.54  2.94  4.28  5.21  6.92  8.68  9.45  9.67  8.15  7.11  4.07  1.33  0.49  0.37  0.13  0.04  0.03  0.03  0.04  0.04  0.04  0.04
11  15  0.03  0.10  0.16  0.32  0.64  0.95  1.56  2.96  4.36  5.31  6.95  8.52  9.09  9.17  7.85  6.89  4.00  1.38  0.51  0.38  0.13  0.04  0.04  0.04  0.04  0.04  0.04  0.04
11  20  0.03  0.10  0.17  0.33  0.66  0.98  1.59  2.97  4.39  5.39  6.98  8.42  8.80  8.75  7.55  6.67  3.94  1.41  0.53  0.39  0.14  0.05  0.04  0.04  0.04  0.04  0.05  0.04
11  25  0.03  0.10  0.17  0.34  0.67  0.99  1.62  3.10  4.60  5.65  7.15  8.24  8.46  8.29  7.31  6.60  4.05  1.50  0.60  0.44  0.18  0.06  0.05  0.04  0.04  0.05  0.05  0.05
11  30  0.04  0.11  0.18  0.35  0.70  1.04  1.69  3.18  4.81  5.93  7.33  8.11  8.11  7.83  7.06  6.53  4.15  1.62  0.69  0.51  0.22  0.08  0.06  0.05  0.05  0.05  0.05  0.05
11  35  0.04  0.11  0.19  0.38  0.74  1.10  1.79  3.36  5.10  6.27  7.44  7.87  7.71  7.32  6.72  6.30  4.37  1.94  0.95  0.73  0.35  0.15  0.08  0.06  0.05  0.05  0.05  0.05
11  40  0.04  0.12  0.20  0.40  0.79  1.17  1.89  3.54  5.37  6.60  7.56  7.64  7.32  6.88  6.42  6.07  4.56  2.26  1.20  0.94  0.48  0.20  0.12  0.08  0.06  0.05  0.05  0.05
11  45  0.04  0.13  0.21  0.43  0.84  1.24  2.01  3.75  5.60  6.82  7.53  7.38  6.99  6.55  6.23  6.00  4.65  2.46  1.40  1.12  0.62  0.27  0.16  0.11  0.08  0.06  0.05  0.05
11  50  0.05  0.14  0.23  0.45  0.89  1.32  2.14  3.97  5.81  7.03  7.49  7.13  6.69  6.28  6.09  5.94  4.69  2.64  1.61  1.31  0.78  0.35  0.19  0.13  0.09  0.06  0.05  0.05
11  55  0.05  0.14  0.23  0.46  0.91  1.35  2.20  4.09  5.73  6.83  7.19  6.88  6.48  6.08  5.86  5.68  4.55  2.69  1.70  1.41  0.92  0.41  0.22  0.15  0.09  0.06  0.05  0.05
11  60  0.05  0.14  0.24  0.47  0.93  1.39  2.26  4.27  5.84  6.87  7.08  6.71  6.30  5.85  5.65  5.52  4.47  2.80  1.84  1.55  1.06  0.47  0.25  0.16  0.09  0.06  0.05  0.05
11  65  0.05  0.14  0.23  0.46  0.91  1.35  2.19  4.12  5.57  6.55  6.85  6.60  6.23  5.76  5.42  5.19  4.37  2.90  2.03  1.74  1.24  0.56  0.30  0.19  0.10  0.06  0.05  0.05
11  70  0.05  0.14  0.23  0.45  0.89  1.31  2.13  3.95  5.31  6.23  6.61  6.48  6.15  5.66  5.18  4.86  4.27  3.00  2.22  1.92  1.42  0.65  0.34  0.21  0.10  0.06  0.05  0.05
11  75  0.04  0.13  0.22  0.44  0.87  1.29  2.07  3.79  5.02  5.85  6.18  5.86  5.39  4.84  4.37  4.07  3.72  2.92  2.15  1.86  1.36  0.62  0.31  0.20  0.10  0.06  0.05  0.04
11  80  0.04  0.13  0.22  0.44  0.85  1.26  2.02  3.63  4.74  5.47  5.74  5.24  4.63  4.01  3.56  3.29  3.17  2.84  2.08  1.79  1.29  0.58  0.29  0.18  0.11  0.06  0.05  0.04
11  85  0.04  0.13  0.22  0.43  0.85  1.26  2.01  3.63  4.74  5.46  5.74  5.26  4.66  4.04  3.58  3.30  3.18  2.84  2.08  1.79  1.29  0.58  0.29  0.18  0.11  0.06  0.05  0.04
11  90  0.04  0.13  0.22  0.44  0.85  1.26  2.02  3.64  4.75  5.46  5.75  5.28  4.70  4.06  3.55  3.27  3.17  2.83  2.07  1.77  1.27  0.57  0.29  0.18  0.11  0.06  0.05  0.04
12 -90  0.02  0.07  0.12  0.24  0.47  0.70  1.13  2.11  3.16  3.95  5.48  6.46  6.35  5.72  5.50  5.54  5.14  3.89  2.59  2.20  1.49  0.73  0.41  0.23  0.11  0.04  0.03  0.02
12 -85  0.02  0.07  0.12  0.24  0.47  0.70  1.13  2.11  3.17  3.94  5.43  6.47  6.40  5.76  5.41  5.32  4.94  3.79  2.51  2.11  1.39  0.68  0.40  0.23  0.11  0.04  0.03  0.02
12 -80  0.02  0.07  0.12  0.24  0.47  0.70  1.13  2.12  3.17  3.93  5.40  6.46  6.40  5.76  5.40  5.29  4.89  3.73  2.47  2.08  1.37  0.67  0.40  0.23  0.11  0.04  0.03  0.02
12 -75  0.02  0.07  0.12  0.25  0.49  0.72  1.17  2.19  3.24  3.98  5.40  6.53  6.56  5.95  5.57  5.43  4.94  3.65  2.40  2.01  1.33  0.66  0.40  0.22  0.06  0.04  0.03  0.02
12 -70  0.03  0.08  0.13  0.25  0.50  0.74  1.21  2.27  3.30  4.03  5.40  6.60  6.72  6.15  5.76  5.58  4.97  3.54  2.28  1.91  1.26  0.64  0.39  0.21  0.06  0.04  0.03  0.02
12 -65  0.03  0.08  0.13  0.26  0.52  0.76  1.25  2.35  3.39  4.14  5.54  6.89  7.11  6.62  6.16  5.91  4.98  3.38  2.12  1.76  1.13  0.59  0.36  0.20  0.06  0.04  0.03  0.03
12 -60  0.03  0.08  0.14  0.27  0.53  0.79  1.29  2.42  3.49  4.26  5.71  7.20  7.54  7.12  6.58  6.25  5.02  3.24  1.97  1.61  0.99  0.53  0.33  0.18  0.07  0.04  0.03  0.03
12 -55  0.03  0.09  0.14  0.28  0.56  0.83  1.34  2.52  3.67  4.43  5.91  7.54  7.99  7.75  6.98  6.45  4.92  3.02  1.80  1.46  0.83  0.46  0.28  0.16  0.07  0.04  0.03  0.03
12 -50  0.03  0.09  0.14  0.28  0.56  0.84  1.36  2.57  3.71  4.47  6.05  7.89  8.51  8.28  7.30  6.62  4.80  2.79  1.59  1.27  0.70  0.39  0.23  0.11  0.07  0.04  0.04  0.03
12 -45  0.03  0.09  0.14  0.28  0.56  0.83  1.37  2.60  3.75  4.56  6.21  8.17  8.87  8.64  7.29  6.35  4.57  2.61  1.47  1.17  0.63  0.34  0.20  0.09  0.06  0.05  0.04  0.03
12 -40  0.03  0.09  0.14  0.28  0.56  0.84  1.38  2.68  3.82  4.64  6.34  8.41  9.20  9.03  7.30  6.11  4.35  2.41  1.34  1.05  0.56  0.29  0.13  0.07  0.06  0.05  0.04  0.04
12 -35  0.03  0.09  0.15  0.29  0.58  0.86  1.42  2.75  3.96  4.81  6.57  8.61  9.38  9.19  7.65  6.59  4.34  2.09  1.04  0.80  0.40  0.19  0.10  0.07  0.06  0.05  0.04  0.04
12 -30  0.03  0.09  0.15  0.29  0.59  0.88  1.44  2.82  4.07  4.95  6.76  8.77  9.49  9.36  7.99  7.07  4.32  1.78  0.74  0.56  0.25  0.13  0.08  0.06  0.05  0.05  0.05  0.04
12 -25  0.03  0.09  0.15  0.30  0.60  0.90  1.48  2.86  4.20  5.12  6.95  8.99  9.64  9.51  8.02  7.00  4.18  1.65  0.62  0.46  0.19  0.09  0.06  0.05  0.05  0.05  0.05  0.04
12 -20  0.03  0.09  0.15  0.30  0.60  0.90  1.49  2.93  4.31  5.29  7.15  9.21  9.81  9.63  8.02  6.90  4.03  1.50  0.51  0.38  0.14  0.06  0.05  0.04  0.04  0.05  0.05  0.04
12 -15  0.03  0.09  0.15  0.30  0.61  0.91  1.50  2.96  4.39  5.44  7.34  9.33  9.90  9.76  8.12  7.01  3.96  1.39  0.46  0.34  0.13  0.05  0.04  0.04  0.04  0.04  0.04  0.04
12 -10  0.03  0.09  0.15  0.30  0.60  0.91  1.51  3.02  4.52  5.60  7.60  9.49 10.09  9.96  8.27  7.12  3.87  1.27  0.41  0.31  0.13  0.04  0.03  0.03  0.04  0.04  0.04  0.04
12  -5  0.03  0.09  0.15  0.30  0.61  0.91  1.52  3.02  4.53  5.63  7.61  9.38  9.95  9.89  8.07  6.85  3.70  1.21  0.38  0.30  0.13  0.04  0.03  0.03  0.03  0.04  0.03  0.03
12   0  0.03  0.10  0.16  0.32  0.64  0.95  1.56  3.00  4.57  5.67  7.65  9.33  9.84  9.86  7.93  6.59  3.54  1.14  0.36  0.29  0.14  0.04  0.03  0.03  0.03  0.04  0.03  0.03
12   5  0.03  0.10  0.16  0.32  0.64  0.96  1.57  3.01  4.53  5.62  7.45  9.06  9.59  9.57  7.89  6.73  3.76  1.24  0.40  0.31  0.13  0.04  0.03  0.03  0.04  0.04  0.04  0.03
12  10  0.03  0.10  0.16  0.33  0.65  0.96  1.58  3.03  4.52  5.57  7.32  8.81  9.28  9.25  7.84  6.87  3.97  1.34  0.46  0.34  0.13  0.04  0.04  0.04  0.04  0.04  0.04  0.04
12  15  0.03  0.10  0.16  0.33  0.65  0.97  1.58  3.03  4.53  5.59  7.25  8.56  8.89  8.76  7.52  6.63  3.91  1.42  0.49  0.36  0.13  0.05  0.04  0.04  0.04  0.04  0.05  0.04
12  20  0.03  0.10  0.17  0.34  0.67  0.99  1.61  3.01  4.52  5.58  7.15  8.34  8.52  8.31  7.19  6.38  3.86  1.49  0.52  0.38  0.13  0.05  0.04  0.04  0.04  0.05  0.05  0.05
12  25  0.03  0.10  0.17  0.33  0.66  0.99  1.62  3.11  4.63  5.71  7.15  8.05  8.12  7.85  7.05  6.47  4.12  1.64  0.64  0.47  0.19  0.06  0.05  0.05  0.05  0.05  0.05  0.05
12  30  0.04  0.11  0.18  0.35  0.70  1.03  1.68  3.15  4.75  5.83  7.14  7.80  7.73  7.39  6.91  6.57  4.37  1.81  0.78  0.59  0.26  0.10  0.07  0.06  0.05  0.05  0.05  0.05
12  35  0.04  0.11  0.19  0.38  0.74  1.10  1.79  3.34  4.98  6.05  7.10  7.52  7.37  7.00  6.73  6.54  4.72  2.18  1.08  0.85  0.44  0.21  0.10  0.07  0.06  0.05  0.05  0.05
12  40  0.04  0.12  0.20  0.40  0.79  1.17  1.89  3.52  5.18  6.24  7.09  7.27  7.03  6.66  6.58  6.50  5.04  2.53  1.38  1.11  0.64  0.30  0.16  0.10  0.07  0.05  0.05  0.05
12  45  0.04  0.13  0.21  0.42  0.84  1.24  2.00  3.73  5.33  6.34  6.97  7.02  6.77  6.46  6.37  6.30  5.01  2.83  1.62  1.32  0.79  0.37  0.20  0.13  0.08  0.06  0.05  0.05
12  50  0.05  0.14  0.23  0.45  0.89  1.31  2.12  3.93  5.46  6.46  6.89  6.80  6.56  6.33  6.20  6.10  4.94  3.12  1.87  1.53  0.96  0.45  0.24  0.15  0.09  0.06  0.05  0.05
12  55  0.05  0.14  0.23  0.45  0.89  1.31  2.13  3.93  5.24  6.16  6.61  6.68  6.50  6.27  6.00  5.80  4.73  3.12  1.98  1.66  1.12  0.53  0.27  0.16  0.09  0.06  0.05  0.05
12  60  0.05  0.14  0.23  0.45  0.89  1.31  2.13  3.98  5.24  6.11  6.53  6.63  6.46  6.17  5.83  5.59  4.58  3.18  2.15  1.82  1.27  0.60  0.31  0.18  0.10  0.06  0.05  0.05
12  65  0.05  0.14  0.23  0.46  0.90  1.32  2.13  3.86  5.14  6.02  6.51  6.64  6.43  6.07  5.61  5.31  4.47  3.14  2.21  1.88  1.33  0.63  0.30  0.18  0.10  0.06  0.05  0.05
12  70  0.05  0.14  0.23  0.46  0.90  1.33  2.11  3.74  5.03  5.91  6.47  6.64  6.40  5.97  5.40  5.02  4.35  3.09  2.27  1.94  1.40  0.67  0.30  0.18  0.11  0.06  0.05  0.05
12  75  0.05  0.13  0.22  0.44  0.86  1.26  1.99  3.42  4.74  5.63  6.25  6.30  5.99  5.51  4.96  4.59  4.13  3.13  2.29  1.96  1.40  0.66  0.32  0.19  0.11  0.06  0.05  0.05
12  80  0.04  0.13  0.21  0.42  0.82  1.19  1.86  3.11  4.45  5.37  6.04  5.96  5.57  5.03  4.51  4.15  3.90  3.16  2.30  1.97  1.41  0.66  0.34  0.21  0.11  0.06  0.05  0.05
12  85  0.04  0.13  0.21  0.42  0.81  1.18  1.85  3.10  4.45  5.36  6.03  5.98  5.59  5.06  4.53  4.17  3.91  3.16  2.30  1.97  1.41  0.66  0.34  0.21  0.11  0.06  0.05  0.05
12  90  0.04  0.13  0.21  0.42  0.81  1.19  1.86  3.11  4.43  5.32  5.96  5.98  5.63  5.11  4.57  4.19  3.92  3.14  2.26  1.92  1.38  0.67  0.34  0.20  0.11  0.06  0.05  0.05
