     0.010
     0.030
     0.050
     0.100
     0.200
     0.300
     0.500
     1.000
     1.500
     2.000
     3.000
     5.000
     7.000
    10.000
    15.000
    20.000
    30.000
    50.000
    70.000
    80.000
   100.000
   150.000
   200.000
   250.000
   300.000
   400.000
   500.000
   600.000
 1 -90  0.02  0.07  0.11  0.22  0.44  0.65  1.04  1.92  2.77  3.36  4.66  5.63  5.58  5.00  4.31  3.85  3.66  2.93  2.00  1.63  1.02  0.43  0.30  0.19  0.10  0.05  0.03  0.02
 1 -85  0.02  0.07  0.11  0.22  0.44  0.65  1.04  1.91  2.76  3.36  4.67  5.63  5.59  4.99  4.30  3.83  3.63  2.90  1.98  1.61  1.01  0.42  0.30  0.19  0.10  0.05  0.03  0.02
 1 -80  0.02  0.07  0.11  0.22  0.44  0.65  1.04  1.90  2.75  3.36  4.68  5.64  5.59  4.98  4.29  3.82  3.62  2.90  1.98  1.61  1.01  0.42  0.30  0.19  0.10  0.04  0.03  0.02
 1 -75  0.02  0.07  0.12  0.23  0.45  0.67  1.07  1.96  2.81  3.43  4.70  5.77  5.83  5.26  4.63  4.19  3.89  2.96  1.96  1.58  0.99  0.42  0.29  0.18  0.09  0.04  0.03  0.02
 1 -70  0.02  0.07  0.12  0.24  0.46  0.68  1.10  2.02  2.87  3.51  4.72  5.91  6.08  5.54  4.96  4.56  4.17  3.01  1.94  1.56  0.96  0.41  0.29  0.18  0.08  0.04  0.03  0.02
 1 -65  0.02  0.07  0.12  0.24  0.48  0.71  1.14  2.10  2.97  3.63  4.89  6.24  6.56  6.11  5.57  5.20  4.35  2.97  1.84  1.47  0.89  0.38  0.27  0.16  0.07  0.04  0.03  0.02
 1 -60  0.03  0.08  0.13  0.25  0.50  0.74  1.19  2.17  3.06  3.74  5.06  6.57  7.03  6.67  6.18  5.84  4.54  2.93  1.74  1.38  0.82  0.35  0.25  0.15  0.07  0.04  0.03  0.03
 1 -55  0.03  0.08  0.14  0.27  0.53  0.78  1.26  2.30  3.25  3.92  5.23  6.88  7.46  7.30  6.62  6.14  4.39  2.68  1.51  1.19  0.66  0.28  0.20  0.12  0.07  0.04  0.03  0.03
 1 -50  0.03  0.08  0.14  0.27  0.54  0.80  1.28  2.34  3.30  3.96  5.34  7.19  7.93  7.81  6.98  6.40  4.22  2.39  1.20  0.93  0.49  0.20  0.14  0.10  0.07  0.04  0.04  0.03
 1 -45  0.03  0.08  0.14  0.27  0.54  0.80  1.31  2.47  3.45  4.14  5.56  7.45  8.26  8.21  7.21  6.49  4.23  2.34  1.14  0.88  0.46  0.19  0.14  0.08  0.06  0.04  0.04  0.03
 1 -40  0.03  0.08  0.14  0.27  0.54  0.81  1.33  2.58  3.58  4.28  5.75  7.72  8.60  8.63  7.41  6.57  4.25  2.30  1.07  0.83  0.42  0.18  0.10  0.06  0.05  0.04  0.04  0.03
 1 -35  0.03  0.08  0.14  0.28  0.56  0.83  1.36  2.65  3.72  4.48  6.01  7.99  8.85  8.84  7.63  6.76  4.27  2.02  0.86  0.66  0.32  0.14  0.08  0.06  0.05  0.05  0.04  0.04
 1 -30  0.03  0.09  0.14  0.28  0.56  0.84  1.39  2.72  3.83  4.63  6.23  8.24  9.09  9.08  7.83  6.95  4.28  1.75  0.66  0.49  0.22  0.10  0.06  0.05  0.05  0.05  0.04  0.04
 1 -25  0.03  0.09  0.14  0.29  0.57  0.85  1.41  2.76  3.93  4.76  6.44  8.48  9.31  9.31  7.91  6.92  4.24  1.60  0.56  0.42  0.18  0.07  0.05  0.04  0.04  0.05  0.04  0.04
 1 -20  0.03  0.08  0.14  0.28  0.56  0.84  1.41  2.82  4.04  4.92  6.69  8.71  9.49  9.50  7.97  6.88  4.18  1.45  0.48  0.35  0.15  0.05  0.04  0.04  0.04  0.04  0.04  0.04
 1 -15  0.03  0.08  0.14  0.28  0.56  0.84  1.41  2.85  4.12  5.05  6.90  8.89  9.63  9.65  8.11  7.01  4.07  1.38  0.42  0.32  0.14  0.05  0.04  0.04  0.04  0.04  0.04  0.03
 1 -10  0.03  0.08  0.14  0.28  0.55  0.84  1.41  2.88  4.22  5.16  7.06  9.12  9.86  9.82  8.26  7.14  3.96  1.32  0.38  0.29  0.09  0.04  0.03  0.03  0.03  0.04  0.04  0.03
 1  -5  0.03  0.08  0.14  0.28  0.56  0.84  1.41  2.90  4.24  5.20  7.03  9.09  9.79  9.71  8.15  7.04  3.83  1.28  0.36  0.28  0.07  0.04  0.03  0.03  0.03  0.03  0.03  0.03
 1   0  0.03  0.09  0.15  0.30  0.59  0.88  1.46  2.87  4.25  5.22  7.04  8.99  9.65  9.57  8.03  6.93  3.72  1.24  0.34  0.27  0.06  0.04  0.03  0.03  0.03  0.03  0.03  0.03
 1   5  0.03  0.09  0.15  0.30  0.59  0.88  1.46  2.87  4.21  5.18  6.93  8.77  9.41  9.29  7.86  6.86  3.86  1.35  0.40  0.31  0.06  0.04  0.03  0.03  0.03  0.04  0.04  0.04
 1  10  0.03  0.09  0.15  0.30  0.60  0.89  1.47  2.86  4.21  5.15  6.88  8.59  9.15  9.04  7.70  6.78  4.01  1.46  0.46  0.34  0.06  0.04  0.03  0.03  0.04  0.04  0.04  0.04
 1  15  0.03  0.09  0.15  0.30  0.60  0.90  1.48  2.87  4.18  5.12  6.81  8.37  8.82  8.66  7.40  6.51  3.98  1.52  0.47  0.34  0.07  0.04  0.04  0.04  0.04  0.04  0.04  0.04
 1  20  0.03  0.09  0.16  0.31  0.62  0.92  1.50  2.87  4.16  5.06  6.69  8.12  8.45  8.26  7.09  6.24  3.94  1.57  0.48  0.35  0.13  0.05  0.04  0.04  0.04  0.04  0.05  0.04
 1  25  0.03  0.09  0.16  0.31  0.62  0.92  1.52  2.95  4.22  5.14  6.63  7.81  8.02  7.80  6.95  6.30  4.25  1.81  0.66  0.49  0.21  0.06  0.05  0.05  0.05  0.05  0.05  0.05
 1  30  0.03  0.10  0.17  0.33  0.65  0.97  1.58  2.98  4.29  5.19  6.57  7.52  7.58  7.30  6.76  6.36  4.55  2.08  0.85  0.64  0.31  0.11  0.08  0.06  0.06  0.05  0.05  0.05
 1  35  0.03  0.10  0.17  0.35  0.68  1.01  1.65  3.09  4.38  5.29  6.49  7.24  7.23  6.92  6.51  6.23  4.87  2.49  1.22  0.95  0.49  0.24  0.16  0.09  0.07  0.05  0.05  0.05
 1  40  0.04  0.11  0.18  0.36  0.71  1.06  1.72  3.21  4.51  5.42  6.43  6.96  6.88  6.58  6.31  6.11  5.18  2.89  1.58  1.24  0.68  0.34  0.20  0.12  0.08  0.06  0.05  0.05
 1  45  0.04  0.11  0.19  0.37  0.73  1.09  1.77  3.32  4.61  5.49  6.32  6.72  6.64  6.35  6.21  6.12  5.24  3.13  1.81  1.45  0.87  0.44  0.24  0.16  0.09  0.06  0.05  0.05
 1  50  0.04  0.11  0.19  0.38  0.75  1.12  1.82  3.43  4.65  5.51  6.20  6.48  6.40  6.16  6.13  6.12  5.30  3.36  2.04  1.67  1.06  0.54  0.29  0.18  0.10  0.06  0.05  0.05
 1  55  0.04  0.12  0.19  0.38  0.76  1.12  1.82  3.42  4.46  5.25  5.92  6.30  6.25  6.05  5.84  5.69  4.98  3.33  2.16  1.81  1.22  0.61  0.35  0.20  0.10  0.06  0.05  0.05
 1  60  0.04  0.12  0.20  0.39  0.77  1.14  1.86  3.49  4.50  5.26  5.85  6.19  6.14  5.88  5.57  5.37  4.72  3.35  2.35  1.98  1.38  0.68  0.40  0.23  0.10  0.06  0.05  0.05
 1  65  0.04  0.12  0.19  0.38  0.76  1.12  1.82  3.40  4.39  5.14  5.82  6.28  6.27  6.01  5.61  5.33  4.54  3.32  2.32  1.96  1.37  0.67  0.38  0.22  0.10  0.06  0.05  0.05
 1  70  0.04  0.11  0.19  0.38  0.74  1.10  1.78  3.30  4.28  5.02  5.78  6.35  6.40  6.14  5.64  5.30  4.35  3.29  2.30  1.94  1.36  0.67  0.37  0.22  0.11  0.06  0.05  0.05
 1  75  0.04  0.11  0.18  0.36  0.71  1.04  1.68  3.07  3.97  4.67  5.44  5.95  5.92  5.57  5.09  4.75  4.07  3.21  2.39  2.07  1.55  0.71  0.38  0.23  0.11  0.06  0.05  0.05
 1  80  0.04  0.11  0.18  0.35  0.68  1.00  1.59  2.82  3.67  4.31  5.11  5.55  5.44  5.01  4.53  4.19  3.80  3.12  2.49  2.20  1.74  0.76  0.39  0.24  0.11  0.06  0.05  0.05
 1  85  0.04  0.11  0.18  0.35  0.68  1.00  1.59  2.81  3.65  4.28  5.07  5.52  5.42  5.01  4.52  4.18  3.80  3.12  2.49  2.21  1.74  0.76  0.39  0.24  0.11  0.06  0.05  0.05
 1  90  0.04  0.11  0.18  0.35  0.68  1.00  1.59  2.81  3.64  4.27  5.05  5.51  5.43  5.02  4.52  4.17  3.79  3.11  2.48  2.21  1.75  0.76  0.40  0.24  0.11  0.06  0.05  0.05
 2 -90  0.03  0.08  0.14  0.27  0.54  0.79  1.28  2.34  3.30  3.95  4.96  5.24  4.89  4.28  3.94  3.72  3.42  2.73  1.94  1.60  1.03  0.41  0.28  0.19  0.12  0.05  0.03  0.02
 2 -85  0.03  0.08  0.14  0.27  0.54  0.79  1.27  2.33  3.29  3.96  4.97  5.25  4.90  4.28  3.94  3.73  3.41  2.72  1.93  1.58  1.02  0.41  0.27  0.19  0.11  0.04  0.03  0.02
 2 -80  0.03  0.08  0.14  0.27  0.54  0.79  1.27  2.32  3.28  3.96  4.99  5.26  4.91  4.27  3.94  3.73  3.41  2.72  1.92  1.58  1.02  0.41  0.27  0.19  0.11  0.04  0.03  0.02
 2 -75  0.03  0.08  0.14  0.27  0.53  0.78  1.26  2.30  3.27  3.97  5.09  5.62  5.39  4.75  4.33  4.06  3.60  2.74  1.92  1.57  0.99  0.39  0.27  0.18  0.10  0.04  0.03  0.02
 2 -70  0.03  0.08  0.14  0.27  0.53  0.78  1.25  2.28  3.26  3.98  5.19  5.98  5.88  5.24  4.73  4.40  3.79  2.75  1.93  1.56  0.97  0.38  0.27  0.18  0.09  0.04  0.03  0.02
 2 -65  0.03  0.08  0.14  0.27  0.54  0.79  1.28  2.33  3.32  4.06  5.36  6.40  6.45  5.85  5.25  4.84  4.04  2.73  1.84  1.47  0.91  0.36  0.26  0.16  0.08  0.04  0.03  0.02
 2 -60  0.03  0.08  0.14  0.28  0.55  0.81  1.30  2.37  3.38  4.14  5.52  6.81  7.01  6.46  5.76  5.28  4.29  2.70  1.74  1.39  0.85  0.34  0.24  0.15  0.08  0.04  0.03  0.03
 2 -55  0.03  0.09  0.15  0.29  0.58  0.85  1.37  2.48  3.53  4.27  5.64  7.08  7.43  7.09  6.31  5.78  4.25  2.51  1.48  1.17  0.65  0.27  0.19  0.12  0.07  0.04  0.03  0.03
 2 -50  0.03  0.09  0.15  0.30  0.59  0.86  1.39  2.50  3.54  4.26  5.68  7.35  7.89  7.60  6.80  6.25  4.18  2.29  1.14  0.88  0.46  0.20  0.13  0.09  0.06  0.04  0.04  0.03
 2 -45  0.03  0.09  0.15  0.30  0.58  0.87  1.40  2.62  3.68  4.42  5.86  7.58  8.21  8.02  7.07  6.40  4.21  2.18  1.08  0.82  0.42  0.18  0.11  0.07  0.05  0.04  0.04  0.03
 2 -40  0.03  0.09  0.15  0.30  0.59  0.87  1.42  2.71  3.79  4.54  6.02  7.81  8.52  8.45  7.32  6.54  4.26  2.08  1.02  0.77  0.37  0.16  0.09  0.06  0.05  0.04  0.04  0.03
 2 -35  0.03  0.09  0.15  0.30  0.59  0.88  1.44  2.76  3.89  4.68  6.21  8.04  8.78  8.71  7.52  6.67  4.21  1.86  0.84  0.63  0.29  0.12  0.07  0.05  0.05  0.04  0.04  0.04
 2 -30  0.03  0.09  0.15  0.30  0.59  0.88  1.45  2.81  3.96  4.78  6.37  8.26  9.02  8.99  7.71  6.80  4.17  1.65  0.65  0.49  0.21  0.09  0.06  0.05  0.04  0.04  0.04  0.04
 2 -25  0.03  0.09  0.15  0.29  0.59  0.87  1.44  2.80  3.98  4.82  6.47  8.46  9.29  9.30  7.87  6.84  4.12  1.54  0.55  0.41  0.17  0.06  0.04  0.04  0.04  0.04  0.04  0.04
 2 -20  0.03  0.08  0.14  0.28  0.57  0.85  1.41  2.82  4.00  4.85  6.60  8.67  9.52  9.59  8.00  6.88  4.06  1.44  0.45  0.33  0.14  0.05  0.04  0.04  0.04  0.04  0.04  0.03
 2 -15  0.03  0.08  0.14  0.28  0.56  0.84  1.39  2.79  3.99  4.87  6.69  8.84  9.73  9.81  8.18  7.01  4.00  1.34  0.41  0.31  0.14  0.04  0.03  0.03  0.03  0.04  0.04  0.03
 2 -10  0.03  0.08  0.14  0.27  0.54  0.82  1.37  2.76  4.00  4.87  6.74  9.06 10.01 10.05  8.36  7.13  3.94  1.25  0.38  0.29  0.08  0.04  0.03  0.03  0.03  0.03  0.03  0.03
 2  -5  0.03  0.08  0.13  0.27  0.54  0.82  1.37  2.77  3.99  4.86  6.68  9.08 10.01 10.00  8.12  6.77  3.81  1.24  0.38  0.30  0.07  0.04  0.03  0.03  0.03  0.03  0.03  0.03
 2   0  0.03  0.09  0.15  0.29  0.58  0.86  1.41  2.71  3.95  4.82  6.65  9.00  9.92  9.89  7.86  6.40  3.70  1.24  0.38  0.30  0.06  0.03  0.03  0.03  0.03  0.03  0.03  0.03
 2   5  0.03  0.09  0.15  0.29  0.58  0.86  1.41  2.73  3.97  4.85  6.64  8.87  9.72  9.64  7.88  6.61  3.82  1.36  0.44  0.34  0.06  0.04  0.03  0.03  0.03  0.04  0.04  0.04
 2  10  0.03  0.09  0.14  0.29  0.57  0.86  1.41  2.75  4.02  4.91  6.68  8.76  9.53  9.44  7.89  6.81  3.94  1.47  0.51  0.37  0.06  0.04  0.03  0.03  0.04  0.04  0.04  0.04
 2  15  0.03  0.09  0.15  0.29  0.58  0.86  1.43  2.79  4.02  4.90  6.64  8.56  9.24  9.12  7.75  6.78  4.07  1.57  0.54  0.39  0.07  0.04  0.04  0.04  0.04  0.04  0.05  0.05
 2  20  0.03  0.09  0.15  0.30  0.60  0.89  1.46  2.80  4.03  4.89  6.58  8.33  8.88  8.77  7.59  6.74  4.18  1.66  0.57  0.41  0.09  0.05  0.04  0.04  0.04  0.05  0.05  0.05
 2  25  0.03  0.09  0.15  0.31  0.61  0.90  1.49  2.87  4.11  5.01  6.60  8.08  8.46  8.30  7.30  6.56  4.41  1.85  0.72  0.53  0.21  0.07  0.06  0.05  0.05  0.05  0.05  0.05
 2  30  0.03  0.10  0.16  0.32  0.64  0.95  1.54  2.92  4.20  5.09  6.60  7.83  8.02  7.78  6.98  6.38  4.63  2.07  0.88  0.65  0.28  0.16  0.09  0.07  0.06  0.05  0.05  0.05
 2  35  0.03  0.10  0.17  0.34  0.67  0.99  1.61  3.01  4.32  5.25  6.62  7.58  7.64  7.33  6.71  6.27  4.87  2.57  1.25  0.96  0.48  0.29  0.21  0.11  0.08  0.06  0.05  0.05
 2  40  0.04  0.11  0.18  0.35  0.70  1.03  1.67  3.10  4.49  5.45  6.67  7.33  7.26  6.91  6.48  6.17  5.12  3.07  1.62  1.27  0.68  0.43  0.28  0.15  0.09  0.06  0.05  0.05
 2  45  0.04  0.11  0.18  0.36  0.72  1.07  1.73  3.24  4.64  5.61  6.62  7.11  7.00  6.63  6.31  6.10  5.21  3.31  1.91  1.53  0.91  0.52  0.32  0.19  0.11  0.06  0.05  0.05
 2  50  0.04  0.11  0.19  0.37  0.74  1.09  1.78  3.39  4.76  5.72  6.58  6.88  6.74  6.40  6.17  6.02  5.30  3.55  2.20  1.80  1.15  0.62  0.37  0.22  0.11  0.07  0.06  0.05
 2  55  0.04  0.12  0.19  0.38  0.76  1.13  1.84  3.46  4.72  5.63  6.39  6.68  6.54  6.25  5.98  5.79  5.23  3.59  2.30  1.92  1.29  0.67  0.41  0.23  0.12  0.07  0.06  0.05
 2  60  0.04  0.12  0.20  0.40  0.80  1.18  1.92  3.62  4.91  5.82  6.41  6.57  6.40  6.06  5.82  5.66  5.22  3.68  2.46  2.07  1.43  0.72  0.45  0.26  0.12  0.07  0.06  0.05
 2  65  0.04  0.12  0.20  0.40  0.79  1.18  1.91  3.57  4.74  5.57  6.17  6.44  6.35  6.09  5.77  5.54  5.02  3.54  2.51  2.14  1.52  0.76  0.44  0.26  0.12  0.07  0.06  0.05
 2  70  0.04  0.12  0.20  0.40  0.79  1.17  1.90  3.53  4.57  5.32  5.91  6.31  6.31  6.11  5.71  5.42  4.82  3.40  2.57  2.20  1.61  0.81  0.43  0.26  0.12  0.07  0.06  0.05
 2  75  0.04  0.12  0.20  0.40  0.79  1.16  1.88  3.47  4.32  4.94  5.76  6.45  6.57  6.38  5.87  5.50  4.79  3.33  2.60  2.24  1.65  0.85  0.45  0.26  0.13  0.07  0.06  0.05
 2  80  0.04  0.12  0.20  0.40  0.78  1.15  1.86  3.40  4.06  4.56  5.60  6.58  6.83  6.64  6.03  5.59  4.77  3.26  2.64  2.28  1.69  0.89  0.47  0.27  0.14  0.07  0.06  0.05
 2  85  0.04  0.12  0.20  0.40  0.78  1.15  1.85  3.39  4.04  4.53  5.56  6.55  6.81  6.63  6.02  5.58  4.76  3.25  2.64  2.28  1.69  0.89  0.47  0.27  0.14  0.07  0.06  0.05
 2  90  0.04  0.12  0.20  0.40  0.78  1.15  1.85  3.39  4.05  4.54  5.58  6.57  6.83  6.66  6.05  5.60  4.77  3.25  2.64  2.29  1.70  0.90  0.47  0.27  0.14  0.07  0.06  0.05
 3 -90  0.04  0.12  0.20  0.39  0.77  1.14  1.82  3.23  4.14  4.77  4.93  4.79  4.52  4.11  3.67  3.39  3.41  2.66  1.98  1.64  1.07  0.44  0.26  0.17  0.09  0.04  0.03  0.02
 3 -85  0.04  0.12  0.20  0.40  0.77  1.14  1.82  3.23  4.14  4.77  4.94  4.79  4.52  4.08  3.64  3.36  3.39  2.66  1.97  1.63  1.07  0.44  0.26  0.16  0.09  0.04  0.03  0.02
 3 -80  0.04  0.12  0.20  0.40  0.77  1.14  1.81  3.22  4.14  4.79  4.97  4.82  4.53  4.08  3.63  3.35  3.39  2.66  1.97  1.62  1.07  0.44  0.25  0.16  0.09  0.04  0.03  0.02
 3 -75  0.04  0.11  0.19  0.38  0.74  1.09  1.73  3.08  4.14  4.90  5.40  5.37  5.03  4.48  3.94  3.61  3.48  2.67  1.94  1.59  1.02  0.42  0.25  0.16  0.08  0.04  0.03  0.02
 3 -70  0.04  0.11  0.18  0.36  0.70  1.03  1.65  2.94  4.13  5.01  5.83  5.91  5.53  4.89  4.26  3.86  3.56  2.68  1.93  1.56  0.98  0.41  0.24  0.15  0.08  0.04  0.03  0.02
 3 -65  0.04  0.11  0.18  0.35  0.68  1.01  1.61  2.88  4.11  5.01  6.05  6.39  6.11  5.45  4.86  4.47  3.75  2.67  1.81  1.46  0.91  0.38  0.23  0.14  0.08  0.04  0.03  0.03
 3 -60  0.03  0.10  0.17  0.34  0.66  0.98  1.57  2.82  4.08  5.02  6.26  6.86  6.68  6.02  5.47  5.09  3.95  2.65  1.69  1.36  0.85  0.36  0.22  0.14  0.08  0.04  0.03  0.03
 3 -55  0.03  0.10  0.17  0.34  0.67  0.99  1.58  2.84  4.12  5.02  6.31  7.16  7.12  6.61  6.03  5.62  4.18  2.55  1.49  1.19  0.69  0.29  0.18  0.11  0.07  0.04  0.03  0.03
 3 -50  0.03  0.10  0.17  0.34  0.66  0.97  1.56  2.78  4.01  4.88  6.29  7.47  7.61  7.10  6.52  6.12  4.40  2.41  1.20  0.95  0.54  0.21  0.13  0.08  0.06  0.04  0.04  0.03
 3 -45  0.03  0.10  0.17  0.33  0.65  0.95  1.54  2.83  4.06  4.92  6.38  7.69  7.96  7.57  6.68  6.06  4.28  2.29  1.10  0.87  0.48  0.19  0.10  0.06  0.05  0.04  0.04  0.03
 3 -40  0.03  0.10  0.16  0.32  0.64  0.94  1.53  2.85  4.08  4.93  6.44  7.91  8.31  8.04  6.84  6.01  4.17  2.17  1.01  0.79  0.42  0.16  0.09  0.06  0.04  0.04  0.04  0.03
 3 -35  0.03  0.10  0.16  0.32  0.63  0.93  1.51  2.85  4.12  5.00  6.55  8.12  8.61  8.41  7.34  6.60  4.25  1.96  0.82  0.63  0.31  0.13  0.07  0.05  0.04  0.04  0.04  0.03
 3 -30  0.03  0.09  0.16  0.31  0.62  0.92  1.50  2.86  4.12  5.02  6.63  8.32  8.90  8.80  7.85  7.18  4.32  1.75  0.64  0.47  0.20  0.09  0.05  0.04  0.04  0.04  0.04  0.03
 3 -25  0.03  0.09  0.15  0.30  0.60  0.90  1.47  2.82  4.06  4.93  6.58  8.43  9.16  9.16  8.04  7.24  4.24  1.52  0.51  0.37  0.15  0.06  0.04  0.04  0.04  0.04  0.04  0.03
 3 -20  0.03  0.09  0.15  0.29  0.58  0.87  1.43  2.80  3.99  4.82  6.54  8.56  9.40  9.50  8.22  7.31  4.15  1.30  0.38  0.28  0.10  0.04  0.03  0.03  0.03  0.04  0.04  0.03
 3 -15  0.03  0.09  0.14  0.29  0.57  0.85  1.41  2.76  3.89  4.71  6.42  8.58  9.58  9.80  8.29  7.20  4.10  1.29  0.38  0.28  0.11  0.04  0.03  0.03  0.03  0.04  0.03  0.03
 3 -10  0.03  0.08  0.14  0.28  0.56  0.83  1.38  2.71  3.81  4.57  6.26  8.66  9.83 10.10  8.35  7.09  4.04  1.28  0.39  0.29  0.12  0.03  0.03  0.03  0.03  0.03  0.03  0.03
 3  -5  0.03  0.08  0.14  0.28  0.55  0.83  1.37  2.71  3.76  4.51  6.14  8.66  9.86 10.11  8.30  6.99  3.99  1.28  0.39  0.29  0.07  0.03  0.03  0.03  0.03  0.03  0.03  0.03
 3   0  0.03  0.09  0.15  0.29  0.58  0.86  1.40  2.64  3.69  4.41  6.03  8.55  9.77 10.06  8.22  6.89  3.96  1.29  0.39  0.30  0.13  0.03  0.03  0.03  0.03  0.03  0.03  0.03
 3   5  0.03  0.09  0.15  0.29  0.58  0.86  1.40  2.68  3.75  4.52  6.15  8.55  9.67  9.87  8.20  6.99  4.03  1.38  0.44  0.33  0.06  0.04  0.03  0.03  0.03  0.04  0.04  0.03
 3  10  0.03  0.09  0.14  0.29  0.57  0.85  1.40  2.72  3.86  4.66  6.31  8.58  9.60  9.75  8.19  7.08  4.11  1.47  0.49  0.37  0.07  0.04  0.03  0.03  0.03  0.04  0.04  0.04
 3  15  0.03  0.09  0.14  0.29  0.58  0.86  1.42  2.78  3.90  4.73  6.38  8.49  9.40  9.47  7.93  6.84  4.14  1.53  0.51  0.37  0.08  0.04  0.04  0.04  0.04  0.05  0.05  0.05
 3  20  0.03  0.09  0.15  0.30  0.60  0.89  1.46  2.81  3.98  4.80  6.44  8.37  9.12  9.14  7.65  6.58  4.15  1.58  0.52  0.38  0.15  0.05  0.04  0.04  0.05  0.05  0.05  0.05
 3  25  0.03  0.09  0.15  0.31  0.61  0.90  1.48  2.85  4.05  4.91  6.53  8.23  8.81  8.75  7.47  6.54  4.35  1.88  0.71  0.54  0.24  0.08  0.06  0.06  0.05  0.05  0.05  0.05
 3  30  0.03  0.10  0.16  0.32  0.63  0.93  1.52  2.88  4.13  5.00  6.61  8.10  8.48  8.32  7.26  6.50  4.54  2.21  0.91  0.70  0.35  0.18  0.11  0.08  0.07  0.06  0.05  0.05
 3  35  0.03  0.10  0.16  0.33  0.64  0.95  1.55  2.90  4.21  5.14  6.71  7.99  8.19  7.91  7.03  6.41  4.63  2.61  1.28  1.01  0.57  0.31  0.22  0.11  0.08  0.06  0.06  0.05
 3  40  0.03  0.10  0.17  0.34  0.67  0.98  1.59  2.93  4.34  5.32  6.87  7.88  7.90  7.51  6.83  6.34  4.72  3.01  1.64  1.33  0.79  0.44  0.30  0.16  0.10  0.06  0.06  0.05
 3  45  0.03  0.10  0.17  0.34  0.67  0.99  1.61  3.01  4.46  5.47  6.90  7.71  7.63  7.18  6.57  6.14  4.93  3.25  1.91  1.55  0.97  0.56  0.35  0.21  0.11  0.07  0.06  0.06
 3  50  0.03  0.10  0.17  0.34  0.67  1.00  1.63  3.10  4.57  5.61  6.96  7.54  7.37  6.88  6.32  5.95  5.14  3.49  2.15  1.78  1.16  0.67  0.42  0.24  0.13  0.07  0.06  0.06
 3  55  0.04  0.11  0.18  0.35  0.70  1.03  1.68  3.15  4.59  5.62  6.84  7.32  7.11  6.64  6.15  5.82  5.13  3.59  2.31  1.92  1.29  0.75  0.47  0.26  0.14  0.07  0.06  0.06
 3  60  0.04  0.11  0.19  0.37  0.73  1.08  1.76  3.30  4.83  5.91  6.94  7.19  6.89  6.37  6.02  5.78  5.18  3.74  2.51  2.09  1.43  0.82  0.51  0.29  0.14  0.07  0.06  0.06
 3  65  0.04  0.11  0.19  0.38  0.75  1.11  1.81  3.38  4.82  5.82  6.70  6.91  6.66  6.19  5.82  5.57  5.02  3.72  2.58  2.20  1.56  0.87  0.55  0.32  0.14  0.07  0.06  0.06
 3  70  0.04  0.12  0.20  0.39  0.77  1.14  1.85  3.46  4.80  5.72  6.45  6.63  6.41  6.00  5.62  5.37  4.85  3.70  2.66  2.30  1.70  0.93  0.58  0.35  0.14  0.07  0.06  0.06
 3  75  0.04  0.12  0.20  0.39  0.77  1.14  1.85  3.44  4.65  5.49  6.18  6.52  6.42  6.10  5.56  5.17  4.72  3.69  2.69  2.33  1.74  0.97  0.58  0.34  0.14  0.08  0.06  0.06
 3  80  0.04  0.12  0.20  0.39  0.77  1.14  1.85  3.42  4.49  5.25  5.91  6.40  6.44  6.20  5.48  4.98  4.58  3.67  2.72  2.36  1.79  1.01  0.57  0.33  0.13  0.08  0.06  0.06
 3  85  0.04  0.12  0.20  0.39  0.77  1.14  1.84  3.41  4.47  5.21  5.86  6.36  6.40  6.18  5.46  4.96  4.57  3.67  2.72  2.37  1.79  1.01  0.57  0.33  0.13  0.08  0.06  0.06
 3  90  0.04  0.12  0.20  0.39  0.77  1.14  1.84  3.40  4.44  5.17  5.81  6.34  6.42  6.21  5.49  4.98  4.60  3.69  2.74  2.40  1.81  1.02  0.57  0.33  0.13  0.08  0.06  0.06
 4 -90  0.05  0.16  0.26  0.52  1.00  1.46  2.28  3.80  4.24  4.55  4.72  4.70  4.45  4.01  3.49  3.18  2.92  2.81  2.05  1.67  1.05  0.42  0.26  0.16  0.08  0.04  0.03  0.02
 4 -85  0.05  0.16  0.26  0.52  1.00  1.46  2.28  3.80  4.24  4.58  4.75  4.72  4.46  4.00  3.47  3.15  2.90  2.81  2.05  1.66  1.05  0.42  0.26  0.16  0.08  0.04  0.03  0.03
 4 -80  0.05  0.16  0.26  0.52  1.00  1.46  2.28  3.79  4.24  4.58  4.76  4.72  4.46  3.99  3.46  3.14  2.89  2.81  2.04  1.66  1.05  0.42  0.26  0.16  0.08  0.04  0.03  0.03
 4 -75  0.05  0.15  0.25  0.50  0.97  1.41  2.22  3.75  4.52  5.12  5.31  5.18  4.87  4.37  3.84  3.53  3.25  2.80  2.01  1.63  1.05  0.41  0.25  0.16  0.08  0.04  0.03  0.03
 4 -70  0.05  0.15  0.24  0.48  0.94  1.37  2.16  3.72  4.82  5.66  5.86  5.63  5.27  4.73  4.23  3.91  3.59  2.78  1.98  1.61  1.04  0.39  0.24  0.15  0.07  0.04  0.03  0.03
 4 -65  0.05  0.14  0.23  0.46  0.90  1.32  2.10  3.66  4.90  5.84  6.23  6.10  5.76  5.21  4.74  4.43  3.84  2.77  1.87  1.52  0.97  0.36  0.21  0.13  0.07  0.04  0.03  0.03
 4 -60  0.05  0.14  0.22  0.44  0.87  1.28  2.03  3.59  4.97  6.02  6.60  6.58  6.26  5.68  5.25  4.95  4.10  2.76  1.76  1.42  0.89  0.33  0.18  0.11  0.07  0.04  0.03  0.03
 4 -55  0.04  0.13  0.22  0.43  0.84  1.23  1.97  3.49  4.94  5.98  6.75  6.94  6.68  6.18  5.85  5.60  4.37  2.64  1.57  1.25  0.71  0.28  0.14  0.09  0.06  0.04  0.03  0.03
 4 -50  0.04  0.12  0.21  0.41  0.80  1.17  1.87  3.32  4.77  5.80  6.82  7.31  7.13  6.56  6.37  6.22  4.62  2.49  1.30  1.01  0.53  0.22  0.10  0.08  0.05  0.04  0.03  0.03
 4 -45  0.04  0.12  0.19  0.39  0.76  1.11  1.79  3.23  4.66  5.67  6.86  7.55  7.49  6.98  6.46  6.11  4.49  2.34  1.22  0.94  0.50  0.20  0.10  0.06  0.05  0.04  0.03  0.03
 4 -40  0.04  0.11  0.19  0.37  0.72  1.07  1.71  3.11  4.54  5.53  6.89  7.82  7.86  7.40  6.57  6.00  4.35  2.19  1.14  0.89  0.46  0.18  0.09  0.06  0.04  0.04  0.03  0.03
 4 -35  0.04  0.11  0.18  0.35  0.69  1.02  1.64  3.04  4.44  5.43  6.89  8.05  8.24  7.90  6.83  6.08  4.23  1.98  0.97  0.75  0.38  0.15  0.07  0.05  0.04  0.04  0.03  0.03
 4 -30  0.03  0.10  0.17  0.33  0.66  0.98  1.59  2.95  4.32  5.28  6.87  8.27  8.63  8.40  7.09  6.15  4.10  1.76  0.79  0.61  0.30  0.09  0.05  0.04  0.04  0.04  0.04  0.03
 4 -25  0.03  0.10  0.16  0.32  0.64  0.95  1.54  2.90  4.20  5.11  6.72  8.34  8.90  8.84  7.49  6.53  4.14  1.56  0.60  0.46  0.21  0.06  0.04  0.04  0.03  0.04  0.04  0.03
 4 -20  0.03  0.09  0.16  0.31  0.61  0.91  1.49  2.84  4.05  4.90  6.57  8.43  9.17  9.26  7.88  6.90  4.18  1.39  0.42  0.31  0.12  0.04  0.03  0.03  0.03  0.03  0.03  0.03
 4 -15  0.03  0.09  0.15  0.30  0.60  0.90  1.47  2.81  3.94  4.75  6.37  8.35  9.29  9.55  8.12  7.09  4.17  1.33  0.39  0.29  0.12  0.03  0.03  0.03  0.03  0.03  0.03  0.03
 4 -10  0.03  0.09  0.15  0.30  0.59  0.88  1.44  2.76  3.83  4.57  6.15  8.34  9.45  9.82  8.35  7.28  4.16  1.28  0.37  0.28  0.12  0.03  0.03  0.03  0.03  0.03  0.03  0.03
 4  -5  0.03  0.09  0.15  0.30  0.59  0.87  1.43  2.75  3.78  4.50  6.01  8.32  9.50  9.88  8.38  7.30  4.17  1.29  0.37  0.28  0.12  0.03  0.03  0.03  0.03  0.03  0.03  0.03
 4   0  0.03  0.09  0.15  0.30  0.60  0.89  1.44  2.71  3.71  4.40  5.87  8.20  9.44  9.87  8.39  7.32  4.20  1.32  0.37  0.28  0.12  0.03  0.03  0.03  0.03  0.03  0.03  0.03
 4   5  0.03  0.09  0.15  0.30  0.59  0.88  1.44  2.73  3.76  4.51  6.03  8.30  9.41  9.71  8.32  7.30  4.27  1.42  0.54  0.39  0.14  0.03  0.03  0.03  0.03  0.03  0.03  0.03
 4  10  0.03  0.09  0.15  0.29  0.58  0.87  1.43  2.76  3.87  4.66  6.23  8.42  9.42  9.62  8.26  7.27  4.34  1.51  0.69  0.50  0.16  0.04  0.03  0.03  0.03  0.04  0.04  0.04
 4  15  0.03  0.09  0.15  0.29  0.59  0.87  1.44  2.80  3.92  4.73  6.33  8.41  9.31  9.41  8.06  7.08  4.31  1.57  0.73  0.52  0.16  0.04  0.03  0.04  0.04  0.05  0.05  0.05
 4  20  0.03  0.09  0.15  0.30  0.60  0.90  1.47  2.82  3.99  4.81  6.45  8.38  9.12  9.15  7.83  6.87  4.26  1.63  0.76  0.54  0.17  0.06  0.04  0.04  0.05  0.05  0.05  0.05
 4  25  0.03  0.09  0.15  0.30  0.60  0.90  1.47  2.82  4.01  4.85  6.49  8.31  8.96  8.91  7.70  6.83  4.40  1.86  0.87  0.64  0.26  0.09  0.07  0.06  0.06  0.06  0.06  0.05
 4  30  0.03  0.09  0.15  0.31  0.61  0.90  1.48  2.82  4.02  4.88  6.51  8.23  8.76  8.64  7.55  6.78  4.53  2.11  0.98  0.75  0.35  0.17  0.11  0.08  0.07  0.06  0.06  0.05
 4  35  0.03  0.09  0.16  0.31  0.61  0.91  1.47  2.77  3.99  4.86  6.50  8.14  8.56  8.35  7.35  6.64  4.52  2.40  1.27  1.01  0.57  0.32  0.17  0.10  0.08  0.06  0.06  0.05
 4  40  0.03  0.09  0.16  0.31  0.62  0.91  1.48  2.73  4.00  4.88  6.55  8.04  8.35  8.07  7.16  6.51  4.51  2.70  1.56  1.27  0.78  0.46  0.30  0.14  0.09  0.07  0.06  0.05
 4  45  0.03  0.09  0.16  0.31  0.61  0.90  1.46  2.73  4.02  4.92  6.54  7.92  8.14  7.75  6.88  6.26  4.56  2.91  1.78  1.45  0.92  0.55  0.36  0.18  0.11  0.07  0.06  0.06
 4  50  0.03  0.09  0.15  0.30  0.60  0.89  1.45  2.74  4.04  4.95  6.58  7.81  7.94  7.47  6.60  6.00  4.62  3.13  1.98  1.63  1.06  0.64  0.42  0.24  0.13  0.08  0.06  0.06
 4  55  0.03  0.09  0.15  0.30  0.60  0.89  1.45  2.74  4.01  4.93  6.53  7.64  7.66  7.16  6.30  5.70  4.73  3.29  2.12  1.76  1.18  0.69  0.47  0.27  0.14  0.08  0.06  0.06
 4  60  0.03  0.09  0.16  0.31  0.62  0.91  1.49  2.81  4.22  5.19  6.71  7.56  7.44  6.83  6.04  5.50  4.89  3.50  2.31  1.92  1.30  0.75  0.52  0.30  0.15  0.08  0.06  0.06
 4  65  0.03  0.09  0.16  0.31  0.62  0.92  1.50  2.84  4.22  5.17  6.52  7.20  7.02  6.43  5.82  5.40  4.83  3.51  2.43  2.03  1.38  0.84  0.60  0.35  0.16  0.08  0.06  0.06
 4  70  0.03  0.10  0.16  0.32  0.63  0.93  1.52  2.86  4.21  5.14  6.33  6.83  6.61  6.03  5.60  5.31  4.76  3.52  2.55  2.13  1.47  0.94  0.67  0.40  0.18  0.08  0.06  0.06
 4  75  0.03  0.10  0.16  0.32  0.64  0.95  1.55  2.92  4.19  5.05  5.99  6.36  6.16  5.66  5.39  5.22  4.74  3.58  2.62  2.22  1.56  0.99  0.67  0.40  0.17  0.08  0.06  0.06
 4  80  0.03  0.10  0.17  0.33  0.65  0.97  1.58  2.98  4.15  4.94  5.64  5.89  5.71  5.29  5.19  5.13  4.70  3.64  2.69  2.30  1.67  1.04  0.68  0.39  0.16  0.09  0.07  0.06
 4  85  0.03  0.10  0.17  0.33  0.65  0.97  1.58  2.97  4.13  4.91  5.59  5.85  5.67  5.28  5.17  5.12  4.70  3.63  2.69  2.30  1.67  1.05  0.68  0.39  0.16  0.09  0.07  0.06
 4  90  0.03  0.10  0.17  0.33  0.66  0.97  1.58  2.96  4.12  4.89  5.55  5.81  5.64  5.27  5.18  5.13  4.72  3.66  2.70  2.32  1.68  1.06  0.69  0.40  0.16  0.09  0.07  0.06
 5 -90  0.06  0.17  0.28  0.56  1.08  1.55  2.37  3.70  4.41  4.90  4.74  4.38  3.91  3.42  3.39  3.39  3.31  2.73  2.01  1.64  1.03  0.41  0.24  0.15  0.06  0.03  0.03  0.03
 5 -85  0.06  0.17  0.29  0.56  1.08  1.55  2.38  3.70  4.43  4.94  4.79  4.41  3.93  3.43  3.38  3.37  3.30  2.73  2.00  1.63  1.03  0.41  0.24  0.14  0.06  0.04  0.03  0.03
 5 -80  0.06  0.17  0.29  0.56  1.08  1.55  2.38  3.70  4.43  4.95  4.81  4.42  3.94  3.42  3.38  3.37  3.30  2.73  1.99  1.62  1.03  0.41  0.24  0.14  0.06  0.04  0.03  0.03
 5 -75  0.06  0.17  0.28  0.55  1.06  1.53  2.35  3.71  4.58  5.21  5.29  5.03  4.63  4.12  3.84  3.68  3.41  2.62  1.85  1.50  0.95  0.38  0.22  0.13  0.06  0.04  0.03  0.03
 5 -70  0.05  0.16  0.27  0.53  1.03  1.49  2.31  3.73  4.73  5.47  5.77  5.64  5.32  4.81  4.31  3.99  3.53  2.52  1.71  1.38  0.88  0.35  0.20  0.12  0.07  0.04  0.03  0.03
 5 -65  0.06  0.16  0.27  0.54  1.04  1.52  2.38  3.99  5.09  5.93  6.11  5.94  5.64  5.15  4.78  4.56  4.01  2.65  1.72  1.37  0.83  0.36  0.19  0.12  0.06  0.04  0.03  0.03
 5 -60  0.06  0.17  0.27  0.54  1.06  1.55  2.45  4.24  5.44  6.37  6.45  6.24  5.95  5.49  5.28  5.14  4.49  2.78  1.72  1.36  0.78  0.36  0.19  0.12  0.06  0.04  0.03  0.03
 5 -55  0.05  0.16  0.26  0.52  1.02  1.50  2.38  4.17  5.55  6.56  6.78  6.62  6.31  5.89  5.68  5.51  4.60  2.62  1.61  1.26  0.68  0.36  0.17  0.11  0.06  0.04  0.03  0.03
 5 -50  0.05  0.15  0.25  0.50  0.98  1.44  2.28  4.01  5.51  6.59  7.03  7.00  6.71  6.19  6.01  5.86  4.71  2.43  1.43  1.10  0.57  0.36  0.16  0.08  0.05  0.04  0.03  0.03
 5 -45  0.05  0.14  0.23  0.46  0.90  1.33  2.12  3.75  5.27  6.36  7.09  7.29  7.04  6.52  6.16  5.90  4.63  2.35  1.34  1.03  0.53  0.32  0.15  0.07  0.05  0.04  0.03  0.03
 5 -40  0.04  0.13  0.21  0.42  0.83  1.22  1.94  3.48  5.04  6.14  7.17  7.60  7.40  6.87  6.33  5.94  4.55  2.28  1.25  0.96  0.48  0.29  0.13  0.06  0.04  0.04  0.03  0.03
 5 -35  0.04  0.12  0.20  0.39  0.76  1.13  1.81  3.29  4.80  5.87  7.09  7.82  7.76  7.33  6.75  6.34  4.51  2.06  1.02  0.77  0.36  0.21  0.09  0.06  0.04  0.04  0.03  0.03
 5 -30  0.04  0.11  0.18  0.36  0.71  1.05  1.69  3.10  4.54  5.56  7.00  8.03  8.14  7.80  7.18  6.74  4.46  1.83  0.78  0.58  0.24  0.10  0.06  0.05  0.04  0.04  0.03  0.03
 5 -25  0.03  0.10  0.17  0.34  0.68  1.00  1.62  2.99  4.33  5.29  6.79  8.10  8.44  8.27  7.41  6.79  4.39  1.69  0.64  0.47  0.19  0.06  0.04  0.04  0.03  0.03  0.03  0.03
 5 -20  0.03  0.10  0.17  0.33  0.65  0.96  1.56  2.88  4.10  4.97  6.57  8.19  8.74  8.72  7.63  6.84  4.31  1.56  0.49  0.36  0.13  0.04  0.03  0.03  0.03  0.03  0.03  0.03
 5 -15  0.03  0.10  0.16  0.32  0.63  0.94  1.53  2.86  4.02  4.84  6.38  8.14  8.90  9.05  7.92  7.11  4.33  1.47  0.43  0.32  0.12  0.04  0.03  0.03  0.03  0.03  0.03  0.03
 5 -10  0.03  0.10  0.16  0.32  0.63  0.93  1.51  2.81  3.92  4.68  6.19  8.15  9.08  9.38  8.21  7.38  4.35  1.37  0.36  0.27  0.11  0.03  0.03  0.03  0.03  0.03  0.03  0.03
 5  -5  0.03  0.10  0.16  0.32  0.62  0.92  1.50  2.81  3.90  4.65  6.11  8.17  9.19  9.50  8.14  7.18  4.14  1.21  0.32  0.24  0.10  0.03  0.03  0.03  0.03  0.03  0.03  0.03
 5   0  0.03  0.09  0.16  0.31  0.62  0.91  1.49  2.81  3.86  4.60  6.03  8.12  9.21  9.57  8.05  6.98  3.94  1.06  0.28  0.22  0.10  0.03  0.03  0.03  0.03  0.03  0.03  0.03
 5   5  0.03  0.09  0.16  0.31  0.61  0.91  1.48  2.80  3.88  4.66  6.15  8.23  9.23  9.53  8.18  7.20  4.22  1.31  0.45  0.35  0.16  0.03  0.03  0.03  0.03  0.03  0.03  0.03
 5  10  0.03  0.09  0.15  0.30  0.60  0.89  1.46  2.82  3.96  4.76  6.31  8.37  9.30  9.54  8.31  7.41  4.50  1.56  0.61  0.47  0.22  0.04  0.03  0.03  0.03  0.04  0.04  0.03
 5  15  0.03  0.09  0.15  0.30  0.60  0.89  1.46  2.82  3.96  4.77  6.35  8.37  9.25  9.38  8.19  7.32  4.39  1.63  0.65  0.49  0.23  0.04  0.04  0.04  0.04  0.05  0.05  0.04
 5  20  0.03  0.09  0.15  0.31  0.61  0.90  1.48  2.81  3.97  4.79  6.42  8.37  9.15  9.19  8.05  7.22  4.28  1.72  0.69  0.52  0.25  0.06  0.05  0.05  0.05  0.05  0.05  0.05
 5  25  0.03  0.09  0.15  0.30  0.60  0.89  1.46  2.78  3.95  4.76  6.38  8.28  9.02  9.02  7.89  7.09  4.47  1.90  0.81  0.63  0.31  0.10  0.07  0.06  0.06  0.06  0.05  0.05
 5  30  0.03  0.09  0.15  0.30  0.59  0.88  1.44  2.76  3.91  4.73  6.33  8.18  8.85  8.82  7.73  6.95  4.65  2.09  0.93  0.73  0.38  0.16  0.09  0.07  0.06  0.06  0.06  0.05
 5  35  0.03  0.09  0.15  0.30  0.59  0.88  1.43  2.69  3.82  4.63  6.21  8.03  8.64  8.57  7.52  6.78  4.63  2.31  1.15  0.93  0.55  0.30  0.14  0.09  0.07  0.06  0.06  0.05
 5  40  0.03  0.09  0.15  0.30  0.59  0.87  1.41  2.63  3.78  4.58  6.16  7.89  8.44  8.31  7.32  6.62  4.61  2.54  1.37  1.12  0.71  0.42  0.21  0.12  0.09  0.07  0.06  0.06
 5  45  0.03  0.09  0.15  0.29  0.57  0.85  1.38  2.59  3.72  4.51  6.04  7.72  8.23  8.02  7.04  6.35  4.56  2.69  1.59  1.30  0.84  0.51  0.33  0.16  0.10  0.07  0.06  0.06
 5  50  0.03  0.08  0.14  0.28  0.55  0.82  1.34  2.56  3.66  4.43  5.96  7.57  8.02  7.74  6.76  6.09  4.52  2.85  1.79  1.48  0.98  0.60  0.40  0.20  0.12  0.08  0.06  0.06
 5  55  0.03  0.08  0.14  0.27  0.54  0.80  1.31  2.50  3.54  4.30  5.85  7.41  7.76  7.40  6.46  5.79  4.51  2.96  1.89  1.56  1.05  0.63  0.45  0.27  0.14  0.08  0.07  0.06
 5  60  0.03  0.08  0.14  0.27  0.54  0.80  1.32  2.51  3.66  4.46  5.97  7.34  7.54  7.04  6.18  5.59  4.56  3.13  2.05  1.68  1.11  0.67  0.49  0.29  0.15  0.08  0.07  0.06
 5  65  0.03  0.08  0.13  0.27  0.53  0.79  1.29  2.45  3.57  4.35  5.79  6.98  7.07  6.52  5.68  5.11  4.26  3.13  2.16  1.79  1.21  0.74  0.55  0.35  0.16  0.08  0.07  0.06
 5  70  0.03  0.08  0.13  0.26  0.52  0.77  1.26  2.39  3.48  4.23  5.59  6.62  6.60  6.01  5.19  4.62  3.97  3.12  2.27  1.90  1.32  0.80  0.61  0.40  0.23  0.09  0.07  0.06
 5  75  0.03  0.08  0.13  0.26  0.52  0.77  1.26  2.39  3.51  4.28  5.57  6.34  6.18  5.55  4.96  4.57  4.09  3.20  2.30  1.93  1.34  0.82  0.61  0.40  0.22  0.09  0.07  0.06
 5  80  0.03  0.08  0.13  0.26  0.52  0.77  1.26  2.39  3.54  4.33  5.55  6.06  5.76  5.09  4.74  4.51  4.20  3.28  2.34  1.97  1.37  0.84  0.60  0.39  0.22  0.09  0.07  0.06
 5  85  0.03  0.08  0.13  0.26  0.52  0.77  1.25  2.37  3.51  4.30  5.50  6.02  5.72  5.07  4.72  4.50  4.20  3.28  2.34  1.97  1.38  0.84  0.61  0.39  0.22  0.09  0.07  0.06
 5  90  0.03  0.08  0.13  0.26  0.52  0.77  1.25  2.36  3.49  4.26  5.45  5.99  5.70  5.05  4.71  4.49  4.21  3.30  2.35  1.99  1.39  0.85  0.61  0.40  0.22  0.10  0.07  0.06
 6 -90  0.06  0.17  0.29  0.56  1.08  1.55  2.34  3.49  4.53  5.25  5.13  4.75  4.40  4.02  3.91  3.82  3.32  2.75  1.99  1.64  1.08  0.38  0.18  0.09  0.05  0.03  0.03  0.03
 6 -85  0.06  0.17  0.29  0.56  1.08  1.55  2.35  3.51  4.56  5.30  5.18  4.78  4.41  4.02  3.90  3.81  3.31  2.75  1.98  1.64  1.07  0.38  0.18  0.09  0.05  0.03  0.03  0.03
 6 -80  0.06  0.17  0.29  0.57  1.08  1.55  2.35  3.51  4.57  5.32  5.21  4.80  4.42  4.01  3.89  3.80  3.31  2.75  1.98  1.63  1.07  0.38  0.18  0.09  0.05  0.04  0.03  0.03
 6 -75  0.06  0.17  0.29  0.57  1.09  1.56  2.38  3.63  4.69  5.45  5.54  5.30  4.95  4.50  4.18  3.97  3.46  2.74  1.94  1.60  1.06  0.37  0.18  0.09  0.05  0.04  0.03  0.03
 6 -70  0.06  0.17  0.29  0.56  1.08  1.56  2.40  3.76  4.82  5.59  5.89  5.80  5.48  4.99  4.47  4.13  3.61  2.72  1.91  1.58  1.06  0.37  0.17  0.09  0.05  0.04  0.03  0.03
 6 -65  0.06  0.17  0.28  0.56  1.08  1.56  2.41  3.89  5.00  5.82  6.03  5.93  5.63  5.15  4.78  4.56  3.97  2.80  1.90  1.56  1.02  0.40  0.20  0.10  0.06  0.04  0.03  0.03
 6 -60  0.06  0.17  0.28  0.55  1.07  1.55  2.42  4.03  5.18  6.05  6.17  6.06  5.79  5.32  5.11  4.99  4.34  2.87  1.89  1.54  0.99  0.43  0.24  0.10  0.06  0.04  0.03  0.03
 6 -55  0.06  0.16  0.27  0.54  1.05  1.54  2.43  4.19  5.52  6.49  6.54  6.35  6.07  5.69  5.53  5.40  4.50  2.73  1.73  1.40  0.86  0.41  0.25  0.10  0.06  0.04  0.03  0.03
 6 -50  0.05  0.16  0.27  0.54  1.05  1.54  2.44  4.25  5.71  6.76  6.83  6.64  6.37  5.95  5.87  5.78  4.66  2.57  1.51  1.21  0.73  0.39  0.26  0.09  0.05  0.04  0.03  0.03
 6 -45  0.05  0.15  0.25  0.49  0.96  1.41  2.24  3.93  5.45  6.54  7.02  7.04  6.75  6.27  5.97  5.75  4.63  2.50  1.43  1.15  0.70  0.36  0.23  0.08  0.05  0.04  0.03  0.03
 6 -40  0.04  0.13  0.22  0.44  0.86  1.27  2.03  3.61  5.22  6.35  7.24  7.48  7.19  6.63  6.11  5.71  4.58  2.44  1.35  1.09  0.65  0.33  0.21  0.07  0.05  0.04  0.03  0.03
 6 -35  0.04  0.12  0.20  0.40  0.79  1.16  1.86  3.36  4.87  5.95  7.08  7.67  7.54  7.08  6.50  6.08  4.69  2.23  1.08  0.86  0.49  0.25  0.11  0.07  0.05  0.04  0.03  0.03
 6 -30  0.04  0.11  0.18  0.36  0.72  1.06  1.70  3.10  4.51  5.51  6.91  7.87  7.92  7.53  6.90  6.44  4.78  2.00  0.81  0.63  0.33  0.17  0.07  0.05  0.04  0.04  0.03  0.03
 6 -25  0.04  0.11  0.18  0.35  0.69  1.02  1.65  3.00  4.32  5.27  6.73  7.92  8.15  7.91  7.17  6.62  4.63  1.79  0.65  0.49  0.24  0.07  0.05  0.04  0.04  0.04  0.04  0.03
 6 -20  0.03  0.10  0.17  0.34  0.68  1.00  1.60  2.89  4.11  4.98  6.53  7.98  8.39  8.26  7.42  6.80  4.48  1.59  0.48  0.36  0.14  0.05  0.04  0.03  0.03  0.04  0.04  0.04
 6 -15  0.03  0.10  0.17  0.33  0.66  0.97  1.57  2.90  4.09  4.92  6.42  7.99  8.58  8.59  7.59  6.89  4.33  1.50  0.46  0.34  0.14  0.04  0.03  0.03  0.03  0.04  0.04  0.04
 6 -10  0.03  0.10  0.17  0.33  0.65  0.97  1.56  2.87  4.04  4.83  6.32  8.05  8.78  8.92  7.77  6.97  4.17  1.41  0.44  0.33  0.14  0.04  0.03  0.03  0.03  0.03  0.03  0.03
 6  -5  0.03  0.10  0.17  0.33  0.65  0.96  1.56  2.87  4.04  4.84  6.29  8.12  8.95  9.13  7.98  7.20  4.24  1.35  0.41  0.30  0.14  0.04  0.03  0.03  0.03  0.03  0.03  0.03
 6   0  0.03  0.10  0.16  0.32  0.63  0.94  1.53  2.89  4.04  4.85  6.29  8.16  9.07  9.29  8.17  7.43  4.31  1.30  0.37  0.28  0.13  0.04  0.03  0.03  0.03  0.03  0.03  0.03
 6   5  0.03  0.10  0.16  0.32  0.63  0.94  1.53  2.87  4.03  4.86  6.37  8.26  9.12  9.33  8.23  7.46  4.46  1.44  0.49  0.37  0.18  0.04  0.03  0.03  0.03  0.03  0.03  0.03
 6  10  0.03  0.09  0.16  0.31  0.62  0.92  1.50  2.88  4.08  4.92  6.48  8.39  9.21  9.42  8.29  7.47  4.61  1.58  0.59  0.46  0.22  0.04  0.03  0.03  0.03  0.04  0.04  0.03
 6  15  0.03  0.09  0.16  0.31  0.62  0.92  1.50  2.88  4.06  4.89  6.49  8.39  9.18  9.29  8.12  7.26  4.51  1.64  0.62  0.48  0.24  0.05  0.04  0.04  0.04  0.05  0.04  0.04
 6  20  0.03  0.10  0.16  0.32  0.62  0.93  1.51  2.86  4.04  4.87  6.51  8.39  9.11  9.15  7.93  7.04  4.42  1.72  0.65  0.50  0.25  0.06  0.05  0.05  0.05  0.05  0.05  0.04
 6  25  0.03  0.09  0.16  0.31  0.61  0.91  1.49  2.82  4.00  4.81  6.41  8.27  8.98  8.99  7.92  7.16  4.55  1.84  0.70  0.54  0.28  0.09  0.06  0.06  0.06  0.06  0.05  0.05
 6  30  0.03  0.09  0.15  0.30  0.60  0.89  1.46  2.79  3.93  4.74  6.31  8.14  8.83  8.83  7.91  7.28  4.68  1.97  0.75  0.58  0.30  0.13  0.08  0.06  0.06  0.06  0.05  0.05
 6  35  0.03  0.09  0.15  0.30  0.59  0.88  1.43  2.70  3.82  4.61  6.14  7.93  8.59  8.57  7.62  6.96  4.63  2.20  1.00  0.79  0.44  0.20  0.10  0.08  0.07  0.06  0.06  0.05
 6  40  0.03  0.09  0.15  0.30  0.58  0.86  1.41  2.63  3.75  4.52  6.03  7.74  8.35  8.31  7.33  6.65  4.57  2.44  1.25  0.99  0.58  0.32  0.16  0.10  0.08  0.07  0.06  0.05
 6  45  0.03  0.09  0.14  0.28  0.56  0.84  1.36  2.56  3.63  4.37  5.83  7.53  8.11  8.01  7.05  6.37  4.55  2.56  1.44  1.16  0.71  0.41  0.26  0.13  0.09  0.07  0.06  0.05
 6  50  0.03  0.08  0.13  0.27  0.53  0.79  1.30  2.50  3.52  4.24  5.67  7.33  7.88  7.71  6.75  6.09  4.53  2.68  1.62  1.33  0.86  0.50  0.34  0.16  0.10  0.07  0.06  0.06
 6  55  0.03  0.08  0.13  0.26  0.51  0.76  1.25  2.41  3.35  4.03  5.46  7.10  7.58  7.35  6.44  5.80  4.35  2.75  1.69  1.38  0.90  0.53  0.38  0.19  0.12  0.08  0.07  0.06
 6  60  0.03  0.08  0.13  0.26  0.51  0.76  1.24  2.39  3.41  4.11  5.49  6.96  7.32  6.96  6.15  5.60  4.22  2.87  1.82  1.48  0.94  0.55  0.42  0.26  0.13  0.08  0.07  0.06
 6  65  0.02  0.07  0.12  0.25  0.49  0.73  1.20  2.31  3.29  3.98  5.31  6.65  6.90  6.45  5.62  5.05  3.93  2.86  1.92  1.57  1.04  0.59  0.47  0.29  0.14  0.08  0.07  0.06
 6  70  0.02  0.07  0.12  0.24  0.47  0.70  1.15  2.22  3.18  3.84  5.14  6.34  6.47  5.94  5.08  4.49  3.63  2.84  2.02  1.67  1.13  0.63  0.52  0.32  0.16  0.09  0.07  0.06
 6  75  0.02  0.07  0.12  0.23  0.46  0.68  1.11  2.14  3.11  3.79  5.13  6.19  6.18  5.58  4.82  4.30  3.67  2.88  2.05  1.72  1.18  0.65  0.53  0.33  0.18  0.09  0.07  0.06
 6  80  0.02  0.07  0.11  0.22  0.44  0.65  1.07  2.05  3.04  3.73  5.11  6.04  5.89  5.21  4.55  4.11  3.70  2.91  2.10  1.76  1.23  0.67  0.55  0.35  0.19  0.10  0.07  0.06
 6  85  0.02  0.07  0.11  0.22  0.44  0.65  1.07  2.04  3.01  3.69  5.07  5.99  5.86  5.19  4.54  4.09  3.69  2.91  2.10  1.76  1.23  0.67  0.55  0.35  0.19  0.10  0.07  0.06
 6  90  0.02  0.07  0.11  0.22  0.44  0.65  1.06  2.02  2.99  3.65  5.02  5.95  5.82  5.16  4.51  4.07  3.67  2.91  2.10  1.77  1.23  0.67  0.55  0.36  0.19  0.10  0.07  0.06
 7 -90  0.05  0.16  0.26  0.50  0.96  1.37  2.05  2.89  4.04  4.83  5.15  5.13  4.83  4.27  4.02  3.82  3.54  2.71  1.98  1.61  1.02  0.39  0.19  0.08  0.05  0.03  0.03  0.03
 7 -85  0.05  0.16  0.26  0.51  0.96  1.37  2.05  2.90  4.05  4.85  5.18  5.15  4.84  4.26  4.01  3.81  3.54  2.70  1.97  1.60  1.01  0.39  0.19  0.08  0.05  0.03  0.03  0.03
 7 -80  0.05  0.16  0.26  0.51  0.96  1.37  2.05  2.89  4.05  4.86  5.20  5.17  4.85  4.26  4.00  3.81  3.54  2.71  1.97  1.60  1.01  0.39  0.19  0.08  0.05  0.03  0.03  0.03
 7 -75  0.05  0.15  0.24  0.47  0.90  1.29  1.93  2.74  3.91  4.76  5.30  5.58  5.39  4.82  4.27  3.89  3.42  2.70  1.97  1.61  1.04  0.39  0.19  0.08  0.05  0.03  0.03  0.03
 7 -70  0.05  0.14  0.22  0.44  0.83  1.19  1.79  2.60  3.78  4.65  5.41  5.99  5.93  5.39  4.54  3.96  3.29  2.69  1.97  1.62  1.07  0.40  0.21  0.09  0.05  0.04  0.03  0.03
 7 -65  0.05  0.14  0.23  0.45  0.87  1.25  1.91  2.97  4.18  5.09  5.71  6.05  5.89  5.36  4.84  4.51  3.85  2.81  1.94  1.60  1.08  0.42  0.21  0.10  0.05  0.04  0.03  0.03
 7 -60  0.05  0.14  0.23  0.46  0.89  1.30  2.03  3.35  4.59  5.53  6.01  6.10  5.84  5.31  5.15  5.07  4.40  2.91  1.90  1.59  1.09  0.44  0.25  0.10  0.06  0.04  0.03  0.03
 7 -55  0.05  0.14  0.23  0.45  0.88  1.29  2.05  3.58  4.96  5.96  6.42  6.42  6.14  5.70  5.63  5.57  4.61  2.81  1.78  1.47  0.94  0.41  0.25  0.10  0.06  0.04  0.03  0.03
 7 -50  0.05  0.14  0.23  0.45  0.88  1.30  2.07  3.69  5.17  6.22  6.76  6.74  6.46  5.98  6.04  6.05  4.81  2.69  1.60  1.29  0.79  0.38  0.26  0.09  0.05  0.04  0.03  0.03
 7 -45  0.04  0.13  0.22  0.43  0.85  1.25  2.00  3.56  5.05  6.11  6.91  7.13  6.87  6.37  6.16  5.99  4.82  2.71  1.56  1.25  0.75  0.35  0.23  0.09  0.05  0.04  0.03  0.03
 7 -40  0.04  0.12  0.21  0.41  0.81  1.19  1.90  3.43  4.96  6.04  7.12  7.57  7.35  6.82  6.32  5.94  4.82  2.75  1.53  1.21  0.69  0.32  0.21  0.08  0.05  0.04  0.03  0.03
 7 -35  0.04  0.12  0.19  0.39  0.76  1.12  1.80  3.26  4.72  5.76  6.99  7.71  7.63  7.18  6.49  5.99  4.78  2.54  1.28  0.99  0.53  0.25  0.16  0.08  0.05  0.04  0.04  0.03
 7 -30  0.04  0.11  0.18  0.36  0.71  1.05  1.69  3.10  4.47  5.45  6.85  7.86  7.93  7.56  6.69  6.06  4.73  2.31  1.02  0.78  0.38  0.18  0.09  0.06  0.05  0.04  0.04  0.04
 7 -25  0.04  0.11  0.18  0.36  0.70  1.03  1.66  3.01  4.34  5.29  6.77  7.93  8.11  7.83  6.98  6.35  4.62  2.03  0.80  0.61  0.28  0.08  0.05  0.05  0.04  0.04  0.04  0.04
 7 -20  0.04  0.11  0.18  0.35  0.69  1.02  1.63  2.91  4.18  5.09  6.65  7.98  8.28  8.07  7.24  6.63  4.50  1.74  0.59  0.43  0.17  0.05  0.04  0.04  0.04  0.04  0.04  0.04
 7 -15  0.03  0.10  0.17  0.34  0.67  0.99  1.59  2.92  4.17  5.03  6.58  8.06  8.53  8.42  7.52  6.89  4.28  1.55  0.53  0.40  0.17  0.05  0.04  0.03  0.03  0.04  0.04  0.04
 7 -10  0.03  0.10  0.17  0.34  0.66  0.98  1.58  2.89  4.12  4.96  6.51  8.18  8.79  8.81  7.82  7.15  4.04  1.35  0.48  0.36  0.16  0.04  0.03  0.03  0.03  0.04  0.04  0.04
 7  -5  0.03  0.10  0.17  0.33  0.66  0.97  1.57  2.88  4.12  4.96  6.47  8.26  9.01  9.07  7.88  7.10  4.11  1.33  0.47  0.36  0.17  0.04  0.03  0.03  0.03  0.03  0.04  0.03
 7   0  0.03  0.10  0.16  0.32  0.63  0.93  1.52  2.92  4.12  4.98  6.49  8.35  9.21  9.30  7.94  7.06  4.18  1.31  0.47  0.36  0.17  0.04  0.03  0.03  0.03  0.03  0.03  0.03
 7   5  0.03  0.10  0.16  0.32  0.64  0.94  1.54  2.90  4.12  4.98  6.56  8.43  9.24  9.37  8.13  7.29  4.41  1.50  0.59  0.45  0.20  0.04  0.03  0.03  0.03  0.03  0.03  0.03
 7  10  0.03  0.09  0.16  0.31  0.62  0.93  1.52  2.91  4.16  5.03  6.66  8.55  9.32  9.48  8.32  7.50  4.64  1.69  0.70  0.53  0.23  0.04  0.03  0.03  0.03  0.04  0.03  0.03
 7  15  0.03  0.10  0.16  0.32  0.63  0.94  1.53  2.92  4.16  5.03  6.67  8.52  9.23  9.30  8.18  7.37  4.62  1.74  0.72  0.54  0.24  0.05  0.04  0.04  0.04  0.04  0.04  0.03
 7  20  0.03  0.10  0.16  0.33  0.64  0.95  1.55  2.91  4.16  5.02  6.69  8.50  9.14  9.14  8.04  7.24  4.62  1.80  0.74  0.55  0.24  0.06  0.05  0.05  0.05  0.05  0.05  0.04
 7  25  0.03  0.10  0.16  0.32  0.63  0.94  1.53  2.90  4.14  4.98  6.59  8.35  8.98  8.96  7.88  7.11  4.58  1.94  0.78  0.59  0.25  0.09  0.06  0.06  0.06  0.06  0.05  0.04
 7  30  0.03  0.09  0.16  0.31  0.62  0.92  1.51  2.89  4.09  4.95  6.52  8.22  8.81  8.78  7.71  6.96  4.54  2.06  0.83  0.61  0.25  0.11  0.07  0.06  0.06  0.06  0.05  0.05
 7  35  0.03  0.09  0.16  0.31  0.61  0.91  1.49  2.81  3.97  4.80  6.33  7.98  8.55  8.52  7.50  6.80  4.52  2.19  0.99  0.76  0.36  0.13  0.08  0.07  0.07  0.06  0.06  0.05
 7  40  0.03  0.09  0.15  0.30  0.60  0.89  1.45  2.75  3.90  4.69  6.18  7.76  8.30  8.24  7.29  6.63  4.48  2.31  1.16  0.90  0.47  0.18  0.11  0.08  0.07  0.06  0.06  0.05
 7  45  0.03  0.09  0.15  0.29  0.58  0.86  1.40  2.65  3.75  4.51  5.95  7.53  8.05  7.95  7.02  6.36  4.46  2.42  1.30  1.03  0.59  0.29  0.16  0.11  0.08  0.07  0.06  0.05
 7  50  0.03  0.08  0.14  0.28  0.55  0.81  1.34  2.56  3.60  4.33  5.74  7.30  7.79  7.63  6.71  6.08  4.45  2.53  1.43  1.16  0.72  0.38  0.26  0.14  0.10  0.07  0.06  0.05
 7  55  0.03  0.08  0.13  0.26  0.52  0.77  1.27  2.46  3.41  4.10  5.51  7.06  7.49  7.28  6.33  5.67  4.24  2.56  1.51  1.23  0.80  0.43  0.31  0.17  0.11  0.07  0.06  0.05
 7  60  0.03  0.08  0.13  0.26  0.51  0.76  1.25  2.42  3.44  4.15  5.50  6.90  7.23  6.88  5.98  5.35  4.10  2.65  1.65  1.34  0.88  0.47  0.35  0.19  0.12  0.08  0.06  0.05
 7  65  0.02  0.07  0.12  0.25  0.49  0.73  1.20  2.32  3.30  3.99  5.29  6.55  6.76  6.33  5.39  4.74  3.72  2.64  1.74  1.43  0.96  0.50  0.39  0.25  0.13  0.08  0.06  0.05
 7  70  0.02  0.07  0.12  0.24  0.47  0.70  1.15  2.21  3.16  3.81  5.06  6.18  6.29  5.78  4.80  4.12  3.35  2.63  1.83  1.52  1.04  0.53  0.43  0.28  0.14  0.08  0.06  0.05
 7  75  0.02  0.07  0.11  0.22  0.45  0.66  1.09  2.11  3.07  3.73  5.01  5.98  5.95  5.37  4.52  3.93  3.31  2.67  1.88  1.57  1.07  0.53  0.44  0.29  0.15  0.09  0.07  0.05
 7  80  0.02  0.06  0.11  0.21  0.42  0.63  1.04  2.00  2.98  3.65  4.96  5.77  5.60  4.96  4.23  3.73  3.28  2.70  1.94  1.62  1.10  0.54  0.46  0.30  0.16  0.09  0.07  0.05
 7  85  0.02  0.06  0.11  0.21  0.42  0.63  1.03  1.98  2.95  3.61  4.91  5.73  5.57  4.94  4.21  3.71  3.27  2.70  1.94  1.62  1.10  0.54  0.46  0.30  0.17  0.09  0.07  0.05
 7  90  0.02  0.06  0.11  0.21  0.42  0.63  1.03  1.97  2.92  3.57  4.85  5.67  5.52  4.91  4.18  3.68  3.24  2.69  1.94  1.62  1.10  0.54  0.47  0.30  0.18  0.09  0.07  0.05
 8 -90  0.04  0.12  0.20  0.40  0.76  1.08  1.62  2.36  3.38  4.10  5.04  6.02  6.01  5.15  4.10  3.35  2.87  2.47  1.78  1.47  0.96  0.39  0.16  0.07  0.05  0.03  0.03  0.03
 8 -85  0.04  0.12  0.20  0.40  0.76  1.08  1.63  2.37  3.40  4.14  5.11  6.07  6.04  5.16  4.10  3.35  2.87  2.47  1.78  1.47  0.96  0.39  0.16  0.07  0.05  0.03  0.03  0.03
 8 -80  0.04  0.12  0.20  0.40  0.76  1.08  1.63  2.36  3.39  4.14  5.12  6.09  6.05  5.15  4.10  3.35  2.88  2.48  1.78  1.47  0.96  0.39  0.17  0.08  0.05  0.04  0.03  0.03
 8 -75  0.04  0.12  0.20  0.40  0.77  1.10  1.68  2.56  3.56  4.32  5.21  5.98  5.94  5.24  4.29  3.62  3.04  2.55  1.82  1.51  1.01  0.41  0.17  0.08  0.05  0.04  0.03  0.03
 8 -70  0.04  0.12  0.20  0.40  0.77  1.11  1.72  2.77  3.74  4.50  5.30  5.86  5.81  5.34  4.46  3.88  3.20  2.62  1.86  1.56  1.07  0.44  0.18  0.08  0.05  0.04  0.03  0.03
 8 -65  0.04  0.12  0.20  0.39  0.75  1.10  1.73  2.94  3.98  4.80  5.65  6.11  5.99  5.50  4.92  4.54  3.78  2.81  1.85  1.53  1.03  0.44  0.20  0.09  0.05  0.04  0.03  0.03
 8 -60  0.04  0.12  0.19  0.38  0.75  1.10  1.75  3.09  4.22  5.10  6.00  6.35  6.16  5.65  5.37  5.20  4.35  2.98  1.82  1.49  0.98  0.44  0.25  0.09  0.06  0.04  0.03  0.03
 8 -55  0.04  0.12  0.19  0.38  0.75  1.11  1.79  3.30  4.61  5.56  6.49  6.79  6.58  6.16  5.85  5.60  4.67  3.05  1.81  1.48  0.94  0.43  0.26  0.10  0.06  0.04  0.03  0.03
 8 -50  0.04  0.12  0.19  0.39  0.76  1.13  1.83  3.41  4.83  5.85  6.88  7.25  7.05  6.56  6.24  5.98  4.97  3.10  1.73  1.41  0.90  0.41  0.27  0.10  0.06  0.04  0.04  0.03
 8 -45  0.04  0.12  0.20  0.39  0.77  1.13  1.83  3.37  4.81  5.85  6.97  7.50  7.35  6.86  6.33  5.93  4.94  3.06  1.69  1.37  0.85  0.39  0.26  0.09  0.06  0.04  0.04  0.03
 8 -40  0.04  0.12  0.19  0.39  0.76  1.12  1.81  3.34  4.83  5.86  7.11  7.81  7.73  7.23  6.45  5.88  4.91  3.02  1.64  1.32  0.80  0.36  0.25  0.09  0.06  0.04  0.04  0.04
 8 -35  0.04  0.11  0.19  0.37  0.73  1.08  1.74  3.21  4.66  5.68  7.05  7.94  7.92  7.45  6.58  5.95  4.82  2.76  1.36  1.08  0.62  0.28  0.20  0.09  0.06  0.04  0.04  0.04
 8 -30  0.04  0.11  0.18  0.35  0.70  1.03  1.67  3.09  4.48  5.48  6.98  8.06  8.13  7.70  6.73  6.03  4.72  2.49  1.09  0.84  0.44  0.20  0.09  0.07  0.06  0.05  0.04  0.04
 8 -25  0.04  0.11  0.18  0.35  0.69  1.02  1.64  2.98  4.33  5.30  6.90  8.18  8.36  8.00  7.00  6.28  4.62  2.17  0.82  0.63  0.31  0.08  0.06  0.05  0.05  0.05  0.05  0.04
 8 -20  0.04  0.11  0.18  0.35  0.68  1.00  1.60  2.88  4.18  5.12  6.80  8.28  8.58  8.28  7.26  6.52  4.52  1.84  0.55  0.41  0.17  0.06  0.04  0.04  0.04  0.04  0.04  0.04
 8 -15  0.03  0.10  0.17  0.33  0.65  0.97  1.56  2.88  4.14  5.00  6.67  8.34  8.85  8.66  7.58  6.85  4.28  1.61  0.53  0.39  0.15  0.05  0.04  0.04  0.04  0.04  0.04  0.04
 8 -10  0.03  0.10  0.16  0.33  0.64  0.95  1.54  2.85  4.07  4.90  6.55  8.44  9.14  9.10  7.94  7.18  4.02  1.37  0.50  0.36  0.13  0.04  0.03  0.03  0.03  0.04  0.04  0.04
 8  -5  0.03  0.10  0.16  0.32  0.64  0.95  1.53  2.84  4.05  4.89  6.48  8.48  9.35  9.38  8.08  7.26  4.02  1.34  0.50  0.37  0.14  0.04  0.03  0.03  0.03  0.04  0.04  0.04
 8   0  0.03  0.09  0.15  0.30  0.60  0.90  1.48  2.88  4.06  4.89  6.48  8.58  9.57  9.65  8.24  7.35  4.02  1.31  0.50  0.37  0.15  0.04  0.03  0.03  0.03  0.04  0.04  0.03
 8   5  0.03  0.09  0.16  0.31  0.62  0.92  1.51  2.86  4.07  4.92  6.57  8.62  9.55  9.67  8.32  7.43  4.30  1.47  0.61  0.45  0.17  0.04  0.03  0.03  0.03  0.03  0.03  0.03
 8  10  0.03  0.09  0.16  0.31  0.61  0.91  1.50  2.87  4.12  4.99  6.68  8.73  9.59  9.72  8.41  7.50  4.57  1.64  0.71  0.52  0.20  0.04  0.03  0.03  0.03  0.04  0.03  0.03
 8  15  0.03  0.10  0.16  0.32  0.63  0.93  1.52  2.89  4.17  5.05  6.78  8.69  9.41  9.45  8.24  7.36  4.56  1.70  0.74  0.54  0.21  0.04  0.04  0.04  0.04  0.04  0.04  0.03
 8  20  0.03  0.10  0.16  0.33  0.65  0.96  1.55  2.91  4.21  5.11  6.86  8.66  9.24  9.22  8.07  7.23  4.57  1.77  0.77  0.56  0.22  0.05  0.04  0.05  0.05  0.05  0.04  0.04
 8  25  0.03  0.10  0.16  0.32  0.64  0.95  1.55  2.94  4.25  5.15  6.81  8.51  9.05  8.98  7.88  7.08  4.53  1.89  0.80  0.59  0.23  0.07  0.05  0.05  0.05  0.06  0.05  0.04
 8  30  0.03  0.10  0.16  0.32  0.64  0.95  1.55  2.96  4.26  5.18  6.81  8.38  8.84  8.75  7.68  6.94  4.50  2.01  0.83  0.61  0.24  0.09  0.07  0.06  0.06  0.06  0.05  0.05
 8  35  0.03  0.10  0.16  0.32  0.63  0.94  1.53  2.91  4.16  5.06  6.63  8.13  8.57  8.46  7.46  6.77  4.48  2.09  0.95  0.71  0.32  0.11  0.08  0.07  0.06  0.06  0.06  0.05
 8  40  0.03  0.09  0.16  0.31  0.62  0.92  1.51  2.87  4.11  4.97  6.48  7.90  8.29  8.17  7.24  6.59  4.44  2.16  1.06  0.81  0.40  0.14  0.09  0.08  0.07  0.06  0.06  0.05
 8  45  0.03  0.09  0.15  0.31  0.61  0.90  1.47  2.79  3.99  4.82  6.30  7.70  8.05  7.86  6.96  6.31  4.34  2.27  1.21  0.94  0.52  0.22  0.13  0.09  0.08  0.06  0.06  0.05
 8  50  0.03  0.09  0.15  0.30  0.58  0.87  1.42  2.71  3.86  4.67  6.12  7.47  7.77  7.51  6.63  6.02  4.24  2.37  1.35  1.08  0.65  0.30  0.19  0.12  0.09  0.07  0.06  0.05
 8  55  0.03  0.08  0.14  0.28  0.55  0.82  1.36  2.62  3.69  4.47  5.94  7.26  7.49  7.16  6.27  5.64  4.00  2.44  1.46  1.18  0.73  0.33  0.22  0.15  0.10  0.07  0.06  0.05
 8  60  0.03  0.08  0.14  0.27  0.54  0.81  1.34  2.59  3.75  4.55  5.97  7.13  7.24  6.75  5.92  5.35  3.82  2.58  1.64  1.31  0.81  0.36  0.25  0.17  0.11  0.07  0.06  0.05
 8  65  0.03  0.08  0.13  0.27  0.53  0.79  1.29  2.51  3.62  4.39  5.72  6.68  6.66  6.10  5.31  4.76  3.55  2.58  1.72  1.39  0.88  0.41  0.29  0.19  0.11  0.07  0.06  0.05
 8  70  0.03  0.08  0.13  0.26  0.51  0.76  1.25  2.42  3.49  4.22  5.45  6.21  6.07  5.46  4.69  4.17  3.27  2.59  1.81  1.48  0.96  0.45  0.34  0.21  0.12  0.07  0.06  0.05
 8  75  0.03  0.08  0.13  0.25  0.50  0.75  1.23  2.37  3.42  4.13  5.19  5.67  5.41  4.78  4.21  3.81  3.22  2.59  1.85  1.52  0.99  0.47  0.35  0.22  0.13  0.08  0.06  0.05
 8  80  0.02  0.07  0.12  0.25  0.49  0.73  1.20  2.32  3.34  4.04  4.92  5.12  4.73  4.11  3.72  3.45  3.17  2.59  1.89  1.56  1.03  0.49  0.36  0.23  0.14  0.08  0.06  0.05
 8  85  0.02  0.07  0.12  0.25  0.49  0.73  1.20  2.31  3.32  4.01  4.87  5.07  4.70  4.09  3.71  3.44  3.16  2.58  1.88  1.56  1.03  0.50  0.36  0.23  0.15  0.08  0.06  0.05
 8  90  0.02  0.07  0.12  0.25  0.49  0.73  1.20  2.29  3.29  3.96  4.81  5.01  4.66  4.07  3.69  3.42  3.14  2.57  1.88  1.55  1.03  0.49  0.36  0.23  0.16  0.09  0.07  0.05
 9 -90  0.04  0.11  0.18  0.36  0.69  1.00  1.56  2.56  3.63  4.40  4.94  5.41  5.39  4.99  4.08  3.43  2.08  1.42  1.02  0.87  0.61  0.34  0.10  0.06  0.04  0.04  0.03  0.03
 9 -85  0.04  0.11  0.18  0.35  0.69  1.00  1.55  2.55  3.62  4.41  4.98  5.47  5.43  5.01  4.09  3.45  2.10  1.44  1.01  0.87  0.62  0.35  0.11  0.06  0.05  0.04  0.03  0.03
 9 -80  0.04  0.11  0.18  0.35  0.69  1.00  1.55  2.55  3.61  4.41  5.00  5.48  5.44  5.00  4.08  3.45  2.11  1.45  1.01  0.86  0.62  0.35  0.13  0.06  0.05  0.04  0.03  0.03
 9 -75  0.04  0.11  0.18  0.35  0.68  0.99  1.55  2.63  3.66  4.45  5.28  5.81  5.73  5.25  4.35  3.73  2.37  1.61  1.12  0.95  0.68  0.38  0.14  0.07  0.05  0.04  0.03  0.03
 9 -70  0.03  0.10  0.17  0.34  0.66  0.97  1.54  2.71  3.71  4.49  5.57  6.13  6.01  5.48  4.60  4.01  2.65  1.79  1.24  1.05  0.75  0.41  0.16  0.08  0.05  0.04  0.03  0.03
 9 -65  0.03  0.10  0.17  0.34  0.66  0.98  1.57  2.83  3.93  4.77  5.95  6.56  6.46  5.94  5.26  4.80  3.46  2.29  1.46  1.22  0.83  0.44  0.23  0.08  0.06  0.04  0.03  0.03
 9 -60  0.03  0.10  0.17  0.34  0.67  0.99  1.60  2.94  4.14  5.05  6.32  7.00  6.91  6.38  5.92  5.59  4.23  2.76  1.68  1.38  0.91  0.48  0.26  0.09  0.06  0.04  0.03  0.03
 9 -55  0.04  0.11  0.18  0.35  0.69  1.02  1.66  3.10  4.44  5.40  6.66  7.34  7.27  6.85  6.31  5.90  4.65  3.03  1.82  1.47  0.89  0.46  0.26  0.10  0.06  0.04  0.04  0.03
 9 -50  0.04  0.11  0.18  0.35  0.70  1.04  1.69  3.19  4.59  5.60  6.92  7.70  7.68  7.22  6.64  6.20  5.03  3.27  1.88  1.49  0.86  0.44  0.26  0.10  0.06  0.04  0.04  0.03
 9 -45  0.04  0.11  0.18  0.36  0.70  1.04  1.69  3.17  4.59  5.61  6.99  7.87  7.86  7.39  6.66  6.11  4.96  3.18  1.81  1.43  0.80  0.41  0.25  0.09  0.06  0.04  0.04  0.04
 9 -40  0.04  0.11  0.18  0.35  0.70  1.04  1.68  3.15  4.61  5.62  7.10  8.09  8.12  7.63  6.70  6.03  4.88  3.10  1.73  1.36  0.74  0.38  0.25  0.09  0.06  0.05  0.04  0.04
 9 -35  0.03  0.10  0.17  0.34  0.68  1.01  1.63  3.06  4.49  5.50  7.07  8.24  8.33  7.85  6.81  6.05  4.79  2.79  1.44  1.11  0.56  0.28  0.20  0.09  0.06  0.05  0.04  0.04
 9 -30  0.03  0.10  0.17  0.33  0.66  0.97  1.58  2.97  4.36  5.35  7.01  8.37  8.54  8.10  6.94  6.10  4.70  2.47  1.15  0.86  0.38  0.18  0.10  0.07  0.06  0.05  0.05  0.04
 9 -25  0.03  0.10  0.17  0.33  0.65  0.97  1.57  2.89  4.21  5.16  6.89  8.44  8.76  8.40  7.19  6.32  4.67  2.23  0.94  0.70  0.29  0.08  0.06  0.05  0.05  0.05  0.05  0.05
 9 -20  0.03  0.10  0.17  0.33  0.65  0.95  1.54  2.82  4.08  5.00  6.76  8.49  8.95  8.68  7.43  6.53  4.65  1.99  0.74  0.54  0.21  0.06  0.05  0.04  0.04  0.05  0.05  0.05
 9 -15  0.03  0.09  0.16  0.31  0.62  0.92  1.50  2.83  4.03  4.86  6.58  8.47  9.12  8.99  7.72  6.85  4.38  1.70  0.63  0.46  0.18  0.05  0.04  0.04  0.04  0.04  0.05  0.05
 9 -10  0.03  0.09  0.15  0.31  0.61  0.90  1.47  2.81  3.96  4.74  6.40  8.47  9.33  9.38  8.05  7.17  4.10  1.40  0.53  0.39  0.15  0.04  0.04  0.04  0.04  0.04  0.04  0.04
 9  -5  0.03  0.09  0.15  0.31  0.61  0.90  1.47  2.80  3.94  4.73  6.31  8.47  9.50  9.64  8.13  7.17  4.04  1.36  0.53  0.39  0.15  0.04  0.03  0.03  0.04  0.04  0.04  0.04
 9   0  0.03  0.09  0.15  0.29  0.58  0.86  1.43  2.83  3.94  4.73  6.31  8.53  9.69  9.91  8.23  7.16  3.98  1.32  0.54  0.39  0.15  0.04  0.03  0.03  0.03  0.04  0.04  0.03
 9   5  0.03  0.09  0.15  0.30  0.60  0.89  1.46  2.81  3.97  4.77  6.41  8.57  9.64  9.87  8.33  7.34  4.25  1.46  0.61  0.45  0.17  0.04  0.03  0.03  0.03  0.04  0.03  0.03
 9  10  0.03  0.09  0.15  0.30  0.60  0.90  1.47  2.83  4.02  4.85  6.54  8.67  9.64  9.85  8.46  7.50  4.52  1.61  0.68  0.50  0.18  0.04  0.03  0.03  0.03  0.04  0.03  0.03
 9  15  0.03  0.09  0.16  0.31  0.61  0.91  1.49  2.85  4.10  4.96  6.69  8.66  9.44  9.53  8.27  7.37  4.50  1.63  0.69  0.50  0.18  0.04  0.03  0.03  0.04  0.04  0.04  0.03
 9  20  0.03  0.10  0.16  0.32  0.63  0.94  1.52  2.86  4.15  5.04  6.81  8.66  9.28  9.26  8.09  7.24  4.49  1.65  0.70  0.51  0.19  0.05  0.04  0.04  0.04  0.05  0.04  0.04
 9  25  0.03  0.09  0.16  0.31  0.62  0.93  1.52  2.90  4.21  5.12  6.81  8.51  9.03  8.95  7.96  7.24  4.53  1.73  0.72  0.52  0.19  0.07  0.05  0.05  0.05  0.05  0.05  0.04
 9  30  0.03  0.10  0.16  0.32  0.63  0.93  1.53  2.92  4.26  5.20  6.86  8.38  8.77  8.64  7.82  7.23  4.57  1.80  0.74  0.53  0.20  0.08  0.06  0.05  0.05  0.05  0.05  0.05
 9  35  0.03  0.10  0.16  0.32  0.63  0.94  1.54  2.92  4.24  5.18  6.78  8.14  8.46  8.29  7.44  6.85  4.47  1.97  0.91  0.68  0.29  0.10  0.07  0.06  0.06  0.06  0.05  0.05
 9  40  0.03  0.10  0.16  0.32  0.63  0.94  1.54  2.93  4.27  5.20  6.72  7.92  8.15  7.95  7.07  6.46  4.36  2.12  1.08  0.81  0.38  0.13  0.09  0.07  0.06  0.06  0.05  0.05
 9  45  0.03  0.10  0.16  0.32  0.64  0.95  1.54  2.91  4.26  5.19  6.67  7.73  7.85  7.55  6.74  6.15  4.25  2.23  1.22  0.94  0.49  0.20  0.12  0.09  0.07  0.06  0.05  0.05
 9  50  0.03  0.10  0.16  0.32  0.63  0.94  1.54  2.90  4.24  5.17  6.60  7.50  7.51  7.12  6.36  5.83  4.16  2.33  1.36  1.08  0.62  0.25  0.16  0.11  0.08  0.06  0.05  0.05
 9  55  0.03  0.09  0.16  0.31  0.61  0.92  1.50  2.89  4.18  5.10  6.51  7.29  7.18  6.70  5.94  5.39  3.95  2.40  1.47  1.18  0.71  0.30  0.19  0.14  0.09  0.06  0.05  0.05
 9  60  0.03  0.09  0.16  0.31  0.62  0.92  1.52  2.93  4.34  5.31  6.63  7.14  6.86  6.22  5.53  5.05  3.82  2.52  1.64  1.31  0.80  0.35  0.23  0.15  0.10  0.07  0.05  0.05
 9  65  0.03  0.09  0.16  0.31  0.62  0.93  1.53  2.95  4.31  5.26  6.36  6.64  6.27  5.60  4.92  4.45  3.55  2.50  1.73  1.40  0.89  0.40  0.27  0.17  0.11  0.07  0.05  0.05
 9  70  0.03  0.10  0.16  0.32  0.63  0.94  1.54  2.96  4.28  5.20  6.09  6.13  5.67  4.99  4.32  3.85  3.28  2.47  1.82  1.49  0.97  0.46  0.30  0.19  0.11  0.07  0.05  0.05
 9  75  0.03  0.10  0.16  0.32  0.63  0.94  1.54  2.95  4.05  4.81  5.36  5.35  5.00  4.46  4.07  3.80  3.22  2.47  1.82  1.49  0.98  0.46  0.31  0.20  0.12  0.07  0.05  0.05
 9  80  0.03  0.10  0.16  0.32  0.64  0.94  1.54  2.95  3.81  4.42  4.63  4.57  4.32  3.93  3.82  3.74  3.15  2.46  1.81  1.49  0.99  0.46  0.31  0.21  0.12  0.07  0.05  0.05
 9  85  0.03  0.10  0.16  0.32  0.64  0.94  1.54  2.94  3.78  4.37  4.57  4.52  4.29  3.91  3.80  3.72  3.14  2.45  1.81  1.50  0.99  0.46  0.31  0.21  0.12  0.07  0.06  0.05
 9  90  0.03  0.10  0.16  0.32  0.63  0.94  1.54  2.92  3.74  4.32  4.50  4.46  4.24  3.88  3.78  3.69  3.11  2.44  1.81  1.49  0.98  0.46  0.32  0.21  0.12  0.07  0.06  0.05
10 -90  0.03  0.09  0.14  0.29  0.56  0.83  1.34  2.44  3.37  4.01  5.20  5.98  6.01  5.56  4.74  4.13  2.69  0.75  0.36  0.34  0.30  0.33  0.10  0.06  0.05  0.04  0.03  0.03
10 -85  0.03  0.09  0.14  0.29  0.57  0.83  1.34  2.44  3.37  4.01  5.21  5.99  6.02  5.56  4.74  4.15  2.73  0.77  0.37  0.34  0.30  0.32  0.11  0.06  0.05  0.04  0.03  0.03
10 -80  0.03  0.09  0.14  0.29  0.56  0.83  1.34  2.43  3.36  4.02  5.23  6.00  6.02  5.55  4.72  4.14  2.73  0.78  0.37  0.34  0.30  0.33  0.12  0.06  0.05  0.04  0.03  0.03
10 -75  0.03  0.09  0.15  0.29  0.57  0.84  1.35  2.46  3.42  4.12  5.38  6.29  6.38  5.91  5.25  4.77  3.20  1.17  0.58  0.50  0.38  0.36  0.22  0.07  0.05  0.04  0.03  0.03
10 -70  0.03  0.09  0.15  0.29  0.57  0.84  1.35  2.49  3.48  4.22  5.52  6.57  6.72  6.27  5.77  5.39  3.68  1.59  0.81  0.67  0.46  0.40  0.25  0.07  0.05  0.04  0.03  0.03
10 -65  0.03  0.09  0.15  0.30  0.59  0.87  1.40  2.59  3.69  4.51  5.86  6.94  7.10  6.67  6.32  6.06  4.34  2.23  1.19  0.96  0.61  0.42  0.25  0.08  0.05  0.04  0.03  0.03
10 -60  0.03  0.09  0.15  0.31  0.61  0.90  1.45  2.70  3.89  4.79  6.19  7.30  7.48  7.06  6.88  6.74  4.96  2.84  1.57  1.25  0.74  0.44  0.27  0.09  0.06  0.04  0.03  0.03
10 -55  0.03  0.10  0.16  0.31  0.62  0.92  1.50  2.80  4.11  5.03  6.46  7.56  7.71  7.39  6.94  6.60  5.06  3.10  1.82  1.44  0.82  0.42  0.25  0.15  0.06  0.04  0.04  0.03
10 -50  0.03  0.10  0.16  0.32  0.62  0.93  1.51  2.84  4.18  5.14  6.65  7.83  8.00  7.61  6.93  6.43  5.12  3.31  1.97  1.56  0.89  0.40  0.24  0.15  0.06  0.04  0.04  0.03
10 -45  0.03  0.09  0.16  0.31  0.62  0.92  1.50  2.86  4.20  5.16  6.73  8.01  8.21  7.77  7.10  6.60  5.24  3.35  1.95  1.53  0.86  0.38  0.24  0.09  0.06  0.05  0.04  0.04
10 -40  0.03  0.09  0.16  0.31  0.62  0.92  1.50  2.86  4.22  5.17  6.83  8.24  8.47  8.00  7.28  6.77  5.36  3.40  1.92  1.51  0.83  0.37  0.23  0.09  0.06  0.05  0.04  0.04
10 -35  0.03  0.09  0.16  0.31  0.61  0.91  1.49  2.83  4.17  5.12  6.81  8.38  8.69  8.24  7.36  6.72  5.12  2.89  1.47  1.14  0.59  0.27  0.14  0.08  0.06  0.05  0.05  0.04
10 -30  0.03  0.09  0.15  0.30  0.60  0.90  1.47  2.80  4.10  5.03  6.78  8.49  8.90  8.52  7.45  6.67  4.87  2.37  1.03  0.77  0.35  0.15  0.10  0.07  0.06  0.05  0.05  0.04
10 -25  0.03  0.09  0.16  0.31  0.61  0.91  1.47  2.77  4.02  4.90  6.66  8.52  9.07  8.81  7.60  6.73  4.66  2.05  0.84  0.62  0.26  0.09  0.07  0.06  0.05  0.05  0.05  0.05
10 -20  0.03  0.09  0.15  0.31  0.61  0.90  1.46  2.76  3.95  4.81  6.56  8.52  9.20  9.07  7.73  6.78  4.44  1.71  0.65  0.47  0.18  0.06  0.05  0.05  0.05  0.05  0.05  0.05
10 -15  0.03  0.09  0.15  0.30  0.59  0.87  1.44  2.77  3.92  4.71  6.42  8.45  9.25  9.26  7.96  7.07  4.27  1.56  0.58  0.42  0.15  0.05  0.04  0.04  0.04  0.05  0.05  0.05
10 -10  0.03  0.09  0.14  0.29  0.57  0.85  1.41  2.77  3.88  4.65  6.27  8.39  9.36  9.54  8.23  7.36  4.09  1.41  0.51  0.37  0.13  0.04  0.04  0.04  0.04  0.04  0.04  0.04
10  -5  0.03  0.09  0.14  0.29  0.57  0.86  1.42  2.78  3.87  4.64  6.17  8.35  9.43  9.69  8.27  7.37  4.02  1.38  0.49  0.36  0.13  0.04  0.03  0.03  0.03  0.04  0.04  0.04
10   0  0.03  0.08  0.14  0.28  0.56  0.85  1.41  2.79  3.89  4.65  6.18  8.35  9.53  9.86  8.34  7.38  3.96  1.35  0.47  0.35  0.13  0.04  0.03  0.03  0.03  0.04  0.04  0.03
10   5  0.03  0.09  0.15  0.29  0.58  0.87  1.44  2.78  3.91  4.68  6.25  8.34  9.45  9.78  8.33  7.39  4.19  1.46  0.56  0.41  0.14  0.04  0.03  0.03  0.03  0.03  0.03  0.03
10  10  0.03  0.09  0.15  0.30  0.59  0.88  1.45  2.80  3.95  4.75  6.36  8.41  9.41  9.71  8.33  7.40  4.41  1.57  0.64  0.46  0.16  0.04  0.03  0.03  0.03  0.04  0.04  0.03
10  15  0.03  0.09  0.15  0.30  0.60  0.89  1.47  2.81  4.01  4.83  6.48  8.40  9.21  9.37  8.10  7.20  4.37  1.59  0.65  0.47  0.16  0.04  0.03  0.03  0.04  0.04  0.04  0.04
10  20  0.03  0.09  0.16  0.31  0.62  0.92  1.50  2.82  4.04  4.87  6.57  8.40  9.05  9.09  7.89  7.01  4.35  1.61  0.66  0.47  0.16  0.05  0.04  0.04  0.04  0.04  0.05  0.04
10  25  0.03  0.09  0.16  0.31  0.61  0.91  1.50  2.88  4.15  5.03  6.65  8.27  8.76  8.71  7.74  7.00  4.39  1.67  0.69  0.49  0.18  0.06  0.05  0.04  0.05  0.05  0.05  0.04
10  30  0.03  0.10  0.16  0.32  0.63  0.93  1.53  2.91  4.25  5.18  6.79  8.17  8.48  8.34  7.56  6.99  4.45  1.72  0.71  0.51  0.19  0.08  0.06  0.05  0.05  0.05  0.05  0.05
10  35  0.03  0.10  0.16  0.33  0.65  0.96  1.57  2.97  4.37  5.34  6.84  7.92  8.07  7.82  7.08  6.57  4.36  1.91  0.91  0.68  0.30  0.10  0.07  0.06  0.05  0.05  0.05  0.05
10  40  0.03  0.10  0.17  0.34  0.67  0.99  1.61  3.05  4.51  5.53  6.91  7.67  7.65  7.32  6.62  6.13  4.27  2.08  1.10  0.84  0.41  0.18  0.09  0.07  0.06  0.05  0.05  0.05
10  45  0.04  0.11  0.18  0.35  0.70  1.03  1.68  3.14  4.65  5.70  6.93  7.47  7.32  6.91  6.32  5.89  4.26  2.25  1.26  0.98  0.52  0.21  0.12  0.09  0.07  0.06  0.05  0.05
10  50  0.04  0.11  0.18  0.36  0.72  1.06  1.73  3.24  4.76  5.84  6.93  7.21  6.94  6.49  5.99  5.64  4.25  2.42  1.42  1.13  0.65  0.24  0.14  0.12  0.08  0.06  0.05  0.05
10  55  0.04  0.11  0.18  0.36  0.72  1.07  1.75  3.33  4.77  5.84  6.78  6.95  6.63  6.15  5.67  5.32  4.15  2.45  1.50  1.21  0.73  0.30  0.18  0.13  0.09  0.06  0.05  0.05
10  60  0.04  0.11  0.19  0.38  0.75  1.11  1.82  3.47  4.99  6.09  6.81  6.74  6.33  5.75  5.36  5.08  4.12  2.55  1.64  1.32  0.81  0.35  0.22  0.15  0.10  0.06  0.05  0.05
10  65  0.04  0.12  0.19  0.39  0.76  1.13  1.85  3.50  4.86  5.84  6.37  6.23  5.83  5.28  4.93  4.68  3.85  2.55  1.76  1.44  0.93  0.41  0.25  0.17  0.10  0.06  0.05  0.05
10  70  0.04  0.12  0.20  0.39  0.77  1.15  1.87  3.53  4.72  5.59  5.91  5.71  5.32  4.81  4.49  4.28  3.59  2.56  1.88  1.56  1.04  0.46  0.28  0.18  0.10  0.06  0.05  0.05
10  75  0.04  0.12  0.20  0.39  0.77  1.14  1.85  3.47  4.29  4.90  5.15  5.10  4.84  4.41  4.12  3.93  3.42  2.57  1.93  1.61  1.09  0.48  0.29  0.19  0.11  0.06  0.05  0.05
10  80  0.04  0.12  0.19  0.39  0.76  1.13  1.83  3.42  3.86  4.21  4.40  4.49  4.35  4.01  3.76  3.59  3.25  2.57  1.97  1.66  1.14  0.51  0.30  0.20  0.11  0.06  0.05  0.05
10  85  0.04  0.12  0.19  0.39  0.76  1.13  1.83  3.41  3.84  4.17  4.35  4.45  4.32  3.99  3.74  3.57  3.24  2.57  1.97  1.66  1.14  0.51  0.30  0.20  0.12  0.07  0.05  0.05
10  90  0.04  0.12  0.19  0.38  0.76  1.12  1.82  3.40  3.80  4.13  4.30  4.41  4.28  3.96  3.70  3.53  3.21  2.56  1.97  1.66  1.14  0.50  0.29  0.20  0.12  0.07  0.05  0.05
11 -90  0.03  0.07  0.12  0.25  0.49  0.72  1.18  2.20  3.07  3.66  4.97  6.13  6.40  6.19  5.88  5.61  4.32  1.96  1.03  0.85  0.52  0.38  0.25  0.15  0.05  0.04  0.03  0.02
11 -85  0.03  0.08  0.12  0.25  0.49  0.73  1.18  2.20  3.08  3.70  5.01  6.15  6.40  6.16  5.86  5.59  4.33  1.99  1.04  0.85  0.52  0.38  0.26  0.07  0.05  0.04  0.03  0.02
11 -80  0.03  0.08  0.12  0.25  0.49  0.73  1.18  2.20  3.08  3.70  5.02  6.15  6.40  6.16  5.85  5.59  4.33  1.99  1.03  0.84  0.52  0.38  0.26  0.16  0.05  0.04  0.03  0.03
11 -75  0.03  0.08  0.13  0.25  0.50  0.73  1.19  2.22  3.13  3.79  5.08  6.28  6.57  6.32  6.17  6.01  4.61  2.19  1.14  0.93  0.58  0.41  0.27  0.16  0.05  0.04  0.03  0.03
11 -70  0.03  0.08  0.13  0.25  0.50  0.74  1.21  2.25  3.19  3.88  5.15  6.41  6.75  6.49  6.48  6.44  4.88  2.40  1.26  1.02  0.64  0.44  0.28  0.17  0.06  0.04  0.03  0.03
11 -65  0.03  0.08  0.13  0.26  0.52  0.77  1.24  2.32  3.31  4.06  5.39  6.71  7.04  6.74  6.72  6.68  5.04  2.69  1.47  1.17  0.70  0.44  0.28  0.17  0.06  0.04  0.03  0.03
11 -60  0.03  0.08  0.14  0.27  0.53  0.79  1.28  2.39  3.44  4.23  5.63  6.99  7.33  7.00  6.96  6.91  5.21  2.98  1.67  1.31  0.74  0.43  0.27  0.16  0.06  0.04  0.03  0.03
11 -55  0.03  0.08  0.14  0.28  0.55  0.82  1.33  2.48  3.61  4.41  5.83  7.27  7.64  7.38  6.94  6.61  5.08  3.06  1.77  1.38  0.74  0.38  0.24  0.15  0.06  0.04  0.04  0.03
11 -50  0.03  0.09  0.14  0.28  0.56  0.83  1.34  2.51  3.64  4.44  5.97  7.56  8.00  7.66  6.86  6.28  4.91  3.09  1.78  1.38  0.73  0.33  0.22  0.10  0.06  0.04  0.04  0.03
11 -45  0.03  0.08  0.14  0.28  0.55  0.82  1.34  2.57  3.70  4.50  6.06  7.77  8.28  7.95  7.07  6.43  4.97  3.08  1.74  1.35  0.71  0.33  0.21  0.09  0.06  0.05  0.04  0.03
11 -40  0.03  0.08  0.14  0.28  0.55  0.82  1.35  2.61  3.74  4.54  6.16  8.01  8.60  8.29  7.28  6.57  5.04  3.07  1.70  1.31  0.68  0.32  0.20  0.08  0.06  0.05  0.04  0.04
11 -35  0.03  0.08  0.14  0.28  0.56  0.83  1.37  2.63  3.79  4.61  6.25  8.18  8.83  8.57  7.45  6.64  4.79  2.59  1.28  0.98  0.48  0.24  0.12  0.07  0.06  0.05  0.05  0.04
11 -30  0.03  0.08  0.14  0.28  0.56  0.84  1.38  2.67  3.82  4.64  6.32  8.31  9.04  8.89  7.62  6.71  4.54  2.10  0.87  0.65  0.28  0.15  0.09  0.06  0.06  0.05  0.05  0.04
11 -25  0.03  0.09  0.15  0.29  0.58  0.86  1.40  2.69  3.84  4.66  6.35  8.39  9.18  9.11  7.71  6.70  4.39  1.91  0.74  0.55  0.22  0.09  0.06  0.05  0.05  0.05  0.05  0.04
11 -20  0.03  0.09  0.14  0.29  0.57  0.86  1.41  2.73  3.88  4.71  6.41  8.45  9.27  9.31  7.77  6.67  4.23  1.70  0.61  0.44  0.16  0.07  0.05  0.05  0.05  0.05  0.05  0.04
11 -15  0.03  0.09  0.14  0.28  0.57  0.85  1.40  2.77  3.91  4.72  6.40  8.44  9.29  9.41  7.96  6.94  4.12  1.55  0.55  0.40  0.15  0.05  0.04  0.04  0.04  0.05  0.05  0.04
11 -10  0.03  0.08  0.14  0.28  0.56  0.84  1.40  2.81  3.95  4.74  6.37  8.45  9.40  9.60  8.18  7.21  4.01  1.39  0.49  0.36  0.14  0.04  0.04  0.04  0.04  0.04  0.04  0.04
11  -5  0.03  0.08  0.14  0.28  0.56  0.84  1.41  2.83  3.97  4.77  6.31  8.37  9.37  9.60  8.16  7.21  3.91  1.33  0.48  0.35  0.14  0.04  0.03  0.03  0.03  0.04  0.04  0.03
11   0  0.03  0.09  0.14  0.29  0.57  0.86  1.43  2.83  4.00  4.80  6.34  8.33  9.34  9.61  8.15  7.20  3.83  1.27  0.46  0.34  0.13  0.04  0.03  0.03  0.03  0.04  0.03  0.03
11   5  0.03  0.09  0.15  0.29  0.59  0.87  1.44  2.82  3.97  4.77  6.29  8.23  9.22  9.50  8.10  7.19  4.04  1.36  0.51  0.37  0.14  0.04  0.03  0.03  0.03  0.04  0.03  0.03
11  10  0.03  0.09  0.15  0.30  0.59  0.88  1.45  2.81  3.96  4.76  6.30  8.19  9.11  9.40  8.07  7.18  4.24  1.45  0.55  0.40  0.14  0.04  0.03  0.03  0.03  0.04  0.04  0.04
11  15  0.03  0.09  0.15  0.30  0.60  0.89  1.47  2.83  4.01  4.82  6.39  8.13  8.87  9.03  7.81  6.95  4.16  1.49  0.56  0.40  0.14  0.04  0.04  0.04  0.04  0.04  0.04  0.04
11  20  0.03  0.09  0.16  0.31  0.62  0.92  1.50  2.83  4.03  4.86  6.45  8.07  8.63  8.68  7.56  6.74  4.07  1.51  0.56  0.40  0.14  0.05  0.04  0.04  0.04  0.04  0.04  0.04
11  25  0.03  0.09  0.16  0.31  0.62  0.92  1.52  2.93  4.21  5.10  6.59  7.92  8.29  8.23  7.34  6.66  4.15  1.61  0.64  0.47  0.18  0.06  0.05  0.04  0.04  0.04  0.04  0.04
11  30  0.03  0.10  0.16  0.33  0.65  0.97  1.58  2.99  4.37  5.33  6.77  7.80  7.95  7.78  7.08  6.57  4.23  1.71  0.72  0.53  0.22  0.08  0.06  0.05  0.05  0.05  0.05  0.04
11  35  0.04  0.11  0.17  0.35  0.69  1.02  1.66  3.12  4.59  5.60  6.86  7.55  7.53  7.25  6.70  6.31  4.40  2.01  0.97  0.74  0.34  0.14  0.08  0.06  0.05  0.05  0.05  0.05
11  40  0.04  0.11  0.18  0.37  0.72  1.07  1.74  3.27  4.82  5.89  6.96  7.31  7.12  6.76  6.34  6.04  4.55  2.30  1.21  0.93  0.46  0.18  0.11  0.08  0.06  0.05  0.05  0.05
11  45  0.04  0.12  0.19  0.39  0.76  1.13  1.83  3.42  5.00  6.09  6.93  7.07  6.80  6.41  6.14  5.93  4.58  2.44  1.38  1.08  0.59  0.25  0.15  0.10  0.08  0.06  0.05  0.05
11  50  0.04  0.12  0.20  0.41  0.80  1.19  1.93  3.58  5.13  6.25  6.86  6.78  6.45  6.06  5.91  5.81  4.61  2.58  1.56  1.25  0.74  0.31  0.17  0.12  0.09  0.06  0.05  0.05
11  55  0.04  0.12  0.21  0.41  0.81  1.20  1.95  3.65  5.01  6.04  6.54  6.49  6.19  5.82  5.66  5.54  4.45  2.60  1.62  1.33  0.86  0.36  0.20  0.14  0.09  0.06  0.05  0.05
11  60  0.04  0.13  0.21  0.42  0.83  1.23  2.00  3.79  5.11  6.08  6.40  6.25  5.94  5.54  5.42  5.35  4.35  2.69  1.74  1.45  0.98  0.42  0.23  0.15  0.10  0.06  0.05  0.05
11  65  0.04  0.12  0.20  0.40  0.80  1.19  1.93  3.64  4.85  5.74  6.12  6.07  5.80  5.40  5.17  5.01  4.24  2.78  1.92  1.63  1.16  0.51  0.28  0.18  0.10  0.06  0.05  0.05
11  70  0.04  0.12  0.20  0.40  0.78  1.16  1.88  3.48  4.58  5.40  5.83  5.88  5.66  5.26  4.91  4.67  4.12  2.86  2.10  1.81  1.34  0.60  0.32  0.21  0.10  0.06  0.05  0.05
11  75  0.04  0.12  0.20  0.39  0.77  1.14  1.83  3.32  4.29  5.00  5.36  5.19  4.84  4.40  4.07  3.86  3.56  2.78  2.03  1.74  1.27  0.57  0.29  0.19  0.10  0.06  0.05  0.05
11  80  0.04  0.12  0.19  0.39  0.76  1.11  1.78  3.17  3.99  4.60  4.88  4.50  4.02  3.53  3.24  3.05  2.99  2.69  1.96  1.68  1.21  0.53  0.27  0.17  0.11  0.06  0.05  0.05
11  85  0.04  0.12  0.19  0.39  0.76  1.11  1.77  3.16  3.97  4.57  4.84  4.47  3.99  3.52  3.23  3.04  2.98  2.69  1.96  1.68  1.21  0.53  0.27  0.17  0.11  0.06  0.05  0.05
11  90  0.04  0.12  0.20  0.39  0.76  1.11  1.77  3.16  3.96  4.56  4.82  4.46  3.99  3.52  3.22  3.03  2.98  2.69  1.96  1.68  1.21  0.53  0.27  0.17  0.11  0.06  0.05  0.05
12 -90  0.02  0.07  0.11  0.22  0.44  0.64  1.04  1.92  2.79  3.39  4.68  5.83  5.99  5.63  5.48  5.34  4.65  3.15  1.81  1.44  0.83  0.41  0.30  0.18  0.09  0.04  0.03  0.02
12 -85  0.02  0.07  0.11  0.22  0.43  0.64  1.04  1.92  2.78  3.39  4.69  5.85  6.01  5.61  5.41  5.26  4.59  3.13  1.80  1.43  0.83  0.41  0.30  0.19  0.09  0.04  0.03  0.02
12 -80  0.02  0.07  0.11  0.22  0.43  0.64  1.04  1.91  2.77  3.39  4.70  5.86  6.01  5.60  5.40  5.24  4.59  3.13  1.80  1.43  0.83  0.41  0.30  0.19  0.09  0.04  0.03  0.02
12 -75  0.02  0.07  0.11  0.23  0.45  0.66  1.07  1.97  2.83  3.47  4.74  5.96  6.18  5.77  5.56  5.40  4.71  3.15  1.79  1.42  0.83  0.41  0.30  0.18  0.06  0.04  0.03  0.02
12 -70  0.02  0.07  0.12  0.23  0.46  0.68  1.10  2.03  2.89  3.54  4.78  6.05  6.34  5.94  5.73  5.57  4.83  3.16  1.79  1.42  0.84  0.41  0.30  0.18  0.06  0.04  0.03  0.03
12 -65  0.02  0.07  0.12  0.24  0.48  0.70  1.14  2.11  2.99  3.67  4.95  6.34  6.72  6.36  6.08  5.87  4.90  3.13  1.76  1.39  0.80  0.39  0.28  0.16  0.07  0.04  0.03  0.03
12 -60  0.03  0.08  0.13  0.25  0.49  0.73  1.18  2.19  3.09  3.79  5.12  6.63  7.10  6.79  6.44  6.18  4.98  3.09  1.73  1.35  0.76  0.36  0.25  0.15  0.07  0.04  0.03  0.03
12 -55  0.03  0.08  0.13  0.26  0.52  0.77  1.24  2.29  3.27  3.96  5.30  6.94  7.51  7.36  6.78  6.35  4.90  2.93  1.63  1.27  0.67  0.32  0.22  0.13  0.07  0.04  0.03  0.03
12 -50  0.03  0.08  0.13  0.27  0.53  0.78  1.26  2.35  3.31  3.99  5.42  7.26  7.98  7.82  7.05  6.50  4.78  2.73  1.46  1.12  0.58  0.29  0.19  0.11  0.07  0.05  0.04  0.03
12 -45  0.03  0.08  0.13  0.27  0.53  0.78  1.28  2.44  3.43  4.13  5.59  7.50  8.29  8.20  7.10  6.30  4.57  2.56  1.36  1.05  0.54  0.27  0.17  0.09  0.06  0.05  0.04  0.03
12 -40  0.03  0.08  0.13  0.26  0.53  0.79  1.30  2.53  3.53  4.24  5.75  7.76  8.63  8.60  7.13  6.10  4.38  2.39  1.26  0.97  0.50  0.25  0.12  0.07  0.06  0.05  0.04  0.04
12 -35  0.03  0.08  0.14  0.27  0.54  0.81  1.33  2.58  3.66  4.41  5.96  7.99  8.84  8.80  7.50  6.57  4.38  2.10  0.99  0.75  0.36  0.18  0.10  0.07  0.05  0.05  0.04  0.04
12 -30  0.03  0.08  0.14  0.28  0.55  0.82  1.35  2.65  3.76  4.55  6.15  8.18  9.03  9.03  7.88  7.05  4.37  1.80  0.72  0.54  0.23  0.13  0.08  0.06  0.05  0.05  0.05  0.04
12 -25  0.03  0.09  0.14  0.28  0.57  0.84  1.39  2.70  3.86  4.67  6.34  8.36  9.19  9.20  7.91  6.98  4.27  1.69  0.62  0.46  0.18  0.08  0.06  0.05  0.05  0.05  0.05  0.04
12 -20  0.03  0.08  0.14  0.28  0.56  0.84  1.40  2.77  3.97  4.83  6.56  8.52  9.29  9.33  7.92  6.91  4.17  1.57  0.52  0.38  0.13  0.06  0.04  0.04  0.04  0.05  0.04  0.04
12 -15  0.03  0.08  0.14  0.28  0.56  0.85  1.41  2.83  4.07  4.95  6.70  8.63  9.36  9.43  8.05  7.06  4.09  1.45  0.48  0.35  0.13  0.05  0.04  0.04  0.04  0.04  0.04  0.04
12 -10  0.03  0.08  0.14  0.28  0.56  0.84  1.42  2.88  4.18  5.07  6.82  8.77  9.53  9.60  8.20  7.21  4.01  1.35  0.43  0.32  0.13  0.04  0.03  0.03  0.03  0.04  0.04  0.03
12  -5  0.03  0.08  0.14  0.28  0.56  0.85  1.43  2.91  4.20  5.10  6.76  8.69  9.46  9.53  8.01  6.96  3.84  1.29  0.42  0.32  0.13  0.04  0.03  0.03  0.03  0.04  0.03  0.03
12   0  0.03  0.09  0.15  0.30  0.59  0.89  1.47  2.90  4.23  5.14  6.78  8.60  9.35  9.45  7.82  6.70  3.68  1.24  0.40  0.31  0.14  0.04  0.03  0.03  0.03  0.04  0.03  0.03
12   5  0.03  0.09  0.15  0.30  0.60  0.89  1.47  2.88  4.17  5.08  6.66  8.40  9.14  9.23  7.79  6.82  3.90  1.34  0.45  0.34  0.13  0.04  0.03  0.03  0.03  0.04  0.04  0.03
12  10  0.03  0.09  0.15  0.30  0.60  0.90  1.48  2.87  4.14  5.02  6.59  8.25  8.93  9.02  7.78  6.95  4.13  1.44  0.50  0.36  0.13  0.04  0.04  0.04  0.04  0.04  0.04  0.04
12  15  0.03  0.09  0.15  0.30  0.60  0.90  1.48  2.87  4.13  5.01  6.58  8.11  8.64  8.63  7.49  6.68  4.04  1.52  0.53  0.38  0.13  0.04  0.04  0.04  0.04  0.04  0.04  0.04
12  20  0.03  0.09  0.16  0.31  0.62  0.92  1.50  2.85  4.11  4.97  6.53  7.95  8.35  8.26  7.21  6.43  3.95  1.59  0.55  0.39  0.13  0.05  0.04  0.04  0.04  0.04  0.05  0.04
12  25  0.03  0.09  0.16  0.31  0.62  0.92  1.51  2.92  4.19  5.09  6.53  7.72  7.96  7.81  7.06  6.47  4.15  1.73  0.68  0.50  0.20  0.06  0.05  0.05  0.04  0.05  0.05  0.04
12  30  0.03  0.10  0.16  0.32  0.64  0.95  1.56  2.94  4.27  5.18  6.56  7.51  7.58  7.34  6.87  6.53  4.35  1.89  0.82  0.61  0.26  0.09  0.06  0.05  0.05  0.05  0.05  0.05
12  35  0.03  0.10  0.17  0.34  0.68  1.01  1.64  3.08  4.43  5.38  6.56  7.24  7.20  6.90  6.63  6.45  4.65  2.22  1.09  0.84  0.43  0.19  0.09  0.07  0.06  0.05  0.05  0.05
12  40  0.04  0.11  0.18  0.36  0.72  1.06  1.72  3.22  4.62  5.59  6.57  6.97  6.83  6.50  6.43  6.37  4.94  2.54  1.35  1.07  0.61  0.27  0.15  0.10  0.07  0.05  0.05  0.05
12  45  0.04  0.12  0.19  0.38  0.75  1.12  1.81  3.38  4.77  5.72  6.48  6.72  6.56  6.26  6.19  6.14  4.86  2.78  1.57  1.26  0.74  0.33  0.18  0.12  0.08  0.06  0.05  0.05
12  50  0.04  0.12  0.20  0.40  0.80  1.18  1.91  3.54  4.87  5.82  6.35  6.44  6.27  6.04  5.95  5.89  4.79  3.02  1.78  1.45  0.89  0.40  0.21  0.14  0.09  0.06  0.05  0.05
12  55  0.04  0.12  0.20  0.40  0.80  1.18  1.91  3.53  4.66  5.51  6.04  6.25  6.14  5.94  5.72  5.58  4.56  2.99  1.88  1.56  1.03  0.47  0.25  0.15  0.09  0.06  0.05  0.05
12  60  0.04  0.12  0.20  0.40  0.80  1.18  1.92  3.59  4.66  5.45  5.91  6.12  6.03  5.78  5.52  5.35  4.39  3.03  2.03  1.70  1.17  0.55  0.28  0.17  0.09  0.06  0.05  0.05
12  65  0.04  0.13  0.21  0.41  0.81  1.20  1.92  3.49  4.57  5.36  5.86  6.06  5.92  5.61  5.26  5.04  4.27  2.98  2.08  1.76  1.24  0.58  0.28  0.17  0.10  0.06  0.05  0.05
12  70  0.04  0.13  0.21  0.42  0.82  1.21  1.92  3.39  4.49  5.27  5.80  5.98  5.80  5.43  5.00  4.72  4.14  2.93  2.13  1.82  1.31  0.62  0.28  0.17  0.10  0.06  0.05  0.05
12  75  0.04  0.12  0.20  0.40  0.79  1.15  1.81  3.08  4.21  5.00  5.56  5.58  5.31  4.89  4.51  4.26  3.90  2.95  2.15  1.83  1.32  0.62  0.30  0.19  0.11  0.06  0.05  0.05
12  80  0.04  0.12  0.20  0.39  0.75  1.08  1.69  2.78  3.93  4.73  5.31  5.17  4.81  4.36  4.02  3.80  3.67  2.97  2.16  1.85  1.32  0.61  0.32  0.20  0.11  0.06  0.05  0.05
12  85  0.04  0.12  0.20  0.39  0.75  1.08  1.69  2.78  3.91  4.71  5.28  5.14  4.78  4.34  4.01  3.79  3.66  2.97  2.16  1.85  1.32  0.61  0.32  0.20  0.11  0.06  0.05  0.05
12  90  0.04  0.12  0.20  0.39  0.75  1.09  1.70  2.79  3.94  4.74  5.30  5.12  4.77  4.34  4.01  3.79  3.66  2.96  2.16  1.84  1.33  0.62  0.33  0.20  0.11  0.06  0.05  0.05
