     0.010
     0.030
     0.050
     0.100
     0.200
     0.300
     0.500
     1.000
     1.500
     2.000
     3.000
     5.000
     7.000
    10.000
    15.000
    20.000
    30.000
    50.000
    70.000
    80.000
   100.000
   150.000
   200.000
   250.000
   300.000
   400.000
   500.000
   600.000
 1 -90  0.02  0.07  0.12  0.25  0.49  0.72  1.16  2.16  3.25  4.05  5.52  6.25  5.93  5.02  4.04  3.51  3.52  3.33  2.57  2.19  1.52  0.75  0.44  0.25  0.12  0.05  0.03  0.02
 1 -85  0.02  0.07  0.12  0.25  0.49  0.72  1.16  2.16  3.27  4.04  5.48  6.25  5.97  5.13  4.17  3.61  3.51  3.16  2.40  2.04  1.40  0.67  0.41  0.24  0.11  0.05  0.03  0.02
 1 -80  0.03  0.07  0.12  0.25  0.49  0.72  1.17  2.17  3.28  4.04  5.47  6.24  5.98  5.15  4.21  3.64  3.51  3.13  2.37  2.02  1.39  0.66  0.41  0.23  0.11  0.04  0.03  0.02
 1 -75  0.03  0.08  0.13  0.26  0.50  0.75  1.21  2.26  3.35  4.09  5.47  6.37  6.23  5.47  4.60  4.07  3.80  3.16  2.32  1.97  1.33  0.65  0.39  0.23  0.11  0.04  0.03  0.02
 1 -70  0.03  0.08  0.13  0.26  0.52  0.77  1.25  2.33  3.41  4.15  5.49  6.52  6.49  5.79  5.00  4.51  4.11  3.19  2.26  1.90  1.27  0.62  0.38  0.22  0.10  0.04  0.03  0.02
 1 -65  0.03  0.08  0.14  0.27  0.54  0.79  1.29  2.41  3.51  4.28  5.68  6.90  7.02  6.43  5.70  5.23  4.33  3.11  2.10  1.76  1.15  0.58  0.36  0.20  0.07  0.04  0.03  0.02
 1 -60  0.03  0.08  0.14  0.28  0.55  0.82  1.33  2.49  3.60  4.40  5.87  7.29  7.56  7.08  6.41  5.95  4.56  3.04  1.96  1.62  1.04  0.53  0.33  0.18  0.08  0.04  0.03  0.02
 1 -55  0.03  0.09  0.15  0.30  0.58  0.86  1.40  2.61  3.78  4.57  6.06  7.63  8.04  7.78  6.92  6.30  4.43  2.77  1.69  1.39  0.84  0.43  0.26  0.15  0.08  0.04  0.03  0.03
 1 -50  0.03  0.09  0.15  0.30  0.59  0.88  1.42  2.65  3.83  4.61  6.20  7.99  8.57  8.36  7.33  6.59  4.27  2.46  1.36  1.11  0.64  0.32  0.19  0.10  0.07  0.04  0.04  0.03
 1 -45  0.03  0.09  0.15  0.30  0.59  0.87  1.43  2.70  3.89  4.72  6.39  8.28  8.94  8.74  7.50  6.61  4.25  2.40  1.28  1.03  0.57  0.27  0.16  0.08  0.06  0.04  0.04  0.03
 1 -40  0.03  0.09  0.15  0.30  0.59  0.88  1.45  2.80  3.97  4.82  6.55  8.52  9.26  9.11  7.66  6.64  4.23  2.32  1.17  0.93  0.49  0.22  0.10  0.06  0.05  0.04  0.04  0.03
 1 -35  0.03  0.09  0.15  0.30  0.60  0.90  1.48  2.87  4.12  5.00  6.80  8.76  9.47  9.26  7.81  6.81  4.23  2.01  0.93  0.72  0.36  0.14  0.08  0.06  0.05  0.04  0.04  0.04
 1 -30  0.03  0.09  0.15  0.31  0.61  0.91  1.51  2.94  4.23  5.15  7.00  8.97  9.64  9.44  7.94  6.95  4.20  1.71  0.69  0.52  0.23  0.10  0.06  0.05  0.05  0.05  0.04  0.04
 1 -25  0.03  0.09  0.16  0.31  0.62  0.93  1.53  2.97  4.36  5.33  7.21  9.25  9.89  9.69  8.01  6.88  4.09  1.55  0.57  0.43  0.19  0.07  0.05  0.04  0.04  0.05  0.04  0.04
 1 -20  0.03  0.09  0.15  0.31  0.61  0.92  1.53  3.03  4.47  5.48  7.44  9.55 10.15  9.91  8.08  6.82  4.00  1.38  0.46  0.35  0.15  0.05  0.04  0.04  0.04  0.04  0.04  0.04
 1 -15  0.03  0.09  0.15  0.31  0.61  0.92  1.52  3.03  4.52  5.65  7.70  9.75 10.31 10.08  8.19  6.91  3.89  1.30  0.41  0.31  0.14  0.05  0.04  0.04  0.04  0.04  0.04  0.03
 1 -10  0.03  0.09  0.15  0.30  0.61  0.91  1.52  3.06  4.64  5.82  8.02 10.00 10.55 10.29  8.36  7.01  3.78  1.22  0.35  0.27  0.09  0.04  0.03  0.03  0.03  0.04  0.04  0.03
 1  -5  0.03  0.09  0.15  0.30  0.61  0.91  1.52  3.06  4.64  5.85  8.06  9.94 10.42 10.17  8.24  6.90  3.65  1.16  0.32  0.26  0.07  0.04  0.03  0.03  0.03  0.04  0.03  0.03
 1   0  0.03  0.10  0.16  0.33  0.65  0.96  1.57  3.01  4.66  5.87  8.11  9.89 10.28 10.08  8.15  6.80  3.54  1.12  0.30  0.25  0.06  0.04  0.03  0.03  0.03  0.04  0.04  0.03
 1   5  0.03  0.10  0.16  0.33  0.65  0.96  1.58  3.04  4.66  5.85  7.91  9.61 10.00  9.73  7.96  6.73  3.68  1.23  0.36  0.29  0.06  0.04  0.03  0.03  0.03  0.04  0.04  0.04
 1  10  0.03  0.10  0.16  0.33  0.65  0.97  1.59  3.06  4.67  5.83  7.79  9.33  9.66  9.37  7.77  6.67  3.82  1.34  0.41  0.32  0.06  0.04  0.04  0.04  0.04  0.04  0.05  0.04
 1  15  0.03  0.10  0.17  0.33  0.66  0.98  1.60  3.07  4.67  5.83  7.66  9.00  9.22  8.86  7.43  6.43  3.84  1.40  0.42  0.32  0.07  0.04  0.04  0.04  0.04  0.05  0.05  0.05
 1  20  0.03  0.10  0.17  0.34  0.67  1.00  1.63  3.07  4.66  5.81  7.52  8.69  8.76  8.37  7.07  6.19  3.86  1.43  0.43  0.33  0.13  0.05  0.04  0.04  0.04  0.05  0.05  0.05
 1  25  0.03  0.10  0.17  0.34  0.68  1.01  1.65  3.18  4.75  5.91  7.48  8.36  8.33  7.90  6.97  6.34  4.24  1.67  0.60  0.46  0.21  0.06  0.05  0.05  0.05  0.05  0.05  0.05
 1  30  0.04  0.11  0.18  0.36  0.71  1.06  1.72  3.23  4.86  6.00  7.40  8.05  7.89  7.44  6.85  6.47  4.60  1.97  0.79  0.61  0.30  0.11  0.08  0.07  0.06  0.05  0.05  0.05
 1  35  0.04  0.12  0.19  0.38  0.75  1.12  1.81  3.39  5.04  6.15  7.31  7.78  7.58  7.12  6.68  6.39  4.99  2.44  1.20  0.94  0.51  0.26  0.17  0.09  0.07  0.05  0.05  0.05
 1  40  0.04  0.12  0.20  0.40  0.80  1.18  1.91  3.56  5.21  6.28  7.23  7.50  7.26  6.85  6.53  6.30  5.36  2.90  1.60  1.28  0.73  0.39  0.23  0.13  0.08  0.06  0.05  0.05
 1  45  0.04  0.13  0.21  0.42  0.83  1.23  2.00  3.73  5.33  6.32  7.07  7.23  7.01  6.65  6.45  6.34  5.46  3.22  1.88  1.54  0.95  0.51  0.28  0.17  0.09  0.06  0.05  0.05
 1  50  0.04  0.13  0.22  0.44  0.86  1.28  2.08  3.92  5.41  6.35  6.94  7.01  6.83  6.55  6.46  6.40  5.54  3.53  2.17  1.81  1.18  0.62  0.33  0.19  0.10  0.06  0.05  0.05
 1  55  0.04  0.13  0.22  0.44  0.88  1.30  2.11  3.95  5.22  6.06  6.65  6.87  6.75  6.52  6.23  6.03  5.26  3.54  2.34  1.98  1.35  0.69  0.38  0.22  0.10  0.06  0.05  0.05
 1  60  0.05  0.14  0.23  0.45  0.89  1.32  2.15  4.04  5.25  6.05  6.59  6.83  6.73  6.45  6.06  5.77  5.05  3.60  2.55  2.17  1.52  0.76  0.43  0.24  0.10  0.06  0.05  0.05
 1  65  0.04  0.13  0.22  0.44  0.88  1.30  2.11  3.94  5.13  5.94  6.60  7.01  6.97  6.69  6.19  5.82  4.91  3.60  2.54  2.16  1.51  0.75  0.41  0.23  0.10  0.06  0.05  0.05
 1  70  0.04  0.13  0.22  0.44  0.86  1.28  2.07  3.84  5.03  5.85  6.62  7.18  7.20  6.93  6.33  5.88  4.77  3.59  2.52  2.14  1.50  0.75  0.40  0.23  0.11  0.06  0.05  0.05
 1  75  0.04  0.13  0.21  0.42  0.82  1.22  1.97  3.62  4.75  5.53  6.34  6.87  6.81  6.45  5.86  5.39  4.53  3.52  2.62  2.27  1.69  0.79  0.41  0.24  0.11  0.06  0.05  0.05
 1  80  0.04  0.12  0.21  0.41  0.80  1.17  1.88  3.38  4.47  5.22  6.08  6.54  6.40  5.96  5.37  4.88  4.28  3.45  2.71  2.40  1.88  0.83  0.42  0.25  0.11  0.06  0.05  0.05
 1  85  0.04  0.12  0.20  0.41  0.80  1.17  1.88  3.37  4.47  5.24  6.11  6.58  6.44  6.01  5.41  4.92  4.29  3.45  2.72  2.40  1.88  0.83  0.42  0.25  0.11  0.06  0.05  0.05
 1  90  0.04  0.12  0.20  0.41  0.80  1.17  1.88  3.38  4.47  5.22  6.08  6.61  6.51  6.14  5.57  5.02  4.31  3.45  2.71  2.40  1.89  0.85  0.42  0.25  0.11  0.06  0.05  0.05
 2 -90  0.03  0.09  0.15  0.31  0.61  0.90  1.45  2.69  3.95  4.76  5.70  5.59  5.03  4.24  3.80  3.60  3.34  2.92  2.26  1.93  1.34  0.66  0.42  0.26  0.15  0.05  0.03  0.02
 2 -85  0.03  0.09  0.16  0.31  0.61  0.90  1.46  2.70  3.97  4.79  5.74  5.69  5.15  4.40  3.98  3.75  3.41  2.83  2.14  1.82  1.26  0.60  0.38  0.24  0.14  0.04  0.03  0.02
 2 -80  0.03  0.09  0.16  0.31  0.61  0.90  1.46  2.71  3.95  4.78  5.78  5.75  5.20  4.43  4.00  3.77  3.41  2.82  2.13  1.81  1.25  0.60  0.38  0.24  0.14  0.04  0.03  0.02
 2 -75  0.03  0.09  0.15  0.31  0.60  0.89  1.44  2.68  3.94  4.80  5.93  6.17  5.73  4.95  4.43  4.12  3.61  2.82  2.12  1.79  1.21  0.57  0.37  0.23  0.12  0.04  0.03  0.02
 2 -70  0.03  0.09  0.15  0.30  0.60  0.88  1.43  2.66  3.94  4.84  6.12  6.62  6.28  5.49  4.86  4.48  3.81  2.83  2.12  1.78  1.18  0.55  0.36  0.21  0.11  0.04  0.03  0.02
 2 -65  0.03  0.09  0.15  0.31  0.61  0.90  1.46  2.71  4.01  4.93  6.35  7.12  6.92  6.16  5.42  4.95  4.07  2.80  2.02  1.68  1.10  0.52  0.34  0.20  0.09  0.04  0.03  0.02
 2 -60  0.03  0.09  0.16  0.31  0.62  0.91  1.48  2.75  4.06  5.01  6.55  7.58  7.54  6.84  5.98  5.42  4.33  2.77  1.91  1.58  1.02  0.49  0.32  0.19  0.09  0.05  0.03  0.03
 2 -55  0.03  0.10  0.16  0.33  0.64  0.95  1.54  2.85  4.19  5.11  6.67  7.89  8.00  7.52  6.58  5.93  4.28  2.59  1.64  1.35  0.81  0.40  0.25  0.15  0.08  0.05  0.03  0.03
 2 -50  0.03  0.10  0.17  0.33  0.65  0.96  1.55  2.86  4.17  5.06  6.70  8.19  8.50  8.06  7.08  6.40  4.22  2.36  1.28  1.04  0.59  0.30  0.18  0.09  0.06  0.04  0.04  0.03
 2 -45  0.03  0.10  0.16  0.32  0.64  0.95  1.54  2.89  4.19  5.11  6.81  8.42  8.84  8.45  7.27  6.47  4.22  2.25  1.20  0.96  0.51  0.25  0.12  0.07  0.05  0.04  0.04  0.03
 2 -40  0.03  0.10  0.16  0.32  0.64  0.95  1.55  2.95  4.23  5.15  6.88  8.60  9.13  8.85  7.49  6.58  4.23  2.10  1.11  0.87  0.43  0.20  0.09  0.06  0.05  0.04  0.04  0.03
 2 -35  0.03  0.10  0.16  0.32  0.64  0.95  1.56  2.99  4.32  5.25  7.01  8.78  9.35  9.09  7.67  6.69  4.15  1.86  0.90  0.69  0.32  0.12  0.07  0.05  0.05  0.04  0.04  0.04
 2 -30  0.03  0.10  0.16  0.32  0.64  0.96  1.57  3.04  4.38  5.32  7.11  8.93  9.55  9.36  7.81  6.77  4.05  1.62  0.69  0.52  0.23  0.09  0.06  0.05  0.04  0.04  0.04  0.04
 2 -25  0.03  0.10  0.16  0.32  0.64  0.95  1.56  3.02  4.41  5.36  7.17  9.18  9.86  9.71  7.97  6.78  3.94  1.49  0.57  0.42  0.18  0.06  0.04  0.04  0.04  0.04  0.04  0.04
 2 -20  0.03  0.09  0.15  0.31  0.62  0.92  1.53  3.02  4.41  5.37  7.26  9.48 10.20 10.03  8.12  6.80  3.84  1.36  0.44  0.33  0.14  0.05  0.04  0.04  0.04  0.04  0.04  0.03
 2 -15  0.03  0.09  0.15  0.30  0.61  0.91  1.50  2.95  4.35  5.40  7.40  9.69 10.44 10.30  8.29  6.91  3.81  1.25  0.40  0.30  0.13  0.04  0.03  0.03  0.03  0.04  0.04  0.03
 2 -10  0.03  0.09  0.15  0.30  0.59  0.89  1.47  2.91  4.35  5.43  7.62  9.94 10.74 10.59  8.49  7.02  3.76  1.14  0.36  0.28  0.08  0.04  0.03  0.03  0.03  0.03  0.03  0.03
 2  -5  0.03  0.09  0.15  0.29  0.59  0.88  1.46  2.87  4.30  5.40  7.65  9.93 10.68 10.51  8.25  6.65  3.63  1.12  0.35  0.28  0.07  0.04  0.03  0.03  0.03  0.03  0.03  0.03
 2   0  0.03  0.10  0.16  0.32  0.62  0.92  1.50  2.80  4.27  5.35  7.65  9.90 10.57 10.43  8.02  6.28  3.51  1.12  0.34  0.28  0.06  0.04  0.03  0.03  0.03  0.04  0.04  0.03
 2   5  0.03  0.09  0.16  0.31  0.62  0.92  1.51  2.85  4.32  5.41  7.55  9.69 10.32 10.10  7.98  6.48  3.64  1.24  0.40  0.32  0.06  0.04  0.03  0.03  0.03  0.04  0.04  0.04
 2  10  0.03  0.09  0.16  0.31  0.62  0.93  1.52  2.91  4.40  5.49  7.53  9.51 10.05  9.78  7.95  6.70  3.76  1.35  0.46  0.35  0.06  0.04  0.03  0.04  0.04  0.04  0.05  0.04
 2  15  0.03  0.10  0.16  0.32  0.63  0.94  1.54  2.95  4.44  5.53  7.44  9.21  9.66  9.34  7.77  6.70  3.94  1.44  0.49  0.37  0.07  0.04  0.04  0.04  0.04  0.05  0.05  0.05
 2  20  0.03  0.10  0.17  0.33  0.65  0.97  1.57  2.98  4.48  5.57  7.37  8.93  9.24  8.91  7.57  6.69  4.10  1.51  0.52  0.39  0.09  0.05  0.04  0.05  0.05  0.05  0.05  0.05
 2  25  0.03  0.10  0.17  0.33  0.66  0.98  1.61  3.08  4.59  5.72  7.43  8.66  8.83  8.44  7.33  6.59  4.41  1.69  0.65  0.50  0.21  0.07  0.06  0.05  0.05  0.05  0.05  0.05
 2  30  0.04  0.11  0.18  0.35  0.69  1.03  1.68  3.14  4.72  5.85  7.45  8.41  8.40  7.95  7.05  6.47  4.70  1.94  0.83  0.63  0.29  0.18  0.10  0.08  0.06  0.06  0.05  0.05
 2  35  0.04  0.11  0.19  0.37  0.73  1.08  1.76  3.28  4.92  6.08  7.47  8.18  8.04  7.55  6.85  6.42  5.02  2.51  1.25  0.98  0.52  0.33  0.23  0.11  0.08  0.06  0.05  0.05
 2  40  0.04  0.12  0.20  0.39  0.77  1.14  1.84  3.40  5.12  6.31  7.53  7.93  7.67  7.19  6.69  6.35  5.31  3.09  1.66  1.34  0.76  0.49  0.31  0.16  0.10  0.06  0.05  0.05
 2  45  0.04  0.12  0.20  0.41  0.80  1.19  1.92  3.58  5.32  6.47  7.44  7.66  7.40  6.94  6.53  6.31  5.45  3.41  2.01  1.65  1.02  0.61  0.36  0.21  0.10  0.06  0.06  0.05
 2  50  0.04  0.13  0.21  0.42  0.83  1.23  2.01  3.79  5.51  6.62  7.41  7.46  7.19  6.79  6.47  6.28  5.56  3.73  2.35  1.96  1.29  0.72  0.41  0.23  0.11  0.06  0.06  0.05
 2  55  0.04  0.13  0.22  0.44  0.87  1.28  2.09  3.92  5.51  6.55  7.23  7.29  7.03  6.68  6.32  6.09  5.52  3.81  2.50  2.11  1.45  0.77  0.45  0.25  0.12  0.07  0.06  0.05
 2  60  0.05  0.14  0.23  0.46  0.91  1.35  2.19  4.13  5.74  6.76  7.28  7.22  6.94  6.55  6.24  6.03  5.56  3.96  2.70  2.29  1.60  0.82  0.49  0.27  0.12  0.07  0.06  0.05
 2  65  0.05  0.14  0.23  0.46  0.92  1.36  2.20  4.12  5.60  6.54  7.07  7.15  6.97  6.65  6.27  6.00  5.44  3.86  2.77  2.37  1.70  0.86  0.47  0.27  0.12  0.07  0.06  0.05
 2  70  0.05  0.14  0.23  0.46  0.91  1.35  2.20  4.09  5.44  6.31  6.86  7.09  7.00  6.75  6.30  5.97  5.30  3.75  2.84  2.45  1.79  0.91  0.46  0.28  0.12  0.07  0.06  0.05
 2  75  0.05  0.14  0.23  0.46  0.90  1.34  2.17  4.02  5.18  5.94  6.76  7.31  7.34  7.08  6.54  6.14  5.33  3.70  2.88  2.48  1.82  0.94  0.48  0.28  0.13  0.07  0.06  0.05
 2  80  0.05  0.14  0.23  0.45  0.89  1.32  2.14  3.95  4.93  5.59  6.67  7.53  7.67  7.41  6.78  6.29  5.35  3.65  2.91  2.51  1.85  0.98  0.50  0.28  0.14  0.07  0.06  0.05
 2  85  0.05  0.14  0.23  0.45  0.89  1.32  2.13  3.93  4.92  5.59  6.68  7.56  7.72  7.46  6.82  6.33  5.37  3.65  2.91  2.51  1.85  0.98  0.50  0.28  0.14  0.07  0.06  0.05
 2  90  0.05  0.14  0.23  0.45  0.88  1.31  2.11  3.90  4.93  5.62  6.77  7.72  7.88  7.61  7.01  6.50  5.46  3.66  2.95  2.55  1.89  1.02  0.51  0.28  0.14  0.07  0.06  0.05
 3 -90  0.05  0.14  0.23  0.45  0.89  1.31  2.10  3.80  4.89  5.54  5.55  5.19  4.80  4.28  3.75  3.41  3.35  2.70  2.18  1.87  1.31  0.64  0.38  0.22  0.11  0.04  0.03  0.02
 3 -85  0.05  0.14  0.23  0.46  0.90  1.33  2.13  3.86  5.03  5.72  5.77  5.37  4.94  4.40  3.86  3.52  3.44  2.72  2.13  1.82  1.26  0.60  0.35  0.21  0.11  0.04  0.03  0.02
 3 -80  0.05  0.14  0.23  0.46  0.90  1.32  2.12  3.85  5.09  5.82  5.86  5.41  4.95  4.40  3.85  3.51  3.45  2.73  2.13  1.81  1.25  0.60  0.35  0.21  0.11  0.04  0.03  0.02
 3 -75  0.04  0.13  0.22  0.44  0.86  1.26  2.03  3.69  5.14  6.02  6.39  5.99  5.45  4.80  4.17  3.77  3.55  2.74  2.11  1.77  1.20  0.57  0.33  0.20  0.10  0.04  0.03  0.02
 3 -70  0.04  0.13  0.21  0.41  0.81  1.20  1.93  3.52  5.14  6.18  6.90  6.57  5.95  5.21  4.50  4.03  3.64  2.76  2.09  1.75  1.15  0.55  0.32  0.19  0.09  0.04  0.03  0.02
 3 -65  0.04  0.12  0.20  0.40  0.78  1.16  1.87  3.42  5.09  6.20  7.18  7.08  6.54  5.78  5.10  4.66  3.85  2.75  1.98  1.65  1.07  0.52  0.31  0.18  0.09  0.05  0.03  0.03
 3 -60  0.04  0.12  0.19  0.38  0.76  1.12  1.81  3.33  5.02  6.18  7.44  7.61  7.15  6.35  5.71  5.30  4.06  2.74  1.86  1.54  0.99  0.49  0.29  0.17  0.08  0.05  0.03  0.03
 3 -55  0.04  0.12  0.19  0.38  0.76  1.12  1.80  3.31  5.00  6.13  7.50  7.95  7.64  6.98  6.28  5.82  4.30  2.63  1.64  1.35  0.82  0.39  0.23  0.14  0.07  0.04  0.04  0.03
 3 -50  0.04  0.11  0.19  0.38  0.74  1.09  1.76  3.22  4.83  5.92  7.46  8.29  8.16  7.48  6.75  6.29  4.50  2.47  1.33  1.09  0.64  0.29  0.17  0.08  0.06  0.04  0.04  0.03
 3 -45  0.04  0.11  0.18  0.36  0.72  1.06  1.71  3.16  4.72  5.81  7.45  8.52  8.54  7.92  6.81  6.12  4.32  2.34  1.22  0.99  0.56  0.25  0.11  0.06  0.05  0.04  0.04  0.03
 3 -40  0.04  0.11  0.18  0.35  0.70  1.04  1.68  3.14  4.63  5.69  7.40  8.68  8.87  8.38  6.95  6.01  4.13  2.17  1.09  0.88  0.48  0.20  0.09  0.06  0.05  0.04  0.04  0.03
 3 -35  0.03  0.10  0.17  0.35  0.68  1.01  1.65  3.12  4.62  5.66  7.40  8.82  9.14  8.77  7.47  6.59  4.15  1.93  0.88  0.69  0.34  0.13  0.07  0.05  0.04  0.04  0.04  0.03
 3 -30  0.03  0.10  0.17  0.34  0.67  1.00  1.64  3.11  4.59  5.62  7.39  8.95  9.40  9.16  7.97  7.15  4.16  1.71  0.67  0.51  0.22  0.09  0.05  0.04  0.04  0.04  0.04  0.04
 3 -25  0.03  0.10  0.17  0.33  0.66  0.98  1.60  3.05  4.51  5.51  7.27  9.11  9.70  9.58  8.18  7.19  4.03  1.46  0.52  0.38  0.15  0.06  0.04  0.04  0.04  0.04  0.04  0.03
 3 -20  0.03  0.10  0.16  0.32  0.63  0.94  1.55  3.01  4.39  5.34  7.16  9.33 10.05  9.96  8.36  7.23  3.91  1.21  0.37  0.27  0.10  0.04  0.03  0.03  0.04  0.04  0.04  0.03
 3 -15  0.03  0.09  0.16  0.31  0.62  0.92  1.51  2.91  4.23  5.21  7.06  9.40 10.29 10.32  8.43  7.10  3.88  1.19  0.36  0.27  0.11  0.04  0.03  0.03  0.03  0.04  0.04  0.03
 3 -10  0.03  0.09  0.15  0.30  0.60  0.90  1.48  2.85  4.13  5.07  7.06  9.51 10.58 10.69  8.52  6.98  3.83  1.16  0.35  0.27  0.11  0.03  0.03  0.03  0.03  0.03  0.03  0.03
 3  -5  0.03  0.09  0.15  0.30  0.60  0.89  1.46  2.80  4.04  4.98  7.03  9.47 10.55 10.69  8.47  6.87  3.78  1.15  0.35  0.27  0.06  0.03  0.03  0.03  0.03  0.03  0.03  0.03
 3   0  0.03  0.10  0.16  0.32  0.62  0.92  1.48  2.73  3.98  4.88  6.96  9.41 10.46 10.68  8.41  6.76  3.75  1.16  0.35  0.28  0.13  0.03  0.03  0.03  0.03  0.03  0.03  0.03
 3   5  0.03  0.09  0.16  0.31  0.62  0.92  1.49  2.80  4.07  5.01  6.99  9.36 10.32 10.40  8.33  6.85  3.82  1.25  0.40  0.31  0.06  0.03  0.03  0.03  0.03  0.04  0.04  0.04
 3  10  0.03  0.09  0.16  0.31  0.62  0.92  1.50  2.87  4.20  5.18  7.09  9.32 10.16 10.13  8.24  6.95  3.89  1.33  0.44  0.34  0.06  0.04  0.03  0.03  0.04  0.04  0.05  0.04
 3  15  0.03  0.09  0.16  0.31  0.62  0.93  1.52  2.94  4.29  5.29  7.10  9.14  9.84  9.71  7.92  6.73  3.97  1.37  0.45  0.35  0.07  0.04  0.04  0.04  0.04  0.05  0.05  0.05
 3  20  0.03  0.10  0.16  0.33  0.65  0.96  1.57  2.98  4.38  5.41  7.16  8.97  9.48  9.28  7.59  6.48  4.03  1.41  0.46  0.36  0.15  0.05  0.05  0.05  0.05  0.05  0.05  0.05
 3  25  0.03  0.10  0.17  0.33  0.66  0.98  1.60  3.05  4.48  5.56  7.32  8.83  9.18  8.89  7.43  6.51  4.32  1.70  0.64  0.50  0.25  0.07  0.07  0.06  0.06  0.06  0.05  0.05
 3  30  0.03  0.10  0.17  0.34  0.68  1.01  1.64  3.08  4.59  5.69  7.41  8.69  8.86  8.47  7.27  6.52  4.58  2.07  0.85  0.68  0.36  0.21  0.11  0.08  0.07  0.06  0.05  0.05
 3  35  0.04  0.11  0.18  0.36  0.70  1.04  1.69  3.14  4.73  5.88  7.55  8.60  8.59  8.10  7.11  6.49  4.75  2.54  1.27  1.04  0.63  0.37  0.25  0.12  0.08  0.06  0.05  0.05
 3  40  0.04  0.11  0.19  0.37  0.73  1.07  1.73  3.18  4.87  6.08  7.74  8.49  8.30  7.76  6.98  6.46  4.89  3.02  1.69  1.41  0.90  0.53  0.33  0.17  0.10  0.06  0.06  0.05
 3  45  0.04  0.11  0.19  0.37  0.74  1.09  1.77  3.27  5.01  6.25  7.75  8.27  8.00  7.44  6.72  6.29  5.13  3.35  2.01  1.69  1.12  0.67  0.40  0.23  0.11  0.07  0.06  0.05
 3  50  0.04  0.11  0.19  0.38  0.75  1.11  1.80  3.39  5.19  6.44  7.82  8.11  7.78  7.21  6.56  6.14  5.35  3.67  2.32  1.96  1.33  0.79  0.46  0.26  0.13  0.07  0.06  0.05
 3  55  0.04  0.12  0.20  0.39  0.77  1.15  1.86  3.48  5.24  6.47  7.69  7.91  7.55  7.00  6.42  6.03  5.38  3.81  2.51  2.13  1.48  0.87  0.51  0.28  0.14  0.07  0.06  0.06
 3  60  0.04  0.12  0.21  0.41  0.81  1.21  1.96  3.66  5.53  6.78  7.80  7.82  7.38  6.76  6.32  6.04  5.48  4.01  2.75  2.33  1.62  0.94  0.55  0.31  0.14  0.07  0.06  0.06
 3  65  0.04  0.13  0.21  0.43  0.84  1.25  2.03  3.78  5.55  6.71  7.60  7.61  7.19  6.63  6.18  5.90  5.39  4.06  2.87  2.46  1.77  0.99  0.59  0.33  0.14  0.07  0.06  0.06
 3  70  0.04  0.13  0.22  0.44  0.87  1.29  2.09  3.90  5.56  6.65  7.40  7.40  7.01  6.49  6.05  5.78  5.31  4.11  2.98  2.59  1.92  1.05  0.62  0.36  0.15  0.07  0.06  0.06
 3  75  0.04  0.13  0.22  0.44  0.87  1.30  2.10  3.92  5.44  6.44  7.19  7.36  7.09  6.65  6.05  5.67  5.26  4.16  3.04  2.64  1.96  1.08  0.62  0.35  0.15  0.08  0.06  0.06
 3  80  0.05  0.13  0.22  0.44  0.88  1.30  2.11  3.92  5.30  6.22  6.98  7.31  7.17  6.81  6.04  5.55  5.20  4.20  3.10  2.69  2.01  1.12  0.61  0.35  0.14  0.08  0.06  0.06
 3  85  0.04  0.13  0.22  0.44  0.88  1.30  2.10  3.92  5.29  6.22  6.98  7.34  7.20  6.84  6.08  5.59  5.24  4.22  3.11  2.69  2.01  1.11  0.61  0.35  0.14  0.08  0.06  0.06
 3  90  0.04  0.13  0.22  0.44  0.86  1.28  2.07  3.86  5.17  6.07  6.85  7.32  7.29  6.99  6.24  5.77  5.41  4.31  3.18  2.76  2.06  1.16  0.63  0.35  0.14  0.08  0.06  0.06
 4 -90  0.06  0.17  0.28  0.56  1.09  1.59  2.50  4.24  4.96  5.40  5.55  5.23  4.80  4.20  3.57  3.21  2.90  2.85  2.22  1.87  1.26  0.59  0.34  0.19  0.09  0.04  0.03  0.02
 4 -85  0.06  0.18  0.29  0.58  1.12  1.64  2.58  4.41  5.19  5.65  5.79  5.45  4.97  4.35  3.68  3.30  2.99  2.88  2.20  1.84  1.23  0.56  0.33  0.19  0.10  0.04  0.03  0.03
 4 -80  0.06  0.18  0.30  0.58  1.14  1.66  2.62  4.49  5.28  5.72  5.83  5.46  4.98  4.35  3.68  3.31  2.99  2.89  2.20  1.84  1.22  0.56  0.33  0.19  0.10  0.04  0.03  0.03
 4 -75  0.06  0.17  0.29  0.57  1.12  1.64  2.60  4.52  5.67  6.34  6.43  5.93  5.39  4.73  4.08  3.72  3.36  2.89  2.17  1.82  1.21  0.54  0.32  0.19  0.09  0.04  0.03  0.03
 4 -70  0.06  0.17  0.28  0.56  1.09  1.60  2.54  4.50  6.02  6.94  7.00  6.40  5.80  5.13  4.51  4.14  3.74  2.89  2.15  1.80  1.21  0.52  0.31  0.18  0.08  0.04  0.03  0.03
 4 -65  0.05  0.16  0.27  0.53  1.05  1.54  2.46  4.41  6.11  7.15  7.39  6.86  6.30  5.63  5.07  4.71  4.02  2.89  2.04  1.70  1.12  0.49  0.28  0.16  0.08  0.04  0.03  0.03
 4 -60  0.05  0.16  0.26  0.51  1.00  1.48  2.37  4.29  6.16  7.33  7.76  7.32  6.78  6.11  5.60  5.26  4.29  2.87  1.92  1.59  1.03  0.45  0.25  0.15  0.08  0.04  0.03  0.03
 4 -55  0.05  0.15  0.25  0.49  0.96  1.41  2.27  4.13  6.07  7.27  7.90  7.67  7.18  6.60  6.19  5.90  4.55  2.73  1.71  1.40  0.83  0.37  0.19  0.12  0.07  0.04  0.03  0.03
 4 -50  0.05  0.14  0.23  0.46  0.90  1.33  2.14  3.89  5.81  7.04  7.97  8.03  7.62  6.96  6.68  6.48  4.78  2.56  1.41  1.13  0.62  0.30  0.14  0.08  0.05  0.04  0.03  0.03
 4 -45  0.04  0.13  0.22  0.43  0.85  1.25  2.01  3.66  5.52  6.75  7.94  8.29  7.99  7.31  6.66  6.24  4.57  2.39  1.32  1.05  0.57  0.26  0.13  0.06  0.05  0.04  0.03  0.03
 4 -40  0.04  0.12  0.21  0.41  0.80  1.18  1.90  3.47  5.25  6.47  7.88  8.51  8.34  7.70  6.71  6.05  4.36  2.19  1.22  0.97  0.52  0.22  0.09  0.06  0.04  0.04  0.03  0.03
 4 -35  0.04  0.12  0.19  0.38  0.76  1.12  1.81  3.36  5.06  6.24  7.80  8.71  8.71  8.21  6.95  6.10  4.16  1.94  1.02  0.80  0.42  0.18  0.08  0.05  0.04  0.04  0.03  0.03
 4 -30  0.04  0.11  0.18  0.37  0.72  1.07  1.74  3.25  4.87  5.99  7.67  8.89  9.09  8.74  7.20  6.14  3.96  1.71  0.82  0.64  0.32  0.10  0.06  0.04  0.04  0.04  0.04  0.03
 4 -25  0.04  0.11  0.18  0.35  0.70  1.03  1.68  3.15  4.70  5.75  7.43  8.99  9.40  9.24  7.64  6.50  3.94  1.50  0.61  0.47  0.22  0.06  0.04  0.04  0.04  0.04  0.04  0.03
 4 -20  0.03  0.10  0.17  0.34  0.67  0.99  1.62  3.07  4.49  5.45  7.17  9.15  9.79  9.71  8.07  6.86  3.94  1.29  0.40  0.30  0.12  0.04  0.03  0.03  0.03  0.04  0.04  0.03
 4 -15  0.03  0.10  0.17  0.33  0.65  0.97  1.58  2.98  4.31  5.27  6.97  9.11  9.96 10.07  8.30  7.02  3.95  1.22  0.37  0.28  0.12  0.04  0.03  0.03  0.03  0.03  0.03  0.03
 4 -10  0.03  0.10  0.16  0.33  0.64  0.95  1.55  2.92  4.18  5.10  6.90  9.12 10.17 10.44  8.56  7.20  3.93  1.13  0.33  0.26  0.11  0.03  0.03  0.03  0.03  0.03  0.03  0.03
 4  -5  0.03  0.10  0.16  0.32  0.64  0.94  1.53  2.87  4.10  5.01  6.85  9.07 10.16 10.49  8.59  7.19  3.94  1.14  0.33  0.26  0.12  0.03  0.03  0.03  0.03  0.03  0.03  0.03
 4   0  0.03  0.10  0.17  0.33  0.64  0.95  1.53  2.81  4.03  4.90  6.77  9.01 10.09 10.51  8.61  7.20  3.96  1.16  0.33  0.26  0.12  0.03  0.03  0.03  0.03  0.03  0.03  0.03
 4   5  0.03  0.10  0.16  0.32  0.64  0.95  1.54  2.86  4.11  5.03  6.86  9.07 10.03 10.24  8.47  7.16  4.03  1.27  0.48  0.37  0.14  0.03  0.03  0.03  0.03  0.04  0.04  0.03
 4  10  0.03  0.10  0.16  0.32  0.63  0.94  1.54  2.92  4.24  5.20  7.02  9.14  9.95 10.00  8.32  7.13  4.10  1.35  0.64  0.47  0.16  0.04  0.03  0.03  0.03  0.04  0.04  0.04
 4  15  0.03  0.10  0.16  0.32  0.63  0.94  1.55  2.96  4.31  5.29  7.07  9.05  9.74  9.65  8.05  6.95  4.10  1.41  0.67  0.49  0.16  0.04  0.04  0.04  0.04  0.05  0.05  0.05
 4  20  0.03  0.10  0.17  0.33  0.65  0.97  1.58  2.98  4.36  5.39  7.18  8.99  9.49  9.30  7.76  6.75  4.11  1.46  0.70  0.52  0.17  0.05  0.05  0.05  0.05  0.05  0.05  0.05
 4  25  0.03  0.10  0.17  0.33  0.65  0.97  1.58  3.00  4.39  5.43  7.25  8.91  9.34  9.06  7.64  6.75  4.32  1.68  0.80  0.61  0.27  0.09  0.07  0.06  0.06  0.06  0.06  0.05
 4  30  0.03  0.10  0.17  0.33  0.66  0.97  1.59  2.99  4.41  5.46  7.27  8.85  9.15  8.79  7.52  6.72  4.51  1.96  0.93  0.73  0.38  0.18  0.11  0.08  0.07  0.06  0.06  0.05
 4  35  0.03  0.10  0.17  0.33  0.66  0.98  1.59  2.96  4.41  5.46  7.27  8.78  8.98  8.51  7.34  6.62  4.57  2.31  1.26  1.03  0.63  0.39  0.18  0.11  0.08  0.06  0.06  0.05
 4  40  0.03  0.10  0.17  0.34  0.67  0.98  1.59  2.91  4.39  5.47  7.35  8.70  8.77  8.25  7.20  6.53  4.60  2.68  1.59  1.34  0.88  0.55  0.33  0.14  0.09  0.06  0.06  0.05
 4  45  0.03  0.10  0.17  0.34  0.66  0.98  1.58  2.92  4.41  5.52  7.35  8.51  8.50  7.92  6.90  6.29  4.69  2.98  1.86  1.57  1.05  0.66  0.39  0.18  0.11  0.07  0.06  0.05
 4  50  0.03  0.10  0.17  0.33  0.65  0.97  1.57  2.94  4.48  5.60  7.40  8.40  8.31  7.69  6.70  6.08  4.76  3.27  2.12  1.79  1.22  0.76  0.46  0.26  0.12  0.07  0.06  0.05
 4  55  0.03  0.10  0.17  0.33  0.66  0.97  1.58  2.96  4.49  5.62  7.35  8.20  8.03  7.40  6.43  5.80  4.90  3.48  2.30  1.95  1.36  0.82  0.51  0.29  0.14  0.07  0.06  0.05
 4  60  0.03  0.10  0.17  0.34  0.68  1.01  1.63  3.06  4.74  5.93  7.52  8.12  7.82  7.09  6.20  5.63  5.10  3.75  2.54  2.15  1.50  0.87  0.56  0.31  0.15  0.08  0.06  0.05
 4  65  0.04  0.11  0.18  0.35  0.69  1.02  1.66  3.11  4.79  5.94  7.34  7.77  7.44  6.74  6.02  5.58  5.09  3.82  2.70  2.29  1.61  0.97  0.64  0.37  0.16  0.08  0.06  0.05
 4  70  0.04  0.11  0.18  0.35  0.70  1.04  1.69  3.17  4.83  5.95  7.15  7.43  7.06  6.37  5.84  5.54  5.08  3.89  2.87  2.44  1.71  1.07  0.72  0.42  0.19  0.08  0.06  0.05
 4  75  0.04  0.11  0.18  0.36  0.72  1.07  1.74  3.27  4.85  5.88  6.82  6.99  6.65  6.04  5.68  5.50  5.11  4.01  2.98  2.55  1.82  1.12  0.73  0.42  0.18  0.08  0.06  0.05
 4  80  0.04  0.11  0.19  0.37  0.74  1.10  1.79  3.38  4.87  5.81  6.50  6.56  6.23  5.69  5.50  5.45  5.12  4.12  3.09  2.66  1.93  1.18  0.73  0.41  0.17  0.08  0.06  0.05
 4  85  0.04  0.11  0.19  0.38  0.75  1.11  1.80  3.41  4.90  5.82  6.49  6.57  6.25  5.71  5.52  5.47  5.15  4.15  3.11  2.68  1.94  1.17  0.73  0.42  0.17  0.09  0.06  0.05
 4  90  0.04  0.11  0.19  0.37  0.74  1.10  1.79  3.39  4.88  5.80  6.46  6.57  6.30  5.77  5.60  5.57  5.27  4.26  3.20  2.75  1.97  1.19  0.74  0.42  0.17  0.09  0.06  0.06
 5 -90  0.06  0.18  0.29  0.58  1.11  1.61  2.47  3.89  4.73  5.34  5.37  5.17  4.60  3.89  3.61  3.52  3.38  2.78  2.13  1.77  1.17  0.53  0.28  0.16  0.06  0.04  0.03  0.03
 5 -85  0.06  0.18  0.30  0.59  1.15  1.66  2.55  4.05  5.01  5.66  5.67  5.33  4.72  4.01  3.71  3.60  3.45  2.82  2.13  1.77  1.16  0.52  0.28  0.16  0.06  0.04  0.03  0.03
 5 -80  0.06  0.19  0.31  0.60  1.16  1.68  2.59  4.13  5.13  5.78  5.77  5.35  4.71  4.00  3.71  3.60  3.45  2.83  2.14  1.78  1.17  0.52  0.29  0.17  0.06  0.04  0.03  0.03
 5 -75  0.06  0.18  0.31  0.60  1.16  1.69  2.62  4.27  5.46  6.21  6.36  5.97  5.39  4.69  4.19  3.93  3.58  2.74  2.00  1.67  1.10  0.49  0.27  0.16  0.06  0.04  0.03  0.03
 5 -70  0.06  0.18  0.30  0.60  1.16  1.69  2.65  4.42  5.80  6.64  6.90  6.56  6.05  5.37  4.66  4.26  3.72  2.65  1.88  1.56  1.03  0.47  0.26  0.15  0.07  0.04  0.03  0.03
 5 -65  0.06  0.19  0.31  0.61  1.20  1.75  2.77  4.79  6.29  7.20  7.26  6.80  6.30  5.67  5.16  4.87  4.24  2.80  1.89  1.55  0.98  0.47  0.25  0.15  0.07  0.04  0.03  0.03
 5 -60  0.06  0.19  0.31  0.62  1.21  1.78  2.85  5.06  6.70  7.70  7.57  7.02  6.54  5.98  5.67  5.48  4.72  2.93  1.89  1.53  0.92  0.47  0.24  0.14  0.07  0.04  0.03  0.03
 5 -55  0.06  0.18  0.30  0.59  1.17  1.71  2.75  4.93  6.79  7.88  7.87  7.33  6.84  6.37  6.09  5.86  4.83  2.74  1.76  1.41  0.80  0.46  0.22  0.13  0.06  0.04  0.03  0.03
 5 -50  0.06  0.17  0.29  0.56  1.11  1.63  2.61  4.69  6.68  7.87  8.10  7.68  7.20  6.64  6.40  6.20  4.92  2.52  1.55  1.23  0.67  0.44  0.19  0.08  0.05  0.04  0.03  0.03
 5 -45  0.05  0.16  0.26  0.51  1.01  1.49  2.38  4.27  6.25  7.51  8.09  7.93  7.50  6.87  6.43  6.13  4.79  2.42  1.44  1.14  0.61  0.39  0.17  0.07  0.05  0.04  0.03  0.03
 5 -40  0.05  0.14  0.24  0.47  0.92  1.35  2.16  3.90  5.85  7.14  8.08  8.19  7.82  7.16  6.54  6.09  4.63  2.29  1.33  1.05  0.54  0.34  0.16  0.06  0.04  0.04  0.03  0.03
 5 -35  0.04  0.13  0.22  0.43  0.84  1.24  2.00  3.66  5.50  6.74  7.94  8.37  8.16  7.61  6.93  6.46  4.53  2.03  1.07  0.82  0.39  0.25  0.09  0.06  0.04  0.04  0.03  0.03
 5 -30  0.04  0.12  0.20  0.40  0.78  1.15  1.86  3.42  5.15  6.32  7.78  8.56  8.53  8.10  7.33  6.81  4.40  1.77  0.80  0.60  0.26  0.10  0.06  0.05  0.04  0.04  0.03  0.03
 5 -25  0.04  0.11  0.19  0.38  0.74  1.10  1.78  3.28  4.90  6.00  7.50  8.68  8.88  8.64  7.59  6.83  4.25  1.62  0.63  0.47  0.19  0.06  0.04  0.04  0.04  0.04  0.04  0.03
 5 -20  0.04  0.11  0.18  0.36  0.71  1.05  1.70  3.14  4.61  5.60  7.19  8.85  9.31  9.14  7.84  6.86  4.11  1.46  0.47  0.35  0.13  0.04  0.03  0.03  0.03  0.03  0.03  0.03
 5 -15  0.04  0.11  0.18  0.35  0.69  1.02  1.66  3.07  4.46  5.45  7.03  8.83  9.51  9.54  8.12  7.09  4.13  1.35  0.40  0.30  0.12  0.04  0.03  0.03  0.03  0.03  0.03  0.03
 5 -10  0.04  0.11  0.18  0.35  0.69  1.01  1.64  3.01  4.35  5.31  6.99  8.86  9.72  9.94  8.44  7.32  4.13  1.23  0.32  0.24  0.10  0.03  0.03  0.03  0.03  0.03  0.03  0.03
 5  -5  0.03  0.10  0.17  0.34  0.68  1.00  1.62  2.96  4.29  5.25  7.01  8.86  9.76 10.06  8.36  7.10  3.91  1.06  0.28  0.22  0.10  0.03  0.03  0.03  0.03  0.03  0.03  0.03
 5   0  0.03  0.10  0.17  0.34  0.67  0.99  1.60  2.94  4.26  5.19  6.99  8.90  9.79 10.15  8.28  6.88  3.72  0.90  0.24  0.20  0.10  0.03  0.03  0.03  0.03  0.03  0.03  0.03
 5   5  0.03  0.10  0.17  0.34  0.67  0.99  1.60  2.96  4.29  5.26  7.05  9.00  9.80 10.01  8.33  7.09  4.00  1.16  0.40  0.33  0.16  0.03  0.03  0.03  0.03  0.03  0.03  0.03
 5  10  0.03  0.10  0.17  0.33  0.65  0.97  1.58  3.00  4.37  5.36  7.16  9.10  9.80  9.88  8.38  7.29  4.27  1.41  0.57  0.45  0.22  0.04  0.03  0.03  0.03  0.04  0.04  0.03
 5  15  0.03  0.10  0.16  0.33  0.65  0.96  1.57  2.99  4.38  5.36  7.13  9.03  9.66  9.59  8.19  7.21  4.19  1.49  0.61  0.48  0.24  0.04  0.04  0.04  0.04  0.05  0.05  0.04
 5  20  0.03  0.10  0.17  0.33  0.66  0.97  1.58  2.98  4.36  5.38  7.16  8.99  9.50  9.32  7.99  7.10  4.11  1.57  0.65  0.52  0.26  0.06  0.05  0.05  0.05  0.05  0.05  0.04
 5  25  0.03  0.10  0.17  0.33  0.65  0.96  1.57  2.96  4.32  5.33  7.12  8.88  9.39  9.16  7.84  7.00  4.36  1.74  0.76  0.61  0.33  0.10  0.07  0.06  0.06  0.06  0.05  0.05
 5  30  0.03  0.10  0.16  0.32  0.64  0.95  1.55  2.93  4.28  5.27  7.05  8.78  9.24  8.97  7.69  6.87  4.59  1.96  0.90  0.73  0.42  0.17  0.09  0.07  0.06  0.06  0.05  0.05
 5  35  0.03  0.10  0.16  0.32  0.64  0.95  1.54  2.88  4.22  5.18  6.93  8.66  9.07  8.74  7.50  6.71  4.62  2.22  1.15  0.96  0.60  0.34  0.14  0.09  0.07  0.06  0.06  0.05
 5  40  0.03  0.10  0.16  0.32  0.64  0.94  1.52  2.80  4.13  5.10  6.89  8.53  8.88  8.53  7.33  6.56  4.64  2.51  1.40  1.18  0.79  0.48  0.22  0.12  0.08  0.06  0.06  0.05
 5  45  0.03  0.10  0.16  0.32  0.62  0.92  1.49  2.76  4.04  4.99  6.75  8.32  8.64  8.23  7.02  6.29  4.61  2.73  1.65  1.40  0.95  0.59  0.35  0.15  0.10  0.07  0.06  0.05
 5  50  0.03  0.09  0.15  0.30  0.60  0.89  1.45  2.73  4.00  4.95  6.69  8.18  8.44  7.98  6.79  6.06  4.57  2.94  1.89  1.61  1.11  0.70  0.43  0.19  0.11  0.07  0.06  0.05
 5  55  0.03  0.09  0.15  0.30  0.59  0.87  1.42  2.68  3.90  4.83  6.57  7.98  8.14  7.63  6.49  5.77  4.58  3.09  2.02  1.71  1.19  0.75  0.48  0.28  0.13  0.07  0.06  0.05
 5  60  0.03  0.09  0.15  0.30  0.59  0.88  1.43  2.70  4.04  5.02  6.70  7.87  7.89  7.24  6.21  5.58  4.66  3.30  2.20  1.85  1.27  0.79  0.53  0.31  0.14  0.08  0.06  0.05
 5  65  0.03  0.09  0.15  0.30  0.58  0.87  1.41  2.66  3.98  4.93  6.50  7.48  7.39  6.70  5.71  5.11  4.39  3.33  2.34  1.98  1.38  0.86  0.60  0.36  0.15  0.08  0.06  0.05
 5  70  0.03  0.09  0.15  0.29  0.57  0.85  1.39  2.62  3.92  4.85  6.32  7.10  6.90  6.16  5.21  4.64  4.12  3.36  2.48  2.11  1.50  0.94  0.66  0.42  0.24  0.08  0.06  0.05
 5  75  0.03  0.09  0.15  0.29  0.58  0.85  1.39  2.64  3.99  4.96  6.34  6.86  6.49  5.70  4.99  4.60  4.26  3.47  2.53  2.16  1.53  0.96  0.66  0.42  0.23  0.09  0.06  0.05
 5  80  0.03  0.09  0.15  0.29  0.57  0.85  1.39  2.63  4.06  5.08  6.39  6.62  6.10  5.25  4.78  4.56  4.39  3.58  2.59  2.21  1.57  0.98  0.67  0.42  0.23  0.09  0.06  0.05
 5  85  0.03  0.09  0.14  0.29  0.57  0.84  1.38  2.62  4.06  5.11  6.42  6.64  6.10  5.24  4.78  4.56  4.41  3.61  2.61  2.22  1.58  0.98  0.67  0.42  0.23  0.09  0.07  0.06
 5  90  0.03  0.09  0.14  0.28  0.56  0.83  1.35  2.57  4.00  5.07  6.43  6.66  6.11  5.25  4.74  4.53  4.44  3.68  2.65  2.24  1.57  0.97  0.68  0.43  0.23  0.09  0.07  0.06
 6 -90  0.06  0.18  0.29  0.57  1.10  1.57  2.39  3.59  4.66  5.44  5.44  5.51  5.25  4.70  4.26  4.03  3.42  2.82  2.07  1.74  1.18  0.46  0.20  0.09  0.05  0.04  0.03  0.03
 6 -85  0.06  0.18  0.30  0.58  1.12  1.61  2.45  3.72  4.90  5.74  5.78  5.67  5.34  4.81  4.36  4.11  3.49  2.86  2.09  1.75  1.18  0.45  0.21  0.09  0.05  0.04  0.03  0.03
 6 -80  0.06  0.18  0.30  0.59  1.13  1.62  2.47  3.76  4.96  5.80  5.87  5.75  5.38  4.82  4.37  4.11  3.49  2.86  2.10  1.76  1.18  0.46  0.21  0.09  0.05  0.04  0.03  0.03
 6 -75  0.06  0.18  0.30  0.59  1.14  1.65  2.52  3.94  5.19  6.05  6.32  6.29  5.91  5.32  4.68  4.31  3.66  2.86  2.07  1.74  1.17  0.45  0.21  0.09  0.06  0.04  0.03  0.03
 6 -70  0.06  0.18  0.31  0.60  1.16  1.69  2.61  4.20  5.52  6.40  6.79  6.77  6.39  5.77  4.99  4.51  3.85  2.87  2.05  1.73  1.17  0.44  0.20  0.09  0.06  0.04  0.03  0.03
 6 -65  0.06  0.19  0.31  0.61  1.19  1.73  2.71  4.51  5.96  6.88  7.06  6.83  6.42  5.85  5.29  4.95  4.25  2.97  2.07  1.73  1.15  0.48  0.24  0.10  0.06  0.04  0.03  0.03
 6 -60  0.06  0.19  0.31  0.62  1.21  1.76  2.78  4.77  6.32  7.27  7.25  6.84  6.42  5.89  5.58  5.39  4.63  3.05  2.07  1.72  1.12  0.52  0.28  0.10  0.06  0.04  0.03  0.03
 6 -55  0.06  0.19  0.31  0.61  1.19  1.75  2.79  4.94  6.72  7.78  7.62  7.05  6.59  6.18  5.96  5.78  4.79  2.89  1.90  1.57  0.99  0.50  0.29  0.10  0.06  0.04  0.03  0.03
 6 -50  0.06  0.18  0.30  0.60  1.18  1.73  2.77  4.93  6.87  8.03  7.89  7.28  6.84  6.39  6.28  6.15  4.91  2.69  1.65  1.36  0.85  0.47  0.30  0.09  0.05  0.04  0.03  0.03
 6 -45  0.06  0.17  0.28  0.55  1.07  1.57  2.51  4.47  6.44  7.68  8.00  7.65  7.20  6.64  6.28  6.02  4.81  2.59  1.54  1.27  0.79  0.43  0.27  0.08  0.05  0.04  0.03  0.03
 6 -40  0.05  0.15  0.25  0.49  0.96  1.41  2.26  4.06  6.05  7.36  8.13  8.03  7.59  6.94  6.36  5.93  4.71  2.46  1.43  1.18  0.72  0.39  0.24  0.08  0.05  0.04  0.03  0.03
 6 -35  0.04  0.13  0.22  0.44  0.87  1.28  2.06  3.75  5.61  6.84  7.92  8.19  7.91  7.36  6.73  6.28  4.77  2.21  1.13  0.91  0.53  0.29  0.12  0.07  0.05  0.04  0.03  0.03
 6 -30  0.04  0.12  0.20  0.40  0.79  1.17  1.88  3.44  5.17  6.32  7.70  8.36  8.27  7.82  7.10  6.61  4.81  1.95  0.82  0.65  0.35  0.19  0.08  0.06  0.05  0.04  0.04  0.03
 6 -25  0.04  0.12  0.20  0.39  0.76  1.12  1.81  3.30  4.94  6.05  7.49  8.47  8.55  8.24  7.37  6.74  4.58  1.72  0.63  0.49  0.24  0.07  0.05  0.04  0.04  0.04  0.04  0.04
 6 -20  0.04  0.11  0.19  0.38  0.74  1.09  1.75  3.17  4.68  5.71  7.24  8.63  8.91  8.63  7.63  6.87  4.35  1.49  0.46  0.34  0.14  0.05  0.04  0.04  0.04  0.04  0.04  0.04
 6 -15  0.04  0.11  0.18  0.37  0.72  1.06  1.71  3.12  4.59  5.63  7.17  8.69  9.14  9.00  7.78  6.89  4.17  1.40  0.43  0.33  0.14  0.04  0.03  0.03  0.03  0.04  0.04  0.04
 6 -10  0.04  0.11  0.18  0.36  0.72  1.06  1.70  3.08  4.53  5.57  7.22  8.78  9.38  9.42  7.98  6.92  3.97  1.28  0.40  0.30  0.13  0.04  0.03  0.03  0.03  0.03  0.04  0.03
 6  -5  0.04  0.11  0.18  0.36  0.71  1.05  1.68  3.05  4.49  5.54  7.28  8.84  9.52  9.62  8.18  7.12  4.03  1.21  0.36  0.28  0.14  0.03  0.03  0.03  0.03  0.03  0.03  0.03
 6   0  0.04  0.11  0.18  0.35  0.69  1.02  1.65  3.05  4.49  5.53  7.33  8.97  9.65  9.83  8.38  7.35  4.12  1.16  0.33  0.27  0.14  0.03  0.03  0.03  0.03  0.03  0.03  0.03
 6   5  0.04  0.11  0.18  0.35  0.69  1.02  1.65  3.05  4.49  5.54  7.35  9.05  9.66  9.77  8.39  7.38  4.29  1.32  0.45  0.36  0.19  0.04  0.03  0.03  0.03  0.03  0.03  0.03
 6  10  0.03  0.10  0.17  0.34  0.67  1.00  1.63  3.08  4.54  5.59  7.40  9.13  9.70  9.73  8.38  7.40  4.42  1.47  0.56  0.45  0.23  0.04  0.03  0.03  0.03  0.04  0.04  0.03
 6  15  0.03  0.10  0.17  0.34  0.67  0.99  1.62  3.07  4.52  5.54  7.32  9.05  9.58  9.47  8.12  7.17  4.33  1.54  0.60  0.48  0.25  0.05  0.04  0.04  0.04  0.05  0.04  0.04
 6  20  0.03  0.10  0.17  0.34  0.68  1.00  1.63  3.04  4.46  5.50  7.29  9.01  9.45  9.26  7.86  6.92  4.25  1.60  0.63  0.51  0.27  0.06  0.05  0.05  0.05  0.05  0.05  0.04
 6  25  0.03  0.10  0.17  0.34  0.66  0.98  1.60  3.01  4.39  5.41  7.18  8.87  9.34  9.11  7.86  7.05  4.42  1.73  0.68  0.54  0.30  0.09  0.06  0.06  0.06  0.05  0.05  0.04
 6  30  0.03  0.10  0.16  0.33  0.65  0.96  1.57  2.97  4.32  5.31  7.06  8.75  9.21  8.96  7.87  7.17  4.57  1.86  0.73  0.58  0.32  0.13  0.07  0.06  0.06  0.05  0.05  0.04
 6  35  0.03  0.10  0.16  0.32  0.64  0.95  1.55  2.90  4.22  5.17  6.88  8.57  9.01  8.74  7.60  6.86  4.56  2.12  1.00  0.81  0.47  0.20  0.10  0.07  0.06  0.06  0.05  0.05
 6  40  0.03  0.10  0.16  0.32  0.63  0.94  1.52  2.81  4.10  5.03  6.77  8.39  8.79  8.52  7.33  6.54  4.54  2.38  1.27  1.04  0.63  0.36  0.16  0.10  0.08  0.06  0.05  0.05
 6  45  0.03  0.09  0.16  0.31  0.61  0.91  1.47  2.73  3.94  4.85  6.53  8.12  8.50  8.21  7.02  6.27  4.54  2.56  1.47  1.23  0.79  0.47  0.27  0.13  0.09  0.07  0.06  0.05
 6  50  0.03  0.09  0.15  0.29  0.58  0.87  1.41  2.68  3.85  4.72  6.36  7.91  8.27  7.94  6.76  6.02  4.54  2.74  1.68  1.41  0.95  0.58  0.36  0.15  0.10  0.07  0.06  0.05
 6  55  0.03  0.09  0.14  0.28  0.56  0.83  1.36  2.59  3.69  4.52  6.14  7.65  7.94  7.57  6.45  5.73  4.36  2.82  1.77  1.48  1.00  0.62  0.40  0.18  0.11  0.07  0.06  0.05
 6  60  0.03  0.09  0.14  0.28  0.56  0.83  1.36  2.58  3.76  4.60  6.14  7.46  7.64  7.14  6.16  5.54  4.24  2.96  1.91  1.58  1.04  0.64  0.45  0.26  0.12  0.07  0.06  0.05
 6  65  0.03  0.08  0.14  0.27  0.54  0.81  1.32  2.51  3.66  4.47  5.93  7.10  7.18  6.60  5.61  4.98  3.94  2.96  2.01  1.68  1.14  0.69  0.50  0.29  0.14  0.08  0.06  0.05
 6  70  0.03  0.08  0.13  0.26  0.52  0.78  1.27  2.43  3.56  4.36  5.75  6.78  6.74  6.08  5.07  4.42  3.64  2.95  2.12  1.78  1.23  0.73  0.55  0.33  0.15  0.08  0.06  0.05
 6  75  0.03  0.08  0.13  0.25  0.50  0.75  1.22  2.33  3.52  4.34  5.77  6.65  6.46  5.73  4.82  4.24  3.68  3.00  2.16  1.83  1.29  0.75  0.57  0.35  0.17  0.09  0.06  0.05
 6  80  0.02  0.07  0.12  0.24  0.48  0.72  1.18  2.24  3.47  4.32  5.80  6.53  6.20  5.38  4.58  4.07  3.72  3.04  2.21  1.88  1.34  0.78  0.59  0.37  0.20  0.09  0.06  0.05
 6  85  0.02  0.07  0.12  0.24  0.48  0.72  1.17  2.24  3.47  4.33  5.81  6.54  6.21  5.38  4.57  4.07  3.72  3.04  2.21  1.89  1.35  0.78  0.60  0.37  0.20  0.09  0.07  0.05
 6  90  0.02  0.07  0.12  0.24  0.48  0.71  1.16  2.22  3.41  4.26  5.74  6.47  6.19  5.39  4.55  4.04  3.67  3.02  2.18  1.85  1.32  0.77  0.60  0.38  0.21  0.09  0.07  0.05
 7 -90  0.05  0.16  0.26  0.51  0.97  1.38  2.07  2.93  4.11  4.94  5.30  5.61  5.56  5.10  4.54  4.12  3.67  2.79  2.06  1.70  1.11  0.46  0.18  0.08  0.05  0.03  0.03  0.03
 7 -85  0.05  0.16  0.27  0.52  1.00  1.43  2.15  3.10  4.36  5.23  5.63  5.82  5.68  5.17  4.65  4.25  3.79  2.87  2.10  1.73  1.12  0.45  0.18  0.08  0.05  0.03  0.03  0.03
 7 -80  0.06  0.16  0.27  0.53  1.01  1.45  2.18  3.16  4.44  5.30  5.68  5.88  5.74  5.20  4.67  4.27  3.81  2.89  2.11  1.73  1.12  0.45  0.19  0.08  0.05  0.03  0.03  0.03
 7 -75  0.05  0.16  0.26  0.51  0.97  1.39  2.10  3.10  4.43  5.31  5.89  6.39  6.32  5.77  4.96  4.39  3.72  2.90  2.13  1.75  1.14  0.45  0.19  0.08  0.05  0.03  0.03  0.03
 7 -70  0.05  0.15  0.25  0.48  0.92  1.33  2.02  3.08  4.50  5.43  6.23  6.92  6.85  6.28  5.23  4.50  3.66  2.94  2.16  1.79  1.18  0.46  0.20  0.09  0.05  0.04  0.03  0.03
 7 -65  0.05  0.16  0.26  0.51  0.98  1.42  2.20  3.56  5.10  6.11  6.78  7.07  6.76  6.13  5.46  5.04  4.25  3.09  2.16  1.80  1.21  0.49  0.23  0.09  0.05  0.04  0.03  0.03
 7 -60  0.05  0.16  0.26  0.52  1.01  1.48  2.33  3.99  5.62  6.70  7.19  7.09  6.60  5.94  5.66  5.53  4.79  3.20  2.14  1.80  1.24  0.53  0.28  0.10  0.06  0.04  0.03  0.03
 7 -55  0.05  0.15  0.26  0.51  1.00  1.47  2.35  4.21  6.01  7.15  7.61  7.31  6.77  6.22  6.06  5.97  4.95  3.06  2.01  1.68  1.09  0.50  0.29  0.10  0.06  0.04  0.03  0.03
 7 -50  0.05  0.15  0.26  0.51  0.99  1.47  2.36  4.30  6.19  7.38  7.89  7.55  7.01  6.44  6.44  6.42  5.09  2.87  1.78  1.47  0.93  0.47  0.29  0.09  0.05  0.04  0.03  0.03
 7 -45  0.05  0.15  0.24  0.48  0.95  1.40  2.24  4.04  5.93  7.15  7.95  7.87  7.38  6.75  6.46  6.27  5.04  2.83  1.71  1.40  0.85  0.43  0.27  0.08  0.05  0.04  0.03  0.03
 7 -40  0.05  0.14  0.23  0.45  0.89  1.32  2.11  3.84  5.73  6.98  8.07  8.23  7.81  7.13  6.58  6.17  4.98  2.78  1.62  1.31  0.77  0.39  0.24  0.09  0.05  0.04  0.04  0.03
 7 -35  0.04  0.13  0.21  0.42  0.84  1.23  1.99  3.63  5.43  6.63  7.89  8.33  8.06  7.47  6.73  6.22  4.90  2.52  1.32  1.05  0.57  0.29  0.19  0.09  0.06  0.04  0.04  0.03
 7 -30  0.04  0.12  0.20  0.40  0.78  1.15  1.86  3.42  5.12  6.27  7.71  8.44  8.33  7.84  6.89  6.25  4.80  2.26  1.03  0.80  0.40  0.20  0.09  0.07  0.05  0.04  0.04  0.04
 7 -25  0.04  0.12  0.20  0.39  0.77  1.13  1.81  3.29  4.95  6.09  7.60  8.55  8.53  8.13  7.17  6.49  4.62  1.95  0.79  0.60  0.28  0.08  0.06  0.05  0.04  0.04  0.04  0.04
 7 -20  0.04  0.12  0.19  0.38  0.75  1.11  1.77  3.17  4.75  5.84  7.43  8.69  8.81  8.40  7.41  6.71  4.44  1.64  0.55  0.42  0.18  0.05  0.04  0.04  0.04  0.04  0.04  0.04
 7 -15  0.04  0.11  0.19  0.37  0.73  1.07  1.72  3.13  4.67  5.75  7.38  8.80  9.09  8.79  7.65  6.89  4.17  1.46  0.50  0.38  0.17  0.05  0.04  0.03  0.04  0.04  0.04  0.04
 7 -10  0.04  0.11  0.19  0.37  0.72  1.07  1.71  3.09  4.60  5.70  7.44  8.93  9.41  9.28  7.99  7.09  3.88  1.25  0.44  0.34  0.16  0.04  0.03  0.03  0.03  0.04  0.04  0.04
 7  -5  0.04  0.11  0.18  0.37  0.72  1.06  1.70  3.06  4.56  5.66  7.48  8.99  9.59  9.55  8.04  7.01  3.93  1.21  0.43  0.34  0.17  0.04  0.03  0.03  0.03  0.03  0.04  0.03
 7   0  0.04  0.10  0.17  0.35  0.68  1.01  1.64  3.07  4.57  5.66  7.55  9.16  9.78  9.83  8.13  6.97  4.02  1.19  0.43  0.34  0.18  0.04  0.03  0.03  0.03  0.03  0.03  0.03
 7   5  0.04  0.11  0.18  0.35  0.69  1.03  1.66  3.07  4.58  5.66  7.56  9.21  9.77  9.81  8.29  7.22  4.26  1.39  0.55  0.43  0.21  0.04  0.03  0.03  0.03  0.03  0.03  0.03
 7  10  0.03  0.10  0.17  0.34  0.68  1.01  1.65  3.11  4.61  5.70  7.59  9.29  9.80  9.78  8.42  7.44  4.45  1.58  0.67  0.51  0.23  0.04  0.03  0.03  0.03  0.04  0.03  0.03
 7  15  0.03  0.10  0.17  0.35  0.68  1.01  1.65  3.11  4.61  5.67  7.51  9.17  9.62  9.48  8.20  7.29  4.44  1.64  0.69  0.52  0.23  0.05  0.04  0.04  0.04  0.04  0.04  0.03
 7  20  0.04  0.11  0.18  0.35  0.70  1.03  1.67  3.09  4.57  5.65  7.47  9.10  9.47  9.25  7.99  7.12  4.44  1.69  0.71  0.55  0.24  0.06  0.05  0.05  0.05  0.05  0.04  0.04
 7  25  0.03  0.10  0.17  0.35  0.68  1.01  1.65  3.09  4.54  5.58  7.36  8.94  9.33  9.09  7.82  6.99  4.43  1.82  0.76  0.58  0.26  0.09  0.06  0.06  0.06  0.06  0.05  0.04
 7  30  0.03  0.10  0.17  0.34  0.67  1.00  1.63  3.08  4.49  5.53  7.25  8.80  9.17  8.92  7.67  6.85  4.41  1.95  0.81  0.61  0.27  0.11  0.07  0.06  0.06  0.06  0.05  0.04
 7  35  0.03  0.10  0.17  0.34  0.66  0.98  1.60  3.01  4.38  5.37  7.06  8.59  8.95  8.68  7.48  6.69  4.42  2.09  0.98  0.76  0.38  0.14  0.08  0.07  0.06  0.06  0.05  0.04
 7  40  0.03  0.10  0.17  0.33  0.65  0.96  1.57  2.93  4.27  5.23  6.92  8.39  8.71  8.44  7.28  6.50  4.41  2.23  1.16  0.92  0.50  0.19  0.11  0.08  0.07  0.06  0.05  0.04
 7  45  0.03  0.10  0.16  0.32  0.63  0.93  1.52  2.82  4.08  5.01  6.66  8.10  8.41  8.12  6.96  6.22  4.41  2.39  1.31  1.06  0.63  0.32  0.17  0.10  0.08  0.06  0.05  0.04
 7  50  0.03  0.09  0.15  0.30  0.60  0.89  1.45  2.75  3.96  4.85  6.47  7.87  8.16  7.84  6.70  5.97  4.39  2.54  1.46  1.22  0.78  0.43  0.27  0.13  0.09  0.07  0.06  0.05
 7  55  0.03  0.09  0.15  0.29  0.57  0.85  1.39  2.66  3.78  4.63  6.23  7.61  7.84  7.47  6.31  5.56  4.19  2.59  1.55  1.30  0.86  0.49  0.32  0.16  0.10  0.07  0.06  0.05
 7  60  0.03  0.09  0.14  0.29  0.57  0.84  1.38  2.63  3.84  4.70  6.22  7.43  7.55  7.05  5.95  5.25  4.06  2.70  1.70  1.41  0.95  0.55  0.38  0.19  0.11  0.07  0.06  0.05
 7  65  0.03  0.08  0.14  0.27  0.54  0.81  1.33  2.54  3.71  4.54  5.96  7.02  7.04  6.47  5.37  4.66  3.71  2.71  1.79  1.50  1.03  0.58  0.42  0.25  0.12  0.07  0.06  0.05
 7  70  0.03  0.08  0.13  0.26  0.52  0.78  1.27  2.44  3.58  4.36  5.71  6.62  6.54  5.90  4.80  4.07  3.36  2.73  1.89  1.59  1.11  0.62  0.46  0.28  0.13  0.08  0.06  0.05
 7  75  0.03  0.08  0.13  0.25  0.50  0.74  1.22  2.33  3.51  4.32  5.67  6.42  6.20  5.50  4.53  3.90  3.35  2.78  1.96  1.64  1.14  0.62  0.48  0.29  0.15  0.08  0.06  0.05
 7  80  0.02  0.07  0.12  0.24  0.48  0.71  1.16  2.22  3.45  4.28  5.66  6.23  5.87  5.10  4.27  3.73  3.33  2.82  2.02  1.70  1.18  0.63  0.50  0.31  0.16  0.08  0.06  0.05
 7  85  0.02  0.07  0.12  0.24  0.47  0.70  1.15  2.21  3.45  4.30  5.67  6.23  5.86  5.10  4.28  3.75  3.33  2.83  2.02  1.70  1.18  0.63  0.51  0.31  0.17  0.09  0.06  0.05
 7  90  0.02  0.07  0.12  0.24  0.47  0.70  1.15  2.21  3.39  4.25  5.62  6.15  5.80  5.07  4.26  3.73  3.28  2.78  2.00  1.67  1.16  0.63  0.51  0.31  0.18  0.09  0.06  0.05
 8 -90  0.04  0.13  0.21  0.41  0.78  1.12  1.69  2.49  3.51  4.21  5.18  6.44  6.47  5.84  4.76  3.77  3.06  2.62  1.91  1.58  1.06  0.45  0.15  0.07  0.05  0.03  0.03  0.03
 8 -85  0.04  0.13  0.22  0.43  0.82  1.18  1.79  2.69  3.86  4.64  5.60  6.64  6.64  5.92  4.83  3.93  3.25  2.74  1.98  1.63  1.08  0.44  0.16  0.07  0.05  0.04  0.03  0.03
 8 -80  0.05  0.13  0.22  0.44  0.84  1.21  1.83  2.78  4.01  4.80  5.73  6.69  6.69  5.97  4.89  3.99  3.31  2.79  2.01  1.66  1.09  0.44  0.16  0.07  0.05  0.04  0.03  0.03
 8 -75  0.05  0.14  0.23  0.45  0.87  1.26  1.95  3.11  4.39  5.21  6.03  6.71  6.67  6.10  5.12  4.34  3.56  2.94  2.11  1.74  1.16  0.47  0.16  0.07  0.05  0.04  0.03  0.03
 8 -70  0.05  0.14  0.23  0.46  0.88  1.29  2.02  3.38  4.74  5.61  6.36  6.78  6.67  6.20  5.25  4.61  3.81  3.10  2.22  1.85  1.25  0.50  0.16  0.07  0.05  0.04  0.03  0.03
 8 -65  0.05  0.13  0.22  0.44  0.86  1.26  2.01  3.52  5.00  5.98  6.83  7.15  6.92  6.31  5.56  5.15  4.37  3.34  2.26  1.88  1.24  0.52  0.17  0.08  0.05  0.04  0.03  0.03
 8 -60  0.04  0.13  0.22  0.43  0.85  1.25  2.01  3.65  5.21  6.26  7.18  7.38  7.03  6.35  5.87  5.66  4.81  3.46  2.23  1.86  1.22  0.54  0.28  0.09  0.05  0.04  0.03  0.03
 8 -55  0.04  0.13  0.22  0.43  0.85  1.26  2.05  3.83  5.58  6.68  7.62  7.73  7.33  6.74  6.25  5.96  5.01  3.40  2.15  1.80  1.16  0.53  0.30  0.09  0.06  0.04  0.03  0.03
 8 -50  0.04  0.13  0.22  0.43  0.86  1.28  2.08  3.93  5.78  6.96  7.98  8.12  7.71  7.08  6.62  6.31  5.24  3.33  1.98  1.65  1.08  0.52  0.31  0.10  0.06  0.04  0.04  0.03
 8 -45  0.04  0.13  0.22  0.43  0.86  1.27  2.05  3.80  5.64  6.86  8.01  8.33  7.96  7.28  6.61  6.18  5.16  3.20  1.84  1.53  0.98  0.48  0.30  0.10  0.06  0.04  0.04  0.03
 8 -40  0.04  0.13  0.22  0.43  0.84  1.24  2.01  3.72  5.56  6.79  8.09  8.56  8.27  7.57  6.68  6.08  5.08  3.07  1.72  1.41  0.88  0.44  0.28  0.10  0.06  0.04  0.04  0.04
 8 -35  0.04  0.12  0.20  0.41  0.80  1.19  1.92  3.55  5.33  6.55  7.99  8.63  8.42  7.77  6.78  6.15  4.95  2.75  1.39  1.12  0.66  0.33  0.23  0.10  0.06  0.05  0.04  0.04
 8 -30  0.04  0.12  0.19  0.39  0.76  1.13  1.83  3.39  5.09  6.27  7.87  8.71  8.58  7.98  6.90  6.20  4.81  2.44  1.08  0.85  0.46  0.22  0.10  0.07  0.06  0.05  0.04  0.04
 8 -25  0.04  0.12  0.19  0.38  0.75  1.11  1.78  3.24  4.90  6.06  7.75  8.87  8.83  8.30  7.16  6.41  4.64  2.09  0.79  0.61  0.31  0.08  0.06  0.05  0.05  0.05  0.05  0.04
 8 -20  0.04  0.11  0.19  0.38  0.74  1.08  1.74  3.11  4.69  5.80  7.57  9.04  9.16  8.60  7.41  6.60  4.49  1.75  0.52  0.39  0.17  0.06  0.04  0.04  0.04  0.04  0.05  0.04
 8 -15  0.04  0.11  0.18  0.36  0.71  1.04  1.67  3.05  4.57  5.65  7.44  9.12  9.45  9.03  7.67  6.82  4.21  1.52  0.50  0.37  0.16  0.05  0.04  0.04  0.04  0.04  0.04  0.04
 8 -10  0.04  0.11  0.18  0.35  0.69  1.02  1.65  3.01  4.48  5.54  7.44  9.22  9.79  9.57  8.06  7.08  3.88  1.27  0.46  0.34  0.14  0.04  0.03  0.03  0.03  0.04  0.04  0.04
 8  -5  0.04  0.11  0.18  0.35  0.69  1.01  1.63  2.96  4.41  5.48  7.44  9.22  9.94  9.86  8.22  7.15  3.85  1.23  0.46  0.35  0.14  0.04  0.03  0.03  0.03  0.04  0.04  0.04
 8   0  0.03  0.10  0.17  0.33  0.65  0.97  1.58  2.98  4.42  5.48  7.49  9.39 10.15 10.18  8.43  7.26  3.87  1.19  0.46  0.35  0.15  0.04  0.03  0.03  0.03  0.04  0.04  0.03
 8   5  0.03  0.10  0.17  0.34  0.67  0.99  1.61  2.99  4.45  5.50  7.51  9.40 10.09 10.12  8.49  7.37  4.16  1.36  0.56  0.42  0.17  0.04  0.03  0.03  0.03  0.03  0.03  0.03
 8  10  0.03  0.10  0.17  0.34  0.66  0.99  1.61  3.04  4.51  5.57  7.55  9.44 10.06 10.04  8.53  7.45  4.40  1.52  0.66  0.49  0.19  0.04  0.03  0.03  0.03  0.04  0.03  0.03
 8  15  0.03  0.10  0.17  0.34  0.68  1.00  1.63  3.06  4.58  5.64  7.55  9.30  9.79  9.65  8.27  7.30  4.39  1.60  0.69  0.50  0.20  0.04  0.04  0.04  0.04  0.04  0.04  0.03
 8  20  0.04  0.11  0.18  0.35  0.70  1.03  1.66  3.08  4.60  5.71  7.59  9.23  9.56  9.34  8.03  7.12  4.38  1.66  0.72  0.54  0.20  0.05  0.04  0.05  0.05  0.05  0.04  0.04
 8  25  0.04  0.11  0.18  0.35  0.69  1.02  1.66  3.13  4.65  5.74  7.55  9.06  9.38  9.12  7.84  6.97  4.36  1.77  0.75  0.56  0.22  0.07  0.05  0.05  0.05  0.05  0.05  0.04
 8  30  0.04  0.10  0.17  0.35  0.69  1.02  1.67  3.15  4.67  5.78  7.53  8.93  9.18  8.89  7.65  6.82  4.35  1.88  0.79  0.59  0.23  0.09  0.06  0.06  0.06  0.06  0.05  0.04
 8  35  0.03  0.10  0.17  0.35  0.69  1.02  1.66  3.12  4.60  5.67  7.36  8.71  8.94  8.62  7.45  6.66  4.35  1.97  0.92  0.70  0.32  0.11  0.07  0.06  0.06  0.06  0.05  0.04
 8  40  0.03  0.10  0.17  0.34  0.68  1.00  1.63  3.07  4.52  5.56  7.24  8.49  8.67  8.36  7.24  6.47  4.32  2.07  1.04  0.81  0.41  0.15  0.09  0.07  0.06  0.06  0.05  0.04
 8  45  0.03  0.10  0.17  0.34  0.66  0.98  1.60  2.98  4.37  5.40  7.06  8.25  8.38  8.02  6.90  6.17  4.22  2.23  1.20  0.96  0.54  0.24  0.13  0.09  0.07  0.06  0.05  0.04
 8  50  0.03  0.10  0.16  0.33  0.64  0.96  1.56  2.93  4.29  5.29  6.93  8.04  8.12  7.70  6.60  5.88  4.12  2.38  1.37  1.12  0.69  0.33  0.20  0.11  0.08  0.06  0.05  0.05
 8  55  0.03  0.09  0.16  0.31  0.62  0.92  1.50  2.86  4.15  5.14  6.78  7.84  7.83  7.32  6.22  5.49  3.91  2.48  1.50  1.23  0.77  0.38  0.23  0.14  0.09  0.06  0.05  0.05
 8  60  0.03  0.09  0.15  0.31  0.61  0.91  1.49  2.85  4.25  5.26  6.84  7.69  7.55  6.88  5.88  5.24  3.78  2.64  1.69  1.37  0.86  0.42  0.27  0.16  0.10  0.07  0.05  0.05
 8  65  0.03  0.09  0.15  0.30  0.60  0.89  1.45  2.79  4.15  5.13  6.57  7.21  6.95  6.23  5.29  4.69  3.56  2.67  1.78  1.46  0.94  0.48  0.32  0.20  0.10  0.07  0.05  0.05
 8  70  0.03  0.09  0.15  0.29  0.58  0.86  1.42  2.71  4.04  4.97  6.26  6.69  6.32  5.56  4.69  4.15  3.34  2.70  1.88  1.55  1.02  0.53  0.37  0.22  0.11  0.07  0.06  0.05
 8  75  0.03  0.09  0.15  0.29  0.57  0.85  1.40  2.69  3.99  4.89  5.94  6.09  5.63  4.88  4.24  3.84  3.34  2.73  1.93  1.59  1.07  0.55  0.38  0.23  0.13  0.07  0.06  0.05
 8  80  0.03  0.09  0.14  0.29  0.57  0.84  1.39  2.66  3.96  4.83  5.66  5.52  4.95  4.22  3.79  3.53  3.33  2.75  1.97  1.63  1.10  0.58  0.39  0.24  0.14  0.08  0.06  0.05
 8  85  0.03  0.09  0.14  0.29  0.57  0.84  1.39  2.67  3.99  4.85  5.64  5.48  4.93  4.22  3.82  3.58  3.36  2.76  1.97  1.64  1.10  0.58  0.39  0.24  0.15  0.08  0.06  0.05
 8  90  0.03  0.09  0.14  0.28  0.56  0.84  1.38  2.66  3.97  4.83  5.57  5.37  4.82  4.13  3.76  3.53  3.32  2.73  1.95  1.62  1.10  0.58  0.40  0.23  0.15  0.08  0.06  0.05
 9 -90  0.04  0.12  0.20  0.40  0.77  1.13  1.77  2.98  4.34  5.29  5.85  6.17  5.95  5.50  4.85  4.16  2.60  1.91  1.46  1.24  0.86  0.43  0.10  0.06  0.04  0.04  0.03  0.03
 9 -85  0.04  0.12  0.21  0.40  0.79  1.15  1.81  3.06  4.50  5.48  6.09  6.37  6.14  5.65  4.91  4.30  2.88  2.15  1.55  1.29  0.88  0.43  0.10  0.06  0.04  0.04  0.03  0.03
 9 -80  0.04  0.12  0.21  0.41  0.79  1.15  1.81  3.08  4.57  5.59  6.25  6.50  6.22  5.70  4.94  4.36  2.98  2.24  1.61  1.34  0.91  0.44  0.12  0.06  0.05  0.04  0.03  0.03
 9 -75  0.04  0.12  0.20  0.39  0.77  1.12  1.78  3.11  4.61  5.66  6.65  6.95  6.64  6.04  5.19  4.64  3.30  2.49  1.79  1.50  1.01  0.48  0.14  0.07  0.05  0.04  0.03  0.03
 9 -70  0.04  0.12  0.19  0.38  0.74  1.09  1.75  3.14  4.57  5.60  6.88  7.28  7.00  6.37  5.37  4.78  3.52  2.70  1.97  1.66  1.12  0.53  0.16  0.07  0.05  0.04  0.03  0.03
 9 -65  0.04  0.11  0.19  0.37  0.74  1.09  1.76  3.25  4.73  5.78  7.12  7.60  7.40  6.82  5.92  5.39  4.13  3.08  2.17  1.82  1.22  0.57  0.26  0.08  0.05  0.04  0.03  0.03
 9 -60  0.04  0.11  0.19  0.38  0.75  1.11  1.80  3.37  4.93  6.02  7.40  7.92  7.73  7.16  6.47  6.03  4.68  3.33  2.26  1.90  1.28  0.61  0.30  0.09  0.06  0.04  0.03  0.03
 9 -55  0.04  0.12  0.20  0.39  0.77  1.14  1.86  3.54  5.24  6.37  7.71  8.20  7.99  7.49  6.76  6.26  4.95  3.40  2.24  1.87  1.18  0.60  0.30  0.09  0.06  0.04  0.04  0.03
 9 -50  0.04  0.12  0.20  0.39  0.78  1.16  1.89  3.63  5.39  6.58  7.97  8.53  8.33  7.77  7.02  6.50  5.28  3.50  2.15  1.76  1.07  0.57  0.30  0.10  0.06  0.04  0.04  0.03
 9 -45  0.04  0.12  0.20  0.39  0.78  1.15  1.87  3.52  5.29  6.53  8.01  8.69  8.48  7.82  6.90  6.31  5.15  3.33  1.98  1.60  0.94  0.52  0.30  0.09  0.06  0.04  0.04  0.04
 9 -40  0.04  0.12  0.20  0.39  0.77  1.14  1.85  3.46  5.24  6.48  8.08  8.86  8.69  7.98  6.88  6.17  5.03  3.16  1.82  1.46  0.83  0.46  0.28  0.09  0.06  0.05  0.04  0.04
 9 -35  0.04  0.11  0.19  0.38  0.74  1.10  1.79  3.35  5.08  6.30  8.02  8.97  8.85  8.17  6.96  6.19  4.90  2.80  1.48  1.15  0.60  0.33  0.23  0.09  0.06  0.05  0.04  0.04
 9 -30  0.04  0.11  0.18  0.36  0.72  1.06  1.73  3.24  4.90  6.08  7.92  9.06  9.03  8.39  7.05  6.20  4.76  2.43  1.15  0.87  0.40  0.21  0.10  0.08  0.06  0.05  0.05  0.04
 9 -25  0.04  0.11  0.18  0.36  0.71  1.05  1.70  3.13  4.73  5.86  7.73  9.18  9.27  8.71  7.30  6.39  4.67  2.16  0.92  0.69  0.30  0.08  0.06  0.05  0.05  0.05  0.05  0.05
 9 -20  0.04  0.11  0.18  0.35  0.70  1.03  1.66  3.04  4.54  5.62  7.51  9.30  9.57  9.00  7.53  6.56  4.59  1.89  0.70  0.52  0.21  0.06  0.04  0.04  0.04  0.05  0.05  0.05
 9 -15  0.03  0.10  0.17  0.34  0.67  0.99  1.61  2.98  4.41  5.44  7.31  9.27  9.76  9.35  7.77  6.79  4.29  1.60  0.60  0.44  0.18  0.05  0.04  0.04  0.04  0.04  0.05  0.05
 9 -10  0.03  0.10  0.17  0.33  0.66  0.97  1.58  2.95  4.32  5.32  7.24  9.27 10.01  9.86  8.12  7.03  3.94  1.29  0.49  0.36  0.15  0.04  0.04  0.04  0.04  0.04  0.04  0.04
 9  -5  0.03  0.10  0.17  0.33  0.65  0.96  1.56  2.91  4.25  5.25  7.21  9.23 10.12 10.14  8.23  7.02  3.85  1.24  0.48  0.36  0.15  0.04  0.03  0.03  0.04  0.04  0.04  0.04
 9   0  0.03  0.09  0.16  0.31  0.62  0.93  1.52  2.92  4.26  5.24  7.24  9.35 10.29 10.45  8.41  7.05  3.80  1.20  0.48  0.36  0.14  0.04  0.03  0.03  0.03  0.04  0.04  0.03
 9   5  0.03  0.10  0.16  0.33  0.65  0.96  1.56  2.93  4.31  5.29  7.26  9.33 10.19 10.35  8.52  7.26  4.09  1.33  0.54  0.41  0.16  0.04  0.03  0.03  0.03  0.03  0.03  0.03
 9  10  0.03  0.10  0.16  0.33  0.65  0.96  1.57  2.98  4.38  5.38  7.33  9.36 10.12 10.20  8.59  7.45  4.34  1.48  0.61  0.45  0.17  0.04  0.03  0.03  0.03  0.04  0.03  0.03
 9  15  0.03  0.10  0.17  0.33  0.66  0.98  1.60  3.00  4.48  5.50  7.41  9.25  9.82  9.75  8.32  7.30  4.32  1.51  0.62  0.46  0.17  0.04  0.03  0.03  0.04  0.04  0.04  0.03
 9  20  0.03  0.10  0.17  0.35  0.68  1.01  1.63  3.02  4.53  5.62  7.51  9.21  9.59  9.40  8.07  7.13  4.31  1.52  0.64  0.47  0.17  0.05  0.04  0.04  0.04  0.05  0.04  0.04
 9  25  0.03  0.10  0.17  0.34  0.67  1.00  1.63  3.09  4.62  5.72  7.54  9.04  9.35  9.09  7.94  7.13  4.35  1.60  0.66  0.48  0.18  0.07  0.05  0.05  0.05  0.05  0.05  0.04
 9  30  0.03  0.10  0.17  0.34  0.68  1.01  1.65  3.12  4.69  5.82  7.60  8.91  9.10  8.79  7.80  7.12  4.40  1.67  0.69  0.51  0.19  0.08  0.06  0.05  0.05  0.05  0.05  0.04
 9  35  0.04  0.11  0.18  0.35  0.69  1.02  1.67  3.15  4.73  5.85  7.54  8.69  8.81  8.45  7.43  6.74  4.32  1.85  0.88  0.66  0.29  0.10  0.07  0.06  0.05  0.05  0.05  0.04
 9  40  0.04  0.11  0.18  0.35  0.69  1.03  1.68  3.16  4.75  5.88  7.53  8.49  8.49  8.11  7.06  6.33  4.21  2.03  1.05  0.80  0.38  0.13  0.09  0.07  0.06  0.05  0.05  0.04
 9  45  0.04  0.11  0.18  0.36  0.70  1.04  1.69  3.15  4.75  5.90  7.50  8.26  8.15  7.68  6.67  6.01  4.14  2.20  1.20  0.95  0.50  0.21  0.12  0.08  0.07  0.05  0.05  0.04
 9  50  0.04  0.11  0.18  0.36  0.70  1.04  1.70  3.18  4.80  5.96  7.49  8.04  7.82  7.27  6.34  5.71  4.08  2.35  1.38  1.11  0.65  0.28  0.17  0.10  0.08  0.06  0.05  0.04
 9  55  0.04  0.11  0.18  0.35  0.69  1.03  1.68  3.20  4.81  5.97  7.44  7.82  7.46  6.82  5.90  5.30  3.92  2.45  1.51  1.23  0.75  0.34  0.21  0.13  0.09  0.06  0.05  0.04
 9  60  0.04  0.11  0.18  0.35  0.70  1.05  1.72  3.29  5.05  6.25  7.58  7.66  7.13  6.33  5.51  5.00  3.84  2.60  1.70  1.38  0.86  0.40  0.25  0.16  0.10  0.06  0.05  0.04
 9  65  0.04  0.11  0.18  0.36  0.72  1.07  1.75  3.36  5.10  6.26  7.32  7.14  6.53  5.72  4.96  4.47  3.62  2.60  1.80  1.48  0.95  0.46  0.29  0.18  0.10  0.06  0.05  0.04
 9  70  0.04  0.11  0.19  0.37  0.73  1.09  1.79  3.43  5.13  6.23  7.01  6.62  5.94  5.14  4.40  3.93  3.39  2.59  1.90  1.58  1.04  0.52  0.33  0.20  0.10  0.06  0.05  0.04
 9  75  0.04  0.11  0.19  0.38  0.75  1.11  1.82  3.48  4.93  5.82  6.24  5.83  5.29  4.64  4.19  3.91  3.36  2.60  1.91  1.59  1.06  0.53  0.34  0.21  0.11  0.06  0.05  0.04
 9  80  0.04  0.12  0.19  0.38  0.76  1.12  1.84  3.52  4.69  5.38  5.45  5.05  4.65  4.15  3.97  3.88  3.30  2.60  1.92  1.59  1.07  0.53  0.34  0.21  0.11  0.06  0.05  0.04
 9  85  0.04  0.12  0.19  0.38  0.76  1.13  1.86  3.56  4.66  5.30  5.37  5.04  4.66  4.17  4.00  3.90  3.30  2.60  1.92  1.59  1.07  0.53  0.35  0.21  0.12  0.06  0.05  0.04
 9  90  0.04  0.12  0.19  0.38  0.76  1.13  1.85  3.54  4.56  5.17  5.21  4.92  4.58  4.10  3.94  3.85  3.24  2.55  1.89  1.58  1.06  0.53  0.35  0.21  0.12  0.06  0.05  0.04
10 -90  0.03  0.10  0.16  0.32  0.63  0.93  1.51  2.78  4.03  4.93  6.50  7.45  7.34  6.58  5.65  5.13  3.64  1.66  1.27  1.17  0.88  0.48  0.11  0.06  0.05  0.04  0.03  0.03
10 -85  0.03  0.10  0.16  0.32  0.64  0.94  1.52  2.81  4.04  4.91  6.39  7.24  7.15  6.47  5.57  5.09  3.81  1.86  1.27  1.10  0.79  0.47  0.12  0.06  0.05  0.04  0.03  0.03
10 -80  0.03  0.10  0.16  0.32  0.63  0.93  1.51  2.78  3.99  4.85  6.32  7.19  7.14  6.50  5.55  5.04  3.80  1.92  1.32  1.15  0.83  0.48  0.13  0.06  0.05  0.04  0.03  0.03
10 -75  0.03  0.10  0.16  0.32  0.63  0.93  1.51  2.80  4.03  4.90  6.38  7.36  7.40  6.87  6.05  5.59  4.19  2.33  1.58  1.36  0.94  0.53  0.26  0.06  0.05  0.04  0.03  0.03
10 -70  0.03  0.10  0.16  0.32  0.63  0.93  1.52  2.83  4.10  4.99  6.47  7.51  7.60  7.16  6.52  6.08  4.49  2.66  1.80  1.54  1.05  0.59  0.29  0.07  0.05  0.04  0.03  0.03
10 -65  0.03  0.10  0.17  0.33  0.65  0.96  1.57  2.95  4.33  5.30  6.78  7.79  7.84  7.41  6.96  6.60  4.91  3.05  2.04  1.73  1.16  0.62  0.31  0.08  0.05  0.04  0.03  0.03
10 -60  0.03  0.10  0.17  0.34  0.67  0.99  1.62  3.06  4.56  5.61  7.13  8.11  8.13  7.68  7.37  7.14  5.33  3.37  2.18  1.83  1.19  0.64  0.32  0.09  0.05  0.04  0.03  0.03
10 -55  0.03  0.10  0.17  0.35  0.69  1.02  1.66  3.16  4.79  5.88  7.42  8.36  8.32  7.91  7.32  6.90  5.31  3.42  2.21  1.83  1.14  0.59  0.31  0.18  0.06  0.04  0.04  0.03
10 -50  0.03  0.10  0.17  0.35  0.69  1.02  1.67  3.20  4.86  6.00  7.65  8.64  8.60  8.09  7.23  6.67  5.32  3.50  2.21  1.80  1.09  0.54  0.29  0.17  0.06  0.04  0.04  0.03
10 -45  0.03  0.10  0.17  0.34  0.67  1.00  1.64  3.13  4.78  5.95  7.71  8.83  8.81  8.16  7.27  6.72  5.39  3.48  2.11  1.70  0.99  0.49  0.28  0.09  0.06  0.05  0.04  0.04
10 -40  0.03  0.10  0.17  0.34  0.67  1.00  1.63  3.10  4.73  5.89  7.76  9.02  9.04  8.33  7.40  6.83  5.47  3.47  2.02  1.61  0.91  0.45  0.26  0.09  0.06  0.05  0.04  0.04
10 -35  0.03  0.10  0.17  0.34  0.66  0.99  1.61  3.06  4.65  5.78  7.71  9.13  9.23  8.56  7.45  6.77  5.18  2.91  1.53  1.20  0.64  0.32  0.15  0.09  0.06  0.05  0.05  0.04
10 -30  0.03  0.10  0.17  0.33  0.65  0.97  1.59  3.03  4.55  5.64  7.62  9.21  9.41  8.81  7.52  6.70  4.88  2.35  1.05  0.80  0.37  0.17  0.10  0.07  0.06  0.05  0.05  0.04
10 -25  0.03  0.10  0.17  0.33  0.66  0.98  1.59  2.98  4.46  5.51  7.45  9.28  9.61  9.13  7.68  6.75  4.61  1.99  0.83  0.62  0.27  0.09  0.07  0.06  0.05  0.05  0.05  0.05
10 -20  0.03  0.10  0.17  0.33  0.66  0.97  1.58  2.95  4.36  5.36  7.25  9.32  9.82  9.41  7.82  6.77  4.34  1.61  0.62  0.46  0.18  0.06  0.05  0.04  0.05  0.05  0.05  0.05
10 -15  0.03  0.10  0.16  0.32  0.63  0.94  1.54  2.91  4.27  5.25  7.10  9.24  9.88  9.63  8.00  6.99  4.14  1.45  0.54  0.39  0.15  0.05  0.04  0.04  0.04  0.05  0.05  0.05
10 -10  0.03  0.09  0.16  0.31  0.62  0.92  1.51  2.91  4.23  5.19  7.07  9.19 10.03  9.99  8.27  7.20  3.91  1.29  0.46  0.34  0.12  0.04  0.04  0.03  0.04  0.04  0.04  0.04
10  -5  0.03  0.09  0.16  0.31  0.62  0.92  1.51  2.87  4.18  5.14  7.04  9.10 10.05 10.18  8.36  7.20  3.81  1.25  0.43  0.32  0.12  0.04  0.03  0.03  0.03  0.04  0.04  0.03
10   0  0.03  0.09  0.15  0.31  0.61  0.91  1.49  2.88  4.20  5.13  7.07  9.15 10.13 10.41  8.51  7.24  3.76  1.20  0.41  0.31  0.12  0.04  0.03  0.03  0.03  0.04  0.03  0.03
10   5  0.03  0.10  0.16  0.32  0.63  0.94  1.53  2.90  4.24  5.18  7.06  9.07 10.00 10.27  8.50  7.30  4.00  1.31  0.48  0.36  0.13  0.04  0.03  0.03  0.03  0.03  0.03  0.03
10  10  0.03  0.10  0.16  0.32  0.64  0.95  1.55  2.95  4.30  5.26  7.10  9.05  9.87 10.08  8.46  7.33  4.21  1.42  0.57  0.42  0.14  0.04  0.03  0.03  0.03  0.04  0.03  0.03
10  15  0.03  0.10  0.17  0.33  0.65  0.96  1.57  2.97  4.39  5.37  7.16  8.94  9.57  9.60  8.16  7.13  4.18  1.46  0.58  0.43  0.14  0.04  0.03  0.03  0.04  0.04  0.04  0.04
10  20  0.03  0.10  0.17  0.34  0.67  0.99  1.61  2.99  4.43  5.47  7.24  8.91  9.34  9.23  7.88  6.91  4.15  1.48  0.61  0.44  0.15  0.05  0.04  0.04  0.04  0.05  0.05  0.04
10  25  0.03  0.10  0.17  0.34  0.67  0.99  1.62  3.09  4.59  5.67  7.37  8.76  9.06  8.85  7.72  6.90  4.22  1.54  0.63  0.46  0.17  0.06  0.05  0.04  0.05  0.05  0.05  0.04
10  30  0.04  0.10  0.17  0.35  0.69  1.02  1.66  3.13  4.74  5.88  7.54  8.65  8.77  8.47  7.54  6.89  4.28  1.59  0.66  0.48  0.19  0.08  0.06  0.05  0.05  0.05  0.05  0.04
10  35  0.04  0.11  0.18  0.36  0.71  1.06  1.72  3.24  4.93  6.11  7.64  8.42  8.37  7.94  7.07  6.47  4.23  1.80  0.87  0.66  0.30  0.10  0.07  0.06  0.05  0.05  0.05  0.04
10  40  0.04  0.11  0.19  0.37  0.74  1.09  1.78  3.33  5.11  6.35  7.75  8.19  7.94  7.45  6.63  6.05  4.18  2.00  1.07  0.83  0.41  0.19  0.09  0.07  0.06  0.05  0.05  0.04
10  45  0.04  0.12  0.20  0.39  0.78  1.15  1.86  3.46  5.30  6.58  7.78  7.93  7.56  7.03  6.31  5.84  4.23  2.24  1.25  0.99  0.54  0.23  0.14  0.09  0.07  0.05  0.05  0.04
10  50  0.04  0.12  0.21  0.41  0.81  1.20  1.94  3.63  5.52  6.80  7.81  7.68  7.20  6.65  6.05  5.64  4.25  2.46  1.45  1.18  0.69  0.28  0.16  0.11  0.08  0.06  0.05  0.04
10  55  0.04  0.13  0.21  0.42  0.83  1.23  2.00  3.78  5.60  6.84  7.65  7.41  6.88  6.32  5.74  5.35  4.19  2.52  1.56  1.27  0.78  0.34  0.20  0.14  0.09  0.06  0.05  0.04
10  60  0.04  0.13  0.22  0.44  0.86  1.28  2.10  3.99  5.88  7.11  7.69  7.22  6.61  5.95  5.47  5.15  4.18  2.64  1.72  1.40  0.87  0.40  0.24  0.16  0.09  0.06  0.05  0.04
10  65  0.05  0.14  0.23  0.45  0.89  1.32  2.15  4.07  5.78  6.88  7.27  6.75  6.17  5.53  5.09  4.79  3.95  2.67  1.86  1.54  1.00  0.46  0.27  0.18  0.09  0.06  0.05  0.04
10  70  0.05  0.14  0.23  0.46  0.91  1.35  2.19  4.14  5.66  6.64  6.86  6.31  5.74  5.12  4.70  4.42  3.72  2.69  1.99  1.66  1.12  0.51  0.30  0.19  0.10  0.06  0.05  0.04
10  75  0.05  0.14  0.23  0.46  0.90  1.34  2.18  4.10  5.25  5.99  6.18  5.80  5.34  4.77  4.37  4.11  3.58  2.71  2.04  1.72  1.17  0.54  0.31  0.20  0.10  0.06  0.05  0.04
10  80  0.05  0.14  0.23  0.45  0.89  1.33  2.16  4.05  4.85  5.36  5.52  5.31  4.96  4.44  4.04  3.80  3.44  2.73  2.09  1.77  1.22  0.56  0.32  0.21  0.11  0.06  0.05  0.04
10  85  0.05  0.14  0.23  0.45  0.89  1.32  2.15  4.04  4.85  5.39  5.59  5.39  5.03  4.48  4.05  3.80  3.44  2.74  2.10  1.77  1.22  0.56  0.32  0.21  0.13  0.06  0.05  0.04
10  90  0.05  0.14  0.23  0.45  0.89  1.32  2.15  4.04  4.86  5.41  5.67  5.46  5.10  4.52  4.03  3.77  3.42  2.72  2.09  1.76  1.21  0.56  0.33  0.21  0.12  0.06  0.05  0.04
11 -90  0.03  0.08  0.14  0.27  0.54  0.80  1.30  2.45  3.59  4.40  5.82  6.82  7.16  7.12  6.94  6.60  5.20  2.98  2.12  1.88  1.31  0.63  0.31  0.17  0.05  0.04  0.03  0.02
11 -85  0.03  0.08  0.14  0.27  0.54  0.81  1.32  2.48  3.63  4.44  5.88  6.90  7.13  6.95  6.66  6.38  5.20  3.07  2.06  1.77  1.18  0.59  0.31  0.07  0.05  0.04  0.03  0.02
11 -80  0.03  0.08  0.14  0.28  0.55  0.81  1.32  2.50  3.64  4.44  5.87  6.88  7.07  6.87  6.59  6.30  5.12  3.04  2.06  1.77  1.19  0.60  0.31  0.18  0.05  0.04  0.03  0.02
11 -75  0.03  0.08  0.14  0.28  0.55  0.82  1.34  2.54  3.70  4.51  5.91  6.99  7.19  6.93  6.79  6.62  5.28  3.14  2.13  1.84  1.25  0.65  0.33  0.18  0.05  0.04  0.03  0.02
11 -70  0.03  0.09  0.14  0.28  0.56  0.83  1.35  2.56  3.75  4.58  5.97  7.12  7.32  7.00  6.97  6.91  5.41  3.19  2.15  1.87  1.29  0.69  0.35  0.19  0.05  0.04  0.03  0.03
11 -65  0.03  0.09  0.15  0.29  0.57  0.85  1.39  2.63  3.87  4.76  6.23  7.43  7.60  7.19  7.08  7.02  5.41  3.27  2.17  1.85  1.26  0.69  0.35  0.19  0.06  0.04  0.03  0.03
11 -60  0.03  0.09  0.15  0.30  0.59  0.87  1.42  2.70  3.99  4.93  6.49  7.73  7.87  7.41  7.22  7.14  5.43  3.35  2.14  1.79  1.16  0.66  0.35  0.19  0.06  0.04  0.03  0.03
11 -55  0.03  0.09  0.15  0.31  0.60  0.90  1.47  2.78  4.16  5.10  6.71  8.03  8.18  7.78  7.16  6.76  5.21  3.29  2.07  1.69  1.01  0.56  0.32  0.18  0.06  0.04  0.03  0.03
11 -50  0.03  0.09  0.15  0.31  0.61  0.90  1.47  2.81  4.19  5.14  6.87  8.35  8.57  8.07  7.06  6.40  5.01  3.23  1.98  1.59  0.90  0.46  0.27  0.10  0.06  0.04  0.04  0.03
11 -45  0.03  0.09  0.15  0.30  0.59  0.89  1.45  2.78  4.14  5.11  6.93  8.58  8.88  8.31  7.18  6.45  5.03  3.18  1.89  1.50  0.82  0.42  0.25  0.09  0.06  0.05  0.04  0.03
11 -40  0.03  0.09  0.15  0.30  0.59  0.88  1.45  2.80  4.12  5.09  6.99  8.80  9.20  8.63  7.36  6.55  5.07  3.12  1.80  1.42  0.76  0.38  0.22  0.08  0.06  0.05  0.04  0.04
11 -35  0.03  0.09  0.15  0.30  0.60  0.90  1.47  2.83  4.17  5.13  7.05  8.96  9.43  8.93  7.53  6.63  4.79  2.60  1.34  1.05  0.53  0.28  0.12  0.07  0.06  0.05  0.04  0.04
11 -30  0.03  0.09  0.15  0.31  0.61  0.90  1.49  2.87  4.20  5.15  7.08  9.05  9.61  9.24  7.70  6.70  4.50  2.07  0.90  0.68  0.30  0.15  0.09  0.06  0.05  0.05  0.05  0.04
11 -25  0.03  0.09  0.16  0.31  0.62  0.93  1.51  2.88  4.24  5.19  7.08  9.16  9.75  9.49  7.82  6.70  4.29  1.85  0.73  0.55  0.23  0.09  0.06  0.05  0.05  0.05  0.05  0.04
11 -20  0.03  0.09  0.16  0.31  0.62  0.93  1.52  2.92  4.27  5.23  7.08  9.25  9.90  9.68  7.90  6.67  4.07  1.61  0.58  0.43  0.16  0.06  0.05  0.05  0.05  0.05  0.05  0.04
11 -15  0.03  0.09  0.16  0.31  0.61  0.92  1.51  2.92  4.27  5.25  7.09  9.23  9.91  9.80  8.04  6.87  3.96  1.44  0.52  0.38  0.15  0.05  0.04  0.04  0.04  0.05  0.05  0.04
11 -10  0.03  0.09  0.15  0.30  0.61  0.91  1.50  2.96  4.32  5.31  7.21  9.24 10.03 10.03  8.25  7.08  3.82  1.27  0.45  0.34  0.14  0.04  0.04  0.04  0.04  0.04  0.04  0.04
11  -5  0.03  0.09  0.15  0.31  0.61  0.91  1.51  2.95  4.31  5.31  7.22  9.12  9.93 10.04  8.24  7.06  3.71  1.20  0.42  0.32  0.13  0.04  0.03  0.03  0.03  0.04  0.04  0.03
11   0  0.03  0.09  0.16  0.31  0.62  0.93  1.53  2.94  4.35  5.34  7.26  9.12  9.90 10.13  8.31  7.07  3.63  1.13  0.40  0.31  0.13  0.04  0.03  0.03  0.03  0.04  0.03  0.03
11   5  0.03  0.10  0.16  0.32  0.64  0.95  1.55  2.96  4.35  5.33  7.13  8.93  9.73  9.97  8.27  7.10  3.84  1.22  0.43  0.33  0.13  0.04  0.03  0.03  0.03  0.04  0.03  0.03
11  10  0.03  0.10  0.16  0.32  0.64  0.96  1.56  2.99  4.36  5.33  7.06  8.79  9.52  9.73  8.19  7.10  4.03  1.30  0.48  0.36  0.13  0.04  0.03  0.03  0.03  0.04  0.04  0.03
11  15  0.03  0.10  0.17  0.33  0.65  0.97  1.58  3.01  4.44  5.43  7.09  8.61  9.16  9.22  7.87  6.89  3.97  1.35  0.50  0.37  0.13  0.04  0.04  0.04  0.04  0.04  0.04  0.04
11  20  0.03  0.10  0.17  0.34  0.67  1.00  1.62  3.02  4.48  5.52  7.12  8.50  8.86  8.79  7.57  6.66  3.90  1.38  0.51  0.38  0.13  0.05  0.04  0.04  0.04  0.04  0.04  0.04
11  25  0.03  0.10  0.17  0.34  0.68  1.01  1.65  3.15  4.70  5.79  7.28  8.32  8.52  8.34  7.34  6.60  4.02  1.47  0.58  0.43  0.17  0.06  0.05  0.04  0.04  0.05  0.05  0.04
11  30  0.04  0.11  0.18  0.36  0.71  1.06  1.72  3.24  4.92  6.07  7.48  8.20  8.18  7.88  7.10  6.53  4.13  1.59  0.67  0.50  0.21  0.08  0.06  0.05  0.05  0.05  0.05  0.04
11  35  0.04  0.12  0.19  0.38  0.76  1.12  1.83  3.43  5.22  6.43  7.60  7.97  7.78  7.37  6.75  6.31  4.35  1.92  0.94  0.72  0.34  0.15  0.08  0.06  0.05  0.05  0.05  0.04
11  40  0.04  0.12  0.20  0.41  0.80  1.19  1.93  3.62  5.52  6.78  7.74  7.75  7.39  6.93  6.45  6.09  4.56  2.24  1.19  0.93  0.47  0.20  0.12  0.08  0.06  0.05  0.05  0.05
11  45  0.04  0.13  0.22  0.43  0.86  1.27  2.06  3.83  5.76  7.02  7.71  7.48  7.06  6.60  6.26  6.02  4.65  2.45  1.39  1.11  0.62  0.27  0.16  0.10  0.07  0.05  0.05  0.05
11  50  0.05  0.14  0.23  0.46  0.92  1.35  2.19  4.07  5.99  7.23  7.67  7.23  6.76  6.33  6.12  5.96  4.70  2.65  1.61  1.31  0.78  0.35  0.19  0.13  0.08  0.06  0.05  0.04
11  55  0.05  0.14  0.24  0.47  0.94  1.39  2.25  4.20  5.91  7.03  7.36  6.99  6.56  6.14  5.89  5.70  4.56  2.70  1.70  1.42  0.93  0.41  0.23  0.15  0.09  0.06  0.05  0.04
11  60  0.05  0.15  0.24  0.48  0.96  1.42  2.32  4.38  6.01  7.07  7.26  6.84  6.40  5.92  5.69  5.54  4.49  2.82  1.84  1.56  1.06  0.48  0.26  0.16  0.09  0.06  0.05  0.04
11  65  0.05  0.14  0.24  0.47  0.93  1.38  2.25  4.23  5.74  6.75  7.04  6.75  6.35  5.84  5.47  5.23  4.40  2.92  2.04  1.75  1.25  0.57  0.30  0.19  0.09  0.06  0.05  0.04
11  70  0.05  0.14  0.23  0.46  0.91  1.35  2.18  4.05  5.48  6.43  6.83  6.66  6.29  5.76  5.24  4.91  4.30  3.02  2.24  1.94  1.43  0.66  0.34  0.21  0.10  0.06  0.05  0.04
11  75  0.05  0.14  0.23  0.45  0.89  1.32  2.13  3.89  5.20  6.06  6.41  6.07  5.56  4.96  4.45  4.13  3.76  2.95  2.17  1.88  1.37  0.62  0.32  0.20  0.10  0.06  0.05  0.04
11  80  0.05  0.14  0.23  0.45  0.88  1.29  2.07  3.74  4.92  5.69  6.00  5.47  4.83  4.16  3.66  3.35  3.22  2.88  2.10  1.81  1.31  0.59  0.29  0.18  0.11  0.06  0.05  0.04
11  85  0.05  0.14  0.22  0.45  0.88  1.29  2.07  3.74  4.92  5.70  6.02  5.52  4.88  4.20  3.68  3.37  3.23  2.88  2.11  1.81  1.31  0.58  0.29  0.18  0.11  0.06  0.05  0.04
11  90  0.05  0.14  0.23  0.45  0.88  1.30  2.09  3.79  4.98  5.78  6.12  5.58  4.94  4.23  3.64  3.34  3.22  2.86  2.09  1.80  1.30  0.58  0.29  0.17  0.11  0.06  0.05  0.04
12 -90  0.02  0.07  0.12  0.24  0.48  0.72  1.16  2.16  3.27  4.11  5.67  6.60  6.44  5.72  5.49  5.57  5.28  4.10  2.79  2.38  1.63  0.79  0.42  0.23  0.11  0.04  0.03  0.02
12 -85  0.02  0.07  0.12  0.24  0.48  0.71  1.16  2.16  3.27  4.07  5.59  6.59  6.48  5.79  5.44  5.36  5.01  3.92  2.65  2.24  1.49  0.72  0.41  0.23  0.11  0.04  0.03  0.02
12 -80  0.02  0.07  0.12  0.24  0.48  0.71  1.16  2.17  3.27  4.06  5.56  6.57  6.48  5.80  5.42  5.32  4.94  3.85  2.61  2.20  1.47  0.71  0.41  0.23  0.11  0.04  0.03  0.02
12 -75  0.03  0.08  0.13  0.25  0.50  0.74  1.20  2.25  3.33  4.11  5.55  6.64  6.64  6.00  5.59  5.45  4.97  3.75  2.51  2.13  1.42  0.70  0.40  0.22  0.06  0.04  0.03  0.02
12 -70  0.03  0.08  0.13  0.26  0.51  0.76  1.23  2.32  3.39  4.15  5.54  6.72  6.80  6.20  5.79  5.60  4.99  3.61  2.38  2.01  1.34  0.68  0.40  0.21  0.06  0.04  0.03  0.02
12 -65  0.03  0.08  0.13  0.27  0.53  0.78  1.27  2.40  3.48  4.26  5.69  7.01  7.20  6.68  6.19  5.92  4.99  3.43  2.19  1.83  1.20  0.62  0.37  0.20  0.06  0.04  0.03  0.02
12 -60  0.03  0.08  0.14  0.27  0.54  0.81  1.31  2.47  3.58  4.38  5.86  7.33  7.63  7.19  6.62  6.26  5.03  3.27  2.02  1.66  1.04  0.56  0.34  0.18  0.07  0.04  0.03  0.03
12 -55  0.03  0.09  0.14  0.29  0.57  0.84  1.37  2.58  3.76  4.55  6.06  7.68  8.10  7.84  7.02  6.46  4.92  3.04  1.84  1.50  0.87  0.48  0.29  0.16  0.07  0.04  0.03  0.03
12 -50  0.03  0.09  0.15  0.29  0.57  0.85  1.39  2.63  3.80  4.59  6.21  8.03  8.61  8.36  7.34  6.63  4.80  2.80  1.61  1.30  0.73  0.41  0.23  0.11  0.07  0.04  0.03  0.03
12 -45  0.03  0.09  0.14  0.29  0.57  0.85  1.39  2.65  3.83  4.67  6.37  8.32  8.99  8.72  7.32  6.35  4.57  2.62  1.49  1.19  0.65  0.35  0.20  0.09  0.06  0.05  0.04  0.03
12 -40  0.03  0.09  0.14  0.29  0.57  0.85  1.40  2.73  3.89  4.74  6.50  8.56  9.32  9.10  7.32  6.10  4.34  2.41  1.35  1.07  0.57  0.30  0.12  0.07  0.06  0.05  0.04  0.03
12 -35  0.03  0.09  0.15  0.30  0.59  0.88  1.44  2.79  4.04  4.91  6.73  8.75  9.48  9.26  7.67  6.59  4.33  2.08  1.04  0.81  0.40  0.19  0.10  0.07  0.05  0.05  0.04  0.04
12 -30  0.03  0.09  0.15  0.30  0.60  0.89  1.47  2.86  4.15  5.06  6.91  8.91  9.59  9.42  8.01  7.06  4.30  1.76  0.74  0.56  0.25  0.13  0.08  0.06  0.05  0.05  0.05  0.04
12 -25  0.03  0.09  0.16  0.31  0.62  0.92  1.51  2.91  4.28  5.24  7.10  9.13  9.74  9.57  8.04  7.00  4.15  1.64  0.62  0.46  0.19  0.09  0.06  0.05  0.05  0.05  0.05  0.04
12 -20  0.03  0.09  0.15  0.31  0.62  0.92  1.52  2.98  4.40  5.40  7.29  9.34  9.91  9.69  8.05  6.90  4.00  1.48  0.51  0.37  0.13  0.06  0.04  0.04  0.04  0.05  0.04  0.04
12 -15  0.03  0.09  0.16  0.31  0.62  0.92  1.53  3.00  4.47  5.55  7.48  9.46  9.99  9.82  8.14  7.00  3.93  1.37  0.45  0.34  0.13  0.05  0.04  0.04  0.04  0.04  0.04  0.04
12 -10  0.03  0.09  0.15  0.31  0.62  0.92  1.54  3.07  4.60  5.73  7.75  9.61 10.18 10.02  8.28  7.11  3.84  1.24  0.40  0.30  0.13  0.04  0.03  0.03  0.04  0.04  0.04  0.03
12  -5  0.03  0.09  0.16  0.31  0.62  0.93  1.54  3.07  4.61  5.75  7.77  9.50 10.04  9.95  8.09  6.83  3.66  1.18  0.37  0.29  0.13  0.04  0.03  0.03  0.03  0.04  0.03  0.03
12   0  0.03  0.10  0.16  0.33  0.65  0.97  1.59  3.05  4.65  5.79  7.81  9.45  9.93  9.93  7.95  6.57  3.50  1.11  0.35  0.28  0.14  0.04  0.03  0.03  0.03  0.04  0.03  0.03
12   5  0.03  0.10  0.17  0.33  0.65  0.97  1.60  3.06  4.62  5.74  7.61  9.18  9.67  9.64  7.91  6.72  3.72  1.21  0.39  0.31  0.13  0.04  0.03  0.03  0.04  0.04  0.04  0.03
12  10  0.03  0.10  0.17  0.33  0.66  0.98  1.61  3.08  4.61  5.70  7.47  8.92  9.34  9.30  7.86  6.86  3.93  1.31  0.45  0.34  0.12  0.04  0.04  0.04  0.04  0.04  0.04  0.04
12  15  0.03  0.10  0.17  0.33  0.66  0.99  1.61  3.08  4.63  5.72  7.39  8.65  8.94  8.78  7.52  6.62  3.88  1.40  0.48  0.36  0.13  0.04  0.04  0.04  0.04  0.04  0.05  0.04
12  20  0.03  0.10  0.17  0.34  0.68  1.00  1.63  3.07  4.62  5.72  7.29  8.42  8.57  8.33  7.20  6.37  3.83  1.46  0.51  0.38  0.13  0.05  0.04  0.04  0.04  0.05  0.05  0.05
12  25  0.03  0.10  0.17  0.34  0.68  1.01  1.65  3.16  4.74  5.86  7.30  8.14  8.18  7.89  7.08  6.48  4.10  1.61  0.62  0.46  0.19  0.06  0.05  0.05  0.05  0.05  0.05  0.05
12  30  0.04  0.11  0.18  0.36  0.71  1.05  1.71  3.21  4.87  6.00  7.30  7.90  7.79  7.44  6.95  6.59  4.35  1.78  0.76  0.57  0.25  0.09  0.07  0.06  0.05  0.05  0.05  0.05
12  35  0.04  0.12  0.19  0.38  0.76  1.12  1.82  3.41  5.12  6.24  7.28  7.63  7.44  7.05  6.78  6.58  4.71  2.15  1.07  0.83  0.44  0.21  0.10  0.07  0.06  0.05  0.05  0.05
12  40  0.04  0.12  0.21  0.41  0.81  1.19  1.93  3.60  5.34  6.45  7.28  7.37  7.10  6.72  6.64  6.54  5.04  2.52  1.36  1.09  0.63  0.30  0.16  0.10  0.07  0.05  0.05  0.05
12  45  0.04  0.13  0.22  0.43  0.86  1.27  2.05  3.82  5.50  6.55  7.15  7.11  6.84  6.52  6.42  6.34  5.02  2.83  1.61  1.31  0.79  0.38  0.20  0.13  0.08  0.06  0.05  0.05
12  50  0.05  0.14  0.23  0.46  0.91  1.34  2.18  4.03  5.63  6.65  7.05  6.90  6.64  6.40  6.26  6.15  4.96  3.13  1.87  1.54  0.97  0.45  0.24  0.15  0.09  0.06  0.05  0.05
12  55  0.05  0.14  0.23  0.46  0.91  1.35  2.18  4.04  5.40  6.33  6.76  6.78  6.58  6.35  6.06  5.84  4.75  3.13  2.00  1.68  1.13  0.54  0.28  0.17  0.09  0.06  0.05  0.05
12  60  0.05  0.14  0.23  0.46  0.91  1.35  2.18  4.08  5.38  6.26  6.67  6.75  6.57  6.27  5.90  5.64  4.61  3.20  2.17  1.84  1.28  0.61  0.31  0.18  0.09  0.06  0.05  0.05
12  65  0.05  0.14  0.23  0.47  0.92  1.35  2.17  3.95  5.27  6.17  6.66  6.78  6.56  6.19  5.70  5.37  4.51  3.16  2.23  1.91  1.35  0.64  0.30  0.18  0.10  0.06  0.05  0.05
12  70  0.05  0.14  0.24  0.47  0.92  1.35  2.16  3.83  5.17  6.07  6.64  6.80  6.56  6.11  5.50  5.09  4.40  3.13  2.29  1.97  1.41  0.67  0.30  0.18  0.10  0.06  0.05  0.05
12  75  0.05  0.14  0.23  0.45  0.88  1.29  2.03  3.50  4.87  5.80  6.44  6.49  6.17  5.67  5.08  4.68  4.19  3.16  2.31  1.98  1.42  0.67  0.32  0.19  0.11  0.06  0.05  0.05
12  80  0.04  0.13  0.22  0.43  0.83  1.21  1.90  3.19  4.59  5.54  6.24  6.17  5.77  5.21  4.63  4.25  3.96  3.20  2.33  1.99  1.43  0.67  0.34  0.21  0.11  0.06  0.05  0.04
12  85  0.04  0.13  0.22  0.43  0.83  1.21  1.89  3.17  4.57  5.53  6.25  6.21  5.82  5.25  4.66  4.27  3.97  3.20  2.34  1.99  1.43  0.67  0.34  0.21  0.11  0.06  0.05  0.04
12  90  0.04  0.13  0.22  0.43  0.83  1.21  1.89  3.19  4.57  5.50  6.20  6.26  5.90  5.35  4.72  4.28  3.96  3.17  2.29  1.95  1.40  0.68  0.34  0.20  0.11  0.06  0.05  0.04
