     0.010
     0.030
     0.050
     0.100
     0.200
     0.300
     0.500
     1.000
     1.500
     2.000
     3.000
     5.000
     7.000
    10.000
    15.000
    20.000
    30.000
    50.000
    70.000
    80.000
   100.000
   150.000
   200.000
   250.000
   300.000
   400.000
   500.000
   600.000
 1 -90  0.03  0.08  0.13  0.25  0.50  0.74  1.20  2.22  3.37  4.22  5.71  6.36  6.01  5.06  4.05  3.52  3.56  3.39  2.63  2.25  1.59  0.80  0.46  0.25  0.12  0.05  0.03  0.02
 1 -85  0.03  0.08  0.13  0.25  0.50  0.74  1.20  2.22  3.40  4.23  5.70  6.39  6.06  5.16  4.18  3.61  3.53  3.21  2.44  2.08  1.46  0.71  0.42  0.24  0.11  0.05  0.03  0.02
 1 -80  0.03  0.08  0.13  0.26  0.50  0.74  1.20  2.23  3.40  4.23  5.70  6.39  6.07  5.18  4.21  3.63  3.52  3.17  2.41  2.06  1.44  0.70  0.42  0.24  0.11  0.04  0.03  0.02
 1 -75  0.03  0.08  0.13  0.26  0.52  0.77  1.25  2.32  3.46  4.29  5.72  6.54  6.34  5.49  4.59  4.05  3.81  3.20  2.35  2.00  1.39  0.68  0.41  0.23  0.11  0.04  0.03  0.02
 1 -70  0.03  0.08  0.14  0.27  0.54  0.79  1.28  2.39  3.52  4.36  5.76  6.71  6.62  5.82  5.00  4.49  4.12  3.22  2.28  1.93  1.32  0.66  0.39  0.22  0.10  0.04  0.03  0.02
 1 -65  0.03  0.08  0.14  0.28  0.55  0.82  1.32  2.46  3.62  4.49  5.98  7.12  7.16  6.46  5.70  5.23  4.34  3.15  2.12  1.78  1.20  0.61  0.37  0.20  0.07  0.04  0.03  0.02
 1 -60  0.03  0.09  0.15  0.29  0.57  0.84  1.36  2.53  3.71  4.62  6.19  7.54  7.73  7.13  6.41  5.95  4.57  3.08  1.97  1.64  1.09  0.56  0.34  0.19  0.08  0.04  0.03  0.02
 1 -55  0.03  0.09  0.15  0.30  0.60  0.89  1.43  2.65  3.88  4.79  6.40  7.90  8.23  7.84  6.92  6.29  4.44  2.80  1.70  1.40  0.88  0.46  0.27  0.15  0.08  0.04  0.03  0.03
 1 -50  0.03  0.09  0.16  0.31  0.61  0.90  1.45  2.69  3.92  4.83  6.54  8.27  8.77  8.43  7.34  6.57  4.27  2.49  1.36  1.10  0.67  0.34  0.20  0.10  0.07  0.04  0.03  0.03
 1 -45  0.03  0.09  0.15  0.31  0.61  0.90  1.47  2.81  4.06  5.01  6.79  8.57  9.15  8.86  7.57  6.65  4.27  2.41  1.26  1.01  0.59  0.29  0.17  0.07  0.06  0.04  0.04  0.03
 1 -40  0.03  0.09  0.15  0.31  0.61  0.91  1.50  2.91  4.18  5.16  7.00  8.86  9.49  9.27  7.76  6.71  4.27  2.33  1.15  0.91  0.50  0.23  0.09  0.06  0.05  0.04  0.04  0.03
 1 -35  0.03  0.09  0.16  0.31  0.62  0.93  1.53  2.98  4.34  5.37  7.29  9.14  9.72  9.42  7.93  6.88  4.25  2.01  0.90  0.70  0.36  0.14  0.08  0.06  0.05  0.04  0.04  0.03
 1 -30  0.03  0.10  0.16  0.32  0.63  0.94  1.56  3.06  4.46  5.54  7.53  9.40  9.94  9.62  8.07  7.01  4.21  1.70  0.66  0.50  0.23  0.09  0.06  0.05  0.05  0.04  0.04  0.04
 1 -25  0.03  0.10  0.16  0.32  0.64  0.96  1.59  3.11  4.59  5.71  7.77  9.66 10.19  9.87  8.11  6.92  4.10  1.52  0.55  0.41  0.18  0.07  0.05  0.04  0.04  0.04  0.04  0.04
 1 -20  0.03  0.10  0.16  0.32  0.64  0.95  1.59  3.19  4.72  5.89  8.03  9.91 10.39 10.08  8.14  6.83  3.99  1.34  0.44  0.34  0.14  0.05  0.04  0.04  0.04  0.04  0.04  0.03
 1 -15  0.03  0.10  0.16  0.32  0.64  0.96  1.60  3.23  4.81  6.04  8.25 10.09 10.54 10.22  8.25  6.92  3.86  1.25  0.38  0.30  0.14  0.04  0.03  0.03  0.04  0.04  0.04  0.03
 1 -10  0.03  0.09  0.16  0.32  0.64  0.96  1.61  3.27  4.93  6.18  8.44 10.32 10.77 10.39  8.37  7.03  3.74  1.17  0.33  0.27  0.08  0.04  0.03  0.03  0.03  0.04  0.03  0.03
 1  -5  0.03  0.10  0.16  0.32  0.64  0.96  1.62  3.30  4.96  6.22  8.40 10.29 10.69 10.27  8.26  6.93  3.62  1.11  0.30  0.25  0.06  0.03  0.03  0.03  0.03  0.03  0.03  0.03
 1   0  0.03  0.10  0.17  0.34  0.68  1.01  1.67  3.26  4.97  6.24  8.40 10.21 10.57 10.15  8.15  6.82  3.50  1.07  0.29  0.24  0.05  0.03  0.03  0.03  0.03  0.03  0.03  0.03
 1   5  0.03  0.10  0.17  0.34  0.68  1.01  1.67  3.26  4.95  6.21  8.26  9.94 10.30  9.86  7.99  6.76  3.64  1.18  0.34  0.28  0.05  0.03  0.03  0.03  0.03  0.04  0.04  0.03
 1  10  0.03  0.10  0.17  0.34  0.68  1.01  1.67  3.26  4.95  6.20  8.20  9.69  9.99  9.58  7.85  6.71  3.81  1.30  0.40  0.31  0.06  0.04  0.03  0.03  0.03  0.04  0.04  0.04
 1  15  0.03  0.10  0.17  0.34  0.68  1.02  1.68  3.27  4.95  6.20  8.13  9.41  9.59  9.15  7.57  6.48  3.83  1.35  0.40  0.31  0.06  0.04  0.04  0.04  0.04  0.04  0.04  0.04
 1  20  0.04  0.11  0.18  0.35  0.70  1.04  1.70  3.26  4.95  6.19  8.04  9.13  9.16  8.70  7.28  6.28  3.87  1.38  0.40  0.31  0.12  0.04  0.04  0.04  0.04  0.04  0.04  0.04
 1  25  0.04  0.11  0.18  0.35  0.70  1.05  1.72  3.34  5.04  6.31  8.00  8.80  8.70  8.21  7.18  6.46  4.26  1.64  0.57  0.44  0.20  0.06  0.05  0.05  0.05  0.05  0.05  0.04
 1  30  0.04  0.11  0.19  0.37  0.74  1.10  1.79  3.40  5.16  6.42  7.96  8.50  8.24  7.71  7.07  6.61  4.65  1.96  0.77  0.59  0.30  0.10  0.08  0.06  0.05  0.05  0.05  0.04
 1  35  0.04  0.12  0.20  0.39  0.78  1.16  1.89  3.56  5.35  6.60  7.88  8.20  7.90  7.38  6.89  6.56  5.06  2.47  1.19  0.93  0.51  0.26  0.17  0.09  0.07  0.05  0.05  0.05
 1  40  0.04  0.13  0.21  0.42  0.83  1.23  2.00  3.76  5.58  6.78  7.80  7.92  7.59  7.10  6.74  6.48  5.45  2.97  1.62  1.29  0.74  0.40  0.23  0.13  0.08  0.05  0.05  0.05
 1  45  0.04  0.13  0.22  0.44  0.87  1.29  2.10  3.97  5.75  6.85  7.64  7.70  7.38  6.92  6.68  6.53  5.57  3.29  1.92  1.56  0.97  0.52  0.28  0.17  0.09  0.06  0.05  0.05
 1  50  0.05  0.14  0.23  0.46  0.90  1.34  2.19  4.17  5.83  6.85  7.49  7.48  7.19  6.79  6.65  6.57  5.66  3.60  2.21  1.83  1.20  0.64  0.33  0.19  0.09  0.06  0.05  0.05
 1  55  0.05  0.14  0.23  0.46  0.92  1.36  2.22  4.20  5.61  6.54  7.19  7.35  7.13  6.77  6.43  6.20  5.38  3.61  2.38  2.00  1.38  0.70  0.38  0.22  0.09  0.06  0.05  0.05
 1  60  0.05  0.14  0.24  0.47  0.93  1.38  2.25  4.27  5.61  6.51  7.12  7.30  7.10  6.71  6.26  5.94  5.16  3.67  2.59  2.19  1.54  0.77  0.44  0.24  0.10  0.06  0.05  0.05
 1  65  0.05  0.14  0.23  0.46  0.91  1.35  2.20  4.14  5.47  6.38  7.11  7.46  7.33  6.95  6.40  6.00  5.02  3.67  2.58  2.18  1.53  0.76  0.42  0.23  0.10  0.06  0.05  0.05
 1  70  0.05  0.14  0.23  0.45  0.89  1.32  2.14  4.02  5.33  6.25  7.10  7.60  7.53  7.18  6.54  6.06  4.88  3.66  2.56  2.17  1.52  0.76  0.40  0.23  0.10  0.06  0.05  0.05
 1  75  0.04  0.13  0.22  0.43  0.85  1.26  2.03  3.77  5.02  5.91  6.79  7.26  7.13  6.70  6.07  5.58  4.65  3.59  2.66  2.30  1.71  0.80  0.41  0.24  0.11  0.06  0.05  0.05
 1  80  0.04  0.13  0.21  0.42  0.82  1.21  1.94  3.52  4.73  5.58  6.50  6.91  6.72  6.22  5.59  5.08  4.40  3.51  2.75  2.43  1.90  0.84  0.43  0.25  0.11  0.06  0.05  0.05
 1  85  0.04  0.13  0.21  0.42  0.82  1.21  1.94  3.51  4.73  5.57  6.49  6.92  6.74  6.26  5.63  5.11  4.41  3.50  2.75  2.43  1.91  0.84  0.43  0.25  0.11  0.06  0.05  0.05
 1  90  0.04  0.13  0.21  0.42  0.83  1.22  1.95  3.53  4.72  5.55  6.45  6.96  6.84  6.42  5.81  5.24  4.43  3.47  2.73  2.42  1.92  0.87  0.44  0.25  0.10  0.06  0.05  0.05
 2 -90  0.03  0.10  0.16  0.32  0.63  0.93  1.50  2.79  4.12  4.97  5.87  5.69  5.11  4.31  3.86  3.64  3.37  2.92  2.27  1.95  1.39  0.71  0.43  0.26  0.14  0.04  0.03  0.02
 2 -85  0.03  0.10  0.16  0.32  0.63  0.93  1.51  2.81  4.15  5.02  5.95  5.81  5.24  4.46  4.04  3.81  3.45  2.85  2.16  1.84  1.30  0.64  0.39  0.24  0.14  0.04  0.03  0.02
 2 -80  0.03  0.10  0.16  0.32  0.63  0.93  1.51  2.80  4.12  5.01  6.01  5.89  5.29  4.47  4.04  3.81  3.45  2.84  2.14  1.83  1.28  0.63  0.39  0.24  0.14  0.04  0.03  0.02
 2 -75  0.03  0.10  0.16  0.32  0.62  0.92  1.49  2.77  4.10  5.04  6.20  6.34  5.84  4.98  4.45  4.15  3.65  2.85  2.14  1.81  1.25  0.60  0.38  0.23  0.12  0.04  0.03  0.02
 2 -70  0.03  0.09  0.16  0.31  0.62  0.91  1.48  2.74  4.09  5.09  6.43  6.81  6.40  5.52  4.88  4.49  3.84  2.86  2.13  1.79  1.21  0.58  0.37  0.22  0.11  0.04  0.03  0.02
 2 -65  0.03  0.10  0.16  0.32  0.63  0.93  1.50  2.78  4.16  5.20  6.69  7.34  7.06  6.19  5.43  4.94  4.08  2.83  2.02  1.68  1.13  0.54  0.35  0.20  0.08  0.04  0.03  0.02
 2 -60  0.03  0.10  0.16  0.32  0.64  0.94  1.52  2.82  4.20  5.27  6.91  7.83  7.70  6.87  5.98  5.40  4.33  2.80  1.91  1.58  1.05  0.51  0.33  0.19  0.08  0.04  0.03  0.02
 2 -55  0.03  0.10  0.17  0.34  0.66  0.98  1.58  2.90  4.32  5.37  7.04  8.15  8.18  7.56  6.57  5.90  4.29  2.61  1.63  1.34  0.83  0.42  0.26  0.15  0.07  0.04  0.03  0.03
 2 -50  0.03  0.10  0.17  0.34  0.67  0.99  1.59  2.91  4.30  5.32  7.07  8.46  8.69  8.13  7.07  6.37  4.22  2.38  1.27  1.02  0.61  0.31  0.18  0.09  0.06  0.04  0.03  0.03
 2 -45  0.03  0.10  0.17  0.33  0.66  0.98  1.59  3.00  4.38  5.42  7.22  8.71  9.04  8.57  7.34  6.50  4.24  2.25  1.18  0.94  0.52  0.26  0.11  0.07  0.05  0.04  0.03  0.03
 2 -40  0.03  0.10  0.17  0.33  0.66  0.98  1.61  3.07  4.45  5.50  7.33  8.93  9.36  9.00  7.59  6.63  4.24  2.11  1.08  0.84  0.43  0.21  0.09  0.06  0.05  0.04  0.04  0.03
 2 -35  0.03  0.10  0.17  0.33  0.66  0.98  1.61  3.11  4.54  5.61  7.49  9.14  9.60  9.26  7.78  6.74  4.16  1.85  0.87  0.67  0.32  0.12  0.07  0.05  0.04  0.04  0.04  0.03
 2 -30  0.03  0.10  0.17  0.33  0.66  0.99  1.63  3.16  4.61  5.69  7.62  9.34  9.84  9.55  7.94  6.82  4.05  1.61  0.66  0.50  0.22  0.08  0.05  0.04  0.04  0.04  0.04  0.03
 2 -25  0.03  0.10  0.17  0.33  0.66  0.98  1.62  3.15  4.63  5.73  7.71  9.57 10.15  9.90  8.08  6.82  3.94  1.47  0.54  0.40  0.17  0.06  0.04  0.04  0.04  0.04  0.04  0.03
 2 -20  0.03  0.10  0.16  0.32  0.64  0.96  1.59  3.17  4.64  5.75  7.82  9.82 10.44 10.21  8.19  6.81  3.84  1.33  0.42  0.32  0.13  0.05  0.04  0.04  0.04  0.04  0.04  0.03
 2 -15  0.03  0.09  0.16  0.32  0.63  0.94  1.57  3.13  4.62  5.76  7.92 10.01 10.66 10.44  8.35  6.91  3.77  1.21  0.38  0.29  0.13  0.04  0.03  0.03  0.03  0.04  0.03  0.03
 2 -10  0.03  0.09  0.15  0.31  0.62  0.93  1.55  3.10  4.62  5.76  8.01 10.25 10.96 10.69  8.52  7.03  3.71  1.10  0.34  0.27  0.08  0.04  0.03  0.03  0.03  0.03  0.03  0.03
 2  -5  0.03  0.09  0.15  0.31  0.61  0.92  1.54  3.10  4.59  5.74  7.97 10.28 10.96 10.63  8.28  6.67  3.58  1.07  0.33  0.27  0.06  0.03  0.03  0.03  0.03  0.03  0.03  0.03
 2   0  0.03  0.10  0.16  0.33  0.65  0.97  1.59  3.04  4.56  5.70  7.94 10.22 10.87 10.52  8.02  6.30  3.46  1.07  0.32  0.27  0.06  0.03  0.03  0.03  0.03  0.03  0.03  0.03
 2   5  0.03  0.10  0.16  0.33  0.65  0.96  1.59  3.07  4.59  5.75  7.89 10.04 10.65 10.26  8.02  6.51  3.59  1.18  0.39  0.31  0.05  0.03  0.03  0.03  0.03  0.04  0.04  0.04
 2  10  0.03  0.10  0.16  0.33  0.65  0.97  1.59  3.10  4.66  5.83  7.92  9.88 10.41 10.01  8.04  6.73  3.74  1.30  0.45  0.34  0.06  0.03  0.03  0.03  0.04  0.04  0.04  0.04
 2  15  0.03  0.10  0.16  0.33  0.65  0.97  1.61  3.14  4.70  5.88  7.89  9.63 10.05  9.63  7.90  6.74  3.92  1.39  0.47  0.36  0.06  0.04  0.04  0.04  0.04  0.04  0.05  0.04
 2  20  0.03  0.10  0.17  0.34  0.67  1.00  1.65  3.16  4.75  5.92  7.86  9.37  9.64  9.23  7.76  6.77  4.11  1.46  0.49  0.37  0.08  0.05  0.04  0.04  0.04  0.05  0.05  0.05
 2  25  0.03  0.10  0.17  0.34  0.68  1.02  1.68  3.25  4.87  6.10  7.94  9.11  9.20  8.74  7.52  6.69  4.43  1.65  0.63  0.48  0.20  0.06  0.05  0.05  0.05  0.05  0.05  0.05
 2  30  0.04  0.11  0.18  0.36  0.72  1.07  1.75  3.32  5.01  6.25  7.99  8.87  8.76  8.22  7.26  6.61  4.74  1.92  0.80  0.61  0.28  0.18  0.09  0.07  0.06  0.05  0.05  0.05
 2  35  0.04  0.12  0.19  0.38  0.76  1.12  1.83  3.44  5.22  6.51  8.05  8.62  8.38  7.80  7.05  6.57  5.07  2.53  1.23  0.97  0.52  0.34  0.23  0.11  0.08  0.06  0.05  0.05
 2  40  0.04  0.12  0.20  0.41  0.80  1.19  1.92  3.59  5.48  6.79  8.11  8.37  8.00  7.42  6.88  6.53  5.39  3.14  1.68  1.35  0.78  0.52  0.32  0.16  0.09  0.06  0.05  0.05
 2  45  0.04  0.13  0.21  0.42  0.83  1.24  2.02  3.80  5.72  7.00  8.04  8.13  7.76  7.18  6.75  6.50  5.54  3.48  2.05  1.69  1.07  0.64  0.37  0.22  0.10  0.06  0.05  0.05
 2  50  0.04  0.13  0.22  0.44  0.87  1.29  2.11  4.03  5.93  7.15  7.99  7.92  7.54  7.01  6.67  6.47  5.68  3.81  2.41  2.01  1.34  0.75  0.42  0.23  0.10  0.06  0.05  0.05
 2  55  0.05  0.14  0.23  0.46  0.91  1.35  2.20  4.17  5.94  7.07  7.79  7.75  7.39  6.92  6.54  6.29  5.66  3.90  2.56  2.16  1.50  0.80  0.45  0.25  0.11  0.06  0.05  0.05
 2  60  0.05  0.15  0.24  0.48  0.95  1.41  2.31  4.39  6.14  7.24  7.81  7.68  7.30  6.81  6.45  6.23  5.70  4.05  2.76  2.34  1.64  0.84  0.49  0.27  0.11  0.06  0.06  0.05
 2  65  0.05  0.15  0.24  0.48  0.96  1.42  2.31  4.37  5.97  6.98  7.57  7.60  7.33  6.90  6.47  6.19  5.57  3.94  2.83  2.42  1.73  0.88  0.47  0.27  0.11  0.06  0.05  0.05
 2  70  0.05  0.15  0.24  0.48  0.95  1.41  2.30  4.32  5.76  6.71  7.32  7.51  7.33  6.98  6.48  6.14  5.43  3.83  2.89  2.48  1.82  0.92  0.46  0.27  0.12  0.06  0.05  0.05
 2  75  0.05  0.14  0.24  0.48  0.94  1.39  2.26  4.23  5.47  6.29  7.16  7.68  7.63  7.29  6.70  6.29  5.45  3.78  2.93  2.51  1.84  0.95  0.48  0.27  0.13  0.07  0.06  0.05
 2  80  0.05  0.14  0.24  0.47  0.92  1.37  2.22  4.12  5.18  5.87  6.99  7.82  7.92  7.60  6.92  6.43  5.46  3.72  2.95  2.53  1.86  0.98  0.50  0.28  0.14  0.07  0.06  0.05
 2  85  0.05  0.14  0.23  0.47  0.92  1.36  2.20  4.08  5.12  5.81  6.93  7.80  7.92  7.63  6.96  6.46  5.47  3.71  2.94  2.53  1.85  0.98  0.50  0.28  0.14  0.07  0.06  0.05
 2  90  0.05  0.14  0.23  0.46  0.90  1.33  2.16  3.99  4.98  5.65  6.80  7.80  8.00  7.74  7.11  6.59  5.52  3.68  2.93  2.52  1.85  1.00  0.51  0.28  0.14  0.07  0.06  0.05
 3 -90  0.05  0.14  0.24  0.47  0.92  1.36  2.18  3.96  5.10  5.76  5.75  5.30  4.89  4.36  3.82  3.46  3.37  2.71  2.20  1.90  1.34  0.67  0.39  0.23  0.11  0.04  0.03  0.02
 3 -85  0.05  0.14  0.24  0.48  0.94  1.38  2.22  4.04  5.27  5.99  6.02  5.53  5.06  4.48  3.92  3.57  3.47  2.73  2.14  1.83  1.28  0.62  0.36  0.22  0.11  0.04  0.03  0.02
 3 -80  0.05  0.14  0.24  0.47  0.93  1.37  2.21  4.01  5.34  6.11  6.14  5.58  5.07  4.46  3.90  3.56  3.48  2.74  2.14  1.82  1.28  0.62  0.36  0.21  0.11  0.04  0.03  0.02
 3 -75  0.05  0.14  0.23  0.45  0.89  1.31  2.11  3.84  5.39  6.34  6.69  6.17  5.57  4.85  4.21  3.82  3.59  2.77  2.11  1.78  1.22  0.60  0.35  0.20  0.10  0.04  0.03  0.02
 3 -70  0.04  0.13  0.22  0.43  0.84  1.24  2.00  3.65  5.39  6.52  7.24  6.77  6.08  5.25  4.52  4.06  3.68  2.79  2.10  1.75  1.17  0.58  0.33  0.20  0.10  0.04  0.03  0.02
 3 -65  0.04  0.13  0.21  0.41  0.81  1.20  1.93  3.54  5.33  6.55  7.55  7.30  6.68  5.81  5.12  4.69  3.89  2.79  1.98  1.64  1.10  0.55  0.32  0.19  0.09  0.04  0.03  0.03
 3 -60  0.04  0.12  0.20  0.40  0.78  1.16  1.87  3.43  5.24  6.53  7.82  7.84  7.30  6.40  5.73  5.32  4.09  2.77  1.85  1.53  1.01  0.51  0.30  0.18  0.08  0.05  0.03  0.03
 3 -55  0.04  0.12  0.20  0.40  0.78  1.15  1.86  3.40  5.20  6.47  7.90  8.20  7.80  7.03  6.30  5.83  4.32  2.65  1.62  1.33  0.84  0.41  0.24  0.14  0.07  0.04  0.03  0.03
 3 -50  0.04  0.12  0.20  0.39  0.76  1.13  1.81  3.30  5.01  6.24  7.86  8.56  8.34  7.53  6.76  6.28  4.50  2.49  1.31  1.06  0.65  0.31  0.18  0.08  0.06  0.04  0.03  0.03
 3 -45  0.04  0.11  0.19  0.37  0.74  1.09  1.77  3.28  4.95  6.17  7.89  8.80  8.72  8.02  6.87  6.14  4.32  2.33  1.18  0.95  0.56  0.25  0.11  0.06  0.05  0.04  0.03  0.03
 3 -40  0.04  0.11  0.18  0.37  0.72  1.07  1.74  3.27  4.88  6.08  7.87  9.01  9.09  8.52  7.03  6.04  4.13  2.16  1.06  0.84  0.47  0.20  0.09  0.05  0.04  0.04  0.03  0.03
 3 -35  0.04  0.11  0.18  0.36  0.71  1.05  1.71  3.25  4.86  6.05  7.89  9.18  9.39  8.93  7.57  6.62  4.14  1.92  0.85  0.66  0.34  0.13  0.07  0.05  0.04  0.04  0.04  0.03
 3 -30  0.04  0.11  0.18  0.35  0.70  1.04  1.70  3.24  4.83  6.01  7.90  9.36  9.69  9.36  8.08  7.18  4.15  1.68  0.63  0.48  0.21  0.09  0.05  0.04  0.04  0.04  0.04  0.03
 3 -25  0.03  0.10  0.17  0.34  0.68  1.01  1.66  3.19  4.74  5.88  7.80  9.49  9.99  9.77  8.28  7.21  4.01  1.43  0.49  0.36  0.15  0.06  0.04  0.04  0.04  0.04  0.04  0.03
 3 -20  0.03  0.10  0.16  0.33  0.65  0.98  1.62  3.16  4.63  5.72  7.72  9.66 10.29 10.14  8.43  7.23  3.89  1.18  0.34  0.26  0.09  0.04  0.03  0.03  0.03  0.04  0.04  0.03
 3 -15  0.03  0.10  0.16  0.32  0.64  0.96  1.58  3.10  4.50  5.57  7.58  9.72 10.52 10.47  8.49  7.11  3.83  1.14  0.34  0.26  0.10  0.04  0.03  0.03  0.03  0.04  0.03  0.03
 3 -10  0.03  0.09  0.16  0.32  0.63  0.94  1.55  3.04  4.39  5.40  7.44  9.83 10.80 10.80  8.56  6.99  3.77  1.11  0.33  0.26  0.11  0.03  0.03  0.03  0.03  0.03  0.03  0.03
 3  -5  0.03  0.09  0.16  0.31  0.62  0.93  1.54  3.02  4.33  5.31  7.33  9.84 10.86 10.83  8.50  6.89  3.72  1.09  0.33  0.26  0.06  0.03  0.03  0.03  0.03  0.03  0.03  0.02
 3   0  0.03  0.10  0.16  0.33  0.65  0.96  1.57  2.95  4.26  5.21  7.24  9.74 10.79 10.79  8.41  6.77  3.67  1.10  0.33  0.27  0.12  0.03  0.03  0.03  0.03  0.03  0.03  0.03
 3   5  0.03  0.10  0.16  0.32  0.64  0.96  1.57  3.00  4.33  5.34  7.33  9.71 10.67 10.57  8.35  6.86  3.75  1.19  0.38  0.30  0.06  0.03  0.03  0.03  0.03  0.04  0.04  0.03
 3  10  0.03  0.10  0.16  0.32  0.64  0.95  1.57  3.05  4.45  5.51  7.48  9.71 10.53 10.37  8.32  6.96  3.85  1.27  0.42  0.33  0.06  0.03  0.03  0.03  0.03  0.04  0.05  0.04
 3  15  0.03  0.10  0.16  0.32  0.65  0.97  1.59  3.11  4.54  5.63  7.56  9.58 10.25 10.02  8.05  6.76  3.94  1.32  0.43  0.33  0.06  0.04  0.04  0.04  0.04  0.05  0.05  0.05
 3  20  0.03  0.10  0.17  0.34  0.67  1.00  1.64  3.15  4.64  5.75  7.66  9.43  9.91  9.62  7.77  6.55  4.03  1.37  0.43  0.34  0.14  0.05  0.04  0.04  0.05  0.05  0.05  0.05
 3  25  0.03  0.10  0.17  0.34  0.68  1.01  1.66  3.21  4.74  5.92  7.83  9.31  9.59  9.21  7.62  6.60  4.32  1.67  0.61  0.48  0.24  0.07  0.06  0.06  0.05  0.05  0.05  0.05
 3  30  0.04  0.11  0.18  0.35  0.70  1.04  1.71  3.25  4.86  6.07  7.97  9.20  9.27  8.77  7.46  6.63  4.60  2.05  0.83  0.66  0.36  0.22  0.11  0.08  0.07  0.05  0.05  0.05
 3  35  0.04  0.11  0.18  0.37  0.73  1.08  1.75  3.30  5.00  6.29  8.14  9.08  8.96  8.36  7.28  6.61  4.78  2.54  1.25  1.02  0.63  0.38  0.26  0.11  0.08  0.06  0.05  0.05
 3  40  0.04  0.12  0.19  0.38  0.75  1.11  1.80  3.35  5.19  6.54  8.33  8.94  8.64  7.97  7.13  6.60  4.95  3.04  1.69  1.41  0.92  0.56  0.35  0.17  0.10  0.06  0.05  0.05
 3  45  0.04  0.12  0.19  0.39  0.77  1.13  1.85  3.46  5.38  6.76  8.35  8.72  8.34  7.64  6.91  6.46  5.21  3.38  2.03  1.70  1.15  0.70  0.41  0.23  0.11  0.06  0.05  0.05
 3  50  0.04  0.12  0.20  0.39  0.78  1.15  1.89  3.59  5.56  6.94  8.39  8.54  8.08  7.39  6.72  6.31  5.47  3.71  2.35  1.99  1.38  0.83  0.47  0.26  0.12  0.07  0.06  0.05
 3  55  0.04  0.12  0.20  0.41  0.81  1.20  1.95  3.69  5.63  6.97  8.23  8.32  7.85  7.19  6.59  6.21  5.51  3.88  2.57  2.18  1.54  0.90  0.52  0.28  0.13  0.07  0.06  0.05
 3  60  0.04  0.13  0.22  0.43  0.85  1.26  2.05  3.88  5.91  7.25  8.30  8.22  7.69  6.97  6.50  6.23  5.62  4.10  2.83  2.40  1.69  0.97  0.56  0.31  0.13  0.07  0.06  0.05
 3  65  0.04  0.13  0.22  0.44  0.88  1.30  2.12  4.01  5.91  7.15  8.06  7.99  7.51  6.85  6.37  6.09  5.54  4.16  2.95  2.54  1.84  1.02  0.59  0.33  0.13  0.07  0.06  0.05
 3  70  0.05  0.14  0.23  0.46  0.91  1.34  2.19  4.13  5.89  7.04  7.82  7.76  7.32  6.72  6.24  5.96  5.46  4.21  3.06  2.66  1.98  1.07  0.63  0.36  0.13  0.07  0.06  0.05
 3  75  0.05  0.14  0.23  0.46  0.91  1.35  2.20  4.13  5.73  6.79  7.58  7.70  7.38  6.88  6.24  5.85  5.41  4.26  3.11  2.69  2.01  1.10  0.62  0.35  0.15  0.07  0.06  0.05
 3  80  0.05  0.14  0.23  0.46  0.91  1.35  2.20  4.12  5.57  6.55  7.33  7.61  7.42  7.02  6.23  5.72  5.34  4.29  3.16  2.73  2.04  1.13  0.62  0.35  0.14  0.08  0.06  0.05
 3  85  0.05  0.14  0.23  0.46  0.91  1.35  2.19  4.10  5.53  6.51  7.31  7.59  7.41  7.03  6.27  5.76  5.38  4.32  3.18  2.74  2.04  1.13  0.62  0.35  0.14  0.08  0.06  0.05
 3  90  0.05  0.14  0.23  0.45  0.89  1.32  2.14  3.99  5.36  6.33  7.14  7.52  7.43  7.15  6.44  5.93  5.50  4.40  3.24  2.80  2.08  1.16  0.62  0.34  0.14  0.08  0.06  0.06
 4 -90  0.06  0.18  0.29  0.58  1.12  1.64  2.58  4.41  5.19  5.67  5.85  5.45  4.95  4.30  3.62  3.25  2.95  2.88  2.23  1.89  1.27  0.60  0.35  0.19  0.09  0.04  0.03  0.02
 4 -85  0.06  0.18  0.30  0.60  1.16  1.69  2.67  4.58  5.46  5.97  6.14  5.71  5.14  4.43  3.72  3.35  3.04  2.91  2.21  1.85  1.24  0.57  0.34  0.19  0.10  0.04  0.03  0.02
 4 -80  0.06  0.18  0.31  0.60  1.17  1.72  2.71  4.65  5.55  6.07  6.20  5.72  5.14  4.41  3.71  3.34  3.04  2.92  2.21  1.85  1.24  0.58  0.34  0.20  0.10  0.04  0.03  0.03
 4 -75  0.06  0.18  0.30  0.59  1.16  1.69  2.68  4.69  5.94  6.71  6.81  6.19  5.56  4.79  4.11  3.74  3.41  2.92  2.18  1.82  1.23  0.56  0.33  0.19  0.10  0.04  0.03  0.03
 4 -70  0.06  0.18  0.29  0.58  1.13  1.65  2.63  4.67  6.30  7.31  7.39  6.64  5.97  5.19  4.53  4.16  3.77  2.92  2.15  1.80  1.23  0.54  0.32  0.19  0.08  0.04  0.03  0.03
 4 -65  0.06  0.17  0.28  0.55  1.08  1.60  2.55  4.57  6.38  7.52  7.77  7.10  6.45  5.68  5.09  4.72  4.05  2.92  2.04  1.70  1.14  0.51  0.29  0.17  0.08  0.04  0.03  0.03
 4 -60  0.05  0.16  0.27  0.53  1.04  1.53  2.46  4.44  6.42  7.70  8.13  7.55  6.93  6.16  5.63  5.27  4.32  2.90  1.92  1.58  1.04  0.47  0.25  0.15  0.08  0.04  0.03  0.03
 4 -55  0.05  0.15  0.25  0.50  0.99  1.46  2.35  4.26  6.32  7.63  8.27  7.90  7.33  6.65  6.22  5.91  4.58  2.75  1.69  1.38  0.84  0.39  0.20  0.12  0.07  0.04  0.03  0.03
 4 -50  0.05  0.14  0.24  0.47  0.93  1.37  2.21  4.01  6.05  7.39  8.34  8.27  7.78  7.01  6.70  6.50  4.79  2.57  1.39  1.10  0.62  0.31  0.14  0.08  0.05  0.04  0.03  0.03
 4 -45  0.05  0.13  0.22  0.44  0.88  1.29  2.08  3.82  5.80  7.15  8.36  8.54  8.15  7.41  6.74  6.31  4.59  2.38  1.28  1.02  0.57  0.27  0.13  0.06  0.05  0.04  0.03  0.03
 4 -40  0.04  0.13  0.21  0.42  0.83  1.22  1.98  3.63  5.55  6.89  8.35  8.82  8.54  7.84  6.81  6.13  4.37  2.18  1.18  0.94  0.52  0.23  0.09  0.05  0.04  0.03  0.03  0.03
 4 -35  0.04  0.12  0.20  0.40  0.78  1.16  1.88  3.51  5.35  6.67  8.30  9.05  8.95  8.38  7.06  6.15  4.16  1.93  0.98  0.77  0.41  0.18  0.07  0.05  0.04  0.03  0.03  0.03
 4 -30  0.04  0.11  0.19  0.38  0.75  1.11  1.81  3.39  5.14  6.41  8.19  9.27  9.37  8.93  7.34  6.19  3.95  1.68  0.79  0.61  0.32  0.09  0.05  0.04  0.04  0.03  0.03  0.03
 4 -25  0.04  0.11  0.18  0.37  0.72  1.07  1.75  3.30  4.95  6.14  7.96  9.36  9.69  9.44  7.76  6.53  3.93  1.46  0.58  0.45  0.21  0.06  0.04  0.03  0.03  0.03  0.03  0.03
 4 -20  0.04  0.11  0.18  0.35  0.69  1.03  1.69  3.23  4.74  5.83  7.72  9.48 10.02  9.90  8.16  6.87  3.92  1.26  0.38  0.29  0.11  0.04  0.03  0.03  0.03  0.03  0.03  0.03
 4 -15  0.03  0.10  0.17  0.34  0.68  1.01  1.65  3.17  4.58  5.63  7.48  9.43 10.19 10.24  8.38  7.04  3.90  1.17  0.35  0.27  0.11  0.03  0.03  0.03  0.03  0.03  0.03  0.03
 4 -10  0.03  0.10  0.17  0.34  0.67  0.99  1.63  3.11  4.45  5.42  7.27  9.43 10.40 10.56  8.62  7.22  3.88  1.08  0.31  0.25  0.11  0.03  0.03  0.03  0.03  0.03  0.03  0.03
 4  -5  0.03  0.10  0.17  0.33  0.66  0.98  1.61  3.09  4.38  5.33  7.15  9.42 10.46 10.64  8.64  7.22  3.88  1.08  0.31  0.25  0.11  0.03  0.03  0.03  0.03  0.03  0.03  0.02
 4   0  0.03  0.10  0.17  0.34  0.67  1.00  1.62  3.04  4.31  5.23  7.02  9.33 10.42 10.64  8.62  7.21  3.89  1.11  0.31  0.25  0.12  0.03  0.03  0.03  0.03  0.03  0.03  0.03
 4   5  0.03  0.10  0.17  0.34  0.67  0.99  1.62  3.07  4.37  5.35  7.17  9.41 10.36 10.42  8.50  7.17  3.96  1.21  0.47  0.36  0.14  0.03  0.03  0.03  0.03  0.03  0.03  0.03
 4  10  0.03  0.10  0.17  0.33  0.66  0.98  1.61  3.10  4.49  5.52  7.39  9.51 10.31 10.25  8.40  7.15  4.06  1.30  0.63  0.46  0.15  0.03  0.03  0.03  0.03  0.04  0.04  0.04
 4  15  0.03  0.10  0.17  0.33  0.66  0.98  1.62  3.14  4.55  5.62  7.52  9.49 10.14  9.97  8.19  6.99  4.08  1.36  0.65  0.48  0.16  0.04  0.03  0.03  0.04  0.05  0.05  0.04
 4  20  0.03  0.10  0.17  0.34  0.67  1.00  1.64  3.15  4.62  5.72  7.67  9.45  9.93  9.65  7.95  6.82  4.10  1.41  0.67  0.50  0.17  0.05  0.04  0.04  0.05  0.05  0.05  0.05
 4  25  0.03  0.10  0.17  0.34  0.67  1.00  1.65  3.15  4.64  5.78  7.75  9.40  9.75  9.39  7.83  6.83  4.32  1.65  0.77  0.59  0.26  0.09  0.07  0.06  0.06  0.05  0.05  0.05
 4  30  0.03  0.10  0.17  0.34  0.68  1.01  1.65  3.15  4.67  5.83  7.81  9.34  9.56  9.09  7.69  6.81  4.53  1.94  0.90  0.71  0.38  0.19  0.11  0.08  0.07  0.06  0.05  0.05
 4  35  0.03  0.10  0.17  0.34  0.68  1.01  1.65  3.11  4.66  5.84  7.84  9.26  9.34  8.76  7.49  6.72  4.60  2.31  1.24  1.02  0.64  0.40  0.18  0.10  0.07  0.06  0.05  0.05
 4  40  0.04  0.11  0.18  0.35  0.69  1.02  1.65  3.07  4.68  5.90  7.93  9.16  9.11  8.46  7.33  6.64  4.66  2.71  1.59  1.34  0.91  0.57  0.34  0.14  0.09  0.06  0.05  0.05
 4  45  0.04  0.10  0.17  0.35  0.69  1.02  1.65  3.09  4.74  5.98  7.94  8.99  8.85  8.12  7.05  6.42  4.77  3.02  1.88  1.59  1.09  0.69  0.40  0.19  0.11  0.07  0.06  0.05
 4  50  0.03  0.10  0.17  0.34  0.68  1.01  1.65  3.12  4.81  6.06  7.98  8.85  8.62  7.85  6.82  6.20  4.87  3.31  2.15  1.82  1.28  0.80  0.47  0.26  0.12  0.07  0.06  0.05
 4  55  0.03  0.10  0.17  0.35  0.68  1.01  1.66  3.14  4.82  6.09  7.91  8.64  8.34  7.56  6.55  5.93  5.02  3.54  2.34  2.00  1.43  0.86  0.52  0.29  0.13  0.07  0.06  0.05
 4  60  0.04  0.11  0.18  0.36  0.71  1.05  1.71  3.24  5.08  6.39  8.06  8.53  8.12  7.25  6.33  5.77  5.23  3.82  2.59  2.20  1.56  0.91  0.57  0.32  0.14  0.07  0.06  0.05
 4  65  0.04  0.11  0.18  0.36  0.72  1.07  1.74  3.30  5.12  6.39  7.84  8.15  7.72  6.89  6.16  5.72  5.22  3.89  2.76  2.34  1.66  1.00  0.65  0.37  0.15  0.07  0.06  0.05
 4  70  0.04  0.11  0.19  0.37  0.73  1.08  1.77  3.35  5.16  6.37  7.60  7.77  7.32  6.53  5.99  5.68  5.21  3.97  2.93  2.49  1.76  1.10  0.72  0.42  0.18  0.08  0.06  0.05
 4  75  0.04  0.11  0.19  0.38  0.75  1.11  1.82  3.45  5.16  6.26  7.21  7.30  6.88  6.19  5.83  5.65  5.24  4.09  3.05  2.61  1.87  1.15  0.73  0.42  0.18  0.08  0.06  0.05
 4  80  0.04  0.12  0.20  0.39  0.77  1.14  1.87  3.55  5.16  6.16  6.84  6.83  6.44  5.85  5.66  5.60  5.26  4.21  3.17  2.73  1.99  1.21  0.74  0.41  0.17  0.08  0.06  0.05
 4  85  0.04  0.12  0.20  0.39  0.78  1.16  1.89  3.59  5.18  6.13  6.78  6.81  6.44  5.86  5.68  5.63  5.29  4.25  3.19  2.75  2.00  1.21  0.74  0.42  0.17  0.09  0.06  0.05
 4  90  0.04  0.12  0.20  0.39  0.77  1.14  1.86  3.53  5.11  6.05  6.67  6.76  6.48  5.96  5.81  5.77  5.41  4.35  3.27  2.82  2.03  1.21  0.74  0.41  0.17  0.09  0.06  0.05
 5 -90  0.06  0.18  0.30  0.59  1.15  1.66  2.55  4.06  4.99  5.65  5.72  5.50  4.85  4.08  3.71  3.59  3.44  2.83  2.15  1.79  1.17  0.55  0.29  0.16  0.06  0.03  0.03  0.03
 5 -85  0.06  0.19  0.31  0.61  1.18  1.70  2.63  4.20  5.23  5.93  5.99  5.65  4.98  4.17  3.78  3.64  3.51  2.86  2.14  1.78  1.18  0.53  0.29  0.17  0.06  0.04  0.03  0.03
 5 -80  0.06  0.19  0.31  0.62  1.19  1.72  2.66  4.27  5.35  6.07  6.11  5.69  4.98  4.16  3.77  3.64  3.51  2.87  2.15  1.79  1.19  0.54  0.30  0.17  0.06  0.04  0.03  0.03
 5 -75  0.06  0.19  0.31  0.62  1.20  1.73  2.69  4.41  5.68  6.52  6.72  6.32  5.67  4.84  4.24  3.96  3.63  2.78  2.02  1.68  1.12  0.51  0.28  0.16  0.06  0.04  0.03  0.03
 5 -70  0.06  0.19  0.31  0.62  1.20  1.75  2.73  4.58  6.05  6.98  7.30  6.89  6.30  5.50  4.72  4.30  3.77  2.69  1.89  1.57  1.05  0.48  0.26  0.15  0.07  0.04  0.03  0.03
 5 -65  0.06  0.19  0.32  0.63  1.24  1.81  2.86  4.96  6.56  7.56  7.66  7.10  6.52  5.78  5.21  4.91  4.28  2.85  1.91  1.56  1.00  0.49  0.26  0.15  0.07  0.04  0.03  0.03
 5 -60  0.07  0.20  0.32  0.64  1.26  1.85  2.95  5.24  6.98  8.06  7.95  7.28  6.73  6.06  5.72  5.51  4.77  2.97  1.90  1.53  0.94  0.49  0.24  0.14  0.07  0.04  0.03  0.03
 5 -55  0.06  0.19  0.31  0.61  1.21  1.77  2.84  5.11  7.07  8.24  8.23  7.56  7.01  6.43  6.12  5.89  4.87  2.77  1.75  1.40  0.81  0.47  0.22  0.13  0.06  0.04  0.03  0.03
 5 -50  0.06  0.18  0.29  0.58  1.15  1.69  2.70  4.85  6.96  8.23  8.45  7.89  7.35  6.69  6.44  6.22  4.95  2.54  1.53  1.21  0.68  0.45  0.20  0.09  0.05  0.04  0.03  0.03
 5 -45  0.05  0.16  0.27  0.53  1.04  1.54  2.47  4.45  6.57  7.92  8.48  8.16  7.65  6.98  6.53  6.21  4.81  2.41  1.41  1.11  0.61  0.39  0.17  0.07  0.05  0.04  0.03  0.03
 5 -40  0.05  0.15  0.24  0.48  0.95  1.40  2.24  4.07  6.18  7.58  8.53  8.47  8.01  7.30  6.66  6.19  4.66  2.28  1.29  1.01  0.53  0.34  0.16  0.06  0.04  0.03  0.03  0.03
 5 -35  0.04  0.13  0.22  0.44  0.87  1.28  2.07  3.82  5.81  7.19  8.43  8.70  8.39  7.78  7.06  6.54  4.54  2.01  1.03  0.79  0.39  0.25  0.09  0.05  0.04  0.03  0.03  0.03
 5 -30  0.04  0.12  0.21  0.41  0.81  1.19  1.93  3.58  5.45  6.77  8.29  8.93  8.80  8.29  7.48  6.88  4.41  1.75  0.77  0.58  0.25  0.10  0.06  0.05  0.04  0.03  0.03  0.03
 5 -25  0.04  0.12  0.20  0.39  0.77  1.14  1.85  3.44  5.18  6.41  8.03  9.04  9.16  8.83  7.72  6.89  4.26  1.58  0.60  0.45  0.19  0.06  0.04  0.04  0.03  0.03  0.03  0.03
 5 -20  0.04  0.11  0.19  0.37  0.74  1.09  1.78  3.31  4.89  6.02  7.75  9.16  9.52  9.33  7.94  6.90  4.11  1.43  0.45  0.33  0.13  0.04  0.03  0.03  0.03  0.03  0.03  0.03
 5 -15  0.04  0.11  0.18  0.36  0.72  1.07  1.74  3.27  4.76  5.83  7.54  9.13  9.72  9.70  8.21  7.12  4.10  1.30  0.37  0.29  0.12  0.03  0.03  0.03  0.03  0.03  0.03  0.03
 5 -10  0.04  0.11  0.18  0.36  0.71  1.06  1.72  3.21  4.63  5.65  7.37  9.16  9.94 10.07  8.50  7.35  4.08  1.17  0.30  0.23  0.10  0.03  0.03  0.03  0.03  0.03  0.03  0.03
 5  -5  0.04  0.11  0.18  0.36  0.71  1.05  1.70  3.19  4.59  5.60  7.30  9.20 10.05 10.20  8.42  7.13  3.86  1.00  0.25  0.21  0.10  0.03  0.03  0.03  0.03  0.03  0.03  0.02
 5   0  0.04  0.11  0.18  0.35  0.70  1.04  1.69  3.17  4.55  5.54  7.26  9.19 10.08 10.26  8.30  6.91  3.65  0.84  0.22  0.19  0.09  0.03  0.03  0.03  0.03  0.03  0.03  0.02
 5   5  0.04  0.11  0.18  0.35  0.69  1.03  1.68  3.17  4.56  5.59  7.37  9.32 10.11 10.17  8.39  7.11  3.94  1.10  0.39  0.32  0.16  0.03  0.03  0.03  0.03  0.03  0.03  0.03
 5  10  0.03  0.10  0.17  0.34  0.68  1.01  1.65  3.18  4.63  5.69  7.54  9.46 10.15 10.12  8.48  7.32  4.23  1.36  0.55  0.44  0.22  0.03  0.03  0.03  0.03  0.04  0.04  0.03
 5  15  0.03  0.10  0.17  0.34  0.67  1.00  1.65  3.18  4.62  5.70  7.58  9.46 10.07  9.91  8.34  7.25  4.16  1.44  0.58  0.47  0.24  0.04  0.03  0.03  0.04  0.04  0.04  0.04
 5  20  0.03  0.10  0.17  0.34  0.68  1.01  1.66  3.15  4.62  5.71  7.65  9.45  9.93  9.67  8.18  7.17  4.09  1.53  0.62  0.50  0.26  0.06  0.04  0.04  0.05  0.05  0.05  0.04
 5  25  0.03  0.10  0.17  0.34  0.67  1.00  1.64  3.12  4.57  5.67  7.62  9.36  9.80  9.49  8.03  7.07  4.35  1.72  0.74  0.60  0.33  0.10  0.07  0.06  0.05  0.05  0.05  0.05
 5  30  0.03  0.10  0.17  0.33  0.66  0.98  1.61  3.09  4.53  5.63  7.58  9.28  9.64  9.27  7.86  6.96  4.60  1.95  0.88  0.72  0.42  0.18  0.09  0.07  0.06  0.06  0.05  0.05
 5  35  0.03  0.10  0.17  0.33  0.66  0.98  1.60  3.02  4.45  5.54  7.48  9.14  9.44  8.99  7.64  6.80  4.64  2.24  1.14  0.95  0.61  0.35  0.14  0.08  0.07  0.06  0.05  0.05
 5  40  0.03  0.10  0.17  0.33  0.66  0.98  1.59  2.96  4.41  5.50  7.45  9.00  9.23  8.73  7.43  6.64  4.68  2.54  1.41  1.19  0.82  0.50  0.22  0.11  0.08  0.06  0.05  0.05
 5  45  0.03  0.10  0.16  0.33  0.64  0.96  1.56  2.93  4.35  5.43  7.33  8.81  8.99  8.42  7.14  6.39  4.68  2.76  1.67  1.41  0.99  0.63  0.36  0.16  0.10  0.06  0.06  0.05
 5  50  0.03  0.10  0.16  0.31  0.62  0.93  1.52  2.90  4.31  5.38  7.25  8.63  8.76  8.13  6.88  6.15  4.66  2.98  1.91  1.63  1.16  0.74  0.44  0.20  0.11  0.07  0.06  0.05
 5  55  0.03  0.09  0.15  0.31  0.61  0.91  1.49  2.85  4.21  5.26  7.12  8.42  8.45  7.77  6.58  5.87  4.68  3.14  2.05  1.73  1.24  0.79  0.50  0.28  0.13  0.07  0.06  0.05
 5  60  0.03  0.09  0.16  0.31  0.62  0.92  1.50  2.87  4.34  5.43  7.22  8.28  8.19  7.39  6.31  5.69  4.76  3.36  2.23  1.87  1.31  0.83  0.54  0.31  0.14  0.07  0.06  0.05
 5  65  0.03  0.09  0.15  0.31  0.61  0.90  1.48  2.82  4.26  5.32  6.98  7.86  7.66  6.84  5.82  5.22  4.49  3.39  2.37  2.00  1.42  0.90  0.60  0.36  0.15  0.08  0.06  0.05
 5  70  0.03  0.09  0.15  0.30  0.60  0.89  1.45  2.77  4.18  5.21  6.75  7.44  7.15  6.29  5.31  4.74  4.21  3.42  2.50  2.13  1.54  0.97  0.67  0.42  0.24  0.08  0.06  0.05
 5  75  0.03  0.09  0.15  0.30  0.60  0.89  1.45  2.78  4.24  5.29  6.73  7.15  6.70  5.81  5.09  4.69  4.35  3.52  2.56  2.18  1.57  0.99  0.67  0.42  0.23  0.08  0.06  0.05
 5  80  0.03  0.09  0.15  0.30  0.59  0.88  1.44  2.76  4.29  5.38  6.73  6.88  6.27  5.34  4.86  4.65  4.49  3.63  2.62  2.23  1.61  1.02  0.67  0.42  0.22  0.08  0.06  0.05
 5  85  0.03  0.09  0.15  0.30  0.59  0.87  1.43  2.73  4.27  5.38  6.72  6.85  6.24  5.32  4.84  4.64  4.50  3.66  2.64  2.26  1.63  1.02  0.68  0.42  0.23  0.09  0.06  0.05
 5  90  0.03  0.09  0.15  0.29  0.58  0.85  1.40  2.66  4.15  5.27  6.63  6.81  6.22  5.30  4.77  4.56  4.47  3.71  2.67  2.26  1.59  1.01  0.68  0.42  0.23  0.09  0.06  0.05
 6 -90  0.06  0.18  0.29  0.58  1.11  1.59  2.41  3.63  4.75  5.57  5.63  5.77  5.53  4.91  4.36  4.12  3.47  2.86  2.10  1.77  1.21  0.48  0.21  0.09  0.05  0.03  0.03  0.03
 6 -85  0.06  0.18  0.30  0.59  1.14  1.64  2.49  3.80  5.03  5.92  6.01  5.95  5.63  5.03  4.47  4.18  3.54  2.90  2.11  1.77  1.21  0.47  0.21  0.09  0.05  0.03  0.03  0.03
 6 -80  0.06  0.18  0.31  0.60  1.15  1.65  2.52  3.85  5.11  6.01  6.13  6.05  5.68  5.05  4.47  4.18  3.54  2.91  2.12  1.77  1.21  0.47  0.22  0.09  0.05  0.03  0.03  0.03
 6 -75  0.06  0.19  0.31  0.61  1.17  1.68  2.58  4.04  5.36  6.30  6.63  6.64  6.24  5.55  4.79  4.38  3.71  2.91  2.10  1.75  1.20  0.47  0.21  0.10  0.06  0.04  0.03  0.03
 6 -70  0.06  0.19  0.31  0.62  1.19  1.73  2.68  4.33  5.72  6.69  7.17  7.14  6.70  5.99  5.10  4.58  3.90  2.92  2.08  1.74  1.20  0.46  0.21  0.10  0.06  0.04  0.03  0.03
 6 -65  0.06  0.19  0.32  0.63  1.22  1.78  2.78  4.65  6.18  7.20  7.46  7.18  6.71  6.03  5.39  5.02  4.31  3.03  2.09  1.74  1.18  0.50  0.25  0.10  0.06  0.04  0.03  0.03
 6 -60  0.07  0.19  0.32  0.64  1.24  1.81  2.86  4.91  6.54  7.59  7.64  7.16  6.67  6.03  5.65  5.44  4.69  3.10  2.09  1.73  1.15  0.54  0.28  0.10  0.06  0.04  0.03  0.03
 6 -55  0.06  0.19  0.32  0.63  1.23  1.80  2.87  5.08  6.93  8.08  7.97  7.31  6.80  6.29  6.02  5.83  4.83  2.93  1.91  1.57  1.01  0.51  0.29  0.09  0.06  0.04  0.03  0.03
 6 -50  0.06  0.19  0.31  0.62  1.21  1.78  2.85  5.08  7.08  8.33  8.21  7.51  7.01  6.48  6.33  6.19  4.95  2.72  1.64  1.35  0.86  0.48  0.30  0.09  0.05  0.04  0.03  0.03
 6 -45  0.06  0.17  0.28  0.56  1.11  1.63  2.60  4.65  6.71  8.03  8.34  7.86  7.35  6.75  6.39  6.12  4.86  2.60  1.52  1.25  0.80  0.44  0.27  0.08  0.05  0.04  0.03  0.03
 6 -40  0.05  0.15  0.25  0.50  0.99  1.46  2.34  4.24  6.36  7.76  8.53  8.28  7.77  7.08  6.50  6.05  4.76  2.46  1.40  1.15  0.72  0.40  0.24  0.07  0.05  0.03  0.03  0.03
 6 -35  0.05  0.14  0.23  0.46  0.90  1.33  2.14  3.92  5.92  7.28  8.37  8.49  8.12  7.52  6.87  6.39  4.81  2.19  1.09  0.88  0.53  0.29  0.12  0.07  0.05  0.04  0.03  0.03
 6 -30  0.04  0.13  0.21  0.42  0.82  1.21  1.96  3.61  5.48  6.78  8.21  8.71  8.52  7.98  7.25  6.70  4.83  1.91  0.78  0.62  0.35  0.19  0.07  0.05  0.04  0.04  0.03  0.03
 6 -25  0.04  0.12  0.20  0.40  0.79  1.17  1.89  3.47  5.24  6.50  8.04  8.81  8.79  8.40  7.49  6.81  4.60  1.66  0.59  0.46  0.24  0.06  0.04  0.04  0.04  0.04  0.04  0.03
 6 -20  0.04  0.12  0.20  0.39  0.77  1.13  1.83  3.34  4.98  6.16  7.82  8.94  9.11  8.79  7.71  6.91  4.36  1.44  0.42  0.32  0.14  0.04  0.03  0.03  0.03  0.03  0.04  0.03
 6 -15  0.04  0.11  0.19  0.38  0.75  1.11  1.79  3.33  4.91  6.05  7.72  9.00  9.35  9.16  7.87  6.93  4.15  1.34  0.40  0.31  0.13  0.04  0.03  0.03  0.03  0.03  0.03  0.03
 6 -10  0.04  0.11  0.19  0.38  0.75  1.10  1.78  3.29  4.84  5.94  7.63  9.09  9.60  9.55  8.05  6.96  3.94  1.22  0.37  0.29  0.13  0.03  0.03  0.03  0.03  0.03  0.03  0.03
 6  -5  0.04  0.11  0.19  0.38  0.74  1.10  1.78  3.28  4.82  5.92  7.61  9.17  9.79  9.75  8.23  7.17  3.99  1.15  0.34  0.27  0.13  0.03  0.03  0.03  0.03  0.03  0.03  0.03
 6   0  0.04  0.11  0.18  0.36  0.72  1.07  1.74  3.30  4.81  5.91  7.64  9.27  9.94  9.92  8.41  7.38  4.07  1.10  0.31  0.26  0.14  0.03  0.03  0.03  0.03  0.03  0.03  0.03
 6   5  0.04  0.11  0.18  0.36  0.72  1.07  1.74  3.27  4.79  5.92  7.72  9.38  9.97  9.92  8.44  7.41  4.23  1.26  0.43  0.35  0.18  0.03  0.03  0.03  0.03  0.03  0.03  0.03
 6  10  0.04  0.11  0.18  0.35  0.70  1.04  1.71  3.28  4.82  5.96  7.82  9.51 10.05  9.96  8.47  7.43  4.39  1.41  0.55  0.44  0.23  0.03  0.03  0.03  0.03  0.04  0.03  0.03
 6  15  0.04  0.11  0.18  0.35  0.70  1.04  1.70  3.25  4.78  5.91  7.80  9.49  9.98  9.78  8.26  7.21  4.30  1.49  0.58  0.47  0.25  0.04  0.03  0.04  0.04  0.04  0.04  0.03
 6  20  0.04  0.11  0.18  0.35  0.70  1.04  1.70  3.22  4.73  5.86  7.80  9.48  9.89  9.60  8.04  6.98  4.23  1.57  0.61  0.50  0.27  0.06  0.04  0.04  0.05  0.05  0.04  0.04
 6  25  0.03  0.10  0.17  0.35  0.69  1.02  1.67  3.17  4.66  5.77  7.69  9.35  9.75  9.44  8.04  7.12  4.40  1.71  0.66  0.54  0.30  0.09  0.06  0.05  0.05  0.05  0.05  0.04
 6  30  0.03  0.10  0.17  0.34  0.67  1.00  1.63  3.13  4.57  5.68  7.59  9.24  9.60  9.26  8.04  7.25  4.57  1.85  0.71  0.57  0.32  0.13  0.07  0.06  0.05  0.05  0.05  0.04
 6  35  0.03  0.10  0.17  0.34  0.66  0.98  1.61  3.04  4.46  5.53  7.42  9.05  9.38  9.00  7.75  6.94  4.56  2.12  0.98  0.80  0.48  0.20  0.10  0.07  0.06  0.05  0.05  0.04
 6  40  0.03  0.10  0.17  0.33  0.65  0.97  1.58  2.96  4.37  5.42  7.32  8.85  9.13  8.74  7.45  6.63  4.56  2.41  1.26  1.04  0.65  0.37  0.16  0.10  0.07  0.06  0.05  0.05
 6  45  0.03  0.10  0.16  0.32  0.63  0.94  1.53  2.89  4.24  5.27  7.10  8.60  8.86  8.42  7.14  6.35  4.59  2.59  1.49  1.23  0.82  0.49  0.28  0.13  0.09  0.06  0.05  0.05
 6  50  0.03  0.09  0.15  0.31  0.61  0.90  1.48  2.84  4.15  5.14  6.92  8.37  8.60  8.11  6.85  6.09  4.60  2.76  1.69  1.42  0.98  0.60  0.36  0.16  0.10  0.07  0.06  0.05
 6  55  0.03  0.09  0.15  0.29  0.58  0.87  1.43  2.75  3.98  4.93  6.67  8.08  8.25  7.72  6.54  5.81  4.44  2.86  1.78  1.49  1.03  0.65  0.41  0.19  0.11  0.07  0.06  0.05
 6  60  0.03  0.09  0.15  0.29  0.58  0.87  1.42  2.74  4.04  5.00  6.65  7.86  7.93  7.28  6.24  5.61  4.32  3.00  1.92  1.59  1.08  0.68  0.46  0.27  0.12  0.07  0.06  0.05
 6  65  0.03  0.09  0.14  0.28  0.56  0.84  1.38  2.66  3.93  4.85  6.40  7.47  7.44  6.73  5.69  5.05  4.03  3.00  2.03  1.69  1.17  0.72  0.51  0.30  0.13  0.08  0.06  0.05
 6  70  0.03  0.08  0.14  0.27  0.54  0.81  1.33  2.57  3.81  4.70  6.18  7.11  6.98  6.20  5.15  4.50  3.73  3.00  2.13  1.79  1.26  0.76  0.56  0.33  0.15  0.08  0.06  0.05
 6  75  0.03  0.08  0.13  0.26  0.52  0.78  1.28  2.46  3.75  4.66  6.16  6.94  6.67  5.83  4.89  4.32  3.77  3.05  2.18  1.84  1.32  0.79  0.59  0.35  0.17  0.09  0.06  0.05
 6  80  0.03  0.08  0.13  0.25  0.50  0.75  1.23  2.36  3.68  4.61  6.15  6.78  6.37  5.46  4.64  4.14  3.80  3.09  2.22  1.90  1.37  0.81  0.61  0.37  0.20  0.09  0.06  0.05
 6  85  0.03  0.08  0.13  0.25  0.50  0.74  1.22  2.34  3.66  4.59  6.12  6.75  6.34  5.44  4.62  4.14  3.80  3.09  2.23  1.90  1.38  0.81  0.61  0.37  0.20  0.09  0.07  0.05
 6  90  0.03  0.08  0.12  0.25  0.49  0.73  1.20  2.31  3.55  4.46  5.96  6.61  6.28  5.43  4.57  4.05  3.70  3.07  2.20  1.87  1.34  0.81  0.62  0.38  0.20  0.09  0.07  0.05
 7 -90  0.05  0.16  0.26  0.51  0.98  1.40  2.09  2.98  4.19  5.03  5.43  5.85  5.84  5.34  4.67  4.23  3.74  2.84  2.09  1.73  1.14  0.46  0.20  0.08  0.05  0.03  0.03  0.03
 7 -85  0.06  0.16  0.27  0.53  1.02  1.45  2.18  3.17  4.47  5.36  5.81  6.07  5.96  5.41  4.80  4.36  3.85  2.90  2.12  1.74  1.13  0.45  0.20  0.08  0.05  0.03  0.03  0.03
 7 -80  0.06  0.17  0.28  0.54  1.03  1.48  2.23  3.25  4.58  5.48  5.91  6.17  6.05  5.45  4.83  4.38  3.87  2.93  2.13  1.75  1.14  0.46  0.20  0.08  0.05  0.03  0.03  0.03
 7 -75  0.05  0.16  0.27  0.52  0.99  1.43  2.16  3.21  4.60  5.54  6.18  6.71  6.65  6.04  5.14  4.51  3.79  2.95  2.15  1.77  1.17  0.46  0.20  0.08  0.05  0.03  0.03  0.03
 7 -70  0.05  0.15  0.25  0.50  0.95  1.37  2.09  3.21  4.69  5.70  6.57  7.27  7.19  6.54  5.41  4.63  3.74  3.00  2.19  1.81  1.21  0.48  0.21  0.09  0.05  0.04  0.03  0.03
 7 -65  0.05  0.16  0.27  0.52  1.01  1.46  2.27  3.70  5.31  6.40  7.13  7.42  7.08  6.35  5.61  5.16  4.34  3.16  2.19  1.82  1.25  0.51  0.24  0.10  0.05  0.04  0.03  0.03
 7 -60  0.06  0.16  0.27  0.54  1.05  1.53  2.41  4.14  5.83  6.99  7.54  7.41  6.88  6.13  5.78  5.62  4.87  3.27  2.17  1.82  1.27  0.54  0.28  0.10  0.06  0.04  0.03  0.03
 7 -55  0.05  0.16  0.27  0.53  1.04  1.52  2.44  4.37  6.24  7.45  7.94  7.59  7.00  6.36  6.16  6.04  5.02  3.12  2.03  1.69  1.12  0.52  0.29  0.09  0.06  0.04  0.03  0.03
 7 -50  0.05  0.16  0.26  0.53  1.03  1.52  2.45  4.45  6.43  7.69  8.22  7.79  7.20  6.53  6.52  6.49  5.16  2.91  1.79  1.48  0.95  0.48  0.30  0.09  0.05  0.04  0.03  0.03
 7 -45  0.05  0.15  0.25  0.50  0.99  1.45  2.33  4.23  6.22  7.53  8.32  8.11  7.54  6.86  6.58  6.39  5.11  2.85  1.69  1.39  0.87  0.44  0.27  0.08  0.05  0.04  0.03  0.03
 7 -40  0.05  0.14  0.24  0.47  0.93  1.37  2.20  4.02  6.05  7.40  8.50  8.51  8.00  7.27  6.71  6.30  5.05  2.80  1.60  1.29  0.78  0.40  0.24  0.09  0.05  0.04  0.03  0.03
 7 -35  0.04  0.13  0.22  0.44  0.87  1.28  2.06  3.79  5.74  7.07  8.37  8.65  8.27  7.62  6.87  6.33  4.96  2.51  1.28  1.02  0.57  0.30  0.19  0.09  0.05  0.04  0.03  0.03
 7 -30  0.04  0.12  0.21  0.41  0.81  1.20  1.94  3.58  5.43  6.72  8.24  8.80  8.58  8.00  7.04  6.35  4.85  2.22  0.98  0.76  0.39  0.20  0.09  0.06  0.05  0.04  0.04  0.03
 7 -25  0.04  0.12  0.20  0.40  0.79  1.17  1.89  3.45  5.24  6.53  8.15  8.91  8.78  8.28  7.28  6.57  4.66  1.89  0.74  0.57  0.28  0.07  0.05  0.04  0.04  0.04  0.04  0.04
 7 -20  0.04  0.12  0.20  0.40  0.78  1.15  1.85  3.34  5.04  6.28  8.02  9.01  9.01  8.53  7.48  6.75  4.46  1.59  0.51  0.39  0.17  0.05  0.04  0.04  0.03  0.04  0.04  0.04
 7 -15  0.04  0.12  0.19  0.38  0.76  1.12  1.81  3.33  4.98  6.17  7.93  9.12  9.31  8.93  7.72  6.92  4.15  1.40  0.46  0.36  0.17  0.04  0.03  0.03  0.03  0.03  0.04  0.04
 7 -10  0.04  0.12  0.19  0.38  0.75  1.11  1.79  3.30  4.90  6.07  7.86  9.25  9.63  9.40  8.04  7.12  3.84  1.19  0.41  0.33  0.16  0.04  0.03  0.03  0.03  0.03  0.04  0.03
 7  -5  0.04  0.11  0.19  0.38  0.75  1.10  1.78  3.28  4.87  6.03  7.83  9.34  9.86  9.67  8.08  7.05  3.88  1.15  0.41  0.33  0.17  0.03  0.03  0.03  0.03  0.03  0.03  0.03
 7   0  0.04  0.11  0.18  0.36  0.71  1.06  1.73  3.31  4.87  6.03  7.86  9.48 10.06  9.91  8.15  7.01  3.96  1.13  0.40  0.33  0.17  0.03  0.03  0.03  0.03  0.03  0.03  0.03
 7   5  0.04  0.11  0.18  0.36  0.72  1.07  1.74  3.29  4.86  6.03  7.93  9.56 10.08  9.95  8.33  7.25  4.21  1.33  0.53  0.42  0.20  0.03  0.03  0.03  0.03  0.03  0.03  0.03
 7  10  0.04  0.11  0.18  0.36  0.71  1.05  1.72  3.30  4.89  6.06  8.01  9.67 10.15 10.01  8.51  7.47  4.43  1.53  0.65  0.50  0.22  0.03  0.03  0.03  0.03  0.03  0.03  0.03
 7  15  0.04  0.11  0.18  0.36  0.71  1.05  1.72  3.29  4.87  6.03  7.98  9.61 10.02  9.78  8.34  7.33  4.41  1.60  0.67  0.51  0.23  0.04  0.03  0.03  0.04  0.04  0.04  0.03
 7  20  0.04  0.11  0.18  0.36  0.72  1.07  1.74  3.27  4.83  5.99  7.97  9.56  9.89  9.59  8.17  7.18  4.42  1.67  0.69  0.53  0.24  0.05  0.04  0.04  0.04  0.05  0.04  0.03
 7  25  0.04  0.11  0.18  0.36  0.70  1.05  1.71  3.25  4.79  5.93  7.85  9.40  9.73  9.41  8.01  7.06  4.41  1.81  0.74  0.57  0.25  0.08  0.05  0.05  0.05  0.05  0.04  0.04
 7  30  0.04  0.11  0.18  0.35  0.69  1.03  1.69  3.23  4.74  5.88  7.76  9.27  9.56  9.23  7.85  6.93  4.40  1.95  0.79  0.60  0.27  0.10  0.06  0.05  0.05  0.05  0.05  0.04
 7  35  0.03  0.10  0.17  0.35  0.69  1.02  1.66  3.15  4.62  5.73  7.58  9.04  9.31  8.95  7.64  6.77  4.41  2.10  0.97  0.75  0.38  0.13  0.07  0.06  0.06  0.05  0.05  0.04
 7  40  0.03  0.10  0.17  0.34  0.67  1.00  1.63  3.09  4.54  5.62  7.45  8.82  9.04  8.66  7.42  6.60  4.42  2.25  1.15  0.91  0.50  0.19  0.10  0.07  0.06  0.06  0.05  0.04
 7  45  0.03  0.10  0.17  0.33  0.65  0.97  1.58  2.99  4.38  5.43  7.22  8.56  8.76  8.34  7.10  6.32  4.44  2.40  1.30  1.06  0.64  0.33  0.16  0.10  0.07  0.06  0.05  0.04
 7  50  0.03  0.09  0.16  0.31  0.62  0.93  1.52  2.92  4.26  5.27  7.01  8.31  8.48  8.01  6.79  6.05  4.45  2.56  1.46  1.21  0.79  0.45  0.27  0.13  0.09  0.06  0.05  0.04
 7  55  0.03  0.09  0.15  0.30  0.60  0.89  1.46  2.82  4.08  5.05  6.77  8.04  8.15  7.62  6.40  5.63  4.26  2.62  1.55  1.29  0.88  0.51  0.33  0.16  0.10  0.07  0.06  0.05
 7  60  0.03  0.09  0.15  0.30  0.59  0.88  1.44  2.79  4.12  5.10  6.73  7.83  7.83  7.19  6.03  5.32  4.13  2.74  1.70  1.41  0.96  0.57  0.38  0.19  0.11  0.07  0.06  0.05
 7  65  0.03  0.09  0.14  0.28  0.57  0.84  1.39  2.69  3.98  4.91  6.43  7.39  7.29  6.60  5.45  4.73  3.78  2.75  1.80  1.50  1.04  0.61  0.43  0.25  0.12  0.07  0.06  0.05
 7  70  0.03  0.08  0.14  0.27  0.54  0.81  1.33  2.58  3.83  4.71  6.13  6.95  6.76  6.01  4.87  4.14  3.43  2.77  1.89  1.59  1.13  0.65  0.47  0.28  0.13  0.07  0.06  0.05
 7  75  0.03  0.08  0.13  0.26  0.52  0.78  1.28  2.46  3.75  4.64  6.05  6.70  6.39  5.59  4.60  3.96  3.42  2.83  1.96  1.64  1.16  0.66  0.49  0.29  0.15  0.08  0.06  0.05
 7  80  0.03  0.08  0.12  0.25  0.49  0.74  1.21  2.33  3.66  4.57  5.99  6.47  6.03  5.18  4.32  3.78  3.40  2.87  2.02  1.70  1.20  0.66  0.52  0.31  0.16  0.08  0.06  0.05
 7  85  0.02  0.07  0.12  0.25  0.49  0.73  1.20  2.31  3.64  4.56  5.96  6.43  5.99  5.16  4.31  3.79  3.40  2.88  2.03  1.70  1.20  0.66  0.52  0.31  0.18  0.09  0.06  0.05
 7  90  0.02  0.07  0.12  0.24  0.49  0.72  1.19  2.29  3.54  4.46  5.84  6.28  5.88  5.10  4.27  3.74  3.32  2.83  2.01  1.67  1.17  0.66  0.53  0.32  0.18  0.09  0.06  0.04
 8 -90  0.04  0.13  0.21  0.42  0.81  1.16  1.75  2.61  3.65  4.36  5.33  6.61  6.66  6.10  4.97  3.90  3.16  2.69  1.97  1.64  1.10  0.46  0.16  0.07  0.05  0.03  0.03  0.03
 8 -85  0.05  0.13  0.22  0.44  0.84  1.20  1.83  2.76  3.97  4.78  5.76  6.82  6.85  6.15  5.04  4.09  3.35  2.81  2.03  1.68  1.11  0.45  0.17  0.08  0.05  0.03  0.03  0.03
 8 -80  0.05  0.14  0.23  0.45  0.86  1.24  1.88  2.88  4.16  5.00  5.96  6.92  6.93  6.22  5.12  4.17  3.43  2.87  2.06  1.70  1.13  0.46  0.16  0.08  0.05  0.03  0.03  0.03
 8 -75  0.05  0.14  0.24  0.47  0.90  1.30  2.01  3.22  4.58  5.46  6.33  6.99  6.94  6.36  5.36  4.53  3.70  3.03  2.16  1.79  1.20  0.48  0.17  0.08  0.05  0.04  0.03  0.03
 8 -70  0.05  0.14  0.24  0.47  0.91  1.33  2.09  3.51  4.94  5.89  6.70  7.09  6.97  6.45  5.47  4.79  3.97  3.21  2.28  1.90  1.29  0.52  0.17  0.08  0.05  0.04  0.03  0.03
 8 -65  0.05  0.14  0.23  0.46  0.90  1.31  2.09  3.66  5.22  6.29  7.18  7.45  7.20  6.54  5.73  5.30  4.51  3.45  2.32  1.92  1.29  0.54  0.19  0.08  0.05  0.04  0.03  0.03
 8 -60  0.05  0.14  0.23  0.45  0.88  1.30  2.09  3.80  5.46  6.61  7.55  7.64  7.26  6.52  5.99  5.76  4.92  3.55  2.28  1.89  1.26  0.56  0.29  0.09  0.05  0.04  0.03  0.03
 8 -55  0.05  0.14  0.23  0.45  0.88  1.31  2.13  3.98  5.84  7.05  8.01  7.97  7.51  6.85  6.34  6.04  5.10  3.47  2.19  1.82  1.20  0.55  0.30  0.09  0.06  0.04  0.03  0.03
 8 -50  0.05  0.14  0.23  0.45  0.89  1.32  2.16  4.07  6.02  7.33  8.38  8.35  7.87  7.15  6.68  6.37  5.31  3.38  1.99  1.67  1.12  0.53  0.32  0.10  0.06  0.04  0.03  0.03
 8 -45  0.05  0.14  0.23  0.45  0.89  1.31  2.13  3.96  5.92  7.26  8.44  8.58  8.11  7.37  6.70  6.27  5.23  3.23  1.84  1.53  1.01  0.50  0.30  0.10  0.06  0.04  0.04  0.03
 8 -40  0.04  0.13  0.22  0.44  0.87  1.29  2.08  3.87  5.86  7.21  8.56  8.86  8.46  7.69  6.79  6.19  5.15  3.09  1.70  1.39  0.89  0.45  0.29  0.10  0.06  0.04  0.04  0.03
 8 -35  0.04  0.13  0.21  0.42  0.83  1.23  1.99  3.69  5.62  6.97  8.48  8.98  8.64  7.91  6.90  6.24  5.01  2.74  1.34  1.08  0.65  0.33  0.23  0.09  0.06  0.04  0.04  0.04
 8 -30  0.04  0.12  0.20  0.40  0.79  1.16  1.89  3.53  5.37  6.71  8.39  9.09  8.85  8.14  7.03  6.29  4.85  2.40  1.02  0.81  0.45  0.22  0.09  0.07  0.06  0.05  0.04  0.04
 8 -25  0.04  0.12  0.20  0.39  0.77  1.14  1.85  3.39  5.17  6.49  8.30  9.24  9.09  8.45  7.28  6.49  4.69  2.03  0.74  0.58  0.30  0.07  0.05  0.05  0.04  0.04  0.04  0.04
 8 -20  0.04  0.12  0.20  0.39  0.76  1.12  1.80  3.27  4.97  6.24  8.15  9.36  9.36  8.74  7.48  6.64  4.52  1.70  0.47  0.37  0.17  0.05  0.04  0.04  0.04  0.04  0.04  0.04
 8 -15  0.04  0.11  0.19  0.37  0.73  1.08  1.75  3.24  4.87  6.06  7.98  9.42  9.64  9.14  7.73  6.85  4.19  1.47  0.46  0.35  0.15  0.04  0.03  0.03  0.03  0.04  0.04  0.04
 8 -10  0.04  0.11  0.18  0.36  0.72  1.06  1.72  3.20  4.76  5.90  7.85  9.52  9.98  9.65  8.09  7.10  3.85  1.22  0.44  0.33  0.13  0.04  0.03  0.03  0.03  0.03  0.04  0.04
 8  -5  0.04  0.11  0.18  0.36  0.72  1.06  1.71  3.18  4.71  5.83  7.77  9.56 10.19  9.96  8.25  7.18  3.81  1.18  0.44  0.33  0.14  0.03  0.03  0.03  0.03  0.03  0.03  0.03
 8   0  0.03  0.10  0.17  0.34  0.68  1.01  1.66  3.21  4.70  5.81  7.78  9.69 10.42 10.26  8.44  7.30  3.82  1.15  0.44  0.33  0.14  0.03  0.03  0.03  0.03  0.03  0.03  0.03
 8   5  0.04  0.11  0.18  0.35  0.70  1.03  1.69  3.19  4.71  5.83  7.85  9.73 10.39 10.26  8.53  7.41  4.12  1.31  0.54  0.41  0.16  0.03  0.03  0.03  0.03  0.03  0.03  0.03
 8  10  0.04  0.10  0.17  0.35  0.69  1.03  1.68  3.22  4.76  5.90  7.94  9.81 10.39 10.26  8.62  7.50  4.39  1.48  0.64  0.48  0.18  0.03  0.03  0.03  0.03  0.03  0.03  0.03
 8  15  0.04  0.11  0.18  0.35  0.70  1.04  1.70  3.24  4.83  5.98  8.00  9.72 10.17  9.94  8.42  7.35  4.38  1.56  0.67  0.49  0.19  0.04  0.03  0.03  0.04  0.04  0.04  0.03
 8  20  0.04  0.11  0.18  0.36  0.72  1.07  1.73  3.25  4.86  6.04  8.06  9.66  9.97  9.67  8.21  7.19  4.38  1.64  0.70  0.51  0.20  0.05  0.04  0.04  0.04  0.05  0.04  0.03
 8  25  0.04  0.11  0.18  0.36  0.71  1.06  1.73  3.29  4.90  6.07  8.02  9.49  9.76  9.43  8.02  7.04  4.35  1.77  0.73  0.54  0.21  0.06  0.05  0.05  0.05  0.05  0.04  0.04
 8  30  0.04  0.11  0.18  0.36  0.71  1.06  1.73  3.31  4.92  6.12  8.02  9.36  9.55  9.19  7.84  6.91  4.35  1.89  0.78  0.58  0.23  0.08  0.06  0.05  0.05  0.05  0.05  0.04
 8  35  0.04  0.11  0.18  0.36  0.71  1.05  1.72  3.26  4.84  6.02  7.86  9.12  9.27  8.89  7.62  6.75  4.35  1.99  0.90  0.69  0.32  0.10  0.07  0.06  0.05  0.05  0.05  0.04
 8  40  0.04  0.11  0.18  0.35  0.70  1.04  1.70  3.23  4.79  5.95  7.75  8.90  8.98  8.57  7.38  6.57  4.34  2.10  1.03  0.80  0.41  0.14  0.08  0.07  0.06  0.05  0.05  0.04
 8  45  0.04  0.10  0.17  0.35  0.69  1.02  1.67  3.15  4.68  5.82  7.60  8.68  8.71  8.22  7.04  6.26  4.26  2.25  1.20  0.95  0.54  0.25  0.12  0.08  0.07  0.05  0.05  0.04
 8  50  0.03  0.10  0.17  0.34  0.67  0.99  1.62  3.10  4.60  5.72  7.47  8.46  8.42  7.85  6.69  5.95  4.18  2.40  1.36  1.11  0.69  0.34  0.20  0.11  0.08  0.06  0.05  0.04
 8  55  0.03  0.10  0.16  0.32  0.64  0.95  1.57  3.03  4.47  5.58  7.33  8.25  8.11  7.46  6.31  5.57  3.98  2.51  1.50  1.22  0.78  0.39  0.23  0.14  0.09  0.06  0.05  0.04
 8  60  0.03  0.10  0.16  0.32  0.63  0.95  1.56  3.02  4.56  5.70  7.37  8.09  7.82  7.01  5.96  5.31  3.85  2.67  1.68  1.36  0.87  0.44  0.27  0.16  0.10  0.06  0.05  0.04
 8  65  0.03  0.09  0.16  0.31  0.62  0.92  1.52  2.95  4.45  5.55  7.07  7.57  7.19  6.34  5.36  4.76  3.63  2.71  1.78  1.45  0.95  0.49  0.32  0.20  0.10  0.06  0.05  0.04
 8  70  0.03  0.09  0.15  0.30  0.60  0.90  1.48  2.87  4.32  5.36  6.70  7.01  6.54  5.67  4.77  4.22  3.41  2.73  1.87  1.54  1.02  0.54  0.37  0.22  0.11  0.07  0.05  0.04
 8  75  0.03  0.09  0.15  0.30  0.60  0.89  1.47  2.84  4.26  5.24  6.33  6.36  5.81  4.97  4.30  3.90  3.40  2.76  1.92  1.58  1.06  0.57  0.39  0.23  0.12  0.07  0.06  0.04
 8  80  0.03  0.09  0.15  0.30  0.59  0.88  1.45  2.81  4.21  5.14  5.99  5.74  5.10  4.30  3.84  3.58  3.39  2.78  1.96  1.62  1.10  0.60  0.40  0.24  0.13  0.07  0.06  0.04
 8  85  0.03  0.09  0.15  0.30  0.59  0.88  1.45  2.80  4.22  5.13  5.91  5.66  5.04  4.28  3.86  3.62  3.42  2.79  1.96  1.62  1.10  0.60  0.40  0.24  0.14  0.07  0.06  0.05
 8  90  0.03  0.09  0.15  0.30  0.59  0.87  1.44  2.77  4.16  5.05  5.77  5.48  4.88  4.17  3.78  3.54  3.31  2.73  1.95  1.62  1.10  0.61  0.41  0.23  0.14  0.08  0.06  0.05
 9 -90  0.04  0.13  0.21  0.41  0.80  1.17  1.85  3.14  4.53  5.45  6.01  6.30  6.08  5.68  5.08  4.40  2.81  2.07  1.58  1.34  0.94  0.45  0.11  0.06  0.04  0.03  0.03  0.03
 9 -85  0.04  0.13  0.21  0.42  0.82  1.19  1.87  3.19  4.70  5.73  6.37  6.58  6.32  5.84  5.15  4.57  3.12  2.32  1.67  1.39  0.95  0.45  0.12  0.06  0.04  0.03  0.03  0.03
 9 -80  0.04  0.13  0.21  0.42  0.82  1.19  1.88  3.21  4.77  5.87  6.57  6.75  6.43  5.89  5.19  4.63  3.23  2.43  1.74  1.44  0.98  0.46  0.14  0.06  0.05  0.04  0.03  0.03
 9 -75  0.04  0.12  0.21  0.41  0.80  1.17  1.86  3.25  4.83  5.96  6.99  7.23  6.86  6.23  5.42  4.88  3.56  2.69  1.92  1.60  1.09  0.50  0.16  0.07  0.05  0.04  0.03  0.03
 9 -70  0.04  0.12  0.20  0.39  0.77  1.14  1.82  3.27  4.81  5.93  7.25  7.57  7.21  6.53  5.56  4.98  3.75  2.90  2.09  1.75  1.20  0.55  0.18  0.08  0.05  0.04  0.03  0.03
 9 -65  0.04  0.12  0.20  0.39  0.77  1.13  1.83  3.37  4.97  6.13  7.54  7.90  7.58  6.93  6.06  5.53  4.29  3.24  2.27  1.90  1.29  0.59  0.27  0.09  0.05  0.04  0.03  0.03
 9 -60  0.04  0.12  0.20  0.39  0.78  1.15  1.87  3.48  5.17  6.39  7.84  8.22  7.89  7.22  6.56  6.12  4.78  3.44  2.33  1.96  1.34  0.64  0.31  0.10  0.06  0.04  0.03  0.03
 9 -55  0.04  0.12  0.20  0.40  0.80  1.18  1.93  3.64  5.48  6.74  8.15  8.49  8.14  7.54  6.81  6.30  5.02  3.48  2.28  1.89  1.23  0.62  0.31  0.10  0.06  0.04  0.03  0.03
 9 -50  0.04  0.12  0.20  0.41  0.80  1.20  1.96  3.74  5.62  6.95  8.40  8.82  8.50  7.81  7.04  6.52  5.33  3.55  2.16  1.77  1.11  0.59  0.31  0.10  0.06  0.04  0.04  0.03
 9 -45  0.04  0.12  0.20  0.41  0.80  1.19  1.94  3.67  5.57  6.92  8.46  8.98  8.66  7.91  6.98  6.37  5.20  3.35  1.97  1.59  0.97  0.54  0.30  0.10  0.06  0.04  0.04  0.03
 9 -40  0.04  0.12  0.20  0.40  0.80  1.18  1.92  3.61  5.53  6.89  8.56  9.18  8.89  8.10  6.98  6.25  5.08  3.17  1.80  1.43  0.84  0.48  0.29  0.09  0.06  0.04  0.04  0.04
 9 -35  0.04  0.12  0.20  0.39  0.77  1.14  1.85  3.49  5.35  6.71  8.51  9.32  9.09  8.30  7.06  6.26  4.95  2.78  1.44  1.12  0.60  0.34  0.23  0.09  0.06  0.05  0.04  0.04
 9 -30  0.04  0.11  0.19  0.37  0.74  1.10  1.79  3.38  5.16  6.49  8.44  9.45  9.30  8.54  7.16  6.27  4.80  2.39  1.10  0.84  0.39  0.21  0.10  0.07  0.06  0.05  0.05  0.04
 9 -25  0.04  0.11  0.19  0.37  0.73  1.09  1.76  3.27  4.98  6.26  8.27  9.54  9.53  8.85  7.40  6.45  4.71  2.11  0.87  0.66  0.29  0.08  0.06  0.05  0.05  0.05  0.05  0.04
 9 -20  0.04  0.11  0.18  0.37  0.72  1.07  1.72  3.18  4.79  6.01  8.06  9.61  9.76  9.13  7.59  6.61  4.62  1.84  0.66  0.49  0.20  0.05  0.04  0.04  0.04  0.04  0.05  0.05
 9 -15  0.04  0.11  0.18  0.35  0.69  1.03  1.68  3.16  4.68  5.81  7.80  9.57  9.95  9.47  7.82  6.82  4.29  1.55  0.56  0.42  0.17  0.04  0.03  0.03  0.04  0.04  0.04  0.04
 9 -10  0.03  0.10  0.17  0.34  0.68  1.01  1.65  3.13  4.58  5.64  7.60  9.57 10.20  9.94  8.14  7.05  3.92  1.24  0.46  0.35  0.14  0.04  0.03  0.03  0.03  0.04  0.04  0.04
 9  -5  0.03  0.10  0.17  0.34  0.68  1.01  1.64  3.11  4.52  5.56  7.49  9.55 10.37 10.24  8.26  7.05  3.82  1.19  0.46  0.35  0.14  0.04  0.03  0.03  0.03  0.04  0.04  0.04
 9   0  0.03  0.10  0.16  0.33  0.65  0.97  1.60  3.13  4.51  5.54  7.49  9.64 10.57 10.54  8.42  7.09  3.77  1.15  0.45  0.34  0.14  0.03  0.03  0.03  0.03  0.03  0.03  0.03
 9   5  0.03  0.10  0.17  0.34  0.67  1.00  1.63  3.13  4.55  5.59  7.57  9.65 10.49 10.49  8.55  7.31  4.06  1.29  0.52  0.39  0.15  0.03  0.03  0.03  0.03  0.03  0.03  0.03
 9  10  0.03  0.10  0.17  0.34  0.67  1.00  1.64  3.15  4.61  5.68  7.68  9.71 10.44 10.42  8.67  7.50  4.34  1.43  0.59  0.44  0.16  0.03  0.03  0.03  0.03  0.03  0.03  0.03
 9  15  0.03  0.10  0.17  0.35  0.68  1.02  1.66  3.17  4.71  5.81  7.82  9.65 10.19 10.04  8.46  7.36  4.32  1.47  0.60  0.44  0.16  0.03  0.03  0.03  0.03  0.04  0.04  0.03
 9  20  0.04  0.11  0.18  0.36  0.70  1.04  1.70  3.19  4.77  5.93  7.96  9.62  9.98  9.73  8.26  7.21  4.31  1.50  0.62  0.45  0.17  0.04  0.03  0.04  0.04  0.04  0.04  0.03
 9  25  0.04  0.11  0.18  0.35  0.70  1.04  1.70  3.24  4.87  6.05  7.99  9.46  9.72  9.40  8.13  7.21  4.35  1.60  0.64  0.47  0.18  0.06  0.04  0.04  0.04  0.05  0.04  0.04
 9  30  0.04  0.11  0.18  0.36  0.70  1.05  1.72  3.28  4.95  6.17  8.07  9.32  9.45  9.08  7.99  7.21  4.41  1.67  0.67  0.49  0.19  0.07  0.05  0.05  0.05  0.05  0.04  0.04
 9  35  0.04  0.11  0.18  0.36  0.71  1.06  1.73  3.30  4.98  6.21  8.03  9.09  9.12  8.70  7.59  6.83  4.33  1.86  0.86  0.64  0.28  0.09  0.06  0.05  0.05  0.05  0.04  0.04
 9  40  0.04  0.11  0.18  0.36  0.72  1.07  1.75  3.32  5.04  6.29  8.04  8.88  8.79  8.32  7.20  6.42  4.24  2.05  1.04  0.79  0.37  0.12  0.08  0.06  0.05  0.05  0.04  0.04
 9  45  0.04  0.11  0.18  0.37  0.73  1.08  1.76  3.33  5.08  6.35  8.04  8.68  8.45  7.86  6.81  6.10  4.19  2.22  1.20  0.94  0.50  0.22  0.11  0.08  0.06  0.05  0.05  0.04
 9  50  0.04  0.11  0.19  0.37  0.73  1.09  1.77  3.36  5.13  6.42  8.03  8.44  8.09  7.40  6.42  5.79  4.15  2.38  1.37  1.10  0.65  0.29  0.17  0.10  0.07  0.05  0.05  0.04
 9  55  0.04  0.11  0.18  0.36  0.72  1.07  1.76  3.39  5.16  6.45  7.98  8.20  7.72  6.95  6.00  5.39  4.00  2.48  1.51  1.22  0.75  0.35  0.21  0.13  0.08  0.06  0.05  0.04
 9  60  0.04  0.11  0.18  0.37  0.73  1.09  1.80  3.49  5.41  6.74  8.11  8.02  7.37  6.45  5.61  5.10  3.92  2.63  1.70  1.37  0.86  0.41  0.25  0.16  0.09  0.06  0.05  0.04
 9  65  0.04  0.11  0.19  0.38  0.75  1.12  1.84  3.56  5.46  6.73  7.81  7.48  6.77  5.85  5.05  4.57  3.70  2.64  1.81  1.47  0.95  0.47  0.30  0.18  0.10  0.06  0.05  0.04
 9  70  0.04  0.12  0.19  0.39  0.77  1.14  1.88  3.63  5.48  6.67  7.47  6.93  6.16  5.25  4.49  4.02  3.47  2.64  1.91  1.57  1.04  0.53  0.34  0.20  0.10  0.06  0.05  0.04
 9  75  0.04  0.12  0.20  0.39  0.78  1.16  1.91  3.68  5.26  6.23  6.64  6.11  5.48  4.74  4.27  3.99  3.44  2.65  1.92  1.59  1.06  0.54  0.35  0.21  0.11  0.06  0.05  0.04
 9  80  0.04  0.12  0.20  0.40  0.79  1.18  1.93  3.72  4.99  5.73  5.78  5.28  4.80  4.24  4.04  3.95  3.38  2.65  1.92  1.59  1.07  0.54  0.35  0.22  0.11  0.06  0.05  0.04
 9  85  0.04  0.12  0.20  0.40  0.80  1.19  1.95  3.75  4.92  5.59  5.63  5.21  4.78  4.25  4.05  3.96  3.38  2.65  1.93  1.59  1.07  0.54  0.35  0.22  0.12  0.06  0.05  0.04
 9  90  0.04  0.12  0.20  0.40  0.79  1.17  1.92  3.69  4.78  5.40  5.41  5.03  4.64  4.15  3.95  3.85  3.25  2.57  1.91  1.58  1.06  0.55  0.36  0.21  0.12  0.06  0.05  0.04
10 -90  0.03  0.10  0.17  0.33  0.66  0.97  1.57  2.89  4.23  5.17  6.76  7.63  7.45  6.61  5.76  5.33  3.94  1.95  1.52  1.38  1.01  0.51  0.12  0.06  0.05  0.03  0.03  0.03
10 -85  0.03  0.10  0.17  0.33  0.66  0.97  1.58  2.91  4.23  5.16  6.69  7.50  7.33  6.57  5.71  5.30  4.12  2.16  1.49  1.28  0.90  0.50  0.14  0.06  0.05  0.04  0.03  0.03
10 -80  0.03  0.10  0.17  0.33  0.65  0.96  1.56  2.87  4.17  5.11  6.65  7.48  7.34  6.60  5.67  5.23  4.09  2.21  1.53  1.32  0.93  0.51  0.15  0.07  0.05  0.04  0.03  0.03
10 -75  0.03  0.10  0.17  0.33  0.65  0.96  1.56  2.88  4.20  5.16  6.73  7.68  7.64  6.98  6.16  5.73  4.44  2.60  1.78  1.52  1.05  0.56  0.26  0.07  0.05  0.04  0.03  0.03
10 -70  0.03  0.10  0.17  0.33  0.65  0.96  1.56  2.91  4.26  5.25  6.83  7.85  7.85  7.25  6.60  6.18  4.65  2.88  1.97  1.68  1.16  0.62  0.29  0.08  0.05  0.04  0.03  0.03
10 -65  0.03  0.10  0.17  0.34  0.67  0.99  1.61  3.02  4.48  5.56  7.15  8.13  8.09  7.49  7.02  6.67  5.01  3.21  2.17  1.84  1.25  0.65  0.31  0.09  0.05  0.04  0.03  0.03
10 -60  0.04  0.11  0.18  0.35  0.69  1.02  1.67  3.14  4.71  5.88  7.50  8.44  8.36  7.75  7.42  7.20  5.41  3.47  2.26  1.90  1.27  0.67  0.33  0.10  0.06  0.04  0.03  0.03
10 -55  0.04  0.11  0.18  0.36  0.71  1.05  1.71  3.24  4.95  6.16  7.80  8.66  8.53  7.97  7.35  6.93  5.36  3.48  2.24  1.85  1.18  0.62  0.32  0.18  0.06  0.04  0.03  0.03
10 -50  0.04  0.11  0.18  0.36  0.71  1.05  1.72  3.28  5.03  6.29  8.03  8.92  8.79  8.14  7.25  6.68  5.35  3.54  2.21  1.80  1.12  0.56  0.30  0.17  0.06  0.04  0.04  0.03
10 -45  0.04  0.11  0.18  0.35  0.70  1.04  1.70  3.26  5.00  6.29  8.13  9.11  8.99  8.25  7.34  6.77  5.42  3.50  2.09  1.68  1.01  0.51  0.29  0.10  0.06  0.04  0.04  0.03
10 -40  0.04  0.11  0.18  0.35  0.70  1.04  1.69  3.23  4.98  6.26  8.23  9.34  9.24  8.45  7.49  6.90  5.51  3.48  2.00  1.59  0.92  0.47  0.27  0.09  0.06  0.05  0.04  0.04
10 -35  0.03  0.10  0.17  0.35  0.69  1.02  1.67  3.19  4.89  6.17  8.21  9.49  9.46  8.69  7.55  6.83  5.22  2.90  1.50  1.17  0.64  0.33  0.15  0.08  0.06  0.05  0.04  0.04
10 -30  0.03  0.10  0.17  0.34  0.68  1.01  1.65  3.16  4.80  6.04  8.15  9.60  9.68  8.97  7.63  6.77  4.92  2.32  1.01  0.77  0.37  0.16  0.10  0.07  0.06  0.05  0.05  0.04
10 -25  0.03  0.10  0.17  0.35  0.68  1.01  1.65  3.12  4.69  5.88  7.99  9.65  9.86  9.28  7.78  6.81  4.64  1.94  0.78  0.59  0.26  0.09  0.06  0.05  0.05  0.05  0.05  0.04
10 -20  0.03  0.10  0.17  0.34  0.68  1.01  1.64  3.10  4.60  5.74  7.80  9.64 10.03  9.56  7.90  6.82  4.36  1.56  0.58  0.43  0.17  0.06  0.04  0.04  0.04  0.05  0.05  0.04
10 -15  0.03  0.10  0.17  0.33  0.66  0.98  1.61  3.09  4.53  5.60  7.59  9.55 10.09  9.76  8.07  7.02  4.13  1.40  0.50  0.37  0.14  0.04  0.04  0.04  0.04  0.04  0.04  0.04
10 -10  0.03  0.10  0.16  0.32  0.64  0.96  1.58  3.09  4.48  5.50  7.43  9.48 10.23 10.08  8.31  7.23  3.89  1.24  0.43  0.32  0.12  0.04  0.03  0.03  0.03  0.04  0.04  0.04
10  -5  0.03  0.10  0.16  0.32  0.64  0.96  1.58  3.08  4.44  5.45  7.32  9.40 10.30 10.27  8.38  7.24  3.79  1.20  0.40  0.30  0.11  0.03  0.03  0.03  0.03  0.04  0.04  0.03
10   0  0.03  0.10  0.16  0.32  0.63  0.95  1.57  3.09  4.45  5.44  7.31  9.42 10.39 10.49  8.52  7.29  3.73  1.16  0.38  0.29  0.11  0.03  0.03  0.03  0.03  0.03  0.03  0.03
10   5  0.03  0.10  0.17  0.33  0.65  0.98  1.60  3.09  4.48  5.48  7.34  9.36 10.27 10.40  8.55  7.35  3.98  1.27  0.46  0.34  0.12  0.03  0.03  0.03  0.03  0.03  0.03  0.03
10  10  0.03  0.10  0.17  0.33  0.66  0.99  1.62  3.12  4.54  5.56  7.44  9.37 10.17 10.28  8.56  7.39  4.22  1.38  0.55  0.40  0.14  0.03  0.03  0.03  0.03  0.03  0.03  0.03
10  15  0.03  0.10  0.17  0.34  0.67  1.00  1.64  3.14  4.62  5.68  7.56  9.32  9.91  9.88  8.31  7.19  4.19  1.42  0.56  0.41  0.14  0.03  0.03  0.03  0.03  0.04  0.04  0.03
10  20  0.04  0.11  0.18  0.35  0.69  1.03  1.68  3.16  4.68  5.78  7.67  9.30  9.71  9.54  8.07  6.99  4.16  1.46  0.58  0.42  0.14  0.04  0.03  0.03  0.04  0.04  0.04  0.04
10  25  0.04  0.11  0.18  0.35  0.69  1.03  1.69  3.25  4.85  6.01  7.82  9.16  9.40  9.14  7.91  6.99  4.22  1.53  0.61  0.44  0.16  0.05  0.04  0.04  0.04  0.04  0.04  0.04
10  30  0.04  0.11  0.18  0.36  0.71  1.06  1.73  3.30  5.01  6.25  8.02  9.05  9.10  8.73  7.71  6.98  4.30  1.60  0.64  0.47  0.18  0.07  0.05  0.05  0.04  0.04  0.04  0.04
10  35  0.04  0.11  0.19  0.37  0.74  1.10  1.79  3.41  5.22  6.52  8.14  8.81  8.67  8.18  7.22  6.57  4.26  1.81  0.85  0.64  0.29  0.09  0.06  0.05  0.05  0.05  0.04  0.04
10  40  0.04  0.12  0.19  0.39  0.77  1.14  1.86  3.52  5.45  6.81  8.27  8.57  8.22  7.65  6.77  6.17  4.23  2.03  1.06  0.81  0.41  0.19  0.08  0.06  0.05  0.05  0.04  0.04
10  45  0.04  0.12  0.21  0.41  0.81  1.20  1.95  3.67  5.68  7.07  8.33  8.33  7.85  7.22  6.47  5.96  4.29  2.26  1.25  0.98  0.54  0.24  0.14  0.08  0.06  0.05  0.04  0.04
10  50  0.04  0.13  0.21  0.43  0.84  1.25  2.04  3.84  5.90  7.30  8.34  8.06  7.47  6.81  6.17  5.75  4.33  2.48  1.45  1.16  0.68  0.28  0.16  0.11  0.07  0.05  0.04  0.04
10  55  0.04  0.13  0.22  0.44  0.86  1.28  2.10  4.00  5.99  7.33  8.17  7.78  7.15  6.47  5.86  5.46  4.27  2.55  1.56  1.26  0.78  0.35  0.20  0.14  0.08  0.05  0.04  0.04
10  60  0.05  0.14  0.23  0.45  0.90  1.34  2.20  4.22  6.27  7.59  8.19  7.59  6.88  6.10  5.59  5.26  4.27  2.68  1.73  1.40  0.87  0.41  0.25  0.16  0.09  0.05  0.04  0.04
10  65  0.05  0.14  0.24  0.47  0.93  1.38  2.26  4.31  6.16  7.34  7.75  7.11  6.42  5.68  5.19  4.89  4.03  2.71  1.87  1.53  1.00  0.47  0.28  0.18  0.09  0.05  0.04  0.04
10  70  0.05  0.14  0.24  0.48  0.95  1.41  2.30  4.37  6.01  7.07  7.30  6.64  5.97  5.25  4.79  4.50  3.79  2.73  2.00  1.67  1.12  0.52  0.30  0.19  0.09  0.05  0.04  0.04
10  75  0.05  0.14  0.24  0.47  0.94  1.39  2.27  4.31  5.58  6.38  6.58  6.10  5.55  4.89  4.43  4.17  3.63  2.76  2.06  1.72  1.17  0.54  0.32  0.20  0.10  0.05  0.04  0.04
10  80  0.05  0.14  0.24  0.47  0.93  1.38  2.24  4.24  5.15  5.71  5.86  5.55  5.12  4.52  4.08  3.84  3.48  2.77  2.11  1.77  1.22  0.57  0.33  0.21  0.10  0.05  0.04  0.04
10  85  0.05  0.14  0.23  0.47  0.92  1.37  2.23  4.21  5.14  5.70  5.87  5.58  5.15  4.54  4.07  3.83  3.48  2.78  2.11  1.77  1.22  0.57  0.33  0.21  0.13  0.06  0.04  0.04
10  90  0.05  0.14  0.23  0.46  0.92  1.36  2.22  4.19  5.08  5.63  5.80  5.55  5.12  4.50  3.99  3.74  3.41  2.74  2.10  1.76  1.21  0.58  0.34  0.21  0.12  0.06  0.04  0.04
11 -90  0.03  0.08  0.14  0.28  0.56  0.82  1.34  2.53  3.73  4.57  5.99  6.91  7.26  7.26  7.08  6.74  5.45  3.29  2.37  2.10  1.46  0.68  0.32  0.17  0.05  0.04  0.03  0.02
11 -85  0.03  0.09  0.14  0.28  0.56  0.83  1.36  2.56  3.77  4.63  6.09  7.06  7.27  7.08  6.78  6.49  5.40  3.35  2.28  1.94  1.30  0.63  0.32  0.08  0.05  0.04  0.03  0.02
11 -80  0.03  0.09  0.14  0.29  0.56  0.84  1.36  2.57  3.77  4.63  6.10  7.05  7.23  6.99  6.68  6.40  5.30  3.30  2.27  1.94  1.32  0.64  0.32  0.18  0.05  0.04  0.03  0.02
11 -75  0.03  0.09  0.15  0.29  0.57  0.85  1.38  2.61  3.83  4.71  6.16  7.19  7.36  7.04  6.85  6.69  5.43  3.38  2.32  2.00  1.37  0.68  0.34  0.19  0.05  0.04  0.03  0.02
11 -70  0.03  0.09  0.15  0.29  0.58  0.85  1.39  2.63  3.87  4.79  6.24  7.34  7.51  7.11  7.02  6.96  5.52  3.37  2.31  2.00  1.41  0.73  0.36  0.20  0.06  0.04  0.03  0.02
11 -65  0.03  0.09  0.15  0.30  0.59  0.87  1.43  2.69  3.99  4.98  6.52  7.67  7.79  7.29  7.13  7.06  5.49  3.39  2.28  1.95  1.35  0.73  0.36  0.20  0.06  0.04  0.03  0.03
11 -60  0.03  0.09  0.15  0.31  0.60  0.90  1.46  2.76  4.12  5.16  6.81  7.98  8.06  7.49  7.26  7.17  5.49  3.42  2.20  1.84  1.23  0.70  0.36  0.20  0.07  0.04  0.03  0.03
11 -55  0.03  0.10  0.16  0.31  0.62  0.92  1.50  2.84  4.28  5.34  7.05  8.28  8.37  7.85  7.19  6.78  5.25  3.34  2.10  1.71  1.05  0.59  0.33  0.18  0.06  0.04  0.03  0.03
11 -50  0.03  0.10  0.16  0.32  0.62  0.93  1.51  2.87  4.31  5.38  7.22  8.61  8.75  8.13  7.09  6.41  5.03  3.27  1.98  1.59  0.93  0.49  0.28  0.10  0.06  0.04  0.04  0.03
11 -45  0.03  0.09  0.16  0.31  0.61  0.91  1.50  2.88  4.32  5.41  7.33  8.86  9.06  8.40  7.25  6.50  5.06  3.19  1.88  1.49  0.84  0.44  0.25  0.09  0.06  0.04  0.04  0.03
11 -40  0.03  0.09  0.15  0.31  0.61  0.91  1.50  2.92  4.34  5.43  7.44  9.14  9.41  8.75  7.45  6.62  5.10  3.13  1.78  1.40  0.77  0.40  0.23  0.08  0.06  0.05  0.04  0.04
11 -35  0.03  0.09  0.16  0.31  0.62  0.93  1.53  2.95  4.39  5.49  7.54  9.33  9.66  9.05  7.62  6.69  4.82  2.59  1.32  1.03  0.53  0.29  0.12  0.07  0.06  0.05  0.04  0.04
11 -30  0.03  0.09  0.16  0.32  0.63  0.93  1.54  2.99  4.43  5.52  7.59  9.46  9.87  9.38  7.80  6.76  4.52  2.04  0.86  0.66  0.30  0.15  0.09  0.06  0.05  0.05  0.05  0.04
11 -25  0.03  0.10  0.16  0.32  0.64  0.96  1.57  3.01  4.46  5.55  7.60  9.53 10.01  9.62  7.91  6.75  4.31  1.80  0.70  0.53  0.22  0.09  0.06  0.05  0.05  0.05  0.05  0.04
11 -20  0.03  0.10  0.16  0.32  0.64  0.96  1.58  3.06  4.51  5.59  7.62  9.58 10.12  9.83  7.97  6.70  4.08  1.55  0.55  0.41  0.15  0.06  0.05  0.04  0.04  0.05  0.05  0.04
11 -15  0.03  0.10  0.16  0.32  0.64  0.95  1.58  3.09  4.53  5.60  7.58  9.54 10.13  9.94  8.11  6.90  3.93  1.38  0.48  0.36  0.14  0.05  0.04  0.04  0.04  0.04  0.04  0.04
11 -10  0.03  0.09  0.16  0.32  0.63  0.95  1.57  3.14  4.57  5.63  7.58  9.54 10.23 10.12  8.29  7.11  3.79  1.22  0.42  0.32  0.13  0.04  0.03  0.03  0.04  0.04  0.04  0.04
11  -5  0.03  0.10  0.16  0.32  0.64  0.95  1.58  3.15  4.58  5.63  7.51  9.43 10.18 10.14  8.28  7.09  3.68  1.15  0.39  0.30  0.13  0.04  0.03  0.03  0.03  0.04  0.03  0.03
11   0  0.03  0.10  0.16  0.33  0.65  0.97  1.61  3.15  4.62  5.66  7.51  9.39 10.15 10.21  8.32  7.10  3.59  1.08  0.37  0.29  0.12  0.03  0.03  0.03  0.03  0.03  0.03  0.03
11   5  0.03  0.10  0.17  0.33  0.66  0.99  1.62  3.15  4.60  5.64  7.43  9.22  9.99 10.09  8.31  7.13  3.81  1.16  0.41  0.32  0.12  0.03  0.03  0.03  0.03  0.03  0.03  0.03
11  10  0.03  0.10  0.17  0.34  0.67  0.99  1.63  3.16  4.61  5.64  7.41  9.11  9.81  9.93  8.28  7.14  4.02  1.25  0.46  0.34  0.12  0.03  0.03  0.03  0.03  0.04  0.04  0.03
11  15  0.03  0.10  0.17  0.34  0.68  1.01  1.65  3.18  4.69  5.75  7.49  8.98  9.49  9.48  8.01  6.94  3.96  1.31  0.47  0.35  0.12  0.04  0.03  0.03  0.04  0.04  0.04  0.04
11  20  0.04  0.11  0.18  0.35  0.70  1.03  1.69  3.19  4.74  5.84  7.55  8.88  9.21  9.09  7.75  6.74  3.90  1.35  0.48  0.36  0.13  0.04  0.04  0.04  0.04  0.04  0.04  0.04
11  25  0.04  0.11  0.18  0.35  0.70  1.05  1.72  3.32  4.97  6.14  7.72  8.72  8.86  8.62  7.52  6.68  4.03  1.46  0.56  0.41  0.16  0.05  0.04  0.04  0.04  0.04  0.04  0.04
11  30  0.04  0.11  0.19  0.37  0.74  1.10  1.79  3.41  5.20  6.45  7.94  8.59  8.49  8.13  7.26  6.62  4.16  1.58  0.64  0.48  0.20  0.07  0.05  0.05  0.04  0.04  0.04  0.04
11  35  0.04  0.12  0.20  0.40  0.79  1.17  1.91  3.60  5.52  6.85  8.09  8.34  8.07  7.59  6.90  6.41  4.39  1.93  0.91  0.70  0.33  0.15  0.07  0.06  0.05  0.04  0.04  0.04
11  40  0.04  0.13  0.21  0.42  0.84  1.24  2.02  3.81  5.87  7.24  8.22  8.09  7.66  7.12  6.59  6.21  4.61  2.28  1.18  0.92  0.47  0.20  0.11  0.07  0.06  0.05  0.04  0.04
11  45  0.05  0.14  0.23  0.45  0.89  1.33  2.16  4.06  6.15  7.50  8.20  7.85  7.34  6.80  6.43  6.16  4.72  2.48  1.39  1.10  0.62  0.28  0.16  0.10  0.07  0.05  0.04  0.04
11  50  0.05  0.15  0.24  0.48  0.96  1.42  2.30  4.31  6.38  7.70  8.16  7.60  7.04  6.51  6.26  6.09  4.79  2.68  1.62  1.31  0.79  0.36  0.20  0.13  0.08  0.05  0.04  0.04
11  55  0.05  0.15  0.25  0.49  0.98  1.45  2.36  4.45  6.30  7.50  7.85  7.37  6.84  6.32  6.03  5.83  4.65  2.75  1.72  1.42  0.94  0.42  0.23  0.15  0.08  0.05  0.04  0.04
11  60  0.05  0.15  0.25  0.50  1.00  1.48  2.43  4.62  6.40  7.53  7.75  7.22  6.68  6.09  5.83  5.66  4.58  2.86  1.87  1.57  1.08  0.48  0.26  0.16  0.09  0.05  0.04  0.04
11  65  0.05  0.15  0.25  0.49  0.97  1.44  2.35  4.46  6.11  7.19  7.51  7.13  6.63  6.02  5.59  5.33  4.48  2.97  2.07  1.76  1.26  0.57  0.30  0.19  0.09  0.05  0.04  0.04
11  70  0.05  0.14  0.24  0.48  0.95  1.40  2.28  4.26  5.81  6.84  7.27  7.02  6.56  5.93  5.35  5.00  4.37  3.07  2.26  1.95  1.44  0.66  0.34  0.21  0.09  0.05  0.04  0.04
11  75  0.05  0.14  0.24  0.47  0.92  1.37  2.21  4.07  5.49  6.43  6.82  6.41  5.81  5.11  4.54  4.20  3.81  2.99  2.20  1.89  1.38  0.62  0.32  0.19  0.09  0.05  0.04  0.04
11  80  0.05  0.14  0.23  0.46  0.90  1.33  2.14  3.89  5.17  6.01  6.35  5.78  5.06  4.29  3.73  3.40  3.25  2.91  2.13  1.82  1.31  0.58  0.29  0.18  0.10  0.05  0.04  0.04
11  85  0.05  0.14  0.23  0.46  0.90  1.32  2.13  3.86  5.13  5.97  6.33  5.79  5.08  4.31  3.73  3.41  3.25  2.91  2.13  1.82  1.31  0.58  0.29  0.17  0.10  0.06  0.04  0.04
11  90  0.05  0.14  0.23  0.45  0.89  1.31  2.11  3.83  5.04  5.85  6.22  5.71  5.03  4.25  3.61  3.28  3.17  2.85  2.10  1.79  1.29  0.58  0.29  0.17  0.10  0.05  0.04  0.04
12 -90  0.03  0.08  0.13  0.25  0.49  0.73  1.19  2.22  3.37  4.25  5.83  6.70  6.51  5.80  5.54  5.61  5.30  4.20  2.92  2.51  1.75  0.83  0.43  0.23  0.11  0.04  0.03  0.02
12 -85  0.03  0.08  0.13  0.25  0.50  0.73  1.19  2.23  3.39  4.25  5.79  6.73  6.58  5.86  5.48  5.39  5.03  4.02  2.77  2.35  1.59  0.75  0.42  0.23  0.11  0.04  0.03  0.02
12 -80  0.03  0.08  0.13  0.25  0.50  0.74  1.19  2.23  3.38  4.23  5.77  6.73  6.58  5.85  5.45  5.34  4.97  3.94  2.71  2.31  1.56  0.74  0.42  0.23  0.11  0.04  0.03  0.02
12 -75  0.03  0.08  0.13  0.26  0.51  0.76  1.23  2.30  3.44  4.29  5.78  6.81  6.74  6.04  5.61  5.46  4.99  3.84  2.61  2.22  1.51  0.73  0.41  0.22  0.07  0.04  0.03  0.02
12 -70  0.03  0.08  0.13  0.27  0.53  0.78  1.27  2.38  3.50  4.34  5.79  6.90  6.92  6.25  5.81  5.61  5.01  3.70  2.46  2.09  1.43  0.71  0.41  0.22  0.06  0.04  0.03  0.02
12 -65  0.03  0.08  0.14  0.27  0.54  0.80  1.31  2.46  3.59  4.45  5.96  7.22  7.33  6.72  6.20  5.92  5.01  3.50  2.26  1.89  1.27  0.66  0.38  0.20  0.07  0.04  0.03  0.02
12 -60  0.03  0.09  0.14  0.28  0.56  0.83  1.35  2.53  3.69  4.59  6.17  7.56  7.79  7.23  6.62  6.26  5.05  3.33  2.07  1.71  1.11  0.59  0.35  0.19  0.07  0.04  0.03  0.02
12 -55  0.03  0.09  0.15  0.29  0.58  0.86  1.40  2.63  3.87  4.76  6.39  7.93  8.27  7.89  7.02  6.46  4.95  3.09  1.87  1.52  0.92  0.51  0.30  0.16  0.07  0.04  0.03  0.03
12 -50  0.03  0.09  0.15  0.30  0.59  0.87  1.42  2.68  3.91  4.81  6.54  8.30  8.81  8.43  7.35  6.63  4.83  2.84  1.63  1.31  0.76  0.43  0.24  0.11  0.07  0.04  0.03  0.03
12 -45  0.03  0.09  0.15  0.30  0.59  0.88  1.43  2.75  4.00  4.94  6.74  8.61  9.19  8.83  7.39  6.40  4.60  2.63  1.49  1.18  0.67  0.37  0.20  0.09  0.06  0.04  0.04  0.03
12 -40  0.03  0.09  0.15  0.30  0.59  0.88  1.45  2.83  4.09  5.05  6.93  8.89  9.55  9.24  7.42  6.18  4.38  2.42  1.33  1.05  0.58  0.31  0.12  0.07  0.05  0.04  0.04  0.03
12 -35  0.03  0.09  0.15  0.30  0.61  0.90  1.49  2.90  4.24  5.25  7.19  9.13  9.73  9.41  7.78  6.66  4.36  2.07  1.02  0.79  0.41  0.19  0.09  0.06  0.05  0.05  0.04  0.04
12 -30  0.03  0.09  0.15  0.31  0.62  0.92  1.52  2.98  4.36  5.41  7.41  9.32  9.87  9.58  8.12  7.12  4.31  1.74  0.71  0.54  0.25  0.13  0.07  0.06  0.05  0.05  0.04  0.04
12 -25  0.03  0.10  0.16  0.32  0.64  0.95  1.56  3.03  4.50  5.58  7.61  9.50 10.01  9.72  8.13  7.03  4.15  1.59  0.59  0.44  0.18  0.08  0.05  0.05  0.05  0.05  0.04  0.04
12 -20  0.03  0.10  0.16  0.32  0.64  0.95  1.58  3.12  4.63  5.77  7.82  9.67 10.13  9.84  8.10  6.91  4.00  1.44  0.48  0.36  0.13  0.06  0.04  0.04  0.04  0.04  0.04  0.04
12 -15  0.03  0.10  0.16  0.32  0.64  0.96  1.60  3.17  4.73  5.91  7.98  9.77 10.21  9.96  8.19  7.01  3.90  1.31  0.43  0.32  0.12  0.05  0.04  0.04  0.04  0.04  0.04  0.04
12 -10  0.03  0.10  0.16  0.32  0.64  0.96  1.61  3.25  4.87  6.05  8.13  9.91 10.38 10.12  8.31  7.12  3.81  1.19  0.38  0.29  0.12  0.04  0.03  0.03  0.03  0.04  0.04  0.03
12  -5  0.03  0.10  0.16  0.32  0.65  0.97  1.62  3.27  4.89  6.09  8.09  9.81 10.28 10.05  8.12  6.85  3.63  1.12  0.35  0.28  0.13  0.04  0.03  0.03  0.03  0.03  0.03  0.03
12   0  0.03  0.10  0.17  0.34  0.68  1.01  1.67  3.26  4.93  6.12  8.09  9.73 10.18 10.01  7.96  6.59  3.46  1.06  0.33  0.27  0.13  0.03  0.03  0.03  0.03  0.03  0.03  0.03
12   5  0.03  0.10  0.17  0.34  0.68  1.02  1.67  3.26  4.89  6.07  7.92  9.46  9.93  9.76  7.95  6.73  3.68  1.16  0.38  0.30  0.13  0.04  0.03  0.03  0.03  0.04  0.03  0.03
12  10  0.03  0.10  0.17  0.35  0.69  1.02  1.68  3.25  4.87  6.03  7.83  9.23  9.63  9.49  7.94  6.88  3.91  1.26  0.43  0.33  0.12  0.04  0.03  0.03  0.04  0.04  0.04  0.04
12  15  0.03  0.10  0.17  0.35  0.69  1.03  1.68  3.25  4.89  6.07  7.81  9.00  9.25  9.03  7.65  6.66  3.87  1.35  0.45  0.34  0.12  0.04  0.04  0.04  0.04  0.04  0.04  0.04
12  20  0.04  0.11  0.18  0.35  0.70  1.04  1.71  3.24  4.89  6.07  7.75  8.79  8.90  8.61  7.36  6.45  3.84  1.42  0.48  0.35  0.12  0.04  0.04  0.04  0.04  0.04  0.04  0.04
12  25  0.04  0.11  0.18  0.35  0.70  1.05  1.72  3.32  5.01  6.23  7.76  8.52  8.50  8.15  7.25  6.57  4.12  1.58  0.60  0.45  0.18  0.06  0.05  0.04  0.04  0.04  0.04  0.04
12  30  0.04  0.11  0.19  0.37  0.74  1.09  1.78  3.38  5.16  6.39  7.78  8.28  8.10  7.69  7.12  6.70  4.39  1.77  0.74  0.56  0.25  0.09  0.06  0.05  0.05  0.05  0.04  0.04
12  35  0.04  0.12  0.20  0.40  0.78  1.16  1.90  3.58  5.42  6.64  7.76  7.99  7.73  7.28  6.94  6.69  4.76  2.16  1.05  0.82  0.43  0.21  0.10  0.07  0.06  0.05  0.05  0.04
12  40  0.04  0.13  0.21  0.42  0.84  1.24  2.02  3.80  5.68  6.88  7.75  7.72  7.37  6.93  6.79  6.67  5.11  2.55  1.36  1.09  0.63  0.30  0.16  0.10  0.07  0.05  0.05  0.04
12  45  0.05  0.14  0.23  0.45  0.89  1.32  2.15  4.04  5.88  7.00  7.63  7.49  7.14  6.74  6.60  6.49  5.09  2.86  1.62  1.31  0.80  0.38  0.20  0.13  0.08  0.05  0.05  0.04
12  50  0.05  0.14  0.24  0.48  0.95  1.40  2.28  4.27  6.00  7.09  7.52  7.28  6.94  6.61  6.42  6.29  5.05  3.17  1.89  1.55  0.98  0.46  0.24  0.15  0.08  0.05  0.05  0.04
12  55  0.05  0.15  0.24  0.48  0.95  1.41  2.29  4.27  5.76  6.76  7.23  7.19  6.91  6.58  6.23  5.98  4.85  3.19  2.02  1.69  1.14  0.54  0.28  0.16  0.08  0.05  0.05  0.04
12  60  0.05  0.14  0.24  0.48  0.95  1.40  2.28  4.30  5.72  6.68  7.14  7.16  6.91  6.51  6.07  5.78  4.69  3.25  2.20  1.86  1.30  0.62  0.31  0.18  0.09  0.05  0.05  0.04
12  65  0.05  0.15  0.24  0.48  0.95  1.40  2.26  4.15  5.58  6.55  7.10  7.19  6.90  6.43  5.87  5.49  4.58  3.22  2.26  1.92  1.36  0.65  0.30  0.18  0.09  0.05  0.05  0.04
12  70  0.05  0.15  0.24  0.49  0.95  1.40  2.24  4.01  5.44  6.41  7.04  7.17  6.87  6.35  5.67  5.21  4.47  3.18  2.32  1.98  1.43  0.68  0.30  0.18  0.09  0.06  0.05  0.04
12  75  0.05  0.14  0.23  0.46  0.91  1.33  2.10  3.66  5.12  6.11  6.80  6.83  6.46  5.89  5.23  4.79  4.25  3.21  2.34  1.99  1.43  0.67  0.32  0.19  0.10  0.06  0.05  0.04
12  80  0.05  0.14  0.22  0.44  0.86  1.25  1.97  3.34  4.82  5.82  6.56  6.47  6.04  5.43  4.79  4.36  4.03  3.24  2.36  2.01  1.44  0.67  0.34  0.21  0.10  0.06  0.05  0.04
12  85  0.04  0.13  0.22  0.44  0.85  1.24  1.95  3.31  4.78  5.79  6.53  6.49  6.07  5.47  4.81  4.37  4.03  3.23  2.36  2.01  1.44  0.67  0.34  0.21  0.10  0.06  0.05  0.04
12  90  0.04  0.13  0.22  0.44  0.85  1.23  1.94  3.27  4.74  5.73  6.42  6.47  6.12  5.55  4.86  4.37  3.98  3.18  2.31  1.96  1.41  0.67  0.34  0.20  0.10  0.06  0.05  0.04
