     0.010
     0.030
     0.050
     0.100
     0.200
     0.300
     0.500
     1.000
     1.500
     2.000
     3.000
     5.000
     7.000
    10.000
    15.000
    20.000
    30.000
    50.000
    70.000
    80.000
   100.000
   150.000
   200.000
   250.000
   300.000
   400.000
   500.000
   600.000
 1 -90  0.02  0.07  0.11  0.22  0.45  0.68  1.14  2.32  3.36  4.16  5.84  6.77  6.47  5.52  4.63  4.01  3.40  2.81  2.25  1.92  1.29  0.66  0.34  0.19  0.08  0.06  0.03  0.02
 1 -85  0.02  0.07  0.11  0.22  0.45  0.68  1.14  2.32  3.35  4.16  5.85  6.78  6.47  5.51  4.63  4.00  3.40  2.81  2.25  1.91  1.29  0.66  0.34  0.19  0.08  0.06  0.03  0.02
 1 -80  0.02  0.07  0.11  0.22  0.45  0.68  1.14  2.32  3.35  4.16  5.85  6.78  6.47  5.51  4.63  4.00  3.40  2.81  2.24  1.91  1.29  0.66  0.34  0.19  0.08  0.05  0.03  0.02
 1 -75  0.02  0.07  0.12  0.23  0.46  0.70  1.17  2.38  3.43  4.24  5.87  6.91  6.71  5.79  4.96  4.38  3.70  2.88  2.23  1.89  1.27  0.66  0.35  0.18  0.08  0.05  0.03  0.02
 1 -70  0.02  0.07  0.12  0.24  0.48  0.72  1.20  2.44  3.50  4.33  5.89  7.03  6.95  6.07  5.30  4.76  4.02  2.96  2.19  1.85  1.23  0.64  0.35  0.19  0.08  0.05  0.03  0.02
 1 -65  0.02  0.07  0.12  0.25  0.49  0.74  1.25  2.53  3.63  4.47  6.07  7.36  7.41  6.63  5.91  5.40  4.30  2.97  2.04  1.72  1.11  0.56  0.33  0.19  0.12  0.05  0.03  0.02
 1 -60  0.03  0.08  0.13  0.26  0.51  0.77  1.30  2.63  3.76  4.62  6.26  7.68  7.88  7.19  6.52  6.04  4.57  2.98  1.90  1.58  1.00  0.49  0.32  0.20  0.12  0.05  0.03  0.03
 1 -55  0.03  0.08  0.13  0.27  0.54  0.81  1.36  2.76  3.94  4.86  6.52  8.00  8.30  7.76  6.93  6.33  4.49  2.76  1.58  1.31  0.79  0.37  0.26  0.18  0.12  0.05  0.03  0.03
 1 -50  0.03  0.08  0.14  0.28  0.55  0.83  1.40  2.83  4.04  5.03  6.72  8.30  8.73  8.27  7.30  6.61  4.45  2.57  1.30  1.04  0.57  0.25  0.19  0.16  0.09  0.05  0.03  0.03
 1 -45  0.03  0.08  0.14  0.27  0.55  0.83  1.39  2.82  4.03  4.97  6.77  8.63  9.12  8.74  7.47  6.66  4.55  2.59  1.29  1.01  0.53  0.19  0.15  0.11  0.07  0.04  0.03  0.03
 1 -40  0.03  0.08  0.14  0.27  0.55  0.83  1.38  2.79  4.13  5.13  7.05  8.97  9.50  9.04  7.69  6.69  4.55  2.61  1.33  1.04  0.53  0.18  0.13  0.07  0.05  0.04  0.03  0.03
 1 -35  0.03  0.08  0.14  0.28  0.56  0.84  1.41  2.85  3.98  4.95  6.94  8.99  9.54  9.31  7.80  6.84  4.49  2.37  1.06  0.80  0.38  0.15  0.09  0.05  0.04  0.04  0.03  0.03
 1 -30  0.03  0.08  0.14  0.28  0.57  0.85  1.42  2.87  4.11  5.07  7.08  9.19  9.74  9.36  7.96  7.01  4.44  2.08  0.81  0.58  0.24  0.10  0.06  0.04  0.04  0.04  0.03  0.03
 1 -25  0.03  0.09  0.14  0.29  0.58  0.87  1.45  2.92  4.19  5.28  7.39  9.39  9.85  9.42  7.92  6.94  4.35  1.87  0.72  0.51  0.19  0.06  0.04  0.04  0.03  0.03  0.03  0.03
 1 -20  0.03  0.08  0.14  0.28  0.56  0.84  1.40  2.82  4.26  5.39  7.46  9.57 10.19  9.69  8.02  6.91  4.31  1.69  0.61  0.42  0.13  0.05  0.03  0.03  0.03  0.03  0.03  0.03
 1 -15  0.03  0.08  0.14  0.28  0.56  0.84  1.40  2.83  4.32  5.31  7.31  9.65 10.46  9.86  8.06  6.93  4.15  1.64  0.55  0.36  0.13  0.04  0.03  0.03  0.03  0.03  0.03  0.03
 1 -10  0.03  0.08  0.14  0.27  0.55  0.83  1.38  2.77  4.15  5.29  7.25  9.44 10.14  9.85  8.05  7.00  4.05  1.57  0.48  0.32  0.08  0.03  0.02  0.02  0.02  0.03  0.03  0.02
 1  -5  0.03  0.08  0.14  0.28  0.55  0.83  1.39  2.79  4.32  5.47  7.64  9.40 10.00  9.69  7.90  6.82  3.93  1.51  0.45  0.31  0.07  0.03  0.02  0.02  0.02  0.02  0.02  0.02
 1   0  0.03  0.09  0.15  0.30  0.60  0.91  1.53  3.10  4.56  5.74  7.73  9.62 10.21  9.66  7.79  6.67  3.72  1.38  0.41  0.28  0.05  0.03  0.02  0.02  0.02  0.02  0.02  0.02
 1   5  0.03  0.09  0.15  0.30  0.60  0.91  1.52  3.08  4.70  5.82  7.92  9.39  9.67  9.49  7.81  6.63  3.90  1.49  0.48  0.31  0.05  0.03  0.02  0.02  0.02  0.03  0.03  0.03
 1  10  0.03  0.09  0.15  0.30  0.60  0.91  1.52  3.09  4.64  5.88  7.62  8.89  9.12  9.09  7.77  6.67  4.09  1.65  0.54  0.36  0.06  0.03  0.02  0.02  0.02  0.03  0.03  0.03
 1  15  0.03  0.09  0.15  0.30  0.61  0.92  1.54  3.12  4.78  6.03  7.52  8.61  8.81  8.80  7.38  6.43  4.00  1.64  0.58  0.40  0.07  0.03  0.03  0.03  0.03  0.03  0.03  0.03
 1  20  0.03  0.09  0.16  0.32  0.63  0.95  1.60  3.26  4.96  6.32  7.69  8.45  8.72  8.54  7.04  6.20  4.08  1.72  0.59  0.43  0.16  0.04  0.03  0.03  0.03  0.03  0.03  0.03
 1  25  0.03  0.09  0.16  0.31  0.63  0.95  1.59  3.21  5.08  6.28  7.66  8.38  8.45  7.94  6.83  6.37  4.37  2.10  0.79  0.60  0.26  0.05  0.04  0.03  0.03  0.03  0.03  0.03
 1  30  0.03  0.10  0.17  0.33  0.67  1.01  1.69  3.44  5.16  6.49  7.67  8.19  8.24  7.60  6.90  6.57  4.75  2.34  0.93  0.71  0.32  0.09  0.06  0.04  0.04  0.03  0.03  0.03
 1  35  0.03  0.10  0.17  0.35  0.70  1.06  1.77  3.61  5.43  6.72  7.87  8.07  7.87  7.41  6.88  6.50  5.07  2.64  1.22  0.95  0.49  0.24  0.15  0.07  0.05  0.04  0.03  0.03
 1  40  0.04  0.11  0.18  0.37  0.74  1.11  1.86  3.80  5.55  6.84  7.90  7.98  7.55  6.94  6.57  6.41  5.43  3.02  1.65  1.24  0.68  0.35  0.22  0.10  0.06  0.04  0.03  0.03
 1  45  0.04  0.11  0.19  0.38  0.76  1.14  1.91  3.90  5.53  6.77  7.73  7.57  7.06  6.70  6.51  6.33  5.54  3.39  1.89  1.53  0.95  0.50  0.31  0.20  0.08  0.04  0.04  0.03
 1  50  0.04  0.11  0.19  0.38  0.77  1.16  1.94  3.95  5.76  6.91  7.52  7.27  6.59  6.11  6.26  6.29  5.70  3.71  2.16  1.77  1.16  0.61  0.35  0.24  0.08  0.04  0.04  0.03
 1  55  0.04  0.12  0.19  0.39  0.78  1.17  1.97  4.02  5.72  6.60  7.08  6.75  6.24  5.93  5.99  6.01  5.44  3.74  2.35  1.94  1.34  0.68  0.39  0.26  0.09  0.05  0.04  0.03
 1  60  0.04  0.12  0.20  0.39  0.79  1.18  1.99  4.05  5.64  6.40  6.80  6.39  6.00  5.83  5.74  5.68  5.13  3.71  2.54  2.13  1.53  0.75  0.44  0.27  0.09  0.05  0.04  0.03
 1  65  0.04  0.12  0.19  0.39  0.77  1.17  1.96  3.99  5.65  6.38  6.81  6.39  6.11  6.02  5.81  5.66  4.94  3.66  2.54  2.15  1.55  0.74  0.41  0.25  0.09  0.05  0.04  0.03
 1  70  0.04  0.11  0.19  0.38  0.76  1.15  1.93  3.94  5.66  6.35  6.82  6.42  6.23  6.20  5.88  5.62  4.79  3.62  2.55  2.17  1.57  0.74  0.39  0.23  0.10  0.05  0.04  0.03
 1  75  0.04  0.11  0.18  0.36  0.73  1.10  1.85  3.78  5.46  6.08  6.53  6.01  5.75  5.69  5.34  5.06  4.57  3.53  2.65  2.31  1.76  0.78  0.40  0.23  0.10  0.05  0.04  0.03
 1  80  0.04  0.11  0.18  0.35  0.71  1.07  1.80  3.70  5.22  5.79  6.20  5.60  5.27  5.15  4.80  4.52  4.34  3.43  2.73  2.44  1.94  0.82  0.41  0.24  0.10  0.05  0.04  0.03
 1  85  0.04  0.11  0.18  0.35  0.71  1.07  1.80  3.70  5.21  5.78  6.18  5.58  5.26  5.14  4.79  4.51  4.33  3.43  2.73  2.44  1.94  0.82  0.41  0.24  0.10  0.05  0.04  0.03
 1  90  0.04  0.11  0.18  0.35  0.71  1.07  1.80  3.69  5.20  5.76  6.16  5.56  5.25  5.14  4.79  4.50  4.33  3.43  2.73  2.44  1.94  0.82  0.41  0.24  0.10  0.05  0.04  0.03
 2 -90  0.03  0.08  0.14  0.28  0.55  0.83  1.40  2.84  4.15  5.11  6.37  6.38  5.73  4.78  4.30  3.81  2.73  2.60  2.32  1.99  1.41  0.67  0.36  0.21  0.13  0.06  0.03  0.02
 2 -85  0.03  0.08  0.14  0.27  0.55  0.83  1.39  2.84  4.15  5.11  6.38  6.39  5.73  4.78  4.29  3.81  2.73  2.60  2.31  1.99  1.41  0.67  0.36  0.21  0.13  0.06  0.03  0.02
 2 -80  0.03  0.08  0.14  0.27  0.55  0.83  1.39  2.83  4.14  5.11  6.38  6.39  5.74  4.78  4.29  3.81  2.73  2.60  2.31  1.99  1.41  0.67  0.36  0.21  0.13  0.05  0.03  0.02
 2 -75  0.03  0.08  0.14  0.27  0.55  0.83  1.38  2.81  4.13  5.11  6.46  6.74  6.21  5.26  4.69  4.16  2.94  2.60  2.31  1.98  1.38  0.66  0.37  0.20  0.12  0.05  0.03  0.02
 2 -70  0.03  0.08  0.14  0.27  0.54  0.82  1.37  2.79  4.11  5.09  6.54  7.08  6.69  5.75  5.08  4.52  3.23  2.62  2.28  1.94  1.33  0.63  0.37  0.20  0.11  0.05  0.03  0.03
 2 -65  0.03  0.08  0.14  0.28  0.55  0.83  1.40  2.84  4.18  5.17  6.69  7.49  7.25  6.36  5.60  4.99  3.68  2.65  2.10  1.78  1.19  0.56  0.35  0.20  0.13  0.05  0.03  0.03
 2 -60  0.03  0.08  0.14  0.28  0.57  0.85  1.43  2.90  4.25  5.27  6.86  7.89  7.81  6.97  6.11  5.45  4.13  2.70  1.93  1.62  1.06  0.48  0.32  0.20  0.13  0.05  0.03  0.03
 2 -55  0.03  0.09  0.15  0.29  0.59  0.89  1.49  3.03  4.41  5.46  7.06  8.17  8.23  7.55  6.66  5.96  4.27  2.57  1.56  1.30  0.80  0.36  0.25  0.18  0.11  0.05  0.03  0.03
 2 -50  0.03  0.09  0.15  0.30  0.61  0.91  1.53  3.11  4.50  5.61  7.23  8.46  8.67  8.11  7.20  6.50  4.40  2.46  1.24  1.00  0.55  0.24  0.18  0.14  0.08  0.05  0.03  0.03
 2 -45  0.03  0.09  0.15  0.30  0.60  0.90  1.51  3.08  4.42  5.49  7.21  8.76  9.07  8.60  7.43  6.60  4.49  2.42  1.24  0.96  0.48  0.18  0.15  0.09  0.06  0.04  0.03  0.03
 2 -40  0.03  0.09  0.15  0.30  0.60  0.90  1.51  3.05  4.49  5.59  7.41  9.10  9.52  9.04  7.70  6.67  4.50  2.38  1.25  0.95  0.44  0.16  0.10  0.06  0.05  0.04  0.03  0.03
 2 -35  0.03  0.09  0.15  0.30  0.60  0.90  1.51  3.05  4.27  5.33  7.23  9.09  9.56  9.30  7.79  6.73  4.39  2.20  1.01  0.75  0.33  0.13  0.07  0.05  0.04  0.03  0.03  0.03
 2 -30  0.03  0.09  0.15  0.30  0.60  0.90  1.50  3.03  4.33  5.37  7.29  9.24  9.76  9.43  7.93  6.86  4.29  1.98  0.80  0.57  0.22  0.08  0.05  0.04  0.03  0.03  0.03  0.03
 2 -25  0.03  0.09  0.15  0.30  0.59  0.89  1.49  3.01  4.28  5.38  7.45  9.44  9.96  9.61  7.97  6.85  4.20  1.84  0.69  0.48  0.18  0.06  0.04  0.03  0.03  0.03  0.03  0.03
 2 -20  0.03  0.08  0.14  0.28  0.57  0.85  1.42  2.86  4.29  5.46  7.44  9.55 10.33  9.99  8.13  6.87  4.16  1.69  0.56  0.38  0.12  0.04  0.03  0.03  0.03  0.03  0.03  0.03
 2 -15  0.03  0.08  0.14  0.28  0.56  0.84  1.41  2.84  4.28  5.20  7.17  9.65 10.60 10.13  8.15  6.91  4.07  1.60  0.52  0.35  0.12  0.03  0.03  0.02  0.03  0.03  0.03  0.02
 2 -10  0.03  0.08  0.14  0.27  0.54  0.82  1.37  2.76  4.05  5.10  6.99  9.40 10.37 10.22  8.16  6.99  4.04  1.48  0.48  0.32  0.08  0.03  0.02  0.02  0.02  0.03  0.02  0.02
 2  -5  0.03  0.08  0.14  0.27  0.54  0.82  1.37  2.76  4.18  5.24  7.33  9.33 10.31 10.12  7.83  6.55  3.87  1.45  0.47  0.32  0.06  0.03  0.02  0.02  0.02  0.02  0.02  0.02
 2   0  0.03  0.09  0.15  0.30  0.60  0.90  1.52  3.10  4.44  5.58  7.57  9.80 10.80 10.30  7.59  6.07  3.59  1.32  0.45  0.31  0.05  0.03  0.02  0.02  0.02  0.02  0.02  0.02
 2   5  0.03  0.09  0.15  0.29  0.59  0.89  1.49  3.03  4.54  5.60  7.71  9.48 10.16 10.07  7.71  6.32  3.79  1.44  0.52  0.34  0.05  0.03  0.02  0.02  0.02  0.03  0.03  0.03
 2  10  0.03  0.09  0.15  0.29  0.58  0.88  1.47  2.99  4.41  5.53  7.40  8.98  9.48  9.48  7.83  6.66  4.00  1.63  0.60  0.40  0.06  0.03  0.02  0.02  0.02  0.03  0.03  0.03
 2  15  0.03  0.09  0.15  0.29  0.59  0.88  1.48  3.01  4.61  5.72  7.42  8.71  9.05  9.08  7.58  6.62  4.06  1.70  0.66  0.46  0.07  0.03  0.03  0.02  0.03  0.03  0.03  0.03
 2  20  0.03  0.09  0.15  0.31  0.61  0.92  1.55  3.15  4.74  5.99  7.57  8.64  9.03  8.89  7.44  6.64  4.32  1.84  0.70  0.50  0.09  0.04  0.03  0.03  0.03  0.03  0.03  0.03
 2  25  0.03  0.09  0.15  0.31  0.62  0.93  1.56  3.16  4.93  6.04  7.55  8.53  8.69  8.25  7.10  6.55  4.54  2.18  0.88  0.66  0.26  0.06  0.04  0.04  0.03  0.03  0.03  0.03
 2  30  0.03  0.10  0.16  0.33  0.65  0.99  1.65  3.37  5.05  6.35  7.69  8.36  8.47  7.92  7.02  6.53  4.86  2.35  1.00  0.75  0.31  0.18  0.07  0.05  0.04  0.04  0.03  0.03
 2  35  0.03  0.10  0.17  0.34  0.69  1.03  1.74  3.54  5.37  6.66  8.01  8.31  8.19  7.71  7.02  6.54  5.12  2.77  1.29  0.99  0.47  0.30  0.21  0.08  0.06  0.04  0.04  0.03
 2  40  0.04  0.11  0.18  0.36  0.72  1.09  1.83  3.74  5.49  6.81  8.07  8.29  7.93  7.26  6.73  6.46  5.39  3.23  1.70  1.26  0.66  0.42  0.29  0.12  0.07  0.04  0.04  0.03
 2  45  0.04  0.11  0.18  0.37  0.74  1.12  1.87  3.82  5.56  6.89  8.11  8.06  7.54  7.10  6.71  6.37  5.56  3.59  1.96  1.58  0.96  0.55  0.37  0.23  0.09  0.05  0.04  0.04
 2  50  0.04  0.11  0.19  0.37  0.75  1.13  1.90  3.87  5.79  7.14  7.98  7.80  7.08  6.53  6.44  6.29  5.75  3.87  2.27  1.86  1.19  0.65  0.40  0.28  0.10  0.05  0.04  0.04
 2  55  0.04  0.12  0.19  0.39  0.78  1.18  1.97  4.02  5.88  7.04  7.69  7.43  6.80  6.35  6.26  6.17  5.71  3.99  2.46  2.03  1.38  0.70  0.44  0.30  0.11  0.05  0.04  0.04
 2  60  0.04  0.12  0.20  0.40  0.81  1.22  2.05  4.17  5.94  7.03  7.54  7.13  6.55  6.20  6.09  6.01  5.64  4.06  2.66  2.23  1.57  0.77  0.48  0.31  0.11  0.05  0.04  0.04
 2  65  0.04  0.12  0.20  0.40  0.81  1.22  2.05  4.18  5.87  6.85  7.32  6.94  6.50  6.25  6.04  5.89  5.43  3.92  2.76  2.35  1.71  0.83  0.48  0.30  0.11  0.05  0.04  0.04
 2  70  0.04  0.12  0.20  0.40  0.81  1.22  2.05  4.18  5.82  6.68  7.12  6.74  6.44  6.31  6.00  5.77  5.27  3.80  2.87  2.47  1.85  0.90  0.47  0.29  0.11  0.05  0.04  0.04
 2  75  0.04  0.12  0.20  0.40  0.81  1.21  2.04  4.16  5.69  6.39  7.03  6.83  6.70  6.63  6.18  5.86  5.33  3.74  2.92  2.53  1.90  0.94  0.49  0.29  0.11  0.05  0.04  0.04
 2  80  0.04  0.12  0.20  0.40  0.80  1.21  2.03  4.13  5.55  6.09  6.93  6.96  6.96  6.94  6.37  5.96  5.36  3.67  2.94  2.57  1.93  0.97  0.51  0.29  0.12  0.05  0.04  0.04
 2  85  0.04  0.12  0.20  0.40  0.80  1.20  2.02  4.13  5.54  6.08  6.91  6.94  6.94  6.93  6.36  5.95  5.36  3.67  2.94  2.57  1.93  0.97  0.51  0.29  0.12  0.05  0.04  0.04
 2  90  0.04  0.12  0.20  0.40  0.80  1.20  2.02  4.12  5.53  6.06  6.89  6.92  6.93  6.92  6.35  5.94  5.36  3.67  2.94  2.57  1.93  0.97  0.51  0.29  0.12  0.05  0.04  0.04
 3 -90  0.04  0.12  0.20  0.40  0.81  1.22  2.05  4.19  5.60  6.46  6.53  5.91  5.20  4.51  3.87  3.14  2.54  2.60  2.45  2.12  1.52  0.60  0.33  0.19  0.11  0.05  0.03  0.02
 3 -85  0.04  0.12  0.20  0.40  0.81  1.22  2.04  4.18  5.60  6.46  6.53  5.92  5.20  4.51  3.87  3.13  2.54  2.61  2.45  2.12  1.52  0.60  0.33  0.19  0.11  0.05  0.03  0.02
 3 -80  0.04  0.12  0.20  0.40  0.81  1.22  2.04  4.18  5.59  6.46  6.54  5.92  5.21  4.50  3.87  3.13  2.54  2.61  2.45  2.12  1.52  0.60  0.33  0.19  0.11  0.05  0.03  0.02
 3 -75  0.04  0.11  0.19  0.38  0.77  1.16  1.95  3.98  5.52  6.52  6.95  6.45  5.70  4.91  4.19  3.43  2.66  2.58  2.42  2.08  1.47  0.59  0.33  0.19  0.11  0.05  0.03  0.03
 3 -70  0.04  0.11  0.18  0.36  0.73  1.10  1.85  3.78  5.44  6.57  7.34  6.98  6.20  5.31  4.52  3.77  2.87  2.57  2.33  2.00  1.40  0.57  0.32  0.18  0.11  0.05  0.03  0.03
 3 -65  0.04  0.11  0.18  0.35  0.71  1.07  1.79  3.66  5.34  6.52  7.52  7.44  6.78  5.87  5.13  4.49  3.32  2.59  2.11  1.81  1.24  0.51  0.31  0.18  0.12  0.05  0.03  0.03
 3 -60  0.03  0.10  0.17  0.34  0.69  1.04  1.74  3.54  5.26  6.49  7.70  7.91  7.36  6.44  5.73  5.18  3.74  2.64  1.90  1.61  1.09  0.45  0.29  0.18  0.11  0.05  0.03  0.03
 3 -55  0.03  0.10  0.17  0.34  0.69  1.04  1.74  3.55  5.28  6.51  7.81  8.21  7.83  7.00  6.29  5.77  4.20  2.62  1.57  1.32  0.85  0.34  0.23  0.17  0.10  0.05  0.03  0.03
 3 -50  0.03  0.10  0.17  0.34  0.69  1.03  1.74  3.54  5.27  6.55  7.95  8.52  8.32  7.58  6.88  6.38  4.61  2.58  1.31  1.06  0.62  0.24  0.17  0.12  0.07  0.04  0.03  0.03
 3 -45  0.03  0.10  0.17  0.33  0.67  1.01  1.69  3.44  5.07  6.33  7.87  8.85  8.81  8.17  7.11  6.29  4.50  2.49  1.26  0.98  0.52  0.17  0.14  0.08  0.05  0.04  0.03  0.03
 3 -40  0.03  0.10  0.16  0.33  0.66  0.99  1.66  3.38  5.00  6.27  7.95  9.19  9.35  8.77  7.29  6.15  4.36  2.42  1.19  0.91  0.45  0.14  0.10  0.06  0.04  0.03  0.03  0.03
 3 -35  0.03  0.10  0.16  0.32  0.64  0.96  1.61  3.27  4.73  5.91  7.70  9.19  9.48  9.11  7.71  6.66  4.37  2.24  0.96  0.72  0.32  0.13  0.07  0.04  0.04  0.03  0.03  0.03
 3 -30  0.03  0.09  0.16  0.31  0.63  0.95  1.59  3.22  4.68  5.85  7.66  9.31  9.70  9.39  8.17  7.26  4.41  2.04  0.76  0.54  0.19  0.08  0.05  0.04  0.03  0.03  0.03  0.03
 3 -25  0.03  0.09  0.15  0.31  0.61  0.92  1.55  3.14  4.51  5.66  7.62  9.45  9.97  9.69  8.26  7.28  4.28  1.83  0.62  0.43  0.15  0.05  0.03  0.03  0.03  0.03  0.03  0.03
 3 -20  0.03  0.09  0.15  0.29  0.59  0.88  1.47  2.98  4.48  5.71  7.54  9.42 10.27 10.19  8.46  7.30  4.21  1.55  0.47  0.32  0.09  0.04  0.03  0.02  0.03  0.03  0.03  0.03
 3 -15  0.03  0.09  0.14  0.29  0.58  0.87  1.46  2.96  4.36  5.28  7.13  9.46 10.47 10.30  8.35  7.11  4.12  1.53  0.47  0.31  0.10  0.03  0.02  0.02  0.02  0.03  0.03  0.02
 3 -10  0.03  0.08  0.14  0.28  0.56  0.85  1.43  2.89  4.09  5.07  6.76  9.10 10.29 10.46  8.24  6.96  4.11  1.49  0.47  0.31  0.12  0.03  0.02  0.02  0.02  0.02  0.02  0.02
 3  -5  0.03  0.08  0.14  0.28  0.56  0.84  1.41  2.88  4.13  5.09  6.95  8.96 10.20 10.40  8.07  6.79  4.01  1.48  0.47  0.32  0.06  0.03  0.02  0.02  0.02  0.02  0.02  0.02
 3   0  0.03  0.09  0.15  0.30  0.60  0.91  1.53  3.14  4.30  5.37  7.18  9.45 10.79 10.71  8.01  6.55  3.80  1.34  0.45  0.31  0.13  0.02  0.02  0.02  0.02  0.02  0.02  0.02
 3   5  0.03  0.09  0.15  0.29  0.59  0.89  1.50  3.06  4.43  5.35  7.29  9.18 10.24 10.47  7.99  6.67  3.95  1.44  0.50  0.33  0.05  0.02  0.02  0.02  0.02  0.02  0.03  0.02
 3  10  0.03  0.09  0.14  0.29  0.58  0.87  1.47  2.98  4.23  5.15  7.02  8.76  9.61  9.79  8.02  6.91  4.14  1.61  0.58  0.39  0.06  0.03  0.02  0.02  0.02  0.03  0.03  0.03
 3  15  0.03  0.09  0.15  0.29  0.58  0.88  1.47  2.99  4.48  5.43  7.24  8.66  9.18  9.32  7.66  6.62  4.13  1.69  0.64  0.45  0.07  0.03  0.03  0.03  0.03  0.03  0.03  0.03
 3  20  0.03  0.09  0.15  0.30  0.61  0.92  1.54  3.14  4.60  5.71  7.40  8.74  9.24  9.15  7.45  6.45  4.30  1.79  0.67  0.48  0.19  0.04  0.03  0.03  0.03  0.03  0.03  0.03
 3  25  0.03  0.09  0.15  0.31  0.62  0.93  1.56  3.16  4.77  5.83  7.42  8.63  8.90  8.58  7.23  6.45  4.49  2.23  0.90  0.68  0.31  0.06  0.05  0.04  0.04  0.04  0.04  0.03
 3  30  0.03  0.10  0.16  0.32  0.64  0.96  1.62  3.30  4.91  6.15  7.66  8.54  8.75  8.35  7.24  6.56  4.79  2.51  1.07  0.82  0.39  0.20  0.08  0.06  0.05  0.04  0.04  0.03
 3  35  0.03  0.10  0.16  0.33  0.66  1.00  1.68  3.42  5.20  6.46  8.09  8.65  8.65  8.18  7.26  6.62  4.91  2.86  1.36  1.06  0.57  0.31  0.22  0.09  0.06  0.04  0.04  0.04
 3  40  0.03  0.10  0.17  0.34  0.69  1.04  1.75  3.58  5.28  6.58  8.14  8.76  8.58  7.85  7.03  6.58  5.01  3.21  1.74  1.33  0.77  0.42  0.30  0.13  0.08  0.05  0.04  0.04
 3  45  0.03  0.10  0.17  0.35  0.69  1.04  1.76  3.59  5.40  6.78  8.42  8.72  8.25  7.68  6.97  6.43  5.30  3.54  1.93  1.57  1.00  0.55  0.39  0.24  0.09  0.05  0.04  0.04
 3  50  0.03  0.10  0.17  0.34  0.69  1.04  1.75  3.56  5.57  7.07  8.39  8.50  7.79  7.13  6.66  6.26  5.58  3.79  2.20  1.82  1.17  0.66  0.43  0.31  0.11  0.05  0.04  0.04
 3  55  0.04  0.11  0.18  0.36  0.72  1.08  1.81  3.70  5.69  7.06  8.22  8.18  7.51  6.89  6.50  6.21  5.58  3.96  2.45  2.03  1.36  0.75  0.48  0.33  0.12  0.06  0.04  0.04
 3  60  0.04  0.11  0.19  0.37  0.74  1.12  1.88  3.84  5.81  7.17  8.14  7.91  7.22  6.64  6.32  6.12  5.57  4.12  2.71  2.27  1.56  0.86  0.54  0.35  0.12  0.06  0.04  0.04
 3  65  0.04  0.11  0.19  0.38  0.77  1.16  1.94  3.96  5.84  7.12  7.93  7.64  6.98  6.47  6.13  5.91  5.37  4.12  2.86  2.43  1.76  0.95  0.60  0.37  0.13  0.06  0.04  0.04
 3  70  0.04  0.12  0.20  0.39  0.79  1.19  1.99  4.07  5.87  7.08  7.72  7.35  6.75  6.31  5.94  5.69  5.18  4.14  3.01  2.61  1.96  1.04  0.65  0.39  0.14  0.06  0.04  0.04
 3  75  0.04  0.12  0.20  0.39  0.79  1.19  2.00  4.08  5.78  6.90  7.50  7.22  6.78  6.44  5.89  5.50  5.11  4.16  3.06  2.67  2.02  1.09  0.65  0.38  0.19  0.06  0.04  0.04
 3  80  0.04  0.12  0.20  0.39  0.79  1.19  2.00  4.08  5.69  6.72  7.27  7.10  6.80  6.57  5.83  5.32  5.04  4.15  3.09  2.71  2.06  1.13  0.64  0.38  0.18  0.06  0.04  0.04
 3  85  0.04  0.12  0.20  0.39  0.79  1.19  2.00  4.08  5.68  6.70  7.25  7.08  6.78  6.56  5.82  5.32  5.04  4.15  3.09  2.71  2.06  1.13  0.64  0.38  0.18  0.06  0.04  0.04
 3  90  0.04  0.12  0.20  0.39  0.79  1.19  2.00  4.07  5.67  6.68  7.23  7.06  6.77  6.55  5.82  5.31  5.03  4.15  3.09  2.71  2.06  1.13  0.64  0.38  0.18  0.06  0.04  0.04
 4 -90  0.05  0.16  0.27  0.53  1.07  1.62  2.73  5.65  6.44  6.60  6.27  5.50  4.89  4.25  3.57  2.72  2.24  2.86  2.44  2.10  1.40  0.48  0.29  0.18  0.11  0.04  0.03  0.03
 4 -85  0.05  0.16  0.27  0.53  1.07  1.62  2.73  5.65  6.44  6.60  6.28  5.50  4.89  4.25  3.57  2.72  2.24  2.86  2.44  2.09  1.40  0.48  0.29  0.18  0.11  0.04  0.03  0.03
 4 -80  0.05  0.16  0.27  0.53  1.07  1.62  2.73  5.64  6.43  6.60  6.28  5.51  4.89  4.25  3.57  2.72  2.24  2.86  2.43  2.09  1.40  0.48  0.29  0.18  0.11  0.04  0.03  0.03
 4 -75  0.05  0.15  0.26  0.51  1.03  1.55  2.62  5.40  6.63  7.06  6.82  5.99  5.32  4.63  3.98  3.16  2.55  2.81  2.38  2.06  1.40  0.46  0.28  0.17  0.10  0.04  0.03  0.03
 4 -70  0.05  0.15  0.25  0.49  0.99  1.49  2.51  5.16  6.78  7.51  7.34  6.50  5.75  5.01  4.36  3.67  2.97  2.76  2.30  2.00  1.38  0.44  0.27  0.17  0.10  0.05  0.03  0.03
 4 -65  0.05  0.14  0.24  0.47  0.95  1.43  2.40  4.93  6.70  7.60  7.70  7.05  6.27  5.49  4.86  4.34  3.46  2.77  2.10  1.81  1.23  0.40  0.25  0.16  0.10  0.05  0.03  0.03
 4 -60  0.05  0.14  0.23  0.45  0.91  1.37  2.30  4.70  6.63  7.71  8.05  7.59  6.79  5.98  5.37  4.97  3.93  2.80  1.92  1.63  1.09  0.36  0.22  0.15  0.10  0.05  0.03  0.03
 4 -55  0.04  0.13  0.22  0.43  0.87  1.31  2.20  4.49  6.48  7.66  8.22  7.93  7.23  6.42  5.94  5.70  4.39  2.74  1.64  1.35  0.84  0.29  0.18  0.14  0.08  0.04  0.03  0.03
 4 -50  0.04  0.12  0.21  0.41  0.83  1.25  2.10  4.28  6.38  7.69  8.46  8.27  7.73  6.91  6.59  6.46  4.80  2.64  1.39  1.10  0.60  0.22  0.14  0.10  0.06  0.04  0.03  0.03
 4 -45  0.04  0.12  0.20  0.39  0.79  1.18  1.99  4.07  6.06  7.40  8.43  8.67  8.31  7.57  6.90  6.35  4.64  2.51  1.35  1.03  0.51  0.17  0.11  0.07  0.05  0.03  0.03  0.03
 4 -40  0.04  0.11  0.19  0.37  0.75  1.13  1.90  3.89  5.75  7.16  8.46  9.04  8.87  8.23  7.04  6.15  4.49  2.39  1.26  0.95  0.45  0.14  0.10  0.06  0.04  0.03  0.03  0.03
 4 -35  0.04  0.11  0.18  0.35  0.71  1.07  1.79  3.65  5.37  6.64  8.17  9.11  9.18  8.68  7.25  6.18  4.30  2.19  1.07  0.80  0.37  0.13  0.07  0.04  0.03  0.03  0.03  0.03
 4 -30  0.03  0.10  0.17  0.34  0.68  1.02  1.72  3.50  5.15  6.42  8.02  9.27  9.48  9.12  7.49  6.27  4.16  1.99  0.89  0.67  0.29  0.08  0.05  0.03  0.03  0.03  0.03  0.03
 4 -25  0.03  0.10  0.16  0.33  0.66  0.99  1.66  3.37  4.89  6.10  7.87  9.37  9.84  9.57  7.81  6.60  4.16  1.86  0.69  0.51  0.20  0.05  0.03  0.03  0.02  0.03  0.03  0.02
 4 -20  0.03  0.09  0.16  0.31  0.63  0.94  1.58  3.22  4.86  6.15  7.77  9.28 10.11 10.22  8.24  6.92  4.20  1.63  0.49  0.34  0.11  0.03  0.02  0.02  0.02  0.02  0.03  0.02
 4 -15  0.03  0.09  0.15  0.31  0.62  0.93  1.56  3.18  4.66  5.69  7.41  9.32 10.18 10.27  8.32  7.02  4.14  1.54  0.45  0.31  0.11  0.03  0.02  0.02  0.02  0.02  0.02  0.02
 4 -10  0.03  0.09  0.15  0.30  0.61  0.92  1.54  3.14  4.42  5.45  7.00  8.94 10.02 10.38  8.38  7.16  4.18  1.46  0.44  0.30  0.12  0.02  0.02  0.02  0.02  0.02  0.02  0.02
 4  -5  0.03  0.09  0.15  0.30  0.60  0.91  1.53  3.13  4.37  5.34  7.06  8.78  9.86 10.30  8.29  7.13  4.16  1.47  0.43  0.30  0.13  0.02  0.02  0.02  0.02  0.02  0.02  0.02
 4   0  0.03  0.09  0.15  0.31  0.62  0.93  1.57  3.24  4.43  5.47  7.20  9.18 10.36 10.60  8.29  7.01  4.04  1.37  0.42  0.29  0.13  0.02  0.02  0.02  0.02  0.02  0.02  0.02
 4   5  0.03  0.09  0.15  0.30  0.61  0.92  1.55  3.17  4.52  5.40  7.23  8.97 10.03 10.38  8.13  6.99  4.18  1.47  0.58  0.38  0.14  0.02  0.02  0.02  0.02  0.02  0.02  0.02
 4  10  0.03  0.09  0.15  0.30  0.59  0.89  1.50  3.05  4.23  5.08  6.93  8.63  9.54  9.71  8.03  7.11  4.39  1.64  0.77  0.52  0.17  0.03  0.02  0.02  0.02  0.03  0.03  0.03
 4  15  0.03  0.09  0.15  0.30  0.59  0.89  1.50  3.05  4.44  5.37  7.25  8.68  9.20  9.26  7.74  6.85  4.34  1.76  0.86  0.59  0.19  0.03  0.02  0.02  0.03  0.03  0.03  0.03
 4  20  0.03  0.09  0.15  0.31  0.62  0.93  1.56  3.17  4.57  5.62  7.37  8.85  9.32  9.10  7.61  6.72  4.42  1.87  0.91  0.63  0.21  0.04  0.03  0.03  0.03  0.03  0.04  0.03
 4  25  0.03  0.09  0.15  0.31  0.62  0.93  1.56  3.17  4.65  5.68  7.36  8.72  9.00  8.71  7.47  6.68  4.55  2.20  1.05  0.78  0.32  0.08  0.05  0.04  0.04  0.04  0.04  0.03
 4  30  0.03  0.09  0.15  0.31  0.62  0.94  1.57  3.20  4.74  5.89  7.54  8.62  8.90  8.61  7.48  6.75  4.77  2.41  1.17  0.89  0.41  0.16  0.09  0.06  0.05  0.04  0.04  0.04
 4  35  0.03  0.09  0.16  0.31  0.63  0.95  1.59  3.24  4.88  6.06  7.85  8.74  8.95  8.56  7.50  6.76  4.79  2.70  1.40  1.08  0.58  0.34  0.15  0.08  0.06  0.04  0.04  0.04
 4  40  0.03  0.10  0.16  0.32  0.64  0.96  1.62  3.32  4.80  5.98  7.67  8.85  9.03  8.42  7.32  6.67  4.79  2.96  1.68  1.30  0.77  0.44  0.30  0.11  0.07  0.05  0.04  0.04
 4  45  0.03  0.09  0.16  0.31  0.63  0.95  1.60  3.27  4.89  6.12  8.00  8.92  8.80  8.26  7.23  6.51  4.92  3.22  1.81  1.48  0.95  0.53  0.38  0.16  0.09  0.05  0.04  0.04
 4  50  0.03  0.09  0.15  0.31  0.61  0.93  1.56  3.18  4.90  6.27  7.97  8.75  8.40  7.80  6.94  6.31  5.02  3.41  2.03  1.67  1.06  0.61  0.42  0.30  0.11  0.06  0.05  0.04
 4  55  0.03  0.09  0.15  0.31  0.62  0.93  1.56  3.18  4.88  6.21  7.87  8.51  8.13  7.47  6.63  6.04  5.12  3.62  2.25  1.89  1.24  0.69  0.48  0.33  0.12  0.06  0.05  0.04
 4  60  0.03  0.09  0.16  0.31  0.63  0.95  1.59  3.25  4.95  6.30  7.87  8.31  7.83  7.12  6.30  5.76  5.21  3.84  2.50  2.11  1.43  0.79  0.55  0.36  0.13  0.06  0.05  0.04
 4  65  0.03  0.09  0.16  0.32  0.63  0.96  1.60  3.27  4.95  6.27  7.69  7.96  7.43  6.73  6.09  5.65  5.09  3.88  2.70  2.29  1.59  0.93  0.66  0.41  0.14  0.06  0.05  0.04
 4  70  0.03  0.10  0.16  0.32  0.64  0.96  1.62  3.30  4.94  6.24  7.50  7.61  7.04  6.34  5.87  5.54  4.96  3.91  2.90  2.47  1.74  1.07  0.76  0.46  0.24  0.07  0.05  0.04
 4  75  0.03  0.10  0.16  0.33  0.65  0.98  1.65  3.35  4.90  6.15  7.18  7.16  6.60  5.97  5.67  5.44  4.91  3.98  3.01  2.58  1.87  1.14  0.78  0.46  0.23  0.07  0.05  0.04
 4  80  0.03  0.10  0.17  0.33  0.67  1.00  1.68  3.41  4.87  6.05  6.86  6.71  6.16  5.61  5.47  5.36  4.88  4.04  3.08  2.66  1.97  1.20  0.78  0.46  0.22  0.07  0.05  0.04
 4  85  0.03  0.10  0.17  0.33  0.66  1.00  1.68  3.40  4.86  6.03  6.83  6.69  6.14  5.60  5.47  5.35  4.88  4.04  3.08  2.66  1.97  1.20  0.78  0.46  0.22  0.07  0.05  0.04
 4  90  0.03  0.10  0.17  0.33  0.66  1.00  1.68  3.40  4.85  6.01  6.81  6.66  6.12  5.59  5.46  5.34  4.87  4.04  3.08  2.66  1.97  1.20  0.78  0.46  0.22  0.07  0.05  0.04
 5 -90  0.06  0.17  0.29  0.58  1.18  1.78  3.02  6.30  6.94  7.13  6.39  4.93  4.08  3.39  3.09  2.77  3.00  2.99  2.33  1.97  1.32  0.47  0.25  0.15  0.08  0.04  0.03  0.03
 5 -85  0.06  0.17  0.29  0.58  1.18  1.78  3.02  6.29  6.94  7.13  6.40  4.93  4.09  3.39  3.09  2.77  3.00  2.99  2.33  1.97  1.32  0.47  0.25  0.15  0.08  0.04  0.03  0.03
 5 -80  0.06  0.17  0.29  0.58  1.18  1.78  3.02  6.29  6.93  7.13  6.40  4.94  4.09  3.38  3.09  2.77  3.00  2.99  2.33  1.97  1.32  0.47  0.25  0.15  0.08  0.04  0.03  0.03
 5 -75  0.06  0.17  0.28  0.57  1.15  1.74  2.94  6.11  6.99  7.35  6.85  5.58  4.81  4.11  3.65  3.14  3.04  2.84  2.17  1.84  1.25  0.44  0.23  0.14  0.08  0.04  0.03  0.03
 5 -70  0.05  0.16  0.27  0.55  1.11  1.68  2.84  5.88  7.02  7.53  7.26  6.23  5.54  4.85  4.25  3.59  3.11  2.68  1.99  1.69  1.15  0.41  0.22  0.14  0.08  0.04  0.03  0.03
 5 -65  0.05  0.17  0.28  0.55  1.11  1.68  2.83  5.84  7.23  7.84  7.54  6.59  5.91  5.22  4.85  4.36  3.68  2.78  1.91  1.60  1.04  0.40  0.22  0.14  0.08  0.04  0.03  0.03
 5 -60  0.06  0.17  0.28  0.55  1.11  1.68  2.83  5.80  7.45  8.16  7.83  6.96  6.28  5.59  5.31  5.09  4.32  2.92  1.85  1.52  0.92  0.38  0.21  0.14  0.08  0.04  0.03  0.03
 5 -55  0.05  0.16  0.26  0.53  1.06  1.60  2.70  5.53  7.38  8.29  8.11  7.41  6.65  5.92  5.64  5.57  4.62  2.77  1.66  1.34  0.76  0.35  0.20  0.15  0.07  0.04  0.03  0.03
 5 -50  0.05  0.15  0.25  0.51  1.03  1.55  2.60  5.32  7.42  8.59  8.49  7.83  7.12  6.33  6.05  6.08  4.86  2.57  1.49  1.17  0.61  0.33  0.18  0.10  0.06  0.03  0.03  0.03
 5 -45  0.05  0.14  0.23  0.47  0.94  1.42  2.40  4.92  7.07  8.32  8.66  8.33  7.81  7.06  6.53  6.14  4.74  2.48  1.42  1.08  0.50  0.28  0.15  0.08  0.05  0.03  0.03  0.03
 5 -40  0.04  0.13  0.21  0.43  0.86  1.30  2.19  4.49  6.57  7.95  8.74  8.73  8.33  7.68  6.74  6.11  4.66  2.41  1.31  0.97  0.43  0.24  0.12  0.06  0.04  0.03  0.03  0.03
 5 -35  0.04  0.12  0.20  0.39  0.79  1.19  2.00  4.10  6.02  7.33  8.44  8.84  8.72  8.14  7.19  6.49  4.55  2.18  1.08  0.80  0.34  0.19  0.09  0.05  0.04  0.03  0.03  0.02
 5 -30  0.04  0.11  0.18  0.37  0.73  1.10  1.86  3.79  5.64  6.96  8.24  9.00  9.01  8.58  7.62  6.91  4.51  2.01  0.87  0.63  0.22  0.09  0.05  0.04  0.03  0.03  0.03  0.02
 5 -25  0.03  0.10  0.17  0.35  0.70  1.06  1.77  3.62  5.30  6.53  8.02  9.09  9.44  9.12  7.80  6.92  4.40  1.94  0.71  0.51  0.18  0.05  0.03  0.03  0.03  0.03  0.03  0.02
 5 -20  0.03  0.10  0.17  0.33  0.67  1.01  1.70  3.48  5.23  6.55  7.95  9.02  9.69  9.87  8.07  6.92  4.30  1.78  0.55  0.39  0.12  0.04  0.02  0.02  0.02  0.02  0.02  0.02
 5 -15  0.03  0.10  0.16  0.33  0.65  0.98  1.66  3.39  4.98  6.15  7.75  9.17  9.77  9.98  8.28  7.08  4.25  1.64  0.47  0.33  0.11  0.03  0.02  0.02  0.02  0.02  0.02  0.02
 5 -10  0.03  0.10  0.16  0.32  0.65  0.98  1.65  3.37  4.78  5.92  7.41  8.93  9.72 10.07  8.40  7.28  4.33  1.54  0.41  0.29  0.11  0.02  0.02  0.02  0.02  0.02  0.02  0.02
 5  -5  0.03  0.10  0.16  0.32  0.64  0.97  1.64  3.36  4.68  5.72  7.40  8.83  9.53  9.98  8.22  7.05  4.13  1.39  0.36  0.26  0.11  0.02  0.02  0.02  0.02  0.02  0.02  0.02
 5   0  0.03  0.09  0.16  0.32  0.64  0.96  1.62  3.32  4.63  5.67  7.42  9.10  9.84 10.18  8.09  6.73  3.85  1.15  0.32  0.23  0.11  0.02  0.02  0.02  0.02  0.02  0.02  0.02
 5   5  0.03  0.09  0.16  0.31  0.63  0.95  1.60  3.28  4.66  5.57  7.34  8.95  9.81 10.12  8.06  6.94  4.17  1.40  0.47  0.33  0.16  0.02  0.02  0.02  0.02  0.02  0.02  0.02
 5  10  0.03  0.09  0.15  0.30  0.61  0.92  1.54  3.14  4.28  5.16  6.99  8.64  9.53  9.68  8.10  7.28  4.57  1.69  0.67  0.48  0.22  0.03  0.02  0.02  0.02  0.03  0.03  0.03
 5  15  0.03  0.09  0.15  0.30  0.61  0.91  1.53  3.12  4.41  5.38  7.26  8.77  9.34  9.34  7.91  7.12  4.48  1.85  0.77  0.57  0.25  0.03  0.02  0.02  0.03  0.03  0.03  0.03
 5  20  0.03  0.09  0.15  0.31  0.62  0.94  1.57  3.21  4.53  5.56  7.29  8.94  9.48  9.16  7.86  7.09  4.44  1.97  0.83  0.60  0.28  0.05  0.03  0.03  0.03  0.03  0.03  0.03
 5  25  0.03  0.09  0.15  0.31  0.61  0.93  1.55  3.16  4.50  5.52  7.24  8.75  9.11  8.87  7.72  6.90  4.61  2.21  0.98  0.74  0.37  0.09  0.05  0.04  0.04  0.04  0.04  0.03
 5  30  0.03  0.09  0.15  0.30  0.60  0.91  1.53  3.11  4.54  5.58  7.32  8.57  8.96  8.80  7.65  6.83  4.85  2.38  1.13  0.88  0.45  0.15  0.07  0.05  0.04  0.04  0.04  0.03
 5  35  0.03  0.09  0.15  0.30  0.61  0.91  1.53  3.12  4.58  5.68  7.49  8.62  9.00  8.76  7.61  6.80  4.86  2.64  1.30  1.02  0.57  0.32  0.12  0.07  0.05  0.04  0.04  0.04
 5  40  0.03  0.09  0.15  0.30  0.61  0.92  1.55  3.16  4.43  5.50  7.12  8.59  9.06  8.69  7.45  6.69  4.87  2.86  1.51  1.19  0.72  0.41  0.19  0.10  0.06  0.05  0.04  0.04
 5  45  0.03  0.09  0.15  0.29  0.59  0.89  1.50  3.06  4.46  5.53  7.37  8.62  8.85  8.45  7.29  6.54  4.87  3.01  1.64  1.36  0.89  0.49  0.35  0.13  0.08  0.05  0.04  0.04
 5  50  0.03  0.08  0.14  0.28  0.56  0.85  1.43  2.91  4.36  5.48  7.24  8.41  8.48  8.05  7.05  6.33  4.83  3.12  1.85  1.55  1.01  0.58  0.40  0.18  0.10  0.06  0.05  0.04
 5  55  0.03  0.08  0.14  0.27  0.55  0.83  1.39  2.83  4.21  5.30  7.05  8.15  8.19  7.67  6.68  6.01  4.81  3.26  2.02  1.71  1.12  0.64  0.46  0.31  0.11  0.06  0.05  0.04
 5  60  0.03  0.08  0.14  0.27  0.55  0.83  1.39  2.84  4.21  5.29  6.98  7.97  7.89  7.26  6.33  5.71  4.77  3.40  2.22  1.87  1.25  0.72  0.53  0.35  0.13  0.06  0.05  0.04
 5  65  0.03  0.08  0.13  0.27  0.54  0.81  1.36  2.77  4.11  5.17  6.80  7.62  7.44  6.75  5.84  5.21  4.40  3.38  2.40  2.04  1.41  0.83  0.62  0.41  0.14  0.06  0.05  0.04
 5  70  0.03  0.08  0.13  0.26  0.53  0.79  1.33  2.71  4.01  5.04  6.61  7.27  6.99  6.24  5.35  4.72  4.04  3.37  2.57  2.21  1.58  0.95  0.71  0.47  0.30  0.07  0.05  0.04
 5  75  0.03  0.08  0.13  0.26  0.53  0.79  1.33  2.70  4.04  5.09  6.61  7.02  6.58  5.79  5.13  4.66  4.12  3.44  2.63  2.26  1.63  0.98  0.72  0.47  0.29  0.07  0.05  0.04
 5  80  0.03  0.08  0.13  0.26  0.53  0.79  1.33  2.69  4.06  5.13  6.60  6.76  6.18  5.33  4.91  4.61  4.23  3.51  2.66  2.30  1.66  1.00  0.72  0.46  0.28  0.07  0.05  0.04
 5  85  0.03  0.08  0.13  0.26  0.53  0.79  1.32  2.69  4.05  5.11  6.57  6.74  6.16  5.33  4.90  4.60  4.22  3.51  2.66  2.30  1.66  1.00  0.72  0.46  0.28  0.08  0.05  0.04
 5  90  0.03  0.08  0.13  0.26  0.53  0.79  1.32  2.68  4.03  5.10  6.55  6.72  6.14  5.32  4.90  4.59  4.22  3.51  2.66  2.30  1.66  1.00  0.72  0.46  0.28  0.08  0.05  0.04
 6 -90  0.06  0.18  0.30  0.59  1.20  1.82  3.08  6.45  7.20  7.51  6.73  5.04  4.29  3.90  3.41  3.12  3.00  2.92  2.18  1.89  1.36  0.49  0.21  0.12  0.06  0.03  0.03  0.03
 6 -85  0.06  0.18  0.30  0.59  1.20  1.82  3.08  6.45  7.19  7.51  6.74  5.04  4.29  3.89  3.41  3.12  3.00  2.92  2.17  1.89  1.36  0.49  0.21  0.12  0.06  0.03  0.03  0.03
 6 -80  0.06  0.18  0.30  0.59  1.20  1.81  3.08  6.44  7.19  7.51  6.74  5.04  4.30  3.89  3.41  3.11  3.00  2.93  2.17  1.89  1.36  0.49  0.21  0.12  0.06  0.03  0.03  0.03
 6 -75  0.06  0.18  0.29  0.59  1.19  1.81  3.06  6.39  7.20  7.58  7.09  5.59  4.86  4.32  3.77  3.33  3.10  2.90  2.12  1.84  1.36  0.48  0.21  0.12  0.06  0.03  0.03  0.03
 6 -70  0.06  0.17  0.29  0.58  1.18  1.78  3.02  6.28  7.20  7.65  7.40  6.15  5.45  4.79  4.21  3.63  3.23  2.86  2.06  1.78  1.32  0.47  0.20  0.12  0.06  0.03  0.03  0.03
 6 -65  0.06  0.17  0.29  0.58  1.16  1.75  2.96  6.14  7.25  7.80  7.50  6.36  5.67  4.99  4.69  4.28  3.69  2.90  2.02  1.70  1.20  0.47  0.24  0.13  0.07  0.04  0.03  0.03
 6 -60  0.06  0.17  0.28  0.57  1.14  1.72  2.90  5.99  7.29  7.91  7.56  6.58  5.90  5.20  5.11  4.89  4.18  2.99  1.97  1.63  1.09  0.46  0.27  0.13  0.07  0.04  0.03  0.03
 6 -55  0.05  0.16  0.27  0.55  1.11  1.67  2.81  5.78  7.40  8.17  7.80  6.93  6.19  5.49  5.41  5.42  4.51  2.90  1.76  1.44  0.91  0.39  0.27  0.12  0.06  0.03  0.03  0.03
 6 -50  0.05  0.16  0.27  0.55  1.10  1.66  2.79  5.72  7.66  8.68  8.16  7.33  6.60  5.87  5.77  5.97  4.79  2.70  1.54  1.25  0.74  0.34  0.27  0.11  0.06  0.03  0.03  0.03
 6 -45  0.05  0.15  0.25  0.50  1.01  1.52  2.56  5.25  7.38  8.57  8.58  8.01  7.46  6.74  6.27  5.98  4.70  2.60  1.47  1.17  0.65  0.31  0.24  0.09  0.05  0.03  0.03  0.03
 6 -40  0.04  0.13  0.22  0.45  0.90  1.36  2.29  4.68  6.85  8.21  8.78  8.49  7.99  7.35  6.44  5.92  4.68  2.52  1.36  1.07  0.59  0.27  0.20  0.08  0.05  0.03  0.03  0.03
 6 -35  0.04  0.12  0.20  0.41  0.82  1.23  2.08  4.25  6.22  7.51  8.44  8.64  8.46  7.86  6.93  6.29  4.72  2.28  1.13  0.88  0.47  0.22  0.11  0.06  0.04  0.03  0.03  0.03
 6 -30  0.04  0.11  0.18  0.37  0.74  1.12  1.88  3.84  5.74  7.04  8.21  8.80  8.76  8.31  7.33  6.67  4.83  2.14  0.88  0.68  0.32  0.15  0.06  0.04  0.04  0.03  0.03  0.03
 6 -25  0.04  0.11  0.18  0.36  0.72  1.09  1.83  3.74  5.48  6.69  8.00  8.84  9.13  8.77  7.57  6.81  4.64  1.99  0.71  0.54  0.23  0.06  0.04  0.03  0.03  0.03  0.03  0.03
 6 -20  0.03  0.10  0.17  0.35  0.70  1.06  1.79  3.66  5.49  6.77  8.03  8.79  9.30  9.46  7.89  6.94  4.45  1.77  0.54  0.39  0.13  0.04  0.03  0.02  0.02  0.03  0.03  0.03
 6 -15  0.03  0.10  0.17  0.34  0.68  1.03  1.73  3.54  5.23  6.52  8.04  9.05  9.42  9.64  8.08  6.90  4.20  1.64  0.49  0.36  0.13  0.03  0.02  0.02  0.02  0.02  0.03  0.03
 6 -10  0.03  0.10  0.17  0.34  0.68  1.03  1.73  3.55  5.11  6.35  7.83  8.97  9.45  9.65  8.09  6.89  4.10  1.55  0.47  0.35  0.13  0.03  0.02  0.02  0.02  0.02  0.02  0.02
 6  -5  0.03  0.10  0.17  0.34  0.68  1.02  1.72  3.55  4.96  6.07  7.77  8.97  9.25  9.55  8.23  7.12  4.24  1.54  0.43  0.32  0.13  0.03  0.02  0.02  0.02  0.02  0.02  0.02
 6   0  0.03  0.10  0.16  0.32  0.65  0.98  1.64  3.37  4.78  5.83  7.61  9.05  9.32  9.60  8.33  7.27  4.33  1.45  0.39  0.29  0.14  0.03  0.02  0.02  0.02  0.02  0.02  0.02
 6   5  0.03  0.10  0.16  0.32  0.65  0.98  1.65  3.38  4.79  5.77  7.50  9.01  9.60  9.74  8.23  7.28  4.48  1.59  0.48  0.35  0.18  0.03  0.02  0.02  0.02  0.02  0.02  0.02
 6  10  0.03  0.09  0.16  0.31  0.63  0.94  1.58  3.22  4.42  5.37  7.15  8.75  9.55  9.62  8.16  7.41  4.73  1.73  0.63  0.46  0.22  0.03  0.02  0.02  0.02  0.03  0.03  0.02
 6  15  0.03  0.09  0.16  0.31  0.63  0.94  1.59  3.23  4.49  5.53  7.38  8.92  9.48  9.42  7.94  7.13  4.66  1.87  0.71  0.54  0.25  0.03  0.03  0.03  0.03  0.03  0.03  0.03
 6  20  0.03  0.10  0.16  0.32  0.64  0.97  1.62  3.31  4.63  5.67  7.37  9.02  9.59  9.22  7.80  6.95  4.58  1.97  0.77  0.56  0.27  0.05  0.03  0.03  0.03  0.03  0.03  0.03
 6  25  0.03  0.09  0.16  0.31  0.63  0.94  1.59  3.23  4.50  5.54  7.31  8.81  9.19  8.99  7.83  6.98  4.68  2.11  0.84  0.63  0.31  0.08  0.04  0.04  0.04  0.04  0.04  0.03
 6  30  0.03  0.09  0.15  0.30  0.61  0.92  1.54  3.13  4.50  5.48  7.25  8.57  9.00  8.88  7.88  7.10  4.82  2.24  0.92  0.72  0.36  0.11  0.06  0.04  0.04  0.04  0.04  0.03
 6  35  0.03  0.09  0.15  0.30  0.61  0.91  1.53  3.12  4.50  5.53  7.32  8.54  8.95  8.78  7.69  6.88  4.76  2.52  1.15  0.90  0.47  0.17  0.08  0.05  0.05  0.04  0.04  0.03
 6  40  0.03  0.09  0.15  0.30  0.60  0.91  1.52  3.11  4.30  5.30  6.89  8.40  8.92  8.70  7.44  6.63  4.76  2.78  1.40  1.10  0.60  0.33  0.14  0.08  0.06  0.05  0.04  0.04
 6  45  0.03  0.09  0.14  0.29  0.58  0.87  1.47  3.00  4.29  5.29  7.00  8.29  8.64  8.33  7.18  6.44  4.78  2.88  1.52  1.26  0.80  0.41  0.28  0.11  0.07  0.05  0.04  0.04
 6  50  0.03  0.08  0.14  0.27  0.54  0.82  1.37  2.79  4.13  5.16  6.80  8.01  8.27  7.93  6.93  6.21  4.75  2.96  1.71  1.44  0.94  0.51  0.35  0.14  0.08  0.05  0.05  0.04
 6  55  0.03  0.08  0.13  0.26  0.52  0.78  1.32  2.68  3.90  4.85  6.48  7.64  7.88  7.46  6.51  5.87  4.55  3.01  1.83  1.55  1.02  0.56  0.40  0.17  0.10  0.06  0.05  0.04
 6  60  0.03  0.08  0.13  0.26  0.51  0.77  1.30  2.64  3.83  4.76  6.32  7.40  7.54  7.01  6.15  5.56  4.33  3.06  1.97  1.67  1.10  0.62  0.47  0.30  0.11  0.06  0.05  0.04
 6  65  0.02  0.07  0.12  0.25  0.50  0.75  1.25  2.55  3.70  4.60  6.16  7.11  7.14  6.52  5.63  5.01  3.95  2.99  2.10  1.79  1.22  0.69  0.54  0.34  0.12  0.06  0.05  0.04
 6  70  0.02  0.07  0.12  0.24  0.48  0.72  1.21  2.45  3.57  4.45  5.99  6.83  6.74  6.02  5.10  4.45  3.58  2.92  2.23  1.92  1.35  0.76  0.62  0.39  0.13  0.07  0.05  0.04
 6  75  0.02  0.07  0.11  0.23  0.46  0.69  1.16  2.36  3.49  4.39  6.00  6.70  6.47  5.67  4.85  4.27  3.58  2.93  2.28  1.98  1.42  0.80  0.64  0.41  0.15  0.07  0.05  0.04
 6  80  0.02  0.07  0.11  0.22  0.44  0.67  1.12  2.27  3.42  4.33  6.00  6.58  6.20  5.31  4.59  4.08  3.61  2.96  2.32  2.03  1.47  0.82  0.66  0.42  0.25  0.07  0.05  0.04
 6  85  0.02  0.07  0.11  0.22  0.44  0.67  1.12  2.26  3.41  4.31  5.98  6.56  6.19  5.31  4.59  4.08  3.60  2.96  2.32  2.03  1.47  0.82  0.66  0.42  0.25  0.07  0.05  0.04
 6  90  0.02  0.07  0.11  0.22  0.44  0.67  1.12  2.26  3.39  4.29  5.95  6.53  6.17  5.30  4.58  4.07  3.60  2.96  2.32  2.03  1.47  0.82  0.66  0.42  0.25  0.07  0.05  0.04
 7 -90  0.05  0.16  0.27  0.54  1.08  1.64  2.79  5.87  6.70  7.11  6.57  5.21  4.49  4.19  3.55  3.24  3.16  2.78  2.15  1.85  1.27  0.50  0.26  0.12  0.06  0.03  0.03  0.02
 7 -85  0.05  0.16  0.27  0.53  1.08  1.64  2.79  5.87  6.70  7.11  6.58  5.21  4.49  4.18  3.55  3.24  3.16  2.78  2.15  1.85  1.27  0.50  0.27  0.12  0.06  0.03  0.03  0.02
 7 -80  0.05  0.16  0.27  0.53  1.08  1.64  2.79  5.86  6.69  7.11  6.58  5.22  4.49  4.18  3.55  3.23  3.16  2.78  2.14  1.85  1.27  0.50  0.27  0.12  0.06  0.03  0.03  0.03
 7 -75  0.05  0.15  0.25  0.50  1.01  1.53  2.61  5.47  6.43  6.93  6.79  5.68  5.08  4.67  3.86  3.34  3.05  2.75  2.12  1.84  1.30  0.51  0.28  0.12  0.06  0.03  0.03  0.03
 7 -70  0.05  0.14  0.23  0.46  0.93  1.41  2.39  5.00  6.14  6.74  6.95  6.16  5.70  5.12  4.24  3.52  2.97  2.72  2.08  1.81  1.31  0.51  0.29  0.12  0.06  0.03  0.03  0.03
 7 -65  0.05  0.14  0.23  0.47  0.94  1.43  2.42  5.04  6.40  7.08  7.24  6.35  5.75  5.05  4.70  4.26  3.64  2.81  2.01  1.73  1.24  0.49  0.25  0.13  0.06  0.03  0.03  0.03
 7 -60  0.05  0.14  0.24  0.47  0.95  1.44  2.43  5.02  6.61  7.37  7.45  6.55  5.81  5.03  5.10  4.97  4.29  2.95  1.95  1.66  1.18  0.46  0.28  0.13  0.06  0.03  0.03  0.03
 7 -55  0.05  0.14  0.23  0.46  0.92  1.39  2.33  4.77  6.62  7.53  7.68  6.98  6.14  5.34  5.47  5.58  4.63  2.93  1.79  1.49  0.97  0.39  0.27  0.13  0.07  0.03  0.03  0.03
 7 -50  0.05  0.14  0.23  0.46  0.92  1.38  2.32  4.74  6.76  7.95  8.03  7.42  6.59  5.72  5.84  6.20  4.92  2.81  1.61  1.31  0.78  0.33  0.27  0.13  0.06  0.03  0.03  0.03
 7 -45  0.04  0.13  0.22  0.44  0.89  1.34  2.25  4.61  6.74  7.99  8.47  8.09  7.53  6.75  6.38  6.22  4.91  2.80  1.57  1.26  0.69  0.30  0.23  0.12  0.06  0.03  0.03  0.03
 7 -40  0.04  0.12  0.21  0.42  0.84  1.26  2.12  4.34  6.39  7.76  8.58  8.49  8.01  7.40  6.59  6.19  4.95  2.80  1.54  1.21  0.64  0.26  0.20  0.10  0.06  0.03  0.03  0.03
 7 -35  0.04  0.12  0.19  0.39  0.79  1.18  1.99  4.06  5.98  7.26  8.31  8.60  8.45  7.87  6.89  6.27  4.84  2.56  1.33  1.03  0.52  0.22  0.16  0.08  0.05  0.03  0.03  0.03
 7 -30  0.04  0.11  0.18  0.37  0.74  1.11  1.86  3.80  5.66  6.95  8.14  8.72  8.70  8.24  7.07  6.32  4.80  2.42  1.10  0.84  0.38  0.16  0.07  0.05  0.04  0.03  0.03  0.03
 7 -25  0.04  0.11  0.18  0.36  0.73  1.10  1.85  3.78  5.57  6.77  8.04  8.75  8.99  8.58  7.33  6.57  4.65  2.16  0.87  0.66  0.27  0.06  0.04  0.03  0.03  0.03  0.03  0.03
 7 -20  0.04  0.11  0.18  0.36  0.72  1.09  1.84  3.77  5.67  6.92  8.17  8.77  9.11  9.16  7.69  6.82  4.47  1.89  0.65  0.47  0.16  0.04  0.03  0.03  0.02  0.03  0.03  0.03
 7 -15  0.03  0.10  0.17  0.34  0.69  1.05  1.76  3.61  5.39  6.78  8.30  9.10  9.33  9.49  8.06  6.94  4.13  1.67  0.57  0.41  0.16  0.03  0.02  0.02  0.02  0.02  0.03  0.03
 7 -10  0.03  0.10  0.17  0.34  0.69  1.04  1.75  3.59  5.28  6.60  8.16  9.17  9.44  9.47  8.21  7.09  3.95  1.50  0.50  0.38  0.15  0.03  0.02  0.02  0.02  0.02  0.03  0.03
 7  -5  0.03  0.10  0.17  0.34  0.69  1.03  1.74  3.59  5.08  6.24  8.05  9.24  9.25  9.35  8.26  7.06  4.14  1.54  0.49  0.37  0.16  0.03  0.02  0.02  0.02  0.02  0.02  0.02
 7   0  0.03  0.10  0.16  0.32  0.64  0.96  1.62  3.31  4.75  5.78  7.66  9.08  9.06  9.24  8.18  6.99  4.32  1.54  0.48  0.36  0.17  0.03  0.02  0.02  0.02  0.02  0.02  0.02
 7   5  0.03  0.10  0.16  0.33  0.65  0.99  1.66  3.39  4.82  5.86  7.61  9.21  9.57  9.54  8.24  7.20  4.51  1.71  0.57  0.42  0.20  0.03  0.02  0.02  0.02  0.02  0.02  0.02
 7  10  0.03  0.09  0.16  0.32  0.63  0.95  1.60  3.26  4.56  5.57  7.36  9.00  9.73  9.71  8.32  7.51  4.79  1.87  0.72  0.53  0.23  0.03  0.02  0.02  0.02  0.02  0.02  0.02
 7  15  0.03  0.10  0.16  0.32  0.64  0.97  1.62  3.31  4.61  5.74  7.55  9.16  9.75  9.63  8.15  7.34  4.83  1.98  0.79  0.59  0.24  0.03  0.02  0.02  0.02  0.03  0.03  0.02
 7  20  0.03  0.10  0.16  0.33  0.66  1.00  1.67  3.42  4.81  5.92  7.60  9.17  9.75  9.36  8.00  7.22  4.79  2.05  0.83  0.59  0.25  0.04  0.03  0.03  0.03  0.03  0.03  0.03
 7  25  0.03  0.10  0.16  0.32  0.65  0.97  1.63  3.32  4.63  5.74  7.57  8.98  9.34  9.14  7.88  6.97  4.70  2.16  0.90  0.64  0.27  0.06  0.04  0.03  0.04  0.04  0.03  0.03
 7  30  0.03  0.09  0.16  0.32  0.63  0.95  1.60  3.24  4.63  5.62  7.42  8.71  9.12  8.97  7.74  6.79  4.63  2.32  0.97  0.73  0.30  0.09  0.05  0.04  0.04  0.04  0.04  0.03
 7  35  0.03  0.09  0.16  0.31  0.63  0.94  1.58  3.22  4.62  5.64  7.42  8.62  8.97  8.79  7.60  6.67  4.59  2.48  1.13  0.86  0.39  0.12  0.06  0.05  0.04  0.04  0.04  0.03
 7  40  0.03  0.09  0.15  0.31  0.61  0.93  1.55  3.17  4.39  5.42  7.04  8.40  8.85  8.64  7.41  6.58  4.62  2.65  1.30  1.03  0.52  0.17  0.09  0.06  0.05  0.04  0.04  0.03
 7  45  0.03  0.09  0.15  0.30  0.59  0.90  1.51  3.07  4.36  5.38  7.00  8.14  8.45  8.14  7.03  6.31  4.64  2.73  1.41  1.17  0.72  0.33  0.14  0.08  0.06  0.05  0.04  0.04
 7  50  0.03  0.08  0.14  0.28  0.56  0.84  1.41  2.86  4.20  5.21  6.75  7.83  8.06  7.72  6.76  6.06  4.60  2.81  1.57  1.32  0.85  0.44  0.30  0.11  0.07  0.05  0.05  0.04
 7  55  0.03  0.08  0.13  0.26  0.53  0.79  1.33  2.70  3.91  4.84  6.37  7.40  7.61  7.19  6.25  5.59  4.38  2.80  1.67  1.42  0.95  0.50  0.36  0.14  0.08  0.06  0.05  0.04
 7  60  0.03  0.08  0.13  0.26  0.51  0.77  1.30  2.63  3.80  4.70  6.19  7.13  7.26  6.73  5.82  5.18  4.12  2.77  1.78  1.53  1.04  0.56  0.42  0.17  0.09  0.06  0.05  0.04
 7  65  0.02  0.07  0.12  0.25  0.49  0.74  1.24  2.52  3.64  4.52  5.98  6.81  6.81  6.19  5.24  4.57  3.66  2.66  1.86  1.61  1.13  0.60  0.47  0.29  0.10  0.06  0.05  0.04
 7  70  0.02  0.07  0.12  0.23  0.47  0.71  1.19  2.41  3.49  4.34  5.77  6.47  6.37  5.65  4.65  3.95  3.19  2.55  1.94  1.70  1.22  0.65  0.51  0.33  0.11  0.06  0.05  0.04
 7  75  0.02  0.07  0.11  0.22  0.45  0.68  1.14  2.30  3.39  4.26  5.75  6.30  6.05  5.26  4.38  3.76  3.13  2.55  2.00  1.75  1.25  0.65  0.54  0.35  0.13  0.07  0.05  0.04
 7  80  0.02  0.06  0.11  0.21  0.43  0.65  1.08  2.19  3.30  4.18  5.71  6.13  5.74  4.87  4.11  3.57  3.10  2.59  2.06  1.80  1.28  0.66  0.55  0.36  0.13  0.07  0.05  0.04
 7  85  0.02  0.06  0.11  0.21  0.43  0.64  1.08  2.18  3.29  4.16  5.69  6.11  5.72  4.86  4.10  3.57  3.09  2.58  2.06  1.80  1.28  0.66  0.55  0.35  0.14  0.07  0.05  0.04
 7  90  0.02  0.06  0.11  0.21  0.43  0.64  1.08  2.18  3.27  4.14  5.67  6.08  5.70  4.85  4.09  3.56  3.09  2.58  2.06  1.80  1.28  0.66  0.55  0.35  0.14  0.07  0.05  0.04
 8 -90  0.04  0.12  0.21  0.42  0.84  1.28  2.17  4.55  5.78  6.37  6.75  6.14  5.64  5.05  3.87  3.07  3.28  3.11  2.39  2.01  1.35  0.52  0.27  0.12  0.06  0.03  0.03  0.02
 8 -85  0.04  0.12  0.21  0.42  0.84  1.28  2.17  4.55  5.78  6.37  6.76  6.15  5.64  5.05  3.87  3.07  3.28  3.11  2.38  2.01  1.35  0.52  0.28  0.12  0.06  0.03  0.03  0.02
 8 -80  0.04  0.12  0.21  0.42  0.84  1.27  2.17  4.55  5.77  6.37  6.76  6.15  5.65  5.04  3.86  3.07  3.28  3.11  2.38  2.01  1.35  0.52  0.29  0.12  0.06  0.03  0.03  0.03
 8 -75  0.04  0.12  0.21  0.42  0.84  1.27  2.16  4.51  5.83  6.46  6.86  6.13  5.62  5.04  4.07  3.34  3.39  3.15  2.41  2.05  1.41  0.55  0.31  0.13  0.06  0.03  0.03  0.03
 8 -70  0.04  0.12  0.21  0.41  0.83  1.25  2.12  4.40  5.84  6.50  6.95  6.17  5.61  5.00  4.31  3.66  3.47  3.14  2.39  2.04  1.45  0.56  0.32  0.13  0.07  0.03  0.03  0.03
 8 -65  0.04  0.12  0.20  0.40  0.80  1.21  2.03  4.18  5.82  6.60  7.20  6.60  5.90  5.15  4.84  4.42  3.93  3.15  2.22  1.88  1.31  0.52  0.35  0.14  0.07  0.04  0.03  0.03
 8 -60  0.04  0.12  0.19  0.39  0.78  1.17  1.97  4.03  5.78  6.71  7.43  7.01  6.20  5.37  5.34  5.16  4.39  3.21  2.05  1.72  1.15  0.48  0.30  0.15  0.07  0.04  0.03  0.03
 8 -55  0.04  0.11  0.19  0.38  0.77  1.16  1.94  3.93  5.76  6.90  7.69  7.53  6.70  5.84  5.62  5.60  4.71  3.25  1.88  1.56  1.00  0.41  0.29  0.16  0.07  0.04  0.03  0.03
 8 -50  0.04  0.12  0.19  0.39  0.78  1.17  1.96  3.97  5.97  7.23  8.07  8.01  7.25  6.26  5.94  6.05  5.08  3.22  1.72  1.42  0.87  0.36  0.28  0.15  0.07  0.04  0.03  0.03
 8 -45  0.04  0.12  0.20  0.39  0.79  1.19  2.00  4.07  6.12  7.36  8.44  8.49  8.00  7.18  6.46  6.13  5.08  3.15  1.67  1.38  0.80  0.34  0.26  0.14  0.07  0.04  0.03  0.03
 8 -40  0.04  0.12  0.19  0.39  0.78  1.18  1.98  4.04  5.91  7.33  8.47  8.70  8.28  7.65  6.66  6.15  5.10  3.08  1.67  1.35  0.78  0.31  0.24  0.12  0.06  0.04  0.03  0.03
 8 -35  0.04  0.11  0.19  0.37  0.75  1.13  1.90  3.88  5.70  6.98  8.29  8.75  8.61  7.99  6.92  6.25  4.93  2.79  1.44  1.14  0.63  0.25  0.19  0.10  0.06  0.04  0.03  0.03
 8 -30  0.04  0.11  0.18  0.36  0.72  1.08  1.81  3.69  5.53  6.82  8.19  8.87  8.80  8.21  7.03  6.31  4.82  2.61  1.18  0.92  0.45  0.19  0.08  0.06  0.05  0.04  0.03  0.03
 8 -25  0.04  0.11  0.18  0.36  0.72  1.08  1.81  3.71  5.52  6.74  8.14  8.92  9.09  8.55  7.27  6.52  4.69  2.26  0.91  0.69  0.31  0.06  0.04  0.03  0.03  0.03  0.03  0.03
 8 -20  0.04  0.11  0.18  0.35  0.71  1.07  1.81  3.71  5.60  6.82  8.25  9.04  9.31  9.13  7.63  6.74  4.52  1.97  0.63  0.46  0.16  0.04  0.03  0.03  0.03  0.03  0.03  0.03
 8 -15  0.03  0.10  0.17  0.34  0.68  1.02  1.72  3.52  5.29  6.71  8.34  9.33  9.61  9.63  8.11  6.91  4.15  1.73  0.58  0.41  0.14  0.03  0.02  0.02  0.02  0.03  0.03  0.03
 8 -10  0.03  0.10  0.16  0.33  0.66  1.00  1.69  3.45  5.12  6.44  8.16  9.41  9.71  9.60  8.33  7.12  3.93  1.53  0.53  0.38  0.12  0.03  0.02  0.02  0.02  0.02  0.03  0.03
 8  -5  0.03  0.10  0.16  0.33  0.66  1.00  1.68  3.45  4.91  6.05  8.03  9.51  9.52  9.49  8.51  7.23  4.10  1.57  0.52  0.38  0.12  0.03  0.02  0.02  0.02  0.02  0.03  0.02
 8   0  0.03  0.09  0.15  0.30  0.61  0.92  1.55  3.16  4.51  5.47  7.44  9.12  9.12  9.24  8.50  7.35  4.26  1.61  0.51  0.37  0.14  0.03  0.02  0.02  0.02  0.02  0.02  0.02
 8   5  0.03  0.09  0.16  0.32  0.64  0.96  1.61  3.29  4.67  5.71  7.53  9.41  9.73  9.61  8.54  7.42  4.47  1.73  0.59  0.42  0.16  0.03  0.02  0.02  0.02  0.02  0.02  0.02
 8  10  0.03  0.09  0.16  0.31  0.63  0.94  1.58  3.22  4.57  5.62  7.42  9.27 10.01  9.95  8.53  7.56  4.76  1.84  0.72  0.52  0.20  0.03  0.02  0.02  0.02  0.02  0.02  0.02
 8  15  0.03  0.10  0.16  0.32  0.64  0.96  1.62  3.30  4.65  5.84  7.63  9.41 10.06  9.94  8.35  7.42  4.80  1.92  0.79  0.58  0.21  0.03  0.02  0.02  0.02  0.03  0.03  0.02
 8  20  0.03  0.10  0.16  0.33  0.66  1.00  1.68  3.43  4.96  6.15  7.82  9.33  9.94  9.57  8.12  7.27  4.74  2.00  0.83  0.59  0.23  0.04  0.03  0.03  0.03  0.03  0.03  0.03
 8  25  0.03  0.10  0.16  0.32  0.65  0.98  1.64  3.34  4.78  6.00  7.90  9.21  9.56  9.33  7.94  7.02  4.65  2.09  0.88  0.63  0.24  0.05  0.03  0.03  0.03  0.04  0.03  0.03
 8  30  0.03  0.10  0.16  0.32  0.65  0.98  1.64  3.32  4.80  5.88  7.73  8.95  9.31  9.06  7.78  6.82  4.58  2.25  0.94  0.70  0.28  0.07  0.04  0.04  0.04  0.04  0.04  0.03
 8  35  0.03  0.10  0.16  0.32  0.65  0.97  1.63  3.31  4.82  5.90  7.70  8.83  9.06  8.82  7.61  6.65  4.51  2.33  1.04  0.79  0.35  0.09  0.05  0.04  0.04  0.04  0.04  0.03
 8  40  0.03  0.09  0.16  0.32  0.64  0.96  1.61  3.27  4.60  5.75  7.43  8.56  8.86  8.56  7.38  6.55  4.56  2.47  1.18  0.93  0.46  0.12  0.07  0.05  0.05  0.04  0.04  0.03
 8  45  0.03  0.09  0.15  0.31  0.62  0.94  1.58  3.21  4.61  5.71  7.29  8.18  8.32  7.94  6.88  6.19  4.48  2.55  1.36  1.11  0.68  0.29  0.11  0.07  0.05  0.05  0.04  0.04
 8  50  0.03  0.09  0.15  0.30  0.60  0.90  1.51  3.07  4.50  5.60  7.06  7.88  7.92  7.47  6.54  5.90  4.36  2.65  1.54  1.28  0.82  0.40  0.25  0.10  0.07  0.05  0.04  0.04
 8  55  0.03  0.08  0.14  0.28  0.56  0.85  1.42  2.88  4.21  5.25  6.68  7.43  7.39  6.87  6.04  5.48  4.11  2.68  1.66  1.39  0.90  0.45  0.29  0.12  0.08  0.05  0.04  0.04
 8  60  0.03  0.08  0.14  0.27  0.55  0.82  1.38  2.80  4.11  5.14  6.54  7.18  7.05  6.40  5.63  5.12  3.82  2.68  1.78  1.50  0.97  0.47  0.32  0.15  0.09  0.05  0.04  0.04
 8  65  0.03  0.08  0.13  0.26  0.53  0.80  1.34  2.71  3.98  4.97  6.30  6.75  6.49  5.77  5.02  4.52  3.45  2.56  1.82  1.56  1.03  0.51  0.36  0.22  0.09  0.06  0.05  0.04
 8  70  0.03  0.08  0.13  0.26  0.51  0.77  1.30  2.63  3.85  4.81  6.06  6.31  5.92  5.13  4.41  3.93  3.08  2.44  1.87  1.62  1.09  0.54  0.40  0.25  0.10  0.06  0.05  0.04
 8  75  0.03  0.08  0.13  0.25  0.51  0.76  1.27  2.58  3.79  4.74  5.83  5.79  5.28  4.47  3.93  3.57  2.99  2.40  1.90  1.65  1.12  0.56  0.41  0.26  0.11  0.06  0.05  0.04
 8  80  0.02  0.07  0.12  0.25  0.50  0.75  1.25  2.53  3.72  4.66  5.59  5.28  4.64  3.81  3.45  3.22  2.94  2.40  1.94  1.69  1.16  0.58  0.42  0.27  0.12  0.06  0.05  0.04
 8  85  0.02  0.07  0.12  0.25  0.50  0.75  1.25  2.52  3.71  4.64  5.57  5.26  4.62  3.80  3.44  3.21  2.93  2.39  1.94  1.69  1.16  0.58  0.42  0.27  0.12  0.06  0.05  0.04
 8  90  0.02  0.07  0.12  0.25  0.50  0.75  1.25  2.52  3.70  4.62  5.54  5.23  4.60  3.79  3.44  3.20  2.93  2.39  1.93  1.69  1.16  0.58  0.42  0.27  0.12  0.06  0.05  0.04
 9 -90  0.04  0.11  0.18  0.37  0.74  1.11  1.88  3.90  5.61  6.45  6.74  5.84  5.29  4.82  4.16  3.57  3.80  3.32  2.44  2.04  1.39  0.56  0.31  0.13  0.06  0.03  0.03  0.03
 9 -85  0.04  0.11  0.18  0.37  0.74  1.11  1.88  3.89  5.61  6.45  6.74  5.85  5.29  4.82  4.16  3.57  3.80  3.32  2.44  2.03  1.39  0.56  0.32  0.13  0.07  0.03  0.03  0.03
 9 -80  0.04  0.11  0.18  0.37  0.74  1.11  1.88  3.89  5.60  6.45  6.75  5.85  5.29  4.82  4.16  3.56  3.80  3.32  2.44  2.03  1.39  0.56  0.33  0.14  0.07  0.04  0.03  0.03
 9 -75  0.04  0.11  0.18  0.36  0.72  1.08  1.82  3.75  5.46  6.34  6.98  6.31  5.64  4.99  4.41  3.84  3.84  3.47  2.57  2.14  1.49  0.60  0.35  0.14  0.07  0.04  0.03  0.03
 9 -70  0.03  0.10  0.17  0.35  0.69  1.05  1.76  3.60  5.26  6.20  7.18  6.79  6.01  5.20  4.65  4.10  3.65  3.45  2.60  2.17  1.53  0.63  0.37  0.15  0.07  0.04  0.03  0.03
 9 -65  0.03  0.10  0.17  0.34  0.68  1.03  1.73  3.52  5.23  6.32  7.43  7.37  6.57  5.70  5.29  4.89  3.94  3.44  2.46  2.07  1.43  0.60  0.31  0.16  0.08  0.04  0.03  0.03
 9 -60  0.03  0.10  0.17  0.35  0.69  1.04  1.75  3.54  5.28  6.45  7.67  7.87  7.14  6.29  5.91  5.68  4.40  3.48  2.31  1.95  1.30  0.57  0.32  0.18  0.08  0.04  0.03  0.03
 9 -55  0.04  0.11  0.18  0.35  0.70  1.06  1.77  3.58  5.34  6.54  7.81  8.21  7.57  6.68  6.11  5.94  4.73  3.42  2.05  1.69  1.04  0.48  0.30  0.18  0.08  0.04  0.03  0.03
 9 -50  0.04  0.11  0.18  0.35  0.71  1.07  1.79  3.60  5.49  6.71  8.03  8.51  7.99  7.00  6.36  6.22  5.17  3.39  1.87  1.50  0.84  0.40  0.27  0.17  0.08  0.04  0.03  0.03
 9 -45  0.04  0.11  0.18  0.36  0.72  1.08  1.81  3.68  5.59  6.81  8.36  8.88  8.52  7.71  6.74  6.29  5.17  3.30  1.80  1.44  0.77  0.37  0.25  0.15  0.08  0.04  0.03  0.03
 9 -40  0.04  0.11  0.18  0.36  0.72  1.08  1.81  3.69  5.44  6.87  8.39  8.99  8.62  7.90  6.85  6.28  5.14  3.20  1.81  1.43  0.76  0.34  0.25  0.13  0.07  0.04  0.03  0.03
 9 -35  0.03  0.10  0.17  0.35  0.70  1.05  1.76  3.57  5.29  6.56  8.21  9.02  8.91  8.26  7.06  6.35  4.97  2.87  1.55  1.20  0.59  0.26  0.20  0.10  0.06  0.04  0.04  0.03
 9 -30  0.03  0.10  0.17  0.33  0.67  1.01  1.69  3.44  5.19  6.44  8.13  9.16  9.13  8.44  7.13  6.36  4.84  2.62  1.26  0.95  0.40  0.17  0.09  0.06  0.05  0.04  0.04  0.03
 9 -25  0.03  0.10  0.17  0.34  0.68  1.02  1.71  3.49  5.21  6.42  8.07  9.15  9.34  8.73  7.34  6.54  4.78  2.32  1.06  0.78  0.30  0.06  0.04  0.04  0.04  0.04  0.04  0.04
 9 -20  0.03  0.10  0.17  0.33  0.67  1.01  1.69  3.46  5.23  6.39  8.07  9.28  9.59  9.25  7.69  6.75  4.69  2.12  0.84  0.60  0.19  0.04  0.03  0.03  0.03  0.03  0.03  0.03
 9 -15  0.03  0.09  0.16  0.32  0.64  0.96  1.61  3.29  4.95  6.28  8.03  9.39  9.86  9.78  8.16  6.91  4.30  1.85  0.71  0.50  0.16  0.03  0.03  0.02  0.02  0.03  0.03  0.03
 9 -10  0.03  0.09  0.15  0.31  0.62  0.93  1.57  3.20  4.72  5.96  7.78  9.36  9.81  9.68  8.35  7.09  4.04  1.59  0.58  0.41  0.13  0.03  0.02  0.02  0.02  0.03  0.03  0.03
 9  -5  0.03  0.09  0.15  0.31  0.62  0.93  1.57  3.21  4.58  5.64  7.68  9.47  9.64  9.58  8.51  7.12  4.16  1.62  0.57  0.41  0.13  0.03  0.02  0.02  0.02  0.02  0.03  0.03
 9   0  0.03  0.09  0.14  0.29  0.58  0.88  1.47  2.99  4.20  5.11  7.01  8.98  9.13  9.25  8.46  7.18  4.27  1.66  0.56  0.40  0.14  0.03  0.02  0.02  0.02  0.02  0.02  0.02
 9   5  0.03  0.09  0.15  0.30  0.61  0.92  1.55  3.15  4.44  5.46  7.26  9.37  9.72  9.63  8.61  7.36  4.46  1.75  0.61  0.43  0.15  0.03  0.02  0.02  0.02  0.02  0.02  0.02
 9  10  0.03  0.09  0.15  0.30  0.61  0.92  1.54  3.14  4.48  5.57  7.30  9.27 10.04 10.06  8.69  7.59  4.70  1.83  0.70  0.50  0.17  0.02  0.02  0.02  0.02  0.02  0.02  0.02
 9  15  0.03  0.09  0.16  0.31  0.63  0.94  1.58  3.22  4.57  5.80  7.51  9.40 10.15 10.11  8.49  7.47  4.73  1.83  0.74  0.53  0.18  0.03  0.02  0.02  0.02  0.03  0.03  0.02
 9  20  0.03  0.10  0.16  0.32  0.65  0.98  1.65  3.36  4.94  6.21  7.84  9.31 10.00  9.73  8.21  7.32  4.67  1.86  0.75  0.53  0.19  0.03  0.02  0.02  0.03  0.03  0.03  0.03
 9  25  0.03  0.09  0.16  0.32  0.63  0.95  1.60  3.25  4.79  6.08  7.99  9.28  9.67  9.43  8.06  7.24  4.66  1.91  0.78  0.55  0.19  0.04  0.03  0.03  0.03  0.03  0.03  0.03
 9  30  0.03  0.10  0.16  0.32  0.64  0.96  1.61  3.28  4.82  5.99  7.82  9.05  9.42  9.08  7.97  7.20  4.67  2.04  0.81  0.59  0.22  0.06  0.04  0.03  0.03  0.03  0.03  0.03
 9  35  0.03  0.10  0.16  0.32  0.65  0.97  1.63  3.31  4.94  6.11  7.88  8.92  9.05  8.74  7.65  6.79  4.52  2.16  0.97  0.72  0.31  0.08  0.05  0.04  0.04  0.04  0.03  0.03
 9  40  0.03  0.10  0.16  0.32  0.65  0.98  1.64  3.33  4.84  6.10  7.80  8.68  8.74  8.32  7.24  6.48  4.50  2.39  1.19  0.92  0.44  0.11  0.07  0.05  0.04  0.04  0.04  0.03
 9  45  0.03  0.10  0.16  0.33  0.65  0.98  1.65  3.37  4.92  6.14  7.62  8.15  8.03  7.56  6.62  6.04  4.39  2.49  1.41  1.14  0.67  0.28  0.10  0.07  0.05  0.04  0.04  0.03
 9  50  0.03  0.10  0.16  0.32  0.65  0.98  1.64  3.34  4.99  6.19  7.48  7.86  7.54  6.94  6.17  5.68  4.29  2.64  1.59  1.30  0.81  0.38  0.23  0.09  0.06  0.04  0.04  0.04
 9  55  0.03  0.09  0.16  0.31  0.62  0.94  1.57  3.20  4.80  5.99  7.16  7.34  6.88  6.25  5.61  5.25  4.09  2.67  1.70  1.40  0.89  0.45  0.27  0.11  0.07  0.05  0.04  0.04
 9  60  0.03  0.09  0.15  0.31  0.62  0.94  1.57  3.18  4.80  6.00  7.08  7.05  6.45  5.72  5.16  4.84  3.84  2.65  1.80  1.50  0.96  0.47  0.29  0.17  0.08  0.05  0.04  0.04
 9  65  0.03  0.09  0.16  0.31  0.63  0.95  1.59  3.21  4.82  5.97  6.82  6.55  5.86  5.11  4.56  4.23  3.48  2.50  1.84  1.55  1.01  0.50  0.31  0.18  0.08  0.05  0.04  0.04
 9  70  0.03  0.09  0.16  0.32  0.64  0.96  1.60  3.25  4.84  5.94  6.56  6.05  5.27  4.50  3.95  3.61  3.12  2.35  1.88  1.61  1.07  0.52  0.34  0.20  0.09  0.05  0.04  0.04
 9  75  0.03  0.10  0.16  0.32  0.64  0.96  1.61  3.27  4.67  5.59  5.85  5.28  4.60  3.98  3.70  3.55  3.02  2.30  1.87  1.60  1.06  0.52  0.34  0.21  0.10  0.05  0.04  0.04
 9  80  0.03  0.10  0.16  0.32  0.64  0.97  1.62  3.28  4.48  5.22  5.14  4.51  3.93  3.46  3.46  3.50  2.96  2.29  1.87  1.60  1.07  0.52  0.34  0.22  0.10  0.05  0.04  0.04
 9  85  0.03  0.10  0.16  0.32  0.64  0.96  1.62  3.27  4.47  5.20  5.12  4.50  3.92  3.46  3.45  3.49  2.96  2.29  1.87  1.60  1.07  0.52  0.34  0.22  0.11  0.06  0.04  0.04
 9  90  0.03  0.10  0.16  0.32  0.64  0.96  1.61  3.27  4.46  5.19  5.10  4.48  3.90  3.45  3.44  3.49  2.95  2.29  1.87  1.60  1.07  0.52  0.34  0.22  0.11  0.06  0.04  0.04
10 -90  0.03  0.09  0.14  0.29  0.58  0.88  1.48  3.01  4.44  5.51  6.83  7.02  6.25  5.41  4.97  4.68  4.32  3.48  2.38  1.98  1.38  0.61  0.38  0.16  0.07  0.04  0.03  0.03
10 -85  0.03  0.09  0.14  0.29  0.58  0.88  1.47  3.00  4.44  5.51  6.84  7.02  6.26  5.41  4.97  4.67  4.32  3.49  2.38  1.98  1.38  0.61  0.39  0.16  0.08  0.04  0.03  0.03
10 -80  0.03  0.09  0.14  0.29  0.58  0.88  1.47  3.00  4.44  5.51  6.84  7.02  6.26  5.41  4.96  4.67  4.32  3.49  2.38  1.98  1.38  0.61  0.41  0.17  0.08  0.04  0.03  0.03
10 -75  0.03  0.09  0.15  0.29  0.58  0.88  1.48  3.00  4.43  5.51  6.90  7.31  6.66  5.83  5.42  5.26  4.49  3.84  2.64  2.18  1.52  0.66  0.31  0.18  0.08  0.04  0.03  0.03
10 -70  0.03  0.09  0.15  0.29  0.59  0.88  1.48  3.00  4.41  5.50  6.94  7.60  7.08  6.27  5.84  5.80  4.57  3.91  2.72  2.26  1.56  0.69  0.33  0.18  0.09  0.04  0.03  0.03
10 -65  0.03  0.09  0.15  0.30  0.60  0.91  1.52  3.08  4.55  5.68  7.18  7.96  7.53  6.73  6.36  6.34  4.79  3.86  2.62  2.17  1.44  0.65  0.34  0.19  0.09  0.04  0.03  0.03
10 -60  0.03  0.09  0.15  0.31  0.62  0.93  1.57  3.17  4.71  5.88  7.44  8.30  7.97  7.15  6.89  6.93  5.23  3.88  2.48  2.05  1.29  0.59  0.34  0.21  0.09  0.04  0.03  0.03
10 -55  0.03  0.09  0.16  0.32  0.63  0.95  1.59  3.22  4.80  5.98  7.58  8.49  8.23  7.39  6.82  6.66  5.21  3.56  2.15  1.76  1.05  0.48  0.30  0.19  0.09  0.04  0.03  0.03
10 -50  0.03  0.09  0.16  0.32  0.63  0.95  1.60  3.22  4.87  6.07  7.75  8.72  8.46  7.52  6.75  6.44  5.29  3.45  1.97  1.58  0.88  0.38  0.26  0.19  0.09  0.04  0.03  0.03
10 -45  0.03  0.09  0.16  0.31  0.63  0.94  1.58  3.20  4.92  6.11  8.01  9.08  8.89  8.11  7.15  6.75  5.52  3.52  1.97  1.58  0.86  0.36  0.24  0.15  0.08  0.04  0.04  0.03
10 -40  0.03  0.09  0.16  0.31  0.63  0.95  1.59  3.22  4.86  6.20  8.09  9.21  9.00  8.18  7.39  6.98  5.67  3.58  2.07  1.65  0.89  0.35  0.25  0.12  0.07  0.04  0.04  0.03
10 -35  0.03  0.09  0.16  0.31  0.62  0.94  1.57  3.18  4.72  5.91  7.86  9.17  9.21  8.57  7.53  6.97  5.34  3.06  1.63  1.26  0.64  0.25  0.16  0.09  0.06  0.04  0.04  0.03
10 -30  0.03  0.09  0.15  0.31  0.61  0.92  1.54  3.12  4.70  5.84  7.78  9.30  9.44  8.74  7.56  6.89  5.04  2.59  1.17  0.87  0.37  0.14  0.09  0.06  0.05  0.04  0.04  0.03
10 -25  0.03  0.09  0.16  0.31  0.63  0.94  1.58  3.22  4.76  5.92  7.77  9.23  9.54  8.94  7.65  6.92  4.79  2.16  0.98  0.71  0.27  0.07  0.05  0.04  0.04  0.04  0.04  0.04
10 -20  0.03  0.09  0.15  0.31  0.62  0.93  1.57  3.19  4.77  5.83  7.68  9.32  9.79  9.38  7.88  6.97  4.52  1.86  0.77  0.54  0.16  0.05  0.03  0.03  0.03  0.03  0.04  0.04
10 -15  0.03  0.09  0.15  0.30  0.60  0.90  1.50  3.06  4.57  5.76  7.54  9.29  9.99  9.83  8.26  7.10  4.25  1.75  0.68  0.46  0.13  0.04  0.03  0.03  0.03  0.03  0.03  0.03
10 -10  0.03  0.09  0.14  0.29  0.58  0.87  1.45  2.95  4.33  5.46  7.29  9.13  9.74  9.65  8.40  7.27  4.07  1.63  0.57  0.39  0.11  0.03  0.03  0.02  0.03  0.03  0.03  0.03
10  -5  0.03  0.09  0.14  0.29  0.58  0.87  1.47  2.98  4.28  5.26  7.29  9.21  9.57  9.51  8.53  7.28  4.17  1.65  0.55  0.37  0.11  0.03  0.02  0.02  0.02  0.03  0.03  0.03
10   0  0.03  0.08  0.14  0.28  0.57  0.86  1.43  2.91  3.99  4.90  6.69  8.73  9.08  9.16  8.48  7.37  4.24  1.67  0.51  0.35  0.11  0.03  0.02  0.02  0.02  0.02  0.02  0.02
10   5  0.03  0.09  0.15  0.30  0.59  0.89  1.50  3.05  4.28  5.28  7.03  9.14  9.49  9.49  8.60  7.40  4.40  1.74  0.58  0.40  0.13  0.02  0.02  0.02  0.02  0.02  0.02  0.02
10  10  0.03  0.09  0.15  0.30  0.60  0.90  1.51  3.07  4.43  5.51  7.14  9.01  9.73  9.87  8.62  7.47  4.58  1.80  0.67  0.47  0.15  0.02  0.02  0.02  0.02  0.02  0.02  0.02
10  15  0.03  0.09  0.15  0.31  0.61  0.92  1.55  3.14  4.52  5.71  7.27  9.08  9.85  9.95  8.37  7.31  4.57  1.76  0.71  0.50  0.16  0.03  0.02  0.02  0.02  0.03  0.03  0.02
10  20  0.03  0.09  0.16  0.32  0.64  0.96  1.61  3.28  4.88  6.15  7.63  8.99  9.72  9.61  8.03  7.10  4.51  1.80  0.71  0.51  0.17  0.03  0.02  0.02  0.02  0.03  0.03  0.03
10  25  0.03  0.09  0.16  0.31  0.62  0.94  1.57  3.19  4.82  6.12  7.87  9.06  9.48  9.24  7.82  7.07  4.53  1.86  0.74  0.53  0.18  0.04  0.03  0.03  0.03  0.03  0.03  0.03
10  30  0.03  0.10  0.16  0.32  0.64  0.97  1.62  3.29  4.90  6.15  7.80  8.92  9.26  8.83  7.75  7.05  4.57  1.96  0.76  0.55  0.21  0.06  0.04  0.03  0.03  0.03  0.03  0.03
10  35  0.03  0.10  0.16  0.33  0.66  1.00  1.67  3.40  5.15  6.45  8.03  8.76  8.72  8.34  7.35  6.60  4.45  2.06  0.93  0.69  0.32  0.08  0.05  0.04  0.03  0.03  0.03  0.03
10  40  0.03  0.10  0.17  0.34  0.68  1.02  1.72  3.50  5.28  6.64  8.14  8.57  8.23  7.68  6.81  6.23  4.44  2.29  1.19  0.92  0.47  0.22  0.07  0.05  0.04  0.03  0.03  0.03
10  45  0.04  0.11  0.18  0.36  0.71  1.08  1.81  3.69  5.44  6.76  7.92  7.91  7.45  6.93  6.24  5.85  4.41  2.50  1.45  1.17  0.70  0.31  0.17  0.07  0.05  0.04  0.03  0.03
10  50  0.04  0.11  0.18  0.37  0.73  1.10  1.86  3.78  5.74  6.96  7.82  7.57  6.90  6.23  5.78  5.53  4.44  2.75  1.67  1.36  0.85  0.39  0.22  0.09  0.06  0.04  0.04  0.03
10  55  0.04  0.11  0.18  0.37  0.74  1.11  1.86  3.78  5.69  6.78  7.37  6.93  6.22  5.64  5.35  5.26  4.37  2.78  1.74  1.42  0.91  0.45  0.26  0.15  0.07  0.04  0.04  0.03
10  60  0.04  0.11  0.19  0.38  0.76  1.14  1.91  3.87  5.76  6.81  7.19  6.56  5.79  5.22  5.02  4.99  4.23  2.74  1.82  1.50  0.96  0.48  0.27  0.16  0.08  0.04  0.04  0.03
10  65  0.04  0.12  0.19  0.39  0.77  1.16  1.95  3.97  5.71  6.58  6.73  6.01  5.27  4.77  4.61  4.56  3.88  2.63  1.90  1.59  1.05  0.49  0.28  0.17  0.08  0.04  0.04  0.03
10  70  0.04  0.12  0.20  0.39  0.79  1.18  1.99  4.04  5.65  6.36  6.27  5.44  4.75  4.31  4.19  4.13  3.54  2.52  1.99  1.68  1.14  0.51  0.29  0.18  0.08  0.05  0.04  0.03
10  75  0.04  0.12  0.19  0.39  0.78  1.18  1.97  4.02  5.28  5.71  5.50  4.79  4.25  3.92  3.85  3.78  3.34  2.49  2.03  1.71  1.17  0.52  0.29  0.18  0.09  0.05  0.04  0.03
10  80  0.04  0.12  0.19  0.39  0.78  1.17  1.96  3.99  4.90  5.06  4.73  4.14  3.75  3.55  3.51  3.45  3.18  2.50  2.07  1.76  1.22  0.54  0.30  0.19  0.09  0.05  0.04  0.03
10  85  0.04  0.12  0.19  0.39  0.78  1.17  1.96  3.98  4.89  5.05  4.71  4.13  3.74  3.54  3.50  3.45  3.18  2.50  2.07  1.76  1.22  0.54  0.30  0.19  0.11  0.05  0.04  0.03
10  90  0.04  0.12  0.19  0.39  0.78  1.17  1.96  3.98  4.88  5.03  4.69  4.11  3.72  3.53  3.50  3.44  3.17  2.50  2.07  1.76  1.22  0.54  0.30  0.19  0.11  0.05  0.04  0.03
11 -90  0.02  0.07  0.12  0.25  0.50  0.75  1.27  2.57  3.67  4.56  6.30  7.29  7.13  6.40  5.95  6.05  5.16  3.93  2.76  2.29  1.53  0.65  0.31  0.16  0.10  0.04  0.03  0.02
11 -85  0.02  0.07  0.12  0.25  0.50  0.75  1.26  2.56  3.66  4.56  6.30  7.29  7.14  6.40  5.95  6.04  5.16  3.93  2.75  2.28  1.53  0.65  0.31  0.22  0.10  0.04  0.03  0.02
11 -80  0.02  0.07  0.12  0.25  0.50  0.75  1.26  2.56  3.66  4.56  6.31  7.30  7.14  6.40  5.95  6.04  5.16  3.94  2.75  2.28  1.53  0.65  0.31  0.16  0.10  0.04  0.03  0.03
11 -75  0.03  0.08  0.13  0.25  0.51  0.76  1.28  2.59  3.72  4.64  6.34  7.41  7.32  6.57  6.27  6.43  5.40  4.09  2.88  2.39  1.61  0.69  0.32  0.17  0.10  0.04  0.03  0.03
11 -70  0.03  0.08  0.13  0.26  0.51  0.77  1.29  2.61  3.78  4.72  6.37  7.51  7.50  6.74  6.58  6.78  5.58  4.07  2.85  2.37  1.60  0.72  0.34  0.18  0.10  0.04  0.03  0.03
11 -65  0.03  0.08  0.13  0.26  0.53  0.80  1.33  2.69  3.91  4.89  6.58  7.77  7.78  7.01  6.82  6.92  5.55  3.87  2.65  2.19  1.42  0.66  0.34  0.19  0.10  0.04  0.03  0.03
11 -60  0.03  0.08  0.14  0.27  0.55  0.82  1.38  2.78  4.06  5.07  6.81  8.03  8.06  7.28  7.06  7.10  5.55  3.70  2.40  1.98  1.22  0.60  0.33  0.20  0.10  0.04  0.03  0.03
11 -55  0.03  0.08  0.14  0.28  0.56  0.85  1.42  2.87  4.19  5.22  6.98  8.27  8.35  7.59  6.98  6.71  5.27  3.39  2.04  1.66  0.96  0.47  0.29  0.19  0.10  0.05  0.03  0.03
11 -50  0.03  0.08  0.14  0.28  0.57  0.85  1.43  2.88  4.23  5.30  7.10  8.53  8.63  7.80  6.85  6.34  5.11  3.25  1.82  1.44  0.76  0.35  0.24  0.19  0.09  0.05  0.03  0.03
11 -45  0.03  0.08  0.14  0.28  0.56  0.84  1.40  2.84  4.25  5.28  7.26  8.89  9.03  8.35  7.16  6.57  5.30  3.29  1.81  1.43  0.74  0.31  0.22  0.14  0.08  0.04  0.03  0.03
11 -40  0.03  0.08  0.14  0.28  0.55  0.83  1.40  2.82  4.28  5.40  7.41  9.09  9.23  8.46  7.40  6.75  5.38  3.31  1.91  1.50  0.77  0.31  0.22  0.10  0.06  0.04  0.04  0.03
11 -35  0.03  0.08  0.14  0.28  0.56  0.85  1.42  2.87  4.14  5.18  7.22  9.02  9.35  8.87  7.57  6.84  5.05  2.84  1.47  1.13  0.54  0.23  0.13  0.07  0.05  0.04  0.04  0.03
11 -30  0.03  0.08  0.14  0.28  0.57  0.85  1.42  2.87  4.22  5.21  7.21  9.15  9.58  9.03  7.68  6.88  4.72  2.38  1.03  0.75  0.30  0.13  0.08  0.06  0.05  0.04  0.04  0.03
11 -25  0.03  0.09  0.15  0.29  0.59  0.88  1.47  2.99  4.35  5.42  7.38  9.15  9.60  9.12  7.68  6.83  4.53  2.07  0.90  0.63  0.23  0.08  0.05  0.04  0.04  0.04  0.04  0.03
11 -20  0.03  0.09  0.14  0.29  0.58  0.87  1.46  2.96  4.40  5.40  7.34  9.28  9.85  9.42  7.82  6.80  4.35  1.88  0.74  0.51  0.14  0.05  0.04  0.03  0.03  0.04  0.04  0.03
11 -15  0.03  0.09  0.14  0.28  0.57  0.86  1.43  2.90  4.32  5.38  7.19  9.21 10.05  9.78  8.10  6.94  4.16  1.77  0.67  0.45  0.13  0.04  0.03  0.03  0.03  0.03  0.03  0.03
11 -10  0.03  0.08  0.14  0.28  0.56  0.83  1.40  2.81  4.12  5.19  7.01  9.00  9.69  9.58  8.19  7.10  4.04  1.63  0.57  0.39  0.12  0.03  0.03  0.03  0.03  0.03  0.03  0.03
11  -5  0.03  0.08  0.14  0.28  0.56  0.84  1.41  2.85  4.17  5.16  7.18  9.04  9.49  9.40  8.23  7.07  4.07  1.60  0.55  0.37  0.12  0.03  0.02  0.02  0.02  0.03  0.03  0.02
11   0  0.03  0.09  0.14  0.29  0.58  0.87  1.46  2.95  4.05  5.02  6.77  8.70  9.15  9.07  8.16  7.11  4.04  1.55  0.51  0.35  0.12  0.03  0.02  0.02  0.02  0.02  0.02  0.02
11   5  0.03  0.09  0.15  0.30  0.59  0.89  1.50  3.04  4.32  5.31  7.09  8.97  9.27  9.30  8.31  7.13  4.21  1.61  0.55  0.37  0.12  0.03  0.02  0.02  0.02  0.02  0.02  0.02
11  10  0.03  0.09  0.15  0.30  0.60  0.90  1.51  3.06  4.46  5.53  7.10  8.74  9.31  9.51  8.35  7.19  4.39  1.67  0.60  0.41  0.13  0.03  0.02  0.02  0.02  0.03  0.03  0.02
11  15  0.03  0.09  0.15  0.30  0.61  0.91  1.53  3.11  4.57  5.74  7.16  8.70  9.33  9.50  8.04  7.03  4.30  1.62  0.63  0.44  0.15  0.03  0.02  0.02  0.02  0.03  0.03  0.03
11  20  0.03  0.09  0.16  0.31  0.63  0.95  1.60  3.26  4.90  6.20  7.50  8.57  9.19  9.18  7.67  6.80  4.23  1.67  0.62  0.45  0.16  0.03  0.03  0.02  0.03  0.03  0.03  0.03
11  25  0.03  0.09  0.16  0.31  0.63  0.94  1.58  3.20  4.97  6.28  7.78  8.69  9.00  8.70  7.37  6.75  4.29  1.82  0.71  0.52  0.19  0.04  0.03  0.03  0.03  0.03  0.03  0.03
11  30  0.03  0.10  0.16  0.33  0.66  1.00  1.67  3.40  5.13  6.47  7.82  8.59  8.79  8.26  7.28  6.72  4.39  1.94  0.76  0.56  0.23  0.06  0.04  0.03  0.03  0.03  0.03  0.03
11  35  0.03  0.10  0.17  0.35  0.70  1.06  1.78  3.61  5.50  6.90  8.12  8.43  8.22  7.82  7.01  6.43  4.51  2.13  0.96  0.73  0.36  0.16  0.06  0.04  0.03  0.03  0.03  0.03
11  40  0.04  0.11  0.18  0.37  0.74  1.11  1.87  3.80  5.80  7.25  8.32  8.27  7.70  7.12  6.55  6.22  4.74  2.46  1.28  0.98  0.51  0.22  0.09  0.06  0.04  0.03  0.03  0.03
11  45  0.04  0.12  0.19  0.39  0.78  1.18  1.98  4.03  5.96  7.32  7.99  7.57  6.96  6.51  6.15  5.97  4.77  2.69  1.56  1.25  0.76  0.34  0.20  0.08  0.06  0.04  0.03  0.03
11  50  0.04  0.12  0.20  0.41  0.83  1.24  2.09  4.26  6.34  7.47  7.84  7.17  6.39  5.80  5.77  5.77  4.86  2.94  1.78  1.45  0.92  0.45  0.25  0.15  0.07  0.04  0.03  0.03
11  55  0.04  0.12  0.21  0.41  0.83  1.25  2.11  4.29  6.20  7.07  7.21  6.45  5.78  5.38  5.48  5.60  4.76  2.98  1.86  1.53  1.03  0.51  0.27  0.17  0.07  0.04  0.04  0.03
11  60  0.04  0.13  0.21  0.42  0.84  1.26  2.12  4.31  6.12  6.92  6.85  6.01  5.41  5.11  5.26  5.41  4.57  2.96  1.93  1.62  1.14  0.53  0.28  0.17  0.08  0.04  0.04  0.03
11  65  0.04  0.12  0.20  0.41  0.81  1.23  2.06  4.19  5.91  6.62  6.55  5.76  5.24  5.00  5.03  5.05  4.40  2.95  2.09  1.78  1.30  0.59  0.30  0.18  0.08  0.04  0.04  0.03
11  70  0.04  0.12  0.20  0.40  0.80  1.21  2.03  4.15  5.70  6.32  6.26  5.51  5.08  4.90  4.80  4.69  4.22  2.95  2.25  1.94  1.46  0.65  0.32  0.19  0.08  0.04  0.04  0.03
11  75  0.04  0.12  0.20  0.40  0.80  1.20  2.02  4.13  5.43  5.94  5.78  4.80  4.26  4.06  3.99  3.88  3.64  2.83  2.17  1.87  1.38  0.60  0.29  0.17  0.08  0.04  0.04  0.03
11  80  0.04  0.12  0.20  0.39  0.79  1.19  2.00  4.09  5.16  5.55  5.30  4.09  3.44  3.23  3.18  3.08  3.08  2.75  2.10  1.80  1.32  0.56  0.26  0.15  0.09  0.04  0.04  0.03
11  85  0.04  0.12  0.20  0.39  0.79  1.19  2.00  4.09  5.15  5.53  5.28  4.07  3.42  3.22  3.17  3.07  3.08  2.74  2.10  1.80  1.32  0.56  0.26  0.15  0.09  0.04  0.04  0.03
11  90  0.04  0.12  0.20  0.39  0.79  1.19  1.99  4.08  5.14  5.52  5.26  4.06  3.41  3.21  3.16  3.07  3.08  2.74  2.10  1.80  1.32  0.56  0.26  0.15  0.08  0.04  0.04  0.03
12 -90  0.02  0.07  0.11  0.22  0.45  0.67  1.13  2.29  3.29  4.08  5.78  6.98  6.87  6.06  5.61  5.40  4.99  3.62  2.57  2.14  1.38  0.65  0.33  0.18  0.08  0.05  0.03  0.02
12 -85  0.02  0.07  0.11  0.22  0.45  0.67  1.13  2.29  3.29  4.08  5.79  6.98  6.88  6.05  5.61  5.40  4.99  3.62  2.57  2.14  1.38  0.65  0.33  0.18  0.08  0.05  0.03  0.02
12 -80  0.02  0.07  0.11  0.22  0.45  0.67  1.13  2.29  3.28  4.08  5.79  6.99  6.88  6.05  5.61  5.40  4.99  3.62  2.57  2.14  1.38  0.65  0.33  0.18  0.08  0.05  0.03  0.02
12 -75  0.02  0.07  0.11  0.23  0.46  0.69  1.16  2.34  3.36  4.17  5.83  7.08  7.04  6.23  5.78  5.57  5.11  3.62  2.55  2.14  1.38  0.65  0.34  0.18  0.11  0.05  0.03  0.02
12 -70  0.02  0.07  0.12  0.23  0.47  0.71  1.19  2.40  3.44  4.26  5.88  7.17  7.19  6.40  5.96  5.75  5.21  3.57  2.47  2.07  1.34  0.63  0.34  0.18  0.11  0.05  0.03  0.02
12 -65  0.02  0.07  0.12  0.24  0.49  0.73  1.23  2.49  3.57  4.41  6.06  7.44  7.56  6.82  6.32  6.06  5.22  3.44  2.26  1.89  1.19  0.56  0.33  0.18  0.11  0.05  0.03  0.03
12 -60  0.03  0.08  0.13  0.25  0.51  0.76  1.28  2.59  3.71  4.58  6.26  7.72  7.93  7.23  6.67  6.37  5.23  3.32  2.05  1.70  1.03  0.49  0.31  0.19  0.11  0.05  0.03  0.03
12 -55  0.03  0.08  0.13  0.26  0.53  0.80  1.34  2.71  3.87  4.79  6.49  8.02  8.33  7.74  6.98  6.50  5.07  3.08  1.76  1.44  0.82  0.41  0.27  0.19  0.11  0.05  0.03  0.03
12 -50  0.03  0.08  0.13  0.27  0.54  0.81  1.36  2.74  3.94  4.92  6.65  8.32  8.73  8.15  7.22  6.63  5.00  2.90  1.53  1.21  0.64  0.32  0.22  0.18  0.10  0.05  0.03  0.03
12 -45  0.03  0.08  0.13  0.27  0.53  0.80  1.35  2.73  3.95  4.87  6.75  8.66  9.11  8.65  7.25  6.44  4.91  2.80  1.48  1.16  0.60  0.27  0.18  0.13  0.08  0.04  0.03  0.03
12 -40  0.03  0.08  0.13  0.27  0.53  0.80  1.33  2.69  4.03  5.03  7.00  8.95  9.40  8.85  7.30  6.23  4.71  2.69  1.51  1.18  0.61  0.24  0.16  0.09  0.06  0.04  0.03  0.03
12 -35  0.03  0.08  0.14  0.27  0.55  0.82  1.37  2.77  3.90  4.86  6.88  8.90  9.43  9.16  7.62  6.69  4.62  2.41  1.19  0.90  0.42  0.18  0.10  0.06  0.05  0.04  0.03  0.03
12 -30  0.03  0.08  0.14  0.28  0.55  0.83  1.38  2.79  4.04  4.98  6.99  9.08  9.61  9.21  7.94  7.15  4.54  2.12  0.88  0.63  0.25  0.12  0.07  0.05  0.04  0.04  0.04  0.03
12 -25  0.03  0.09  0.14  0.29  0.57  0.86  1.44  2.90  4.19  5.26  7.30  9.19  9.63  9.20  7.86  7.05  4.40  1.90  0.78  0.55  0.19  0.07  0.05  0.04  0.04  0.04  0.04  0.03
12 -20  0.03  0.08  0.14  0.28  0.56  0.85  1.42  2.85  4.28  5.33  7.36  9.37  9.91  9.40  7.93  6.98  4.30  1.77  0.66  0.44  0.12  0.05  0.04  0.03  0.03  0.03  0.03  0.03
12 -15  0.03  0.08  0.14  0.28  0.56  0.85  1.42  2.85  4.32  5.33  7.22  9.38 10.16  9.67  8.06  7.02  4.16  1.70  0.60  0.40  0.11  0.04  0.03  0.03  0.03  0.03  0.03  0.03
12 -10  0.03  0.08  0.14  0.28  0.56  0.83  1.39  2.79  4.15  5.27  7.15  9.17  9.78  9.56  8.07  7.08  4.07  1.59  0.53  0.35  0.11  0.03  0.03  0.02  0.02  0.03  0.03  0.03
12  -5  0.03  0.08  0.14  0.28  0.56  0.84  1.41  2.83  4.27  5.37  7.46  9.15  9.61  9.38  7.89  6.77  3.97  1.54  0.51  0.34  0.13  0.03  0.02  0.02  0.02  0.02  0.02  0.02
12   0  0.03  0.09  0.15  0.30  0.60  0.90  1.51  3.06  4.36  5.45  7.29  9.06  9.52  9.20  7.68  6.51  3.79  1.45  0.46  0.32  0.13  0.03  0.02  0.02  0.02  0.02  0.02  0.02
12   5  0.03  0.09  0.15  0.30  0.60  0.91  1.52  3.09  4.57  5.62  7.54  9.07  9.26  9.21  7.88  6.67  4.02  1.53  0.51  0.34  0.12  0.03  0.02  0.02  0.02  0.03  0.03  0.02
12  10  0.03  0.09  0.15  0.30  0.61  0.92  1.54  3.11  4.62  5.78  7.38  8.69  9.00  9.10  7.97  6.89  4.25  1.64  0.57  0.38  0.13  0.03  0.02  0.02  0.02  0.03  0.03  0.03
12  15  0.03  0.09  0.15  0.31  0.61  0.92  1.55  3.13  4.72  5.94  7.32  8.52  8.87  8.96  7.61  6.68  4.12  1.64  0.61  0.42  0.14  0.03  0.03  0.03  0.03  0.03  0.03  0.03
12  20  0.03  0.09  0.16  0.32  0.63  0.95  1.60  3.25  4.96  6.31  7.56  8.36  8.76  8.67  7.24  6.43  4.09  1.73  0.63  0.46  0.16  0.04  0.03  0.03  0.03  0.03  0.03  0.03
12  25  0.03  0.09  0.15  0.31  0.62  0.94  1.57  3.17  5.01  6.28  7.66  8.41  8.56  8.13  7.02  6.57  4.28  1.98  0.78  0.58  0.22  0.05  0.03  0.03  0.03  0.03  0.03  0.03
12  30  0.03  0.10  0.16  0.33  0.66  0.99  1.66  3.37  5.09  6.43  7.65  8.27  8.37  7.75  7.05  6.72  4.53  2.13  0.87  0.65  0.27  0.08  0.05  0.04  0.03  0.03  0.03  0.03
12  35  0.03  0.10  0.17  0.35  0.70  1.05  1.76  3.58  5.42  6.77  7.90  8.11  7.88  7.44  6.98  6.66  4.80  2.34  1.08  0.84  0.44  0.21  0.08  0.05  0.04  0.03  0.03  0.03
12  40  0.04  0.11  0.18  0.37  0.74  1.11  1.86  3.79  5.67  7.02  8.02  7.96  7.43  6.84  6.67  6.63  5.15  2.67  1.43  1.10  0.63  0.29  0.16  0.08  0.05  0.04  0.03  0.03
12  45  0.04  0.11  0.19  0.38  0.77  1.16  1.95  3.98  5.75  7.02  7.70  7.36  6.81  6.47  6.34  6.27  5.10  3.04  1.70  1.39  0.87  0.41  0.24  0.15  0.06  0.04  0.03  0.03
12  50  0.04  0.12  0.20  0.41  0.82  1.23  2.06  4.21  6.12  7.15  7.50  6.94  6.29  5.86  5.94  5.97  5.11  3.38  1.96  1.60  1.04  0.51  0.28  0.19  0.07  0.04  0.04  0.03
12  55  0.04  0.12  0.20  0.41  0.82  1.23  2.07  4.22  5.98  6.71  6.92  6.33  5.87  5.64  5.73  5.79  4.95  3.40  2.09  1.72  1.19  0.58  0.31  0.20  0.08  0.04  0.04  0.03
12  60  0.04  0.12  0.20  0.40  0.81  1.22  2.05  4.18  5.85  6.49  6.58  5.97  5.64  5.56  5.56  5.56  4.72  3.35  2.22  1.86  1.33  0.64  0.33  0.20  0.08  0.04  0.04  0.03
12  65  0.04  0.12  0.21  0.42  0.84  1.26  2.13  4.36  5.83  6.45  6.53  5.84  5.51  5.43  5.33  5.24  4.56  3.24  2.27  1.93  1.40  0.65  0.31  0.18  0.08  0.04  0.04  0.03
12  70  0.04  0.13  0.21  0.43  0.86  1.30  2.19  4.51  5.78  6.39  6.45  5.74  5.38  5.31  5.09  4.91  4.41  3.14  2.33  1.99  1.47  0.67  0.29  0.16  0.08  0.04  0.04  0.03
12  75  0.04  0.12  0.21  0.41  0.83  1.26  2.12  4.39  5.54  6.15  6.19  5.31  4.88  4.81  4.62  4.45  4.19  3.14  2.34  2.01  1.47  0.66  0.30  0.17  0.09  0.05  0.04  0.03
12  80  0.04  0.12  0.20  0.40  0.80  1.21  2.04  4.23  5.32  5.91  5.93  4.89  4.39  4.28  4.15  4.01  3.98  3.16  2.35  2.02  1.48  0.65  0.32  0.19  0.09  0.05  0.04  0.03
12  85  0.04  0.12  0.20  0.40  0.80  1.21  2.04  4.22  5.31  5.90  5.91  4.87  4.38  4.28  4.15  4.00  3.98  3.15  2.35  2.02  1.48  0.65  0.32  0.19  0.09  0.05  0.04  0.03
12  90  0.04  0.12  0.20  0.40  0.80  1.20  2.04  4.22  5.30  5.88  5.89  4.86  4.36  4.27  4.14  4.00  3.97  3.15  2.35  2.02  1.48  0.65  0.32  0.19  0.09  0.04  0.04  0.03
