     0.010
     0.030
     0.050
     0.100
     0.200
     0.300
     0.500
     1.000
     1.500
     2.000
     3.000
     5.000
     7.000
    10.000
    15.000
    20.000
    30.000
    50.000
    70.000
    80.000
   100.000
   150.000
   200.000
   250.000
   300.000
   400.000
   500.000
   600.000
 1 -90  0.02  0.07  0.11  0.22  0.45  0.67  1.11  2.21  3.18  3.91  5.48  6.43  6.21  5.37  4.54  3.95  3.45  2.82  2.16  1.82  1.20  0.59  0.33  0.19  0.09  0.06  0.03  0.02
 1 -85  0.02  0.07  0.11  0.22  0.45  0.67  1.11  2.21  3.18  3.91  5.48  6.43  6.20  5.37  4.54  3.95  3.45  2.82  2.16  1.82  1.20  0.59  0.33  0.18  0.09  0.06  0.03  0.02
 1 -80  0.02  0.07  0.11  0.22  0.45  0.67  1.11  2.21  3.18  3.91  5.48  6.43  6.20  5.37  4.54  3.96  3.45  2.82  2.17  1.82  1.20  0.59  0.33  0.18  0.09  0.06  0.03  0.02
 1 -75  0.02  0.07  0.12  0.23  0.46  0.69  1.15  2.28  3.26  3.99  5.49  6.55  6.44  5.65  4.88  4.34  3.74  2.89  2.15  1.81  1.18  0.58  0.33  0.18  0.08  0.05  0.03  0.03
 1 -70  0.02  0.07  0.12  0.24  0.47  0.71  1.18  2.35  3.35  4.07  5.50  6.67  6.67  5.94  5.22  4.72  4.06  2.96  2.13  1.78  1.14  0.57  0.33  0.18  0.08  0.05  0.03  0.03
 1 -65  0.02  0.07  0.12  0.25  0.49  0.74  1.22  2.44  3.46  4.20  5.67  6.99  7.13  6.50  5.84  5.37  4.31  2.96  2.00  1.66  1.04  0.51  0.31  0.18  0.11  0.05  0.04  0.03
 1 -60  0.03  0.08  0.13  0.26  0.51  0.76  1.27  2.53  3.59  4.34  5.84  7.31  7.60  7.06  6.45  6.01  4.56  2.95  1.87  1.54  0.94  0.45  0.29  0.18  0.11  0.05  0.04  0.03
 1 -55  0.03  0.08  0.14  0.27  0.54  0.81  1.35  2.70  3.80  4.58  6.08  7.61  8.01  7.67  6.88  6.30  4.47  2.73  1.59  1.30  0.75  0.34  0.24  0.16  0.11  0.05  0.04  0.03
 1 -50  0.03  0.08  0.14  0.28  0.55  0.83  1.38  2.75  3.88  4.69  6.24  7.91  8.45  8.17  7.24  6.58  4.39  2.50  1.29  1.04  0.55  0.23  0.17  0.16  0.09  0.05  0.04  0.03
 1 -45  0.03  0.08  0.14  0.27  0.55  0.82  1.36  2.71  3.83  4.64  6.28  8.21  8.82  8.57  7.36  6.57  4.45  2.52  1.27  1.00  0.51  0.19  0.14  0.11  0.07  0.05  0.04  0.03
 1 -40  0.03  0.08  0.14  0.27  0.54  0.82  1.36  2.70  3.90  4.75  6.48  8.48  9.15  8.86  7.54  6.59  4.43  2.50  1.28  1.00  0.50  0.18  0.13  0.08  0.06  0.04  0.04  0.03
 1 -35  0.03  0.08  0.14  0.28  0.56  0.83  1.39  2.77  3.82  4.65  6.44  8.53  9.22  9.09  7.68  6.76  4.39  2.25  1.03  0.78  0.36  0.16  0.09  0.06  0.05  0.04  0.04  0.04
 1 -30  0.03  0.08  0.14  0.28  0.56  0.84  1.40  2.80  3.94  4.76  6.57  8.70  9.40  9.18  7.83  6.93  4.35  1.98  0.79  0.57  0.23  0.10  0.06  0.05  0.05  0.04  0.04  0.04
 1 -25  0.03  0.09  0.14  0.29  0.57  0.86  1.42  2.83  4.04  4.96  6.83  8.94  9.55  9.30  7.84  6.88  4.26  1.79  0.69  0.49  0.19  0.07  0.05  0.04  0.04  0.04  0.04  0.04
 1 -20  0.03  0.08  0.14  0.28  0.56  0.83  1.39  2.76  4.10  5.07  6.92  9.19  9.92  9.57  7.96  6.86  4.22  1.61  0.58  0.40  0.14  0.05  0.04  0.04  0.04  0.04  0.04  0.03
 1 -15  0.03  0.08  0.14  0.28  0.55  0.83  1.37  2.74  4.14  5.06  6.91  9.33 10.17  9.77  8.03  6.91  4.09  1.57  0.52  0.35  0.13  0.04  0.03  0.03  0.03  0.03  0.03  0.03
 1 -10  0.03  0.08  0.14  0.27  0.54  0.81  1.35  2.70  4.05  5.12  7.06  9.26 10.02  9.86  8.10  6.98  3.99  1.50  0.45  0.31  0.09  0.04  0.03  0.03  0.03  0.03  0.03  0.03
 1  -5  0.03  0.08  0.14  0.27  0.54  0.81  1.35  2.69  4.15  5.25  7.41  9.19  9.84  9.70  7.96  6.81  3.87  1.45  0.43  0.30  0.07  0.03  0.03  0.03  0.03  0.03  0.03  0.03
 1   0  0.03  0.09  0.15  0.29  0.59  0.88  1.46  2.90  4.34  5.45  7.52  9.37  9.95  9.68  7.87  6.67  3.69  1.34  0.40  0.28  0.06  0.03  0.03  0.03  0.03  0.03  0.03  0.03
 1   5  0.03  0.09  0.15  0.29  0.59  0.88  1.46  2.90  4.44  5.50  7.56  9.11  9.46  9.41  7.81  6.63  3.86  1.45  0.45  0.31  0.06  0.03  0.03  0.03  0.03  0.03  0.03  0.03
 1  10  0.03  0.09  0.15  0.30  0.59  0.89  1.48  2.94  4.41  5.54  7.28  8.66  8.95  8.97  7.68  6.64  4.02  1.59  0.52  0.35  0.06  0.03  0.03  0.03  0.03  0.03  0.04  0.04
 1  15  0.03  0.09  0.15  0.30  0.60  0.90  1.49  2.96  4.52  5.64  7.12  8.32  8.58  8.56  7.27  6.38  3.95  1.59  0.55  0.38  0.07  0.04  0.03  0.03  0.03  0.04  0.04  0.04
 1  20  0.03  0.09  0.16  0.31  0.62  0.93  1.55  3.07  4.63  5.84  7.17  8.11  8.37  8.22  6.89  6.11  3.99  1.65  0.56  0.41  0.15  0.04  0.04  0.04  0.04  0.04  0.04  0.04
 1  25  0.03  0.09  0.16  0.31  0.62  0.93  1.55  3.07  4.74  5.82  7.13  7.96  8.08  7.67  6.70  6.25  4.29  1.98  0.75  0.57  0.24  0.06  0.05  0.04  0.04  0.04  0.04  0.04
 1  30  0.03  0.10  0.16  0.33  0.66  0.98  1.64  3.24  4.81  5.97  7.10  7.74  7.81  7.30  6.70  6.40  4.64  2.22  0.90  0.69  0.32  0.10  0.07  0.05  0.05  0.04  0.04  0.04
 1  35  0.03  0.10  0.17  0.35  0.69  1.03  1.72  3.41  5.04  6.16  7.21  7.59  7.48  7.09  6.64  6.32  4.96  2.54  1.22  0.95  0.49  0.24  0.15  0.08  0.06  0.05  0.04  0.04
 1  40  0.04  0.11  0.18  0.36  0.72  1.08  1.80  3.57  5.12  6.25  7.22  7.45  7.16  6.69  6.38  6.21  5.30  2.93  1.61  1.24  0.67  0.34  0.21  0.11  0.07  0.05  0.04  0.04
 1  45  0.04  0.11  0.19  0.37  0.74  1.11  1.84  3.65  5.10  6.19  7.04  7.07  6.72  6.45  6.29  6.16  5.41  3.27  1.85  1.51  0.92  0.48  0.29  0.18  0.09  0.05  0.05  0.04
 1  50  0.04  0.11  0.19  0.38  0.76  1.13  1.88  3.73  5.29  6.30  6.88  6.80  6.33  6.01  6.12  6.15  5.52  3.58  2.11  1.75  1.13  0.59  0.33  0.22  0.10  0.06  0.05  0.04
 1  55  0.04  0.11  0.19  0.38  0.76  1.14  1.90  3.76  5.19  5.99  6.47  6.38  6.05  5.86  5.85  5.82  5.25  3.59  2.27  1.90  1.30  0.66  0.38  0.24  0.10  0.06  0.05  0.04
 1  60  0.04  0.12  0.19  0.39  0.78  1.16  1.93  3.83  5.20  5.91  6.32  6.14  5.88  5.74  5.62  5.52  4.96  3.58  2.47  2.09  1.48  0.72  0.43  0.26  0.10  0.06  0.05  0.04
 1  65  0.04  0.12  0.19  0.38  0.77  1.15  1.90  3.77  5.18  5.88  6.34  6.18  6.01  5.92  5.68  5.50  4.78  3.54  2.47  2.10  1.49  0.72  0.40  0.24  0.10  0.06  0.05  0.04
 1  70  0.04  0.11  0.19  0.38  0.75  1.13  1.87  3.71  5.17  5.84  6.36  6.24  6.15  6.10  5.75  5.47  4.63  3.50  2.47  2.11  1.50  0.72  0.38  0.22  0.11  0.06  0.05  0.04
 1  75  0.04  0.11  0.18  0.36  0.72  1.08  1.79  3.54  4.96  5.57  6.09  5.86  5.69  5.59  5.21  4.92  4.40  3.42  2.56  2.24  1.69  0.76  0.39  0.23  0.11  0.06  0.05  0.04
 1  80  0.04  0.11  0.18  0.35  0.70  1.05  1.74  3.43  4.72  5.29  5.79  5.48  5.23  5.05  4.67  4.38  4.16  3.33  2.65  2.37  1.88  0.80  0.40  0.24  0.11  0.06  0.05  0.04
 1  85  0.04  0.11  0.18  0.35  0.70  1.05  1.74  3.43  4.73  5.30  5.80  5.50  5.24  5.06  4.68  4.38  4.16  3.33  2.65  2.37  1.88  0.80  0.40  0.24  0.11  0.06  0.05  0.04
 1  90  0.04  0.11  0.18  0.35  0.70  1.05  1.74  3.44  4.74  5.31  5.81  5.51  5.25  5.06  4.68  4.39  4.16  3.33  2.65  2.37  1.88  0.80  0.40  0.24  0.11  0.06  0.05  0.04
 2 -90  0.03  0.08  0.14  0.27  0.55  0.82  1.36  2.70  3.89  4.76  5.95  6.05  5.48  4.64  4.20  3.79  2.92  2.63  2.20  1.87  1.29  0.59  0.33  0.20  0.12  0.06  0.04  0.02
 2 -85  0.03  0.08  0.14  0.27  0.55  0.82  1.36  2.70  3.90  4.76  5.95  6.04  5.48  4.64  4.20  3.79  2.92  2.63  2.20  1.87  1.29  0.59  0.33  0.20  0.12  0.06  0.04  0.03
 2 -80  0.03  0.08  0.14  0.27  0.55  0.82  1.36  2.70  3.90  4.76  5.94  6.04  5.48  4.64  4.20  3.79  2.92  2.63  2.20  1.87  1.29  0.59  0.33  0.20  0.12  0.06  0.03  0.03
 2 -75  0.03  0.08  0.14  0.27  0.54  0.81  1.35  2.69  3.89  4.76  6.02  6.38  5.95  5.13  4.60  4.14  3.13  2.63  2.21  1.87  1.27  0.58  0.34  0.19  0.11  0.06  0.03  0.03
 2 -70  0.03  0.08  0.14  0.27  0.54  0.81  1.34  2.67  3.89  4.75  6.09  6.72  6.42  5.62  5.00  4.50  3.38  2.64  2.19  1.85  1.22  0.56  0.34  0.19  0.10  0.05  0.04  0.03
 2 -65  0.03  0.08  0.14  0.28  0.55  0.82  1.37  2.73  3.96  4.82  6.24  7.12  6.98  6.23  5.52  4.97  3.78  2.66  2.04  1.71  1.11  0.50  0.32  0.19  0.12  0.05  0.04  0.03
 2 -60  0.03  0.08  0.14  0.28  0.56  0.84  1.40  2.79  4.03  4.92  6.40  7.52  7.54  6.84  6.04  5.42  4.17  2.68  1.89  1.58  1.00  0.44  0.30  0.18  0.12  0.06  0.04  0.03
 2 -55  0.03  0.09  0.15  0.30  0.59  0.89  1.48  2.93  4.21  5.10  6.57  7.79  7.95  7.45  6.60  5.94  4.26  2.54  1.56  1.29  0.76  0.33  0.23  0.16  0.11  0.05  0.04  0.03
 2 -50  0.03  0.09  0.15  0.30  0.60  0.90  1.50  2.99  4.26  5.19  6.69  8.06  8.39  7.99  7.12  6.46  4.33  2.40  1.23  0.99  0.52  0.23  0.16  0.14  0.09  0.05  0.04  0.03
 2 -45  0.03  0.09  0.15  0.30  0.59  0.89  1.48  2.93  4.17  5.08  6.68  8.33  8.77  8.41  7.29  6.51  4.39  2.35  1.22  0.95  0.46  0.18  0.16  0.09  0.06  0.05  0.04  0.03
 2 -40  0.03  0.09  0.15  0.30  0.59  0.89  1.47  2.93  4.21  5.15  6.82  8.59  9.15  8.80  7.53  6.57  4.40  2.28  1.21  0.93  0.42  0.16  0.11  0.07  0.05  0.04  0.04  0.03
 2 -35  0.03  0.09  0.15  0.30  0.59  0.89  1.48  2.94  4.08  4.97  6.70  8.61  9.22  9.05  7.63  6.66  4.30  2.09  0.99  0.74  0.32  0.13  0.08  0.06  0.05  0.04  0.04  0.03
 2 -30  0.03  0.09  0.15  0.30  0.59  0.89  1.48  2.94  4.14  5.01  6.76  8.74  9.39  9.20  7.77  6.78  4.21  1.87  0.78  0.56  0.22  0.09  0.06  0.04  0.04  0.04  0.04  0.03
 2 -25  0.03  0.09  0.15  0.29  0.59  0.88  1.46  2.91  4.11  5.04  6.87  8.97  9.62  9.44  7.86  6.79  4.12  1.76  0.66  0.47  0.17  0.06  0.04  0.04  0.04  0.04  0.04  0.03
 2 -20  0.03  0.08  0.14  0.28  0.56  0.84  1.40  2.79  4.11  5.09  6.87  9.16 10.02  9.81  8.04  6.83  4.07  1.61  0.54  0.37  0.13  0.05  0.03  0.03  0.03  0.04  0.04  0.03
 2 -15  0.03  0.08  0.14  0.28  0.55  0.83  1.37  2.73  4.07  4.93  6.75  9.31 10.29 10.00  8.11  6.89  4.01  1.53  0.50  0.34  0.13  0.04  0.03  0.03  0.03  0.03  0.03  0.03
 2 -10  0.03  0.08  0.13  0.27  0.54  0.80  1.34  2.66  3.91  4.90  6.78  9.21 10.23 10.19  8.20  6.98  3.98  1.42  0.46  0.31  0.09  0.03  0.03  0.03  0.03  0.03  0.03  0.03
 2  -5  0.03  0.08  0.13  0.27  0.53  0.80  1.33  2.63  3.98  4.99  7.09  9.14 10.13 10.10  7.90  6.54  3.82  1.39  0.45  0.31  0.07  0.03  0.03  0.03  0.03  0.03  0.03  0.02
 2   0  0.03  0.09  0.15  0.29  0.58  0.87  1.44  2.85  4.16  5.22  7.29  9.50 10.44 10.23  7.69  6.10  3.59  1.29  0.43  0.31  0.06  0.03  0.03  0.03  0.03  0.03  0.03  0.03
 2   5  0.03  0.09  0.14  0.29  0.58  0.86  1.43  2.83  4.26  5.26  7.33  9.20  9.91  9.93  7.75  6.34  3.77  1.42  0.49  0.34  0.06  0.03  0.03  0.03  0.03  0.03  0.03  0.03
 2  10  0.03  0.09  0.14  0.29  0.57  0.86  1.43  2.83  4.19  5.21  7.06  8.76  9.32  9.36  7.78  6.64  3.93  1.58  0.57  0.39  0.06  0.03  0.03  0.03  0.03  0.04  0.04  0.04
 2  15  0.03  0.09  0.14  0.29  0.58  0.87  1.44  2.85  4.35  5.35  6.99  8.45  8.87  8.90  7.51  6.59  4.02  1.66  0.63  0.44  0.07  0.04  0.03  0.03  0.03  0.04  0.04  0.04
 2  20  0.03  0.09  0.15  0.30  0.60  0.90  1.50  2.97  4.43  5.55  7.05  8.30  8.71  8.61  7.32  6.57  4.23  1.76  0.66  0.48  0.09  0.05  0.04  0.04  0.04  0.04  0.04  0.04
 2  25  0.03  0.09  0.15  0.30  0.61  0.91  1.52  3.01  4.59  5.60  7.04  8.13  8.36  8.03  6.99  6.46  4.45  2.05  0.83  0.62  0.25  0.06  0.05  0.05  0.04  0.04  0.04  0.04
 2  30  0.03  0.10  0.16  0.32  0.64  0.96  1.60  3.17  4.70  5.84  7.12  7.94  8.10  7.66  6.84  6.38  4.74  2.22  0.96  0.72  0.30  0.17  0.08  0.06  0.05  0.05  0.04  0.04
 2  35  0.03  0.10  0.17  0.34  0.68  1.01  1.68  3.33  4.98  6.10  7.34  7.85  7.81  7.41  6.79  6.35  5.00  2.66  1.28  0.98  0.48  0.30  0.21  0.10  0.07  0.05  0.05  0.04
 2  40  0.04  0.11  0.18  0.36  0.71  1.06  1.77  3.49  5.07  6.23  7.39  7.77  7.53  7.01  6.54  6.27  5.26  3.12  1.66  1.26  0.66  0.42  0.29  0.14  0.09  0.05  0.05  0.04
 2  45  0.04  0.11  0.18  0.36  0.73  1.09  1.81  3.58  5.13  6.30  7.38  7.52  7.16  6.81  6.46  6.18  5.41  3.46  1.93  1.56  0.94  0.54  0.36  0.22  0.10  0.06  0.05  0.05
 2  50  0.04  0.11  0.19  0.37  0.74  1.11  1.84  3.65  5.34  6.52  7.30  7.28  6.78  6.38  6.27  6.11  5.55  3.75  2.24  1.85  1.17  0.64  0.39  0.26  0.11  0.06  0.05  0.05
 2  55  0.04  0.12  0.19  0.38  0.77  1.15  1.90  3.77  5.38  6.41  7.04  6.97  6.53  6.22  6.09  5.96  5.50  3.84  2.39  2.00  1.35  0.69  0.43  0.28  0.11  0.06  0.05  0.05
 2  60  0.04  0.12  0.20  0.40  0.80  1.20  1.99  3.95  5.51  6.51  6.99  6.76  6.34  6.07  5.93  5.83  5.46  3.92  2.59  2.18  1.52  0.75  0.47  0.29  0.12  0.06  0.05  0.05
 2  65  0.04  0.12  0.20  0.40  0.80  1.20  1.99  3.95  5.43  6.32  6.79  6.61  6.30  6.11  5.88  5.71  5.26  3.79  2.68  2.28  1.65  0.81  0.46  0.29  0.12  0.06  0.05  0.05
 2  70  0.04  0.12  0.20  0.40  0.80  1.20  1.99  3.94  5.36  6.15  6.59  6.45  6.27  6.17  5.84  5.60  5.10  3.66  2.76  2.39  1.77  0.87  0.46  0.28  0.12  0.06  0.05  0.05
 2  75  0.04  0.12  0.20  0.40  0.80  1.19  1.98  3.92  5.21  5.86  6.51  6.58  6.55  6.48  6.03  5.70  5.13  3.60  2.81  2.44  1.82  0.91  0.47  0.28  0.13  0.06  0.05  0.05
 2  80  0.04  0.12  0.20  0.40  0.79  1.18  1.97  3.90  5.05  5.56  6.43  6.75  6.83  6.79  6.22  5.80  5.16  3.53  2.84  2.48  1.85  0.94  0.49  0.28  0.13  0.06  0.05  0.05
 2  85  0.04  0.12  0.20  0.40  0.79  1.18  1.97  3.90  5.06  5.57  6.45  6.76  6.84  6.80  6.22  5.81  5.16  3.53  2.84  2.48  1.85  0.94  0.49  0.28  0.14  0.07  0.05  0.05
 2  90  0.04  0.12  0.20  0.40  0.79  1.18  1.97  3.90  5.07  5.58  6.46  6.77  6.85  6.81  6.23  5.81  5.17  3.54  2.84  2.48  1.85  0.94  0.49  0.28  0.14  0.07  0.05  0.05
 3 -90  0.04  0.12  0.20  0.40  0.80  1.19  1.98  3.91  5.17  5.96  6.05  5.58  5.00  4.39  3.80  3.20  2.78  2.61  2.31  1.98  1.38  0.55  0.31  0.18  0.10  0.05  0.03  0.03
 3 -85  0.04  0.12  0.20  0.40  0.80  1.19  1.98  3.92  5.17  5.96  6.05  5.58  5.00  4.39  3.80  3.20  2.78  2.61  2.32  1.98  1.38  0.55  0.31  0.18  0.10  0.05  0.03  0.03
 3 -80  0.04  0.12  0.20  0.40  0.80  1.19  1.98  3.92  5.17  5.95  6.04  5.58  4.99  4.39  3.81  3.20  2.78  2.61  2.32  1.98  1.38  0.55  0.31  0.18  0.10  0.05  0.03  0.03
 3 -75  0.04  0.11  0.19  0.38  0.76  1.14  1.89  3.74  5.13  6.02  6.44  6.10  5.48  4.80  4.14  3.49  2.89  2.59  2.29  1.95  1.34  0.54  0.30  0.18  0.10  0.05  0.03  0.03
 3 -70  0.04  0.11  0.18  0.36  0.72  1.08  1.80  3.57  5.08  6.08  6.83  6.62  5.97  5.20  4.47  3.81  3.06  2.59  2.23  1.89  1.27  0.52  0.30  0.17  0.10  0.05  0.04  0.03
 3 -65  0.04  0.11  0.18  0.35  0.70  1.05  1.75  3.47  5.01  6.05  7.01  7.08  6.55  5.77  5.08  4.50  3.44  2.60  2.04  1.73  1.15  0.47  0.28  0.17  0.12  0.05  0.04  0.03
 3 -60  0.03  0.10  0.17  0.34  0.68  1.02  1.70  3.37  4.95  6.03  7.20  7.55  7.12  6.34  5.68  5.17  3.80  2.63  1.86  1.56  1.02  0.42  0.27  0.17  0.12  0.05  0.04  0.03
 3 -55  0.03  0.10  0.17  0.34  0.69  1.03  1.71  3.40  4.98  6.05  7.29  7.84  7.57  6.92  6.25  5.75  4.19  2.58  1.57  1.31  0.80  0.32  0.21  0.15  0.10  0.05  0.04  0.03
 3 -50  0.03  0.10  0.17  0.34  0.68  1.02  1.70  3.37  4.95  6.03  7.37  8.14  8.07  7.47  6.81  6.33  4.54  2.51  1.30  1.06  0.60  0.23  0.16  0.11  0.07  0.05  0.04  0.03
 3 -45  0.03  0.10  0.17  0.33  0.66  0.99  1.64  3.25  4.75  5.82  7.29  8.43  8.51  7.97  6.95  6.19  4.42  2.43  1.24  0.98  0.51  0.18  0.13  0.08  0.06  0.04  0.04  0.03
 3 -40  0.03  0.10  0.16  0.32  0.65  0.97  1.61  3.20  4.65  5.74  7.31  8.68  8.96  8.50  7.10  6.04  4.27  2.33  1.16  0.90  0.44  0.14  0.10  0.06  0.05  0.04  0.04  0.03
 3 -35  0.03  0.10  0.16  0.32  0.63  0.95  1.57  3.13  4.47  5.47  7.14  8.70  9.11  8.83  7.53  6.59  4.29  2.14  0.95  0.71  0.32  0.13  0.08  0.05  0.04  0.04  0.03  0.03
 3 -30  0.03  0.09  0.16  0.31  0.62  0.93  1.55  3.09  4.43  5.42  7.09  8.80  9.31  9.11  7.98  7.17  4.34  1.94  0.74  0.54  0.20  0.09  0.05  0.04  0.04  0.04  0.03  0.03
 3 -25  0.03  0.09  0.15  0.30  0.61  0.91  1.51  3.00  4.30  5.28  7.03  8.97  9.59  9.45  8.11  7.21  4.21  1.74  0.60  0.43  0.15  0.06  0.04  0.03  0.03  0.03  0.03  0.03
 3 -20  0.03  0.09  0.15  0.29  0.58  0.87  1.44  2.87  4.24  5.26  6.93  9.04  9.94  9.92  8.34  7.26  4.13  1.47  0.45  0.31  0.09  0.04  0.03  0.03  0.03  0.03  0.03  0.03
 3 -15  0.03  0.09  0.14  0.28  0.57  0.85  1.41  2.80  4.10  4.94  6.64  9.10 10.15 10.12  8.29  7.09  4.08  1.46  0.45  0.30  0.10  0.03  0.03  0.03  0.03  0.03  0.03  0.03
 3 -10  0.03  0.08  0.14  0.28  0.56  0.83  1.38  2.74  3.89  4.79  6.47  8.88 10.12 10.37  8.26  6.93  4.06  1.43  0.45  0.31  0.12  0.03  0.03  0.03  0.03  0.03  0.03  0.03
 3  -5  0.03  0.08  0.14  0.27  0.55  0.82  1.36  2.69  3.88  4.78  6.67  8.75 10.00 10.33  8.12  6.77  3.97  1.42  0.45  0.31  0.07  0.03  0.03  0.02  0.03  0.03  0.03  0.02
 3   0  0.03  0.09  0.15  0.29  0.58  0.87  1.45  2.85  3.99  4.95  6.84  9.12 10.39 10.57  8.09  6.58  3.82  1.33  0.44  0.31  0.13  0.03  0.03  0.03  0.03  0.03  0.03  0.03
 3   5  0.03  0.09  0.14  0.29  0.58  0.86  1.43  2.83  4.12  4.98  6.89  8.89  9.95 10.28  8.04  6.70  3.94  1.42  0.48  0.33  0.06  0.03  0.03  0.03  0.03  0.03  0.03  0.03
 3  10  0.03  0.09  0.14  0.29  0.57  0.85  1.42  2.81  4.02  4.87  6.68  8.55  9.43  9.67  8.00  6.90  4.08  1.56  0.55  0.38  0.07  0.03  0.03  0.03  0.03  0.04  0.04  0.04
 3  15  0.03  0.09  0.14  0.29  0.57  0.86  1.43  2.84  4.22  5.09  6.78  8.38  9.00  9.16  7.62  6.61  4.08  1.63  0.60  0.43  0.08  0.04  0.03  0.03  0.03  0.04  0.04  0.04
 3  20  0.03  0.09  0.15  0.30  0.60  0.90  1.49  2.96  4.31  5.32  6.88  8.37  8.92  8.89  7.33  6.38  4.20  1.71  0.63  0.46  0.18  0.05  0.04  0.04  0.04  0.04  0.04  0.04
 3  25  0.03  0.09  0.15  0.30  0.61  0.91  1.51  3.00  4.46  5.42  6.92  8.24  8.61  8.39  7.13  6.38  4.40  2.09  0.84  0.64  0.29  0.07  0.06  0.05  0.05  0.05  0.05  0.04
 3  30  0.03  0.09  0.16  0.32  0.63  0.94  1.57  3.11  4.58  5.66  7.09  8.14  8.42  8.12  7.07  6.43  4.66  2.38  1.02  0.79  0.38  0.20  0.10  0.07  0.06  0.05  0.05  0.04
 3  35  0.03  0.10  0.16  0.33  0.65  0.98  1.62  3.21  4.82  5.91  7.41  8.20  8.29  7.91  7.05  6.45  4.78  2.73  1.33  1.05  0.57  0.31  0.22  0.10  0.07  0.05  0.05  0.05
 3  40  0.03  0.10  0.17  0.34  0.68  1.01  1.68  3.33  4.87  6.01  7.49  8.26  8.17  7.60  6.85  6.40  4.88  3.09  1.70  1.32  0.77  0.42  0.30  0.14  0.09  0.06  0.05  0.05
 3  45  0.03  0.10  0.17  0.34  0.68  1.02  1.69  3.34  4.96  6.17  7.67  8.15  7.84  7.38  6.72  6.23  5.14  3.41  1.90  1.56  0.98  0.55  0.38  0.23  0.10  0.06  0.05  0.05
 3  50  0.03  0.10  0.17  0.34  0.68  1.02  1.69  3.35  5.13  6.42  7.69  7.96  7.46  6.95  6.47  6.08  5.39  3.67  2.17  1.81  1.16  0.66  0.42  0.29  0.12  0.06  0.05  0.05
 3  55  0.04  0.11  0.18  0.35  0.70  1.05  1.74  3.45  5.20  6.41  7.53  7.68  7.20  6.72  6.30  6.00  5.38  3.81  2.38  2.00  1.33  0.74  0.47  0.31  0.13  0.07  0.05  0.05
 3  60  0.04  0.11  0.18  0.37  0.74  1.10  1.83  3.62  5.39  6.61  7.55  7.48  6.95  6.46  6.15  5.94  5.39  3.98  2.63  2.21  1.51  0.84  0.53  0.33  0.14  0.07  0.05  0.05
 3  65  0.04  0.11  0.19  0.38  0.76  1.14  1.88  3.73  5.42  6.57  7.35  7.23  6.73  6.30  5.96  5.73  5.21  3.98  2.76  2.36  1.70  0.92  0.58  0.36  0.14  0.07  0.06  0.05
 3  70  0.04  0.12  0.20  0.39  0.78  1.17  1.94  3.84  5.45  6.54  7.16  6.97  6.51  6.14  5.78  5.52  5.03  3.99  2.89  2.51  1.88  1.01  0.63  0.38  0.15  0.07  0.06  0.05
 3  75  0.04  0.12  0.20  0.39  0.78  1.17  1.94  3.85  5.36  6.37  6.96  6.88  6.56  6.28  5.73  5.35  4.95  4.00  2.94  2.57  1.93  1.05  0.62  0.37  0.18  0.07  0.06  0.05
 3  80  0.04  0.12  0.20  0.39  0.78  1.17  1.95  3.86  5.28  6.20  6.77  6.79  6.61  6.42  5.69  5.18  4.88  4.00  2.97  2.60  1.97  1.09  0.61  0.36  0.17  0.07  0.06  0.05
 3  85  0.04  0.12  0.20  0.39  0.78  1.17  1.95  3.87  5.29  6.21  6.78  6.81  6.62  6.42  5.69  5.19  4.88  4.00  2.97  2.60  1.97  1.09  0.61  0.36  0.17  0.07  0.06  0.05
 3  90  0.04  0.12  0.20  0.39  0.78  1.17  1.95  3.87  5.30  6.23  6.80  6.82  6.63  6.43  5.70  5.19  4.88  4.00  2.97  2.60  1.97  1.09  0.61  0.36  0.17  0.08  0.06  0.05
 4 -90  0.05  0.16  0.26  0.53  1.05  1.57  2.60  5.12  5.79  5.99  5.80  5.24  4.74  4.17  3.54  2.84  2.43  2.84  2.32  1.97  1.29  0.46  0.28  0.17  0.10  0.05  0.03  0.03
 4 -85  0.05  0.16  0.26  0.53  1.05  1.57  2.60  5.12  5.79  5.99  5.79  5.24  4.74  4.17  3.54  2.84  2.43  2.84  2.32  1.97  1.29  0.46  0.28  0.17  0.10  0.05  0.03  0.03
 4 -80  0.05  0.16  0.26  0.53  1.05  1.57  2.60  5.13  5.79  5.98  5.79  5.24  4.74  4.18  3.54  2.84  2.43  2.84  2.32  1.97  1.29  0.46  0.28  0.17  0.10  0.05  0.03  0.03
 4 -75  0.05  0.15  0.25  0.51  1.01  1.51  2.51  4.95  6.03  6.46  6.32  5.70  5.15  4.56  3.95  3.28  2.75  2.79  2.28  1.95  1.29  0.44  0.27  0.17  0.09  0.05  0.03  0.03
 4 -70  0.05  0.15  0.24  0.49  0.97  1.46  2.42  4.77  6.22  6.93  6.84  6.19  5.57  4.94  4.34  3.75  3.14  2.75  2.22  1.90  1.28  0.42  0.26  0.16  0.11  0.05  0.04  0.03
 4 -65  0.05  0.14  0.23  0.47  0.93  1.40  2.32  4.59  6.20  7.05  7.19  6.71  6.08  5.43  4.85  4.38  3.56  2.75  2.05  1.75  1.15  0.39  0.24  0.15  0.10  0.05  0.04  0.03
 4 -60  0.05  0.14  0.22  0.45  0.90  1.34  2.23  4.42  6.17  7.17  7.54  7.23  6.59  5.91  5.36  4.98  3.97  2.77  1.89  1.59  1.03  0.35  0.21  0.14  0.10  0.05  0.04  0.03
 4 -55  0.04  0.13  0.22  0.43  0.86  1.29  2.15  4.26  6.06  7.13  7.70  7.57  7.02  6.38  5.95  5.69  4.38  2.69  1.64  1.35  0.80  0.28  0.17  0.12  0.08  0.05  0.04  0.03
 4 -50  0.04  0.12  0.21  0.41  0.82  1.23  2.04  4.05  5.94  7.10  7.89  7.92  7.50  6.84  6.55  6.41  4.74  2.58  1.39  1.10  0.57  0.22  0.12  0.10  0.07  0.04  0.03  0.03
 4 -45  0.04  0.12  0.19  0.39  0.77  1.16  1.93  3.81  5.61  6.80  7.83  8.26  8.02  7.38  6.73  6.24  4.58  2.46  1.34  1.03  0.50  0.18  0.11  0.08  0.05  0.04  0.03  0.03
 4 -40  0.04  0.11  0.19  0.37  0.74  1.11  1.84  3.64  5.32  6.53  7.80  8.55  8.49  7.93  6.84  6.04  4.41  2.32  1.25  0.96  0.45  0.15  0.11  0.06  0.04  0.04  0.03  0.03
 4 -35  0.04  0.11  0.18  0.35  0.70  1.05  1.74  3.45  5.01  6.11  7.56  8.63  8.79  8.38  7.05  6.09  4.24  2.11  1.06  0.81  0.38  0.13  0.08  0.05  0.04  0.03  0.03  0.03
 4 -30  0.03  0.10  0.17  0.34  0.67  1.00  1.67  3.31  4.82  5.89  7.41  8.76  9.07  8.81  7.27  6.17  4.10  1.92  0.88  0.66  0.29  0.09  0.06  0.04  0.04  0.03  0.03  0.03
 4 -25  0.03  0.10  0.16  0.32  0.65  0.97  1.61  3.19  4.60  5.63  7.23  8.88  9.42  9.27  7.64  6.52  4.10  1.78  0.68  0.50  0.20  0.06  0.04  0.03  0.03  0.03  0.03  0.03
 4 -20  0.03  0.09  0.16  0.31  0.62  0.93  1.54  3.06  4.52  5.60  7.09  8.90  9.76  9.87  8.08  6.87  4.14  1.55  0.48  0.33  0.11  0.04  0.03  0.03  0.03  0.03  0.03  0.03
 4 -15  0.03  0.09  0.15  0.30  0.61  0.91  1.50  2.97  4.32  5.24  6.82  8.93  9.86 10.02  8.21  6.99  4.11  1.48  0.45  0.31  0.11  0.03  0.03  0.02  0.03  0.03  0.03  0.03
 4 -10  0.03  0.09  0.15  0.30  0.60  0.89  1.48  2.93  4.12  5.06  6.61  8.67  9.81 10.23  8.35  7.14  4.14  1.41  0.42  0.29  0.12  0.03  0.02  0.02  0.02  0.03  0.03  0.02
 4  -5  0.03  0.09  0.15  0.30  0.59  0.88  1.46  2.88  4.05  4.95  6.70  8.52  9.65 10.19  8.30  7.11  4.13  1.42  0.42  0.30  0.13  0.03  0.02  0.02  0.02  0.03  0.03  0.02
 4   0  0.03  0.09  0.15  0.30  0.60  0.90  1.49  2.94  4.08  5.01  6.80  8.83  9.99 10.43  8.34  7.03  4.06  1.35  0.41  0.29  0.13  0.03  0.02  0.02  0.02  0.03  0.03  0.02
 4   5  0.03  0.09  0.15  0.30  0.60  0.89  1.48  2.92  4.19  5.01  6.81  8.67  9.72 10.17  8.17  7.02  4.17  1.46  0.56  0.38  0.14  0.03  0.02  0.02  0.03  0.03  0.03  0.03
 4  10  0.03  0.09  0.15  0.29  0.58  0.88  1.45  2.88  4.02  4.82  6.59  8.41  9.32  9.57  8.03  7.09  4.32  1.60  0.74  0.51  0.16  0.03  0.03  0.03  0.03  0.03  0.04  0.04
 4  15  0.03  0.09  0.15  0.29  0.59  0.88  1.46  2.89  4.19  5.05  6.77  8.37  8.98  9.10  7.71  6.84  4.28  1.70  0.82  0.57  0.18  0.04  0.03  0.03  0.03  0.04  0.04  0.04
 4  20  0.03  0.09  0.15  0.30  0.61  0.91  1.51  2.99  4.29  5.26  6.86  8.45  8.98  8.86  7.49  6.66  4.32  1.78  0.87  0.61  0.20  0.05  0.04  0.04  0.04  0.04  0.05  0.04
 4  25  0.03  0.09  0.15  0.30  0.61  0.91  1.51  3.00  4.35  5.30  6.86  8.32  8.72  8.52  7.36  6.62  4.46  2.06  1.00  0.74  0.30  0.09  0.06  0.05  0.05  0.05  0.05  0.05
 4  30  0.03  0.09  0.15  0.31  0.61  0.92  1.52  3.02  4.43  5.44  6.97  8.22  8.60  8.39  7.33  6.64  4.64  2.27  1.11  0.85  0.39  0.17  0.10  0.07  0.06  0.05  0.05  0.05
 4  35  0.03  0.09  0.16  0.31  0.62  0.93  1.54  3.05  4.52  5.54  7.16  8.30  8.60  8.30  7.30  6.61  4.66  2.56  1.36  1.06  0.57  0.33  0.17  0.10  0.07  0.06  0.05  0.05
 4  40  0.03  0.09  0.16  0.31  0.63  0.94  1.56  3.08  4.43  5.46  7.04  8.35  8.61  8.16  7.15  6.51  4.66  2.83  1.63  1.29  0.77  0.44  0.30  0.13  0.08  0.06  0.05  0.05
 4  45  0.03  0.09  0.15  0.31  0.62  0.92  1.53  3.03  4.46  5.53  7.25  8.34  8.37  7.95  6.99  6.33  4.76  3.08  1.78  1.47  0.93  0.53  0.37  0.17  0.10  0.06  0.06  0.05
 4  50  0.03  0.09  0.15  0.30  0.60  0.90  1.50  2.97  4.48  5.65  7.26  8.21  8.06  7.59  6.75  6.13  4.84  3.29  2.00  1.66  1.05  0.61  0.42  0.28  0.12  0.07  0.06  0.05
 4  55  0.03  0.09  0.15  0.30  0.60  0.90  1.50  2.96  4.46  5.60  7.18  7.99  7.79  7.28  6.44  5.85  4.94  3.49  2.20  1.85  1.22  0.68  0.47  0.32  0.14  0.07  0.06  0.05
 4  60  0.03  0.09  0.16  0.31  0.62  0.93  1.54  3.05  4.59  5.77  7.26  7.86  7.53  6.93  6.14  5.60  5.06  3.71  2.43  2.05  1.39  0.77  0.54  0.34  0.15  0.07  0.06  0.05
 4  65  0.03  0.09  0.16  0.31  0.63  0.94  1.56  3.08  4.60  5.76  7.10  7.53  7.15  6.55  5.93  5.50  4.96  3.74  2.61  2.21  1.52  0.90  0.64  0.39  0.15  0.07  0.06  0.05
 4  70  0.03  0.10  0.16  0.32  0.63  0.95  1.57  3.12  4.61  5.75  6.95  7.21  6.77  6.17  5.73  5.40  4.86  3.77  2.79  2.37  1.65  1.03  0.73  0.44  0.22  0.08  0.06  0.05
 4  75  0.03  0.10  0.16  0.32  0.65  0.97  1.61  3.18  4.60  5.69  6.66  6.78  6.36  5.82  5.54  5.33  4.82  3.84  2.88  2.47  1.77  1.09  0.74  0.44  0.21  0.08  0.06  0.05
 4  80  0.03  0.10  0.17  0.33  0.66  0.99  1.64  3.25  4.59  5.63  6.38  6.36  5.94  5.47  5.35  5.25  4.79  3.90  2.96  2.55  1.87  1.15  0.75  0.44  0.20  0.08  0.06  0.05
 4  85  0.03  0.10  0.17  0.33  0.66  0.99  1.64  3.26  4.60  5.64  6.40  6.38  5.95  5.48  5.36  5.26  4.80  3.91  2.96  2.55  1.87  1.15  0.75  0.44  0.20  0.08  0.06  0.05
 4  90  0.03  0.10  0.17  0.33  0.66  0.99  1.64  3.26  4.61  5.65  6.41  6.40  5.97  5.48  5.36  5.26  4.80  3.91  2.96  2.55  1.87  1.15  0.75  0.44  0.20  0.09  0.06  0.05
 5 -90  0.06  0.17  0.29  0.58  1.15  1.72  2.84  5.56  6.20  6.47  5.89  4.75  4.01  3.38  3.17  2.94  3.08  2.90  2.23  1.87  1.23  0.45  0.25  0.15  0.08  0.04  0.03  0.03
 5 -85  0.06  0.17  0.29  0.58  1.15  1.72  2.84  5.56  6.20  6.47  5.89  4.74  4.01  3.38  3.17  2.95  3.08  2.90  2.23  1.87  1.23  0.45  0.25  0.15  0.08  0.04  0.03  0.03
 5 -80  0.06  0.17  0.29  0.58  1.15  1.72  2.84  5.56  6.20  6.47  5.89  4.74  4.01  3.39  3.17  2.95  3.08  2.90  2.23  1.87  1.23  0.45  0.25  0.15  0.08  0.04  0.03  0.03
 5 -75  0.06  0.17  0.28  0.56  1.12  1.68  2.77  5.44  6.29  6.69  6.33  5.37  4.72  4.11  3.71  3.31  3.15  2.77  2.08  1.75  1.16  0.42  0.23  0.14  0.09  0.04  0.03  0.03
 5 -70  0.05  0.16  0.27  0.55  1.09  1.62  2.69  5.29  6.36  6.89  6.75  6.00  5.43  4.84  4.28  3.72  3.22  2.62  1.91  1.62  1.07  0.39  0.21  0.13  0.09  0.04  0.03  0.03
 5 -65  0.05  0.16  0.27  0.55  1.09  1.63  2.71  5.33  6.62  7.24  7.04  6.34  5.78  5.21  4.85  4.43  3.77  2.73  1.87  1.55  0.97  0.38  0.21  0.13  0.08  0.04  0.03  0.03
 5 -60  0.06  0.17  0.28  0.55  1.10  1.64  2.72  5.38  6.88  7.59  7.34  6.68  6.13  5.57  5.32  5.12  4.36  2.86  1.83  1.49  0.88  0.37  0.20  0.13  0.08  0.04  0.03  0.03
 5 -55  0.05  0.16  0.26  0.53  1.05  1.58  2.62  5.18  6.87  7.74  7.63  7.11  6.50  5.93  5.67  5.57  4.61  2.71  1.66  1.34  0.73  0.35  0.19  0.13  0.07  0.04  0.03  0.03
 5 -50  0.05  0.15  0.25  0.51  1.01  1.52  2.52  4.98  6.88  7.96  7.97  7.52  6.95  6.31  6.06  6.04  4.81  2.51  1.49  1.17  0.60  0.34  0.17  0.10  0.06  0.04  0.03  0.03
 5 -45  0.05  0.14  0.23  0.47  0.93  1.39  2.31  4.56  6.50  7.64  8.06  7.94  7.53  6.88  6.38  6.03  4.69  2.44  1.42  1.09  0.51  0.29  0.15  0.08  0.05  0.04  0.03  0.03
 5 -40  0.04  0.13  0.21  0.43  0.85  1.27  2.11  4.17  6.04  7.28  8.09  8.27  7.97  7.38  6.55  5.99  4.59  2.36  1.32  1.00  0.44  0.25  0.12  0.07  0.05  0.03  0.03  0.03
 5 -35  0.04  0.12  0.20  0.39  0.78  1.17  1.94  3.84  5.58  6.73  7.82  8.37  8.32  7.83  6.98  6.39  4.50  2.13  1.09  0.81  0.34  0.19  0.10  0.06  0.04  0.03  0.03  0.03
 5 -30  0.04  0.11  0.18  0.36  0.72  1.08  1.80  3.56  5.23  6.36  7.61  8.50  8.60  8.26  7.39  6.79  4.45  1.95  0.86  0.63  0.23  0.10  0.06  0.04  0.04  0.03  0.03  0.03
 5 -25  0.03  0.10  0.17  0.35  0.69  1.03  1.72  3.40  4.93  5.99  7.36  8.62  9.00  8.79  7.61  6.82  4.34  1.87  0.70  0.51  0.18  0.06  0.04  0.03  0.03  0.03  0.03  0.03
 5 -20  0.03  0.10  0.17  0.33  0.66  0.99  1.64  3.25  4.81  5.89  7.22  8.65  9.34  9.47  7.89  6.85  4.24  1.71  0.54  0.38  0.13  0.04  0.03  0.03  0.03  0.03  0.03  0.03
 5 -15  0.03  0.10  0.16  0.32  0.64  0.96  1.59  3.14  4.57  5.59  7.06  8.76  9.46  9.67  8.13  7.04  4.24  1.59  0.47  0.33  0.12  0.03  0.03  0.03  0.03  0.03  0.03  0.03
 5 -10  0.03  0.10  0.16  0.32  0.64  0.95  1.58  3.11  4.41  5.42  6.91  8.60  9.49  9.88  8.33  7.25  4.30  1.49  0.40  0.28  0.11  0.03  0.03  0.02  0.03  0.03  0.03  0.03
 5  -5  0.03  0.10  0.16  0.32  0.63  0.94  1.56  3.07  4.30  5.26  6.97  8.52  9.33  9.84  8.19  7.02  4.10  1.34  0.35  0.26  0.11  0.03  0.02  0.02  0.02  0.03  0.03  0.02
 5   0  0.03  0.09  0.16  0.31  0.62  0.93  1.54  3.03  4.27  5.21  7.00  8.74  9.55 10.04  8.09  6.74  3.85  1.12  0.31  0.22  0.10  0.03  0.02  0.02  0.02  0.03  0.03  0.02
 5   5  0.03  0.09  0.16  0.31  0.62  0.92  1.53  3.02  4.31  5.17  6.92  8.63  9.52  9.93  8.08  6.95  4.16  1.38  0.46  0.33  0.16  0.03  0.02  0.02  0.03  0.03  0.03  0.03
 5  10  0.03  0.09  0.15  0.30  0.60  0.90  1.49  2.95  4.08  4.91  6.65  8.40  9.29  9.53  8.09  7.25  4.50  1.65  0.65  0.47  0.22  0.03  0.03  0.03  0.03  0.03  0.03  0.03
 5  15  0.03  0.09  0.15  0.30  0.60  0.90  1.49  2.94  4.18  5.07  6.79  8.43  9.07  9.15  7.87  7.10  4.40  1.78  0.73  0.54  0.25  0.04  0.03  0.03  0.03  0.04  0.04  0.04
 5  20  0.03  0.09  0.15  0.31  0.61  0.92  1.52  3.01  4.26  5.20  6.79  8.51  9.10  8.92  7.74  7.02  4.34  1.87  0.79  0.58  0.27  0.06  0.04  0.04  0.04  0.05  0.05  0.04
 5  25  0.03  0.09  0.15  0.30  0.61  0.91  1.51  2.98  4.23  5.16  6.75  8.33  8.81  8.67  7.59  6.86  4.53  2.08  0.92  0.70  0.35  0.10  0.06  0.05  0.05  0.05  0.05  0.04
 5  30  0.03  0.09  0.15  0.30  0.60  0.89  1.48  2.94  4.25  5.18  6.76  8.18  8.67  8.58  7.51  6.76  4.74  2.25  1.06  0.83  0.43  0.16  0.09  0.06  0.06  0.05  0.05  0.05
 5  35  0.03  0.09  0.15  0.30  0.60  0.89  1.48  2.94  4.27  5.21  6.83  8.18  8.67  8.50  7.43  6.68  4.74  2.49  1.26  0.99  0.56  0.31  0.13  0.08  0.07  0.06  0.05  0.05
 5  40  0.03  0.09  0.15  0.30  0.60  0.90  1.49  2.93  4.10  5.03  6.54  8.13  8.66  8.42  7.29  6.56  4.74  2.70  1.46  1.17  0.71  0.41  0.20  0.11  0.08  0.06  0.06  0.05
 5  45  0.03  0.09  0.15  0.29  0.58  0.87  1.44  2.84  4.07  4.99  6.66  8.07  8.43  8.17  7.08  6.38  4.73  2.87  1.60  1.34  0.87  0.49  0.34  0.15  0.10  0.07  0.06  0.05
 5  50  0.03  0.08  0.14  0.28  0.55  0.83  1.38  2.72  3.99  4.95  6.56  7.89  8.13  7.84  6.87  6.17  4.68  3.01  1.82  1.53  1.00  0.58  0.40  0.19  0.11  0.07  0.06  0.05
 5  55  0.03  0.08  0.14  0.27  0.54  0.81  1.34  2.65  3.85  4.77  6.40  7.67  7.85  7.48  6.52  5.86  4.66  3.14  1.97  1.67  1.09  0.63  0.45  0.29  0.13  0.07  0.06  0.05
 5  60  0.03  0.08  0.14  0.27  0.54  0.81  1.35  2.67  3.90  4.84  6.41  7.54  7.60  7.10  6.20  5.59  4.65  3.29  2.16  1.82  1.20  0.69  0.52  0.33  0.14  0.08  0.06  0.05
 5  65  0.03  0.08  0.13  0.27  0.53  0.80  1.32  2.62  3.82  4.74  6.25  7.21  7.16  6.59  5.72  5.11  4.31  3.28  2.31  1.97  1.35  0.80  0.60  0.39  0.15  0.08  0.06  0.05
 5  70  0.03  0.08  0.13  0.26  0.52  0.78  1.29  2.56  3.74  4.64  6.10  6.89  6.73  6.09  5.24  4.62  3.97  3.27  2.47  2.12  1.50  0.90  0.68  0.45  0.27  0.08  0.06  0.06
 5  75  0.03  0.08  0.13  0.26  0.52  0.78  1.29  2.57  3.78  4.71  6.13  6.66  6.35  5.65  5.03  4.58  4.07  3.35  2.52  2.16  1.54  0.93  0.68  0.44  0.27  0.09  0.07  0.06
 5  80  0.03  0.08  0.13  0.26  0.52  0.78  1.30  2.57  3.83  4.79  6.16  6.44  5.97  5.22  4.82  4.54  4.19  3.42  2.55  2.19  1.57  0.95  0.68  0.44  0.26  0.09  0.07  0.06
 5  85  0.03  0.08  0.13  0.26  0.52  0.78  1.30  2.58  3.84  4.81  6.18  6.46  5.98  5.22  4.83  4.55  4.19  3.42  2.55  2.19  1.57  0.95  0.68  0.44  0.26  0.10  0.07  0.06
 5  90  0.03  0.08  0.13  0.26  0.52  0.78  1.30  2.58  3.85  4.82  6.20  6.48  6.00  5.23  4.84  4.55  4.19  3.42  2.55  2.19  1.57  0.95  0.68  0.44  0.26  0.10  0.07  0.06
 6 -90  0.06  0.18  0.29  0.59  1.17  1.74  2.87  5.61  6.42  6.84  6.25  4.93  4.30  3.91  3.54  3.31  3.09  2.87  2.12  1.81  1.27  0.45  0.20  0.12  0.07  0.04  0.03  0.03
 6 -85  0.06  0.18  0.29  0.59  1.17  1.74  2.87  5.61  6.42  6.84  6.25  4.93  4.30  3.91  3.54  3.31  3.09  2.86  2.12  1.82  1.27  0.45  0.20  0.12  0.07  0.04  0.03  0.03
 6 -80  0.06  0.18  0.29  0.59  1.17  1.74  2.87  5.61  6.42  6.84  6.24  4.93  4.29  3.92  3.55  3.32  3.09  2.86  2.12  1.82  1.27  0.45  0.20  0.13  0.07  0.04  0.03  0.03
 6 -75  0.06  0.18  0.29  0.58  1.16  1.74  2.87  5.61  6.47  6.93  6.58  5.45  4.84  4.37  3.90  3.52  3.20  2.84  2.07  1.78  1.27  0.45  0.20  0.13  0.07  0.04  0.03  0.03
 6 -70  0.06  0.17  0.29  0.58  1.15  1.72  2.84  5.58  6.51  7.01  6.88  5.98  5.40  4.84  4.29  3.79  3.33  2.80  2.02  1.73  1.24  0.44  0.19  0.13  0.07  0.04  0.03  0.03
 6 -65  0.06  0.17  0.29  0.57  1.14  1.70  2.81  5.52  6.60  7.18  6.98  6.17  5.61  5.04  4.73  4.37  3.76  2.85  1.99  1.68  1.14  0.44  0.23  0.13  0.07  0.04  0.03  0.03
 6 -60  0.06  0.17  0.28  0.56  1.12  1.67  2.77  5.45  6.69  7.32  7.06  6.35  5.81  5.24  5.12  4.93  4.21  2.93  1.96  1.63  1.06  0.45  0.26  0.13  0.07  0.04  0.03  0.03
 6 -55  0.05  0.16  0.27  0.55  1.09  1.63  2.71  5.35  6.87  7.63  7.34  6.69  6.10  5.56  5.46  5.43  4.50  2.83  1.77  1.46  0.89  0.39  0.26  0.13  0.07  0.04  0.03  0.03
 6 -50  0.05  0.16  0.27  0.54  1.09  1.63  2.70  5.33  7.10  8.07  7.68  7.06  6.48  5.91  5.82  5.93  4.74  2.64  1.55  1.26  0.74  0.35  0.27  0.11  0.06  0.04  0.03  0.03
 6 -45  0.05  0.15  0.25  0.50  0.99  1.48  2.46  4.85  6.77  7.87  7.98  7.65  7.20  6.57  6.14  5.86  4.65  2.57  1.48  1.19  0.66  0.32  0.24  0.09  0.05  0.04  0.03  0.03
 6 -40  0.04  0.13  0.22  0.44  0.89  1.33  2.20  4.34  6.29  7.52  8.14  8.07  7.67  7.08  6.27  5.79  4.61  2.48  1.38  1.10  0.60  0.29  0.20  0.08  0.05  0.03  0.03  0.03
 6 -35  0.04  0.12  0.20  0.40  0.81  1.21  2.00  3.96  5.74  6.88  7.82  8.19  8.08  7.55  6.72  6.17  4.66  2.25  1.14  0.89  0.47  0.22  0.12  0.07  0.05  0.03  0.03  0.03
 6 -30  0.04  0.11  0.18  0.37  0.73  1.10  1.82  3.60  5.28  6.40  7.56  8.32  8.37  7.99  7.11  6.53  4.76  2.09  0.88  0.68  0.32  0.15  0.07  0.05  0.04  0.03  0.03  0.03
 6 -25  0.04  0.11  0.18  0.36  0.71  1.06  1.76  3.48  5.05  6.09  7.34  8.39  8.70  8.43  7.37  6.70  4.58  1.93  0.71  0.53  0.23  0.06  0.04  0.04  0.03  0.03  0.03  0.03
 6 -20  0.03  0.10  0.17  0.35  0.69  1.03  1.71  3.38  4.98  6.05  7.26  8.42  8.96  9.04  7.70  6.85  4.39  1.71  0.53  0.38  0.14  0.04  0.03  0.03  0.03  0.03  0.03  0.03
 6 -15  0.03  0.10  0.17  0.33  0.67  1.00  1.65  3.26  4.77  5.87  7.28  8.63  9.11  9.29  7.88  6.84  4.20  1.60  0.49  0.35  0.13  0.04  0.03  0.03  0.03  0.03  0.03  0.03
 6 -10  0.03  0.10  0.17  0.33  0.67  1.00  1.65  3.25  4.67  5.77  7.24  8.60  9.21  9.45  7.98  6.86  4.09  1.51  0.47  0.34  0.13  0.03  0.03  0.03  0.03  0.03  0.03  0.03
 6  -5  0.03  0.10  0.17  0.33  0.66  0.99  1.64  3.22  4.54  5.56  7.27  8.60  9.06  9.43  8.14  7.07  4.20  1.48  0.42  0.32  0.13  0.03  0.03  0.03  0.03  0.03  0.03  0.03
 6   0  0.03  0.10  0.16  0.32  0.63  0.95  1.57  3.09  4.43  5.39  7.20  8.72  9.14  9.55  8.30  7.25  4.29  1.40  0.39  0.29  0.14  0.03  0.03  0.03  0.03  0.03  0.03  0.03
 6   5  0.03  0.10  0.16  0.32  0.64  0.95  1.58  3.11  4.45  5.37  7.09  8.69  9.33  9.60  8.22  7.27  4.45  1.54  0.48  0.35  0.18  0.03  0.03  0.03  0.03  0.03  0.03  0.03
 6  10  0.03  0.09  0.15  0.31  0.62  0.92  1.53  3.03  4.21  5.10  6.81  8.49  9.27  9.45  8.14  7.36  4.64  1.68  0.61  0.46  0.22  0.03  0.03  0.03  0.03  0.03  0.03  0.03
 6  15  0.03  0.09  0.16  0.31  0.62  0.93  1.54  3.04  4.26  5.21  6.91  8.54  9.16  9.19  7.87  7.10  4.57  1.80  0.68  0.52  0.25  0.04  0.03  0.03  0.04  0.04  0.04  0.03
 6  20  0.03  0.10  0.16  0.32  0.63  0.94  1.57  3.09  4.35  5.31  6.88  8.58  9.17  8.95  7.66  6.88  4.48  1.87  0.73  0.55  0.27  0.06  0.04  0.04  0.04  0.05  0.04  0.04
 6  25  0.03  0.09  0.16  0.31  0.62  0.93  1.54  3.04  4.25  5.18  6.80  8.38  8.86  8.75  7.68  6.94  4.59  1.99  0.79  0.60  0.30  0.09  0.06  0.05  0.05  0.05  0.05  0.04
 6  30  0.03  0.09  0.15  0.30  0.60  0.90  1.50  2.96  4.23  5.10  6.70  8.16  8.69  8.64  7.72  7.05  4.73  2.12  0.86  0.68  0.34  0.13  0.07  0.06  0.05  0.05  0.05  0.04
 6  35  0.03  0.09  0.15  0.30  0.60  0.90  1.49  2.94  4.20  5.09  6.68  8.09  8.62  8.52  7.52  6.79  4.68  2.37  1.10  0.87  0.46  0.19  0.10  0.07  0.06  0.06  0.05  0.05
 6  40  0.03  0.09  0.15  0.30  0.59  0.88  1.47  2.90  4.00  4.87  6.34  7.94  8.54  8.43  7.29  6.53  4.65  2.62  1.34  1.07  0.59  0.32  0.15  0.09  0.07  0.06  0.06  0.05
 6  45  0.03  0.09  0.14  0.29  0.57  0.85  1.41  2.79  3.93  4.79  6.34  7.77  8.25  8.08  7.01  6.31  4.66  2.74  1.48  1.23  0.77  0.41  0.27  0.12  0.09  0.07  0.06  0.05
 6  50  0.03  0.08  0.13  0.27  0.53  0.80  1.33  2.63  3.79  4.66  6.16  7.53  7.94  7.74  6.79  6.09  4.63  2.85  1.67  1.41  0.91  0.50  0.34  0.16  0.10  0.07  0.06  0.05
 6  55  0.03  0.08  0.13  0.26  0.51  0.77  1.27  2.51  3.58  4.38  5.88  7.21  7.58  7.32  6.40  5.76  4.43  2.90  1.78  1.50  0.98  0.54  0.39  0.19  0.11  0.07  0.06  0.05
 6  60  0.03  0.08  0.13  0.25  0.51  0.76  1.26  2.50  3.55  4.35  5.80  7.01  7.28  6.89  6.07  5.49  4.24  2.97  1.92  1.61  1.05  0.59  0.45  0.28  0.13  0.08  0.06  0.05
 6  65  0.02  0.07  0.12  0.25  0.49  0.73  1.22  2.41  3.44  4.22  5.65  6.75  6.89  6.40  5.55  4.94  3.89  2.92  2.04  1.73  1.16  0.65  0.52  0.32  0.14  0.08  0.06  0.05
 6  70  0.02  0.07  0.12  0.24  0.47  0.71  1.18  2.33  3.33  4.10  5.52  6.48  6.51  5.92  5.03  4.40  3.55  2.87  2.16  1.85  1.28  0.72  0.59  0.36  0.16  0.08  0.06  0.05
 6  75  0.02  0.07  0.11  0.23  0.46  0.68  1.14  2.25  3.28  4.07  5.56  6.39  6.27  5.58  4.79  4.23  3.57  2.90  2.21  1.90  1.34  0.75  0.61  0.38  0.17  0.09  0.07  0.05
 6  80  0.02  0.07  0.11  0.22  0.44  0.66  1.10  2.17  3.24  4.05  5.61  6.30  6.03  5.24  4.55  4.06  3.61  2.93  2.25  1.95  1.39  0.77  0.62  0.40  0.23  0.09  0.07  0.05
 6  85  0.02  0.07  0.11  0.22  0.44  0.66  1.10  2.18  3.25  4.07  5.63  6.32  6.04  5.25  4.56  4.06  3.61  2.93  2.25  1.95  1.39  0.77  0.62  0.40  0.23  0.10  0.07  0.06
 6  90  0.02  0.07  0.11  0.22  0.44  0.66  1.10  2.19  3.26  4.08  5.65  6.34  6.05  5.25  4.56  4.07  3.62  2.93  2.25  1.95  1.39  0.77  0.62  0.40  0.23  0.10  0.07  0.06
 7 -90  0.05  0.16  0.26  0.53  1.05  1.56  2.58  5.01  5.91  6.42  6.14  5.17  4.56  4.19  3.67  3.40  3.27  2.75  2.09  1.78  1.19  0.47  0.26  0.12  0.06  0.04  0.03  0.03
 7 -85  0.05  0.16  0.26  0.53  1.05  1.56  2.58  5.01  5.91  6.42  6.13  5.16  4.56  4.19  3.68  3.40  3.27  2.75  2.09  1.78  1.19  0.47  0.27  0.12  0.06  0.04  0.03  0.03
 7 -80  0.05  0.16  0.26  0.53  1.05  1.56  2.58  5.02  5.92  6.42  6.13  5.16  4.56  4.19  3.68  3.40  3.27  2.75  2.09  1.78  1.19  0.47  0.27  0.12  0.06  0.04  0.03  0.03
 7 -75  0.05  0.15  0.25  0.49  0.98  1.46  2.41  4.70  5.70  6.26  6.29  5.59  5.13  4.71  3.99  3.50  3.15  2.72  2.08  1.78  1.22  0.47  0.27  0.12  0.06  0.04  0.03  0.03
 7 -70  0.05  0.14  0.23  0.45  0.90  1.34  2.22  4.33  5.45  6.08  6.41  6.04  5.71  5.20  4.33  3.65  3.06  2.69  2.06  1.77  1.23  0.47  0.28  0.12  0.06  0.04  0.03  0.03
 7 -65  0.05  0.14  0.23  0.46  0.92  1.38  2.28  4.46  5.76  6.45  6.70  6.19  5.73  5.14  4.75  4.34  3.69  2.79  2.00  1.71  1.19  0.47  0.24  0.13  0.07  0.04  0.03  0.03
 7 -60  0.05  0.14  0.24  0.47  0.94  1.40  2.32  4.56  6.03  6.78  6.93  6.34  5.76  5.11  5.13  5.01  4.31  2.91  1.95  1.65  1.15  0.45  0.27  0.13  0.07  0.04  0.03  0.03
 7 -55  0.05  0.14  0.23  0.46  0.91  1.36  2.26  4.46  6.15  7.02  7.21  6.74  6.08  5.46  5.54  5.59  4.61  2.87  1.80  1.50  0.96  0.39  0.26  0.13  0.07  0.04  0.03  0.03
 7 -50  0.05  0.14  0.23  0.45  0.91  1.36  2.26  4.47  6.31  7.39  7.56  7.15  6.50  5.82  5.92  6.17  4.87  2.75  1.62  1.32  0.78  0.34  0.26  0.12  0.07  0.04  0.03  0.03
 7 -45  0.04  0.13  0.22  0.44  0.87  1.31  2.17  4.28  6.19  7.33  7.87  7.73  7.28  6.61  6.28  6.11  4.85  2.77  1.59  1.28  0.70  0.31  0.23  0.11  0.06  0.04  0.03  0.03
 7 -40  0.04  0.12  0.21  0.41  0.82  1.23  2.05  4.04  5.88  7.11  7.96  8.09  7.73  7.17  6.44  6.05  4.87  2.77  1.56  1.23  0.65  0.28  0.20  0.11  0.06  0.04  0.03  0.03
 7 -35  0.04  0.12  0.19  0.39  0.77  1.16  1.92  3.80  5.51  6.64  7.70  8.17  8.09  7.59  6.70  6.13  4.78  2.54  1.34  1.04  0.52  0.23  0.16  0.09  0.06  0.04  0.03  0.03
 7 -30  0.04  0.11  0.18  0.36  0.73  1.09  1.80  3.57  5.22  6.32  7.49  8.26  8.33  7.94  6.86  6.18  4.73  2.38  1.10  0.84  0.38  0.16  0.08  0.06  0.05  0.04  0.03  0.03
 7 -25  0.04  0.11  0.18  0.36  0.72  1.07  1.78  3.51  5.12  6.16  7.37  8.32  8.59  8.28  7.14  6.45  4.58  2.12  0.87  0.65  0.27  0.07  0.05  0.04  0.04  0.04  0.03  0.03
 7 -20  0.04  0.11  0.18  0.36  0.71  1.06  1.76  3.47  5.13  6.19  7.40  8.40  8.79  8.77  7.50  6.72  4.42  1.84  0.64  0.46  0.16  0.05  0.04  0.03  0.03  0.03  0.03  0.03
 7 -15  0.03  0.10  0.17  0.34  0.68  1.02  1.68  3.32  4.89  6.09  7.51  8.68  9.03  9.13  7.85  6.87  4.14  1.64  0.57  0.41  0.16  0.04  0.03  0.03  0.03  0.03  0.03  0.03
 7 -10  0.03  0.10  0.17  0.34  0.68  1.01  1.67  3.29  4.81  5.97  7.53  8.78  9.21  9.28  8.08  7.05  3.94  1.46  0.50  0.37  0.15  0.04  0.03  0.03  0.03  0.03  0.03  0.03
 7  -5  0.03  0.10  0.17  0.34  0.67  1.00  1.66  3.25  4.64  5.71  7.52  8.83  9.08  9.27  8.13  7.00  4.10  1.48  0.49  0.37  0.16  0.03  0.03  0.03  0.03  0.03  0.03  0.03
 7   0  0.03  0.09  0.16  0.31  0.63  0.94  1.55  3.06  4.43  5.39  7.29  8.79  9.00  9.30  8.13  6.94  4.25  1.47  0.48  0.36  0.17  0.03  0.03  0.03  0.03  0.03  0.03  0.03
 7   5  0.03  0.10  0.16  0.32  0.64  0.96  1.59  3.13  4.49  5.46  7.22  8.87  9.35  9.47  8.20  7.16  4.45  1.65  0.57  0.42  0.20  0.03  0.03  0.03  0.03  0.03  0.03  0.03
 7  10  0.03  0.09  0.16  0.31  0.63  0.94  1.55  3.07  4.33  5.27  7.01  8.71  9.44  9.54  8.25  7.44  4.70  1.81  0.71  0.52  0.23  0.03  0.03  0.03  0.03  0.03  0.03  0.03
 7  15  0.03  0.10  0.16  0.32  0.63  0.95  1.57  3.11  4.38  5.39  7.08  8.75  9.36  9.34  8.04  7.27  4.72  1.90  0.76  0.57  0.24  0.04  0.03  0.03  0.03  0.04  0.04  0.03
 7  20  0.03  0.10  0.16  0.33  0.65  0.97  1.61  3.19  4.51  5.53  7.09  8.72  9.30  9.05  7.85  7.13  4.69  1.95  0.80  0.58  0.25  0.05  0.04  0.04  0.04  0.04  0.04  0.04
 7  25  0.03  0.10  0.16  0.32  0.64  0.95  1.58  3.13  4.38  5.38  7.04  8.53  8.98  8.86  7.71  6.91  4.62  2.05  0.85  0.62  0.26  0.08  0.05  0.05  0.05  0.05  0.04  0.04
 7  30  0.03  0.09  0.16  0.31  0.62  0.93  1.55  3.07  4.37  5.27  6.89  8.29  8.78  8.69  7.57  6.74  4.56  2.20  0.92  0.69  0.29  0.10  0.06  0.05  0.05  0.05  0.05  0.04
 7  35  0.03  0.09  0.16  0.31  0.62  0.93  1.54  3.05  4.34  5.23  6.81  8.17  8.62  8.52  7.43  6.60  4.52  2.34  1.08  0.83  0.38  0.13  0.07  0.06  0.06  0.05  0.05  0.04
 7  40  0.03  0.09  0.15  0.30  0.61  0.91  1.50  2.97  4.11  5.01  6.50  7.96  8.48  8.37  7.26  6.49  4.54  2.49  1.25  0.99  0.50  0.18  0.10  0.08  0.07  0.06  0.05  0.05
 7  45  0.03  0.09  0.15  0.29  0.58  0.87  1.45  2.86  4.01  4.89  6.38  7.67  8.10  7.93  6.90  6.22  4.54  2.60  1.36  1.13  0.68  0.32  0.16  0.10  0.08  0.06  0.06  0.05
 7  50  0.03  0.08  0.14  0.27  0.55  0.82  1.36  2.69  3.86  4.72  6.15  7.40  7.77  7.58  6.66  5.98  4.50  2.70  1.52  1.27  0.81  0.42  0.28  0.13  0.09  0.07  0.06  0.05
 7  55  0.03  0.08  0.13  0.26  0.52  0.78  1.29  2.55  3.61  4.40  5.82  7.03  7.36  7.11  6.19  5.53  4.28  2.70  1.61  1.37  0.90  0.47  0.34  0.16  0.10  0.07  0.06  0.05
 7  60  0.03  0.08  0.13  0.25  0.51  0.76  1.26  2.50  3.54  4.33  5.70  6.81  7.05  6.67  5.78  5.15  4.06  2.70  1.73  1.48  0.99  0.53  0.40  0.19  0.11  0.07  0.06  0.05
 7  65  0.02  0.07  0.12  0.24  0.49  0.73  1.21  2.40  3.40  4.16  5.52  6.50  6.62  6.14  5.21  4.54  3.63  2.63  1.81  1.56  1.07  0.57  0.44  0.27  0.12  0.07  0.06  0.05
 7  70  0.02  0.07  0.12  0.23  0.47  0.70  1.16  2.30  3.27  4.01  5.34  6.19  6.19  5.61  4.63  3.94  3.19  2.55  1.90  1.65  1.16  0.61  0.48  0.31  0.13  0.08  0.06  0.05
 7  75  0.02  0.07  0.11  0.22  0.45  0.67  1.11  2.20  3.20  3.97  5.35  6.05  5.90  5.23  4.37  3.76  3.15  2.57  1.96  1.70  1.19  0.61  0.51  0.32  0.15  0.08  0.06  0.05
 7  80  0.02  0.06  0.11  0.21  0.43  0.64  1.06  2.10  3.13  3.92  5.36  5.91  5.61  4.85  4.11  3.58  3.12  2.60  2.02  1.75  1.22  0.62  0.52  0.33  0.17  0.09  0.06  0.05
 7  85  0.02  0.06  0.11  0.21  0.43  0.64  1.06  2.11  3.14  3.94  5.38  5.93  5.62  4.86  4.12  3.59  3.13  2.61  2.02  1.75  1.22  0.62  0.52  0.33  0.18  0.09  0.07  0.05
 7  90  0.02  0.06  0.11  0.21  0.43  0.64  1.06  2.11  3.15  3.95  5.40  5.94  5.64  4.87  4.12  3.60  3.13  2.61  2.02  1.74  1.22  0.62  0.52  0.33  0.19  0.09  0.07  0.05
 8 -90  0.04  0.12  0.21  0.41  0.82  1.22  2.01  3.91  5.05  5.68  6.23  6.09  5.73  5.06  3.92  3.14  3.15  2.91  2.20  1.85  1.22  0.48  0.26  0.12  0.06  0.04  0.03  0.03
 8 -85  0.04  0.12  0.21  0.41  0.82  1.22  2.01  3.91  5.06  5.68  6.22  6.09  5.72  5.06  3.92  3.14  3.15  2.91  2.20  1.85  1.22  0.48  0.28  0.12  0.07  0.04  0.03  0.03
 8 -80  0.04  0.12  0.21  0.41  0.82  1.22  2.01  3.91  5.06  5.68  6.22  6.08  5.72  5.06  3.92  3.14  3.15  2.91  2.20  1.85  1.22  0.48  0.28  0.12  0.07  0.04  0.03  0.03
 8 -75  0.04  0.12  0.21  0.41  0.82  1.22  2.02  3.95  5.16  5.79  6.31  6.03  5.66  5.09  4.13  3.42  3.27  2.95  2.24  1.89  1.29  0.51  0.29  0.12  0.07  0.04  0.03  0.03
 8 -70  0.04  0.12  0.20  0.41  0.81  1.21  2.01  3.94  5.23  5.87  6.38  6.01  5.61  5.09  4.35  3.72  3.37  2.95  2.24  1.91  1.33  0.52  0.30  0.13  0.07  0.04  0.03  0.03
 8 -65  0.04  0.12  0.20  0.39  0.79  1.17  1.95  3.84  5.29  6.02  6.65  6.38  5.87  5.26  4.87  4.45  3.86  3.02  2.11  1.79  1.21  0.49  0.33  0.13  0.07  0.04  0.03  0.03
 8 -60  0.04  0.12  0.19  0.39  0.77  1.15  1.91  3.78  5.33  6.18  6.91  6.74  6.13  5.46  5.35  5.18  4.36  3.11  1.98  1.67  1.09  0.46  0.28  0.14  0.07  0.04  0.03  0.03
 8 -55  0.04  0.11  0.19  0.38  0.76  1.14  1.90  3.78  5.43  6.45  7.23  7.23  6.61  5.94  5.70  5.61  4.68  3.16  1.87  1.56  0.98  0.41  0.28  0.15  0.07  0.04  0.03  0.03
 8 -50  0.04  0.12  0.19  0.39  0.77  1.16  1.93  3.84  5.65  6.77  7.62  7.70  7.13  6.37  6.05  6.05  5.03  3.16  1.74  1.44  0.88  0.37  0.28  0.14  0.07  0.04  0.03  0.03
 8 -45  0.04  0.12  0.20  0.39  0.78  1.17  1.94  3.84  5.68  6.80  7.86  8.11  7.75  7.06  6.38  6.03  5.01  3.11  1.70  1.40  0.82  0.35  0.26  0.13  0.07  0.04  0.04  0.03
 8 -40  0.04  0.12  0.19  0.39  0.77  1.16  1.92  3.81  5.50  6.75  7.87  8.30  8.03  7.46  6.53  6.00  5.00  3.04  1.68  1.36  0.79  0.32  0.24  0.12  0.07  0.04  0.04  0.03
 8 -35  0.04  0.11  0.19  0.37  0.74  1.11  1.85  3.65  5.30  6.42  7.69  8.34  8.29  7.76  6.74  6.10  4.85  2.76  1.43  1.14  0.63  0.26  0.19  0.11  0.07  0.04  0.04  0.03
 8 -30  0.04  0.11  0.18  0.35  0.71  1.06  1.76  3.48  5.13  6.23  7.57  8.42  8.45  7.96  6.85  6.17  4.74  2.56  1.17  0.91  0.45  0.19  0.09  0.07  0.06  0.04  0.04  0.04
 8 -25  0.04  0.11  0.18  0.35  0.71  1.06  1.75  3.45  5.08  6.14  7.48  8.51  8.73  8.31  7.11  6.39  4.61  2.23  0.90  0.68  0.31  0.07  0.05  0.04  0.04  0.04  0.04  0.04
 8 -20  0.04  0.11  0.18  0.35  0.70  1.05  1.73  3.41  5.08  6.12  7.50  8.68  9.02  8.81  7.47  6.63  4.45  1.92  0.62  0.45  0.16  0.05  0.04  0.03  0.03  0.04  0.04  0.04
 8 -15  0.03  0.10  0.17  0.33  0.66  0.99  1.64  3.24  4.82  6.03  7.57  8.92  9.32  9.30  7.91  6.85  4.15  1.70  0.57  0.41  0.14  0.04  0.03  0.03  0.03  0.03  0.04  0.04
 8 -10  0.03  0.10  0.16  0.33  0.65  0.98  1.62  3.18  4.68  5.85  7.54  9.02  9.49  9.46  8.20  7.08  3.93  1.48  0.52  0.38  0.12  0.04  0.03  0.03  0.03  0.03  0.03  0.03
 8  -5  0.03  0.10  0.16  0.32  0.65  0.97  1.60  3.15  4.51  5.56  7.51  9.08  9.37  9.46  8.37  7.17  4.04  1.51  0.52  0.38  0.13  0.03  0.03  0.03  0.03  0.03  0.03  0.03
 8   0  0.03  0.09  0.15  0.30  0.60  0.90  1.49  2.94  4.24  5.15  7.13  8.89  9.15  9.40  8.44  7.28  4.16  1.52  0.51  0.37  0.14  0.03  0.03  0.03  0.03  0.03  0.03  0.03
 8   5  0.03  0.09  0.16  0.31  0.62  0.93  1.55  3.05  4.38  5.34  7.16  9.07  9.55  9.61  8.46  7.36  4.39  1.66  0.59  0.43  0.17  0.03  0.03  0.03  0.03  0.03  0.03  0.03
 8  10  0.03  0.09  0.15  0.31  0.62  0.92  1.53  3.03  4.33  5.30  7.07  8.95  9.72  9.78  8.44  7.48  4.65  1.77  0.71  0.52  0.20  0.03  0.03  0.03  0.03  0.03  0.03  0.03
 8  15  0.03  0.10  0.16  0.32  0.63  0.94  1.57  3.09  4.41  5.48  7.18  8.97  9.64  9.61  8.20  7.33  4.68  1.85  0.77  0.57  0.21  0.04  0.03  0.03  0.03  0.03  0.03  0.03
 8  20  0.03  0.10  0.16  0.33  0.65  0.98  1.62  3.20  4.63  5.71  7.30  8.89  9.47  9.23  7.94  7.17  4.64  1.91  0.81  0.58  0.22  0.05  0.04  0.04  0.04  0.04  0.04  0.03
 8  25  0.03  0.10  0.16  0.32  0.64  0.96  1.60  3.16  4.52  5.61  7.34  8.74  9.16  9.00  7.76  6.95  4.58  1.99  0.85  0.61  0.24  0.06  0.05  0.04  0.04  0.05  0.04  0.04
 8  30  0.03  0.10  0.16  0.32  0.64  0.96  1.59  3.15  4.54  5.52  7.20  8.52  8.93  8.76  7.59  6.75  4.51  2.13  0.90  0.67  0.26  0.08  0.05  0.05  0.05  0.05  0.05  0.04
 8  35  0.03  0.10  0.16  0.32  0.64  0.96  1.59  3.14  4.53  5.49  7.10  8.37  8.70  8.53  7.43  6.58  4.46  2.21  1.01  0.77  0.34  0.11  0.07  0.06  0.05  0.05  0.05  0.04
 8  40  0.03  0.09  0.16  0.31  0.63  0.94  1.56  3.08  4.33  5.32  6.87  8.12  8.49  8.30  7.23  6.46  4.48  2.33  1.13  0.89  0.44  0.14  0.09  0.07  0.06  0.06  0.05  0.04
 8  45  0.03  0.09  0.15  0.31  0.61  0.92  1.52  3.01  4.26  5.22  6.69  7.76  8.02  7.77  6.77  6.12  4.39  2.43  1.30  1.06  0.63  0.27  0.13  0.09  0.07  0.06  0.05  0.05
 8  50  0.03  0.09  0.15  0.29  0.59  0.88  1.46  2.89  4.16  5.10  6.49  7.49  7.67  7.37  6.48  5.85  4.27  2.54  1.47  1.23  0.77  0.36  0.23  0.12  0.08  0.06  0.05  0.05
 8  55  0.03  0.08  0.14  0.28  0.55  0.83  1.38  2.72  3.91  4.80  6.17  7.12  7.22  6.85  6.02  5.45  4.02  2.59  1.59  1.33  0.85  0.41  0.27  0.14  0.09  0.06  0.06  0.05
 8  60  0.03  0.08  0.14  0.27  0.54  0.81  1.35  2.67  3.85  4.75  6.09  6.92  6.91  6.40  5.63  5.11  3.76  2.62  1.73  1.45  0.92  0.44  0.30  0.17  0.10  0.07  0.06  0.05
 8  65  0.03  0.08  0.13  0.26  0.53  0.79  1.31  2.59  3.74  4.61  5.88  6.50  6.37  5.77  5.03  4.52  3.43  2.54  1.79  1.51  0.98  0.47  0.34  0.20  0.11  0.07  0.06  0.05
 8  70  0.03  0.08  0.13  0.26  0.51  0.76  1.27  2.51  3.62  4.47  5.66  6.09  5.82  5.15  4.43  3.94  3.09  2.46  1.85  1.58  1.05  0.51  0.38  0.23  0.12  0.07  0.06  0.05
 8  75  0.03  0.08  0.13  0.25  0.50  0.75  1.25  2.47  3.58  4.42  5.46  5.60  5.20  4.50  3.96  3.59  3.03  2.44  1.88  1.61  1.08  0.53  0.39  0.24  0.13  0.08  0.06  0.05
 8  80  0.02  0.07  0.12  0.25  0.49  0.74  1.23  2.43  3.53  4.37  5.26  5.12  4.58  3.85  3.50  3.25  2.98  2.44  1.91  1.65  1.12  0.55  0.39  0.25  0.14  0.08  0.06  0.05
 8  85  0.02  0.07  0.12  0.25  0.49  0.74  1.23  2.44  3.54  4.38  5.28  5.14  4.60  3.86  3.50  3.26  2.98  2.44  1.91  1.65  1.12  0.55  0.39  0.25  0.15  0.08  0.06  0.05
 8  90  0.02  0.07  0.12  0.25  0.49  0.74  1.23  2.45  3.55  4.40  5.30  5.15  4.61  3.87  3.51  3.26  2.99  2.44  1.91  1.65  1.12  0.55  0.39  0.25  0.16  0.08  0.06  0.05
 9 -90  0.04  0.11  0.18  0.36  0.72  1.08  1.78  3.49  4.99  5.80  6.17  5.70  5.30  4.85  4.11  3.51  3.26  2.73  1.99  1.67  1.15  0.49  0.28  0.13  0.07  0.04  0.03  0.03
 9 -85  0.04  0.11  0.18  0.36  0.72  1.08  1.78  3.50  5.00  5.80  6.17  5.69  5.30  4.85  4.12  3.51  3.26  2.73  1.99  1.67  1.15  0.49  0.29  0.13  0.07  0.04  0.03  0.03
 9 -80  0.04  0.11  0.18  0.36  0.72  1.08  1.78  3.50  5.00  5.80  6.16  5.69  5.29  4.85  4.12  3.51  3.26  2.73  2.00  1.67  1.15  0.49  0.29  0.12  0.07  0.04  0.03  0.03
 9 -75  0.04  0.11  0.18  0.35  0.70  1.05  1.74  3.43  4.92  5.73  6.40  6.10  5.62  5.05  4.38  3.79  3.36  2.87  2.12  1.78  1.23  0.53  0.30  0.13  0.07  0.04  0.03  0.03
 9 -70  0.03  0.10  0.17  0.34  0.68  1.02  1.70  3.35  4.80  5.65  6.62  6.53  5.96  5.28  4.63  4.07  3.32  2.91  2.18  1.83  1.28  0.56  0.32  0.13  0.07  0.04  0.03  0.03
 9 -65  0.03  0.10  0.17  0.34  0.68  1.01  1.68  3.34  4.85  5.81  6.89  7.05  6.48  5.78  5.29  4.87  3.77  3.05  2.16  1.82  1.23  0.55  0.28  0.15  0.07  0.04  0.04  0.03
 9 -60  0.03  0.10  0.17  0.34  0.69  1.03  1.71  3.39  4.95  5.98  7.16  7.53  7.02  6.33  5.93  5.67  4.33  3.23  2.12  1.79  1.17  0.54  0.30  0.16  0.08  0.04  0.04  0.03
 9 -55  0.04  0.11  0.18  0.35  0.70  1.05  1.75  3.48  5.09  6.15  7.36  7.87  7.43  6.75  6.19  5.95  4.69  3.27  1.98  1.64  0.99  0.47  0.28  0.16  0.08  0.04  0.04  0.03
 9 -50  0.04  0.11  0.18  0.35  0.71  1.06  1.76  3.52  5.24  6.33  7.59  8.19  7.84  7.09  6.47  6.24  5.12  3.33  1.88  1.51  0.84  0.41  0.26  0.16  0.08  0.04  0.04  0.03
 9 -45  0.04  0.11  0.18  0.36  0.71  1.07  1.77  3.51  5.25  6.35  7.81  8.49  8.27  7.59  6.68  6.20  5.08  3.25  1.82  1.46  0.78  0.38  0.25  0.15  0.08  0.04  0.04  0.03
 9 -40  0.04  0.11  0.18  0.36  0.71  1.06  1.77  3.50  5.11  6.35  7.81  8.59  8.39  7.76  6.74  6.14  5.02  3.15  1.81  1.43  0.75  0.35  0.25  0.13  0.07  0.05  0.04  0.04
 9 -35  0.03  0.10  0.17  0.34  0.69  1.03  1.71  3.39  4.96  6.07  7.64  8.61  8.62  8.06  6.91  6.21  4.87  2.83  1.54  1.19  0.58  0.26  0.20  0.11  0.07  0.05  0.04  0.04
 9 -30  0.03  0.10  0.17  0.33  0.66  0.99  1.65  3.27  4.85  5.93  7.53  8.71  8.81  8.24  6.98  6.22  4.75  2.57  1.25  0.94  0.40  0.18  0.10  0.07  0.06  0.05  0.04  0.04
 9 -25  0.03  0.10  0.17  0.33  0.67  1.00  1.65  3.27  4.83  5.88  7.44  8.76  9.03  8.55  7.22  6.42  4.69  2.30  1.04  0.76  0.30  0.07  0.05  0.05  0.04  0.04  0.04  0.04
 9 -20  0.03  0.10  0.17  0.33  0.66  0.98  1.63  3.22  4.79  5.79  7.37  8.91  9.32  9.01  7.56  6.65  4.62  2.08  0.82  0.58  0.20  0.05  0.04  0.04  0.04  0.04  0.04  0.04
 9 -15  0.03  0.09  0.16  0.31  0.63  0.94  1.55  3.06  4.55  5.69  7.32  9.00  9.57  9.50  7.99  6.85  4.29  1.81  0.70  0.49  0.16  0.04  0.03  0.03  0.03  0.04  0.04  0.04
 9 -10  0.03  0.09  0.15  0.31  0.61  0.91  1.51  2.99  4.37  5.46  7.22  8.99  9.62  9.60  8.25  7.06  4.03  1.54  0.57  0.41  0.14  0.04  0.03  0.03  0.03  0.03  0.04  0.04
 9  -5  0.03  0.09  0.15  0.31  0.61  0.91  1.51  2.97  4.25  5.22  7.21  9.05  9.50  9.60  8.38  7.07  4.09  1.54  0.56  0.40  0.14  0.03  0.03  0.03  0.03  0.03  0.03  0.03
 9   0  0.03  0.09  0.14  0.29  0.57  0.86  1.42  2.81  3.99  4.86  6.78  8.77  9.19  9.48  8.40  7.11  4.15  1.55  0.55  0.40  0.14  0.03  0.03  0.03  0.03  0.03  0.03  0.03
 9   5  0.03  0.09  0.15  0.30  0.60  0.90  1.49  2.94  4.19  5.12  6.93  9.03  9.58  9.69  8.51  7.29  4.37  1.67  0.61  0.43  0.16  0.03  0.03  0.03  0.03  0.03  0.03  0.03
 9  10  0.03  0.09  0.15  0.30  0.60  0.90  1.50  2.96  4.24  5.23  6.94  8.94  9.76  9.89  8.56  7.50  4.60  1.76  0.69  0.49  0.18  0.03  0.03  0.03  0.03  0.03  0.03  0.03
 9  15  0.03  0.09  0.15  0.31  0.62  0.92  1.53  3.03  4.34  5.42  7.07  8.97  9.72  9.75  8.31  7.37  4.62  1.76  0.72  0.52  0.18  0.03  0.03  0.03  0.03  0.03  0.03  0.03
 9  20  0.03  0.10  0.16  0.32  0.64  0.96  1.59  3.13  4.60  5.73  7.30  8.88  9.52  9.36  8.02  7.20  4.57  1.77  0.73  0.52  0.19  0.04  0.03  0.03  0.04  0.04  0.04  0.03
 9  25  0.03  0.09  0.16  0.31  0.63  0.94  1.56  3.08  4.52  5.66  7.41  8.80  9.24  9.07  7.87  7.15  4.58  1.82  0.75  0.54  0.19  0.06  0.04  0.04  0.04  0.04  0.04  0.04
 9  30  0.03  0.10  0.16  0.32  0.63  0.95  1.57  3.11  4.55  5.60  7.28  8.60  9.00  8.74  7.77  7.11  4.59  1.92  0.78  0.57  0.21  0.07  0.05  0.04  0.04  0.05  0.05  0.04
 9  35  0.03  0.10  0.16  0.32  0.64  0.96  1.59  3.14  4.64  5.68  7.29  8.45  8.66  8.43  7.46  6.71  4.47  2.05  0.95  0.71  0.31  0.09  0.06  0.05  0.05  0.05  0.05  0.04
 9  40  0.03  0.10  0.16  0.32  0.64  0.96  1.59  3.14  4.54  5.64  7.21  8.22  8.37  8.07  7.08  6.37  4.41  2.25  1.15  0.89  0.42  0.13  0.08  0.06  0.06  0.05  0.05  0.04
 9  45  0.03  0.10  0.16  0.32  0.64  0.96  1.60  3.15  4.56  5.64  7.04  7.77  7.76  7.41  6.53  5.97  4.31  2.38  1.34  1.08  0.62  0.26  0.12  0.08  0.07  0.05  0.05  0.05
 9  50  0.03  0.10  0.16  0.32  0.64  0.96  1.59  3.14  4.61  5.67  6.93  7.50  7.34  6.89  6.15  5.65  4.20  2.52  1.51  1.24  0.75  0.34  0.21  0.11  0.08  0.06  0.05  0.05
 9  55  0.03  0.09  0.15  0.31  0.62  0.92  1.53  3.03  4.46  5.51  6.69  7.08  6.78  6.28  5.63  5.21  4.00  2.56  1.62  1.34  0.83  0.40  0.25  0.14  0.09  0.06  0.05  0.05
 9  60  0.03  0.09  0.15  0.31  0.62  0.92  1.53  3.04  4.51  5.58  6.68  6.84  6.39  5.77  5.19  4.83  3.78  2.58  1.74  1.45  0.91  0.43  0.27  0.16  0.10  0.06  0.05  0.05
 9  65  0.03  0.09  0.16  0.31  0.62  0.93  1.55  3.07  4.53  5.56  6.44  6.36  5.82  5.17  4.60  4.22  3.45  2.47  1.80  1.51  0.97  0.47  0.30  0.18  0.11  0.06  0.05  0.05
 9  70  0.03  0.09  0.16  0.32  0.63  0.94  1.57  3.11  4.55  5.55  6.20  5.89  5.25  4.57  4.00  3.62  3.12  2.36  1.85  1.57  1.03  0.50  0.32  0.19  0.11  0.06  0.05  0.05
 9  75  0.03  0.10  0.16  0.32  0.63  0.95  1.58  3.13  4.38  5.21  5.53  5.15  4.61  4.06  3.76  3.58  3.04  2.33  1.84  1.57  1.04  0.50  0.33  0.20  0.12  0.07  0.05  0.05
 9  80  0.03  0.10  0.16  0.32  0.64  0.95  1.58  3.14  4.20  4.87  4.86  4.42  3.97  3.56  3.53  3.54  2.99  2.33  1.84  1.57  1.05  0.50  0.33  0.21  0.12  0.07  0.05  0.05
 9  85  0.03  0.10  0.16  0.32  0.64  0.95  1.58  3.15  4.21  4.89  4.88  4.44  3.98  3.57  3.53  3.54  2.99  2.33  1.84  1.57  1.05  0.50  0.33  0.21  0.13  0.07  0.05  0.05
 9  90  0.03  0.10  0.16  0.32  0.64  0.95  1.59  3.15  4.22  4.90  4.90  4.46  4.00  3.57  3.54  3.55  3.00  2.33  1.84  1.57  1.05  0.50  0.33  0.21  0.13  0.07  0.05  0.05
10 -90  0.03  0.09  0.14  0.29  0.58  0.86  1.43  2.83  4.10  5.02  6.30  6.67  6.15  5.43  4.87  4.49  3.80  2.64  1.75  1.47  1.04  0.52  0.29  0.13  0.07  0.04  0.03  0.03
10 -85  0.03  0.09  0.14  0.29  0.58  0.86  1.43  2.84  4.10  5.02  6.30  6.67  6.15  5.44  4.87  4.49  3.80  2.64  1.75  1.47  1.04  0.52  0.30  0.13  0.07  0.04  0.03  0.03
10 -80  0.03  0.09  0.14  0.29  0.58  0.86  1.43  2.84  4.10  5.02  6.29  6.66  6.15  5.44  4.88  4.49  3.80  2.63  1.75  1.47  1.04  0.52  0.31  0.13  0.07  0.04  0.03  0.03
10 -75  0.03  0.09  0.14  0.29  0.58  0.87  1.44  2.85  4.13  5.05  6.36  6.94  6.52  5.85  5.36  5.10  4.07  2.99  2.00  1.66  1.15  0.56  0.28  0.14  0.07  0.04  0.03  0.03
10 -70  0.03  0.09  0.15  0.29  0.58  0.87  1.44  2.86  4.14  5.07  6.43  7.22  6.92  6.27  5.82  5.68  4.27  3.16  2.12  1.77  1.21  0.60  0.31  0.15  0.08  0.04  0.03  0.03
10 -65  0.03  0.09  0.15  0.30  0.60  0.90  1.49  2.96  4.31  5.28  6.69  7.57  7.34  6.71  6.36  6.27  4.63  3.32  2.17  1.80  1.17  0.57  0.31  0.17  0.08  0.04  0.03  0.03
10 -60  0.03  0.09  0.15  0.31  0.62  0.92  1.54  3.06  4.48  5.51  6.97  7.92  7.76  7.13  6.90  6.89  5.13  3.53  2.20  1.81  1.11  0.54  0.31  0.19  0.09  0.05  0.04  0.03
10 -55  0.03  0.09  0.16  0.32  0.63  0.95  1.57  3.13  4.61  5.65  7.14  8.13  8.01  7.40  6.88  6.66  5.15  3.39  2.05  1.67  0.97  0.46  0.28  0.18  0.09  0.05  0.04  0.03
10 -50  0.03  0.09  0.16  0.32  0.63  0.95  1.58  3.14  4.69  5.75  7.32  8.37  8.27  7.57  6.83  6.46  5.23  3.38  1.98  1.59  0.87  0.38  0.25  0.17  0.09  0.05  0.04  0.03
10 -45  0.03  0.09  0.16  0.31  0.62  0.93  1.55  3.08  4.66  5.72  7.48  8.67  8.63  7.98  7.10  6.67  5.41  3.46  1.98  1.59  0.86  0.36  0.24  0.14  0.08  0.05  0.04  0.04
10 -40  0.03  0.09  0.16  0.31  0.62  0.93  1.55  3.08  4.59  5.74  7.52  8.78  8.75  8.06  7.30  6.86  5.54  3.50  2.05  1.63  0.87  0.35  0.24  0.12  0.07  0.05  0.04  0.04
10 -35  0.03  0.09  0.15  0.31  0.62  0.92  1.54  3.05  4.47  5.51  7.32  8.76  8.94  8.40  7.41  6.84  5.23  2.99  1.60  1.24  0.62  0.25  0.17  0.10  0.07  0.05  0.04  0.04
10 -30  0.03  0.09  0.15  0.30  0.61  0.91  1.51  3.00  4.43  5.42  7.22  8.85  9.13  8.58  7.44  6.77  4.94  2.51  1.14  0.85  0.37  0.15  0.10  0.07  0.06  0.05  0.04  0.04
10 -25  0.03  0.09  0.16  0.31  0.62  0.93  1.54  3.04  4.46  5.45  7.16  8.84  9.26  8.82  7.56  6.81  4.69  2.13  0.95  0.69  0.27  0.08  0.06  0.05  0.05  0.05  0.05  0.04
10 -20  0.03  0.09  0.15  0.31  0.61  0.92  1.52  3.01  4.43  5.34  7.04  8.95  9.53  9.22  7.79  6.87  4.44  1.81  0.74  0.52  0.17  0.06  0.04  0.04  0.04  0.04  0.04  0.04
10 -15  0.03  0.09  0.15  0.29  0.59  0.88  1.46  2.89  4.25  5.28  6.94  8.92  9.70  9.62  8.13  7.05  4.22  1.69  0.66  0.45  0.14  0.04  0.04  0.03  0.04  0.04  0.04  0.04
10 -10  0.03  0.09  0.14  0.29  0.57  0.85  1.42  2.81  4.08  5.08  6.84  8.81  9.58  9.62  8.33  7.24  4.05  1.56  0.55  0.39  0.11  0.04  0.03  0.03  0.03  0.04  0.04  0.04
10  -5  0.03  0.09  0.14  0.29  0.57  0.86  1.42  2.80  4.02  4.94  6.89  8.83  9.43  9.57  8.44  7.25  4.09  1.57  0.53  0.37  0.12  0.03  0.03  0.03  0.03  0.03  0.03  0.03
10   0  0.03  0.08  0.14  0.28  0.56  0.84  1.39  2.75  3.83  4.69  6.51  8.55  9.12  9.41  8.45  7.31  4.13  1.57  0.50  0.35  0.12  0.03  0.03  0.03  0.03  0.03  0.03  0.03
10   5  0.03  0.09  0.15  0.29  0.58  0.88  1.45  2.87  4.06  4.97  6.72  8.80  9.36  9.56  8.50  7.34  4.30  1.66  0.57  0.40  0.13  0.03  0.03  0.03  0.03  0.03  0.03  0.03
10  10  0.03  0.09  0.15  0.30  0.59  0.89  1.47  2.91  4.18  5.15  6.77  8.69  9.47  9.72  8.47  7.39  4.48  1.72  0.66  0.46  0.15  0.03  0.03  0.03  0.03  0.03  0.03  0.03
10  15  0.03  0.09  0.15  0.30  0.60  0.90  1.50  2.97  4.28  5.32  6.85  8.67  9.44  9.60  8.18  7.21  4.47  1.70  0.69  0.49  0.16  0.03  0.03  0.03  0.03  0.03  0.03  0.03
10  20  0.03  0.09  0.16  0.31  0.63  0.94  1.55  3.07  4.53  5.65  7.09  8.58  9.27  9.23  7.83  6.98  4.41  1.72  0.70  0.50  0.17  0.04  0.03  0.03  0.03  0.04  0.04  0.04
10  25  0.03  0.09  0.15  0.31  0.62  0.92  1.53  3.03  4.52  5.66  7.28  8.58  9.04  8.87  7.64  6.96  4.45  1.77  0.72  0.52  0.18  0.05  0.04  0.04  0.04  0.04  0.04  0.04
10  30  0.03  0.10  0.16  0.32  0.63  0.95  1.57  3.11  4.60  5.71  7.25  8.45  8.80  8.48  7.54  6.94  4.49  1.85  0.74  0.54  0.20  0.07  0.05  0.04  0.04  0.04  0.04  0.04
10  35  0.03  0.10  0.16  0.33  0.66  0.98  1.63  3.22  4.82  5.96  7.41  8.28  8.32  8.01  7.14  6.49  4.38  1.97  0.92  0.69  0.32  0.10  0.06  0.05  0.05  0.04  0.04  0.04
10  40  0.03  0.10  0.17  0.34  0.67  1.00  1.67  3.30  4.92  6.12  7.51  8.08  7.87  7.43  6.65  6.11  4.35  2.18  1.15  0.89  0.45  0.21  0.09  0.06  0.05  0.05  0.04  0.04
10  45  0.04  0.11  0.18  0.35  0.70  1.05  1.75  3.45  5.04  6.22  7.34  7.53  7.21  6.79  6.15  5.76  4.33  2.39  1.38  1.11  0.65  0.28  0.16  0.08  0.06  0.05  0.05  0.04
10  50  0.04  0.11  0.18  0.36  0.72  1.08  1.79  3.55  5.29  6.41  7.29  7.23  6.73  6.21  5.77  5.49  4.33  2.62  1.58  1.29  0.79  0.34  0.19  0.11  0.08  0.05  0.05  0.04
10  55  0.04  0.11  0.18  0.36  0.73  1.09  1.80  3.57  5.26  6.29  6.93  6.71  6.17  5.70  5.36  5.20  4.25  2.65  1.66  1.36  0.85  0.40  0.23  0.14  0.09  0.06  0.05  0.04
10  60  0.04  0.11  0.19  0.37  0.75  1.12  1.86  3.68  5.38  6.39  6.82  6.39  5.78  5.29  5.05  4.94  4.14  2.65  1.76  1.44  0.91  0.44  0.25  0.16  0.10  0.06  0.05  0.04
10  65  0.04  0.12  0.19  0.38  0.77  1.15  1.90  3.76  5.32  6.17  6.39  5.87  5.28  4.83  4.63  4.53  3.82  2.58  1.85  1.54  1.01  0.46  0.27  0.16  0.10  0.06  0.05  0.04
10  70  0.04  0.12  0.20  0.39  0.78  1.17  1.93  3.83  5.24  5.96  5.96  5.35  4.79  4.38  4.22  4.11  3.51  2.51  1.95  1.64  1.11  0.49  0.28  0.17  0.10  0.06  0.05  0.04
10  75  0.04  0.12  0.19  0.39  0.77  1.16  1.92  3.81  4.88  5.33  5.23  4.74  4.32  4.01  3.88  3.78  3.33  2.50  1.99  1.68  1.14  0.51  0.29  0.18  0.11  0.06  0.05  0.04
10  80  0.04  0.12  0.19  0.38  0.77  1.15  1.91  3.78  4.51  4.70  4.51  4.14  3.85  3.64  3.55  3.46  3.18  2.51  2.03  1.73  1.19  0.53  0.30  0.19  0.11  0.06  0.05  0.04
10  85  0.04  0.12  0.19  0.39  0.77  1.15  1.91  3.79  4.52  4.71  4.52  4.16  3.86  3.65  3.56  3.47  3.18  2.51  2.03  1.73  1.19  0.53  0.30  0.19  0.11  0.06  0.05  0.04
10  90  0.04  0.12  0.19  0.39  0.77  1.15  1.91  3.79  4.53  4.73  4.54  4.18  3.88  3.66  3.56  3.47  3.19  2.51  2.03  1.72  1.19  0.53  0.30  0.19  0.12  0.06  0.05  0.04
11 -90  0.02  0.07  0.12  0.25  0.50  0.74  1.24  2.45  3.48  4.28  5.87  6.91  6.88  6.31  5.91  5.89  4.88  3.31  2.21  1.82  1.21  0.56  0.29  0.16  0.08  0.04  0.03  0.03
11 -85  0.02  0.07  0.12  0.25  0.50  0.74  1.24  2.46  3.48  4.28  5.87  6.91  6.88  6.31  5.91  5.89  4.88  3.31  2.21  1.83  1.21  0.56  0.29  0.16  0.08  0.04  0.03  0.03
11 -80  0.02  0.07  0.12  0.25  0.50  0.74  1.24  2.46  3.48  4.27  5.86  6.90  6.88  6.31  5.91  5.89  4.88  3.31  2.21  1.83  1.21  0.56  0.29  0.16  0.08  0.04  0.03  0.03
11 -75  0.03  0.08  0.13  0.25  0.50  0.75  1.25  2.49  3.55  4.35  5.89  7.01  7.05  6.49  6.24  6.30  5.13  3.47  2.33  1.93  1.27  0.60  0.30  0.17  0.08  0.04  0.03  0.03
11 -70  0.03  0.08  0.13  0.25  0.51  0.76  1.27  2.52  3.61  4.43  5.92  7.12  7.22  6.67  6.56  6.68  5.35  3.52  2.36  1.95  1.29  0.62  0.32  0.18  0.09  0.04  0.03  0.03
11 -65  0.03  0.08  0.13  0.26  0.53  0.79  1.31  2.60  3.75  4.60  6.13  7.38  7.51  6.94  6.80  6.86  5.38  3.48  2.28  1.88  1.18  0.59  0.32  0.18  0.09  0.05  0.03  0.03
11 -60  0.03  0.08  0.14  0.27  0.54  0.81  1.35  2.69  3.89  4.78  6.35  7.64  7.78  7.21  7.05  7.06  5.43  3.45  2.18  1.78  1.06  0.54  0.31  0.18  0.10  0.05  0.03  0.03
11 -55  0.03  0.08  0.14  0.28  0.56  0.84  1.40  2.79  4.04  4.93  6.53  7.89  8.08  7.54  6.99  6.70  5.20  3.27  1.96  1.59  0.88  0.44  0.28  0.18  0.10  0.05  0.04  0.03
11 -50  0.03  0.08  0.14  0.28  0.57  0.85  1.41  2.81  4.08  5.00  6.66  8.16  8.38  7.78  6.88  6.34  5.05  3.18  1.82  1.44  0.74  0.34  0.23  0.17  0.09  0.05  0.04  0.03
11 -45  0.03  0.08  0.14  0.28  0.55  0.83  1.38  2.74  4.04  4.95  6.75  8.46  8.74  8.20  7.10  6.49  5.18  3.22  1.81  1.43  0.73  0.31  0.21  0.13  0.08  0.05  0.04  0.03
11 -40  0.03  0.08  0.14  0.28  0.55  0.83  1.37  2.73  4.04  5.00  6.84  8.62  8.95  8.34  7.31  6.64  5.24  3.22  1.86  1.46  0.74  0.31  0.21  0.10  0.07  0.05  0.04  0.04
11 -35  0.03  0.08  0.14  0.28  0.56  0.84  1.39  2.77  3.96  4.85  6.71  8.59  9.08  8.71  7.47  6.73  4.93  2.74  1.43  1.10  0.52  0.23  0.14  0.08  0.06  0.05  0.04  0.04
11 -30  0.03  0.08  0.14  0.28  0.56  0.84  1.40  2.78  4.01  4.87  6.69  8.69  9.27  8.90  7.58  6.77  4.62  2.28  1.00  0.73  0.30  0.15  0.09  0.06  0.05  0.05  0.04  0.04
11 -25  0.03  0.09  0.15  0.29  0.58  0.87  1.44  2.86  4.12  5.03  6.79  8.74  9.33  9.04  7.62  6.74  4.43  2.02  0.86  0.61  0.22  0.09  0.06  0.05  0.05  0.05  0.04  0.04
11 -20  0.03  0.09  0.14  0.29  0.57  0.86  1.43  2.84  4.15  5.02  6.76  8.90  9.60  9.32  7.76  6.73  4.26  1.82  0.71  0.49  0.15  0.06  0.04  0.04  0.04  0.04  0.04  0.04
11 -15  0.03  0.08  0.14  0.28  0.56  0.84  1.40  2.78  4.08  5.02  6.69  8.87  9.75  9.63  8.02  6.90  4.11  1.70  0.64  0.43  0.13  0.05  0.04  0.03  0.04  0.04  0.04  0.04
11 -10  0.03  0.08  0.14  0.28  0.55  0.82  1.37  2.72  3.95  4.93  6.69  8.74  9.55  9.60  8.18  7.09  4.00  1.56  0.55  0.38  0.13  0.04  0.03  0.03  0.03  0.04  0.04  0.03
11  -5  0.03  0.08  0.14  0.28  0.55  0.83  1.38  2.73  3.97  4.90  6.85  8.72  9.36  9.46  8.20  7.05  3.99  1.52  0.53  0.36  0.13  0.04  0.03  0.03  0.03  0.03  0.03  0.03
11   0  0.03  0.09  0.14  0.29  0.57  0.85  1.41  2.80  3.91  4.82  6.62  8.52  9.11  9.27  8.17  7.08  3.95  1.46  0.49  0.35  0.12  0.03  0.03  0.03  0.03  0.03  0.03  0.03
11   5  0.03  0.09  0.15  0.29  0.58  0.87  1.45  2.87  4.11  5.02  6.77  8.64  9.14  9.34  8.23  7.09  4.13  1.54  0.53  0.37  0.13  0.03  0.03  0.03  0.03  0.03  0.03  0.03
11  10  0.03  0.09  0.15  0.30  0.59  0.88  1.47  2.91  4.21  5.17  6.73  8.43  9.09  9.38  8.20  7.13  4.30  1.60  0.58  0.40  0.14  0.03  0.03  0.03  0.03  0.03  0.03  0.03
11  15  0.03  0.09  0.15  0.30  0.60  0.90  1.49  2.95  4.31  5.34  6.74  8.32  8.98  9.18  7.86  6.93  4.21  1.57  0.60  0.43  0.14  0.04  0.03  0.03  0.03  0.04  0.04  0.03
11  20  0.03  0.09  0.16  0.31  0.62  0.93  1.55  3.05  4.54  5.67  6.97  8.20  8.78  8.81  7.49  6.69  4.13  1.60  0.61  0.44  0.15  0.04  0.03  0.03  0.03  0.04  0.04  0.04
11  25  0.03  0.09  0.16  0.31  0.62  0.93  1.54  3.06  4.64  5.79  7.20  8.22  8.56  8.35  7.21  6.64  4.21  1.72  0.68  0.50  0.19  0.05  0.04  0.04  0.04  0.04  0.04  0.04
11  30  0.03  0.10  0.16  0.33  0.65  0.98  1.63  3.22  4.79  5.97  7.26  8.11  8.31  7.92  7.07  6.57  4.30  1.83  0.74  0.55  0.23  0.07  0.05  0.04  0.04  0.04  0.04  0.04
11  35  0.03  0.10  0.17  0.35  0.69  1.04  1.73  3.41  5.12  6.35  7.48  7.94  7.82  7.48  6.79  6.29  4.44  2.05  0.96  0.73  0.35  0.15  0.07  0.05  0.05  0.04  0.04  0.04
11  40  0.04  0.11  0.18  0.36  0.73  1.09  1.81  3.57  5.37  6.65  7.65  7.76  7.34  6.88  6.38  6.06  4.64  2.36  1.25  0.96  0.49  0.21  0.10  0.07  0.06  0.05  0.04  0.04
11  45  0.04  0.12  0.19  0.39  0.77  1.15  1.91  3.77  5.51  6.73  7.39  7.18  6.71  6.34  6.02  5.86  4.67  2.58  1.49  1.20  0.71  0.31  0.19  0.10  0.07  0.05  0.04  0.04
11  50  0.04  0.12  0.20  0.41  0.81  1.22  2.02  3.98  5.82  6.90  7.29  6.83  6.23  5.78  5.73  5.70  4.73  2.80  1.71  1.39  0.86  0.40  0.22  0.14  0.08  0.05  0.05  0.04
11  55  0.04  0.12  0.21  0.41  0.82  1.23  2.03  4.02  5.69  6.56  6.76  6.24  5.73  5.42  5.45  5.50  4.61  2.84  1.78  1.47  0.98  0.46  0.25  0.16  0.09  0.05  0.05  0.04
11  60  0.04  0.13  0.21  0.42  0.83  1.24  2.06  4.09  5.67  6.47  6.47  5.87  5.40  5.14  5.23  5.31  4.45  2.85  1.87  1.57  1.09  0.49  0.26  0.16  0.09  0.06  0.05  0.04
11  65  0.04  0.12  0.20  0.40  0.81  1.21  2.00  3.96  5.46  6.17  6.20  5.66  5.26  5.04  5.00  4.97  4.30  2.87  2.03  1.73  1.25  0.56  0.29  0.18  0.09  0.06  0.05  0.04
11  70  0.04  0.12  0.20  0.40  0.79  1.19  1.97  3.89  5.24  5.88  5.93  5.45  5.13  4.93  4.77  4.62  4.15  2.90  2.19  1.90  1.42  0.63  0.32  0.20  0.10  0.06  0.05  0.04
11  75  0.04  0.12  0.20  0.39  0.79  1.17  1.95  3.84  4.98  5.52  5.49  4.78  4.33  4.10  3.97  3.82  3.58  2.80  2.12  1.83  1.35  0.59  0.29  0.18  0.10  0.06  0.05  0.04
11  80  0.04  0.12  0.19  0.39  0.77  1.16  1.92  3.78  4.73  5.16  5.05  4.11  3.53  3.27  3.16  3.04  3.03  2.72  2.05  1.76  1.28  0.55  0.26  0.16  0.10  0.06  0.05  0.04
11  85  0.04  0.12  0.19  0.39  0.77  1.16  1.92  3.78  4.74  5.17  5.06  4.12  3.54  3.28  3.16  3.04  3.03  2.72  2.05  1.76  1.28  0.55  0.26  0.16  0.11  0.06  0.05  0.04
11  90  0.04  0.12  0.19  0.39  0.77  1.16  1.92  3.79  4.75  5.18  5.08  4.14  3.55  3.29  3.17  3.05  3.04  2.72  2.05  1.76  1.28  0.55  0.26  0.16  0.11  0.06  0.05  0.04
12 -90  0.02  0.07  0.11  0.22  0.44  0.66  1.10  2.17  3.12  3.84  5.41  6.61  6.59  5.91  5.54  5.34  4.86  3.45  2.31  1.91  1.19  0.57  0.32  0.18  0.08  0.05  0.03  0.02
12 -85  0.02  0.07  0.11  0.22  0.44  0.66  1.10  2.18  3.12  3.84  5.41  6.60  6.58  5.91  5.54  5.35  4.86  3.45  2.31  1.91  1.19  0.57  0.32  0.18  0.08  0.05  0.03  0.03
12 -80  0.02  0.07  0.11  0.22  0.44  0.66  1.10  2.18  3.13  3.84  5.40  6.60  6.58  5.91  5.54  5.35  4.85  3.45  2.31  1.91  1.19  0.57  0.32  0.18  0.08  0.05  0.03  0.03
12 -75  0.02  0.07  0.11  0.23  0.45  0.68  1.13  2.25  3.21  3.92  5.43  6.68  6.73  6.09  5.72  5.53  4.98  3.45  2.31  1.91  1.19  0.57  0.32  0.18  0.10  0.05  0.03  0.03
12 -70  0.02  0.07  0.12  0.23  0.47  0.70  1.16  2.31  3.29  4.01  5.46  6.76  6.89  6.27  5.90  5.71  5.08  3.42  2.26  1.87  1.17  0.56  0.33  0.18  0.10  0.05  0.03  0.03
12 -65  0.02  0.07  0.12  0.24  0.48  0.73  1.21  2.40  3.41  4.15  5.63  7.04  7.25  6.69  6.26  6.02  5.12  3.32  2.10  1.74  1.05  0.50  0.31  0.17  0.10  0.05  0.03  0.03
12 -60  0.03  0.08  0.13  0.25  0.50  0.76  1.26  2.50  3.54  4.30  5.82  7.31  7.62  7.11  6.62  6.33  5.15  3.23  1.96  1.60  0.94  0.44  0.29  0.17  0.11  0.05  0.04  0.03
12 -55  0.03  0.08  0.13  0.27  0.53  0.79  1.32  2.62  3.71  4.50  6.03  7.61  8.02  7.64  6.94  6.48  5.01  3.01  1.73  1.40  0.77  0.38  0.25  0.17  0.11  0.05  0.04  0.03
12 -50  0.03  0.08  0.13  0.27  0.54  0.80  1.34  2.66  3.78  4.59  6.17  7.91  8.44  8.06  7.19  6.61  4.93  2.83  1.52  1.21  0.61  0.31  0.21  0.17  0.09  0.05  0.04  0.03
12 -45  0.03  0.08  0.13  0.27  0.53  0.79  1.32  2.62  3.75  4.55  6.25  8.22  8.80  8.48  7.16  6.36  4.79  2.72  1.46  1.15  0.58  0.26  0.18  0.12  0.08  0.05  0.04  0.03
12 -40  0.03  0.08  0.13  0.26  0.53  0.79  1.31  2.62  3.80  4.65  6.43  8.44  9.07  8.71  7.19  6.14  4.57  2.58  1.45  1.14  0.57  0.24  0.16  0.09  0.06  0.05  0.04  0.03
12 -35  0.03  0.08  0.14  0.27  0.54  0.81  1.35  2.69  3.75  4.57  6.38  8.45  9.13  8.97  7.52  6.60  4.51  2.30  1.15  0.87  0.40  0.20  0.11  0.07  0.05  0.05  0.04  0.04
12 -30  0.03  0.08  0.14  0.27  0.55  0.82  1.37  2.72  3.87  4.68  6.48  8.60  9.29  9.06  7.84  7.06  4.45  2.01  0.84  0.61  0.25  0.13  0.08  0.06  0.05  0.05  0.04  0.04
12 -25  0.03  0.09  0.14  0.28  0.57  0.85  1.41  2.80  4.01  4.92  6.73  8.76  9.36  9.12  7.81  6.98  4.31  1.83  0.74  0.53  0.19  0.08  0.05  0.05  0.04  0.04  0.04  0.04
12 -20  0.03  0.08  0.14  0.28  0.56  0.84  1.40  2.78  4.10  5.01  6.82  8.98  9.65  9.32  7.89  6.92  4.20  1.70  0.63  0.43  0.12  0.06  0.04  0.04  0.04  0.04  0.04  0.04
12 -15  0.03  0.08  0.14  0.28  0.56  0.84  1.39  2.77  4.12  5.06  6.81  9.04  9.85  9.56  8.02  6.99  4.10  1.63  0.57  0.38  0.12  0.05  0.03  0.03  0.03  0.04  0.04  0.03
12 -10  0.03  0.08  0.14  0.28  0.55  0.83  1.38  2.74  4.05  5.08  6.92  8.95  9.66  9.58  8.10  7.08  4.02  1.52  0.50  0.34  0.12  0.04  0.03  0.03  0.03  0.03  0.03  0.03
12  -5  0.03  0.08  0.14  0.28  0.55  0.83  1.38  2.74  4.12  5.16  7.18  8.90  9.47  9.43  7.92  6.77  3.90  1.47  0.48  0.33  0.13  0.03  0.03  0.03  0.03  0.03  0.03  0.03
12   0  0.03  0.09  0.15  0.30  0.59  0.88  1.46  2.89  4.20  5.22  7.11  8.85  9.37  9.31  7.74  6.51  3.73  1.39  0.45  0.32  0.13  0.03  0.03  0.03  0.03  0.03  0.03  0.03
12   5  0.03  0.09  0.15  0.30  0.59  0.89  1.48  2.92  4.34  5.33  7.19  8.77  9.11  9.19  7.84  6.66  3.96  1.48  0.49  0.34  0.13  0.03  0.03  0.03  0.03  0.03  0.03  0.03
12  10  0.03  0.09  0.15  0.30  0.60  0.90  1.50  2.96  4.37  5.42  7.01  8.42  8.82  8.98  7.85  6.85  4.17  1.58  0.54  0.37  0.13  0.04  0.03  0.03  0.03  0.03  0.04  0.03
12  15  0.03  0.09  0.15  0.30  0.61  0.91  1.50  2.98  4.45  5.53  6.91  8.20  8.60  8.69  7.47  6.61  4.05  1.59  0.58  0.41  0.14  0.04  0.03  0.03  0.03  0.04  0.04  0.04
12  20  0.03  0.09  0.16  0.31  0.62  0.93  1.55  3.06  4.60  5.78  7.03  8.02  8.40  8.33  7.08  6.34  4.01  1.66  0.61  0.44  0.15  0.05  0.04  0.04  0.04  0.04  0.04  0.04
12  25  0.03  0.09  0.15  0.31  0.62  0.92  1.53  3.04  4.66  5.78  7.10  7.96  8.16  7.83  6.88  6.46  4.20  1.87  0.74  0.55  0.21  0.06  0.04  0.04  0.04  0.04  0.04  0.04
12  30  0.03  0.10  0.16  0.32  0.65  0.97  1.61  3.18  4.74  5.90  7.08  7.80  7.92  7.44  6.85  6.56  4.43  2.02  0.85  0.63  0.27  0.09  0.06  0.05  0.04  0.04  0.04  0.04
12  35  0.03  0.10  0.17  0.34  0.69  1.03  1.71  3.37  5.02  6.19  7.23  7.62  7.48  7.11  6.75  6.50  4.71  2.26  1.08  0.84  0.44  0.20  0.09  0.06  0.05  0.04  0.04  0.04
12  40  0.04  0.11  0.18  0.36  0.72  1.08  1.80  3.55  5.22  6.40  7.32  7.44  7.07  6.60  6.49  6.45  5.03  2.58  1.39  1.09  0.62  0.28  0.15  0.09  0.06  0.05  0.04  0.04
12  45  0.04  0.11  0.19  0.38  0.76  1.14  1.89  3.72  5.29  6.41  7.06  6.93  6.54  6.27  6.17  6.13  4.98  2.92  1.65  1.35  0.83  0.39  0.22  0.14  0.08  0.05  0.04  0.04
12  50  0.04  0.12  0.20  0.40  0.80  1.20  1.99  3.93  5.59  6.53  6.90  6.56  6.11  5.82  5.86  5.86  4.95  3.24  1.89  1.56  0.99  0.47  0.26  0.17  0.09  0.05  0.05  0.04
12  55  0.04  0.12  0.20  0.40  0.80  1.20  1.99  3.93  5.42  6.15  6.41  6.09  5.79  5.64  5.64  5.64  4.77  3.25  2.01  1.67  1.14  0.55  0.29  0.18  0.09  0.05  0.05  0.04
12  60  0.04  0.12  0.20  0.40  0.80  1.20  1.99  3.93  5.34  5.98  6.14  5.81  5.60  5.53  5.47  5.42  4.56  3.23  2.15  1.81  1.28  0.61  0.31  0.19  0.10  0.06  0.05  0.04
12  65  0.04  0.12  0.21  0.41  0.83  1.24  2.05  4.03  5.31  5.94  6.11  5.72  5.48  5.40  5.24  5.11  4.42  3.14  2.20  1.87  1.35  0.63  0.30  0.18  0.10  0.06  0.05  0.04
12  70  0.04  0.13  0.21  0.42  0.85  1.27  2.09  4.12  5.27  5.89  6.06  5.64  5.37  5.26  5.00  4.79  4.28  3.05  2.25  1.93  1.41  0.65  0.28  0.17  0.10  0.06  0.05  0.04
12  75  0.04  0.12  0.21  0.41  0.82  1.22  2.02  3.95  5.04  5.67  5.84  5.26  4.90  4.77  4.54  4.34  4.07  3.06  2.27  1.95  1.42  0.64  0.30  0.18  0.10  0.06  0.05  0.04
12  80  0.04  0.12  0.20  0.39  0.78  1.16  1.92  3.76  4.82  5.45  5.62  4.87  4.43  4.25  4.07  3.91  3.86  3.08  2.28  1.96  1.43  0.64  0.32  0.19  0.10  0.06  0.05  0.04
12  85  0.04  0.12  0.20  0.39  0.78  1.16  1.92  3.76  4.83  5.46  5.63  4.89  4.44  4.26  4.07  3.91  3.86  3.08  2.28  1.96  1.43  0.64  0.32  0.19  0.11  0.06  0.05  0.04
12  90  0.04  0.12  0.20  0.39  0.78  1.16  1.92  3.77  4.84  5.47  5.65  4.90  4.45  4.26  4.08  3.92  3.86  3.09  2.28  1.96  1.43  0.64  0.32  0.19  0.11  0.06  0.05  0.04
