     0.010
     0.030
     0.050
     0.100
     0.200
     0.300
     0.500
     1.000
     1.500
     2.000
     3.000
     5.000
     7.000
    10.000
    15.000
    20.000
    30.000
    50.000
    70.000
    80.000
   100.000
   150.000
   200.000
   250.000
   300.000
   400.000
   500.000
   600.000
 1 -90  0.03  0.08  0.13  0.26  0.50  0.75  1.21  2.24  3.40  4.27  5.76  6.39  6.02  5.07  4.06  3.54  3.59  3.41  2.64  2.27  1.61  0.81  0.45  0.25  0.12  0.05  0.03  0.02
 1 -85  0.03  0.08  0.13  0.26  0.50  0.75  1.21  2.25  3.44  4.28  5.74  6.41  6.07  5.18  4.20  3.62  3.55  3.22  2.46  2.11  1.48  0.72  0.42  0.24  0.11  0.05  0.03  0.02
 1 -80  0.03  0.08  0.13  0.26  0.51  0.75  1.22  2.27  3.45  4.27  5.72  6.41  6.08  5.20  4.23  3.65  3.54  3.18  2.43  2.08  1.46  0.71  0.42  0.24  0.11  0.04  0.03  0.02
 1 -75  0.03  0.08  0.13  0.27  0.53  0.78  1.26  2.36  3.52  4.32  5.73  6.55  6.34  5.52  4.62  4.07  3.83  3.20  2.38  2.03  1.40  0.68  0.41  0.23  0.11  0.04  0.03  0.02
 1 -70  0.03  0.08  0.14  0.27  0.54  0.80  1.30  2.44  3.59  4.39  5.77  6.71  6.62  5.86  5.03  4.52  4.13  3.22  2.31  1.96  1.33  0.66  0.39  0.22  0.10  0.04  0.03  0.02
 1 -65  0.03  0.09  0.14  0.28  0.56  0.83  1.34  2.52  3.69  4.52  5.98  7.12  7.16  6.51  5.75  5.26  4.35  3.14  2.15  1.81  1.21  0.62  0.37  0.20  0.07  0.04  0.03  0.02
 1 -60  0.03  0.09  0.15  0.29  0.57  0.85  1.38  2.59  3.79  4.65  6.19  7.54  7.73  7.18  6.46  5.98  4.57  3.07  2.00  1.67  1.10  0.57  0.34  0.19  0.08  0.04  0.03  0.02
 1 -55  0.03  0.09  0.15  0.31  0.60  0.90  1.45  2.71  3.96  4.82  6.40  7.90  8.23  7.90  6.97  6.32  4.43  2.79  1.73  1.43  0.89  0.46  0.27  0.15  0.08  0.04  0.03  0.03
 1 -50  0.03  0.09  0.16  0.31  0.61  0.91  1.48  2.76  4.01  4.86  6.54  8.27  8.78  8.48  7.38  6.60  4.27  2.48  1.39  1.14  0.68  0.35  0.20  0.11  0.07  0.04  0.03  0.03
 1 -45  0.03  0.09  0.15  0.31  0.61  0.91  1.48  2.82  4.07  4.98  6.75  8.56  9.15  8.87  7.55  6.63  4.26  2.41  1.29  1.04  0.59  0.29  0.17  0.08  0.06  0.04  0.04  0.03
 1 -40  0.03  0.09  0.15  0.31  0.61  0.91  1.50  2.91  4.16  5.09  6.91  8.81  9.46  9.24  7.72  6.67  4.24  2.32  1.17  0.93  0.50  0.23  0.10  0.06  0.05  0.04  0.04  0.03
 1 -35  0.03  0.09  0.16  0.32  0.63  0.93  1.54  2.98  4.31  5.28  7.17  9.06  9.67  9.38  7.87  6.83  4.21  1.99  0.92  0.71  0.36  0.14  0.08  0.06  0.05  0.04  0.04  0.03
 1 -30  0.03  0.10  0.16  0.32  0.64  0.95  1.57  3.06  4.43  5.44  7.38  9.29  9.86  9.57  8.00  6.95  4.15  1.68  0.67  0.51  0.23  0.09  0.06  0.05  0.05  0.04  0.04  0.04
 1 -25  0.03  0.10  0.16  0.32  0.65  0.96  1.59  3.10  4.56  5.62  7.60  9.57 10.12  9.83  8.06  6.87  4.03  1.51  0.55  0.42  0.18  0.07  0.05  0.04  0.04  0.04  0.04  0.04
 1 -20  0.03  0.10  0.16  0.32  0.64  0.96  1.59  3.16  4.68  5.79  7.84  9.86 10.39 10.06  8.11  6.79  3.92  1.32  0.44  0.34  0.14  0.05  0.04  0.04  0.04  0.04  0.04  0.03
 1 -15  0.03  0.10  0.16  0.32  0.64  0.96  1.59  3.17  4.75  5.96  8.09 10.06 10.54 10.23  8.22  6.87  3.81  1.24  0.39  0.30  0.14  0.04  0.03  0.03  0.04  0.04  0.04  0.03
 1 -10  0.03  0.10  0.16  0.32  0.64  0.96  1.60  3.21  4.88  6.13  8.40 10.31 10.80 10.44  8.37  6.97  3.69  1.15  0.33  0.26  0.08  0.04  0.03  0.03  0.03  0.03  0.03  0.03
 1  -5  0.03  0.10  0.16  0.32  0.64  0.96  1.60  3.21  4.88  6.16  8.44 10.26 10.67 10.32  8.25  6.85  3.57  1.10  0.30  0.25  0.06  0.03  0.03  0.03  0.03  0.03  0.03  0.03
 1   0  0.03  0.10  0.17  0.34  0.68  1.01  1.65  3.17  4.90  6.18  8.47 10.22 10.54 10.22  8.17  6.75  3.46  1.05  0.28  0.24  0.05  0.03  0.03  0.03  0.03  0.03  0.03  0.03
 1   5  0.03  0.10  0.17  0.34  0.68  1.01  1.65  3.19  4.90  6.16  8.27  9.92 10.25  9.89  7.98  6.69  3.60  1.16  0.33  0.27  0.05  0.03  0.03  0.03  0.03  0.04  0.04  0.03
 1  10  0.03  0.10  0.17  0.34  0.68  1.01  1.66  3.21  4.92  6.15  8.16  9.62  9.89  9.52  7.80  6.63  3.74  1.27  0.39  0.31  0.06  0.03  0.03  0.03  0.03  0.04  0.04  0.04
 1  15  0.03  0.10  0.17  0.34  0.68  1.02  1.67  3.22  4.92  6.16  8.04  9.28  9.43  9.00  7.46  6.40  3.77  1.32  0.39  0.31  0.06  0.04  0.03  0.04  0.04  0.04  0.04  0.04
 1  20  0.04  0.11  0.18  0.35  0.70  1.04  1.70  3.21  4.91  6.15  7.91  8.97  8.97  8.51  7.13  6.19  3.81  1.34  0.40  0.31  0.12  0.04  0.04  0.04  0.04  0.04  0.04  0.04
 1  25  0.04  0.11  0.18  0.35  0.70  1.05  1.72  3.31  5.00  6.26  7.88  8.63  8.52  8.03  7.04  6.37  4.21  1.59  0.55  0.43  0.20  0.06  0.05  0.05  0.05  0.05  0.04  0.04
 1  30  0.04  0.11  0.19  0.37  0.74  1.10  1.79  3.37  5.12  6.36  7.81  8.33  8.07  7.55  6.94  6.53  4.61  1.91  0.75  0.58  0.29  0.10  0.07  0.06  0.05  0.05  0.05  0.04
 1  35  0.04  0.12  0.20  0.40  0.78  1.16  1.89  3.55  5.33  6.54  7.72  8.05  7.76  7.25  6.78  6.48  5.03  2.41  1.17  0.93  0.51  0.26  0.17  0.09  0.06  0.05  0.05  0.04
 1  40  0.04  0.13  0.21  0.42  0.83  1.23  2.00  3.73  5.53  6.69  7.64  7.78  7.46  7.01  6.66  6.40  5.42  2.91  1.60  1.29  0.74  0.40  0.23  0.13  0.08  0.05  0.05  0.05
 1  45  0.04  0.13  0.22  0.44  0.87  1.29  2.10  3.94  5.68  6.74  7.47  7.53  7.24  6.82  6.59  6.45  5.54  3.25  1.91  1.57  0.98  0.53  0.28  0.17  0.09  0.05  0.05  0.05
 1  50  0.05  0.14  0.23  0.46  0.91  1.35  2.20  4.16  5.77  6.75  7.33  7.32  7.07  6.74  6.60  6.51  5.62  3.58  2.21  1.84  1.21  0.64  0.33  0.19  0.09  0.06  0.05  0.05
 1  55  0.05  0.14  0.24  0.47  0.93  1.37  2.23  4.19  5.57  6.45  7.04  7.20  7.01  6.72  6.39  6.14  5.34  3.60  2.38  2.01  1.38  0.71  0.38  0.21  0.10  0.06  0.05  0.05
 1  60  0.05  0.14  0.24  0.47  0.94  1.39  2.27  4.27  5.57  6.43  6.99  7.18  7.00  6.67  6.22  5.89  5.13  3.66  2.59  2.20  1.54  0.77  0.44  0.24  0.10  0.06  0.05  0.05
 1  65  0.05  0.14  0.23  0.46  0.92  1.36  2.21  4.15  5.44  6.32  7.00  7.36  7.24  6.91  6.37  5.96  5.00  3.66  2.58  2.19  1.53  0.76  0.42  0.23  0.10  0.06  0.05  0.05
 1  70  0.05  0.14  0.23  0.46  0.90  1.33  2.16  4.03  5.33  6.22  7.02  7.52  7.47  7.16  6.53  6.04  4.87  3.66  2.57  2.18  1.53  0.76  0.40  0.23  0.10  0.06  0.05  0.05
 1  75  0.04  0.13  0.22  0.44  0.86  1.27  2.06  3.80  5.04  5.90  6.75  7.21  7.10  6.70  6.08  5.58  4.65  3.60  2.67  2.31  1.72  0.80  0.41  0.24  0.10  0.06  0.05  0.05
 1  80  0.04  0.13  0.21  0.42  0.83  1.23  1.97  3.56  4.77  5.60  6.50  6.91  6.72  6.24  5.61  5.10  4.43  3.53  2.76  2.44  1.91  0.85  0.43  0.25  0.10  0.06  0.05  0.05
 1  85  0.04  0.13  0.21  0.42  0.83  1.23  1.97  3.56  4.79  5.63  6.54  6.95  6.77  6.30  5.67  5.15  4.46  3.53  2.76  2.44  1.91  0.85  0.43  0.25  0.10  0.06  0.05  0.05
 1  90  0.04  0.13  0.22  0.43  0.84  1.24  1.99  3.61  4.82  5.66  6.56  7.04  6.91  6.50  5.90  5.33  4.51  3.50  2.74  2.43  1.93  0.88  0.44  0.25  0.10  0.06  0.05  0.05
 2 -90  0.03  0.10  0.16  0.32  0.63  0.93  1.51  2.82  4.16  5.01  5.91  5.71  5.12  4.32  3.88  3.67  3.41  2.93  2.28  1.96  1.40  0.71  0.43  0.26  0.14  0.04  0.03  0.02
 2 -85  0.03  0.10  0.16  0.32  0.64  0.94  1.53  2.84  4.20  5.06  5.98  5.83  5.25  4.48  4.07  3.84  3.48  2.86  2.17  1.85  1.31  0.64  0.40  0.24  0.14  0.04  0.03  0.02
 2 -80  0.03  0.10  0.16  0.32  0.64  0.94  1.52  2.84  4.18  5.06  6.04  5.90  5.30  4.50  4.08  3.84  3.47  2.85  2.16  1.84  1.29  0.63  0.39  0.24  0.14  0.05  0.03  0.02
 2 -75  0.03  0.10  0.16  0.32  0.63  0.93  1.51  2.81  4.16  5.09  6.22  6.34  5.84  5.02  4.49  4.17  3.66  2.85  2.15  1.83  1.25  0.61  0.38  0.23  0.12  0.04  0.03  0.02
 2 -70  0.03  0.10  0.16  0.32  0.62  0.92  1.50  2.79  4.17  5.14  6.44  6.81  6.40  5.56  4.92  4.52  3.84  2.86  2.15  1.81  1.22  0.58  0.37  0.22  0.11  0.04  0.03  0.02
 2 -65  0.03  0.10  0.16  0.32  0.63  0.94  1.52  2.84  4.23  5.24  6.70  7.34  7.06  6.24  5.47  4.98  4.08  2.83  2.04  1.71  1.14  0.55  0.35  0.20  0.09  0.04  0.03  0.02
 2 -60  0.03  0.10  0.16  0.33  0.64  0.95  1.54  2.88  4.28  5.32  6.92  7.83  7.70  6.92  6.02  5.43  4.33  2.80  1.93  1.61  1.05  0.52  0.33  0.19  0.09  0.05  0.03  0.02
 2 -55  0.03  0.10  0.17  0.34  0.67  0.99  1.60  2.97  4.41  5.42  7.05  8.15  8.17  7.61  6.61  5.93  4.29  2.60  1.66  1.37  0.84  0.43  0.26  0.15  0.08  0.04  0.03  0.03
 2 -50  0.03  0.10  0.17  0.34  0.67  1.00  1.61  2.98  4.39  5.36  7.08  8.47  8.69  8.18  7.12  6.40  4.22  2.37  1.29  1.05  0.61  0.32  0.18  0.09  0.06  0.04  0.03  0.03
 2 -45  0.03  0.10  0.17  0.34  0.66  0.99  1.60  3.01  4.41  5.41  7.19  8.70  9.04  8.58  7.32  6.48  4.22  2.24  1.21  0.96  0.52  0.26  0.12  0.07  0.05  0.04  0.03  0.03
 2 -40  0.03  0.10  0.17  0.33  0.66  0.99  1.61  3.08  4.44  5.45  7.25  8.88  9.33  8.98  7.55  6.58  4.21  2.09  1.11  0.86  0.43  0.21  0.09  0.06  0.05  0.04  0.04  0.03
 2 -35  0.03  0.10  0.17  0.33  0.66  0.99  1.62  3.11  4.52  5.54  7.38  9.06  9.56  9.23  7.73  6.70  4.11  1.83  0.89  0.68  0.32  0.13  0.07  0.05  0.04  0.04  0.04  0.03
 2 -30  0.03  0.10  0.17  0.33  0.67  0.99  1.63  3.16  4.58  5.60  7.48  9.23  9.77  9.50  7.87  6.77  4.00  1.59  0.68  0.51  0.22  0.08  0.05  0.04  0.04  0.04  0.04  0.03
 2 -25  0.03  0.10  0.17  0.33  0.66  0.98  1.62  3.14  4.61  5.65  7.54  9.49 10.10  9.88  8.02  6.76  3.87  1.46  0.55  0.41  0.17  0.06  0.04  0.04  0.04  0.04  0.04  0.03
 2 -20  0.03  0.10  0.16  0.32  0.64  0.96  1.59  3.15  4.61  5.65  7.64  9.79 10.44 10.20  8.17  6.76  3.76  1.31  0.42  0.32  0.13  0.04  0.04  0.03  0.04  0.04  0.04  0.03
 2 -15  0.03  0.10  0.16  0.32  0.63  0.94  1.56  3.08  4.56  5.69  7.77 10.00 10.68 10.46  8.32  6.86  3.71  1.20  0.38  0.29  0.13  0.04  0.03  0.03  0.03  0.04  0.03  0.03
 2 -10  0.03  0.09  0.15  0.31  0.62  0.93  1.54  3.05  4.56  5.71  7.98 10.26 11.00 10.75  8.52  6.98  3.66  1.08  0.34  0.27  0.08  0.03  0.03  0.03  0.03  0.03  0.03  0.03
 2  -5  0.03  0.09  0.15  0.31  0.61  0.92  1.52  3.02  4.52  5.68  8.01 10.27 10.95 10.68  8.28  6.60  3.53  1.05  0.33  0.27  0.06  0.03  0.03  0.03  0.03  0.03  0.03  0.02
 2   0  0.03  0.10  0.17  0.33  0.65  0.96  1.57  2.95  4.49  5.64  8.01 10.25 10.85 10.61  8.04  6.23  3.41  1.05  0.32  0.27  0.06  0.03  0.03  0.03  0.03  0.03  0.03  0.03
 2   5  0.03  0.10  0.16  0.33  0.65  0.96  1.57  3.00  4.54  5.70  7.92 10.04 10.61 10.29  8.01  6.43  3.54  1.17  0.38  0.31  0.05  0.03  0.03  0.03  0.03  0.04  0.04  0.03
 2  10  0.03  0.10  0.16  0.33  0.65  0.97  1.59  3.05  4.62  5.79  7.90  9.84 10.33  9.96  7.98  6.66  3.68  1.27  0.44  0.34  0.06  0.03  0.03  0.03  0.03  0.04  0.04  0.04
 2  15  0.03  0.10  0.17  0.33  0.65  0.97  1.60  3.09  4.67  5.84  7.81  9.52  9.91  9.50  7.80  6.66  3.86  1.36  0.46  0.35  0.06  0.04  0.04  0.04  0.04  0.04  0.05  0.04
 2  20  0.03  0.10  0.17  0.34  0.68  1.00  1.64  3.11  4.71  5.90  7.76  9.23  9.46  9.04  7.62  6.67  4.05  1.42  0.48  0.37  0.08  0.05  0.04  0.04  0.04  0.05  0.05  0.04
 2  25  0.03  0.10  0.17  0.35  0.69  1.02  1.68  3.22  4.84  6.06  7.84  8.96  9.03  8.57  7.38  6.61  4.38  1.60  0.61  0.47  0.20  0.06  0.05  0.05  0.05  0.05  0.05  0.04
 2  30  0.04  0.11  0.18  0.37  0.72  1.07  1.75  3.29  4.98  6.20  7.86  8.70  8.59  8.07  7.13  6.52  4.69  1.87  0.78  0.60  0.28  0.18  0.09  0.07  0.06  0.05  0.05  0.05
 2  35  0.04  0.12  0.19  0.39  0.76  1.13  1.83  3.43  5.20  6.45  7.89  8.47  8.23  7.67  6.95  6.50  5.04  2.47  1.22  0.96  0.52  0.34  0.23  0.11  0.08  0.06  0.05  0.05
 2  40  0.04  0.12  0.21  0.41  0.81  1.19  1.93  3.57  5.43  6.70  7.95  8.22  7.87  7.33  6.81  6.45  5.36  3.09  1.67  1.35  0.79  0.52  0.32  0.15  0.09  0.06  0.05  0.05
 2  45  0.04  0.13  0.21  0.42  0.84  1.24  2.02  3.78  5.65  6.89  7.86  7.96  7.61  7.09  6.66  6.43  5.52  3.45  2.04  1.69  1.07  0.65  0.37  0.22  0.10  0.06  0.05  0.05
 2  50  0.04  0.13  0.22  0.44  0.87  1.30  2.12  4.01  5.87  7.05  7.82  7.76  7.41  6.95  6.62  6.42  5.65  3.80  2.41  2.02  1.34  0.76  0.42  0.23  0.10  0.06  0.05  0.05
 2  55  0.05  0.14  0.23  0.46  0.91  1.35  2.21  4.16  5.88  6.97  7.63  7.60  7.28  6.87  6.49  6.24  5.63  3.90  2.57  2.18  1.51  0.80  0.45  0.25  0.11  0.06  0.05  0.05
 2  60  0.05  0.15  0.24  0.48  0.96  1.42  2.32  4.37  6.10  7.16  7.68  7.55  7.21  6.77  6.42  6.19  5.68  4.04  2.77  2.36  1.66  0.84  0.49  0.27  0.12  0.06  0.05  0.05
 2  65  0.05  0.15  0.24  0.49  0.96  1.43  2.32  4.36  5.93  6.92  7.47  7.50  7.25  6.87  6.45  6.16  5.55  3.95  2.84  2.44  1.74  0.88  0.47  0.27  0.11  0.06  0.05  0.05
 2  70  0.05  0.15  0.24  0.49  0.96  1.42  2.31  4.32  5.75  6.67  7.26  7.44  7.28  6.96  6.47  6.13  5.42  3.84  2.90  2.50  1.83  0.92  0.46  0.27  0.12  0.06  0.05  0.05
 2  75  0.05  0.15  0.24  0.48  0.95  1.40  2.27  4.24  5.48  6.29  7.14  7.64  7.60  7.28  6.70  6.30  5.46  3.80  2.94  2.52  1.85  0.95  0.48  0.27  0.13  0.07  0.05  0.05
 2  80  0.05  0.14  0.24  0.47  0.93  1.38  2.24  4.15  5.22  5.91  7.01  7.82  7.91  7.61  6.94  6.45  5.49  3.74  2.96  2.54  1.87  0.99  0.50  0.28  0.13  0.07  0.06  0.05
 2  85  0.05  0.14  0.24  0.47  0.93  1.38  2.23  4.14  5.20  5.89  7.00  7.83  7.94  7.65  6.99  6.50  5.51  3.74  2.95  2.53  1.86  0.99  0.50  0.28  0.14  0.07  0.06  0.05
 2  90  0.05  0.14  0.23  0.47  0.92  1.36  2.20  4.08  5.13  5.80  6.93  7.87  8.05  7.78  7.16  6.66  5.59  3.72  2.94  2.52  1.86  1.01  0.51  0.28  0.14  0.07  0.06  0.05
 3 -90  0.05  0.14  0.24  0.47  0.93  1.37  2.20  3.99  5.14  5.81  5.78  5.32  4.91  4.37  3.81  3.45  3.39  2.73  2.20  1.90  1.35  0.68  0.39  0.23  0.11  0.04  0.03  0.02
 3 -85  0.05  0.15  0.24  0.48  0.94  1.39  2.24  4.09  5.33  6.05  6.06  5.55  5.08  4.51  3.94  3.59  3.49  2.74  2.15  1.84  1.29  0.63  0.36  0.22  0.11  0.04  0.03  0.02
 3 -80  0.05  0.15  0.24  0.48  0.94  1.39  2.23  4.07  5.41  6.17  6.17  5.59  5.08  4.49  3.93  3.58  3.50  2.75  2.15  1.83  1.28  0.63  0.36  0.21  0.11  0.04  0.03  0.02
 3 -75  0.05  0.14  0.23  0.46  0.90  1.32  2.13  3.90  5.47  6.40  6.72  6.18  5.58  4.88  4.24  3.84  3.61  2.77  2.13  1.80  1.23  0.60  0.35  0.20  0.10  0.04  0.03  0.02
 3 -70  0.04  0.13  0.22  0.43  0.85  1.26  2.03  3.72  5.48  6.59  7.27  6.77  6.09  5.28  4.55  4.09  3.69  2.79  2.11  1.77  1.18  0.58  0.34  0.20  0.10  0.04  0.03  0.02
 3 -65  0.04  0.13  0.21  0.42  0.82  1.21  1.96  3.60  5.42  6.62  7.57  7.30  6.68  5.85  5.16  4.72  3.90  2.78  2.00  1.67  1.10  0.55  0.32  0.19  0.09  0.04  0.03  0.03
 3 -60  0.04  0.12  0.20  0.40  0.79  1.17  1.89  3.49  5.34  6.59  7.84  7.84  7.30  6.44  5.77  5.35  4.10  2.76  1.87  1.56  1.02  0.52  0.30  0.18  0.08  0.05  0.03  0.03
 3 -55  0.04  0.12  0.20  0.40  0.79  1.16  1.88  3.47  5.29  6.52  7.92  8.20  7.80  7.07  6.34  5.86  4.32  2.64  1.64  1.36  0.84  0.42  0.24  0.14  0.07  0.04  0.03  0.03
 3 -50  0.04  0.12  0.20  0.39  0.77  1.14  1.83  3.36  5.10  6.29  7.88  8.56  8.34  7.58  6.80  6.31  4.50  2.47  1.33  1.09  0.65  0.31  0.18  0.08  0.06  0.04  0.03  0.03
 3 -45  0.04  0.11  0.19  0.38  0.74  1.10  1.78  3.30  4.98  6.17  7.87  8.80  8.72  8.02  6.86  6.12  4.30  2.32  1.20  0.98  0.56  0.25  0.11  0.06  0.05  0.04  0.03  0.03
 3 -40  0.04  0.11  0.19  0.37  0.73  1.08  1.75  3.27  4.88  6.04  7.80  8.96  9.06  8.49  6.99  5.99  4.10  2.15  1.08  0.86  0.47  0.20  0.09  0.05  0.04  0.04  0.03  0.03
 3 -35  0.04  0.11  0.18  0.36  0.71  1.05  1.72  3.26  4.85  5.99  7.80  9.11  9.34  8.90  7.52  6.58  4.09  1.90  0.86  0.67  0.34  0.13  0.07  0.05  0.04  0.04  0.03  0.03
 3 -30  0.04  0.11  0.18  0.35  0.70  1.04  1.70  3.24  4.82  5.93  7.77  9.25  9.62  9.32  8.03  7.13  4.10  1.67  0.65  0.49  0.21  0.08  0.05  0.04  0.04  0.04  0.04  0.03
 3 -25  0.03  0.10  0.17  0.34  0.68  1.02  1.67  3.19  4.73  5.82  7.65  9.41  9.94  9.75  8.23  7.16  3.95  1.42  0.49  0.37  0.15  0.06  0.04  0.04  0.04  0.04  0.04  0.03
 3 -20  0.03  0.10  0.17  0.33  0.66  0.98  1.62  3.14  4.61  5.64  7.55  9.63 10.30 10.14  8.41  7.19  3.81  1.16  0.34  0.26  0.09  0.04  0.03  0.03  0.03  0.04  0.04  0.03
 3 -15  0.03  0.10  0.16  0.32  0.64  0.96  1.58  3.05  4.44  5.49  7.44  9.71 10.54 10.50  8.47  7.06  3.77  1.13  0.34  0.26  0.10  0.03  0.03  0.03  0.03  0.03  0.03  0.03
 3 -10  0.03  0.10  0.16  0.32  0.63  0.94  1.54  2.99  4.34  5.35  7.41  9.83 10.84 10.87  8.57  6.94  3.72  1.09  0.33  0.26  0.11  0.03  0.03  0.03  0.03  0.03  0.03  0.03
 3  -5  0.03  0.09  0.16  0.31  0.62  0.93  1.52  2.95  4.26  5.26  7.37  9.82 10.85 10.89  8.51  6.82  3.67  1.07  0.33  0.26  0.06  0.03  0.03  0.03  0.03  0.03  0.03  0.02
 3   0  0.03  0.10  0.17  0.33  0.65  0.96  1.55  2.87  4.19  5.16  7.30  9.76 10.78 10.87  8.44  6.70  3.62  1.08  0.33  0.27  0.12  0.03  0.03  0.03  0.03  0.03  0.03  0.03
 3   5  0.03  0.10  0.16  0.33  0.65  0.96  1.56  2.94  4.28  5.30  7.35  9.71 10.64 10.60  8.35  6.79  3.70  1.17  0.37  0.30  0.06  0.03  0.03  0.03  0.03  0.04  0.04  0.03
 3  10  0.03  0.10  0.16  0.32  0.64  0.96  1.57  3.01  4.42  5.47  7.46  9.66 10.45 10.33  8.27  6.89  3.79  1.25  0.42  0.33  0.06  0.03  0.03  0.03  0.03  0.04  0.04  0.04
 3  15  0.03  0.10  0.16  0.33  0.65  0.97  1.59  3.07  4.51  5.59  7.48  9.48 10.11  9.89  7.96  6.68  3.88  1.30  0.42  0.33  0.07  0.04  0.03  0.03  0.04  0.04  0.05  0.05
 3  20  0.03  0.10  0.17  0.34  0.67  1.00  1.64  3.11  4.60  5.72  7.56  9.30  9.74  9.45  7.63  6.46  3.98  1.33  0.42  0.34  0.14  0.05  0.04  0.04  0.04  0.05  0.05  0.05
 3  25  0.03  0.10  0.17  0.34  0.68  1.02  1.66  3.18  4.71  5.88  7.73  9.17  9.43  9.04  7.49  6.51  4.28  1.62  0.60  0.47  0.24  0.07  0.06  0.06  0.05  0.05  0.05  0.05
 3  30  0.04  0.11  0.18  0.36  0.70  1.05  1.71  3.22  4.83  6.02  7.85  9.05  9.11  8.62  7.34  6.54  4.56  2.00  0.81  0.65  0.36  0.22  0.11  0.08  0.06  0.05  0.05  0.05
 3  35  0.04  0.11  0.19  0.37  0.73  1.08  1.75  3.28  4.99  6.24  8.01  8.94  8.82  8.23  7.18  6.53  4.75  2.49  1.24  1.02  0.63  0.39  0.26  0.11  0.08  0.06  0.05  0.05
 3  40  0.04  0.12  0.19  0.38  0.76  1.12  1.81  3.32  5.14  6.46  8.20  8.81  8.51  7.87  7.06  6.53  4.92  2.99  1.68  1.41  0.93  0.57  0.35  0.16  0.10  0.06  0.05  0.05
 3  45  0.04  0.12  0.20  0.39  0.77  1.14  1.85  3.43  5.31  6.66  8.20  8.56  8.20  7.55  6.82  6.39  5.19  3.35  2.02  1.71  1.16  0.71  0.41  0.23  0.11  0.06  0.05  0.05
 3  50  0.04  0.12  0.20  0.39  0.78  1.16  1.89  3.56  5.50  6.85  8.24  8.39  7.97  7.33  6.67  6.25  5.43  3.70  2.35  2.00  1.39  0.84  0.47  0.26  0.12  0.07  0.06  0.05
 3  55  0.04  0.12  0.21  0.41  0.81  1.20  1.95  3.66  5.57  6.88  8.09  8.18  7.74  7.14  6.54  6.16  5.48  3.87  2.57  2.20  1.55  0.91  0.52  0.28  0.13  0.07  0.06  0.05
 3  60  0.04  0.13  0.22  0.43  0.85  1.26  2.05  3.86  5.86  7.17  8.18  8.09  7.59  6.92  6.46  6.18  5.60  4.10  2.83  2.42  1.70  0.97  0.56  0.31  0.13  0.07  0.06  0.05
 3  65  0.05  0.14  0.22  0.45  0.88  1.31  2.13  3.99  5.87  7.08  7.95  7.88  7.42  6.81  6.34  6.06  5.52  4.16  2.96  2.55  1.85  1.02  0.59  0.33  0.13  0.07  0.06  0.05
 3  70  0.05  0.14  0.23  0.46  0.91  1.35  2.19  4.11  5.86  6.99  7.75  7.69  7.26  6.70  6.22  5.94  5.46  4.22  3.07  2.67  1.99  1.08  0.63  0.36  0.13  0.07  0.06  0.05
 3  75  0.05  0.14  0.23  0.46  0.92  1.36  2.21  4.13  5.73  6.77  7.54  7.65  7.35  6.87  6.23  5.83  5.42  4.27  3.13  2.71  2.02  1.11  0.62  0.35  0.15  0.07  0.06  0.05
 3  80  0.05  0.14  0.23  0.47  0.92  1.36  2.21  4.13  5.59  6.56  7.34  7.61  7.42  7.02  6.23  5.72  5.37  4.32  3.17  2.75  2.05  1.14  0.62  0.35  0.14  0.08  0.06  0.05
 3  85  0.05  0.14  0.23  0.46  0.92  1.36  2.21  4.12  5.57  6.56  7.36  7.63  7.44  7.04  6.28  5.78  5.42  4.35  3.19  2.75  2.04  1.14  0.62  0.34  0.14  0.08  0.06  0.05
 3  90  0.05  0.14  0.23  0.46  0.90  1.33  2.16  4.03  5.44  6.42  7.25  7.60  7.48  7.17  6.45  5.96  5.58  4.44  3.27  2.82  2.10  1.17  0.62  0.34  0.14  0.08  0.06  0.05
 4 -90  0.06  0.18  0.29  0.58  1.13  1.65  2.59  4.43  5.22  5.70  5.88  5.47  4.97  4.32  3.63  3.26  2.96  2.90  2.24  1.89  1.28  0.61  0.36  0.19  0.09  0.04  0.03  0.02
 4 -85  0.06  0.18  0.30  0.60  1.17  1.70  2.69  4.62  5.52  6.03  6.18  5.74  5.16  4.45  3.74  3.36  3.06  2.93  2.22  1.86  1.25  0.58  0.34  0.20  0.10  0.04  0.03  0.02
 4 -80  0.06  0.19  0.31  0.61  1.18  1.73  2.73  4.71  5.62  6.13  6.24  5.74  5.16  4.44  3.73  3.36  3.06  2.94  2.23  1.86  1.25  0.58  0.34  0.20  0.10  0.04  0.03  0.03
 4 -75  0.06  0.18  0.30  0.60  1.17  1.71  2.71  4.75  6.03  6.77  6.84  6.21  5.57  4.83  4.13  3.76  3.42  2.93  2.20  1.84  1.24  0.56  0.33  0.19  0.10  0.04  0.03  0.03
 4 -70  0.06  0.18  0.29  0.58  1.14  1.67  2.66  4.74  6.40  7.39  7.42  6.66  5.98  5.22  4.57  4.19  3.78  2.93  2.17  1.82  1.23  0.55  0.32  0.19  0.08  0.04  0.03  0.03
 4 -65  0.06  0.17  0.28  0.56  1.10  1.61  2.58  4.65  6.49  7.59  7.80  7.11  6.46  5.72  5.12  4.75  4.06  2.92  2.06  1.72  1.15  0.51  0.29  0.17  0.08  0.04  0.03  0.03
 4 -60  0.05  0.16  0.27  0.53  1.05  1.55  2.49  4.52  6.53  7.77  8.15  7.55  6.94  6.20  5.67  5.31  4.34  2.89  1.94  1.60  1.05  0.47  0.26  0.15  0.08  0.04  0.03  0.03
 4 -55  0.05  0.15  0.26  0.51  1.00  1.47  2.37  4.34  6.42  7.70  8.29  7.90  7.33  6.69  6.26  5.95  4.59  2.75  1.71  1.40  0.84  0.39  0.20  0.12  0.06  0.04  0.03  0.03
 4 -50  0.05  0.15  0.24  0.48  0.94  1.39  2.23  4.08  6.15  7.46  8.36  8.27  7.78  7.05  6.74  6.53  4.80  2.56  1.41  1.13  0.63  0.31  0.14  0.08  0.05  0.04  0.03  0.03
 4 -45  0.05  0.14  0.23  0.45  0.88  1.30  2.10  3.84  5.84  7.17  8.35  8.54  8.15  7.42  6.73  6.30  4.58  2.37  1.30  1.04  0.57  0.27  0.13  0.06  0.05  0.04  0.03  0.03
 4 -40  0.04  0.13  0.21  0.42  0.83  1.23  1.99  3.64  5.56  6.88  8.30  8.78  8.52  7.82  6.78  6.09  4.34  2.17  1.20  0.95  0.52  0.23  0.09  0.05  0.04  0.03  0.03  0.03
 4 -35  0.04  0.12  0.20  0.40  0.79  1.17  1.89  3.52  5.35  6.63  8.22  8.99  8.92  8.36  7.02  6.11  4.12  1.91  1.00  0.79  0.41  0.18  0.07  0.05  0.04  0.03  0.03  0.03
 4 -30  0.04  0.12  0.19  0.38  0.75  1.12  1.82  3.40  5.14  6.35  8.08  9.18  9.31  8.90  7.28  6.14  3.90  1.66  0.80  0.62  0.31  0.09  0.05  0.04  0.04  0.03  0.03  0.03
 4 -25  0.04  0.11  0.18  0.37  0.73  1.08  1.75  3.30  4.94  6.09  7.82  9.29  9.64  9.42  7.72  6.49  3.87  1.45  0.59  0.45  0.21  0.05  0.04  0.03  0.03  0.03  0.03  0.03
 4 -20  0.04  0.11  0.18  0.35  0.70  1.04  1.69  3.21  4.72  5.76  7.56  9.45 10.03  9.90  8.14  6.83  3.86  1.24  0.38  0.29  0.11  0.04  0.03  0.03  0.03  0.03  0.03  0.03
 4 -15  0.03  0.10  0.17  0.34  0.68  1.01  1.65  3.12  4.53  5.56  7.34  9.41 10.21 10.26  8.36  7.00  3.85  1.16  0.35  0.27  0.11  0.03  0.03  0.03  0.03  0.03  0.03  0.03
 4 -10  0.03  0.10  0.17  0.34  0.67  1.00  1.62  3.06  4.40  5.39  7.24  9.43 10.43 10.63  8.62  7.17  3.83  1.07  0.31  0.25  0.11  0.03  0.03  0.03  0.03  0.03  0.03  0.03
 4  -5  0.03  0.10  0.17  0.33  0.66  0.98  1.60  3.02  4.32  5.29  7.19  9.40 10.45 10.69  8.65  7.16  3.83  1.07  0.31  0.25  0.11  0.03  0.03  0.03  0.03  0.03  0.03  0.02
 4   0  0.03  0.10  0.17  0.34  0.67  0.99  1.61  2.96  4.26  5.18  7.09  9.34 10.40 10.71  8.65  7.15  3.84  1.09  0.31  0.25  0.12  0.03  0.03  0.03  0.03  0.03  0.03  0.03
 4   5  0.03  0.10  0.17  0.34  0.67  0.99  1.61  3.01  4.33  5.31  7.20  9.40 10.32 10.44  8.50  7.10  3.91  1.19  0.46  0.36  0.14  0.03  0.03  0.03  0.03  0.03  0.03  0.03
 4  10  0.03  0.10  0.17  0.33  0.66  0.98  1.60  3.06  4.45  5.48  7.37  9.47 10.23 10.20  8.35  7.08  3.99  1.28  0.62  0.46  0.15  0.03  0.03  0.03  0.03  0.04  0.04  0.04
 4  15  0.03  0.10  0.17  0.33  0.66  0.98  1.61  3.10  4.52  5.58  7.45  9.39 10.02  9.85  8.09  6.92  4.02  1.33  0.64  0.48  0.16  0.04  0.03  0.03  0.04  0.04  0.05  0.04
 4  20  0.03  0.10  0.17  0.34  0.68  1.00  1.64  3.12  4.58  5.69  7.58  9.33  9.76  9.49  7.82  6.73  4.04  1.38  0.67  0.50  0.17  0.05  0.04  0.04  0.05  0.05  0.05  0.05
 4  25  0.03  0.10  0.17  0.34  0.68  1.01  1.65  3.13  4.61  5.75  7.66  9.26  9.60  9.24  7.70  6.75  4.27  1.60  0.76  0.58  0.26  0.09  0.06  0.06  0.05  0.05  0.05  0.05
 4  30  0.03  0.10  0.17  0.34  0.68  1.01  1.65  3.13  4.64  5.78  7.70  9.21  9.41  8.94  7.57  6.73  4.49  1.89  0.89  0.71  0.38  0.18  0.11  0.08  0.06  0.06  0.05  0.05
 4  35  0.04  0.10  0.17  0.35  0.68  1.02  1.65  3.09  4.64  5.79  7.72  9.14  9.22  8.64  7.39  6.64  4.57  2.26  1.23  1.02  0.64  0.40  0.18  0.10  0.07  0.06  0.05  0.05
 4  40  0.04  0.11  0.18  0.35  0.69  1.02  1.65  3.04  4.63  5.82  7.81  9.04  9.00  8.36  7.25  6.57  4.63  2.66  1.58  1.34  0.91  0.58  0.34  0.14  0.09  0.06  0.05  0.05
 4  45  0.04  0.11  0.18  0.35  0.69  1.02  1.65  3.06  4.66  5.88  7.80  8.84  8.71  8.03  6.96  6.35  4.74  2.99  1.87  1.59  1.10  0.70  0.41  0.18  0.10  0.06  0.05  0.05
 4  50  0.03  0.10  0.17  0.35  0.68  1.01  1.65  3.09  4.74  5.97  7.84  8.71  8.51  7.78  6.76  6.14  4.83  3.30  2.15  1.83  1.28  0.81  0.47  0.26  0.12  0.07  0.06  0.05
 4  55  0.04  0.10  0.17  0.35  0.69  1.02  1.66  3.11  4.76  5.99  7.77  8.50  8.22  7.50  6.50  5.88  4.98  3.53  2.35  2.01  1.43  0.87  0.52  0.29  0.13  0.07  0.06  0.05
 4  60  0.04  0.11  0.18  0.36  0.71  1.05  1.71  3.22  5.02  6.30  7.93  8.41  8.01  7.20  6.28  5.72  5.20  3.81  2.59  2.21  1.57  0.92  0.57  0.32  0.13  0.07  0.06  0.05
 4  65  0.04  0.11  0.18  0.36  0.72  1.07  1.74  3.28  5.07  6.31  7.73  8.05  7.63  6.84  6.11  5.68  5.20  3.90  2.76  2.36  1.67  1.01  0.65  0.37  0.14  0.07  0.06  0.05
 4  70  0.04  0.11  0.19  0.37  0.73  1.09  1.77  3.34  5.12  6.31  7.52  7.70  7.25  6.49  5.95  5.65  5.20  3.98  2.94  2.51  1.77  1.10  0.73  0.42  0.19  0.07  0.06  0.05
 4  75  0.04  0.11  0.19  0.38  0.75  1.12  1.82  3.45  5.14  6.24  7.17  7.25  6.83  6.16  5.80  5.63  5.25  4.12  3.07  2.63  1.88  1.16  0.73  0.42  0.18  0.08  0.06  0.05
 4  80  0.04  0.12  0.20  0.39  0.78  1.15  1.88  3.56  5.17  6.16  6.83  6.82  6.43  5.83  5.64  5.60  5.28  4.24  3.19  2.75  2.00  1.22  0.74  0.42  0.17  0.08  0.06  0.05
 4  85  0.04  0.12  0.20  0.40  0.78  1.16  1.90  3.60  5.20  6.16  6.81  6.83  6.46  5.86  5.68  5.63  5.32  4.29  3.22  2.77  2.01  1.22  0.74  0.42  0.17  0.08  0.06  0.05
 4  90  0.04  0.12  0.20  0.39  0.77  1.15  1.87  3.55  5.15  6.12  6.74  6.83  6.52  5.97  5.81  5.78  5.46  4.40  3.30  2.83  2.04  1.22  0.74  0.42  0.17  0.08  0.06  0.05
 5 -90  0.06  0.18  0.30  0.60  1.15  1.67  2.57  4.08  5.02  5.68  5.76  5.55  4.89  4.11  3.73  3.60  3.45  2.84  2.16  1.80  1.18  0.56  0.29  0.16  0.06  0.03  0.03  0.03
 5 -85  0.06  0.19  0.31  0.61  1.18  1.71  2.64  4.24  5.29  6.00  6.06  5.71  5.02  4.21  3.80  3.66  3.52  2.88  2.16  1.80  1.19  0.54  0.29  0.17  0.06  0.04  0.03  0.03
 5 -80  0.06  0.19  0.32  0.62  1.20  1.73  2.68  4.31  5.42  6.13  6.18  5.74  5.03  4.21  3.80  3.66  3.52  2.88  2.17  1.80  1.19  0.54  0.30  0.17  0.06  0.04  0.03  0.03
 5 -75  0.06  0.19  0.32  0.62  1.20  1.75  2.71  4.46  5.75  6.59  6.78  6.37  5.71  4.89  4.28  3.99  3.64  2.79  2.03  1.69  1.12  0.51  0.28  0.16  0.07  0.04  0.03  0.03
 5 -70  0.06  0.19  0.31  0.62  1.21  1.76  2.76  4.64  6.13  7.05  7.35  6.94  6.34  5.55  4.76  4.33  3.78  2.70  1.91  1.59  1.06  0.49  0.26  0.15  0.07  0.04  0.03  0.03
 5 -65  0.07  0.19  0.32  0.64  1.25  1.83  2.89  5.03  6.66  7.64  7.69  7.13  6.55  5.83  5.25  4.94  4.29  2.85  1.93  1.58  1.01  0.49  0.26  0.15  0.07  0.04  0.03  0.03
 5 -60  0.07  0.20  0.33  0.65  1.27  1.86  2.98  5.32  7.08  8.13  7.98  7.30  6.74  6.11  5.76  5.54  4.78  2.97  1.92  1.55  0.95  0.49  0.24  0.14  0.07  0.04  0.03  0.03
 5 -55  0.06  0.19  0.31  0.62  1.22  1.79  2.87  5.18  7.17  8.30  8.25  7.57  7.01  6.48  6.17  5.93  4.88  2.77  1.77  1.43  0.82  0.47  0.22  0.13  0.06  0.04  0.03  0.03
 5 -50  0.06  0.18  0.30  0.59  1.16  1.70  2.73  4.92  7.05  8.30  8.47  7.90  7.35  6.74  6.48  6.26  4.96  2.53  1.55  1.23  0.68  0.45  0.20  0.08  0.05  0.04  0.03  0.03
 5 -45  0.05  0.16  0.27  0.54  1.05  1.55  2.48  4.48  6.61  7.94  8.47  8.16  7.66  6.99  6.53  6.20  4.81  2.41  1.43  1.13  0.61  0.40  0.18  0.07  0.05  0.03  0.03  0.03
 5 -40  0.05  0.15  0.24  0.49  0.95  1.41  2.26  4.09  6.20  7.57  8.48  8.44  8.00  7.29  6.64  6.16  4.63  2.27  1.31  1.03  0.53  0.34  0.16  0.06  0.04  0.03  0.03  0.03
 5 -35  0.05  0.13  0.22  0.44  0.88  1.29  2.09  3.83  5.82  7.16  8.35  8.64  8.35  7.76  7.03  6.51  4.51  2.00  1.04  0.80  0.39  0.25  0.09  0.05  0.04  0.03  0.03  0.03
 5 -30  0.04  0.12  0.21  0.41  0.81  1.20  1.94  3.59  5.45  6.72  8.19  8.84  8.74  8.26  7.43  6.84  4.37  1.73  0.78  0.58  0.25  0.10  0.06  0.05  0.04  0.03  0.03  0.03
 5 -25  0.04  0.12  0.20  0.39  0.77  1.15  1.85  3.44  5.18  6.37  7.91  8.96  9.11  8.81  7.68  6.85  4.20  1.57  0.61  0.45  0.19  0.06  0.04  0.04  0.03  0.03  0.03  0.03
 5 -20  0.04  0.11  0.19  0.38  0.74  1.10  1.78  3.30  4.88  5.96  7.60  9.13  9.52  9.32  7.93  6.87  4.05  1.41  0.45  0.33  0.13  0.04  0.03  0.03  0.03  0.03  0.03  0.03
 5 -15  0.04  0.11  0.18  0.37  0.72  1.07  1.73  3.23  4.72  5.78  7.42  9.11  9.73  9.71  8.20  7.08  4.05  1.29  0.37  0.29  0.11  0.03  0.03  0.03  0.03  0.03  0.03  0.03
 5 -10  0.04  0.11  0.18  0.36  0.72  1.06  1.71  3.17  4.60  5.62  7.35  9.16  9.96 10.13  8.51  7.30  4.04  1.16  0.29  0.23  0.10  0.03  0.03  0.03  0.03  0.03  0.03  0.03
 5  -5  0.04  0.11  0.18  0.36  0.71  1.05  1.69  3.13  4.54  5.56  7.34  9.18 10.04 10.25  8.43  7.07  3.81  0.98  0.25  0.21  0.10  0.03  0.03  0.03  0.03  0.03  0.03  0.02
 5   0  0.04  0.11  0.18  0.35  0.70  1.03  1.68  3.11  4.50  5.50  7.32  9.21 10.06 10.33  8.33  6.85  3.60  0.83  0.22  0.19  0.09  0.03  0.03  0.03  0.03  0.03  0.03  0.02
 5   5  0.04  0.11  0.18  0.35  0.69  1.03  1.67  3.12  4.53  5.56  7.40  9.32 10.07 10.19  8.39  7.06  3.89  1.09  0.38  0.31  0.16  0.03  0.03  0.03  0.03  0.03  0.03  0.03
 5  10  0.03  0.10  0.17  0.34  0.68  1.01  1.65  3.15  4.60  5.67  7.53  9.43 10.08 10.08  8.44  7.26  4.17  1.34  0.54  0.44  0.22  0.03  0.03  0.03  0.03  0.04  0.04  0.03
 5  15  0.03  0.10  0.17  0.34  0.68  1.00  1.64  3.14  4.61  5.68  7.52  9.37  9.95  9.80  8.26  7.18  4.10  1.42  0.58  0.47  0.23  0.04  0.03  0.03  0.04  0.04  0.04  0.04
 5  20  0.03  0.10  0.17  0.35  0.68  1.01  1.65  3.12  4.59  5.69  7.57  9.34  9.79  9.53  8.07  7.09  4.04  1.50  0.62  0.50  0.25  0.06  0.04  0.04  0.05  0.05  0.05  0.04
 5  25  0.03  0.10  0.17  0.34  0.68  1.00  1.64  3.10  4.55  5.64  7.53  9.24  9.66  9.35  7.92  7.00  4.30  1.68  0.73  0.59  0.33  0.10  0.06  0.05  0.05  0.05  0.05  0.04
 5  30  0.03  0.10  0.17  0.34  0.66  0.99  1.61  3.06  4.50  5.59  7.47  9.15  9.50  9.13  7.75  6.88  4.55  1.91  0.87  0.71  0.41  0.17  0.09  0.07  0.06  0.05  0.05  0.05
 5  35  0.03  0.10  0.17  0.34  0.66  0.98  1.60  3.01  4.43  5.49  7.36  9.02  9.32  8.88  7.55  6.72  4.61  2.19  1.13  0.95  0.61  0.35  0.14  0.08  0.07  0.06  0.05  0.05
 5  40  0.03  0.10  0.17  0.34  0.66  0.98  1.59  2.93  4.36  5.42  7.33  8.89  9.12  8.64  7.36  6.57  4.65  2.50  1.40  1.19  0.82  0.50  0.21  0.11  0.08  0.06  0.05  0.05
 5  45  0.03  0.10  0.16  0.33  0.65  0.96  1.55  2.89  4.27  5.33  7.19  8.68  8.87  8.33  7.05  6.31  4.65  2.74  1.66  1.42  1.00  0.63  0.36  0.15  0.09  0.06  0.06  0.05
 5  50  0.03  0.10  0.16  0.32  0.63  0.93  1.52  2.87  4.24  5.28  7.12  8.51  8.66  8.07  6.82  6.08  4.63  2.97  1.91  1.64  1.17  0.75  0.45  0.19  0.11  0.07  0.06  0.05
 5  55  0.03  0.09  0.16  0.31  0.61  0.91  1.49  2.82  4.15  5.17  7.00  8.30  8.35  7.71  6.52  5.81  4.65  3.13  2.05  1.75  1.25  0.79  0.50  0.28  0.12  0.07  0.06  0.05
 5  60  0.03  0.09  0.16  0.31  0.62  0.92  1.50  2.84  4.28  5.35  7.11  8.17  8.09  7.33  6.26  5.63  4.73  3.35  2.23  1.88  1.32  0.83  0.55  0.31  0.14  0.07  0.06  0.05
 5  65  0.03  0.09  0.15  0.31  0.61  0.90  1.48  2.80  4.22  5.26  6.89  7.75  7.58  6.79  5.77  5.17  4.46  3.38  2.37  2.01  1.43  0.90  0.61  0.36  0.15  0.08  0.06  0.05
 5  70  0.03  0.09  0.15  0.30  0.60  0.89  1.45  2.76  4.15  5.16  6.68  7.36  7.07  6.25  5.27  4.70  4.19  3.42  2.51  2.14  1.54  0.97  0.67  0.42  0.24  0.08  0.06  0.05
 5  75  0.03  0.09  0.15  0.30  0.60  0.89  1.46  2.77  4.23  5.27  6.68  7.09  6.65  5.79  5.06  4.66  4.33  3.53  2.57  2.20  1.58  1.00  0.67  0.42  0.23  0.08  0.06  0.05
 5  80  0.03  0.09  0.15  0.30  0.60  0.89  1.45  2.76  4.29  5.38  6.71  6.84  6.24  5.33  4.85  4.63  4.47  3.64  2.63  2.25  1.63  1.02  0.67  0.42  0.23  0.08  0.06  0.05
 5  85  0.03  0.09  0.15  0.30  0.59  0.88  1.44  2.74  4.29  5.41  6.73  6.85  6.23  5.32  4.84  4.63  4.49  3.67  2.66  2.27  1.64  1.03  0.68  0.42  0.23  0.09  0.06  0.05
 5  90  0.03  0.09  0.15  0.29  0.58  0.86  1.41  2.68  4.20  5.33  6.68  6.84  6.24  5.30  4.76  4.54  4.46  3.73  2.69  2.28  1.61  1.02  0.69  0.43  0.23  0.09  0.06  0.05
 6 -90  0.06  0.18  0.30  0.58  1.11  1.59  2.42  3.65  4.77  5.61  5.66  5.82  5.58  4.94  4.37  4.13  3.48  2.88  2.11  1.77  1.21  0.48  0.21  0.09  0.05  0.03  0.03  0.03
 6 -85  0.06  0.18  0.30  0.59  1.14  1.64  2.50  3.82  5.06  5.94  6.05  6.01  5.69  5.08  4.50  4.20  3.56  2.91  2.12  1.77  1.21  0.47  0.21  0.09  0.05  0.03  0.03  0.03
 6 -80  0.06  0.18  0.31  0.60  1.15  1.66  2.53  3.87  5.14  6.03  6.16  6.12  5.74  5.11  4.51  4.20  3.56  2.91  2.13  1.78  1.21  0.47  0.22  0.09  0.05  0.03  0.03  0.03
 6 -75  0.06  0.19  0.31  0.61  1.17  1.69  2.59  4.07  5.40  6.32  6.65  6.70  6.29  5.61  4.83  4.40  3.72  2.91  2.11  1.77  1.21  0.47  0.21  0.10  0.06  0.04  0.03  0.03
 6 -70  0.06  0.19  0.31  0.62  1.20  1.74  2.69  4.36  5.78  6.72  7.19  7.18  6.75  6.05  5.14  4.61  3.92  2.92  2.10  1.77  1.21  0.47  0.21  0.10  0.06  0.04  0.03  0.03
 6 -65  0.07  0.19  0.32  0.63  1.23  1.79  2.81  4.70  6.25  7.25  7.48  7.21  6.74  6.08  5.43  5.06  4.33  3.03  2.11  1.77  1.19  0.51  0.25  0.10  0.06  0.04  0.03  0.03
 6 -60  0.07  0.20  0.32  0.64  1.25  1.83  2.89  4.98  6.63  7.66  7.67  7.17  6.69  6.08  5.70  5.48  4.71  3.11  2.11  1.75  1.16  0.54  0.28  0.10  0.06  0.04  0.03  0.03
 6 -55  0.06  0.19  0.32  0.63  1.24  1.82  2.91  5.16  7.05  8.16  8.00  7.32  6.80  6.33  6.06  5.86  4.85  2.94  1.93  1.60  1.02  0.52  0.29  0.09  0.05  0.04  0.03  0.03
 6 -50  0.06  0.19  0.32  0.62  1.22  1.80  2.88  5.16  7.20  8.41  8.24  7.51  7.02  6.52  6.37  6.22  4.96  2.72  1.66  1.38  0.87  0.48  0.29  0.09  0.05  0.04  0.03  0.03
 6 -45  0.06  0.17  0.29  0.57  1.11  1.64  2.62  4.69  6.77  8.07  8.35  7.86  7.35  6.76  6.39  6.11  4.86  2.60  1.54  1.27  0.80  0.44  0.27  0.08  0.05  0.04  0.03  0.03
 6 -40  0.05  0.15  0.26  0.51  1.00  1.47  2.36  4.26  6.39  7.77  8.50  8.26  7.75  7.07  6.48  6.02  4.74  2.45  1.42  1.17  0.73  0.40  0.24  0.07  0.05  0.03  0.03  0.03
 6 -35  0.05  0.14  0.23  0.46  0.91  1.34  2.15  3.93  5.94  7.26  8.32  8.43  8.09  7.50  6.84  6.36  4.78  2.17  1.10  0.89  0.53  0.29  0.12  0.07  0.05  0.04  0.03  0.03
 6 -30  0.04  0.13  0.21  0.42  0.82  1.22  1.96  3.61  5.48  6.74  8.12  8.63  8.46  7.96  7.21  6.68  4.79  1.89  0.78  0.62  0.34  0.19  0.07  0.05  0.04  0.04  0.03  0.03
 6 -25  0.04  0.12  0.20  0.40  0.79  1.17  1.89  3.47  5.24  6.46  7.93  8.75  8.75  8.39  7.47  6.78  4.55  1.65  0.60  0.47  0.23  0.06  0.04  0.04  0.04  0.04  0.04  0.03
 6 -20  0.04  0.12  0.20  0.39  0.77  1.14  1.83  3.33  4.97  6.11  7.69  8.91  9.11  8.78  7.70  6.88  4.31  1.42  0.42  0.32  0.14  0.04  0.03  0.03  0.03  0.03  0.04  0.03
 6 -15  0.04  0.12  0.19  0.38  0.75  1.11  1.79  3.29  4.88  6.01  7.61  8.98  9.36  9.17  7.86  6.90  4.10  1.32  0.40  0.31  0.13  0.04  0.03  0.03  0.03  0.03  0.03  0.03
 6 -10  0.04  0.12  0.19  0.38  0.75  1.11  1.78  3.26  4.81  5.92  7.61  9.08  9.62  9.59  8.06  6.93  3.90  1.21  0.37  0.29  0.13  0.03  0.03  0.03  0.03  0.03  0.03  0.03
 6  -5  0.04  0.11  0.19  0.38  0.75  1.10  1.77  3.23  4.78  5.89  7.65  9.15  9.77  9.79  8.24  7.12  3.95  1.14  0.33  0.27  0.13  0.03  0.03  0.03  0.03  0.03  0.03  0.03
 6   0  0.04  0.11  0.18  0.37  0.72  1.07  1.73  3.24  4.77  5.88  7.70  9.28  9.91  9.98  8.43  7.34  4.03  1.09  0.31  0.26  0.14  0.03  0.03  0.03  0.03  0.03  0.03  0.03
 6   5  0.04  0.11  0.18  0.37  0.72  1.07  1.73  3.23  4.77  5.89  7.74  9.37  9.93  9.94  8.44  7.37  4.19  1.24  0.42  0.35  0.18  0.03  0.03  0.03  0.03  0.03  0.03  0.03
 6  10  0.04  0.11  0.18  0.35  0.70  1.04  1.71  3.25  4.80  5.94  7.81  9.48  9.98  9.92  8.44  7.38  4.33  1.39  0.54  0.44  0.23  0.03  0.03  0.03  0.03  0.04  0.03  0.03
 6  15  0.04  0.11  0.18  0.35  0.70  1.04  1.70  3.23  4.77  5.89  7.75  9.41  9.87  9.68  8.19  7.16  4.25  1.47  0.57  0.46  0.24  0.04  0.03  0.04  0.04  0.04  0.04  0.03
 6  20  0.04  0.11  0.18  0.36  0.70  1.04  1.70  3.19  4.71  5.84  7.72  9.37  9.74  9.46  7.94  6.91  4.18  1.55  0.61  0.50  0.26  0.06  0.04  0.04  0.05  0.05  0.04  0.04
 6  25  0.04  0.11  0.18  0.35  0.69  1.02  1.67  3.15  4.63  5.74  7.61  9.23  9.62  9.31  7.94  7.06  4.36  1.67  0.65  0.53  0.29  0.08  0.05  0.05  0.05  0.05  0.05  0.04
 6  30  0.03  0.10  0.17  0.34  0.67  1.00  1.63  3.11  4.55  5.64  7.49  9.12  9.48  9.14  7.94  7.17  4.52  1.82  0.70  0.57  0.32  0.13  0.07  0.05  0.05  0.05  0.05  0.04
 6  35  0.03  0.10  0.17  0.34  0.67  0.99  1.61  3.03  4.44  5.49  7.31  8.94  9.27  8.90  7.67  6.87  4.53  2.08  0.98  0.80  0.48  0.19  0.10  0.07  0.06  0.05  0.05  0.04
 6  40  0.03  0.10  0.17  0.33  0.66  0.97  1.58  2.94  4.33  5.35  7.20  8.75  9.03  8.65  7.38  6.56  4.53  2.36  1.26  1.04  0.65  0.37  0.16  0.09  0.07  0.06  0.05  0.05
 6  45  0.03  0.10  0.16  0.32  0.64  0.94  1.53  2.86  4.18  5.18  6.97  8.47  8.75  8.34  7.06  6.28  4.56  2.56  1.48  1.24  0.82  0.49  0.28  0.13  0.08  0.06  0.05  0.05
 6  50  0.03  0.09  0.15  0.31  0.61  0.90  1.48  2.81  4.09  5.05  6.80  8.25  8.50  8.05  6.79  6.03  4.57  2.75  1.69  1.43  0.98  0.61  0.37  0.15  0.09  0.06  0.06  0.05
 6  55  0.03  0.09  0.15  0.30  0.59  0.87  1.43  2.73  3.92  4.84  6.56  7.97  8.16  7.67  6.47  5.75  4.40  2.85  1.78  1.50  1.04  0.65  0.41  0.18  0.10  0.07  0.06  0.05
 6  60  0.03  0.09  0.15  0.29  0.58  0.87  1.42  2.71  3.98  4.92  6.54  7.76  7.85  7.23  6.18  5.55  4.28  2.99  1.92  1.60  1.08  0.69  0.46  0.27  0.12  0.07  0.06  0.05
 6  65  0.03  0.09  0.14  0.29  0.57  0.84  1.38  2.64  3.88  4.78  6.31  7.38  7.36  6.69  5.64  5.00  4.00  3.00  2.03  1.70  1.18  0.73  0.51  0.30  0.13  0.07  0.06  0.05
 6  70  0.03  0.08  0.14  0.28  0.55  0.81  1.33  2.55  3.78  4.65  6.11  7.04  6.91  6.16  5.11  4.46  3.71  3.00  2.14  1.80  1.27  0.77  0.57  0.33  0.15  0.08  0.06  0.05
 6  75  0.03  0.08  0.13  0.27  0.53  0.78  1.28  2.46  3.73  4.63  6.11  6.88  6.62  5.80  4.86  4.29  3.75  3.04  2.18  1.85  1.32  0.79  0.59  0.35  0.17  0.08  0.06  0.05
 6  80  0.03  0.08  0.13  0.25  0.51  0.75  1.23  2.36  3.68  4.61  6.14  6.75  6.34  5.44  4.62  4.12  3.80  3.09  2.23  1.91  1.38  0.82  0.61  0.37  0.20  0.09  0.06  0.05
 6  85  0.03  0.08  0.13  0.25  0.50  0.75  1.23  2.35  3.67  4.61  6.14  6.75  6.33  5.43  4.62  4.13  3.80  3.10  2.23  1.91  1.39  0.82  0.62  0.37  0.20  0.09  0.07  0.05
 6  90  0.03  0.08  0.13  0.25  0.50  0.74  1.21  2.32  3.59  4.51  6.01  6.64  6.30  5.44  4.58  4.07  3.70  3.07  2.21  1.88  1.36  0.81  0.62  0.38  0.20  0.09  0.07  0.05
 7 -90  0.05  0.16  0.26  0.52  0.98  1.41  2.10  3.01  4.20  5.04  5.44  5.90  5.92  5.41  4.70  4.25  3.74  2.85  2.10  1.73  1.15  0.47  0.20  0.09  0.05  0.03  0.03  0.03
 7 -85  0.06  0.17  0.27  0.53  1.02  1.46  2.19  3.19  4.48  5.37  5.82  6.12  6.03  5.48  4.84  4.39  3.86  2.91  2.13  1.75  1.14  0.46  0.21  0.09  0.05  0.03  0.03  0.03
 7 -80  0.06  0.17  0.28  0.54  1.04  1.48  2.23  3.27  4.59  5.48  5.92  6.21  6.10  5.53  4.88  4.42  3.88  2.93  2.14  1.76  1.14  0.46  0.20  0.09  0.05  0.03  0.03  0.03
 7 -75  0.05  0.16  0.27  0.52  1.00  1.43  2.16  3.23  4.62  5.54  6.17  6.74  6.70  6.11  5.20  4.55  3.81  2.96  2.17  1.79  1.18  0.47  0.20  0.08  0.05  0.03  0.03  0.03
 7 -70  0.05  0.15  0.25  0.50  0.96  1.38  2.10  3.24  4.73  5.71  6.57  7.30  7.23  6.61  5.46  4.67  3.76  3.01  2.20  1.83  1.22  0.48  0.21  0.09  0.05  0.03  0.03  0.03
 7 -65  0.05  0.16  0.27  0.52  1.02  1.47  2.29  3.75  5.37  6.44  7.15  7.44  7.11  6.41  5.66  5.20  4.36  3.17  2.21  1.85  1.25  0.51  0.24  0.09  0.05  0.04  0.03  0.03
 7 -60  0.06  0.17  0.27  0.54  1.06  1.55  2.44  4.21  5.92  7.05  7.57  7.43  6.89  6.17  5.82  5.65  4.88  3.28  2.19  1.84  1.28  0.54  0.28  0.10  0.06  0.04  0.03  0.03
 7 -55  0.05  0.16  0.27  0.53  1.05  1.54  2.47  4.44  6.34  7.53  7.98  7.61  7.01  6.39  6.19  6.07  5.03  3.12  2.05  1.71  1.13  0.52  0.29  0.09  0.06  0.04  0.03  0.03
 7 -50  0.05  0.16  0.27  0.53  1.04  1.54  2.47  4.52  6.53  7.77  8.26  7.81  7.20  6.57  6.55  6.51  5.16  2.91  1.81  1.50  0.96  0.49  0.30  0.09  0.05  0.04  0.03  0.03
 7 -45  0.05  0.15  0.25  0.51  0.99  1.46  2.35  4.26  6.27  7.56  8.34  8.12  7.55  6.87  6.58  6.38  5.10  2.85  1.71  1.41  0.88  0.45  0.27  0.08  0.05  0.04  0.03  0.03
 7 -40  0.05  0.14  0.24  0.47  0.93  1.37  2.21  4.04  6.07  7.39  8.48  8.49  7.99  7.25  6.69  6.27  5.03  2.78  1.61  1.31  0.78  0.40  0.24  0.09  0.05  0.04  0.03  0.03
 7 -35  0.04  0.13  0.22  0.44  0.87  1.28  2.07  3.81  5.75  7.05  8.32  8.61  8.24  7.60  6.84  6.30  4.93  2.49  1.29  1.03  0.57  0.30  0.19  0.09  0.06  0.04  0.03  0.03
 7 -30  0.04  0.13  0.21  0.41  0.81  1.20  1.94  3.59  5.43  6.68  8.16  8.73  8.53  7.97  7.00  6.32  4.81  2.20  0.99  0.77  0.39  0.20  0.09  0.06  0.05  0.04  0.04  0.03
 7 -25  0.04  0.12  0.20  0.40  0.80  1.18  1.89  3.46  5.25  6.50  8.06  8.86  8.74  8.26  7.26  6.55  4.61  1.87  0.74  0.57  0.27  0.07  0.05  0.04  0.04  0.04  0.04  0.04
 7 -20  0.04  0.12  0.20  0.40  0.79  1.16  1.85  3.34  5.04  6.24  7.90  8.99  9.01  8.53  7.48  6.74  4.41  1.57  0.51  0.39  0.17  0.05  0.04  0.03  0.03  0.04  0.04  0.04
 7 -15  0.04  0.12  0.19  0.39  0.76  1.12  1.81  3.30  4.95  6.14  7.84  9.10  9.31  8.94  7.72  6.90  4.12  1.39  0.46  0.36  0.17  0.04  0.03  0.03  0.03  0.03  0.04  0.04
 7 -10  0.04  0.12  0.19  0.38  0.75  1.11  1.79  3.27  4.89  6.06  7.86  9.24  9.63  9.43  8.04  7.09  3.81  1.18  0.41  0.32  0.16  0.03  0.03  0.03  0.03  0.03  0.03  0.03
 7  -5  0.04  0.12  0.19  0.38  0.75  1.11  1.78  3.24  4.84  6.02  7.87  9.31  9.82  9.69  8.08  7.01  3.85  1.14  0.40  0.32  0.17  0.03  0.03  0.03  0.03  0.03  0.03  0.03
 7   0  0.04  0.11  0.18  0.36  0.71  1.06  1.73  3.26  4.85  6.02  7.93  9.48 10.03  9.95  8.17  6.97  3.93  1.12  0.40  0.33  0.17  0.03  0.03  0.03  0.03  0.03  0.03  0.03
 7   5  0.04  0.11  0.18  0.37  0.72  1.07  1.74  3.25  4.85  6.02  7.96  9.55 10.04  9.96  8.34  7.22  4.18  1.32  0.52  0.41  0.20  0.03  0.03  0.03  0.03  0.03  0.03  0.02
 7  10  0.04  0.11  0.18  0.36  0.71  1.05  1.72  3.28  4.88  6.05  8.01  9.63 10.08  9.97  8.48  7.44  4.39  1.52  0.64  0.49  0.22  0.03  0.03  0.03  0.03  0.03  0.03  0.03
 7  15  0.04  0.11  0.18  0.36  0.71  1.06  1.73  3.27  4.86  6.01  7.94  9.53  9.91  9.69  8.28  7.29  4.37  1.59  0.66  0.50  0.22  0.04  0.03  0.03  0.04  0.04  0.04  0.03
 7  20  0.04  0.11  0.18  0.37  0.72  1.07  1.74  3.25  4.81  5.98  7.90  9.46  9.76  9.47  8.07  7.12  4.38  1.65  0.68  0.53  0.24  0.05  0.04  0.04  0.04  0.05  0.04  0.03
 7  25  0.04  0.11  0.18  0.36  0.71  1.05  1.71  3.23  4.77  5.91  7.78  9.29  9.61  9.30  7.91  6.99  4.37  1.78  0.73  0.56  0.25  0.08  0.05  0.05  0.05  0.05  0.04  0.04
 7  30  0.04  0.11  0.18  0.35  0.70  1.03  1.69  3.22  4.72  5.85  7.68  9.16  9.44  9.12  7.76  6.86  4.36  1.92  0.78  0.60  0.27  0.10  0.06  0.05  0.05  0.05  0.05  0.04
 7  35  0.04  0.11  0.17  0.35  0.69  1.02  1.67  3.15  4.61  5.69  7.49  8.94  9.21  8.86  7.57  6.71  4.38  2.06  0.96  0.75  0.38  0.13  0.07  0.06  0.06  0.05  0.05  0.04
 7  40  0.03  0.10  0.17  0.34  0.68  1.00  1.63  3.07  4.50  5.56  7.35  8.73  8.95  8.59  7.36  6.53  4.39  2.21  1.14  0.91  0.50  0.18  0.10  0.07  0.06  0.05  0.05  0.04
 7  45  0.03  0.10  0.17  0.33  0.66  0.97  1.58  2.97  4.33  5.35  7.10  8.45  8.66  8.26  7.03  6.25  4.41  2.38  1.29  1.06  0.65  0.33  0.16  0.10  0.07  0.06  0.05  0.04
 7  50  0.03  0.10  0.16  0.32  0.63  0.93  1.52  2.89  4.21  5.19  6.91  8.20  8.39  7.95  6.74  5.99  4.41  2.54  1.45  1.21  0.80  0.45  0.27  0.13  0.09  0.06  0.05  0.04
 7  55  0.03  0.09  0.15  0.30  0.60  0.89  1.46  2.80  4.03  4.97  6.67  7.94  8.06  7.57  6.34  5.57  4.22  2.60  1.55  1.30  0.88  0.52  0.33  0.16  0.10  0.07  0.05  0.04
 7  60  0.03  0.09  0.15  0.30  0.59  0.88  1.44  2.77  4.08  5.04  6.64  7.73  7.75  7.14  5.98  5.26  4.10  2.73  1.70  1.41  0.97  0.58  0.38  0.18  0.11  0.07  0.05  0.04
 7  65  0.03  0.09  0.14  0.29  0.57  0.85  1.39  2.67  3.94  4.86  6.36  7.30  7.22  6.55  5.40  4.68  3.75  2.75  1.79  1.50  1.05  0.62  0.43  0.26  0.12  0.07  0.06  0.04
 7  70  0.03  0.08  0.14  0.28  0.55  0.81  1.34  2.57  3.80  4.67  6.08  6.88  6.70  5.97  4.83  4.10  3.41  2.76  1.89  1.59  1.13  0.65  0.47  0.28  0.13  0.07  0.06  0.05
 7  75  0.03  0.08  0.13  0.26  0.52  0.78  1.28  2.46  3.73  4.62  6.01  6.65  6.35  5.56  4.57  3.93  3.41  2.83  1.96  1.65  1.17  0.66  0.50  0.30  0.14  0.08  0.06  0.05
 7  80  0.03  0.08  0.13  0.25  0.50  0.74  1.22  2.34  3.66  4.58  5.99  6.45  6.01  5.16  4.31  3.77  3.40  2.87  2.02  1.70  1.20  0.67  0.52  0.31  0.16  0.08  0.06  0.04
 7  85  0.03  0.08  0.12  0.25  0.49  0.74  1.21  2.32  3.66  4.58  5.98  6.43  5.99  5.15  4.31  3.79  3.41  2.88  2.03  1.70  1.20  0.67  0.53  0.31  0.17  0.08  0.06  0.04
 7  90  0.02  0.07  0.12  0.25  0.49  0.73  1.20  2.31  3.58  4.51  5.90  6.31  5.90  5.11  4.28  3.76  3.34  2.84  2.02  1.68  1.18  0.67  0.54  0.32  0.18  0.08  0.06  0.04
 8 -90  0.04  0.13  0.21  0.42  0.81  1.16  1.75  2.61  3.65  4.38  5.35  6.64  6.71  6.17  5.03  3.94  3.18  2.71  1.99  1.65  1.11  0.46  0.17  0.08  0.05  0.03  0.03  0.03
 8 -85  0.05  0.14  0.22  0.44  0.84  1.21  1.84  2.79  4.01  4.81  5.79  6.85  6.89  6.22  5.11  4.14  3.38  2.83  2.05  1.69  1.12  0.45  0.17  0.08  0.05  0.03  0.03  0.03
 8 -80  0.05  0.14  0.23  0.45  0.87  1.24  1.90  2.91  4.20  5.03  5.98  6.95  6.96  6.28  5.18  4.22  3.46  2.89  2.08  1.72  1.13  0.46  0.17  0.08  0.05  0.03  0.03  0.03
 8 -75  0.05  0.14  0.24  0.47  0.90  1.31  2.02  3.26  4.63  5.50  6.35  7.01  6.98  6.42  5.42  4.59  3.74  3.05  2.18  1.81  1.21  0.48  0.17  0.08  0.05  0.04  0.03  0.03
 8 -70  0.05  0.14  0.24  0.47  0.92  1.34  2.11  3.56  5.01  5.93  6.72  7.12  7.01  6.51  5.53  4.85  4.00  3.24  2.31  1.92  1.30  0.52  0.17  0.08  0.05  0.04  0.03  0.03
 8 -65  0.05  0.14  0.23  0.46  0.90  1.33  2.11  3.72  5.31  6.35  7.22  7.48  7.23  6.59  5.78  5.35  4.54  3.47  2.34  1.94  1.29  0.54  0.18  0.08  0.05  0.04  0.03  0.03
 8 -60  0.05  0.14  0.23  0.45  0.89  1.32  2.12  3.85  5.55  6.67  7.60  7.68  7.29  6.56  6.03  5.79  4.94  3.56  2.30  1.91  1.26  0.56  0.29  0.09  0.05  0.04  0.03  0.03
 8 -55  0.05  0.14  0.23  0.45  0.89  1.32  2.15  4.04  5.92  7.12  8.05  8.00  7.54  6.89  6.37  6.06  5.10  3.48  2.21  1.85  1.21  0.55  0.30  0.09  0.06  0.04  0.03  0.03
 8 -50  0.05  0.14  0.23  0.45  0.90  1.33  2.18  4.12  6.10  7.38  8.41  8.38  7.89  7.18  6.71  6.39  5.32  3.38  2.01  1.69  1.12  0.54  0.32  0.10  0.06  0.04  0.03  0.03
 8 -45  0.05  0.14  0.23  0.45  0.89  1.32  2.14  3.98  5.96  7.28  8.44  8.59  8.13  7.38  6.70  6.26  5.23  3.22  1.85  1.54  1.01  0.50  0.30  0.10  0.06  0.04  0.04  0.03
 8 -40  0.04  0.13  0.22  0.44  0.87  1.29  2.10  3.89  5.87  7.20  8.53  8.84  8.46  7.69  6.78  6.17  5.13  3.07  1.71  1.41  0.89  0.45  0.29  0.10  0.06  0.04  0.04  0.03
 8 -35  0.04  0.13  0.21  0.42  0.83  1.23  2.00  3.71  5.63  6.96  8.44  8.94  8.62  7.89  6.89  6.22  4.98  2.72  1.35  1.09  0.65  0.33  0.23  0.09  0.06  0.04  0.04  0.04
 8 -30  0.04  0.12  0.20  0.40  0.79  1.17  1.90  3.54  5.38  6.69  8.33  9.03  8.80  8.12  7.00  6.27  4.82  2.37  1.03  0.81  0.44  0.22  0.09  0.07  0.06  0.05  0.04  0.04
 8 -25  0.04  0.12  0.20  0.40  0.78  1.15  1.85  3.40  5.18  6.47  8.22  9.19  9.06  8.44  7.26  6.47  4.65  2.01  0.74  0.58  0.30  0.07  0.05  0.05  0.04  0.04  0.04  0.04
 8 -20  0.04  0.12  0.20  0.39  0.77  1.13  1.81  3.27  4.97  6.20  8.06  9.35  9.36  8.73  7.48  6.63  4.47  1.68  0.47  0.37  0.17  0.05  0.04  0.04  0.04  0.04  0.04  0.04
 8 -15  0.04  0.11  0.19  0.37  0.73  1.09  1.75  3.22  4.85  6.03  7.90  9.42  9.65  9.14  7.71  6.83  4.16  1.45  0.46  0.35  0.15  0.04  0.03  0.03  0.03  0.04  0.04  0.04
 8 -10  0.04  0.11  0.18  0.37  0.72  1.07  1.72  3.17  4.74  5.89  7.85  9.52  9.99  9.68  8.09  7.07  3.82  1.21  0.44  0.33  0.13  0.04  0.03  0.03  0.03  0.04  0.04  0.04
 8  -5  0.04  0.11  0.18  0.36  0.72  1.06  1.71  3.14  4.68  5.82  7.81  9.54 10.16  9.99  8.25  7.14  3.78  1.16  0.43  0.33  0.14  0.03  0.03  0.03  0.03  0.03  0.03  0.03
 8   0  0.03  0.10  0.17  0.34  0.68  1.01  1.66  3.16  4.67  5.80  7.85  9.70 10.40 10.30  8.46  7.27  3.79  1.13  0.43  0.33  0.14  0.03  0.03  0.03  0.03  0.03  0.03  0.03
 8   5  0.04  0.11  0.18  0.35  0.70  1.04  1.68  3.16  4.69  5.83  7.89  9.72 10.36 10.27  8.54  7.38  4.09  1.29  0.53  0.40  0.16  0.03  0.03  0.03  0.03  0.03  0.03  0.03
 8  10  0.04  0.11  0.18  0.35  0.69  1.03  1.68  3.20  4.75  5.89  7.94  9.78 10.33 10.23  8.59  7.46  4.35  1.46  0.63  0.47  0.18  0.03  0.03  0.03  0.03  0.03  0.03  0.03
 8  15  0.04  0.11  0.18  0.36  0.70  1.04  1.70  3.22  4.82  5.97  7.96  9.65 10.08  9.86  8.36  7.31  4.34  1.54  0.66  0.48  0.19  0.04  0.03  0.03  0.03  0.04  0.03  0.03
 8  20  0.04  0.11  0.18  0.37  0.72  1.07  1.74  3.23  4.85  6.03  8.00  9.58  9.86  9.57  8.13  7.13  4.34  1.62  0.69  0.51  0.20  0.05  0.04  0.04  0.04  0.04  0.04  0.03
 8  25  0.04  0.11  0.18  0.36  0.72  1.06  1.73  3.28  4.89  6.06  7.96  9.41  9.66  9.33  7.93  6.98  4.32  1.74  0.73  0.54  0.21  0.06  0.05  0.05  0.05  0.05  0.04  0.04
 8  30  0.04  0.11  0.18  0.36  0.71  1.06  1.73  3.30  4.91  6.10  7.95  9.27  9.45  9.09  7.76  6.85  4.31  1.86  0.77  0.57  0.23  0.08  0.06  0.05  0.05  0.05  0.05  0.04
 8  35  0.04  0.11  0.18  0.36  0.71  1.06  1.72  3.26  4.83  5.99  7.79  9.04  9.19  8.81  7.55  6.69  4.32  1.95  0.90  0.69  0.32  0.10  0.06  0.06  0.05  0.05  0.05  0.04
 8  40  0.04  0.11  0.18  0.35  0.70  1.04  1.70  3.22  4.77  5.90  7.68  8.82  8.91  8.51  7.32  6.51  4.31  2.06  1.02  0.79  0.41  0.13  0.08  0.06  0.06  0.05  0.05  0.04
 8  45  0.04  0.11  0.18  0.35  0.69  1.02  1.67  3.13  4.64  5.76  7.51  8.59  8.62  8.15  6.97  6.20  4.23  2.23  1.18  0.95  0.54  0.25  0.12  0.08  0.06  0.05  0.05  0.04
 8  50  0.03  0.10  0.17  0.34  0.67  1.00  1.63  3.08  4.56  5.67  7.39  8.37  8.34  7.80  6.64  5.90  4.15  2.39  1.36  1.11  0.69  0.34  0.20  0.11  0.08  0.06  0.05  0.04
 8  55  0.03  0.10  0.16  0.32  0.64  0.96  1.57  3.01  4.43  5.52  7.25  8.16  8.04  7.41  6.25  5.51  3.94  2.50  1.49  1.22  0.78  0.39  0.23  0.14  0.09  0.06  0.05  0.04
 8  60  0.03  0.10  0.16  0.32  0.64  0.95  1.56  3.01  4.53  5.65  7.30  8.01  7.75  6.96  5.91  5.25  3.82  2.66  1.68  1.37  0.87  0.44  0.28  0.16  0.10  0.06  0.05  0.04
 8  65  0.03  0.09  0.16  0.31  0.62  0.93  1.53  2.94  4.43  5.51  7.01  7.50  7.13  6.30  5.32  4.72  3.61  2.70  1.77  1.45  0.95  0.50  0.33  0.20  0.10  0.06  0.05  0.04
 8  70  0.03  0.09  0.15  0.31  0.61  0.91  1.49  2.87  4.31  5.34  6.66  6.95  6.48  5.63  4.74  4.19  3.39  2.73  1.87  1.54  1.03  0.55  0.38  0.22  0.11  0.06  0.05  0.04
 8  75  0.03  0.09  0.15  0.30  0.60  0.90  1.47  2.84  4.26  5.23  6.30  6.32  5.77  4.95  4.28  3.88  3.39  2.76  1.92  1.58  1.06  0.57  0.39  0.23  0.12  0.07  0.05  0.04
 8  80  0.03  0.09  0.15  0.30  0.60  0.89  1.46  2.82  4.23  5.16  5.99  5.72  5.08  4.28  3.83  3.58  3.39  2.78  1.96  1.62  1.10  0.60  0.40  0.24  0.13  0.07  0.05  0.04
 8  85  0.03  0.09  0.15  0.30  0.60  0.89  1.46  2.82  4.26  5.17  5.94  5.66  5.04  4.28  3.86  3.62  3.43  2.79  1.96  1.62  1.10  0.60  0.40  0.24  0.14  0.07  0.06  0.04
 8  90  0.03  0.09  0.15  0.30  0.59  0.88  1.45  2.79  4.21  5.11  5.82  5.52  4.91  4.18  3.79  3.56  3.33  2.74  1.96  1.62  1.11  0.61  0.41  0.23  0.14  0.08  0.06  0.05
 9 -90  0.04  0.13  0.21  0.42  0.81  1.18  1.86  3.18  4.57  5.51  6.06  6.32  6.10  5.72  5.16  4.47  2.85  2.10  1.61  1.37  0.95  0.45  0.11  0.06  0.04  0.03  0.03  0.03
 9 -85  0.04  0.13  0.21  0.42  0.82  1.20  1.89  3.24  4.77  5.81  6.46  6.66  6.38  5.92  5.24  4.65  3.19  2.37  1.71  1.42  0.97  0.45  0.12  0.06  0.04  0.03  0.03  0.03
 9 -80  0.04  0.13  0.21  0.42  0.83  1.21  1.90  3.25  4.84  5.93  6.64  6.81  6.48  5.97  5.27  4.71  3.30  2.48  1.78  1.48  1.00  0.46  0.14  0.06  0.05  0.03  0.03  0.03
 9 -75  0.04  0.13  0.21  0.41  0.81  1.18  1.88  3.30  4.90  6.03  7.05  7.28  6.91  6.31  5.50  4.96  3.63  2.74  1.96  1.64  1.10  0.50  0.16  0.07  0.05  0.04  0.03  0.03
 9 -70  0.04  0.12  0.20  0.40  0.78  1.15  1.84  3.32  4.89  6.00  7.31  7.61  7.25  6.60  5.63  5.05  3.81  2.94  2.13  1.79  1.21  0.55  0.19  0.08  0.05  0.04  0.03  0.03
 9 -65  0.04  0.12  0.20  0.39  0.77  1.15  1.85  3.42  5.05  6.20  7.59  7.94  7.62  7.00  6.12  5.58  4.33  3.27  2.31  1.94  1.30  0.60  0.27  0.09  0.05  0.04  0.03  0.03
 9 -60  0.04  0.12  0.20  0.40  0.78  1.16  1.89  3.53  5.24  6.45  7.89  8.26  7.92  7.28  6.60  6.16  4.80  3.46  2.36  1.99  1.35  0.64  0.31  0.09  0.06  0.04  0.03  0.03
 9 -55  0.04  0.12  0.20  0.41  0.80  1.19  1.95  3.70  5.55  6.80  8.19  8.52  8.17  7.58  6.84  6.33  5.03  3.48  2.30  1.92  1.24  0.62  0.31  0.10  0.06  0.04  0.03  0.03
 9 -50  0.04  0.12  0.21  0.41  0.81  1.21  1.98  3.79  5.70  7.00  8.43  8.84  8.51  7.85  7.07  6.55  5.33  3.55  2.18  1.79  1.11  0.59  0.31  0.10  0.06  0.04  0.04  0.03
 9 -45  0.04  0.12  0.21  0.41  0.81  1.20  1.95  3.69  5.60  6.95  8.46  8.99  8.67  7.93  6.98  6.37  5.20  3.35  1.98  1.60  0.97  0.54  0.30  0.10  0.06  0.04  0.04  0.03
 9 -40  0.04  0.12  0.20  0.40  0.80  1.19  1.93  3.62  5.54  6.89  8.54  9.17  8.89  8.10  6.97  6.24  5.06  3.16  1.81  1.44  0.84  0.48  0.29  0.09  0.06  0.04  0.04  0.04
 9 -35  0.04  0.12  0.20  0.39  0.77  1.14  1.86  3.50  5.36  6.70  8.48  9.29  9.07  8.30  7.05  6.25  4.93  2.76  1.44  1.12  0.60  0.34  0.23  0.09  0.06  0.05  0.04  0.04
 9 -30  0.04  0.11  0.19  0.38  0.74  1.10  1.80  3.39  5.18  6.47  8.39  9.40  9.26  8.52  7.14  6.26  4.77  2.37  1.10  0.84  0.39  0.21  0.10  0.07  0.06  0.05  0.04  0.04
 9 -25  0.04  0.11  0.19  0.37  0.74  1.09  1.77  3.27  4.99  6.24  8.22  9.51  9.50  8.84  7.38  6.44  4.67  2.09  0.87  0.66  0.29  0.08  0.06  0.05  0.05  0.05  0.05  0.04
 9 -20  0.04  0.11  0.19  0.37  0.72  1.07  1.73  3.18  4.79  5.99  7.99  9.61  9.77  9.13  7.59  6.59  4.58  1.82  0.65  0.49  0.20  0.05  0.04  0.04  0.04  0.04  0.05  0.04
 9 -15  0.04  0.11  0.18  0.35  0.70  1.03  1.68  3.14  4.67  5.79  7.74  9.58  9.96  9.47  7.80  6.79  4.26  1.53  0.56  0.42  0.17  0.04  0.03  0.03  0.04  0.04  0.04  0.04
 9 -10  0.03  0.10  0.17  0.34  0.68  1.01  1.65  3.11  4.56  5.63  7.61  9.57 10.22  9.96  8.13  7.02  3.89  1.23  0.46  0.34  0.14  0.04  0.03  0.03  0.03  0.04  0.04  0.04
 9  -5  0.03  0.10  0.17  0.34  0.68  1.01  1.64  3.08  4.49  5.55  7.54  9.54 10.36 10.26  8.26  7.01  3.78  1.18  0.45  0.34  0.14  0.03  0.03  0.03  0.03  0.04  0.04  0.04
 9   0  0.03  0.10  0.16  0.33  0.65  0.97  1.60  3.09  4.49  5.53  7.56  9.65 10.55 10.58  8.44  7.06  3.73  1.13  0.45  0.34  0.14  0.03  0.03  0.03  0.03  0.03  0.03  0.03
 9   5  0.03  0.10  0.17  0.34  0.67  1.00  1.63  3.09  4.53  5.58  7.60  9.65 10.46 10.51  8.55  7.27  4.03  1.27  0.51  0.39  0.15  0.03  0.03  0.03  0.03  0.03  0.03  0.03
 9  10  0.03  0.10  0.17  0.34  0.68  1.00  1.64  3.13  4.61  5.68  7.69  9.69 10.39 10.39  8.65  7.46  4.30  1.41  0.58  0.43  0.16  0.03  0.03  0.03  0.03  0.03  0.03  0.03
 9  15  0.04  0.11  0.17  0.35  0.69  1.02  1.67  3.15  4.71  5.81  7.80  9.59 10.11  9.97  8.41  7.32  4.28  1.45  0.59  0.43  0.16  0.03  0.03  0.03  0.03  0.04  0.03  0.03
 9  20  0.04  0.11  0.18  0.36  0.71  1.05  1.70  3.17  4.77  5.93  7.91  9.56  9.89  9.63  8.18  7.15  4.27  1.48  0.61  0.45  0.16  0.04  0.03  0.03  0.04  0.04  0.04  0.03
 9  25  0.04  0.11  0.18  0.35  0.70  1.04  1.70  3.24  4.86  6.04  7.94  9.38  9.64  9.32  8.05  7.15  4.31  1.57  0.63  0.46  0.18  0.06  0.04  0.04  0.04  0.04  0.04  0.04
 9  30  0.04  0.11  0.18  0.36  0.71  1.05  1.72  3.27  4.94  6.16  8.01  9.24  9.37  9.00  7.91  7.15  4.37  1.64  0.66  0.49  0.18  0.07  0.05  0.04  0.04  0.05  0.04  0.04
 9  35  0.04  0.11  0.18  0.36  0.72  1.06  1.74  3.30  4.98  6.20  7.97  9.02  9.05  8.63  7.53  6.77  4.29  1.83  0.85  0.64  0.28  0.09  0.06  0.05  0.05  0.05  0.04  0.04
 9  40  0.04  0.11  0.18  0.37  0.72  1.07  1.75  3.32  5.02  6.26  7.98  8.81  8.72  8.26  7.14  6.36  4.20  2.02  1.03  0.78  0.37  0.12  0.08  0.06  0.05  0.05  0.04  0.04
 9  45  0.04  0.11  0.19  0.37  0.73  1.08  1.77  3.32  5.05  6.31  7.97  8.59  8.37  7.81  6.74  6.04  4.16  2.20  1.19  0.94  0.50  0.22  0.11  0.08  0.06  0.05  0.05  0.04
 9  50  0.04  0.11  0.19  0.37  0.74  1.09  1.78  3.35  5.11  6.39  7.97  8.37  8.02  7.36  6.38  5.74  4.12  2.37  1.37  1.10  0.64  0.29  0.17  0.10  0.07  0.05  0.05  0.04
 9  55  0.04  0.11  0.18  0.37  0.72  1.08  1.77  3.38  5.14  6.42  7.92  8.13  7.65  6.91  5.96  5.35  3.97  2.47  1.50  1.22  0.75  0.35  0.21  0.13  0.08  0.05  0.05  0.04
 9  60  0.04  0.11  0.19  0.37  0.74  1.10  1.81  3.48  5.40  6.72  8.06  7.95  7.31  6.42  5.58  5.06  3.90  2.63  1.70  1.37  0.86  0.41  0.25  0.16  0.09  0.06  0.05  0.04
 9  65  0.04  0.11  0.19  0.38  0.76  1.13  1.85  3.56  5.46  6.72  7.77  7.43  6.71  5.82  5.03  4.54  3.69  2.63  1.80  1.48  0.95  0.47  0.30  0.18  0.09  0.06  0.04  0.04
 9  70  0.04  0.12  0.20  0.39  0.77  1.15  1.89  3.64  5.49  6.68  7.45  6.89  6.11  5.23  4.47  4.00  3.47  2.63  1.91  1.57  1.04  0.53  0.34  0.20  0.10  0.06  0.05  0.04
 9  75  0.04  0.12  0.20  0.40  0.79  1.17  1.92  3.69  5.28  6.24  6.63  6.08  5.45  4.73  4.26  3.99  3.44  2.65  1.92  1.59  1.06  0.54  0.35  0.21  0.10  0.06  0.05  0.04
 9  80  0.04  0.12  0.20  0.40  0.80  1.19  1.95  3.74  5.03  5.76  5.79  5.26  4.78  4.23  4.05  3.95  3.39  2.66  1.93  1.59  1.07  0.54  0.36  0.22  0.11  0.06  0.05  0.04
 9  85  0.04  0.12  0.20  0.41  0.81  1.20  1.97  3.78  4.97  5.63  5.66  5.22  4.78  4.26  4.07  3.97  3.39  2.66  1.93  1.60  1.07  0.54  0.36  0.22  0.11  0.06  0.05  0.04
 9  90  0.04  0.12  0.20  0.40  0.79  1.18  1.94  3.72  4.83  5.46  5.47  5.06  4.65  4.17  3.97  3.87  3.26  2.58  1.92  1.59  1.06  0.55  0.36  0.21  0.11  0.06  0.05  0.04
10 -90  0.03  0.10  0.17  0.33  0.66  0.98  1.58  2.92  4.27  5.23  6.84  7.70  7.49  6.64  5.80  5.39  4.01  2.01  1.58  1.42  1.03  0.52  0.13  0.06  0.04  0.03  0.03  0.03
10 -85  0.03  0.10  0.17  0.34  0.67  0.98  1.59  2.95  4.28  5.22  6.75  7.56  7.38  6.62  5.78  5.38  4.22  2.25  1.56  1.33  0.93  0.50  0.14  0.06  0.05  0.04  0.03  0.03
10 -80  0.03  0.10  0.17  0.33  0.66  0.97  1.58  2.92  4.23  5.16  6.70  7.53  7.38  6.66  5.74  5.31  4.19  2.30  1.60  1.38  0.96  0.51  0.16  0.07  0.05  0.04  0.03  0.03
10 -75  0.03  0.10  0.17  0.33  0.66  0.97  1.58  2.93  4.26  5.22  6.78  7.72  7.66  7.03  6.23  5.81  4.52  2.68  1.84  1.57  1.08  0.57  0.26  0.07  0.05  0.04  0.03  0.03
10 -70  0.03  0.10  0.17  0.33  0.66  0.97  1.58  2.96  4.33  5.31  6.87  7.89  7.87  7.30  6.67  6.25  4.72  2.95  2.03  1.73  1.18  0.62  0.29  0.08  0.05  0.04  0.03  0.03
10 -65  0.03  0.10  0.17  0.34  0.68  1.00  1.63  3.07  4.55  5.61  7.19  8.17  8.11  7.53  7.08  6.72  5.06  3.25  2.22  1.89  1.28  0.66  0.31  0.09  0.05  0.04  0.03  0.03
10 -60  0.04  0.11  0.18  0.35  0.70  1.03  1.69  3.18  4.78  5.93  7.54  8.47  8.38  7.78  7.46  7.23  5.43  3.48  2.29  1.93  1.29  0.67  0.33  0.10  0.06  0.04  0.03  0.03
10 -55  0.04  0.11  0.18  0.36  0.71  1.06  1.73  3.29  5.02  6.21  7.83  8.68  8.54  8.01  7.38  6.95  5.37  3.48  2.26  1.88  1.19  0.62  0.32  0.18  0.06  0.04  0.03  0.03
10 -50  0.04  0.11  0.18  0.36  0.71  1.06  1.74  3.32  5.10  6.35  8.07  8.94  8.80  8.17  7.28  6.70  5.36  3.53  2.22  1.82  1.12  0.57  0.30  0.17  0.06  0.04  0.04  0.03
10 -45  0.04  0.11  0.18  0.35  0.70  1.05  1.71  3.28  5.03  6.32  8.15  9.13  9.00  8.26  7.35  6.77  5.42  3.49  2.10  1.70  1.01  0.52  0.29  0.10  0.06  0.04  0.04  0.03
10 -40  0.04  0.11  0.18  0.35  0.70  1.04  1.70  3.25  5.00  6.27  8.23  9.34  9.24  8.44  7.48  6.89  5.49  3.46  2.00  1.60  0.92  0.47  0.27  0.09  0.06  0.05  0.04  0.04
10 -35  0.04  0.11  0.18  0.35  0.69  1.03  1.68  3.21  4.91  6.17  8.20  9.47  9.45  8.68  7.53  6.82  5.20  2.88  1.50  1.18  0.64  0.33  0.15  0.08  0.06  0.05  0.04  0.04
10 -30  0.03  0.10  0.17  0.34  0.68  1.01  1.66  3.17  4.81  6.03  8.12  9.57  9.65  8.95  7.60  6.76  4.89  2.30  1.01  0.77  0.37  0.16  0.10  0.07  0.06  0.05  0.05  0.04
10 -25  0.04  0.11  0.17  0.35  0.69  1.02  1.66  3.12  4.71  5.88  7.95  9.63  9.85  9.27  7.76  6.79  4.60  1.92  0.78  0.59  0.26  0.09  0.06  0.05  0.05  0.05  0.05  0.04
10 -20  0.03  0.10  0.17  0.34  0.68  1.01  1.64  3.10  4.60  5.72  7.75  9.65 10.04  9.56  7.89  6.80  4.31  1.54  0.57  0.43  0.17  0.05  0.04  0.04  0.04  0.05  0.05  0.04
10 -15  0.03  0.10  0.17  0.33  0.66  0.98  1.61  3.07  4.52  5.59  7.54  9.56 10.11  9.77  8.06  7.00  4.10  1.38  0.50  0.37  0.14  0.04  0.04  0.04  0.04  0.04  0.04  0.04
10 -10  0.03  0.10  0.16  0.32  0.65  0.96  1.58  3.07  4.46  5.50  7.44  9.50 10.25 10.11  8.30  7.20  3.86  1.22  0.42  0.31  0.11  0.04  0.03  0.03  0.03  0.04  0.04  0.04
10  -5  0.03  0.10  0.16  0.33  0.65  0.96  1.58  3.04  4.42  5.44  7.36  9.41 10.29 10.30  8.38  7.20  3.75  1.18  0.40  0.30  0.11  0.03  0.03  0.03  0.03  0.03  0.04  0.03
10   0  0.03  0.10  0.16  0.32  0.64  0.95  1.57  3.05  4.43  5.42  7.37  9.44 10.37 10.53  8.53  7.26  3.70  1.14  0.38  0.29  0.11  0.03  0.03  0.03  0.03  0.03  0.03  0.03
10   5  0.03  0.10  0.17  0.33  0.66  0.98  1.60  3.06  4.47  5.47  7.38  9.37 10.25 10.42  8.55  7.32  3.94  1.25  0.45  0.34  0.12  0.03  0.03  0.03  0.03  0.03  0.03  0.02
10  10  0.03  0.10  0.17  0.34  0.66  0.99  1.62  3.11  4.53  5.56  7.44  9.36 10.13 10.26  8.53  7.35  4.18  1.36  0.54  0.39  0.13  0.03  0.03  0.03  0.03  0.03  0.03  0.03
10  15  0.03  0.10  0.17  0.34  0.68  1.01  1.64  3.13  4.63  5.68  7.54  9.27  9.85  9.82  8.26  7.15  4.15  1.40  0.55  0.40  0.14  0.03  0.03  0.03  0.03  0.04  0.04  0.03
10  20  0.04  0.11  0.18  0.35  0.70  1.03  1.68  3.15  4.68  5.79  7.64  9.24  9.63  9.46  8.00  6.94  4.12  1.43  0.57  0.42  0.14  0.04  0.03  0.03  0.04  0.04  0.04  0.04
10  25  0.04  0.11  0.18  0.35  0.70  1.03  1.70  3.24  4.85  6.01  7.79  9.10  9.33  9.06  7.84  6.94  4.19  1.50  0.60  0.44  0.16  0.05  0.04  0.04  0.04  0.04  0.04  0.04
10  30  0.04  0.11  0.18  0.36  0.72  1.06  1.74  3.30  5.02  6.25  7.98  8.99  9.03  8.66  7.64  6.92  4.26  1.57  0.63  0.46  0.18  0.07  0.05  0.04  0.04  0.04  0.04  0.04
10  35  0.04  0.11  0.19  0.38  0.74  1.10  1.80  3.41  5.23  6.51  8.09  8.75  8.61  8.11  7.16  6.51  4.22  1.78  0.84  0.64  0.29  0.09  0.06  0.05  0.05  0.04  0.04  0.04
10  40  0.04  0.12  0.20  0.39  0.77  1.14  1.86  3.52  5.45  6.79  8.22  8.51  8.17  7.60  6.72  6.11  4.20  2.00  1.05  0.81  0.40  0.19  0.08  0.06  0.05  0.05  0.04  0.04
10  45  0.04  0.12  0.21  0.41  0.81  1.20  1.96  3.67  5.68  7.05  8.27  8.26  7.79  7.17  6.42  5.92  4.27  2.24  1.24  0.98  0.53  0.24  0.14  0.08  0.06  0.05  0.04  0.04
10  50  0.04  0.13  0.22  0.43  0.85  1.26  2.05  3.85  5.91  7.29  8.29  7.99  7.42  6.78  6.15  5.72  4.30  2.47  1.44  1.16  0.68  0.28  0.16  0.11  0.07  0.05  0.04  0.04
10  55  0.04  0.13  0.22  0.44  0.87  1.29  2.11  4.01  6.00  7.32  8.12  7.72  7.10  6.45  5.84  5.43  4.25  2.54  1.56  1.26  0.78  0.35  0.20  0.14  0.08  0.05  0.04  0.04
10  60  0.05  0.14  0.23  0.46  0.91  1.35  2.21  4.23  6.28  7.59  8.16  7.53  6.83  6.08  5.57  5.24  4.26  2.68  1.72  1.40  0.87  0.41  0.25  0.16  0.09  0.05  0.04  0.04
10  65  0.05  0.14  0.24  0.47  0.94  1.39  2.27  4.32  6.18  7.34  7.73  7.07  6.39  5.66  5.18  4.87  4.03  2.71  1.87  1.54  1.00  0.47  0.28  0.18  0.09  0.05  0.04  0.04
10  70  0.05  0.15  0.24  0.48  0.95  1.42  2.31  4.39  6.04  7.09  7.30  6.62  5.96  5.24  4.78  4.50  3.78  2.73  2.00  1.67  1.12  0.52  0.30  0.19  0.09  0.05  0.04  0.04
10  75  0.05  0.14  0.24  0.48  0.95  1.41  2.29  4.34  5.61  6.41  6.59  6.09  5.54  4.89  4.44  4.17  3.64  2.76  2.06  1.72  1.17  0.54  0.32  0.20  0.09  0.05  0.04  0.04
10  80  0.05  0.14  0.24  0.47  0.94  1.39  2.26  4.27  5.19  5.75  5.89  5.57  5.13  4.53  4.09  3.85  3.49  2.78  2.11  1.77  1.22  0.57  0.33  0.21  0.10  0.05  0.04  0.04
10  85  0.05  0.14  0.24  0.47  0.93  1.38  2.25  4.24  5.18  5.75  5.91  5.62  5.18  4.56  4.10  3.85  3.50  2.79  2.11  1.78  1.22  0.57  0.33  0.21  0.13  0.05  0.04  0.04
10  90  0.05  0.14  0.24  0.47  0.93  1.37  2.24  4.23  5.12  5.67  5.86  5.61  5.17  4.53  4.01  3.76  3.42  2.75  2.10  1.77  1.22  0.59  0.34  0.21  0.12  0.06  0.04  0.04
11 -90  0.03  0.09  0.14  0.28  0.56  0.83  1.35  2.56  3.77  4.62  6.06  6.99  7.34  7.32  7.08  6.74  5.47  3.33  2.41  2.14  1.49  0.68  0.31  0.17  0.05  0.04  0.03  0.02
11 -85  0.03  0.09  0.14  0.29  0.57  0.84  1.37  2.59  3.82  4.69  6.15  7.12  7.33  7.12  6.79  6.51  5.45  3.42  2.34  2.00  1.34  0.64  0.32  0.08  0.05  0.04  0.03  0.02
11 -80  0.03  0.09  0.14  0.29  0.57  0.85  1.38  2.61  3.83  4.69  6.15  7.11  7.28  7.03  6.70  6.43  5.35  3.37  2.33  2.00  1.35  0.65  0.32  0.18  0.05  0.04  0.03  0.02
11 -75  0.03  0.09  0.15  0.29  0.58  0.86  1.40  2.65  3.88  4.76  6.21  7.24  7.41  7.08  6.88  6.72  5.47  3.44  2.39  2.06  1.41  0.69  0.33  0.19  0.05  0.04  0.03  0.02
11 -70  0.03  0.09  0.15  0.29  0.58  0.86  1.41  2.67  3.92  4.84  6.29  7.39  7.55  7.15  7.05  6.99  5.55  3.42  2.37  2.05  1.44  0.74  0.36  0.20  0.06  0.04  0.03  0.02
11 -65  0.03  0.09  0.15  0.30  0.59  0.88  1.44  2.73  4.04  5.02  6.56  7.70  7.82  7.33  7.15  7.08  5.51  3.42  2.32  1.99  1.38  0.74  0.36  0.20  0.06  0.04  0.03  0.03
11 -60  0.03  0.09  0.15  0.31  0.61  0.90  1.48  2.80  4.17  5.20  6.84  8.01  8.09  7.53  7.29  7.19  5.50  3.44  2.23  1.87  1.24  0.71  0.36  0.20  0.07  0.04  0.03  0.03
11 -55  0.03  0.10  0.16  0.32  0.63  0.93  1.52  2.88  4.34  5.38  7.08  8.31  8.39  7.88  7.21  6.80  5.25  3.34  2.11  1.74  1.06  0.60  0.33  0.18  0.07  0.04  0.03  0.03
11 -50  0.03  0.10  0.16  0.32  0.63  0.93  1.53  2.91  4.37  5.42  7.25  8.64  8.77  8.17  7.11  6.42  5.03  3.26  2.00  1.61  0.94  0.49  0.28  0.11  0.06  0.04  0.03  0.03
11 -45  0.03  0.09  0.16  0.31  0.62  0.92  1.51  2.90  4.35  5.43  7.35  8.89  9.09  8.42  7.25  6.50  5.05  3.19  1.89  1.51  0.85  0.44  0.25  0.09  0.06  0.04  0.04  0.03
11 -40  0.03  0.09  0.16  0.31  0.62  0.92  1.51  2.93  4.35  5.43  7.44  9.14  9.41  8.75  7.44  6.61  5.09  3.12  1.79  1.41  0.77  0.40  0.23  0.08  0.06  0.05  0.04  0.03
11 -35  0.03  0.10  0.16  0.32  0.63  0.93  1.53  2.96  4.40  5.48  7.52  9.32  9.66  9.05  7.61  6.68  4.80  2.57  1.32  1.03  0.53  0.29  0.12  0.07  0.06  0.05  0.04  0.04
11 -30  0.03  0.10  0.16  0.32  0.63  0.94  1.55  3.00  4.43  5.50  7.56  9.43  9.86  9.38  7.78  6.75  4.49  2.03  0.87  0.66  0.30  0.15  0.09  0.06  0.05  0.05  0.04  0.04
11 -25  0.03  0.10  0.16  0.33  0.65  0.96  1.58  3.02  4.48  5.54  7.57  9.52 10.00  9.63  7.90  6.74  4.27  1.79  0.70  0.52  0.22  0.09  0.06  0.05  0.05  0.05  0.05  0.04
11 -20  0.03  0.10  0.16  0.33  0.65  0.97  1.59  3.06  4.51  5.58  7.57  9.59 10.13  9.84  7.97  6.68  4.04  1.54  0.54  0.40  0.15  0.06  0.05  0.04  0.04  0.05  0.04  0.04
11 -15  0.03  0.10  0.16  0.32  0.64  0.96  1.58  3.08  4.52  5.59  7.54  9.55 10.15  9.96  8.11  6.88  3.90  1.37  0.48  0.36  0.14  0.05  0.04  0.04  0.04  0.04  0.04  0.04
11 -10  0.03  0.10  0.16  0.32  0.63  0.95  1.58  3.12  4.57  5.64  7.59  9.55 10.25 10.15  8.30  7.09  3.76  1.20  0.41  0.31  0.13  0.04  0.03  0.03  0.03  0.04  0.04  0.04
11  -5  0.03  0.10  0.16  0.32  0.64  0.96  1.58  3.12  4.57  5.63  7.55  9.43 10.17 10.16  8.28  7.07  3.65  1.13  0.39  0.30  0.13  0.04  0.03  0.03  0.03  0.03  0.03  0.03
11   0  0.03  0.10  0.16  0.33  0.65  0.97  1.60  3.13  4.61  5.66  7.57  9.40 10.13 10.24  8.34  7.08  3.56  1.06  0.36  0.29  0.12  0.03  0.03  0.03  0.03  0.03  0.03  0.03
11   5  0.03  0.10  0.17  0.33  0.66  0.99  1.62  3.13  4.60  5.64  7.47  9.22  9.97 10.10  8.31  7.11  3.78  1.15  0.40  0.31  0.12  0.03  0.03  0.03  0.03  0.03  0.03  0.03
11  10  0.03  0.10  0.17  0.34  0.67  1.00  1.64  3.15  4.61  5.65  7.42  9.09  9.77  9.91  8.26  7.11  3.99  1.24  0.45  0.34  0.12  0.03  0.03  0.03  0.03  0.03  0.03  0.03
11  15  0.03  0.10  0.17  0.34  0.68  1.01  1.66  3.17  4.70  5.76  7.48  8.94  9.43  9.43  7.97  6.91  3.93  1.29  0.46  0.35  0.12  0.04  0.03  0.03  0.03  0.04  0.04  0.04
11  20  0.04  0.11  0.18  0.35  0.70  1.04  1.69  3.19  4.75  5.86  7.53  8.83  9.14  9.02  7.69  6.70  3.87  1.33  0.48  0.35  0.12  0.04  0.04  0.04  0.04  0.04  0.04  0.04
11  25  0.04  0.11  0.18  0.36  0.71  1.05  1.73  3.32  4.98  6.15  7.70  8.66  8.79  8.55  7.46  6.64  4.00  1.43  0.55  0.41  0.16  0.05  0.04  0.04  0.04  0.04  0.04  0.04
11  30  0.04  0.11  0.19  0.38  0.74  1.10  1.80  3.41  5.21  6.46  7.92  8.53  8.43  8.07  7.20  6.58  4.12  1.55  0.63  0.48  0.20  0.07  0.05  0.05  0.04  0.04  0.04  0.04
11  35  0.04  0.12  0.20  0.40  0.79  1.18  1.91  3.61  5.55  6.86  8.05  8.29  8.02  7.54  6.86  6.37  4.36  1.90  0.90  0.69  0.33  0.15  0.07  0.06  0.05  0.04  0.04  0.04
11  40  0.04  0.13  0.21  0.43  0.84  1.25  2.03  3.82  5.88  7.24  8.19  8.04  7.61  7.09  6.56  6.17  4.59  2.25  1.17  0.91  0.47  0.20  0.11  0.07  0.06  0.05  0.04  0.04
11  45  0.05  0.14  0.23  0.46  0.90  1.34  2.17  4.07  6.16  7.49  8.16  7.79  7.29  6.76  6.39  6.13  4.70  2.47  1.38  1.10  0.62  0.28  0.16  0.10  0.07  0.05  0.04  0.04
11  50  0.05  0.15  0.25  0.49  0.96  1.43  2.31  4.32  6.39  7.70  8.12  7.55  7.00  6.49  6.25  6.06  4.77  2.67  1.61  1.31  0.79  0.36  0.20  0.13  0.08  0.05  0.04  0.04
11  55  0.05  0.15  0.25  0.50  0.99  1.46  2.38  4.47  6.31  7.50  7.82  7.33  6.80  6.31  6.02  5.81  4.64  2.74  1.71  1.43  0.94  0.42  0.23  0.15  0.08  0.05  0.04  0.04
11  60  0.05  0.15  0.26  0.51  1.01  1.49  2.44  4.64  6.41  7.54  7.73  7.18  6.65  6.08  5.81  5.64  4.57  2.86  1.87  1.57  1.08  0.48  0.26  0.16  0.08  0.05  0.04  0.04
11  65  0.05  0.15  0.25  0.49  0.98  1.45  2.37  4.48  6.13  7.20  7.50  7.10  6.61  6.01  5.59  5.32  4.47  2.97  2.07  1.77  1.26  0.57  0.30  0.19  0.09  0.05  0.04  0.04
11  70  0.05  0.15  0.24  0.48  0.95  1.41  2.29  4.29  5.84  6.86  7.28  7.01  6.55  5.93  5.35  5.00  4.37  3.07  2.26  1.95  1.44  0.66  0.34  0.21  0.09  0.05  0.04  0.04
11  75  0.05  0.14  0.24  0.47  0.93  1.38  2.23  4.10  5.52  6.46  6.84  6.41  5.82  5.13  4.55  4.21  3.82  3.00  2.20  1.89  1.38  0.62  0.32  0.19  0.09  0.05  0.04  0.04
11  80  0.05  0.14  0.23  0.46  0.91  1.34  2.16  3.92  5.22  6.06  6.39  5.79  5.07  4.31  3.75  3.42  3.27  2.92  2.13  1.82  1.31  0.58  0.29  0.18  0.10  0.05  0.04  0.04
11  85  0.05  0.14  0.23  0.46  0.91  1.34  2.15  3.90  5.20  6.04  6.38  5.81  5.10  4.34  3.76  3.44  3.28  2.92  2.13  1.82  1.30  0.58  0.29  0.17  0.10  0.05  0.04  0.04
11  90  0.05  0.14  0.23  0.46  0.90  1.33  2.14  3.89  5.13  5.95  6.30  5.75  5.06  4.28  3.63  3.31  3.18  2.86  2.10  1.80  1.29  0.58  0.29  0.17  0.10  0.05  0.04  0.04
12 -90  0.03  0.08  0.13  0.25  0.50  0.74  1.20  2.24  3.41  4.29  5.88  6.74  6.53  5.81  5.58  5.65  5.29  4.20  2.94  2.54  1.77  0.83  0.42  0.23  0.11  0.04  0.03  0.02
12 -85  0.03  0.08  0.13  0.25  0.50  0.74  1.20  2.25  3.42  4.29  5.84  6.77  6.60  5.87  5.49  5.39  5.02  4.03  2.80  2.38  1.61  0.76  0.42  0.23  0.11  0.04  0.03  0.02
12 -80  0.03  0.08  0.13  0.25  0.50  0.74  1.20  2.26  3.42  4.27  5.82  6.76  6.60  5.87  5.47  5.35  4.96  3.95  2.74  2.34  1.58  0.75  0.41  0.23  0.11  0.04  0.03  0.02
12 -75  0.03  0.08  0.13  0.26  0.51  0.76  1.24  2.33  3.49  4.32  5.82  6.84  6.76  6.07  5.63  5.47  4.98  3.85  2.64  2.25  1.53  0.73  0.41  0.22  0.07  0.04  0.03  0.02
12 -70  0.03  0.08  0.13  0.27  0.53  0.79  1.28  2.41  3.54  4.38  5.82  6.93  6.94  6.28  5.83  5.62  5.01  3.71  2.49  2.12  1.44  0.71  0.41  0.21  0.07  0.04  0.03  0.02
12 -65  0.03  0.08  0.14  0.28  0.55  0.81  1.32  2.49  3.64  4.49  6.00  7.24  7.36  6.76  6.23  5.94  5.01  3.51  2.29  1.92  1.29  0.66  0.38  0.20  0.07  0.04  0.03  0.02
12 -60  0.03  0.09  0.14  0.28  0.56  0.84  1.36  2.56  3.74  4.63  6.20  7.59  7.81  7.27  6.65  6.28  5.05  3.34  2.09  1.73  1.12  0.60  0.35  0.18  0.07  0.04  0.03  0.02
12 -55  0.03  0.09  0.15  0.30  0.59  0.87  1.42  2.67  3.92  4.81  6.43  7.96  8.30  7.93  7.05  6.47  4.95  3.09  1.89  1.54  0.93  0.52  0.30  0.16  0.08  0.04  0.03  0.03
12 -50  0.03  0.09  0.15  0.30  0.59  0.88  1.44  2.72  3.96  4.85  6.58  8.34  8.83  8.46  7.37  6.64  4.83  2.84  1.64  1.33  0.77  0.44  0.24  0.12  0.07  0.04  0.03  0.03
12 -45  0.03  0.09  0.15  0.30  0.59  0.88  1.44  2.76  4.03  4.96  6.77  8.64  9.22  8.85  7.40  6.40  4.60  2.63  1.50  1.20  0.68  0.37  0.20  0.09  0.06  0.04  0.04  0.03
12 -40  0.03  0.09  0.15  0.30  0.59  0.89  1.46  2.85  4.11  5.06  6.94  8.91  9.56  9.25  7.42  6.17  4.38  2.41  1.34  1.06  0.58  0.31  0.12  0.07  0.05  0.04  0.04  0.03
12 -35  0.03  0.09  0.15  0.31  0.61  0.91  1.50  2.91  4.26  5.25  7.19  9.13  9.74  9.41  7.77  6.65  4.35  2.06  1.02  0.80  0.41  0.18  0.09  0.06  0.05  0.05  0.04  0.04
12 -30  0.03  0.09  0.16  0.31  0.62  0.93  1.53  2.99  4.38  5.41  7.40  9.31  9.87  9.58  8.10  7.11  4.29  1.73  0.71  0.54  0.25  0.13  0.07  0.05  0.05  0.05  0.04  0.04
12 -25  0.03  0.10  0.16  0.32  0.64  0.95  1.57  3.05  4.52  5.59  7.59  9.50 10.01  9.72  8.12  7.02  4.12  1.59  0.59  0.44  0.18  0.08  0.05  0.05  0.05  0.05  0.04  0.04
12 -20  0.03  0.10  0.16  0.32  0.64  0.96  1.59  3.13  4.65  5.77  7.79  9.69 10.15  9.85  8.10  6.90  3.96  1.43  0.48  0.35  0.13  0.06  0.04  0.04  0.04  0.04  0.04  0.04
12 -15  0.03  0.10  0.16  0.32  0.65  0.97  1.60  3.17  4.74  5.91  7.96  9.79 10.23  9.97  8.19  6.99  3.87  1.30  0.42  0.32  0.12  0.05  0.04  0.04  0.04  0.04  0.04  0.04
12 -10  0.03  0.10  0.16  0.32  0.65  0.97  1.62  3.25  4.87  6.07  8.17  9.94 10.41 10.16  8.32  7.10  3.78  1.17  0.37  0.29  0.12  0.04  0.03  0.03  0.03  0.04  0.04  0.03
12  -5  0.03  0.10  0.16  0.33  0.65  0.98  1.63  3.26  4.89  6.10  8.14  9.82 10.29 10.09  8.12  6.82  3.60  1.11  0.35  0.28  0.13  0.03  0.03  0.03  0.03  0.03  0.03  0.03
12   0  0.03  0.10  0.17  0.34  0.68  1.01  1.67  3.24  4.93  6.14  8.15  9.76 10.18 10.05  7.97  6.56  3.44  1.05  0.33  0.27  0.13  0.03  0.03  0.03  0.03  0.03  0.03  0.03
12   5  0.03  0.10  0.17  0.34  0.68  1.02  1.68  3.25  4.90  6.09  7.97  9.48  9.92  9.78  7.95  6.71  3.66  1.14  0.37  0.30  0.13  0.03  0.03  0.03  0.03  0.04  0.03  0.03
12  10  0.03  0.10  0.17  0.35  0.69  1.03  1.69  3.25  4.88  6.05  7.86  9.23  9.60  9.47  7.92  6.85  3.88  1.24  0.42  0.32  0.12  0.04  0.03  0.03  0.04  0.04  0.04  0.04
12  15  0.04  0.11  0.18  0.35  0.69  1.03  1.69  3.25  4.90  6.09  7.82  8.97  9.20  8.98  7.62  6.63  3.84  1.34  0.45  0.34  0.12  0.04  0.04  0.04  0.04  0.04  0.04  0.04
12  20  0.04  0.11  0.18  0.36  0.71  1.05  1.71  3.24  4.90  6.10  7.74  8.76  8.84  8.54  7.31  6.41  3.82  1.40  0.47  0.35  0.12  0.04  0.04  0.04  0.04  0.04  0.04  0.04
12  25  0.04  0.11  0.18  0.36  0.71  1.05  1.73  3.33  5.03  6.26  7.75  8.48  8.44  8.09  7.20  6.54  4.10  1.55  0.59  0.44  0.18  0.06  0.05  0.04  0.04  0.04  0.04  0.04
12  30  0.04  0.11  0.19  0.37  0.74  1.10  1.79  3.38  5.18  6.41  7.77  8.24  8.05  7.64  7.08  6.67  4.37  1.74  0.73  0.55  0.24  0.09  0.06  0.05  0.05  0.05  0.04  0.04
12  35  0.04  0.12  0.20  0.40  0.79  1.17  1.91  3.59  5.45  6.67  7.74  7.95  7.69  7.24  6.91  6.67  4.74  2.13  1.04  0.81  0.43  0.21  0.09  0.07  0.06  0.05  0.04  0.04
12  40  0.04  0.13  0.21  0.43  0.84  1.25  2.03  3.81  5.70  6.88  7.73  7.69  7.34  6.90  6.78  6.65  5.09  2.52  1.35  1.09  0.63  0.31  0.17  0.09  0.07  0.05  0.05  0.04
12  45  0.05  0.14  0.23  0.45  0.90  1.33  2.16  4.06  5.88  6.99  7.60  7.45  7.11  6.71  6.58  6.47  5.08  2.85  1.62  1.32  0.81  0.39  0.20  0.13  0.08  0.05  0.05  0.04
12  50  0.05  0.15  0.24  0.48  0.95  1.41  2.29  4.28  6.00  7.08  7.49  7.25  6.92  6.60  6.41  6.27  5.04  3.17  1.89  1.56  0.98  0.47  0.24  0.15  0.08  0.05  0.05  0.04
12  55  0.05  0.15  0.24  0.48  0.96  1.42  2.30  4.29  5.76  6.75  7.21  7.17  6.89  6.57  6.22  5.97  4.84  3.19  2.03  1.70  1.15  0.54  0.28  0.16  0.08  0.05  0.05  0.04
12  60  0.05  0.15  0.24  0.48  0.95  1.41  2.30  4.32  5.73  6.68  7.13  7.15  6.90  6.51  6.06  5.77  4.69  3.25  2.20  1.86  1.30  0.62  0.31  0.18  0.08  0.05  0.05  0.04
12  65  0.05  0.15  0.24  0.49  0.96  1.41  2.28  4.17  5.60  6.57  7.11  7.19  6.90  6.44  5.87  5.49  4.58  3.22  2.27  1.93  1.36  0.65  0.30  0.18  0.09  0.05  0.05  0.04
12  70  0.05  0.15  0.25  0.49  0.96  1.41  2.25  4.03  5.47  6.44  7.06  7.19  6.88  6.36  5.67  5.22  4.48  3.18  2.32  1.99  1.43  0.68  0.30  0.18  0.09  0.05  0.05  0.04
12  75  0.05  0.14  0.24  0.47  0.91  1.34  2.12  3.69  5.16  6.16  6.83  6.85  6.48  5.91  5.25  4.80  4.27  3.22  2.34  2.00  1.43  0.67  0.32  0.19  0.10  0.06  0.05  0.04
12  80  0.05  0.14  0.23  0.45  0.87  1.26  1.99  3.37  4.86  5.88  6.61  6.52  6.07  5.45  4.81  4.38  4.05  3.25  2.36  2.01  1.43  0.67  0.34  0.21  0.10  0.06  0.05  0.04
12  85  0.05  0.14  0.22  0.44  0.86  1.26  1.97  3.34  4.83  5.85  6.60  6.55  6.12  5.50  4.84  4.40  4.05  3.25  2.36  2.01  1.43  0.67  0.34  0.21  0.10  0.06  0.05  0.04
12  90  0.05  0.13  0.22  0.44  0.86  1.25  1.96  3.32  4.80  5.79  6.48  6.53  6.17  5.58  4.89  4.40  4.00  3.19  2.31  1.97  1.41  0.67  0.34  0.20  0.10  0.06  0.05  0.04
