     0.010
     0.030
     0.050
     0.100
     0.200
     0.300
     0.500
     1.000
     1.500
     2.000
     3.000
     5.000
     7.000
    10.000
    15.000
    20.000
    30.000
    50.000
    70.000
    80.000
   100.000
   150.000
   200.000
   250.000
   300.000
   400.000
   500.000
   600.000
 1 -90  0.02  0.07  0.11  0.22  0.45  0.68  1.14  2.30  3.32  4.11  5.77  6.70  6.41  5.49  4.61  4.00  3.41  2.81  2.23  1.90  1.27  0.65  0.34  0.19  0.08  0.06  0.03  0.02
 1 -85  0.02  0.07  0.11  0.22  0.45  0.68  1.14  2.30  3.32  4.11  5.77  6.70  6.41  5.49  4.61  4.00  3.41  2.81  2.23  1.90  1.27  0.65  0.34  0.19  0.08  0.06  0.03  0.02
 1 -80  0.02  0.07  0.11  0.22  0.45  0.68  1.14  2.30  3.32  4.11  5.76  6.70  6.41  5.49  4.61  4.00  3.41  2.81  2.23  1.90  1.27  0.65  0.34  0.19  0.08  0.06  0.03  0.03
 1 -75  0.02  0.07  0.12  0.23  0.46  0.70  1.17  2.37  3.40  4.19  5.78  6.82  6.65  5.77  4.96  4.38  3.71  2.88  2.22  1.88  1.25  0.64  0.34  0.18  0.08  0.05  0.03  0.03
 1 -70  0.02  0.07  0.12  0.24  0.48  0.72  1.20  2.44  3.49  4.27  5.79  6.94  6.88  6.06  5.30  4.76  4.03  2.96  2.19  1.85  1.21  0.62  0.34  0.18  0.08  0.05  0.03  0.03
 1 -65  0.02  0.07  0.12  0.25  0.49  0.74  1.25  2.53  3.61  4.41  5.96  7.26  7.34  6.62  5.91  5.41  4.30  2.96  2.04  1.72  1.10  0.55  0.33  0.19  0.12  0.05  0.03  0.03
 1 -60  0.03  0.08  0.13  0.26  0.51  0.77  1.30  2.63  3.74  4.56  6.15  7.58  7.80  7.17  6.52  6.05  4.57  2.97  1.90  1.59  0.99  0.48  0.31  0.19  0.12  0.05  0.03  0.03
 1 -55  0.03  0.08  0.13  0.27  0.54  0.81  1.36  2.76  3.93  4.79  6.40  7.89  8.23  7.75  6.93  6.33  4.49  2.75  1.58  1.31  0.78  0.36  0.25  0.17  0.11  0.05  0.04  0.03
 1 -50  0.03  0.08  0.14  0.28  0.55  0.83  1.40  2.83  4.03  4.95  6.59  8.20  8.66  8.26  7.30  6.62  4.44  2.55  1.30  1.05  0.57  0.24  0.19  0.17  0.10  0.05  0.04  0.03
 1 -45  0.03  0.08  0.14  0.27  0.55  0.83  1.38  2.79  3.98  4.87  6.62  8.52  9.05  8.70  7.43  6.63  4.53  2.57  1.29  1.02  0.53  0.19  0.15  0.11  0.07  0.04  0.04  0.03
 1 -40  0.03  0.08  0.14  0.27  0.55  0.82  1.37  2.76  4.06  5.01  6.87  8.83  9.40  8.98  7.63  6.65  4.51  2.58  1.33  1.04  0.52  0.18  0.13  0.08  0.05  0.04  0.04  0.03
 1 -35  0.03  0.08  0.14  0.28  0.56  0.84  1.41  2.82  3.92  4.83  6.76  8.84  9.43  9.24  7.75  6.80  4.46  2.34  1.07  0.81  0.37  0.16  0.09  0.06  0.05  0.04  0.04  0.03
 1 -30  0.03  0.08  0.14  0.28  0.57  0.85  1.42  2.84  4.05  4.95  6.88  9.01  9.62  9.29  7.90  6.98  4.40  2.05  0.81  0.58  0.24  0.10  0.06  0.05  0.04  0.04  0.04  0.03
 1 -25  0.03  0.09  0.14  0.29  0.58  0.86  1.44  2.89  4.13  5.16  7.18  9.24  9.74  9.37  7.88  6.91  4.31  1.85  0.72  0.51  0.19  0.07  0.04  0.04  0.04  0.04  0.04  0.03
 1 -20  0.03  0.08  0.14  0.28  0.56  0.84  1.40  2.79  4.20  5.26  7.24  9.46 10.12  9.64  7.99  6.88  4.27  1.67  0.61  0.41  0.13  0.05  0.03  0.03  0.03  0.04  0.03  0.03
 1 -15  0.03  0.08  0.14  0.28  0.56  0.84  1.39  2.78  4.24  5.20  7.14  9.56 10.39  9.84  8.04  6.91  4.13  1.63  0.55  0.36  0.13  0.04  0.03  0.03  0.03  0.03  0.03  0.03
 1 -10  0.03  0.08  0.14  0.27  0.55  0.82  1.37  2.72  4.09  5.21  7.17  9.38 10.10  9.86  8.06  6.97  4.02  1.55  0.47  0.32  0.09  0.03  0.03  0.03  0.03  0.03  0.03  0.03
 1  -5  0.03  0.08  0.14  0.28  0.55  0.82  1.37  2.73  4.24  5.38  7.58  9.32  9.94  9.70  7.91  6.80  3.91  1.50  0.45  0.30  0.07  0.03  0.02  0.02  0.02  0.03  0.03  0.02
 1   0  0.03  0.09  0.15  0.30  0.60  0.90  1.50  3.01  4.47  5.64  7.69  9.55 10.13  9.69  7.81  6.64  3.70  1.37  0.41  0.28  0.06  0.03  0.02  0.02  0.02  0.03  0.03  0.02
 1   5  0.03  0.09  0.15  0.30  0.60  0.90  1.50  3.00  4.61  5.71  7.83  9.31  9.59  9.47  7.80  6.61  3.88  1.48  0.47  0.31  0.06  0.03  0.03  0.02  0.03  0.03  0.03  0.03
 1  10  0.03  0.09  0.15  0.30  0.60  0.90  1.51  3.03  4.56  5.77  7.51  8.80  9.03  9.03  7.73  6.64  4.06  1.63  0.54  0.36  0.06  0.03  0.03  0.03  0.03  0.03  0.03  0.03
 1  15  0.03  0.09  0.15  0.30  0.61  0.91  1.52  3.06  4.70  5.91  7.37  8.48  8.68  8.68  7.32  6.39  3.97  1.62  0.57  0.40  0.07  0.03  0.03  0.03  0.03  0.03  0.03  0.03
 1  20  0.03  0.09  0.16  0.32  0.63  0.95  1.58  3.19  4.86  6.18  7.50  8.30  8.55  8.39  6.95  6.15  4.04  1.69  0.58  0.43  0.16  0.04  0.03  0.03  0.03  0.03  0.04  0.03
 1  25  0.03  0.09  0.16  0.31  0.63  0.94  1.57  3.16  4.98  6.15  7.48  8.21  8.28  7.81  6.75  6.31  4.34  2.06  0.78  0.59  0.25  0.06  0.04  0.04  0.04  0.04  0.04  0.03
 1  30  0.03  0.10  0.17  0.33  0.67  1.00  1.67  3.38  5.05  6.34  7.46  8.00  8.07  7.46  6.80  6.49  4.71  2.30  0.92  0.70  0.32  0.10  0.06  0.05  0.04  0.04  0.04  0.04
 1  35  0.03  0.10  0.17  0.35  0.70  1.05  1.76  3.55  5.32  6.56  7.65  7.88  7.72  7.28  6.78  6.43  5.03  2.60  1.22  0.95  0.49  0.24  0.15  0.07  0.05  0.04  0.04  0.04
 1  40  0.04  0.11  0.18  0.37  0.73  1.10  1.85  3.73  5.42  6.65  7.67  7.79  7.40  6.83  6.50  6.33  5.38  2.98  1.64  1.24  0.68  0.35  0.22  0.11  0.07  0.05  0.04  0.04
 1  45  0.04  0.11  0.19  0.38  0.75  1.13  1.89  3.82  5.39  6.58  7.49  7.38  6.91  6.60  6.42  6.26  5.50  3.35  1.88  1.53  0.95  0.50  0.30  0.19  0.08  0.05  0.04  0.04
 1  50  0.04  0.11  0.19  0.38  0.77  1.15  1.92  3.88  5.62  6.71  7.30  7.09  6.47  6.05  6.20  6.23  5.64  3.68  2.15  1.77  1.15  0.61  0.34  0.23  0.09  0.05  0.04  0.04
 1  55  0.04  0.12  0.19  0.39  0.78  1.17  1.95  3.95  5.57  6.41  6.87  6.59  6.13  5.87  5.93  5.95  5.38  3.70  2.33  1.94  1.33  0.67  0.39  0.26  0.10  0.05  0.04  0.04
 1  60  0.04  0.12  0.20  0.39  0.78  1.18  1.97  3.98  5.50  6.23  6.61  6.25  5.91  5.77  5.69  5.61  5.07  3.67  2.52  2.13  1.52  0.74  0.44  0.27  0.10  0.05  0.04  0.04
 1  65  0.04  0.12  0.19  0.38  0.77  1.16  1.94  3.92  5.51  6.21  6.63  6.27  6.03  5.96  5.75  5.59  4.89  3.62  2.53  2.14  1.54  0.74  0.41  0.25  0.10  0.05  0.04  0.04
 1  70  0.04  0.11  0.19  0.38  0.76  1.14  1.91  3.87  5.52  6.19  6.65  6.32  6.16  6.15  5.83  5.57  4.74  3.59  2.53  2.16  1.55  0.73  0.39  0.23  0.10  0.05  0.04  0.04
 1  75  0.04  0.11  0.18  0.36  0.73  1.09  1.83  3.71  5.33  5.93  6.38  5.93  5.70  5.65  5.29  5.02  4.52  3.50  2.63  2.30  1.75  0.77  0.40  0.23  0.11  0.05  0.04  0.04
 1  80  0.04  0.11  0.18  0.35  0.71  1.06  1.79  3.64  5.10  5.66  6.07  5.54  5.24  5.11  4.76  4.47  4.29  3.41  2.71  2.43  1.93  0.81  0.41  0.24  0.11  0.05  0.04  0.04
 1  85  0.04  0.11  0.18  0.35  0.71  1.07  1.79  3.64  5.10  5.67  6.08  5.54  5.24  5.12  4.76  4.48  4.29  3.41  2.71  2.43  1.93  0.81  0.41  0.24  0.11  0.05  0.04  0.04
 1  90  0.04  0.11  0.18  0.35  0.71  1.07  1.79  3.64  5.11  5.67  6.09  5.55  5.25  5.12  4.77  4.48  4.30  3.41  2.71  2.43  1.93  0.81  0.41  0.24  0.11  0.05  0.04  0.04
 2 -90  0.03  0.08  0.14  0.27  0.55  0.83  1.39  2.81  4.10  5.04  6.29  6.31  5.68  4.75  4.28  3.81  2.77  2.61  2.29  1.97  1.38  0.66  0.35  0.21  0.12  0.06  0.04  0.02
 2 -85  0.03  0.08  0.14  0.27  0.55  0.83  1.39  2.81  4.10  5.04  6.28  6.31  5.68  4.75  4.28  3.81  2.77  2.61  2.29  1.97  1.38  0.66  0.35  0.21  0.12  0.06  0.04  0.03
 2 -80  0.03  0.08  0.14  0.27  0.55  0.83  1.39  2.82  4.10  5.03  6.28  6.31  5.68  4.75  4.28  3.81  2.77  2.60  2.29  1.97  1.38  0.66  0.35  0.21  0.12  0.06  0.03  0.03
 2 -75  0.03  0.08  0.14  0.27  0.55  0.82  1.38  2.80  4.09  5.03  6.35  6.65  6.15  5.24  4.68  4.16  2.98  2.60  2.29  1.96  1.36  0.64  0.36  0.20  0.12  0.06  0.04  0.03
 2 -70  0.03  0.08  0.14  0.27  0.54  0.82  1.37  2.78  4.08  5.02  6.42  6.99  6.62  5.73  5.08  4.53  3.26  2.62  2.27  1.93  1.31  0.62  0.36  0.20  0.11  0.05  0.04  0.03
 2 -65  0.03  0.08  0.14  0.28  0.55  0.83  1.40  2.84  4.15  5.10  6.57  7.39  7.18  6.35  5.60  4.99  3.70  2.65  2.09  1.77  1.18  0.54  0.34  0.20  0.12  0.05  0.04  0.03
 2 -60  0.03  0.08  0.14  0.28  0.57  0.85  1.43  2.90  4.23  5.19  6.74  7.79  7.74  6.96  6.11  5.45  4.13  2.69  1.93  1.62  1.05  0.47  0.32  0.20  0.12  0.05  0.04  0.03
 2 -55  0.03  0.09  0.15  0.29  0.59  0.89  1.49  3.02  4.38  5.38  6.93  8.07  8.16  7.54  6.66  5.97  4.27  2.56  1.56  1.30  0.79  0.35  0.25  0.17  0.11  0.05  0.04  0.03
 2 -50  0.03  0.09  0.15  0.30  0.61  0.91  1.53  3.10  4.47  5.52  7.10  8.35  8.60  8.10  7.19  6.51  4.39  2.45  1.25  1.01  0.54  0.24  0.17  0.15  0.09  0.05  0.04  0.03
 2 -45  0.03  0.09  0.15  0.30  0.60  0.90  1.51  3.04  4.36  5.37  7.06  8.65  8.99  8.55  7.39  6.57  4.46  2.40  1.24  0.97  0.48  0.18  0.17  0.10  0.07  0.04  0.03  0.03
 2 -40  0.03  0.09  0.15  0.30  0.60  0.90  1.50  3.02  4.41  5.45  7.23  8.95  9.42  8.97  7.64  6.63  4.47  2.35  1.25  0.96  0.44  0.16  0.11  0.07  0.05  0.04  0.03  0.03
 2 -35  0.03  0.09  0.15  0.30  0.60  0.90  1.50  3.02  4.21  5.20  7.04  8.93  9.45  9.22  7.73  6.69  4.36  2.17  1.02  0.76  0.32  0.13  0.08  0.05  0.04  0.04  0.03  0.03
 2 -30  0.03  0.09  0.15  0.30  0.60  0.90  1.50  3.01  4.27  5.23  7.09  9.06  9.63  9.35  7.86  6.82  4.26  1.95  0.80  0.57  0.22  0.09  0.05  0.04  0.04  0.04  0.03  0.03
 2 -25  0.03  0.09  0.15  0.29  0.59  0.89  1.48  2.97  4.22  5.25  7.23  9.29  9.85  9.55  7.91  6.82  4.16  1.83  0.69  0.49  0.18  0.06  0.04  0.03  0.03  0.03  0.03  0.03
 2 -20  0.03  0.08  0.14  0.28  0.56  0.85  1.41  2.82  4.22  5.32  7.21  9.43 10.24  9.93  8.09  6.85  4.12  1.67  0.56  0.38  0.12  0.04  0.03  0.03  0.03  0.03  0.03  0.03
 2 -15  0.03  0.08  0.14  0.28  0.56  0.84  1.39  2.78  4.19  5.09  6.99  9.55 10.52 10.09  8.13  6.89  4.04  1.58  0.52  0.35  0.12  0.04  0.03  0.03  0.03  0.03  0.03  0.03
 2 -10  0.03  0.08  0.14  0.27  0.54  0.81  1.35  2.70  3.98  5.01  6.91  9.33 10.34 10.22  8.16  6.97  4.01  1.47  0.48  0.32  0.08  0.03  0.02  0.02  0.02  0.03  0.03  0.02
 2  -5  0.03  0.08  0.14  0.27  0.54  0.81  1.35  2.69  4.09  5.15  7.27  9.26 10.24 10.13  7.84  6.52  3.85  1.44  0.47  0.32  0.07  0.03  0.02  0.02  0.02  0.03  0.03  0.02
 2   0  0.03  0.09  0.15  0.30  0.59  0.89  1.49  3.00  4.34  5.46  7.52  9.72 10.69 10.31  7.62  6.05  3.58  1.31  0.44  0.31  0.06  0.03  0.02  0.02  0.02  0.03  0.03  0.02
 2   5  0.03  0.09  0.15  0.29  0.59  0.88  1.47  2.95  4.45  5.49  7.62  9.40 10.07 10.04  7.72  6.30  3.77  1.43  0.51  0.34  0.06  0.03  0.03  0.02  0.03  0.03  0.03  0.03
 2  10  0.03  0.09  0.15  0.29  0.58  0.87  1.46  2.93  4.33  5.42  7.29  8.88  9.39  9.43  7.80  6.63  3.97  1.61  0.59  0.40  0.06  0.03  0.03  0.03  0.03  0.03  0.03  0.03
 2  15  0.03  0.09  0.15  0.29  0.59  0.88  1.47  2.94  4.53  5.60  7.27  8.59  8.94  8.98  7.53  6.58  4.04  1.69  0.66  0.45  0.07  0.03  0.03  0.03  0.03  0.03  0.04  0.04
 2  20  0.03  0.09  0.15  0.30  0.61  0.92  1.53  3.09  4.64  5.86  7.39  8.49  8.87  8.75  7.36  6.59  4.28  1.81  0.69  0.50  0.09  0.04  0.03  0.03  0.03  0.04  0.04  0.04
 2  25  0.03  0.09  0.15  0.31  0.62  0.92  1.54  3.10  4.82  5.91  7.37  8.36  8.53  8.12  7.02  6.50  4.51  2.14  0.87  0.65  0.26  0.06  0.05  0.04  0.04  0.04  0.04  0.04
 2  30  0.03  0.10  0.16  0.33  0.65  0.98  1.64  3.30  4.95  6.20  7.49  8.18  8.31  7.79  6.92  6.46  4.82  2.31  0.99  0.74  0.31  0.18  0.08  0.06  0.05  0.04  0.04  0.04
 2  35  0.03  0.10  0.17  0.34  0.68  1.03  1.72  3.48  5.26  6.49  7.78  8.13  8.04  7.58  6.92  6.46  5.08  2.73  1.29  0.99  0.47  0.30  0.21  0.09  0.06  0.04  0.04  0.04
 2  40  0.04  0.11  0.18  0.36  0.72  1.08  1.81  3.67  5.37  6.63  7.83  8.10  7.78  7.15  6.65  6.39  5.35  3.18  1.69  1.26  0.66  0.42  0.29  0.13  0.08  0.05  0.04  0.04
 2  45  0.04  0.11  0.18  0.37  0.74  1.11  1.85  3.75  5.42  6.69  7.86  7.86  7.38  6.98  6.61  6.29  5.51  3.55  1.95  1.57  0.95  0.55  0.37  0.23  0.09  0.05  0.04  0.04
 2  50  0.04  0.11  0.19  0.37  0.75  1.13  1.88  3.80  5.65  6.94  7.74  7.60  6.95  6.46  6.37  6.22  5.68  3.84  2.26  1.86  1.19  0.65  0.40  0.28  0.10  0.05  0.04  0.04
 2  55  0.04  0.12  0.19  0.39  0.78  1.17  1.96  3.95  5.73  6.85  7.47  7.25  6.67  6.29  6.19  6.10  5.64  3.95  2.44  2.03  1.37  0.70  0.44  0.30  0.11  0.06  0.05  0.04
 2  60  0.04  0.12  0.20  0.40  0.81  1.21  2.03  4.09  5.80  6.85  7.33  6.96  6.44  6.14  6.02  5.94  5.58  4.02  2.64  2.22  1.56  0.76  0.48  0.31  0.12  0.06  0.05  0.04
 2  65  0.04  0.12  0.20  0.40  0.81  1.21  2.03  4.11  5.73  6.67  7.12  6.79  6.39  6.19  5.98  5.83  5.37  3.89  2.74  2.34  1.70  0.83  0.47  0.30  0.12  0.06  0.05  0.04
 2  70  0.04  0.12  0.20  0.40  0.81  1.21  2.03  4.11  5.68  6.52  6.94  6.61  6.35  6.25  5.94  5.71  5.22  3.77  2.84  2.46  1.83  0.89  0.47  0.29  0.12  0.06  0.05  0.04
 2  75  0.04  0.12  0.20  0.40  0.80  1.21  2.02  4.09  5.56  6.24  6.86  6.73  6.63  6.58  6.13  5.81  5.27  3.71  2.89  2.52  1.88  0.93  0.49  0.29  0.12  0.06  0.05  0.04
 2  80  0.04  0.12  0.20  0.40  0.80  1.20  2.01  4.07  5.42  5.95  6.79  6.88  6.90  6.89  6.32  5.91  5.31  3.64  2.92  2.56  1.91  0.97  0.50  0.29  0.13  0.06  0.05  0.04
 2  85  0.04  0.12  0.20  0.40  0.80  1.20  2.01  4.08  5.43  5.96  6.79  6.88  6.91  6.90  6.32  5.91  5.31  3.64  2.92  2.56  1.91  0.97  0.50  0.29  0.13  0.06  0.05  0.04
 2  90  0.04  0.12  0.20  0.40  0.80  1.20  2.01  4.08  5.43  5.97  6.80  6.89  6.91  6.90  6.33  5.92  5.32  3.64  2.92  2.56  1.91  0.97  0.50  0.29  0.13  0.06  0.05  0.04
 3 -90  0.04  0.12  0.20  0.40  0.80  1.21  2.03  4.13  5.51  6.36  6.43  5.85  5.16  4.48  3.86  3.15  2.59  2.61  2.43  2.09  1.49  0.59  0.33  0.19  0.11  0.06  0.03  0.02
 3 -85  0.04  0.12  0.20  0.40  0.80  1.21  2.03  4.13  5.51  6.36  6.43  5.85  5.16  4.48  3.86  3.15  2.59  2.61  2.43  2.09  1.49  0.59  0.33  0.19  0.11  0.06  0.03  0.03
 3 -80  0.04  0.12  0.20  0.40  0.80  1.21  2.03  4.13  5.51  6.35  6.43  5.84  5.16  4.49  3.86  3.15  2.59  2.61  2.43  2.09  1.49  0.59  0.33  0.19  0.11  0.05  0.03  0.03
 3 -75  0.04  0.11  0.19  0.38  0.77  1.16  1.94  3.94  5.45  6.42  6.83  6.37  5.65  4.89  4.19  3.45  2.71  2.58  2.40  2.06  1.45  0.58  0.32  0.18  0.11  0.05  0.03  0.03
 3 -70  0.04  0.11  0.18  0.36  0.73  1.10  1.84  3.75  5.38  6.46  7.21  6.89  6.14  5.30  4.52  3.79  2.91  2.56  2.32  1.99  1.37  0.56  0.32  0.18  0.10  0.05  0.03  0.03
 3 -65  0.04  0.11  0.18  0.35  0.71  1.07  1.79  3.63  5.29  6.42  7.39  7.35  6.72  5.86  5.13  4.50  3.34  2.59  2.10  1.80  1.22  0.50  0.30  0.18  0.12  0.05  0.03  0.03
 3 -60  0.03  0.10  0.17  0.34  0.69  1.04  1.74  3.53  5.22  6.39  7.57  7.82  7.30  6.43  5.73  5.19  3.75  2.64  1.90  1.62  1.07  0.45  0.28  0.18  0.12  0.05  0.04  0.03
 3 -55  0.03  0.10  0.17  0.34  0.69  1.04  1.74  3.53  5.23  6.41  7.67  8.12  7.76  6.99  6.30  5.77  4.19  2.60  1.58  1.33  0.84  0.34  0.23  0.16  0.10  0.05  0.04  0.03
 3 -50  0.03  0.10  0.17  0.34  0.69  1.03  1.73  3.52  5.23  6.44  7.81  8.42  8.26  7.57  6.88  6.38  4.59  2.56  1.31  1.07  0.62  0.24  0.17  0.12  0.08  0.04  0.03  0.03
 3 -45  0.03  0.10  0.17  0.33  0.67  1.00  1.68  3.40  5.00  6.20  7.71  8.74  8.73  8.12  7.06  6.26  4.48  2.48  1.27  1.00  0.52  0.17  0.14  0.08  0.06  0.04  0.03  0.03
 3 -40  0.03  0.10  0.16  0.33  0.65  0.98  1.65  3.33  4.90  6.11  7.75  9.04  9.24  8.70  7.23  6.10  4.33  2.40  1.19  0.92  0.45  0.14  0.10  0.06  0.05  0.04  0.03  0.03
 3 -35  0.03  0.10  0.16  0.32  0.64  0.96  1.60  3.24  4.65  5.76  7.51  9.03  9.36  9.03  7.64  6.63  4.33  2.22  0.97  0.73  0.32  0.13  0.07  0.05  0.04  0.03  0.03  0.03
 3 -30  0.03  0.09  0.16  0.31  0.63  0.94  1.58  3.18  4.60  5.69  7.45  9.13  9.57  9.30  8.10  7.21  4.37  2.01  0.76  0.55  0.19  0.09  0.05  0.04  0.03  0.03  0.03  0.03
 3 -25  0.03  0.09  0.15  0.31  0.61  0.92  1.54  3.10  4.44  5.52  7.40  9.29  9.85  9.62  8.20  7.24  4.24  1.82  0.62  0.44  0.15  0.05  0.04  0.03  0.03  0.03  0.03  0.03
 3 -20  0.03  0.09  0.15  0.29  0.58  0.88  1.46  2.94  4.40  5.55  7.30  9.30 10.18 10.11  8.42  7.28  4.17  1.53  0.47  0.32  0.09  0.04  0.03  0.03  0.03  0.03  0.03  0.03
 3 -15  0.03  0.09  0.14  0.29  0.58  0.86  1.44  2.89  4.26  5.16  6.93  9.35 10.39 10.25  8.32  7.08  4.10  1.51  0.47  0.31  0.10  0.03  0.02  0.02  0.03  0.03  0.03  0.03
 3 -10  0.03  0.08  0.14  0.28  0.56  0.84  1.41  2.83  4.01  4.97  6.66  9.03 10.25 10.45  8.24  6.93  4.08  1.48  0.47  0.31  0.12  0.03  0.02  0.02  0.02  0.03  0.03  0.02
 3  -5  0.03  0.08  0.14  0.28  0.56  0.83  1.39  2.79  4.03  4.98  6.88  8.88 10.13 10.40  8.08  6.76  3.99  1.46  0.46  0.32  0.06  0.03  0.02  0.02  0.02  0.02  0.02  0.02
 3   0  0.03  0.09  0.15  0.30  0.60  0.90  1.50  3.03  4.19  5.23  7.11  9.36 10.67 10.71  8.03  6.53  3.79  1.34  0.45  0.31  0.13  0.03  0.02  0.02  0.02  0.03  0.03  0.02
 3   5  0.03  0.09  0.15  0.29  0.59  0.88  1.47  2.97  4.33  5.23  7.19  9.09 10.14 10.43  8.00  6.65  3.93  1.44  0.50  0.33  0.06  0.03  0.02  0.02  0.02  0.03  0.03  0.03
 3  10  0.03  0.09  0.14  0.29  0.58  0.87  1.45  2.91  4.15  5.05  6.91  8.67  9.51  9.73  7.99  6.88  4.11  1.60  0.57  0.39  0.06  0.03  0.03  0.03  0.03  0.03  0.03  0.03
 3  15  0.03  0.09  0.15  0.29  0.58  0.87  1.46  2.92  4.39  5.32  7.08  8.52  9.06  9.22  7.61  6.59  4.10  1.67  0.63  0.44  0.07  0.03  0.03  0.03  0.03  0.03  0.04  0.04
 3  20  0.03  0.09  0.15  0.30  0.61  0.91  1.53  3.08  4.51  5.59  7.22  8.57  9.07  9.00  7.36  6.40  4.26  1.76  0.66  0.48  0.19  0.04  0.03  0.03  0.03  0.04  0.04  0.04
 3  25  0.03  0.09  0.15  0.31  0.61  0.92  1.54  3.11  4.67  5.70  7.24  8.46  8.75  8.46  7.15  6.40  4.46  2.19  0.88  0.67  0.30  0.07  0.05  0.04  0.04  0.04  0.04  0.04
 3  30  0.03  0.10  0.16  0.32  0.64  0.96  1.60  3.23  4.81  6.00  7.46  8.36  8.59  8.22  7.14  6.49  4.74  2.46  1.06  0.81  0.39  0.20  0.09  0.06  0.05  0.04  0.04  0.04
 3  35  0.03  0.10  0.16  0.33  0.66  0.99  1.66  3.36  5.09  6.29  7.86  8.47  8.50  8.06  7.17  6.55  4.86  2.82  1.36  1.06  0.57  0.31  0.22  0.09  0.06  0.05  0.04  0.04
 3  40  0.03  0.10  0.17  0.34  0.69  1.03  1.73  3.51  5.15  6.40  7.91  8.58  8.43  7.74  6.95  6.50  4.97  3.17  1.73  1.33  0.77  0.42  0.30  0.13  0.08  0.05  0.04  0.04
 3  45  0.03  0.10  0.17  0.34  0.69  1.04  1.74  3.51  5.25  6.57  8.16  8.51  8.09  7.57  6.87  6.35  5.25  3.50  1.92  1.57  0.99  0.55  0.39  0.24  0.10  0.05  0.05  0.04
 3  50  0.03  0.10  0.17  0.34  0.69  1.03  1.73  3.49  5.43  6.86  8.15  8.30  7.65  7.06  6.59  6.19  5.52  3.76  2.20  1.82  1.17  0.66  0.43  0.30  0.11  0.06  0.05  0.04
 3  55  0.04  0.11  0.18  0.36  0.71  1.07  1.79  3.62  5.54  6.86  7.98  7.99  7.37  6.82  6.42  6.13  5.52  3.92  2.43  2.03  1.35  0.75  0.48  0.33  0.12  0.06  0.05  0.05
 3  60  0.04  0.11  0.18  0.37  0.74  1.12  1.87  3.77  5.67  6.98  7.92  7.73  7.09  6.56  6.25  6.05  5.51  4.08  2.69  2.26  1.55  0.86  0.54  0.35  0.13  0.06  0.05  0.05
 3  65  0.04  0.11  0.19  0.38  0.76  1.15  1.92  3.88  5.70  6.94  7.72  7.47  6.87  6.40  6.07  5.84  5.31  4.09  2.84  2.42  1.75  0.95  0.59  0.37  0.13  0.06  0.05  0.05
 3  70  0.04  0.12  0.20  0.39  0.79  1.18  1.98  4.00  5.74  6.91  7.53  7.20  6.64  6.24  5.88  5.63  5.13  4.10  2.98  2.59  1.94  1.04  0.64  0.39  0.14  0.07  0.05  0.05
 3  75  0.04  0.12  0.20  0.39  0.79  1.19  1.98  4.01  5.66  6.74  7.33  7.10  6.69  6.38  5.84  5.45  5.06  4.12  3.04  2.65  2.00  1.08  0.64  0.38  0.19  0.07  0.05  0.05
 3  80  0.04  0.12  0.20  0.39  0.79  1.19  1.99  4.03  5.58  6.58  7.13  7.00  6.73  6.52  5.79  5.28  5.00  4.12  3.06  2.69  2.04  1.12  0.63  0.37  0.18  0.07  0.05  0.05
 3  85  0.04  0.12  0.20  0.39  0.79  1.19  1.99  4.03  5.59  6.58  7.13  7.00  6.74  6.53  5.79  5.28  5.00  4.12  3.06  2.69  2.04  1.12  0.63  0.37  0.18  0.07  0.05  0.05
 3  90  0.04  0.12  0.20  0.39  0.79  1.19  1.99  4.03  5.59  6.59  7.14  7.01  6.74  6.53  5.79  5.29  5.00  4.12  3.06  2.69  2.04  1.12  0.63  0.37  0.18  0.07  0.05  0.05
 4 -90  0.05  0.16  0.26  0.53  1.07  1.61  2.71  5.54  6.31  6.47  6.17  5.45  4.86  4.24  3.56  2.75  2.28  2.86  2.41  2.07  1.37  0.47  0.28  0.18  0.10  0.05  0.03  0.03
 4 -85  0.05  0.16  0.26  0.53  1.07  1.61  2.71  5.54  6.31  6.47  6.17  5.44  4.86  4.24  3.57  2.75  2.28  2.86  2.42  2.07  1.37  0.47  0.28  0.18  0.10  0.05  0.03  0.03
 4 -80  0.05  0.16  0.26  0.53  1.07  1.61  2.71  5.54  6.31  6.47  6.17  5.44  4.86  4.24  3.57  2.75  2.28  2.86  2.42  2.07  1.37  0.47  0.28  0.18  0.10  0.05  0.03  0.03
 4 -75  0.05  0.15  0.25  0.51  1.03  1.55  2.60  5.32  6.52  6.94  6.70  5.92  5.28  4.62  3.98  3.19  2.59  2.80  2.37  2.04  1.38  0.46  0.28  0.17  0.10  0.05  0.03  0.03
 4 -70  0.05  0.15  0.25  0.49  0.99  1.49  2.50  5.10  6.68  7.39  7.22  6.42  5.70  5.00  4.37  3.69  3.00  2.75  2.29  1.99  1.36  0.44  0.27  0.17  0.11  0.05  0.03  0.03
 4 -65  0.05  0.14  0.24  0.47  0.95  1.42  2.39  4.87  6.62  7.49  7.57  6.96  6.22  5.49  4.87  4.36  3.48  2.76  2.10  1.81  1.22  0.40  0.25  0.16  0.10  0.05  0.03  0.03
 4 -60  0.05  0.14  0.23  0.45  0.91  1.37  2.29  4.66  6.56  7.59  7.92  7.49  6.74  5.98  5.38  4.98  3.94  2.79  1.92  1.64  1.08  0.36  0.22  0.15  0.10  0.05  0.03  0.03
 4 -55  0.04  0.13  0.22  0.43  0.87  1.31  2.19  4.46  6.41  7.54  8.09  7.84  7.17  6.42  5.96  5.71  4.39  2.72  1.64  1.36  0.83  0.29  0.18  0.13  0.08  0.04  0.03  0.03
 4 -50  0.04  0.12  0.21  0.41  0.83  1.25  2.09  4.25  6.31  7.57  8.32  8.18  7.67  6.91  6.59  6.46  4.79  2.63  1.40  1.11  0.59  0.22  0.13  0.11  0.07  0.04  0.03  0.03
 4 -45  0.04  0.12  0.19  0.39  0.78  1.18  1.98  4.01  5.96  7.25  8.27  8.56  8.24  7.53  6.85  6.31  4.62  2.50  1.35  1.04  0.51  0.18  0.11  0.08  0.05  0.04  0.03  0.03
 4 -40  0.04  0.11  0.19  0.37  0.75  1.13  1.89  3.83  5.64  6.98  8.26  8.90  8.76  8.14  6.98  6.11  4.46  2.37  1.26  0.96  0.45  0.14  0.11  0.06  0.04  0.03  0.03  0.03
 4 -35  0.04  0.11  0.18  0.35  0.71  1.06  1.78  3.60  5.27  6.47  7.97  8.95  9.06  8.59  7.18  6.14  4.27  2.16  1.07  0.81  0.37  0.13  0.08  0.05  0.04  0.03  0.03  0.03
 4 -30  0.03  0.10  0.17  0.34  0.68  1.02  1.70  3.45  5.06  6.24  7.80  9.08  9.34  9.02  7.41  6.22  4.13  1.97  0.90  0.67  0.29  0.09  0.05  0.04  0.03  0.03  0.03  0.03
 4 -25  0.03  0.10  0.16  0.33  0.65  0.98  1.64  3.32  4.81  5.94  7.63  9.20  9.70  9.48  7.75  6.56  4.13  1.85  0.69  0.51  0.20  0.05  0.03  0.03  0.03  0.03  0.03  0.03
 4 -20  0.03  0.09  0.16  0.31  0.63  0.94  1.57  3.17  4.76  5.97  7.52  9.16 10.01 10.13  8.19  6.89  4.16  1.61  0.49  0.34  0.11  0.04  0.03  0.02  0.02  0.03  0.03  0.03
 4 -15  0.03  0.09  0.15  0.31  0.61  0.92  1.54  3.10  4.55  5.54  7.18  9.21 10.10 10.21  8.28  6.99  4.12  1.53  0.46  0.31  0.11  0.03  0.02  0.02  0.02  0.03  0.03  0.02
 4 -10  0.03  0.09  0.15  0.30  0.61  0.91  1.52  3.06  4.32  5.32  6.88  8.86  9.97 10.36  8.37  7.13  4.16  1.45  0.44  0.30  0.12  0.03  0.02  0.02  0.02  0.02  0.02  0.02
 4  -5  0.03  0.09  0.15  0.30  0.60  0.90  1.50  3.03  4.25  5.21  6.98  8.69  9.78 10.29  8.29  7.10  4.14  1.46  0.43  0.30  0.13  0.02  0.02  0.02  0.02  0.02  0.02  0.02
 4   0  0.03  0.09  0.15  0.31  0.61  0.92  1.55  3.12  4.31  5.32  7.12  9.09 10.25 10.59  8.31  6.98  4.03  1.36  0.42  0.29  0.13  0.02  0.02  0.02  0.02  0.02  0.02  0.02
 4   5  0.03  0.09  0.15  0.30  0.61  0.91  1.52  3.07  4.41  5.27  7.12  8.88  9.92 10.33  8.13  6.97  4.16  1.47  0.57  0.38  0.14  0.03  0.02  0.02  0.02  0.03  0.03  0.02
 4  10  0.03  0.09  0.15  0.30  0.59  0.89  1.48  2.99  4.15  4.98  6.82  8.53  9.43  9.64  8.01  7.08  4.35  1.63  0.76  0.51  0.17  0.03  0.02  0.02  0.02  0.03  0.03  0.03
 4  15  0.03  0.09  0.15  0.30  0.59  0.89  1.48  2.98  4.36  5.26  7.08  8.53  9.07  9.16  7.69  6.81  4.30  1.75  0.85  0.59  0.19  0.03  0.03  0.03  0.03  0.03  0.04  0.04
 4  20  0.03  0.09  0.15  0.31  0.61  0.92  1.54  3.10  4.48  5.50  7.18  8.68  9.15  8.95  7.52  6.67  4.37  1.84  0.90  0.63  0.21  0.05  0.03  0.03  0.04  0.04  0.04  0.04
 4  25  0.03  0.09  0.15  0.31  0.61  0.92  1.54  3.11  4.55  5.56  7.17  8.54  8.85  8.58  7.38  6.62  4.51  2.16  1.04  0.77  0.32  0.08  0.05  0.04  0.04  0.04  0.04  0.04
 4  30  0.03  0.09  0.15  0.31  0.62  0.93  1.56  3.14  4.64  5.75  7.33  8.44  8.74  8.48  7.39  6.68  4.72  2.36  1.16  0.88  0.41  0.16  0.09  0.06  0.05  0.05  0.04  0.04
 4  35  0.03  0.09  0.16  0.31  0.63  0.94  1.57  3.18  4.77  5.89  7.60  8.56  8.80  8.43  7.40  6.69  4.74  2.65  1.39  1.08  0.58  0.34  0.15  0.09  0.06  0.05  0.04  0.04
 4  40  0.03  0.10  0.16  0.32  0.64  0.96  1.60  3.24  4.68  5.81  7.44  8.66  8.86  8.31  7.24  6.60  4.74  2.91  1.67  1.29  0.77  0.44  0.30  0.12  0.07  0.05  0.05  0.04
 4  45  0.03  0.09  0.16  0.31  0.63  0.94  1.58  3.18  4.74  5.92  7.73  8.70  8.63  8.14  7.13  6.43  4.87  3.18  1.80  1.48  0.94  0.53  0.38  0.16  0.09  0.06  0.05  0.05
 4  50  0.03  0.09  0.15  0.31  0.61  0.92  1.54  3.10  4.75  6.06  7.71  8.54  8.26  7.71  6.87  6.24  4.96  3.38  2.02  1.68  1.06  0.61  0.42  0.30  0.11  0.06  0.05  0.05
 4  55  0.03  0.09  0.15  0.31  0.61  0.92  1.54  3.11  4.74  6.01  7.63  8.31  7.98  7.39  6.55  5.97  5.06  3.59  2.24  1.88  1.24  0.69  0.47  0.33  0.13  0.07  0.05  0.05
 4  60  0.03  0.09  0.16  0.31  0.63  0.94  1.57  3.18  4.82  6.11  7.64  8.12  7.69  7.04  6.24  5.69  5.16  3.80  2.49  2.10  1.42  0.78  0.55  0.36  0.14  0.07  0.05  0.05
 4  65  0.03  0.09  0.16  0.32  0.63  0.95  1.59  3.21  4.82  6.10  7.47  7.79  7.31  6.66  6.03  5.59  5.04  3.84  2.68  2.27  1.57  0.92  0.65  0.41  0.14  0.07  0.05  0.05
 4  70  0.03  0.10  0.16  0.32  0.64  0.96  1.60  3.24  4.83  6.08  7.31  7.46  6.92  6.27  5.82  5.48  4.93  3.88  2.88  2.45  1.72  1.06  0.76  0.46  0.23  0.07  0.05  0.05
 4  75  0.03  0.10  0.16  0.32  0.65  0.98  1.63  3.30  4.81  6.00  7.01  7.03  6.50  5.92  5.62  5.40  4.88  3.95  2.98  2.56  1.85  1.13  0.77  0.46  0.23  0.07  0.05  0.05
 4  80  0.03  0.10  0.17  0.33  0.66  1.00  1.67  3.37  4.79  5.93  6.71  6.60  6.08  5.56  5.43  5.32  4.85  4.01  3.06  2.64  1.95  1.19  0.77  0.45  0.21  0.07  0.05  0.05
 4  85  0.03  0.10  0.17  0.33  0.66  1.00  1.67  3.37  4.79  5.94  6.72  6.60  6.09  5.57  5.44  5.32  4.85  4.01  3.06  2.64  1.95  1.19  0.77  0.45  0.21  0.08  0.06  0.05
 4  90  0.03  0.10  0.17  0.33  0.66  1.00  1.67  3.37  4.80  5.94  6.73  6.61  6.09  5.57  5.44  5.33  4.86  4.01  3.06  2.64  1.95  1.19  0.77  0.45  0.21  0.08  0.06  0.05
 5 -90  0.06  0.17  0.29  0.58  1.17  1.77  2.98  6.15  6.79  6.99  6.29  4.89  4.07  3.39  3.11  2.81  3.02  2.97  2.31  1.95  1.30  0.47  0.25  0.15  0.08  0.04  0.03  0.03
 5 -85  0.06  0.17  0.29  0.58  1.17  1.77  2.98  6.15  6.79  6.99  6.29  4.89  4.07  3.39  3.11  2.81  3.02  2.97  2.31  1.95  1.30  0.47  0.25  0.15  0.08  0.04  0.03  0.03
 5 -80  0.06  0.17  0.29  0.58  1.17  1.77  2.98  6.15  6.79  6.99  6.29  4.89  4.07  3.39  3.11  2.81  3.02  2.97  2.31  1.95  1.30  0.47  0.25  0.15  0.09  0.04  0.03  0.03
 5 -75  0.06  0.17  0.28  0.57  1.14  1.72  2.91  5.98  6.86  7.21  6.73  5.53  4.78  4.12  3.67  3.18  3.06  2.83  2.16  1.83  1.24  0.44  0.23  0.14  0.09  0.04  0.03  0.03
 5 -70  0.05  0.16  0.27  0.55  1.11  1.67  2.81  5.77  6.90  7.40  7.14  6.17  5.51  4.86  4.27  3.62  3.13  2.66  1.98  1.68  1.13  0.41  0.22  0.14  0.08  0.04  0.03  0.03
 5 -65  0.05  0.16  0.28  0.55  1.11  1.67  2.81  5.75  7.13  7.71  7.41  6.52  5.87  5.23  4.86  4.39  3.69  2.76  1.91  1.60  1.02  0.39  0.21  0.14  0.08  0.04  0.03  0.03
 5 -60  0.06  0.17  0.28  0.55  1.11  1.67  2.81  5.73  7.35  8.04  7.71  6.89  6.24  5.60  5.33  5.11  4.33  2.90  1.85  1.53  0.91  0.38  0.21  0.14  0.08  0.04  0.03  0.03
 5 -55  0.05  0.16  0.26  0.53  1.06  1.60  2.69  5.47  7.29  8.17  7.99  7.33  6.61  5.94  5.66  5.58  4.62  2.75  1.67  1.35  0.76  0.35  0.19  0.14  0.07  0.04  0.03  0.03
 5 -50  0.05  0.15  0.25  0.51  1.02  1.54  2.59  5.27  7.33  8.45  8.36  7.75  7.08  6.34  6.07  6.08  4.85  2.55  1.50  1.18  0.61  0.34  0.18  0.11  0.06  0.04  0.03  0.03
 5 -45  0.05  0.14  0.23  0.47  0.94  1.42  2.38  4.84  6.95  8.15  8.49  8.22  7.74  7.02  6.49  6.10  4.72  2.47  1.43  1.09  0.51  0.29  0.15  0.08  0.05  0.03  0.03  0.03
 5 -40  0.04  0.13  0.21  0.43  0.86  1.29  2.17  4.41  6.44  7.77  8.54  8.59  8.23  7.60  6.68  6.06  4.63  2.39  1.32  0.99  0.43  0.24  0.12  0.07  0.04  0.03  0.03  0.03
 5 -35  0.04  0.12  0.20  0.39  0.79  1.19  1.99  4.03  5.91  7.15  8.24  8.69  8.60  8.05  7.12  6.45  4.52  2.17  1.09  0.81  0.34  0.19  0.09  0.05  0.04  0.03  0.03  0.03
 5 -30  0.04  0.11  0.18  0.36  0.73  1.10  1.84  3.73  5.53  6.77  8.02  8.82  8.87  8.48  7.54  6.86  4.48  1.99  0.87  0.64  0.23  0.10  0.06  0.04  0.03  0.03  0.03  0.03
 5 -25  0.03  0.10  0.17  0.35  0.70  1.05  1.76  3.56  5.20  6.36  7.78  8.93  9.30  9.02  7.73  6.88  4.36  1.93  0.71  0.51  0.18  0.06  0.04  0.03  0.03  0.03  0.03  0.03
 5 -20  0.03  0.10  0.17  0.33  0.67  1.01  1.69  3.41  5.12  6.35  7.68  8.90  9.60  9.77  8.02  6.89  4.26  1.76  0.55  0.39  0.12  0.04  0.03  0.03  0.03  0.03  0.03  0.03
 5 -15  0.03  0.10  0.16  0.32  0.65  0.98  1.63  3.30  4.85  5.97  7.51  9.06  9.69  9.91  8.24  7.05  4.23  1.63  0.47  0.33  0.12  0.03  0.02  0.02  0.02  0.03  0.03  0.03
 5 -10  0.03  0.10  0.16  0.32  0.64  0.97  1.62  3.28  4.66  5.77  7.26  8.83  9.67 10.05  8.38  7.25  4.31  1.52  0.41  0.29  0.11  0.03  0.02  0.02  0.02  0.03  0.03  0.02
 5  -5  0.03  0.10  0.16  0.32  0.64  0.96  1.61  3.26  4.55  5.58  7.30  8.73  9.46  9.96  8.21  7.02  4.11  1.38  0.36  0.26  0.11  0.03  0.02  0.02  0.02  0.02  0.02  0.02
 5   0  0.03  0.09  0.16  0.32  0.63  0.95  1.59  3.21  4.51  5.53  7.34  9.01  9.75 10.17  8.10  6.71  3.84  1.14  0.32  0.23  0.11  0.03  0.02  0.02  0.02  0.02  0.02  0.02
 5   5  0.03  0.09  0.16  0.31  0.63  0.94  1.58  3.18  4.55  5.44  7.24  8.86  9.71 10.08  8.06  6.92  4.15  1.40  0.46  0.33  0.16  0.03  0.02  0.02  0.02  0.03  0.03  0.02
 5  10  0.03  0.09  0.15  0.30  0.61  0.91  1.52  3.07  4.21  5.07  6.88  8.54  9.42  9.62  8.07  7.25  4.54  1.68  0.66  0.48  0.22  0.03  0.02  0.02  0.02  0.03  0.03  0.03
 5  15  0.03  0.09  0.15  0.30  0.60  0.91  1.52  3.05  4.33  5.27  7.10  8.63  9.20  9.23  7.85  7.09  4.44  1.83  0.76  0.56  0.25  0.04  0.03  0.03  0.03  0.03  0.04  0.03
 5  20  0.03  0.09  0.15  0.31  0.62  0.93  1.56  3.14  4.44  5.44  7.11  8.76  9.30  9.02  7.77  7.03  4.40  1.94  0.82  0.60  0.28  0.05  0.04  0.03  0.04  0.04  0.04  0.04
 5  25  0.03  0.09  0.15  0.31  0.61  0.92  1.54  3.10  4.41  5.40  7.06  8.57  8.95  8.74  7.62  6.85  4.58  2.17  0.96  0.73  0.36  0.09  0.05  0.04  0.04  0.04  0.04  0.04
 5  30  0.03  0.09  0.15  0.30  0.60  0.90  1.51  3.05  4.45  5.45  7.11  8.39  8.81  8.68  7.56  6.77  4.81  2.34  1.11  0.87  0.44  0.15  0.08  0.05  0.05  0.05  0.04  0.04
 5  35  0.03  0.09  0.15  0.30  0.60  0.91  1.52  3.06  4.49  5.53  7.25  8.44  8.85  8.63  7.52  6.73  4.82  2.59  1.29  1.02  0.57  0.32  0.12  0.07  0.06  0.05  0.04  0.04
 5  40  0.03  0.09  0.15  0.30  0.61  0.91  1.53  3.09  4.31  5.33  6.90  8.41  8.90  8.57  7.37  6.62  4.82  2.80  1.50  1.19  0.72  0.41  0.19  0.10  0.07  0.05  0.05  0.04
 5  45  0.03  0.09  0.15  0.29  0.59  0.88  1.48  2.98  4.32  5.34  7.11  8.41  8.68  8.34  7.20  6.46  4.82  2.97  1.63  1.36  0.89  0.49  0.34  0.14  0.09  0.06  0.05  0.05
 5  50  0.03  0.08  0.14  0.28  0.56  0.84  1.41  2.84  4.22  5.29  6.99  8.21  8.34  7.97  6.98  6.26  4.78  3.09  1.84  1.55  1.01  0.58  0.40  0.18  0.10  0.06  0.05  0.05
 5  55  0.03  0.08  0.14  0.27  0.55  0.82  1.37  2.76  4.08  5.11  6.81  7.96  8.04  7.59  6.61  5.95  4.75  3.22  2.01  1.70  1.12  0.64  0.45  0.31  0.12  0.07  0.05  0.05
 5  60  0.03  0.08  0.14  0.27  0.55  0.82  1.38  2.78  4.09  5.12  6.77  7.79  7.76  7.19  6.27  5.65  4.73  3.37  2.21  1.87  1.24  0.71  0.53  0.34  0.13  0.07  0.05  0.05
 5  65  0.03  0.08  0.13  0.27  0.54  0.81  1.35  2.72  4.00  5.01  6.60  7.46  7.32  6.69  5.79  5.16  4.37  3.36  2.38  2.03  1.40  0.82  0.62  0.40  0.14  0.07  0.05  0.05
 5  70  0.03  0.08  0.13  0.26  0.52  0.79  1.32  2.66  3.91  4.90  6.43  7.13  6.88  6.18  5.30  4.67  4.01  3.34  2.55  2.20  1.56  0.94  0.71  0.47  0.29  0.07  0.06  0.05
 5  75  0.03  0.08  0.13  0.26  0.52  0.79  1.32  2.66  3.95  4.97  6.45  6.89  6.49  5.74  5.09  4.63  4.10  3.42  2.60  2.25  1.61  0.97  0.71  0.46  0.28  0.08  0.06  0.05
 5  80  0.03  0.08  0.13  0.26  0.52  0.79  1.32  2.66  3.99  5.03  6.47  6.66  6.11  5.29  4.88  4.58  4.21  3.49  2.63  2.28  1.64  0.99  0.71  0.46  0.28  0.08  0.06  0.05
 5  85  0.03  0.08  0.13  0.26  0.52  0.79  1.32  2.66  3.99  5.04  6.47  6.66  6.11  5.30  4.88  4.58  4.21  3.49  2.64  2.28  1.64  0.99  0.71  0.46  0.28  0.08  0.06  0.05
 5  90  0.03  0.08  0.13  0.26  0.52  0.79  1.32  2.66  4.00  5.04  6.48  6.67  6.11  5.30  4.88  4.59  4.21  3.49  2.64  2.28  1.64  0.99  0.71  0.46  0.28  0.08  0.06  0.05
 6 -90  0.06  0.18  0.30  0.59  1.19  1.80  3.04  6.28  7.04  7.37  6.63  5.02  4.29  3.90  3.44  3.16  3.02  2.91  2.16  1.88  1.35  0.48  0.21  0.12  0.07  0.04  0.03  0.03
 6 -85  0.06  0.18  0.30  0.59  1.19  1.80  3.04  6.28  7.04  7.37  6.63  5.02  4.29  3.90  3.44  3.16  3.02  2.91  2.16  1.88  1.35  0.48  0.21  0.13  0.07  0.04  0.03  0.03
 6 -80  0.06  0.18  0.30  0.59  1.19  1.80  3.04  6.28  7.04  7.37  6.63  5.01  4.29  3.90  3.44  3.16  3.02  2.91  2.16  1.88  1.35  0.48  0.21  0.13  0.07  0.04  0.03  0.03
 6 -75  0.06  0.18  0.29  0.59  1.19  1.79  3.03  6.24  7.06  7.45  6.98  5.55  4.85  4.34  3.80  3.37  3.12  2.89  2.11  1.84  1.34  0.48  0.21  0.14  0.07  0.04  0.03  0.03
 6 -70  0.06  0.17  0.29  0.58  1.17  1.77  2.99  6.15  7.07  7.52  7.28  6.10  5.43  4.80  4.23  3.67  3.25  2.84  2.06  1.78  1.31  0.46  0.20  0.13  0.07  0.04  0.03  0.03
 6 -65  0.06  0.17  0.29  0.57  1.16  1.74  2.94  6.03  7.14  7.67  7.38  6.31  5.65  5.01  4.71  4.31  3.70  2.89  2.02  1.71  1.19  0.46  0.23  0.13  0.07  0.04  0.03  0.03
 6 -60  0.06  0.17  0.28  0.56  1.13  1.71  2.88  5.89  7.18  7.79  7.44  6.52  5.87  5.22  5.12  4.90  4.19  2.97  1.98  1.64  1.09  0.45  0.26  0.13  0.07  0.04  0.03  0.03
 6 -55  0.05  0.16  0.27  0.55  1.11  1.67  2.80  5.71  7.32  8.06  7.69  6.87  6.16  5.52  5.43  5.43  4.51  2.88  1.77  1.46  0.91  0.39  0.27  0.12  0.06  0.04  0.03  0.03
 6 -50  0.05  0.16  0.27  0.55  1.10  1.65  2.78  5.66  7.56  8.56  8.04  7.26  6.56  5.88  5.79  5.97  4.78  2.68  1.55  1.26  0.74  0.35  0.27  0.11  0.06  0.04  0.03  0.03
 6 -45  0.05  0.15  0.25  0.50  1.00  1.51  2.54  5.17  7.25  8.40  8.42  7.92  7.39  6.70  6.23  5.94  4.69  2.59  1.48  1.18  0.65  0.31  0.24  0.10  0.05  0.03  0.03  0.03
 6 -40  0.04  0.13  0.22  0.45  0.90  1.35  2.27  4.61  6.72  8.03  8.59  8.37  7.90  7.28  6.39  5.88  4.66  2.51  1.38  1.09  0.59  0.27  0.20  0.08  0.05  0.03  0.03  0.03
 6 -35  0.04  0.12  0.20  0.41  0.82  1.23  2.06  4.18  6.10  7.33  8.25  8.50  8.35  7.77  6.86  6.25  4.69  2.27  1.14  0.89  0.47  0.22  0.12  0.07  0.05  0.03  0.03  0.03
 6 -30  0.04  0.11  0.18  0.37  0.74  1.11  1.87  3.78  5.62  6.86  7.99  8.63  8.63  8.21  7.26  6.62  4.80  2.12  0.89  0.69  0.32  0.15  0.07  0.05  0.04  0.03  0.03  0.03
 6 -25  0.04  0.11  0.18  0.36  0.72  1.08  1.81  3.67  5.37  6.51  7.77  8.69  9.00  8.67  7.50  6.77  4.61  1.97  0.71  0.54  0.23  0.06  0.04  0.03  0.03  0.03  0.03  0.03
 6 -20  0.03  0.10  0.17  0.35  0.70  1.05  1.77  3.59  5.36  6.56  7.76  8.67  9.21  9.35  7.84  6.91  4.41  1.75  0.54  0.39  0.13  0.04  0.03  0.03  0.03  0.03  0.03  0.03
 6 -15  0.03  0.10  0.17  0.34  0.68  1.02  1.70  3.45  5.10  6.34  7.79  8.94  9.34  9.56  8.02  6.87  4.19  1.63  0.50  0.36  0.13  0.03  0.03  0.02  0.03  0.03  0.03  0.03
 6 -10  0.03  0.10  0.17  0.34  0.68  1.02  1.70  3.45  4.98  6.19  7.67  8.87  9.39  9.62  8.07  6.87  4.09  1.55  0.47  0.34  0.13  0.03  0.02  0.02  0.02  0.03  0.03  0.03
 6  -5  0.03  0.10  0.17  0.34  0.67  1.01  1.69  3.44  4.83  5.92  7.66  8.86  9.19  9.53  8.21  7.08  4.22  1.53  0.43  0.32  0.13  0.03  0.02  0.02  0.02  0.03  0.03  0.02
 6   0  0.03  0.10  0.16  0.32  0.64  0.97  1.62  3.26  4.67  5.69  7.53  8.97  9.25  9.61  8.34  7.24  4.31  1.44  0.39  0.29  0.14  0.03  0.02  0.02  0.02  0.03  0.03  0.02
 6   5  0.03  0.10  0.16  0.32  0.65  0.97  1.63  3.29  4.68  5.65  7.40  8.92  9.51  9.71  8.22  7.26  4.46  1.58  0.48  0.35  0.18  0.03  0.02  0.02  0.02  0.03  0.03  0.02
 6  10  0.03  0.09  0.16  0.31  0.62  0.94  1.57  3.15  4.35  5.27  7.05  8.65  9.44  9.55  8.14  7.38  4.69  1.72  0.63  0.46  0.22  0.03  0.02  0.02  0.03  0.03  0.03  0.03
 6  15  0.03  0.09  0.16  0.31  0.62  0.94  1.57  3.16  4.41  5.43  7.22  8.77  9.34  9.31  7.88  7.10  4.62  1.85  0.71  0.54  0.25  0.04  0.03  0.03  0.03  0.03  0.03  0.03
 6  20  0.03  0.10  0.16  0.32  0.64  0.96  1.60  3.24  4.54  5.56  7.20  8.85  9.41  9.08  7.71  6.90  4.54  1.94  0.76  0.56  0.27  0.05  0.04  0.03  0.04  0.04  0.04  0.03
 6  25  0.03  0.09  0.16  0.31  0.62  0.94  1.57  3.17  4.42  5.42  7.13  8.63  9.03  8.86  7.74  6.94  4.64  2.07  0.83  0.62  0.31  0.08  0.05  0.04  0.04  0.04  0.04  0.04
 6  30  0.03  0.09  0.15  0.30  0.61  0.91  1.53  3.08  4.42  5.35  7.05  8.39  8.85  8.76  7.79  7.05  4.78  2.20  0.91  0.71  0.35  0.12  0.06  0.05  0.04  0.04  0.04  0.04
 6  35  0.03  0.09  0.15  0.30  0.60  0.91  1.52  3.07  4.41  5.39  7.09  8.36  8.81  8.66  7.61  6.82  4.73  2.47  1.14  0.89  0.47  0.17  0.09  0.06  0.05  0.05  0.04  0.04
 6  40  0.03  0.09  0.15  0.30  0.60  0.90  1.50  3.04  4.19  5.15  6.68  8.22  8.77  8.59  7.37  6.57  4.72  2.73  1.38  1.10  0.60  0.33  0.14  0.08  0.06  0.05  0.05  0.04
 6  45  0.03  0.09  0.14  0.29  0.58  0.87  1.45  2.93  4.16  5.11  6.76  8.09  8.48  8.22  7.10  6.38  4.74  2.84  1.51  1.25  0.80  0.41  0.27  0.11  0.08  0.06  0.05  0.04
 6  50  0.03  0.08  0.13  0.27  0.54  0.81  1.36  2.73  4.01  4.98  6.57  7.82  8.13  7.85  6.87  6.15  4.71  2.93  1.70  1.44  0.93  0.51  0.35  0.15  0.09  0.06  0.05  0.05
 6  55  0.03  0.08  0.13  0.26  0.52  0.78  1.30  2.61  3.78  4.67  6.26  7.47  7.75  7.40  6.46  5.81  4.50  2.98  1.82  1.54  1.01  0.56  0.40  0.18  0.10  0.06  0.05  0.05
 6  60  0.03  0.08  0.13  0.26  0.51  0.77  1.29  2.59  3.73  4.61  6.13  7.24  7.43  6.95  6.11  5.52  4.29  3.03  1.96  1.66  1.09  0.61  0.46  0.29  0.11  0.07  0.05  0.05
 6  65  0.02  0.07  0.12  0.25  0.49  0.74  1.24  2.50  3.60  4.47  5.98  6.97  7.04  6.46  5.59  4.97  3.92  2.97  2.09  1.78  1.21  0.68  0.54  0.34  0.12  0.07  0.06  0.05
 6  70  0.02  0.07  0.12  0.24  0.48  0.72  1.20  2.41  3.49  4.33  5.83  6.70  6.64  5.97  5.06  4.42  3.56  2.91  2.21  1.91  1.34  0.75  0.61  0.38  0.14  0.07  0.06  0.05
 6  75  0.02  0.07  0.11  0.23  0.46  0.69  1.15  2.33  3.42  4.29  5.86  6.59  6.39  5.63  4.82  4.24  3.56  2.92  2.27  1.97  1.40  0.79  0.64  0.40  0.16  0.08  0.06  0.05
 6  80  0.02  0.07  0.11  0.22  0.44  0.67  1.11  2.24  3.36  4.25  5.89  6.49  6.14  5.29  4.57  4.07  3.60  2.95  2.31  2.01  1.46  0.81  0.65  0.42  0.25  0.08  0.06  0.05
 6  85  0.02  0.07  0.11  0.22  0.44  0.67  1.11  2.24  3.36  4.25  5.89  6.49  6.14  5.29  4.57  4.07  3.60  2.95  2.31  2.01  1.46  0.81  0.65  0.42  0.25  0.09  0.06  0.05
 6  90  0.02  0.07  0.11  0.22  0.44  0.67  1.11  2.24  3.37  4.25  5.89  6.50  6.15  5.29  4.58  4.07  3.60  2.95  2.31  2.01  1.46  0.81  0.65  0.42  0.25  0.09  0.06  0.05
 7 -90  0.05  0.16  0.27  0.53  1.07  1.62  2.75  5.70  6.54  6.97  6.48  5.20  4.50  4.19  3.58  3.27  3.18  2.77  2.14  1.84  1.26  0.50  0.27  0.12  0.06  0.04  0.03  0.03
 7 -85  0.05  0.16  0.27  0.53  1.07  1.62  2.75  5.70  6.54  6.97  6.48  5.20  4.50  4.19  3.58  3.27  3.18  2.77  2.14  1.84  1.26  0.50  0.27  0.12  0.06  0.04  0.03  0.03
 7 -80  0.05  0.16  0.27  0.53  1.07  1.62  2.75  5.70  6.54  6.97  6.48  5.20  4.50  4.19  3.58  3.27  3.18  2.77  2.14  1.84  1.26  0.50  0.27  0.12  0.06  0.04  0.03  0.03
 7 -75  0.05  0.15  0.25  0.50  1.00  1.52  2.57  5.32  6.29  6.80  6.69  5.65  5.09  4.68  3.89  3.38  3.07  2.75  2.12  1.83  1.29  0.50  0.28  0.12  0.06  0.04  0.03  0.03
 7 -70  0.05  0.14  0.23  0.46  0.92  1.39  2.36  4.88  6.01  6.60  6.83  6.13  5.70  5.14  4.26  3.55  2.99  2.71  2.08  1.81  1.30  0.50  0.29  0.12  0.06  0.04  0.03  0.03
 7 -65  0.05  0.14  0.23  0.47  0.94  1.42  2.39  4.93  6.28  6.95  7.12  6.31  5.74  5.07  4.71  4.28  3.65  2.80  2.02  1.73  1.23  0.49  0.25  0.12  0.06  0.04  0.03  0.03
 7 -60  0.05  0.14  0.24  0.47  0.95  1.43  2.41  4.94  6.50  7.25  7.34  6.50  5.79  5.05  5.12  4.98  4.30  2.94  1.95  1.66  1.17  0.46  0.28  0.13  0.07  0.04  0.03  0.03
 7 -55  0.05  0.14  0.23  0.46  0.92  1.38  2.32  4.73  6.55  7.43  7.58  6.92  6.11  5.38  5.50  5.59  4.62  2.92  1.80  1.50  0.97  0.39  0.27  0.13  0.07  0.04  0.03  0.03
 7 -50  0.05  0.14  0.23  0.46  0.92  1.38  2.31  4.70  6.69  7.83  7.92  7.35  6.56  5.75  5.86  6.20  4.91  2.79  1.62  1.32  0.78  0.33  0.26  0.13  0.07  0.04  0.03  0.03
 7 -45  0.04  0.13  0.22  0.44  0.88  1.33  2.23  4.54  6.62  7.83  8.31  8.00  7.47  6.71  6.35  6.19  4.89  2.79  1.58  1.27  0.69  0.30  0.23  0.12  0.06  0.04  0.03  0.03
 7 -40  0.04  0.12  0.21  0.42  0.83  1.25  2.10  4.27  6.27  7.60  8.41  8.38  7.93  7.34  6.54  6.14  4.93  2.79  1.55  1.22  0.64  0.26  0.20  0.11  0.06  0.03  0.03  0.03
 7 -35  0.04  0.12  0.19  0.39  0.78  1.18  1.97  4.00  5.86  7.09  8.13  8.47  8.35  7.79  6.83  6.22  4.82  2.55  1.34  1.04  0.52  0.22  0.16  0.09  0.06  0.04  0.03  0.03
 7 -30  0.04  0.11  0.18  0.37  0.73  1.10  1.85  3.75  5.55  6.77  7.93  8.57  8.58  8.15  7.00  6.27  4.77  2.41  1.11  0.85  0.38  0.16  0.08  0.06  0.04  0.03  0.03  0.03
 7 -25  0.04  0.11  0.18  0.36  0.73  1.09  1.83  3.71  5.46  6.60  7.82  8.61  8.87  8.49  7.27  6.53  4.62  2.15  0.88  0.66  0.27  0.06  0.04  0.04  0.03  0.03  0.03  0.03
 7 -20  0.04  0.11  0.18  0.36  0.72  1.08  1.82  3.70  5.53  6.72  7.92  8.66  9.03  9.06  7.64  6.79  4.44  1.87  0.65  0.47  0.16  0.04  0.03  0.03  0.03  0.03  0.03  0.03
 7 -15  0.03  0.10  0.17  0.34  0.69  1.04  1.74  3.53  5.25  6.60  8.06  8.99  9.26  9.41  8.01  6.91  4.12  1.66  0.57  0.41  0.16  0.04  0.03  0.03  0.03  0.03  0.03  0.03
 7 -10  0.03  0.10  0.17  0.34  0.68  1.03  1.73  3.50  5.15  6.44  8.00  9.07  9.39  9.44  8.18  7.06  3.93  1.49  0.50  0.38  0.15  0.03  0.02  0.02  0.02  0.03  0.03  0.03
 7  -5  0.03  0.10  0.17  0.34  0.68  1.02  1.71  3.48  4.95  6.09  7.94  9.13  9.19  9.34  8.23  7.03  4.12  1.53  0.49  0.37  0.16  0.03  0.02  0.02  0.02  0.03  0.03  0.03
 7   0  0.03  0.09  0.16  0.32  0.63  0.95  1.59  3.22  4.65  5.66  7.59  9.00  9.02  9.27  8.18  6.96  4.29  1.52  0.48  0.36  0.17  0.03  0.02  0.02  0.02  0.03  0.03  0.02
 7   5  0.03  0.10  0.16  0.32  0.65  0.98  1.63  3.31  4.72  5.74  7.51  9.11  9.50  9.53  8.23  7.17  4.49  1.70  0.57  0.42  0.20  0.03  0.02  0.02  0.02  0.03  0.02  0.02
 7  10  0.03  0.09  0.16  0.31  0.63  0.95  1.59  3.20  4.49  5.47  7.26  8.91  9.63  9.65  8.28  7.47  4.76  1.86  0.72  0.52  0.23  0.03  0.02  0.02  0.02  0.03  0.03  0.02
 7  15  0.03  0.10  0.16  0.32  0.64  0.96  1.61  3.24  4.54  5.63  7.40  9.02  9.60  9.52  8.09  7.30  4.79  1.96  0.78  0.58  0.24  0.03  0.03  0.03  0.03  0.03  0.03  0.03
 7  20  0.03  0.10  0.16  0.33  0.66  0.99  1.65  3.35  4.73  5.81  7.43  9.01  9.58  9.22  7.92  7.17  4.75  2.02  0.82  0.59  0.25  0.05  0.03  0.03  0.03  0.04  0.03  0.03
 7  25  0.03  0.10  0.16  0.32  0.64  0.97  1.62  3.26  4.56  5.63  7.40  8.81  9.19  9.02  7.79  6.93  4.67  2.12  0.89  0.64  0.27  0.07  0.04  0.04  0.04  0.04  0.04  0.03
 7  30  0.03  0.09  0.16  0.31  0.63  0.95  1.58  3.19  4.55  5.51  7.24  8.55  8.98  8.84  7.66  6.75  4.60  2.28  0.96  0.73  0.30  0.09  0.05  0.05  0.04  0.04  0.04  0.04
 7  35  0.03  0.09  0.16  0.31  0.62  0.94  1.57  3.17  4.54  5.51  7.22  8.46  8.83  8.68  7.52  6.62  4.56  2.43  1.12  0.86  0.39  0.12  0.07  0.05  0.05  0.05  0.04  0.04
 7  40  0.03  0.09  0.15  0.31  0.61  0.92  1.54  3.11  4.30  5.29  6.85  8.24  8.72  8.54  7.35  6.52  4.59  2.60  1.28  1.02  0.51  0.18  0.09  0.07  0.06  0.05  0.05  0.04
 7  45  0.03  0.09  0.15  0.29  0.59  0.89  1.49  3.01  4.25  5.21  6.79  7.96  8.31  8.05  6.96  6.26  4.60  2.69  1.40  1.16  0.71  0.33  0.15  0.09  0.07  0.05  0.05  0.04
 7  50  0.03  0.08  0.14  0.28  0.55  0.83  1.39  2.81  4.08  5.05  6.55  7.66  7.94  7.66  6.71  6.02  4.57  2.78  1.55  1.31  0.84  0.43  0.29  0.12  0.08  0.06  0.05  0.04
 7  55  0.03  0.08  0.13  0.26  0.52  0.78  1.31  2.64  3.80  4.68  6.17  7.25  7.50  7.15  6.21  5.55  4.34  2.77  1.65  1.41  0.94  0.50  0.36  0.15  0.09  0.06  0.05  0.04
 7  60  0.03  0.08  0.13  0.26  0.51  0.77  1.29  2.59  3.71  4.58  6.03  7.01  7.17  6.70  5.79  5.16  4.10  2.75  1.77  1.52  1.03  0.55  0.41  0.18  0.10  0.06  0.05  0.04
 7  65  0.02  0.07  0.12  0.24  0.49  0.74  1.23  2.48  3.56  4.41  5.83  6.70  6.74  6.16  5.21  4.55  3.64  2.65  1.85  1.61  1.12  0.60  0.46  0.29  0.11  0.07  0.05  0.04
 7  70  0.02  0.07  0.12  0.23  0.47  0.71  1.18  2.38  3.42  4.24  5.64  6.38  6.30  5.63  4.64  3.94  3.18  2.55  1.93  1.69  1.21  0.64  0.51  0.33  0.12  0.07  0.05  0.04
 7  75  0.02  0.07  0.11  0.22  0.45  0.67  1.13  2.27  3.34  4.17  5.63  6.22  6.00  5.24  4.37  3.75  3.13  2.55  1.99  1.74  1.24  0.65  0.53  0.34  0.14  0.07  0.06  0.04
 7  80  0.02  0.06  0.11  0.21  0.43  0.64  1.08  2.17  3.25  4.11  5.62  6.06  5.69  4.85  4.10  3.57  3.10  2.59  2.05  1.79  1.27  0.65  0.55  0.35  0.15  0.08  0.06  0.04
 7  85  0.02  0.06  0.11  0.21  0.43  0.64  1.08  2.17  3.25  4.11  5.62  6.06  5.69  4.85  4.10  3.57  3.10  2.59  2.05  1.79  1.27  0.65  0.55  0.35  0.16  0.08  0.06  0.04
 7  90  0.02  0.06  0.11  0.21  0.43  0.64  1.07  2.17  3.25  4.11  5.61  6.06  5.69  4.85  4.10  3.57  3.10  2.59  2.05  1.79  1.27  0.65  0.55  0.35  0.16  0.08  0.06  0.04
 8 -90  0.04  0.12  0.21  0.42  0.84  1.26  2.14  4.42  5.64  6.23  6.65  6.13  5.66  5.05  3.88  3.08  3.25  3.07  2.35  1.98  1.32  0.52  0.29  0.13  0.07  0.04  0.03  0.03
 8 -85  0.04  0.12  0.21  0.42  0.84  1.26  2.14  4.42  5.64  6.23  6.65  6.13  5.66  5.05  3.88  3.08  3.25  3.07  2.35  1.98  1.32  0.52  0.30  0.13  0.07  0.04  0.03  0.03
 8 -80  0.04  0.12  0.21  0.42  0.84  1.26  2.14  4.42  5.63  6.23  6.65  6.14  5.66  5.05  3.88  3.08  3.25  3.07  2.35  1.98  1.32  0.52  0.30  0.13  0.07  0.04  0.03  0.03
 8 -75  0.04  0.12  0.21  0.42  0.84  1.26  2.13  4.40  5.70  6.32  6.75  6.11  5.62  5.05  4.09  3.36  3.37  3.11  2.38  2.02  1.39  0.54  0.31  0.13  0.07  0.04  0.03  0.03
 8 -70  0.04  0.12  0.21  0.41  0.83  1.25  2.10  4.31  5.72  6.38  6.83  6.13  5.61  5.02  4.32  3.67  3.45  3.10  2.37  2.02  1.42  0.55  0.32  0.13  0.07  0.04  0.03  0.03
 8 -65  0.04  0.12  0.20  0.40  0.80  1.20  2.02  4.12  5.72  6.48  7.09  6.55  5.89  5.18  4.85  4.43  3.91  3.12  2.20  1.87  1.29  0.52  0.34  0.14  0.07  0.04  0.03  0.03
 8 -60  0.04  0.12  0.19  0.39  0.78  1.17  1.96  3.98  5.70  6.60  7.32  6.95  6.18  5.39  5.34  5.17  4.38  3.19  2.04  1.71  1.14  0.48  0.29  0.15  0.07  0.04  0.03  0.03
 8 -55  0.04  0.12  0.19  0.38  0.77  1.16  1.94  3.92  5.72  6.82  7.59  7.46  6.67  5.87  5.65  5.61  4.70  3.23  1.89  1.57  1.00  0.41  0.29  0.15  0.07  0.04  0.03  0.03
 8 -50  0.04  0.12  0.19  0.39  0.78  1.17  1.96  3.96  5.92  7.13  7.97  7.93  7.21  6.29  5.97  6.06  5.07  3.20  1.73  1.43  0.87  0.36  0.28  0.15  0.07  0.04  0.03  0.03
 8 -45  0.04  0.12  0.20  0.39  0.79  1.19  1.99  4.02  6.02  7.23  8.30  8.40  7.94  7.15  6.44  6.10  5.06  3.14  1.69  1.39  0.81  0.34  0.26  0.14  0.07  0.04  0.03  0.03
 8 -40  0.04  0.12  0.19  0.39  0.78  1.18  1.97  3.99  5.81  7.18  8.31  8.59  8.21  7.60  6.62  6.10  5.07  3.07  1.68  1.36  0.78  0.31  0.24  0.13  0.07  0.04  0.03  0.03
 8 -35  0.04  0.11  0.19  0.37  0.75  1.13  1.89  3.83  5.61  6.83  8.12  8.63  8.52  7.93  6.86  6.21  4.91  2.78  1.44  1.15  0.63  0.26  0.19  0.10  0.06  0.04  0.03  0.03
 8 -30  0.04  0.11  0.18  0.36  0.71  1.07  1.80  3.65  5.43  6.66  8.00  8.73  8.69  8.14  6.97  6.27  4.79  2.59  1.18  0.92  0.45  0.19  0.08  0.06  0.05  0.04  0.03  0.03
 8 -25  0.04  0.11  0.18  0.36  0.71  1.07  1.80  3.65  5.41  6.58  7.94  8.79  8.99  8.48  7.22  6.48  4.66  2.26  0.91  0.69  0.31  0.06  0.04  0.04  0.04  0.04  0.04  0.03
 8 -20  0.04  0.11  0.18  0.35  0.71  1.06  1.79  3.64  5.47  6.64  8.03  8.94  9.24  9.05  7.58  6.71  4.49  1.96  0.63  0.46  0.16  0.04  0.03  0.03  0.03  0.03  0.03  0.03
 8 -15  0.03  0.10  0.17  0.33  0.67  1.01  1.69  3.44  5.16  6.53  8.12  9.22  9.54  9.55  8.06  6.89  4.14  1.73  0.58  0.41  0.14  0.04  0.03  0.03  0.03  0.03  0.03  0.03
 8 -10  0.03  0.10  0.16  0.33  0.66  0.99  1.66  3.38  5.01  6.29  8.01  9.31  9.66  9.58  8.30  7.09  3.92  1.52  0.53  0.38  0.12  0.03  0.03  0.03  0.03  0.03  0.03  0.03
 8  -5  0.03  0.10  0.16  0.33  0.65  0.99  1.65  3.36  4.80  5.92  7.92  9.40  9.47  9.49  8.48  7.20  4.08  1.56  0.52  0.38  0.13  0.03  0.03  0.02  0.02  0.03  0.03  0.03
 8   0  0.03  0.09  0.15  0.30  0.61  0.91  1.52  3.08  4.43  5.37  7.38  9.06  9.10  9.29  8.50  7.32  4.23  1.59  0.51  0.37  0.14  0.03  0.02  0.02  0.02  0.03  0.03  0.03
 8   5  0.03  0.09  0.16  0.31  0.63  0.95  1.59  3.22  4.59  5.61  7.44  9.32  9.67  9.61  8.52  7.39  4.45  1.72  0.59  0.42  0.16  0.03  0.02  0.02  0.02  0.03  0.03  0.02
 8  10  0.03  0.09  0.15  0.31  0.62  0.93  1.56  3.16  4.50  5.53  7.32  9.17  9.91  9.89  8.50  7.53  4.72  1.82  0.72  0.52  0.20  0.03  0.02  0.02  0.02  0.03  0.03  0.02
 8  15  0.03  0.10  0.16  0.32  0.64  0.96  1.60  3.24  4.58  5.74  7.49  9.27  9.92  9.82  8.29  7.38  4.76  1.90  0.78  0.58  0.21  0.03  0.03  0.03  0.03  0.03  0.03  0.03
 8  20  0.03  0.10  0.16  0.33  0.66  0.99  1.66  3.37  4.87  6.03  7.66  9.18  9.78  9.44  8.04  7.22  4.71  1.97  0.83  0.59  0.23  0.04  0.03  0.03  0.03  0.04  0.03  0.03
 8  25  0.03  0.10  0.16  0.32  0.65  0.97  1.63  3.29  4.70  5.89  7.73  9.05  9.41  9.20  7.86  6.98  4.63  2.06  0.87  0.62  0.24  0.05  0.04  0.04  0.04  0.04  0.04  0.03
 8  30  0.03  0.10  0.16  0.32  0.64  0.97  1.62  3.27  4.72  5.78  7.56  8.80  9.17  8.95  7.70  6.77  4.55  2.21  0.93  0.69  0.27  0.07  0.05  0.04  0.04  0.04  0.04  0.04
 8  35  0.03  0.10  0.16  0.32  0.64  0.97  1.62  3.27  4.75  5.79  7.51  8.68  8.93  8.71  7.54  6.61  4.49  2.29  1.03  0.79  0.35  0.10  0.06  0.05  0.05  0.05  0.04  0.04
 8  40  0.03  0.09  0.16  0.32  0.63  0.95  1.59  3.21  4.52  5.62  7.25  8.41  8.74  8.47  7.32  6.50  4.53  2.43  1.17  0.92  0.46  0.13  0.08  0.06  0.05  0.05  0.04  0.04
 8  45  0.03  0.09  0.15  0.31  0.62  0.93  1.56  3.15  4.50  5.55  7.09  8.02  8.20  7.87  6.82  6.15  4.45  2.52  1.34  1.10  0.67  0.28  0.12  0.08  0.06  0.05  0.05  0.04
 8  50  0.03  0.09  0.15  0.30  0.59  0.89  1.49  3.02  4.39  5.44  6.87  7.73  7.82  7.42  6.51  5.86  4.33  2.63  1.52  1.27  0.81  0.39  0.24  0.10  0.07  0.05  0.05  0.04
 8  55  0.03  0.08  0.14  0.28  0.56  0.84  1.40  2.82  4.10  5.09  6.50  7.31  7.31  6.85  6.01  5.45  4.07  2.65  1.64  1.38  0.89  0.44  0.29  0.13  0.08  0.06  0.05  0.04
 8  60  0.03  0.08  0.14  0.27  0.55  0.82  1.37  2.77  4.04  5.03  6.42  7.10  6.99  6.39  5.62  5.11  3.80  2.66  1.77  1.49  0.96  0.47  0.32  0.15  0.09  0.06  0.05  0.04
 8  65  0.03  0.08  0.13  0.26  0.53  0.80  1.33  2.68  3.92  4.88  6.19  6.67  6.44  5.76  5.01  4.51  3.44  2.55  1.82  1.55  1.02  0.50  0.35  0.21  0.10  0.06  0.05  0.04
 8  70  0.03  0.08  0.13  0.26  0.51  0.77  1.29  2.60  3.79  4.73  5.95  6.24  5.88  5.12  4.41  3.92  3.08  2.44  1.87  1.61  1.08  0.53  0.39  0.24  0.11  0.06  0.05  0.04
 8  75  0.03  0.08  0.13  0.25  0.50  0.76  1.27  2.55  3.74  4.66  5.73  5.74  5.25  4.47  3.93  3.57  2.99  2.40  1.89  1.64  1.11  0.55  0.40  0.25  0.12  0.07  0.05  0.04
 8  80  0.02  0.07  0.12  0.25  0.50  0.74  1.24  2.51  3.68  4.59  5.51  5.23  4.61  3.81  3.46  3.22  2.94  2.40  1.93  1.68  1.15  0.58  0.41  0.26  0.13  0.07  0.05  0.04
 8  85  0.02  0.07  0.12  0.25  0.50  0.74  1.24  2.51  3.67  4.58  5.50  5.22  4.61  3.81  3.45  3.22  2.94  2.40  1.93  1.68  1.15  0.58  0.41  0.26  0.14  0.07  0.05  0.04
 8  90  0.02  0.07  0.12  0.25  0.50  0.74  1.24  2.50  3.67  4.58  5.49  5.22  4.61  3.81  3.45  3.21  2.94  2.40  1.93  1.68  1.15  0.58  0.41  0.26  0.14  0.07  0.05  0.04
 9 -90  0.04  0.11  0.18  0.36  0.73  1.11  1.86  3.82  5.49  6.32  6.63  5.82  5.29  4.83  4.15  3.56  3.69  3.20  2.35  1.96  1.34  0.55  0.33  0.14  0.07  0.04  0.03  0.03
 9 -85  0.04  0.11  0.18  0.36  0.73  1.11  1.86  3.81  5.49  6.32  6.63  5.82  5.29  4.83  4.15  3.55  3.69  3.20  2.35  1.96  1.34  0.55  0.34  0.14  0.07  0.04  0.03  0.03
 9 -80  0.04  0.11  0.18  0.36  0.73  1.11  1.86  3.81  5.49  6.32  6.63  5.82  5.29  4.82  4.15  3.55  3.69  3.21  2.35  1.96  1.34  0.55  0.35  0.14  0.07  0.04  0.03  0.03
 9 -75  0.04  0.11  0.18  0.35  0.71  1.07  1.80  3.68  5.35  6.22  6.86  6.27  5.64  5.00  4.40  3.83  3.74  3.35  2.48  2.07  1.44  0.59  0.36  0.15  0.07  0.04  0.03  0.03
 9 -70  0.03  0.10  0.17  0.34  0.69  1.04  1.75  3.55  5.17  6.09  7.07  6.74  6.00  5.22  4.64  4.10  3.59  3.34  2.52  2.10  1.48  0.61  0.38  0.15  0.08  0.04  0.03  0.03
 9 -65  0.03  0.10  0.17  0.34  0.68  1.03  1.72  3.49  5.16  6.22  7.32  7.30  6.55  5.72  5.29  4.89  3.91  3.36  2.40  2.02  1.39  0.59  0.30  0.16  0.08  0.04  0.03  0.03
 9 -60  0.03  0.10  0.17  0.34  0.69  1.04  1.74  3.52  5.22  6.35  7.57  7.80  7.11  6.30  5.92  5.68  4.38  3.43  2.28  1.92  1.27  0.56  0.32  0.17  0.08  0.04  0.03  0.03
 9 -55  0.04  0.11  0.18  0.35  0.71  1.06  1.78  3.58  5.31  6.48  7.72  8.14  7.53  6.72  6.14  5.95  4.73  3.39  2.05  1.69  1.03  0.48  0.29  0.18  0.08  0.04  0.03  0.03
 9 -50  0.04  0.11  0.18  0.36  0.71  1.07  1.79  3.60  5.45  6.63  7.92  8.44  7.95  7.02  6.39  6.23  5.16  3.38  1.88  1.51  0.84  0.40  0.27  0.18  0.08  0.04  0.03  0.03
 9 -45  0.04  0.11  0.18  0.36  0.72  1.08  1.80  3.64  5.52  6.70  8.22  8.79  8.46  7.68  6.72  6.27  5.15  3.29  1.81  1.46  0.77  0.37  0.25  0.16  0.08  0.04  0.04  0.03
 9 -40  0.04  0.11  0.18  0.36  0.72  1.08  1.80  3.65  5.37  6.73  8.24  8.88  8.56  7.86  6.81  6.24  5.11  3.19  1.82  1.44  0.76  0.34  0.25  0.14  0.07  0.04  0.04  0.03
 9 -35  0.03  0.10  0.17  0.35  0.69  1.04  1.75  3.53  5.21  6.43  8.05  8.90  8.83  8.21  7.01  6.31  4.94  2.86  1.55  1.20  0.59  0.26  0.20  0.11  0.07  0.04  0.04  0.03
 9 -30  0.03  0.10  0.17  0.33  0.67  1.00  1.68  3.40  5.10  6.30  7.95  9.03  9.04  8.38  7.08  6.31  4.81  2.61  1.27  0.95  0.40  0.17  0.09  0.07  0.05  0.04  0.04  0.04
 9 -25  0.03  0.10  0.17  0.34  0.67  1.01  1.70  3.44  5.12  6.28  7.89  9.03  9.25  8.67  7.30  6.51  4.75  2.32  1.06  0.78  0.30  0.07  0.05  0.04  0.04  0.04  0.04  0.04
 9 -20  0.03  0.10  0.17  0.33  0.66  1.00  1.68  3.40  5.12  6.23  7.87  9.18  9.53  9.19  7.65  6.72  4.66  2.11  0.84  0.59  0.19  0.05  0.03  0.03  0.03  0.03  0.04  0.04
 9 -15  0.03  0.09  0.16  0.31  0.63  0.95  1.59  3.22  4.84  6.13  7.83  9.30  9.79  9.72  8.12  6.89  4.29  1.84  0.71  0.50  0.16  0.04  0.03  0.03  0.03  0.03  0.04  0.04
 9 -10  0.03  0.09  0.15  0.31  0.61  0.92  1.55  3.14  4.63  5.84  7.64  9.27  9.77  9.67  8.33  7.08  4.03  1.58  0.57  0.41  0.13  0.03  0.03  0.03  0.03  0.03  0.03  0.03
 9  -5  0.03  0.09  0.15  0.31  0.61  0.92  1.55  3.14  4.48  5.52  7.58  9.36  9.59  9.59  8.48  7.09  4.14  1.61  0.57  0.41  0.13  0.03  0.03  0.03  0.03  0.03  0.03  0.03
 9   0  0.03  0.09  0.14  0.29  0.58  0.87  1.45  2.92  4.13  5.03  6.97  8.93  9.12  9.31  8.45  7.15  4.24  1.63  0.56  0.40  0.14  0.03  0.02  0.02  0.02  0.03  0.03  0.03
 9   5  0.03  0.09  0.15  0.30  0.61  0.91  1.52  3.09  4.37  5.36  7.18  9.29  9.67  9.64  8.59  7.33  4.43  1.74  0.61  0.43  0.16  0.03  0.02  0.02  0.02  0.03  0.03  0.02
 9  10  0.03  0.09  0.15  0.30  0.61  0.91  1.53  3.09  4.41  5.48  7.20  9.18  9.95 10.00  8.65  7.55  4.67  1.81  0.70  0.49  0.17  0.03  0.02  0.02  0.02  0.03  0.03  0.02
 9  15  0.03  0.09  0.15  0.31  0.62  0.93  1.57  3.17  4.51  5.70  7.38  9.27 10.01 10.00  8.43  7.44  4.70  1.81  0.73  0.53  0.18  0.03  0.02  0.02  0.03  0.03  0.03  0.03
 9  20  0.03  0.10  0.16  0.32  0.64  0.97  1.63  3.30  4.85  6.09  7.68  9.18  9.84  9.60  8.13  7.27  4.63  1.84  0.74  0.53  0.19  0.04  0.03  0.03  0.03  0.03  0.03  0.03
 9  25  0.03  0.09  0.16  0.31  0.63  0.95  1.59  3.20  4.72  5.97  7.82  9.12  9.53  9.30  7.98  7.20  4.64  1.89  0.77  0.55  0.19  0.05  0.04  0.03  0.03  0.04  0.04  0.03
 9  30  0.03  0.09  0.16  0.32  0.64  0.96  1.60  3.23  4.75  5.88  7.66  8.91  9.28  8.96  7.90  7.15  4.64  2.00  0.80  0.59  0.22  0.06  0.04  0.04  0.04  0.04  0.04  0.04
 9  35  0.03  0.10  0.16  0.32  0.64  0.97  1.62  3.27  4.86  5.99  7.71  8.77  8.92  8.64  7.58  6.75  4.50  2.13  0.96  0.72  0.31  0.08  0.05  0.04  0.04  0.04  0.04  0.04
 9  40  0.03  0.10  0.16  0.32  0.64  0.97  1.62  3.28  4.76  5.97  7.63  8.54  8.62  8.24  7.18  6.43  4.47  2.35  1.18  0.91  0.44  0.11  0.07  0.05  0.05  0.04  0.04  0.04
 9  45  0.03  0.10  0.16  0.32  0.65  0.97  1.63  3.31  4.81  6.00  7.44  8.02  7.93  7.50  6.57  6.00  4.37  2.46  1.39  1.12  0.66  0.28  0.11  0.07  0.06  0.05  0.04  0.04
 9  50  0.03  0.10  0.16  0.32  0.64  0.97  1.62  3.29  4.88  6.04  7.31  7.73  7.45  6.91  6.15  5.66  4.26  2.61  1.57  1.29  0.80  0.37  0.22  0.10  0.07  0.05  0.04  0.04
 9  55  0.03  0.09  0.15  0.31  0.62  0.93  1.55  3.14  4.68  5.82  6.99  7.24  6.82  6.25  5.60  5.22  4.06  2.64  1.67  1.39  0.88  0.44  0.27  0.12  0.08  0.05  0.04  0.04
 9  60  0.03  0.09  0.15  0.31  0.62  0.93  1.56  3.15  4.74  5.91  6.99  7.00  6.43  5.73  5.16  4.84  3.83  2.63  1.79  1.49  0.95  0.46  0.29  0.17  0.09  0.05  0.05  0.04
 9  65  0.03  0.09  0.16  0.31  0.63  0.94  1.58  3.18  4.76  5.88  6.74  6.50  5.84  5.12  4.56  4.23  3.47  2.49  1.83  1.54  1.00  0.49  0.31  0.18  0.09  0.06  0.05  0.04
 9  70  0.03  0.09  0.16  0.32  0.63  0.95  1.60  3.22  4.78  5.86  6.48  6.01  5.26  4.51  3.96  3.61  3.12  2.35  1.88  1.60  1.06  0.52  0.33  0.20  0.10  0.06  0.05  0.04
 9  75  0.03  0.10  0.16  0.32  0.64  0.96  1.60  3.24  4.61  5.51  5.78  5.25  4.60  4.00  3.71  3.56  3.02  2.30  1.86  1.59  1.06  0.51  0.34  0.21  0.11  0.06  0.05  0.04
 9  80  0.03  0.10  0.16  0.32  0.64  0.96  1.61  3.25  4.42  5.15  5.08  4.49  3.94  3.48  3.47  3.51  2.96  2.30  1.86  1.60  1.07  0.51  0.34  0.22  0.11  0.06  0.05  0.04
 9  85  0.03  0.10  0.16  0.32  0.64  0.96  1.61  3.25  4.42  5.14  5.07  4.48  3.93  3.48  3.47  3.50  2.96  2.30  1.86  1.60  1.07  0.51  0.34  0.22  0.12  0.06  0.05  0.04
 9  90  0.03  0.10  0.16  0.32  0.64  0.96  1.61  3.24  4.41  5.13  5.06  4.47  3.92  3.47  3.46  3.50  2.96  2.29  1.86  1.60  1.07  0.51  0.34  0.22  0.12  0.06  0.05  0.04
10 -90  0.03  0.09  0.14  0.29  0.58  0.88  1.47  2.97  4.38  5.41  6.73  6.95  6.23  5.42  4.95  4.64  4.22  3.32  2.26  1.88  1.32  0.59  0.39  0.16  0.08  0.04  0.03  0.03
10 -85  0.03  0.09  0.14  0.29  0.58  0.87  1.47  2.97  4.37  5.41  6.73  6.95  6.24  5.42  4.95  4.64  4.22  3.32  2.26  1.88  1.32  0.59  0.40  0.17  0.08  0.04  0.03  0.03
10 -80  0.03  0.09  0.14  0.29  0.58  0.87  1.47  2.97  4.37  5.41  6.73  6.95  6.24  5.41  4.94  4.64  4.22  3.32  2.25  1.88  1.32  0.59  0.41  0.17  0.08  0.04  0.03  0.03
10 -75  0.03  0.09  0.15  0.29  0.58  0.88  1.47  2.97  4.37  5.42  6.80  7.24  6.63  5.84  5.40  5.23  4.41  3.67  2.51  2.08  1.44  0.64  0.30  0.17  0.08  0.04  0.03  0.03
10 -70  0.03  0.09  0.15  0.29  0.58  0.88  1.47  2.97  4.36  5.41  6.84  7.53  7.05  6.27  5.83  5.77  4.52  3.76  2.60  2.16  1.49  0.67  0.33  0.18  0.09  0.04  0.03  0.03
10 -65  0.03  0.09  0.15  0.30  0.60  0.90  1.51  3.05  4.50  5.60  7.09  7.88  7.50  6.72  6.36  6.33  4.76  3.75  2.53  2.10  1.39  0.63  0.33  0.20  0.09  0.04  0.03  0.03
10 -60  0.03  0.09  0.15  0.31  0.62  0.93  1.56  3.14  4.66  5.81  7.35  8.22  7.93  7.15  6.89  6.92  5.21  3.81  2.42  2.00  1.26  0.58  0.33  0.21  0.09  0.04  0.03  0.03
10 -55  0.03  0.10  0.16  0.32  0.64  0.96  1.60  3.23  4.79  5.94  7.50  8.42  8.17  7.41  6.85  6.67  5.20  3.53  2.14  1.75  1.03  0.48  0.30  0.19  0.10  0.05  0.03  0.03
10 -50  0.03  0.10  0.16  0.32  0.64  0.96  1.60  3.21  4.84  6.01  7.65  8.64  8.42  7.54  6.77  6.45  5.28  3.43  1.98  1.59  0.88  0.38  0.26  0.19  0.09  0.05  0.04  0.03
10 -45  0.03  0.09  0.16  0.31  0.63  0.94  1.57  3.17  4.87  6.02  7.88  8.98  8.83  8.09  7.14  6.73  5.49  3.51  1.98  1.59  0.86  0.36  0.24  0.16  0.08  0.04  0.04  0.03
10 -40  0.03  0.09  0.16  0.31  0.63  0.94  1.58  3.19  4.79  6.08  7.94  9.10  8.93  8.14  7.36  6.95  5.64  3.56  2.07  1.65  0.89  0.35  0.24  0.12  0.07  0.04  0.04  0.03
10 -35  0.03  0.09  0.15  0.31  0.62  0.93  1.56  3.15  4.66  5.80  7.72  9.06  9.14  8.52  7.49  6.93  5.31  3.04  1.63  1.26  0.63  0.25  0.17  0.09  0.06  0.04  0.04  0.04
10 -30  0.03  0.09  0.15  0.30  0.61  0.92  1.53  3.09  4.63  5.72  7.62  9.17  9.36  8.69  7.52  6.86  5.01  2.57  1.17  0.87  0.37  0.15  0.10  0.07  0.05  0.04  0.04  0.04
10 -25  0.03  0.09  0.16  0.31  0.62  0.94  1.57  3.18  4.69  5.79  7.59  9.12  9.46  8.90  7.61  6.88  4.75  2.15  0.98  0.71  0.27  0.08  0.05  0.05  0.04  0.04  0.04  0.04
10 -20  0.03  0.09  0.15  0.31  0.62  0.93  1.55  3.14  4.69  5.70  7.49  9.23  9.73  9.33  7.86  6.94  4.49  1.85  0.77  0.54  0.16  0.05  0.04  0.03  0.03  0.04  0.04  0.04
10 -15  0.03  0.09  0.15  0.29  0.59  0.89  1.49  3.01  4.48  5.63  7.37  9.20  9.92  9.79  8.23  7.08  4.23  1.73  0.68  0.46  0.13  0.04  0.03  0.03  0.03  0.03  0.04  0.04
10 -10  0.03  0.09  0.14  0.29  0.57  0.86  1.44  2.90  4.26  5.36  7.18  9.05  9.71  9.65  8.38  7.25  4.06  1.61  0.57  0.39  0.11  0.03  0.03  0.03  0.03  0.03  0.03  0.03
10  -5  0.03  0.09  0.14  0.29  0.57  0.86  1.44  2.92  4.20  5.17  7.20  9.12  9.53  9.53  8.51  7.26  4.15  1.63  0.55  0.37  0.11  0.03  0.03  0.03  0.03  0.03  0.03  0.03
10   0  0.03  0.08  0.14  0.28  0.56  0.84  1.41  2.85  3.94  4.83  6.65  8.69  9.07  9.22  8.48  7.34  4.21  1.65  0.51  0.35  0.11  0.03  0.02  0.02  0.02  0.03  0.03  0.02
10   5  0.03  0.09  0.15  0.29  0.59  0.88  1.48  2.99  4.22  5.19  6.96  9.05  9.45  9.51  8.58  7.37  4.37  1.72  0.58  0.40  0.13  0.03  0.02  0.02  0.02  0.03  0.02  0.02
10  10  0.03  0.09  0.15  0.30  0.59  0.89  1.50  3.02  4.36  5.41  7.04  8.92  9.65  9.82  8.58  7.44  4.55  1.78  0.67  0.47  0.15  0.03  0.02  0.02  0.02  0.03  0.03  0.02
10  15  0.03  0.09  0.15  0.30  0.61  0.91  1.53  3.09  4.46  5.61  7.15  8.96  9.73  9.84  8.31  7.28  4.54  1.75  0.70  0.50  0.16  0.03  0.02  0.03  0.03  0.03  0.03  0.03
10  20  0.03  0.09  0.16  0.31  0.63  0.95  1.59  3.22  4.79  6.03  7.48  8.86  9.58  9.49  7.96  7.05  4.48  1.78  0.71  0.50  0.17  0.04  0.03  0.03  0.03  0.03  0.03  0.03
10  25  0.03  0.09  0.15  0.31  0.62  0.93  1.56  3.14  4.74  6.01  7.71  8.91  9.35  9.13  7.75  7.02  4.51  1.84  0.73  0.53  0.18  0.05  0.03  0.03  0.03  0.03  0.04  0.03
10  30  0.03  0.10  0.16  0.32  0.64  0.96  1.60  3.24  4.82  6.04  7.65  8.78  9.12  8.72  7.67  7.01  4.54  1.93  0.75  0.55  0.21  0.06  0.04  0.04  0.03  0.04  0.04  0.03
10  35  0.03  0.10  0.16  0.33  0.66  0.99  1.66  3.36  5.07  6.33  7.85  8.62  8.60  8.24  7.28  6.55  4.42  2.03  0.92  0.69  0.32  0.09  0.05  0.04  0.04  0.04  0.04  0.04
10  40  0.03  0.10  0.17  0.34  0.68  1.02  1.70  3.44  5.18  6.50  7.97  8.43  8.12  7.60  6.76  6.19  4.41  2.26  1.18  0.91  0.46  0.22  0.08  0.05  0.05  0.04  0.04  0.04
10  45  0.04  0.11  0.18  0.35  0.71  1.07  1.79  3.63  5.33  6.62  7.75  7.78  7.36  6.87  6.19  5.81  4.39  2.47  1.44  1.16  0.69  0.30  0.17  0.07  0.06  0.04  0.04  0.04
10  50  0.04  0.11  0.18  0.36  0.73  1.10  1.84  3.72  5.62  6.81  7.66  7.45  6.83  6.21  5.76  5.51  4.40  2.72  1.65  1.34  0.84  0.38  0.21  0.10  0.07  0.05  0.04  0.04
10  55  0.04  0.11  0.18  0.36  0.73  1.09  1.83  3.71  5.55  6.61  7.22  6.85  6.19  5.65  5.34  5.22  4.33  2.74  1.72  1.41  0.90  0.44  0.25  0.15  0.08  0.05  0.04  0.04
10  60  0.04  0.11  0.19  0.38  0.75  1.13  1.90  3.84  5.70  6.74  7.13  6.54  5.80  5.24  5.03  4.98  4.21  2.72  1.81  1.49  0.95  0.47  0.27  0.16  0.09  0.05  0.04  0.04
10  65  0.04  0.12  0.19  0.39  0.77  1.16  1.94  3.93  5.64  6.51  6.68  6.00  5.28  4.78  4.62  4.56  3.87  2.62  1.89  1.58  1.04  0.49  0.28  0.17  0.09  0.05  0.04  0.04
10  70  0.04  0.12  0.20  0.39  0.79  1.18  1.98  4.00  5.57  6.28  6.22  5.43  4.76  4.33  4.20  4.13  3.53  2.52  1.99  1.67  1.13  0.51  0.29  0.18  0.09  0.05  0.04  0.04
10  75  0.04  0.12  0.19  0.39  0.78  1.17  1.96  3.98  5.20  5.64  5.46  4.79  4.27  3.94  3.86  3.79  3.34  2.49  2.02  1.71  1.17  0.52  0.29  0.18  0.10  0.05  0.04  0.04
10  80  0.04  0.12  0.19  0.39  0.78  1.17  1.95  3.95  4.83  5.00  4.69  4.15  3.78  3.57  3.52  3.46  3.18  2.51  2.06  1.75  1.21  0.54  0.30  0.19  0.10  0.05  0.04  0.04
10  85  0.04  0.12  0.19  0.39  0.77  1.17  1.95  3.95  4.82  4.98  4.68  4.14  3.76  3.56  3.52  3.45  3.18  2.50  2.06  1.75  1.21  0.54  0.30  0.19  0.11  0.05  0.04  0.04
10  90  0.04  0.12  0.19  0.39  0.77  1.16  1.95  3.94  4.81  4.97  4.66  4.12  3.75  3.56  3.51  3.45  3.18  2.50  2.06  1.75  1.21  0.54  0.30  0.19  0.11  0.05  0.04  0.04
11 -90  0.02  0.07  0.12  0.25  0.50  0.75  1.26  2.55  3.63  4.51  6.21  7.22  7.08  6.38  5.95  6.02  5.10  3.81  2.65  2.20  1.47  0.64  0.30  0.16  0.10  0.05  0.03  0.03
11 -85  0.02  0.07  0.12  0.25  0.50  0.75  1.26  2.54  3.63  4.51  6.22  7.22  7.09  6.38  5.94  6.01  5.10  3.81  2.65  2.19  1.47  0.64  0.30  0.22  0.10  0.05  0.03  0.03
11 -80  0.02  0.07  0.12  0.25  0.50  0.75  1.26  2.54  3.62  4.51  6.22  7.22  7.09  6.38  5.94  6.01  5.10  3.81  2.65  2.19  1.47  0.64  0.30  0.16  0.10  0.04  0.03  0.03
11 -75  0.03  0.08  0.13  0.25  0.51  0.76  1.27  2.56  3.68  4.59  6.26  7.33  7.27  6.55  6.26  6.40  5.35  3.97  2.77  2.30  1.54  0.68  0.32  0.17  0.10  0.04  0.03  0.03
11 -70  0.03  0.08  0.13  0.26  0.51  0.77  1.29  2.59  3.74  4.67  6.29  7.44  7.45  6.72  6.57  6.75  5.54  3.97  2.75  2.29  1.54  0.70  0.34  0.18  0.10  0.04  0.03  0.03
11 -65  0.03  0.08  0.13  0.26  0.53  0.79  1.33  2.67  3.87  4.84  6.50  7.70  7.73  6.99  6.81  6.91  5.52  3.80  2.57  2.12  1.37  0.65  0.34  0.19  0.10  0.05  0.03  0.03
11 -60  0.03  0.08  0.14  0.27  0.55  0.82  1.37  2.76  4.02  5.02  6.73  7.96  8.01  7.26  7.06  7.09  5.53  3.65  2.36  1.94  1.19  0.59  0.33  0.19  0.11  0.05  0.03  0.03
11 -55  0.03  0.09  0.14  0.29  0.57  0.86  1.43  2.89  4.20  5.20  6.90  8.20  8.28  7.61  7.00  6.72  5.26  3.37  2.04  1.66  0.94  0.46  0.29  0.19  0.10  0.05  0.03  0.03
11 -50  0.03  0.09  0.14  0.28  0.57  0.86  1.43  2.88  4.21  5.24  7.00  8.45  8.58  7.81  6.86  6.34  5.10  3.24  1.82  1.44  0.75  0.34  0.24  0.19  0.10  0.05  0.04  0.03
11 -45  0.03  0.08  0.14  0.28  0.56  0.84  1.40  2.82  4.20  5.20  7.14  8.79  8.96  8.31  7.14  6.55  5.27  3.28  1.82  1.43  0.74  0.31  0.22  0.15  0.08  0.05  0.04  0.03
11 -40  0.03  0.08  0.14  0.28  0.55  0.83  1.39  2.80  4.22  5.30  7.27  8.97  9.16  8.42  7.38  6.72  5.34  3.29  1.90  1.50  0.77  0.31  0.22  0.11  0.07  0.04  0.04  0.03
11 -35  0.03  0.08  0.14  0.28  0.56  0.84  1.41  2.85  4.09  5.09  7.08  8.90  9.28  8.83  7.54  6.81  5.02  2.82  1.47  1.12  0.53  0.23  0.14  0.08  0.06  0.04  0.04  0.03
11 -30  0.03  0.08  0.14  0.28  0.56  0.85  1.41  2.85  4.16  5.11  7.07  9.03  9.49  8.99  7.65  6.85  4.70  2.35  1.02  0.75  0.30  0.14  0.09  0.06  0.05  0.04  0.04  0.04
11 -25  0.03  0.09  0.14  0.29  0.58  0.87  1.46  2.96  4.29  5.32  7.21  9.04  9.52  9.09  7.65  6.80  4.50  2.06  0.89  0.63  0.23  0.08  0.06  0.05  0.04  0.04  0.04  0.04
11 -20  0.03  0.09  0.14  0.29  0.58  0.87  1.45  2.92  4.34  5.30  7.17  9.18  9.79  9.39  7.81  6.78  4.32  1.86  0.74  0.50  0.14  0.05  0.04  0.04  0.04  0.04  0.04  0.04
11 -15  0.03  0.08  0.14  0.28  0.56  0.85  1.42  2.86  4.26  5.29  7.04  9.13  9.98  9.75  8.08  6.92  4.14  1.75  0.66  0.45  0.13  0.04  0.03  0.03  0.03  0.04  0.04  0.03
11 -10  0.03  0.08  0.14  0.27  0.55  0.82  1.38  2.78  4.06  5.12  6.93  8.93  9.66  9.59  8.18  7.09  4.02  1.62  0.57  0.39  0.12  0.04  0.03  0.03  0.03  0.03  0.03  0.03
11  -5  0.03  0.08  0.14  0.28  0.55  0.83  1.39  2.81  4.10  5.08  7.11  8.96  9.45  9.41  8.23  7.05  4.05  1.58  0.55  0.37  0.12  0.03  0.03  0.03  0.03  0.03  0.03  0.03
11   0  0.03  0.08  0.14  0.28  0.57  0.85  1.43  2.90  4.00  4.96  6.75  8.66  9.13  9.12  8.16  7.09  4.02  1.53  0.51  0.35  0.12  0.03  0.03  0.02  0.02  0.03  0.03  0.02
11   5  0.03  0.09  0.15  0.29  0.58  0.88  1.47  2.98  4.26  5.23  7.02  8.89  9.22  9.31  8.29  7.11  4.19  1.60  0.54  0.37  0.13  0.03  0.03  0.02  0.02  0.03  0.03  0.02
11  10  0.03  0.09  0.15  0.30  0.59  0.89  1.49  3.02  4.39  5.44  7.00  8.65  9.24  9.47  8.31  7.17  4.36  1.66  0.59  0.41  0.13  0.03  0.03  0.03  0.03  0.03  0.03  0.03
11  15  0.03  0.09  0.15  0.30  0.60  0.90  1.52  3.07  4.51  5.64  7.05  8.59  9.22  9.41  7.98  6.99  4.27  1.61  0.62  0.44  0.15  0.03  0.03  0.03  0.03  0.03  0.03  0.03
11  20  0.03  0.09  0.16  0.31  0.63  0.94  1.58  3.20  4.82  6.08  7.36  8.46  9.06  9.07  7.61  6.76  4.20  1.65  0.62  0.45  0.16  0.04  0.03  0.03  0.03  0.03  0.03  0.03
11  25  0.03  0.09  0.16  0.31  0.62  0.94  1.57  3.16  4.89  6.16  7.63  8.55  8.87  8.59  7.31  6.71  4.27  1.79  0.70  0.52  0.19  0.05  0.03  0.03  0.03  0.03  0.03  0.03
11  30  0.03  0.10  0.16  0.33  0.66  0.99  1.66  3.36  5.05  6.35  7.67  8.45  8.65  8.16  7.21  6.67  4.36  1.91  0.75  0.56  0.23  0.07  0.04  0.04  0.03  0.03  0.03  0.03
11  35  0.03  0.10  0.17  0.35  0.70  1.05  1.76  3.57  5.41  6.76  7.95  8.30  8.10  7.72  6.94  6.38  4.49  2.11  0.96  0.73  0.36  0.16  0.06  0.05  0.04  0.04  0.04  0.03
11  40  0.04  0.11  0.18  0.37  0.73  1.10  1.85  3.74  5.69  7.10  8.14  8.13  7.60  7.04  6.50  6.17  4.71  2.43  1.28  0.98  0.50  0.22  0.09  0.06  0.05  0.04  0.04  0.04
11  45  0.04  0.12  0.19  0.39  0.77  1.16  1.95  3.96  5.84  7.17  7.82  7.45  6.87  6.45  6.10  5.92  4.74  2.66  1.54  1.24  0.75  0.34  0.20  0.08  0.06  0.04  0.04  0.04
11  50  0.04  0.12  0.20  0.41  0.82  1.23  2.06  4.19  6.21  7.33  7.69  7.07  6.33  5.78  5.75  5.74  4.83  2.91  1.77  1.44  0.91  0.44  0.24  0.15  0.07  0.05  0.04  0.04
11  55  0.04  0.12  0.20  0.41  0.82  1.24  2.07  4.21  6.05  6.90  7.06  6.38  5.76  5.39  5.46  5.56  4.71  2.94  1.83  1.51  1.02  0.50  0.27  0.16  0.08  0.05  0.04  0.04
11  60  0.04  0.13  0.21  0.42  0.84  1.26  2.11  4.28  6.05  6.86  6.81  6.02  5.43  5.13  5.27  5.40  4.56  2.94  1.92  1.61  1.13  0.52  0.27  0.17  0.09  0.05  0.04  0.04
11  65  0.04  0.12  0.20  0.41  0.81  1.22  2.05  4.15  5.84  6.56  6.51  5.77  5.27  5.02  5.04  5.05  4.39  2.94  2.08  1.77  1.29  0.58  0.30  0.18  0.09  0.05  0.04  0.04
11  70  0.04  0.12  0.20  0.40  0.80  1.21  2.02  4.10  5.63  6.26  6.22  5.52  5.11  4.91  4.80  4.68  4.21  2.94  2.24  1.93  1.45  0.65  0.32  0.19  0.09  0.05  0.04  0.04
11  75  0.04  0.12  0.20  0.40  0.79  1.20  2.01  4.08  5.36  5.87  5.75  4.81  4.29  4.08  3.99  3.87  3.63  2.83  2.16  1.86  1.38  0.60  0.29  0.17  0.09  0.05  0.04  0.04
11  80  0.04  0.12  0.20  0.39  0.78  1.18  1.98  4.04  5.08  5.48  5.26  4.11  3.47  3.24  3.18  3.08  3.08  2.74  2.09  1.79  1.31  0.56  0.26  0.15  0.09  0.05  0.04  0.04
11  85  0.04  0.12  0.20  0.39  0.78  1.18  1.98  4.03  5.07  5.47  5.25  4.09  3.45  3.23  3.17  3.07  3.07  2.74  2.09  1.79  1.31  0.56  0.26  0.15  0.09  0.05  0.04  0.04
11  90  0.04  0.12  0.20  0.39  0.78  1.18  1.98  4.03  5.06  5.45  5.23  4.07  3.44  3.23  3.17  3.06  3.07  2.74  2.09  1.79  1.31  0.56  0.26  0.15  0.09  0.05  0.04  0.04
12 -90  0.02  0.07  0.11  0.22  0.45  0.67  1.12  2.27  3.26  4.04  5.71  6.91  6.82  6.03  5.60  5.39  4.96  3.59  2.52  2.10  1.34  0.63  0.33  0.18  0.08  0.05  0.03  0.02
12 -85  0.02  0.07  0.11  0.22  0.45  0.67  1.12  2.27  3.25  4.04  5.72  6.91  6.82  6.02  5.59  5.39  4.96  3.59  2.52  2.10  1.34  0.63  0.33  0.18  0.08  0.05  0.03  0.02
12 -80  0.02  0.07  0.11  0.22  0.45  0.67  1.12  2.26  3.25  4.04  5.72  6.92  6.82  6.02  5.59  5.39  4.96  3.59  2.51  2.09  1.34  0.63  0.33  0.18  0.08  0.05  0.03  0.03
12 -75  0.02  0.07  0.11  0.23  0.46  0.69  1.15  2.32  3.32  4.12  5.76  7.01  6.98  6.20  5.77  5.56  5.09  3.59  2.50  2.09  1.34  0.63  0.33  0.18  0.12  0.05  0.03  0.03
12 -70  0.02  0.07  0.12  0.23  0.47  0.71  1.18  2.38  3.40  4.21  5.81  7.10  7.14  6.37  5.94  5.73  5.18  3.55  2.42  2.03  1.31  0.62  0.34  0.18  0.11  0.05  0.03  0.03
12 -65  0.02  0.07  0.12  0.24  0.49  0.73  1.22  2.46  3.53  4.36  5.99  7.38  7.51  6.78  6.30  6.04  5.20  3.42  2.22  1.85  1.16  0.55  0.32  0.18  0.11  0.05  0.03  0.03
12 -60  0.03  0.08  0.13  0.25  0.51  0.76  1.27  2.56  3.66  4.52  6.19  7.65  7.87  7.20  6.66  6.36  5.22  3.31  2.03  1.67  1.01  0.48  0.30  0.18  0.11  0.05  0.03  0.03
12 -55  0.03  0.08  0.13  0.27  0.54  0.81  1.36  2.73  3.88  4.78  6.43  7.94  8.25  7.75  6.99  6.51  5.07  3.08  1.77  1.45  0.81  0.40  0.27  0.18  0.11  0.05  0.04  0.03
12 -50  0.03  0.08  0.14  0.27  0.54  0.81  1.36  2.74  3.92  4.85  6.54  8.23  8.66  8.14  7.22  6.63  4.99  2.89  1.53  1.22  0.63  0.32  0.22  0.19  0.10  0.05  0.04  0.03
12 -45  0.03  0.08  0.13  0.27  0.53  0.80  1.34  2.70  3.91  4.79  6.63  8.56  9.04  8.62  7.22  6.42  4.89  2.79  1.48  1.16  0.60  0.27  0.18  0.13  0.08  0.05  0.04  0.03
12 -40  0.03  0.08  0.13  0.26  0.53  0.79  1.33  2.67  3.97  4.93  6.86  8.83  9.32  8.81  7.27  6.20  4.68  2.67  1.50  1.18  0.60  0.24  0.16  0.09  0.06  0.04  0.04  0.03
12 -35  0.03  0.08  0.14  0.27  0.54  0.82  1.36  2.75  3.86  4.78  6.75  8.79  9.35  9.11  7.59  6.67  4.60  2.39  1.19  0.90  0.42  0.19  0.11  0.07  0.05  0.04  0.04  0.03
12 -30  0.03  0.08  0.14  0.27  0.55  0.82  1.38  2.77  3.99  4.89  6.85  8.95  9.52  9.16  7.91  7.12  4.52  2.09  0.87  0.63  0.25  0.12  0.07  0.05  0.04  0.04  0.04  0.03
12 -25  0.03  0.08  0.14  0.28  0.57  0.85  1.43  2.88  4.14  5.16  7.14  9.08  9.55  9.17  7.84  7.02  4.37  1.89  0.78  0.54  0.19  0.08  0.05  0.04  0.04  0.04  0.04  0.03
12 -20  0.03  0.08  0.14  0.28  0.56  0.84  1.41  2.83  4.23  5.24  7.20  9.28  9.85  9.38  7.92  6.96  4.27  1.76  0.66  0.44  0.12  0.05  0.04  0.03  0.03  0.04  0.04  0.03
12 -15  0.03  0.08  0.14  0.28  0.56  0.84  1.40  2.82  4.26  5.25  7.10  9.29 10.09  9.65  8.05  7.00  4.14  1.69  0.60  0.39  0.11  0.04  0.03  0.03  0.03  0.03  0.03  0.03
12 -10  0.03  0.08  0.14  0.27  0.55  0.82  1.38  2.77  4.11  5.21  7.09  9.11  9.76  9.57  8.07  7.07  4.06  1.58  0.52  0.35  0.11  0.04  0.03  0.03  0.03  0.03  0.03  0.03
12  -5  0.03  0.08  0.14  0.27  0.55  0.83  1.38  2.79  4.22  5.31  7.40  9.08  9.57  9.40  7.90  6.76  3.95  1.53  0.50  0.34  0.13  0.03  0.03  0.02  0.02  0.03  0.03  0.02
12   0  0.03  0.09  0.15  0.29  0.59  0.88  1.48  3.00  4.31  5.38  7.26  9.01  9.48  9.23  7.70  6.50  3.77  1.44  0.46  0.32  0.13  0.03  0.03  0.02  0.02  0.03  0.03  0.02
12   5  0.03  0.09  0.15  0.30  0.59  0.89  1.50  3.03  4.51  5.54  7.46  9.00  9.22  9.20  7.87  6.66  4.00  1.52  0.51  0.34  0.12  0.03  0.03  0.03  0.03  0.03  0.03  0.03
12  10  0.03  0.09  0.15  0.30  0.60  0.91  1.52  3.07  4.55  5.69  7.29  8.62  8.94  9.06  7.94  6.87  4.22  1.63  0.56  0.38  0.13  0.03  0.03  0.03  0.03  0.03  0.03  0.03
12  15  0.03  0.09  0.15  0.30  0.61  0.91  1.53  3.09  4.65  5.84  7.21  8.42  8.78  8.87  7.56  6.65  4.10  1.62  0.61  0.42  0.14  0.04  0.03  0.03  0.03  0.03  0.03  0.03
12  20  0.03  0.09  0.16  0.31  0.63  0.94  1.58  3.20  4.87  6.18  7.42  8.26  8.64  8.57  7.18  6.40  4.07  1.71  0.63  0.45  0.16  0.04  0.03  0.03  0.03  0.03  0.03  0.03
12  25  0.03  0.09  0.15  0.31  0.62  0.93  1.55  3.14  4.93  6.16  7.52  8.28  8.44  8.03  6.96  6.53  4.26  1.95  0.77  0.57  0.22  0.05  0.04  0.04  0.03  0.03  0.03  0.03
12  30  0.03  0.10  0.16  0.32  0.65  0.98  1.64  3.33  5.00  6.30  7.49  8.13  8.25  7.65  6.98  6.67  4.50  2.10  0.86  0.64  0.27  0.08  0.05  0.04  0.04  0.04  0.04  0.03
12  35  0.03  0.10  0.17  0.34  0.69  1.04  1.74  3.53  5.33  6.63  7.72  7.98  7.77  7.35  6.91  6.61  4.78  2.32  1.08  0.84  0.44  0.20  0.08  0.06  0.05  0.04  0.04  0.04
12  40  0.04  0.11  0.18  0.36  0.73  1.10  1.84  3.73  5.56  6.87  7.84  7.82  7.33  6.77  6.62  6.57  5.12  2.65  1.42  1.10  0.63  0.29  0.16  0.08  0.06  0.04  0.04  0.04
12  45  0.04  0.11  0.19  0.38  0.76  1.15  1.93  3.92  5.64  6.87  7.53  7.24  6.73  6.41  6.29  6.22  5.07  3.01  1.69  1.38  0.87  0.41  0.24  0.15  0.07  0.05  0.04  0.04
12  50  0.04  0.12  0.20  0.40  0.81  1.22  2.04  4.15  6.00  6.99  7.34  6.83  6.22  5.83  5.91  5.93  5.07  3.35  1.95  1.60  1.03  0.50  0.28  0.18  0.08  0.05  0.04  0.04
12  55  0.04  0.12  0.20  0.40  0.80  1.21  2.03  4.13  5.81  6.52  6.76  6.26  5.85  5.65  5.70  5.73  4.90  3.36  2.05  1.70  1.18  0.58  0.30  0.20  0.09  0.05  0.04  0.04
12  60  0.04  0.12  0.20  0.40  0.81  1.22  2.04  4.15  5.78  6.44  6.55  5.99  5.68  5.58  5.56  5.55  4.70  3.34  2.21  1.85  1.32  0.64  0.32  0.20  0.09  0.05  0.04  0.04
12  65  0.04  0.12  0.21  0.42  0.84  1.26  2.12  4.31  5.75  6.39  6.50  5.86  5.54  5.45  5.33  5.23  4.54  3.23  2.26  1.91  1.39  0.65  0.30  0.18  0.09  0.05  0.04  0.04
12  70  0.04  0.13  0.21  0.43  0.86  1.29  2.18  4.44  5.71  6.33  6.42  5.76  5.41  5.31  5.09  4.90  4.40  3.12  2.31  1.98  1.46  0.66  0.28  0.16  0.09  0.05  0.04  0.04
12  75  0.04  0.12  0.21  0.41  0.83  1.25  2.11  4.31  5.46  6.08  6.15  5.33  4.91  4.82  4.62  4.44  4.18  3.13  2.33  2.00  1.46  0.65  0.30  0.17  0.09  0.05  0.04  0.04
12  80  0.04  0.12  0.20  0.40  0.79  1.20  2.02  4.14  5.24  5.84  5.89  4.91  4.41  4.29  4.14  4.00  3.96  3.14  2.34  2.01  1.47  0.65  0.32  0.19  0.09  0.05  0.04  0.04
12  85  0.04  0.12  0.20  0.39  0.79  1.20  2.02  4.14  5.23  5.82  5.87  4.89  4.40  4.28  4.14  3.99  3.96  3.14  2.34  2.01  1.47  0.65  0.32  0.19  0.10  0.05  0.04  0.04
12  90  0.04  0.12  0.20  0.39  0.79  1.20  2.01  4.13  5.21  5.80  5.84  4.87  4.38  4.27  4.13  3.98  3.95  3.14  2.34  2.01  1.47  0.65  0.32  0.19  0.10  0.05  0.04  0.04
