     0.010
     0.030
     0.050
     0.100
     0.200
     0.300
     0.500
     1.000
     1.500
     2.000
     3.000
     5.000
     7.000
    10.000
    15.000
    20.000
    30.000
    50.000
    70.000
    80.000
   100.000
   150.000
   200.000
   250.000
   300.000
   400.000
   500.000
   600.000
 1 -90  0.02  0.07  0.11  0.22  0.45  0.68  1.14  2.32  3.36  4.16  5.84  6.77  6.47  5.52  4.63  4.01  3.40  2.81  2.25  1.92  1.29  0.66  0.34  0.19  0.08  0.06  0.03  0.02
 1 -85  0.02  0.07  0.11  0.22  0.45  0.68  1.14  2.32  3.35  4.16  5.85  6.78  6.47  5.52  4.63  4.01  3.40  2.81  2.25  1.92  1.29  0.66  0.34  0.19  0.08  0.05  0.03  0.02
 1 -80  0.02  0.07  0.11  0.22  0.45  0.68  1.14  2.32  3.35  4.16  5.85  6.78  6.47  5.51  4.63  4.00  3.40  2.81  2.25  1.91  1.29  0.66  0.34  0.19  0.08  0.05  0.03  0.02
 1 -75  0.02  0.07  0.12  0.23  0.46  0.70  1.17  2.38  3.43  4.24  5.87  6.90  6.71  5.79  4.97  4.38  3.70  2.88  2.23  1.89  1.27  0.66  0.35  0.18  0.08  0.05  0.03  0.02
 1 -70  0.02  0.07  0.12  0.24  0.48  0.72  1.20  2.45  3.51  4.33  5.89  7.03  6.94  6.08  5.30  4.76  4.02  2.96  2.20  1.86  1.23  0.64  0.35  0.19  0.08  0.05  0.03  0.02
 1 -65  0.02  0.07  0.12  0.25  0.49  0.74  1.25  2.53  3.63  4.46  6.06  7.35  7.41  6.63  5.91  5.41  4.30  2.97  2.05  1.72  1.11  0.56  0.33  0.19  0.11  0.05  0.03  0.02
 1 -60  0.03  0.08  0.13  0.26  0.51  0.77  1.30  2.63  3.76  4.62  6.25  7.67  7.87  7.19  6.52  6.05  4.57  2.98  1.90  1.59  1.00  0.49  0.32  0.19  0.12  0.05  0.03  0.02
 1 -55  0.03  0.08  0.13  0.27  0.54  0.82  1.37  2.78  3.96  4.87  6.51  7.99  8.29  7.77  6.94  6.33  4.49  2.76  1.58  1.31  0.79  0.37  0.26  0.18  0.11  0.05  0.03  0.03
 1 -50  0.03  0.08  0.14  0.28  0.56  0.84  1.40  2.84  4.06  5.02  6.71  8.29  8.73  8.28  7.31  6.62  4.45  2.57  1.30  1.05  0.57  0.25  0.19  0.16  0.09  0.05  0.03  0.03
 1 -45  0.03  0.08  0.14  0.27  0.55  0.83  1.39  2.81  4.03  4.95  6.74  8.61  9.11  8.74  7.46  6.65  4.55  2.59  1.29  1.02  0.53  0.19  0.15  0.11  0.07  0.04  0.03  0.03
 1 -40  0.03  0.08  0.14  0.27  0.55  0.82  1.38  2.79  4.12  5.11  7.02  8.95  9.49  9.03  7.67  6.68  4.54  2.61  1.33  1.04  0.53  0.18  0.12  0.07  0.05  0.04  0.03  0.03
 1 -35  0.03  0.08  0.14  0.28  0.56  0.84  1.41  2.85  3.97  4.92  6.89  8.96  9.52  9.29  7.79  6.83  4.48  2.36  1.07  0.81  0.38  0.14  0.08  0.05  0.04  0.04  0.03  0.03
 1 -30  0.03  0.08  0.14  0.28  0.57  0.85  1.42  2.86  4.09  5.04  7.03  9.15  9.71  9.34  7.94  7.00  4.43  2.08  0.82  0.58  0.24  0.09  0.06  0.04  0.04  0.03  0.03  0.03
 1 -25  0.03  0.09  0.14  0.29  0.58  0.86  1.45  2.92  4.18  5.25  7.34  9.36  9.82  9.41  7.90  6.93  4.33  1.87  0.72  0.51  0.19  0.06  0.04  0.03  0.03  0.03  0.03  0.03
 1 -20  0.03  0.08  0.14  0.28  0.56  0.84  1.40  2.81  4.24  5.36  7.40  9.55 10.18  9.68  8.01  6.90  4.30  1.68  0.61  0.42  0.13  0.05  0.03  0.03  0.03  0.03  0.03  0.03
 1 -15  0.03  0.08  0.14  0.28  0.56  0.84  1.40  2.81  4.30  5.28  7.26  9.64 10.45  9.86  8.06  6.92  4.14  1.64  0.55  0.36  0.13  0.04  0.03  0.02  0.03  0.03  0.03  0.03
 1 -10  0.03  0.08  0.14  0.27  0.55  0.82  1.37  2.75  4.13  5.26  7.23  9.43 10.13  9.85  8.05  6.99  4.04  1.57  0.48  0.32  0.08  0.03  0.02  0.02  0.02  0.02  0.02  0.02
 1  -5  0.03  0.08  0.14  0.27  0.55  0.83  1.38  2.77  4.29  5.45  7.63  9.38  9.98  9.69  7.90  6.81  3.93  1.51  0.45  0.31  0.06  0.03  0.02  0.02  0.02  0.02  0.02  0.02
 1   0  0.03  0.09  0.15  0.30  0.60  0.90  1.52  3.08  4.54  5.72  7.74  9.61 10.19  9.68  7.79  6.65  3.71  1.38  0.41  0.28  0.05  0.03  0.02  0.02  0.02  0.02  0.02  0.02
 1   5  0.03  0.09  0.15  0.30  0.60  0.90  1.51  3.06  4.68  5.79  7.91  9.38  9.64  9.49  7.80  6.62  3.90  1.49  0.47  0.31  0.05  0.03  0.02  0.02  0.02  0.02  0.02  0.02
 1  10  0.03  0.09  0.15  0.30  0.60  0.91  1.52  3.07  4.62  5.85  7.60  8.87  9.09  9.07  7.76  6.66  4.08  1.64  0.54  0.36  0.05  0.03  0.02  0.02  0.02  0.03  0.03  0.03
 1  15  0.03  0.09  0.15  0.30  0.61  0.91  1.53  3.10  4.76  6.00  7.48  8.57  8.76  8.76  7.36  6.42  3.99  1.63  0.58  0.40  0.06  0.03  0.02  0.02  0.02  0.03  0.03  0.03
 1  20  0.03  0.09  0.16  0.31  0.63  0.95  1.60  3.24  4.94  6.30  7.65  8.40  8.67  8.50  7.01  6.18  4.07  1.71  0.59  0.43  0.16  0.03  0.03  0.03  0.03  0.03  0.03  0.03
 1  25  0.03  0.09  0.16  0.31  0.63  0.94  1.58  3.20  5.07  6.26  7.62  8.34  8.40  7.90  6.80  6.35  4.36  2.09  0.79  0.60  0.26  0.05  0.03  0.03  0.03  0.03  0.03  0.03
 1  30  0.03  0.10  0.17  0.33  0.67  1.00  1.69  3.43  5.14  6.47  7.62  8.14  8.19  7.56  6.86  6.55  4.74  2.33  0.93  0.71  0.32  0.09  0.06  0.04  0.04  0.03  0.03  0.03
 1  35  0.03  0.10  0.17  0.35  0.70  1.05  1.77  3.60  5.41  6.70  7.82  8.02  7.83  7.37  6.85  6.48  5.06  2.63  1.22  0.95  0.49  0.24  0.15  0.07  0.05  0.03  0.03  0.03
 1  40  0.04  0.11  0.18  0.37  0.74  1.11  1.86  3.79  5.52  6.80  7.85  7.93  7.51  6.91  6.55  6.39  5.42  3.01  1.64  1.24  0.68  0.35  0.22  0.10  0.06  0.04  0.03  0.03
 1  45  0.04  0.11  0.19  0.38  0.75  1.13  1.90  3.88  5.50  6.73  7.67  7.52  7.02  6.67  6.48  6.31  5.53  3.39  1.89  1.53  0.95  0.50  0.31  0.20  0.07  0.04  0.03  0.03
 1  50  0.04  0.11  0.19  0.38  0.77  1.15  1.94  3.94  5.74  6.87  7.47  7.22  6.55  6.09  6.24  6.27  5.69  3.71  2.16  1.78  1.16  0.61  0.35  0.24  0.08  0.04  0.03  0.03
 1  55  0.04  0.12  0.19  0.39  0.78  1.17  1.97  4.00  5.68  6.55  7.03  6.71  6.21  5.92  5.98  5.99  5.43  3.74  2.34  1.94  1.34  0.68  0.39  0.26  0.08  0.04  0.03  0.03
 1  60  0.04  0.12  0.20  0.39  0.79  1.18  1.99  4.04  5.62  6.38  6.78  6.37  5.98  5.82  5.74  5.67  5.12  3.71  2.54  2.14  1.53  0.75  0.44  0.27  0.09  0.04  0.03  0.03
 1  65  0.04  0.12  0.19  0.39  0.77  1.17  1.96  3.99  5.64  6.36  6.79  6.37  6.10  6.01  5.80  5.65  4.94  3.66  2.54  2.15  1.55  0.74  0.41  0.25  0.09  0.04  0.03  0.03
 1  70  0.04  0.11  0.19  0.38  0.76  1.15  1.93  3.93  5.65  6.34  6.80  6.41  6.22  6.20  5.87  5.61  4.79  3.62  2.55  2.17  1.57  0.74  0.39  0.23  0.09  0.04  0.03  0.03
 1  75  0.04  0.11  0.18  0.36  0.73  1.10  1.85  3.77  5.46  6.07  6.52  6.00  5.74  5.69  5.34  5.06  4.57  3.52  2.65  2.31  1.76  0.78  0.40  0.23  0.09  0.04  0.03  0.03
 1  80  0.04  0.11  0.18  0.35  0.71  1.07  1.80  3.70  5.22  5.78  6.19  5.59  5.26  5.15  4.80  4.51  4.34  3.43  2.73  2.44  1.94  0.82  0.41  0.24  0.09  0.04  0.03  0.03
 1  85  0.04  0.11  0.18  0.35  0.71  1.07  1.80  3.70  5.21  5.77  6.18  5.58  5.26  5.14  4.79  4.51  4.33  3.43  2.73  2.44  1.94  0.82  0.41  0.24  0.10  0.04  0.03  0.03
 1  90  0.04  0.11  0.18  0.35  0.71  1.07  1.80  3.69  5.20  5.76  6.16  5.56  5.25  5.14  4.79  4.50  4.33  3.43  2.73  2.45  1.94  0.82  0.41  0.24  0.10  0.04  0.03  0.03
 2 -90  0.03  0.08  0.14  0.28  0.55  0.83  1.40  2.84  4.15  5.11  6.37  6.38  5.73  4.78  4.30  3.81  2.73  2.60  2.32  1.99  1.41  0.67  0.36  0.21  0.13  0.06  0.03  0.02
 2 -85  0.03  0.08  0.14  0.28  0.55  0.83  1.39  2.84  4.15  5.11  6.38  6.39  5.73  4.78  4.29  3.81  2.73  2.60  2.32  1.99  1.41  0.67  0.36  0.21  0.13  0.06  0.03  0.02
 2 -80  0.03  0.08  0.14  0.27  0.55  0.83  1.39  2.84  4.15  5.11  6.38  6.39  5.73  4.78  4.29  3.81  2.73  2.60  2.31  1.99  1.41  0.67  0.36  0.21  0.13  0.05  0.03  0.02
 2 -75  0.03  0.08  0.14  0.27  0.55  0.83  1.39  2.82  4.13  5.10  6.46  6.73  6.21  5.26  4.69  4.16  2.94  2.60  2.31  1.98  1.38  0.66  0.37  0.20  0.12  0.05  0.03  0.02
 2 -70  0.03  0.08  0.14  0.27  0.54  0.82  1.38  2.80  4.12  5.09  6.53  7.08  6.69  5.75  5.09  4.52  3.23  2.62  2.28  1.94  1.33  0.63  0.37  0.20  0.11  0.05  0.03  0.02
 2 -65  0.03  0.08  0.14  0.28  0.56  0.84  1.40  2.85  4.18  5.17  6.68  7.48  7.25  6.36  5.60  4.99  3.68  2.65  2.10  1.78  1.19  0.56  0.35  0.20  0.12  0.05  0.03  0.02
 2 -60  0.03  0.08  0.14  0.28  0.57  0.85  1.43  2.91  4.26  5.27  6.85  7.88  7.81  6.97  6.11  5.45  4.13  2.69  1.93  1.62  1.06  0.48  0.32  0.20  0.12  0.05  0.03  0.03
 2 -55  0.03  0.09  0.15  0.30  0.59  0.89  1.50  3.05  4.42  5.47  7.05  8.17  8.22  7.56  6.67  5.97  4.27  2.57  1.57  1.30  0.80  0.36  0.25  0.18  0.11  0.05  0.03  0.03
 2 -50  0.03  0.09  0.15  0.30  0.61  0.91  1.53  3.12  4.51  5.61  7.22  8.44  8.66  8.12  7.21  6.51  4.40  2.46  1.25  1.01  0.55  0.24  0.18  0.14  0.08  0.04  0.03  0.03
 2 -45  0.03  0.09  0.15  0.30  0.60  0.90  1.51  3.08  4.42  5.47  7.18  8.74  9.06  8.59  7.42  6.59  4.49  2.42  1.24  0.97  0.48  0.18  0.16  0.09  0.06  0.04  0.03  0.03
 2 -40  0.03  0.09  0.15  0.30  0.60  0.90  1.50  3.05  4.48  5.56  7.38  9.07  9.51  9.03  7.69  6.66  4.49  2.38  1.25  0.96  0.44  0.16  0.10  0.06  0.04  0.03  0.03  0.03
 2 -35  0.03  0.09  0.15  0.30  0.60  0.90  1.50  3.04  4.26  5.30  7.19  9.06  9.54  9.29  7.77  6.72  4.38  2.20  1.02  0.76  0.33  0.13  0.07  0.05  0.04  0.03  0.03  0.03
 2 -30  0.03  0.09  0.15  0.30  0.60  0.90  1.50  3.03  4.32  5.34  7.24  9.20  9.73  9.41  7.91  6.84  4.28  1.97  0.80  0.57  0.22  0.08  0.05  0.04  0.03  0.03  0.03  0.03
 2 -25  0.03  0.09  0.15  0.29  0.59  0.89  1.49  3.00  4.27  5.35  7.39  9.41  9.94  9.60  7.95  6.84  4.18  1.84  0.69  0.49  0.18  0.05  0.03  0.03  0.03  0.03  0.03  0.03
 2 -20  0.03  0.08  0.14  0.28  0.56  0.85  1.42  2.85  4.27  5.42  7.38  9.52 10.32  9.98  8.12  6.86  4.15  1.68  0.57  0.38  0.12  0.04  0.03  0.03  0.03  0.03  0.03  0.03
 2 -15  0.03  0.08  0.14  0.28  0.56  0.84  1.40  2.82  4.25  5.17  7.12  9.63 10.59 10.12  8.14  6.90  4.06  1.60  0.52  0.35  0.12  0.03  0.02  0.02  0.02  0.03  0.03  0.02
 2 -10  0.03  0.08  0.14  0.27  0.54  0.81  1.36  2.74  4.03  5.07  6.97  9.38 10.37 10.23  8.16  6.98  4.03  1.48  0.48  0.32  0.08  0.03  0.02  0.02  0.02  0.02  0.02  0.02
 2  -5  0.03  0.08  0.13  0.27  0.54  0.81  1.36  2.74  4.15  5.22  7.33  9.31 10.29 10.13  7.83  6.54  3.86  1.45  0.47  0.32  0.06  0.03  0.02  0.02  0.02  0.02  0.02  0.02
 2   0  0.03  0.09  0.15  0.30  0.59  0.90  1.51  3.07  4.41  5.56  7.57  9.79 10.78 10.32  7.60  6.06  3.58  1.32  0.45  0.31  0.05  0.03  0.02  0.02  0.02  0.02  0.02  0.02
 2   5  0.03  0.09  0.15  0.29  0.59  0.88  1.48  3.01  4.52  5.58  7.71  9.47 10.14 10.07  7.71  6.30  3.78  1.44  0.51  0.34  0.05  0.02  0.02  0.02  0.02  0.02  0.03  0.02
 2  10  0.03  0.09  0.14  0.29  0.58  0.88  1.47  2.97  4.39  5.51  7.38  8.95  9.45  9.46  7.82  6.65  3.99  1.62  0.60  0.40  0.06  0.03  0.02  0.02  0.02  0.03  0.03  0.03
 2  15  0.03  0.09  0.15  0.29  0.59  0.88  1.48  2.99  4.60  5.70  7.38  8.67  9.01  9.05  7.56  6.60  4.05  1.70  0.66  0.46  0.07  0.03  0.02  0.02  0.02  0.03  0.03  0.03
 2  20  0.03  0.09  0.15  0.30  0.61  0.92  1.54  3.14  4.72  5.97  7.53  8.59  8.98  8.85  7.41  6.62  4.31  1.83  0.70  0.50  0.09  0.04  0.03  0.03  0.03  0.03  0.03  0.03
 2  25  0.03  0.09  0.15  0.31  0.62  0.93  1.55  3.15  4.91  6.02  7.51  8.48  8.64  8.20  7.07  6.53  4.53  2.17  0.88  0.66  0.26  0.05  0.04  0.03  0.03  0.03  0.03  0.03
 2  30  0.03  0.10  0.16  0.33  0.65  0.98  1.65  3.36  5.03  6.33  7.65  8.31  8.43  7.88  6.99  6.51  4.85  2.34  1.00  0.75  0.31  0.18  0.07  0.05  0.04  0.03  0.03  0.03
 2  35  0.03  0.10  0.17  0.34  0.69  1.03  1.73  3.53  5.36  6.63  7.97  8.27  8.15  7.67  6.99  6.51  5.11  2.76  1.29  0.99  0.47  0.30  0.21  0.08  0.06  0.04  0.03  0.03
 2  40  0.04  0.11  0.18  0.36  0.72  1.09  1.83  3.73  5.47  6.78  8.02  8.24  7.90  7.23  6.70  6.44  5.38  3.22  1.70  1.26  0.66  0.42  0.29  0.12  0.07  0.04  0.03  0.03
 2  45  0.04  0.11  0.18  0.37  0.74  1.11  1.87  3.81  5.53  6.85  8.05  8.01  7.50  7.07  6.68  6.35  5.55  3.58  1.96  1.58  0.96  0.55  0.37  0.23  0.08  0.04  0.03  0.03
 2  50  0.04  0.11  0.19  0.37  0.75  1.13  1.90  3.85  5.76  7.10  7.93  7.75  7.04  6.51  6.42  6.27  5.73  3.87  2.27  1.86  1.19  0.65  0.40  0.28  0.09  0.04  0.04  0.03
 2  55  0.04  0.12  0.19  0.39  0.78  1.17  1.97  4.00  5.84  7.00  7.64  7.38  6.76  6.34  6.24  6.15  5.69  3.98  2.45  2.03  1.38  0.70  0.44  0.30  0.10  0.05  0.04  0.03
 2  60  0.04  0.12  0.20  0.40  0.81  1.22  2.04  4.16  5.92  7.01  7.51  7.10  6.53  6.19  6.08  6.00  5.63  4.06  2.66  2.23  1.57  0.77  0.48  0.31  0.10  0.05  0.04  0.03
 2  65  0.04  0.12  0.20  0.40  0.81  1.22  2.05  4.17  5.86  6.83  7.30  6.92  6.48  6.24  6.03  5.88  5.42  3.92  2.76  2.35  1.71  0.83  0.48  0.30  0.10  0.05  0.04  0.03
 2  70  0.04  0.12  0.20  0.40  0.81  1.22  2.05  4.17  5.81  6.67  7.10  6.72  6.43  6.31  5.99  5.76  5.27  3.80  2.86  2.48  1.85  0.90  0.47  0.29  0.11  0.05  0.04  0.03
 2  75  0.04  0.12  0.20  0.40  0.81  1.21  2.04  4.15  5.68  6.38  7.01  6.82  6.69  6.62  6.18  5.85  5.32  3.74  2.92  2.54  1.90  0.94  0.49  0.29  0.11  0.05  0.04  0.03
 2  80  0.04  0.12  0.20  0.40  0.80  1.21  2.03  4.13  5.54  6.09  6.92  6.95  6.95  6.94  6.36  5.95  5.36  3.67  2.94  2.57  1.93  0.97  0.51  0.29  0.11  0.05  0.04  0.03
 2  85  0.04  0.12  0.20  0.40  0.80  1.20  2.02  4.13  5.53  6.07  6.90  6.94  6.94  6.93  6.36  5.95  5.36  3.67  2.94  2.57  1.93  0.97  0.51  0.29  0.11  0.05  0.04  0.03
 2  90  0.04  0.12  0.20  0.40  0.80  1.20  2.02  4.12  5.53  6.06  6.89  6.92  6.93  6.92  6.35  5.94  5.36  3.67  2.94  2.57  1.93  0.97  0.51  0.29  0.11  0.05  0.04  0.03
 3 -90  0.04  0.12  0.20  0.40  0.81  1.22  2.05  4.19  5.60  6.46  6.53  5.91  5.20  4.51  3.87  3.14  2.54  2.60  2.45  2.12  1.52  0.60  0.33  0.19  0.11  0.05  0.03  0.02
 3 -85  0.04  0.12  0.20  0.40  0.81  1.22  2.05  4.19  5.60  6.46  6.53  5.92  5.20  4.51  3.87  3.13  2.54  2.61  2.45  2.12  1.52  0.60  0.33  0.19  0.11  0.05  0.03  0.02
 3 -80  0.04  0.12  0.20  0.40  0.81  1.22  2.04  4.18  5.59  6.46  6.53  5.92  5.21  4.51  3.87  3.13  2.54  2.61  2.45  2.12  1.52  0.60  0.33  0.19  0.11  0.05  0.03  0.02
 3 -75  0.04  0.11  0.19  0.38  0.77  1.16  1.95  3.98  5.53  6.52  6.94  6.45  5.70  4.91  4.20  3.44  2.66  2.58  2.42  2.08  1.47  0.59  0.33  0.19  0.11  0.05  0.03  0.02
 3 -70  0.04  0.11  0.18  0.36  0.73  1.10  1.85  3.78  5.45  6.57  7.33  6.97  6.20  5.31  4.53  3.78  2.87  2.56  2.34  2.00  1.40  0.57  0.32  0.18  0.11  0.05  0.03  0.03
 3 -65  0.04  0.11  0.18  0.35  0.71  1.07  1.80  3.66  5.35  6.52  7.51  7.44  6.78  5.88  5.13  4.49  3.32  2.59  2.11  1.81  1.24  0.51  0.31  0.18  0.12  0.05  0.03  0.03
 3 -60  0.03  0.10  0.17  0.34  0.69  1.04  1.74  3.55  5.27  6.49  7.69  7.91  7.35  6.44  5.74  5.18  3.74  2.64  1.90  1.62  1.09  0.45  0.29  0.18  0.11  0.05  0.03  0.03
 3 -55  0.03  0.10  0.17  0.34  0.69  1.04  1.75  3.56  5.29  6.52  7.80  8.20  7.82  7.01  6.30  5.77  4.20  2.61  1.58  1.33  0.85  0.34  0.23  0.17  0.09  0.05  0.03  0.03
 3 -50  0.03  0.10  0.17  0.34  0.69  1.04  1.74  3.55  5.28  6.55  7.94  8.51  8.31  7.59  6.89  6.38  4.60  2.57  1.31  1.07  0.62  0.24  0.17  0.11  0.07  0.04  0.03  0.03
 3 -45  0.03  0.10  0.17  0.33  0.67  1.01  1.69  3.44  5.07  6.31  7.84  8.83  8.80  8.16  7.10  6.29  4.50  2.49  1.26  0.99  0.52  0.17  0.13  0.07  0.05  0.03  0.03  0.03
 3 -40  0.03  0.10  0.16  0.33  0.66  0.99  1.66  3.37  4.98  6.24  7.91  9.16  9.33  8.76  7.28  6.13  4.35  2.42  1.20  0.92  0.45  0.14  0.10  0.05  0.04  0.03  0.03  0.03
 3 -35  0.03  0.10  0.16  0.32  0.64  0.96  1.61  3.27  4.71  5.87  7.66  9.15  9.46  9.10  7.69  6.65  4.36  2.24  0.97  0.72  0.32  0.13  0.07  0.04  0.03  0.03  0.03  0.03
 3 -30  0.03  0.09  0.16  0.31  0.63  0.95  1.59  3.21  4.67  5.81  7.61  9.26  9.67  9.37  8.15  7.24  4.40  2.04  0.76  0.54  0.19  0.08  0.05  0.03  0.03  0.03  0.03  0.03
 3 -25  0.03  0.09  0.15  0.31  0.61  0.92  1.54  3.13  4.49  5.63  7.56  9.41  9.94  9.68  8.24  7.26  4.27  1.83  0.62  0.44  0.15  0.05  0.03  0.03  0.03  0.03  0.03  0.03
 3 -20  0.03  0.09  0.15  0.29  0.58  0.88  1.47  2.97  4.46  5.67  7.47  9.40 10.26 10.18  8.45  7.29  4.19  1.55  0.47  0.32  0.09  0.04  0.02  0.02  0.02  0.03  0.03  0.02
 3 -15  0.03  0.09  0.14  0.29  0.58  0.87  1.45  2.94  4.34  5.25  7.07  9.44 10.46 10.29  8.34  7.10  4.11  1.53  0.47  0.31  0.10  0.03  0.02  0.02  0.02  0.02  0.02  0.02
 3 -10  0.03  0.08  0.14  0.28  0.56  0.85  1.42  2.87  4.07  5.04  6.73  9.08 10.29 10.47  8.24  6.94  4.10  1.49  0.47  0.31  0.12  0.03  0.02  0.02  0.02  0.02  0.02  0.02
 3  -5  0.03  0.08  0.14  0.28  0.56  0.84  1.41  2.85  4.10  5.06  6.95  8.94 10.18 10.41  8.07  6.77  4.00  1.48  0.47  0.32  0.06  0.02  0.02  0.02  0.02  0.02  0.02  0.02
 3   0  0.03  0.09  0.15  0.30  0.60  0.90  1.52  3.11  4.27  5.34  7.18  9.44 10.77 10.73  8.01  6.53  3.79  1.34  0.45  0.31  0.13  0.02  0.02  0.02  0.02  0.02  0.02  0.02
 3   5  0.03  0.09  0.15  0.29  0.59  0.89  1.49  3.03  4.41  5.32  7.28  9.16 10.22 10.47  7.99  6.66  3.94  1.44  0.50  0.33  0.05  0.02  0.02  0.02  0.02  0.02  0.02  0.02
 3  10  0.03  0.09  0.14  0.29  0.58  0.87  1.46  2.96  4.21  5.13  7.00  8.73  9.57  9.77  8.01  6.90  4.13  1.61  0.58  0.39  0.06  0.03  0.02  0.02  0.02  0.03  0.03  0.03
 3  15  0.03  0.09  0.15  0.29  0.58  0.88  1.47  2.97  4.46  5.40  7.20  8.61  9.13  9.28  7.64  6.61  4.12  1.69  0.64  0.45  0.07  0.03  0.02  0.02  0.02  0.03  0.03  0.03
 3  20  0.03  0.09  0.15  0.30  0.61  0.92  1.54  3.12  4.58  5.69  7.35  8.68  9.18  9.09  7.41  6.42  4.28  1.78  0.67  0.48  0.19  0.04  0.03  0.03  0.03  0.03  0.03  0.03
 3  25  0.03  0.09  0.15  0.31  0.62  0.93  1.55  3.15  4.75  5.80  7.38  8.58  8.85  8.53  7.19  6.43  4.48  2.22  0.90  0.68  0.31  0.06  0.04  0.04  0.03  0.03  0.03  0.03
 3  30  0.03  0.10  0.16  0.32  0.64  0.96  1.61  3.28  4.89  6.12  7.61  8.48  8.69  8.30  7.20  6.53  4.77  2.50  1.07  0.82  0.39  0.20  0.08  0.05  0.04  0.04  0.03  0.03
 3  35  0.03  0.10  0.16  0.33  0.66  1.00  1.67  3.40  5.18  6.42  8.03  8.59  8.61  8.14  7.23  6.60  4.90  2.85  1.36  1.06  0.57  0.31  0.22  0.08  0.06  0.04  0.03  0.03
 3  40  0.03  0.10  0.17  0.34  0.69  1.04  1.75  3.57  5.25  6.54  8.09  8.71  8.54  7.82  7.00  6.55  5.00  3.20  1.74  1.33  0.77  0.42  0.30  0.13  0.07  0.04  0.04  0.03
 3  45  0.03  0.10  0.17  0.34  0.69  1.04  1.75  3.57  5.37  6.73  8.35  8.66  8.20  7.65  6.94  6.40  5.29  3.53  1.93  1.57  1.00  0.55  0.39  0.24  0.09  0.05  0.04  0.03
 3  50  0.03  0.10  0.17  0.34  0.69  1.04  1.74  3.54  5.54  7.02  8.34  8.44  7.75  7.11  6.65  6.24  5.57  3.78  2.20  1.82  1.17  0.66  0.43  0.31  0.11  0.05  0.04  0.03
 3  55  0.04  0.11  0.18  0.36  0.71  1.08  1.81  3.68  5.65  7.01  8.15  8.13  7.47  6.88  6.48  6.19  5.57  3.95  2.44  2.03  1.36  0.75  0.48  0.33  0.12  0.05  0.04  0.04
 3  60  0.04  0.11  0.19  0.37  0.74  1.12  1.88  3.83  5.79  7.14  8.10  7.88  7.19  6.62  6.31  6.11  5.56  4.11  2.71  2.27  1.56  0.86  0.54  0.35  0.12  0.05  0.04  0.04
 3  65  0.04  0.11  0.19  0.38  0.77  1.15  1.94  3.95  5.82  7.10  7.89  7.61  6.96  6.46  6.12  5.89  5.36  4.12  2.86  2.44  1.76  0.95  0.60  0.37  0.12  0.05  0.04  0.03
 3  70  0.04  0.12  0.20  0.39  0.79  1.19  1.99  4.06  5.86  7.06  7.69  7.32  6.73  6.30  5.93  5.68  5.17  4.14  3.01  2.61  1.96  1.04  0.65  0.39  0.13  0.05  0.04  0.03
 3  75  0.04  0.12  0.20  0.39  0.79  1.19  2.00  4.07  5.77  6.88  7.48  7.20  6.76  6.43  5.88  5.49  5.10  4.15  3.06  2.67  2.02  1.09  0.65  0.38  0.19  0.05  0.04  0.03
 3  80  0.04  0.12  0.20  0.39  0.79  1.19  2.00  4.08  5.68  6.70  7.26  7.09  6.79  6.57  5.83  5.32  5.04  4.15  3.09  2.71  2.06  1.13  0.64  0.38  0.18  0.06  0.04  0.03
 3  85  0.04  0.12  0.20  0.39  0.79  1.19  2.00  4.08  5.68  6.69  7.24  7.07  6.78  6.56  5.82  5.32  5.04  4.15  3.09  2.71  2.06  1.13  0.64  0.38  0.18  0.06  0.04  0.03
 3  90  0.04  0.12  0.20  0.39  0.79  1.19  2.00  4.07  5.67  6.68  7.23  7.06  6.77  6.55  5.82  5.31  5.03  4.15  3.09  2.71  2.06  1.13  0.64  0.38  0.18  0.06  0.04  0.03
 4 -90  0.05  0.16  0.27  0.53  1.07  1.62  2.73  5.65  6.44  6.60  6.27  5.50  4.89  4.25  3.57  2.72  2.24  2.86  2.44  2.10  1.40  0.48  0.29  0.18  0.11  0.04  0.03  0.02
 4 -85  0.05  0.16  0.27  0.53  1.07  1.62  2.73  5.65  6.44  6.60  6.27  5.50  4.89  4.25  3.57  2.72  2.24  2.86  2.44  2.09  1.40  0.48  0.29  0.18  0.11  0.04  0.03  0.03
 4 -80  0.05  0.16  0.27  0.53  1.07  1.62  2.73  5.65  6.44  6.60  6.28  5.50  4.89  4.25  3.57  2.72  2.24  2.86  2.44  2.09  1.40  0.48  0.29  0.18  0.11  0.04  0.03  0.03
 4 -75  0.05  0.15  0.26  0.51  1.03  1.55  2.62  5.40  6.64  7.06  6.81  5.98  5.32  4.63  3.98  3.17  2.55  2.81  2.39  2.06  1.40  0.46  0.28  0.17  0.10  0.04  0.03  0.03
 4 -70  0.05  0.15  0.25  0.49  0.99  1.49  2.51  5.17  6.79  7.51  7.33  6.50  5.74  5.01  4.37  3.67  2.97  2.76  2.30  2.00  1.38  0.44  0.27  0.17  0.10  0.04  0.03  0.03
 4 -65  0.05  0.14  0.24  0.47  0.95  1.43  2.41  4.93  6.71  7.60  7.68  7.04  6.26  5.50  4.87  4.34  3.46  2.77  2.11  1.82  1.23  0.40  0.25  0.16  0.10  0.04  0.03  0.03
 4 -60  0.05  0.14  0.23  0.45  0.91  1.37  2.30  4.71  6.64  7.71  8.04  7.58  6.78  5.99  5.38  4.97  3.93  2.80  1.93  1.64  1.09  0.36  0.22  0.15  0.09  0.04  0.03  0.03
 4 -55  0.04  0.13  0.22  0.43  0.87  1.31  2.21  4.51  6.50  7.66  8.21  7.92  7.22  6.43  5.96  5.71  4.39  2.74  1.64  1.36  0.84  0.29  0.18  0.14  0.08  0.04  0.03  0.03
 4 -50  0.04  0.12  0.21  0.41  0.83  1.25  2.10  4.29  6.39  7.69  8.44  8.26  7.72  6.92  6.60  6.47  4.80  2.64  1.40  1.11  0.60  0.22  0.14  0.10  0.06  0.04  0.03  0.03
 4 -45  0.04  0.12  0.20  0.39  0.79  1.18  1.99  4.06  6.05  7.39  8.40  8.65  8.30  7.57  6.89  6.34  4.64  2.51  1.35  1.04  0.51  0.17  0.11  0.07  0.05  0.03  0.03  0.03
 4 -40  0.04  0.11  0.19  0.37  0.75  1.13  1.90  3.88  5.74  7.12  8.42  9.01  8.85  8.21  7.03  6.14  4.48  2.39  1.26  0.96  0.45  0.14  0.10  0.05  0.04  0.03  0.03  0.02
 4 -35  0.04  0.11  0.18  0.35  0.71  1.07  1.79  3.65  5.36  6.60  8.12  9.07  9.15  8.67  7.24  6.17  4.29  2.18  1.07  0.81  0.37  0.13  0.07  0.04  0.03  0.03  0.03  0.02
 4 -30  0.03  0.10  0.17  0.34  0.68  1.02  1.71  3.49  5.14  6.37  7.95  9.22  9.44  9.10  7.47  6.25  4.15  1.99  0.90  0.67  0.29  0.09  0.05  0.03  0.03  0.03  0.03  0.02
 4 -25  0.03  0.10  0.16  0.33  0.65  0.98  1.65  3.36  4.87  6.06  7.80  9.33  9.80  9.55  7.79  6.59  4.15  1.86  0.69  0.51  0.20  0.05  0.03  0.03  0.02  0.02  0.02  0.02
 4 -20  0.03  0.09  0.16  0.31  0.63  0.94  1.58  3.21  4.84  6.11  7.70  9.25 10.09 10.21  8.23  6.91  4.19  1.63  0.49  0.34  0.11  0.03  0.02  0.02  0.02  0.02  0.02  0.02
 4 -15  0.03  0.09  0.15  0.31  0.61  0.92  1.55  3.16  4.63  5.65  7.34  9.30 10.17 10.27  8.31  7.01  4.13  1.54  0.46  0.31  0.11  0.03  0.02  0.02  0.02  0.02  0.02  0.02
 4 -10  0.03  0.09  0.15  0.30  0.61  0.91  1.53  3.12  4.39  5.42  6.97  8.92 10.01 10.39  8.37  7.15  4.17  1.46  0.44  0.30  0.12  0.02  0.02  0.02  0.02  0.02  0.02  0.02
 4  -5  0.03  0.09  0.15  0.30  0.60  0.90  1.52  3.09  4.34  5.31  7.05  8.75  9.84 10.31  8.28  7.11  4.15  1.47  0.43  0.30  0.13  0.02  0.02  0.02  0.02  0.02  0.02  0.02
 4   0  0.03  0.09  0.15  0.31  0.62  0.93  1.56  3.20  4.40  5.44  7.20  9.17 10.34 10.61  8.29  6.99  4.03  1.37  0.42  0.29  0.13  0.02  0.02  0.02  0.02  0.02  0.02  0.02
 4   5  0.03  0.09  0.15  0.30  0.61  0.92  1.54  3.14  4.50  5.37  7.22  8.95 10.00 10.38  8.12  6.98  4.17  1.47  0.57  0.38  0.14  0.02  0.02  0.02  0.02  0.02  0.02  0.02
 4  10  0.03  0.09  0.15  0.30  0.59  0.89  1.49  3.03  4.20  5.05  6.91  8.60  9.50  9.68  8.02  7.09  4.37  1.64  0.77  0.52  0.17  0.02  0.02  0.02  0.02  0.02  0.03  0.03
 4  15  0.03  0.09  0.15  0.30  0.59  0.89  1.49  3.03  4.42  5.34  7.20  8.63  9.14  9.21  7.71  6.83  4.32  1.76  0.86  0.59  0.19  0.03  0.02  0.02  0.02  0.03  0.03  0.03
 4  20  0.03  0.09  0.15  0.31  0.62  0.93  1.55  3.15  4.55  5.59  7.32  8.79  9.25  9.04  7.56  6.70  4.40  1.86  0.91  0.64  0.21  0.04  0.03  0.03  0.03  0.03  0.03  0.03
 4  25  0.03  0.09  0.15  0.31  0.62  0.93  1.55  3.15  4.62  5.65  7.30  8.65  8.94  8.65  7.43  6.65  4.54  2.19  1.05  0.78  0.32  0.08  0.05  0.04  0.03  0.03  0.03  0.03
 4  30  0.03  0.09  0.15  0.31  0.62  0.93  1.57  3.19  4.72  5.86  7.48  8.56  8.84  8.56  7.44  6.72  4.75  2.40  1.17  0.89  0.41  0.14  0.08  0.05  0.04  0.04  0.04  0.03
 4  35  0.03  0.09  0.16  0.31  0.63  0.94  1.59  3.23  4.86  6.02  7.78  8.68  8.90  8.51  7.46  6.73  4.77  2.69  1.40  1.08  0.58  0.34  0.14  0.08  0.05  0.04  0.04  0.03
 4  40  0.03  0.10  0.16  0.32  0.64  0.96  1.62  3.30  4.77  5.94  7.60  8.79  8.98  8.38  7.29  6.64  4.78  2.95  1.68  1.30  0.77  0.44  0.30  0.11  0.07  0.04  0.04  0.03
 4  45  0.03  0.09  0.16  0.31  0.63  0.95  1.59  3.24  4.85  6.07  7.93  8.86  8.75  8.22  7.19  6.49  4.91  3.21  1.80  1.48  0.95  0.53  0.38  0.15  0.09  0.05  0.04  0.04
 4  50  0.03  0.09  0.15  0.31  0.61  0.92  1.55  3.16  4.86  6.22  7.90  8.69  8.36  7.77  6.92  6.29  5.00  3.40  2.02  1.68  1.06  0.61  0.42  0.30  0.10  0.05  0.04  0.04
 4  55  0.03  0.09  0.15  0.31  0.61  0.92  1.55  3.16  4.84  6.15  7.80  8.45  8.08  7.45  6.60  6.02  5.10  3.62  2.25  1.89  1.24  0.69  0.48  0.33  0.12  0.05  0.04  0.04
 4  60  0.03  0.09  0.16  0.31  0.63  0.95  1.59  3.23  4.92  6.27  7.82  8.26  7.79  7.10  6.29  5.74  5.20  3.83  2.50  2.11  1.43  0.79  0.55  0.36  0.13  0.06  0.04  0.04
 4  65  0.03  0.09  0.16  0.32  0.63  0.95  1.60  3.26  4.92  6.24  7.64  7.92  7.40  6.71  6.07  5.63  5.08  3.87  2.70  2.29  1.59  0.93  0.66  0.41  0.13  0.06  0.04  0.04
 4  70  0.03  0.10  0.16  0.32  0.64  0.96  1.62  3.28  4.92  6.21  7.47  7.58  7.01  6.32  5.86  5.52  4.96  3.91  2.90  2.47  1.74  1.07  0.76  0.46  0.24  0.06  0.04  0.04
 4  75  0.03  0.10  0.16  0.32  0.65  0.98  1.65  3.34  4.89  6.12  7.15  7.14  6.58  5.96  5.66  5.43  4.91  3.98  3.01  2.58  1.87  1.14  0.78  0.46  0.23  0.06  0.04  0.04
 4  80  0.03  0.10  0.17  0.33  0.66  1.00  1.68  3.41  4.86  6.04  6.83  6.69  6.14  5.60  5.47  5.35  4.88  4.04  3.08  2.66  1.97  1.20  0.78  0.46  0.22  0.07  0.04  0.04
 4  85  0.03  0.10  0.17  0.33  0.66  1.00  1.68  3.40  4.85  6.03  6.82  6.68  6.13  5.59  5.46  5.35  4.87  4.04  3.08  2.66  1.97  1.20  0.78  0.46  0.22  0.07  0.04  0.04
 4  90  0.03  0.10  0.17  0.33  0.66  1.00  1.68  3.40  4.85  6.01  6.81  6.66  6.12  5.59  5.46  5.34  4.87  4.04  3.08  2.66  1.97  1.20  0.78  0.46  0.22  0.07  0.04  0.04
 5 -90  0.06  0.17  0.29  0.58  1.18  1.78  3.02  6.30  6.94  7.13  6.39  4.93  4.08  3.39  3.09  2.77  3.00  2.99  2.33  1.97  1.32  0.47  0.25  0.15  0.08  0.04  0.03  0.03
 5 -85  0.06  0.17  0.29  0.58  1.18  1.78  3.02  6.30  6.94  7.13  6.39  4.93  4.09  3.39  3.09  2.77  3.00  2.99  2.33  1.97  1.32  0.47  0.25  0.15  0.08  0.04  0.03  0.03
 5 -80  0.06  0.17  0.29  0.58  1.18  1.78  3.02  6.29  6.94  7.13  6.40  4.93  4.09  3.38  3.09  2.77  3.00  2.99  2.33  1.97  1.32  0.47  0.25  0.15  0.08  0.04  0.03  0.03
 5 -75  0.06  0.17  0.28  0.57  1.15  1.74  2.94  6.11  7.00  7.35  6.84  5.57  4.81  4.11  3.65  3.14  3.04  2.84  2.17  1.85  1.25  0.44  0.23  0.14  0.08  0.04  0.03  0.03
 5 -70  0.05  0.16  0.27  0.55  1.11  1.68  2.84  5.88  7.03  7.53  7.25  6.23  5.54  4.85  4.26  3.59  3.11  2.68  1.99  1.69  1.15  0.41  0.22  0.14  0.08  0.04  0.03  0.03
 5 -65  0.05  0.17  0.28  0.55  1.11  1.68  2.83  5.85  7.24  7.84  7.52  6.59  5.91  5.22  4.86  4.37  3.68  2.78  1.92  1.61  1.04  0.40  0.22  0.14  0.08  0.04  0.03  0.03
 5 -60  0.06  0.17  0.28  0.55  1.11  1.68  2.83  5.81  7.46  8.16  7.82  6.95  6.27  5.59  5.32  5.10  4.32  2.92  1.85  1.53  0.92  0.38  0.21  0.14  0.08  0.04  0.03  0.03
 5 -55  0.05  0.16  0.26  0.53  1.07  1.61  2.70  5.54  7.39  8.29  8.10  7.40  6.64  5.93  5.65  5.58  4.62  2.77  1.66  1.34  0.76  0.35  0.20  0.15  0.07  0.04  0.03  0.03
 5 -50  0.05  0.15  0.25  0.51  1.03  1.55  2.60  5.33  7.43  8.58  8.48  7.82  7.12  6.34  6.06  6.09  4.86  2.56  1.50  1.17  0.61  0.33  0.18  0.10  0.06  0.03  0.03  0.03
 5 -45  0.05  0.14  0.23  0.47  0.94  1.42  2.40  4.91  7.07  8.30  8.63  8.31  7.80  7.06  6.53  6.13  4.74  2.48  1.43  1.09  0.50  0.28  0.15  0.08  0.05  0.03  0.03  0.02
 5 -40  0.04  0.13  0.21  0.43  0.86  1.30  2.19  4.48  6.56  7.93  8.70  8.70  8.31  7.66  6.72  6.10  4.65  2.41  1.31  0.98  0.43  0.24  0.12  0.06  0.04  0.03  0.02  0.02
 5 -35  0.04  0.12  0.20  0.39  0.79  1.19  2.00  4.09  6.01  7.29  8.39  8.81  8.69  8.12  7.17  6.48  4.54  2.18  1.09  0.81  0.34  0.19  0.09  0.05  0.03  0.03  0.02  0.02
 5 -30  0.04  0.11  0.18  0.36  0.73  1.10  1.85  3.78  5.62  6.92  8.18  8.95  8.98  8.56  7.60  6.89  4.50  2.01  0.87  0.63  0.22  0.09  0.05  0.04  0.03  0.03  0.02  0.02
 5 -25  0.03  0.10  0.17  0.35  0.70  1.05  1.77  3.61  5.28  6.49  7.95  9.05  9.41  9.10  7.78  6.91  4.38  1.94  0.71  0.51  0.18  0.05  0.03  0.03  0.02  0.02  0.02  0.02
 5 -20  0.03  0.10  0.17  0.33  0.67  1.01  1.70  3.47  5.22  6.51  7.88  8.99  9.68  9.86  8.06  6.91  4.28  1.77  0.56  0.39  0.12  0.03  0.02  0.02  0.02  0.02  0.02  0.02
 5 -15  0.03  0.10  0.16  0.32  0.65  0.98  1.65  3.37  4.95  6.11  7.69  9.15  9.76  9.98  8.27  7.07  4.24  1.64  0.47  0.33  0.11  0.03  0.02  0.02  0.02  0.02  0.02  0.02
 5 -10  0.03  0.10  0.16  0.32  0.65  0.97  1.64  3.35  4.76  5.89  7.38  8.91  9.72 10.08  8.40  7.27  4.32  1.53  0.41  0.29  0.11  0.02  0.02  0.02  0.02  0.02  0.02  0.02
 5  -5  0.03  0.10  0.16  0.32  0.64  0.97  1.63  3.33  4.65  5.69  7.39  8.81  9.51  9.98  8.22  7.04  4.12  1.39  0.36  0.26  0.11  0.02  0.02  0.02  0.02  0.02  0.02  0.02
 5   0  0.03  0.09  0.16  0.32  0.63  0.96  1.61  3.29  4.61  5.64  7.42  9.09  9.82 10.19  8.09  6.72  3.85  1.15  0.32  0.23  0.11  0.02  0.02  0.02  0.02  0.02  0.02  0.02
 5   5  0.03  0.09  0.16  0.31  0.63  0.95  1.59  3.25  4.64  5.54  7.33  8.93  9.79 10.12  8.06  6.93  4.16  1.40  0.47  0.33  0.16  0.02  0.02  0.02  0.02  0.02  0.02  0.02
 5  10  0.03  0.09  0.15  0.30  0.61  0.92  1.53  3.12  4.26  5.14  6.96  8.61  9.50  9.66  8.08  7.27  4.56  1.69  0.67  0.48  0.22  0.03  0.02  0.02  0.02  0.02  0.03  0.02
 5  15  0.03  0.09  0.15  0.30  0.61  0.91  1.53  3.10  4.39  5.35  7.22  8.73  9.28  9.30  7.88  7.10  4.46  1.85  0.76  0.56  0.25  0.03  0.02  0.02  0.02  0.03  0.03  0.03
 5  20  0.03  0.09  0.15  0.31  0.62  0.93  1.57  3.19  4.51  5.53  7.24  8.88  9.42  9.10  7.81  7.06  4.43  1.96  0.83  0.60  0.28  0.05  0.03  0.03  0.03  0.03  0.03  0.03
 5  25  0.03  0.09  0.15  0.31  0.61  0.92  1.55  3.15  4.48  5.49  7.19  8.69  9.05  8.82  7.67  6.88  4.60  2.20  0.98  0.74  0.37  0.08  0.04  0.04  0.03  0.03  0.03  0.03
 5  30  0.03  0.09  0.15  0.30  0.60  0.91  1.52  3.09  4.52  5.55  7.26  8.51  8.91  8.75  7.61  6.81  4.84  2.37  1.12  0.88  0.45  0.14  0.07  0.05  0.04  0.04  0.04  0.03
 5  35  0.03  0.09  0.15  0.30  0.60  0.91  1.53  3.11  4.57  5.65  7.43  8.56  8.95  8.71  7.57  6.77  4.84  2.63  1.30  1.02  0.57  0.32  0.11  0.06  0.05  0.04  0.04  0.03
 5  40  0.03  0.09  0.15  0.30  0.61  0.92  1.54  3.15  4.40  5.45  7.06  8.54  9.01  8.65  7.42  6.66  4.85  2.84  1.51  1.19  0.72  0.41  0.17  0.09  0.06  0.04  0.04  0.04
 5  45  0.03  0.09  0.15  0.29  0.59  0.89  1.49  3.04  4.43  5.48  7.30  8.56  8.80  8.42  7.26  6.51  4.86  3.00  1.63  1.36  0.89  0.49  0.35  0.13  0.07  0.05  0.04  0.04
 5  50  0.03  0.08  0.14  0.28  0.56  0.85  1.42  2.89  4.32  5.43  7.17  8.35  8.44  8.03  7.02  6.31  4.82  3.12  1.85  1.55  1.01  0.58  0.40  0.17  0.09  0.05  0.04  0.04
 5  55  0.03  0.08  0.14  0.27  0.55  0.82  1.38  2.81  4.17  5.24  6.98  8.09  8.14  7.65  6.66  5.99  4.79  3.25  2.02  1.71  1.12  0.64  0.46  0.31  0.11  0.06  0.04  0.04
 5  60  0.03  0.08  0.14  0.27  0.55  0.83  1.39  2.82  4.18  5.25  6.94  7.92  7.86  7.24  6.31  5.69  4.76  3.39  2.22  1.88  1.25  0.72  0.53  0.35  0.12  0.06  0.04  0.04
 5  65  0.03  0.08  0.13  0.27  0.54  0.81  1.36  2.76  4.09  5.13  6.76  7.58  7.41  6.74  5.82  5.20  4.39  3.38  2.40  2.04  1.41  0.83  0.62  0.41  0.13  0.06  0.05  0.04
 5  70  0.03  0.08  0.13  0.26  0.53  0.79  1.33  2.70  3.99  5.01  6.58  7.24  6.96  6.23  5.33  4.71  4.03  3.37  2.57  2.21  1.58  0.95  0.71  0.47  0.29  0.06  0.05  0.04
 5  75  0.03  0.08  0.13  0.26  0.53  0.79  1.33  2.69  4.02  5.07  6.58  6.99  6.56  5.78  5.12  4.65  4.11  3.44  2.63  2.27  1.63  0.98  0.72  0.47  0.29  0.07  0.05  0.04
 5  80  0.03  0.08  0.13  0.26  0.53  0.79  1.33  2.69  4.05  5.12  6.58  6.74  6.16  5.33  4.91  4.60  4.23  3.51  2.66  2.30  1.66  1.00  0.72  0.46  0.28  0.07  0.05  0.04
 5  85  0.03  0.08  0.13  0.26  0.53  0.79  1.32  2.68  4.04  5.11  6.56  6.73  6.15  5.32  4.90  4.60  4.22  3.51  2.66  2.30  1.66  1.00  0.72  0.46  0.28  0.07  0.05  0.04
 5  90  0.03  0.08  0.13  0.26  0.53  0.79  1.32  2.68  4.03  5.10  6.55  6.72  6.14  5.32  4.90  4.59  4.22  3.51  2.66  2.30  1.66  1.00  0.72  0.46  0.28  0.07  0.05  0.04
 6 -90  0.06  0.18  0.30  0.59  1.20  1.82  3.08  6.45  7.20  7.51  6.73  5.04  4.29  3.90  3.41  3.12  3.00  2.92  2.18  1.89  1.36  0.49  0.21  0.12  0.06  0.03  0.03  0.02
 6 -85  0.06  0.18  0.30  0.59  1.20  1.82  3.08  6.45  7.19  7.51  6.73  5.04  4.29  3.90  3.41  3.12  3.00  2.92  2.18  1.89  1.36  0.49  0.21  0.12  0.06  0.03  0.03  0.03
 6 -80  0.06  0.18  0.30  0.59  1.20  1.82  3.08  6.45  7.19  7.51  6.74  5.04  4.29  3.89  3.41  3.12  3.00  2.92  2.17  1.89  1.36  0.49  0.21  0.12  0.06  0.03  0.03  0.03
 6 -75  0.06  0.18  0.29  0.59  1.19  1.81  3.06  6.39  7.20  7.58  7.09  5.58  4.86  4.33  3.78  3.33  3.10  2.90  2.12  1.85  1.36  0.48  0.21  0.13  0.06  0.03  0.03  0.03
 6 -70  0.06  0.17  0.29  0.58  1.18  1.78  3.02  6.28  7.20  7.65  7.39  6.14  5.44  4.79  4.21  3.64  3.23  2.86  2.06  1.78  1.32  0.47  0.20  0.13  0.07  0.03  0.03  0.03
 6 -65  0.06  0.17  0.29  0.58  1.16  1.75  2.97  6.15  7.26  7.80  7.49  6.35  5.67  4.99  4.70  4.28  3.69  2.90  2.02  1.71  1.20  0.47  0.24  0.13  0.07  0.03  0.03  0.03
 6 -60  0.06  0.17  0.28  0.57  1.14  1.72  2.90  6.00  7.30  7.91  7.55  6.57  5.89  5.21  5.12  4.89  4.18  2.98  1.97  1.64  1.09  0.46  0.27  0.13  0.07  0.03  0.03  0.03
 6 -55  0.05  0.16  0.27  0.55  1.11  1.67  2.82  5.79  7.42  8.17  7.79  6.92  6.18  5.50  5.42  5.42  4.51  2.90  1.76  1.45  0.91  0.39  0.27  0.12  0.06  0.03  0.03  0.03
 6 -50  0.05  0.16  0.27  0.55  1.10  1.66  2.80  5.73  7.67  8.68  8.15  7.32  6.59  5.87  5.78  5.97  4.79  2.70  1.55  1.26  0.74  0.34  0.27  0.11  0.06  0.03  0.03  0.03
 6 -45  0.05  0.15  0.25  0.50  1.01  1.52  2.56  5.25  7.38  8.56  8.55  8.00  7.45  6.73  6.26  5.97  4.70  2.60  1.47  1.18  0.65  0.31  0.24  0.09  0.05  0.03  0.03  0.02
 6 -40  0.04  0.13  0.22  0.45  0.90  1.36  2.28  4.68  6.84  8.19  8.74  8.47  7.97  7.34  6.43  5.91  4.68  2.52  1.37  1.08  0.59  0.27  0.20  0.08  0.04  0.03  0.03  0.02
 6 -35  0.04  0.12  0.20  0.41  0.82  1.23  2.07  4.24  6.21  7.48  8.40  8.61  8.44  7.84  6.91  6.28  4.71  2.28  1.13  0.88  0.47  0.22  0.12  0.06  0.04  0.03  0.03  0.02
 6 -30  0.04  0.11  0.18  0.37  0.74  1.12  1.88  3.84  5.72  7.01  8.15  8.76  8.73  8.29  7.31  6.65  4.82  2.14  0.89  0.69  0.32  0.15  0.06  0.04  0.03  0.03  0.03  0.02
 6 -25  0.04  0.11  0.18  0.36  0.72  1.08  1.82  3.73  5.47  6.66  7.95  8.81  9.10  8.75  7.55  6.80  4.63  1.99  0.71  0.54  0.23  0.06  0.04  0.03  0.03  0.03  0.03  0.02
 6 -20  0.03  0.10  0.17  0.35  0.70  1.06  1.78  3.65  5.47  6.73  7.96  8.76  9.29  9.44  7.88  6.93  4.43  1.77  0.54  0.39  0.13  0.04  0.03  0.02  0.02  0.02  0.03  0.03
 6 -15  0.03  0.10  0.17  0.34  0.68  1.02  1.72  3.52  5.21  6.49  7.98  9.03  9.41  9.64  8.07  6.89  4.19  1.64  0.50  0.36  0.13  0.03  0.02  0.02  0.02  0.02  0.02  0.02
 6 -10  0.03  0.10  0.17  0.34  0.68  1.02  1.72  3.53  5.09  6.33  7.80  8.95  9.44  9.66  8.09  6.88  4.09  1.55  0.47  0.34  0.13  0.03  0.02  0.02  0.02  0.02  0.02  0.02
 6  -5  0.03  0.10  0.17  0.34  0.68  1.02  1.72  3.52  4.93  6.04  7.76  8.95  9.23  9.55  8.23  7.10  4.23  1.54  0.43  0.32  0.13  0.02  0.02  0.02  0.02  0.02  0.02  0.02
 6   0  0.03  0.10  0.16  0.32  0.65  0.97  1.63  3.34  4.76  5.80  7.61  9.04  9.30  9.61  8.34  7.26  4.32  1.45  0.39  0.29  0.14  0.02  0.02  0.02  0.02  0.02  0.02  0.02
 6   5  0.03  0.10  0.16  0.32  0.65  0.98  1.64  3.35  4.77  5.75  7.49  9.00  9.57  9.74  8.23  7.27  4.48  1.59  0.48  0.35  0.18  0.03  0.02  0.02  0.02  0.02  0.02  0.02
 6  10  0.03  0.09  0.16  0.31  0.63  0.94  1.58  3.20  4.40  5.34  7.13  8.72  9.51  9.60  8.15  7.40  4.72  1.73  0.63  0.46  0.22  0.03  0.02  0.02  0.02  0.02  0.02  0.02
 6  15  0.03  0.09  0.16  0.31  0.63  0.94  1.58  3.21  4.47  5.51  7.34  8.88  9.44  9.38  7.91  7.12  4.65  1.87  0.71  0.54  0.25  0.03  0.02  0.02  0.02  0.03  0.03  0.02
 6  20  0.03  0.10  0.16  0.32  0.64  0.96  1.62  3.29  4.61  5.65  7.33  8.97  9.53  9.16  7.76  6.93  4.57  1.96  0.77  0.56  0.28  0.04  0.03  0.03  0.03  0.03  0.03  0.03
 6  25  0.03  0.09  0.16  0.31  0.63  0.94  1.58  3.22  4.48  5.51  7.26  8.76  9.13  8.94  7.79  6.96  4.67  2.10  0.84  0.63  0.31  0.07  0.04  0.03  0.03  0.03  0.03  0.03
 6  30  0.03  0.09  0.15  0.30  0.61  0.92  1.54  3.12  4.48  5.45  7.19  8.51  8.95  8.83  7.84  7.08  4.80  2.23  0.92  0.72  0.36  0.11  0.05  0.04  0.04  0.04  0.03  0.03
 6  35  0.03  0.09  0.15  0.30  0.61  0.91  1.53  3.11  4.48  5.50  7.26  8.49  8.91  8.74  7.66  6.85  4.75  2.51  1.15  0.90  0.47  0.16  0.07  0.05  0.04  0.04  0.04  0.03
 6  40  0.03  0.09  0.15  0.30  0.60  0.90  1.52  3.10  4.27  5.26  6.83  8.34  8.88  8.67  7.42  6.61  4.75  2.77  1.39  1.11  0.60  0.33  0.12  0.07  0.05  0.04  0.04  0.03
 6  45  0.03  0.09  0.14  0.29  0.58  0.87  1.46  2.98  4.26  5.25  6.94  8.23  8.59  8.30  7.15  6.42  4.77  2.87  1.52  1.26  0.80  0.41  0.28  0.10  0.06  0.05  0.04  0.04
 6  50  0.03  0.08  0.13  0.27  0.54  0.82  1.37  2.78  4.10  5.11  6.74  7.96  8.23  7.90  6.91  6.19  4.74  2.95  1.71  1.44  0.94  0.51  0.35  0.13  0.08  0.05  0.04  0.04
 6  55  0.03  0.08  0.13  0.26  0.52  0.78  1.31  2.66  3.87  4.80  6.42  7.59  7.84  7.44  6.50  5.85  4.54  3.00  1.83  1.55  1.02  0.56  0.40  0.16  0.09  0.05  0.04  0.04
 6  60  0.03  0.08  0.13  0.26  0.51  0.77  1.30  2.63  3.80  4.72  6.28  7.35  7.51  6.99  6.14  5.55  4.32  3.05  1.97  1.67  1.10  0.62  0.47  0.30  0.10  0.06  0.05  0.04
 6  65  0.02  0.07  0.12  0.25  0.50  0.75  1.25  2.53  3.67  4.57  6.12  7.07  7.11  6.50  5.61  4.99  3.94  2.99  2.10  1.80  1.22  0.69  0.54  0.34  0.11  0.06  0.05  0.04
 6  70  0.02  0.07  0.12  0.24  0.48  0.72  1.20  2.44  3.55  4.42  5.96  6.79  6.71  6.01  5.09  4.44  3.57  2.92  2.23  1.93  1.35  0.76  0.62  0.39  0.12  0.06  0.05  0.04
 6  75  0.02  0.07  0.11  0.23  0.46  0.69  1.16  2.35  3.48  4.37  5.97  6.68  6.45  5.66  4.84  4.26  3.57  2.93  2.28  1.98  1.42  0.80  0.64  0.41  0.14  0.07  0.05  0.04
 6  80  0.02  0.07  0.11  0.22  0.44  0.67  1.12  2.27  3.41  4.31  5.98  6.56  6.19  5.31  4.59  4.08  3.61  2.96  2.32  2.03  1.47  0.82  0.66  0.42  0.25  0.07  0.05  0.04
 6  85  0.02  0.07  0.11  0.22  0.44  0.67  1.12  2.26  3.40  4.30  5.97  6.55  6.18  5.30  4.58  4.07  3.60  2.96  2.32  2.03  1.47  0.82  0.66  0.42  0.25  0.07  0.05  0.04
 6  90  0.02  0.07  0.11  0.22  0.44  0.67  1.12  2.26  3.39  4.29  5.95  6.53  6.17  5.30  4.58  4.07  3.60  2.96  2.32  2.03  1.47  0.82  0.66  0.42  0.25  0.07  0.05  0.04
 7 -90  0.05  0.16  0.27  0.54  1.08  1.64  2.79  5.87  6.70  7.11  6.57  5.21  4.49  4.19  3.55  3.24  3.16  2.78  2.15  1.85  1.27  0.50  0.27  0.12  0.06  0.03  0.03  0.02
 7 -85  0.05  0.16  0.27  0.54  1.08  1.64  2.79  5.87  6.70  7.11  6.57  5.21  4.49  4.19  3.55  3.24  3.16  2.78  2.15  1.85  1.27  0.50  0.28  0.12  0.06  0.03  0.03  0.02
 7 -80  0.05  0.16  0.27  0.53  1.08  1.64  2.79  5.87  6.70  7.11  6.58  5.21  4.49  4.18  3.55  3.24  3.16  2.78  2.15  1.85  1.27  0.50  0.28  0.12  0.06  0.03  0.03  0.02
 7 -75  0.05  0.15  0.25  0.50  1.01  1.53  2.61  5.48  6.44  6.93  6.79  5.67  5.08  4.67  3.87  3.34  3.05  2.75  2.12  1.85  1.30  0.51  0.28  0.12  0.06  0.03  0.03  0.02
 7 -70  0.05  0.14  0.23  0.46  0.93  1.41  2.39  5.01  6.14  6.74  6.94  6.16  5.70  5.13  4.24  3.52  2.97  2.72  2.08  1.81  1.31  0.51  0.29  0.12  0.06  0.03  0.03  0.02
 7 -65  0.05  0.14  0.23  0.47  0.95  1.43  2.42  5.04  6.41  7.08  7.23  6.34  5.75  5.05  4.70  4.26  3.64  2.81  2.02  1.73  1.24  0.49  0.25  0.12  0.06  0.03  0.03  0.03
 7 -60  0.05  0.14  0.24  0.47  0.95  1.44  2.43  5.03  6.62  7.37  7.44  6.54  5.81  5.03  5.11  4.97  4.29  2.94  1.95  1.66  1.18  0.46  0.28  0.13  0.06  0.03  0.03  0.03
 7 -55  0.05  0.14  0.23  0.46  0.92  1.39  2.33  4.78  6.63  7.53  7.67  6.97  6.13  5.35  5.48  5.59  4.63  2.93  1.79  1.49  0.97  0.39  0.27  0.13  0.06  0.03  0.03  0.03
 7 -50  0.05  0.14  0.23  0.46  0.92  1.38  2.33  4.75  6.77  7.94  8.02  7.41  6.58  5.73  5.84  6.20  4.92  2.80  1.61  1.31  0.78  0.33  0.27  0.12  0.06  0.03  0.03  0.03
 7 -45  0.04  0.13  0.22  0.44  0.89  1.34  2.25  4.61  6.73  7.97  8.45  8.08  7.53  6.74  6.38  6.21  4.90  2.80  1.58  1.27  0.69  0.30  0.23  0.11  0.06  0.03  0.03  0.03
 7 -40  0.04  0.12  0.21  0.42  0.84  1.26  2.12  4.33  6.37  7.74  8.55  8.47  8.00  7.39  6.57  6.18  4.95  2.80  1.54  1.21  0.64  0.26  0.20  0.10  0.05  0.03  0.03  0.03
 7 -35  0.04  0.12  0.19  0.39  0.78  1.18  1.99  4.06  5.96  7.23  8.27  8.57  8.43  7.85  6.88  6.26  4.83  2.56  1.33  1.03  0.52  0.22  0.16  0.08  0.05  0.03  0.03  0.03
 7 -30  0.04  0.11  0.18  0.37  0.74  1.11  1.86  3.80  5.65  6.92  8.09  8.68  8.67  8.22  7.05  6.31  4.79  2.42  1.11  0.85  0.38  0.16  0.07  0.05  0.04  0.03  0.03  0.03
 7 -25  0.04  0.11  0.18  0.36  0.73  1.10  1.84  3.77  5.55  6.74  7.98  8.72  8.96  8.56  7.31  6.56  4.64  2.16  0.88  0.66  0.27  0.06  0.04  0.03  0.03  0.03  0.03  0.03
 7 -20  0.04  0.11  0.18  0.36  0.72  1.09  1.83  3.76  5.65  6.89  8.11  8.74  9.10  9.15  7.68  6.81  4.46  1.88  0.65  0.47  0.16  0.04  0.03  0.02  0.02  0.02  0.03  0.03
 7 -15  0.03  0.10  0.17  0.34  0.69  1.04  1.76  3.60  5.36  6.75  8.25  9.09  9.32  9.48  8.05  6.93  4.13  1.67  0.57  0.41  0.16  0.03  0.02  0.02  0.02  0.02  0.02  0.03
 7 -10  0.03  0.10  0.17  0.34  0.69  1.04  1.74  3.57  5.25  6.57  8.14  9.15  9.44  9.47  8.21  7.08  3.94  1.50  0.50  0.38  0.15  0.03  0.02  0.02  0.02  0.02  0.02  0.02
 7  -5  0.03  0.10  0.17  0.34  0.68  1.03  1.74  3.56  5.05  6.21  8.04  9.22  9.24  9.36  8.26  7.05  4.13  1.54  0.49  0.37  0.16  0.02  0.02  0.02  0.02  0.02  0.02  0.02
 7   0  0.03  0.09  0.16  0.32  0.64  0.96  1.61  3.29  4.73  5.75  7.66  9.07  9.04  9.25  8.19  6.98  4.31  1.54  0.48  0.36  0.17  0.03  0.02  0.02  0.02  0.02  0.02  0.02
 7   5  0.03  0.10  0.16  0.32  0.65  0.98  1.65  3.37  4.80  5.84  7.60  9.19  9.55  9.54  8.24  7.19  4.51  1.71  0.57  0.42  0.20  0.03  0.02  0.02  0.02  0.02  0.02  0.02
 7  10  0.03  0.09  0.16  0.32  0.63  0.95  1.60  3.25  4.54  5.55  7.34  8.98  9.70  9.69  8.30  7.49  4.78  1.87  0.72  0.52  0.23  0.02  0.02  0.02  0.02  0.02  0.02  0.02
 7  15  0.03  0.10  0.16  0.32  0.64  0.97  1.62  3.29  4.59  5.71  7.51  9.12  9.70  9.60  8.12  7.32  4.82  1.97  0.79  0.59  0.24  0.03  0.02  0.02  0.02  0.02  0.02  0.02
 7  20  0.03  0.10  0.16  0.33  0.66  0.99  1.67  3.40  4.80  5.90  7.56  9.12  9.70  9.31  7.97  7.20  4.78  2.04  0.83  0.59  0.25  0.04  0.03  0.03  0.03  0.03  0.03  0.02
 7  25  0.03  0.10  0.16  0.32  0.64  0.97  1.63  3.31  4.62  5.72  7.53  8.93  9.29  9.10  7.84  6.95  4.69  2.15  0.89  0.64  0.27  0.06  0.04  0.03  0.03  0.03  0.03  0.03
 7  30  0.03  0.09  0.16  0.31  0.63  0.95  1.59  3.23  4.61  5.59  7.38  8.65  9.07  8.92  7.71  6.77  4.62  2.31  0.97  0.73  0.30  0.08  0.04  0.04  0.04  0.04  0.03  0.03
 7  35  0.03  0.09  0.16  0.31  0.63  0.94  1.58  3.21  4.61  5.61  7.36  8.57  8.93  8.75  7.57  6.65  4.58  2.46  1.13  0.86  0.39  0.11  0.06  0.04  0.04  0.04  0.04  0.03
 7  40  0.03  0.09  0.15  0.31  0.61  0.92  1.55  3.16  4.36  5.39  6.99  8.35  8.81  8.61  7.39  6.55  4.62  2.64  1.30  1.03  0.52  0.16  0.08  0.05  0.05  0.04  0.04  0.03
 7  45  0.03  0.09  0.15  0.30  0.59  0.89  1.50  3.06  4.33  5.33  6.94  8.08  8.41  8.11  7.01  6.29  4.63  2.72  1.41  1.17  0.72  0.33  0.13  0.08  0.06  0.04  0.04  0.03
 7  50  0.03  0.08  0.14  0.28  0.56  0.84  1.40  2.85  4.17  5.17  6.70  7.77  8.02  7.70  6.74  6.04  4.59  2.81  1.56  1.32  0.85  0.44  0.30  0.10  0.07  0.05  0.04  0.04
 7  55  0.03  0.08  0.13  0.26  0.53  0.79  1.32  2.69  3.88  4.79  6.31  7.35  7.57  7.17  6.23  5.57  4.36  2.79  1.66  1.42  0.95  0.50  0.36  0.13  0.08  0.05  0.04  0.04
 7  60  0.03  0.08  0.13  0.26  0.51  0.77  1.29  2.62  3.77  4.67  6.14  7.09  7.23  6.72  5.80  5.17  4.11  2.76  1.78  1.53  1.04  0.56  0.42  0.16  0.09  0.05  0.04  0.04
 7  65  0.02  0.07  0.12  0.25  0.49  0.74  1.24  2.51  3.62  4.49  5.94  6.77  6.79  6.18  5.22  4.55  3.65  2.66  1.86  1.62  1.13  0.60  0.47  0.29  0.10  0.06  0.04  0.04
 7  70  0.02  0.07  0.12  0.23  0.47  0.71  1.19  2.40  3.47  4.31  5.74  6.44  6.34  5.64  4.64  3.94  3.19  2.55  1.94  1.70  1.22  0.65  0.51  0.33  0.10  0.06  0.05  0.04
 7  75  0.02  0.07  0.11  0.22  0.45  0.68  1.13  2.30  3.38  4.24  5.72  6.28  6.03  5.25  4.37  3.75  3.12  2.55  2.00  1.75  1.25  0.65  0.54  0.34  0.11  0.06  0.05  0.04
 7  80  0.02  0.06  0.11  0.21  0.43  0.65  1.08  2.19  3.29  4.17  5.69  6.11  5.72  4.86  4.10  3.57  3.09  2.58  2.06  1.80  1.28  0.66  0.55  0.35  0.13  0.06  0.05  0.04
 7  85  0.02  0.06  0.11  0.21  0.43  0.64  1.08  2.18  3.28  4.16  5.68  6.10  5.71  4.85  4.10  3.56  3.09  2.58  2.06  1.80  1.28  0.66  0.55  0.35  0.14  0.07  0.05  0.04
 7  90  0.02  0.06  0.11  0.21  0.43  0.64  1.08  2.18  3.27  4.14  5.67  6.08  5.70  4.85  4.09  3.56  3.09  2.58  2.06  1.80  1.28  0.66  0.55  0.35  0.14  0.07  0.05  0.04
 8 -90  0.04  0.12  0.21  0.42  0.84  1.28  2.17  4.55  5.78  6.37  6.75  6.14  5.64  5.05  3.87  3.07  3.28  3.11  2.39  2.01  1.35  0.52  0.29  0.13  0.06  0.03  0.03  0.02
 8 -85  0.04  0.12  0.21  0.42  0.84  1.28  2.17  4.55  5.78  6.37  6.76  6.15  5.64  5.05  3.87  3.07  3.28  3.11  2.39  2.01  1.35  0.52  0.30  0.13  0.06  0.03  0.03  0.02
 8 -80  0.04  0.12  0.21  0.42  0.84  1.28  2.17  4.55  5.78  6.37  6.76  6.15  5.64  5.05  3.87  3.07  3.28  3.11  2.38  2.01  1.35  0.52  0.29  0.12  0.06  0.03  0.03  0.02
 8 -75  0.04  0.12  0.21  0.42  0.84  1.28  2.16  4.51  5.84  6.46  6.86  6.13  5.61  5.05  4.07  3.34  3.39  3.15  2.42  2.05  1.41  0.55  0.30  0.12  0.06  0.03  0.03  0.02
 8 -70  0.04  0.12  0.21  0.41  0.83  1.26  2.12  4.40  5.84  6.50  6.94  6.16  5.60  5.00  4.31  3.66  3.47  3.13  2.40  2.05  1.45  0.56  0.32  0.13  0.06  0.03  0.03  0.03
 8 -65  0.04  0.12  0.20  0.40  0.80  1.21  2.03  4.19  5.83  6.59  7.19  6.59  5.90  5.16  4.85  4.42  3.93  3.15  2.23  1.89  1.31  0.52  0.34  0.14  0.07  0.03  0.03  0.03
 8 -60  0.04  0.12  0.19  0.39  0.78  1.17  1.97  4.03  5.79  6.70  7.42  7.00  6.20  5.37  5.34  5.17  4.39  3.20  2.05  1.73  1.15  0.48  0.30  0.15  0.07  0.04  0.03  0.03
 8 -55  0.04  0.11  0.19  0.38  0.77  1.16  1.94  3.94  5.77  6.90  7.68  7.52  6.69  5.84  5.62  5.60  4.71  3.25  1.88  1.57  1.00  0.41  0.29  0.15  0.07  0.04  0.03  0.03
 8 -50  0.04  0.12  0.19  0.39  0.78  1.17  1.96  3.98  5.98  7.22  8.06  8.00  7.24  6.27  5.95  6.06  5.08  3.22  1.73  1.42  0.87  0.36  0.28  0.14  0.07  0.03  0.03  0.03
 8 -45  0.04  0.12  0.20  0.39  0.79  1.19  2.00  4.07  6.11  7.34  8.42  8.48  8.00  7.18  6.46  6.13  5.07  3.15  1.68  1.38  0.80  0.34  0.26  0.13  0.06  0.03  0.03  0.03
 8 -40  0.04  0.12  0.19  0.39  0.78  1.18  1.98  4.04  5.90  7.31  8.44  8.68  8.26  7.64  6.65  6.14  5.09  3.08  1.67  1.35  0.78  0.31  0.24  0.12  0.06  0.03  0.03  0.03
 8 -35  0.04  0.11  0.19  0.37  0.75  1.13  1.90  3.87  5.69  6.95  8.25  8.73  8.59  7.98  6.90  6.24  4.92  2.79  1.44  1.15  0.63  0.25  0.19  0.10  0.06  0.03  0.03  0.03
 8 -30  0.04  0.11  0.18  0.36  0.72  1.08  1.81  3.69  5.52  6.79  8.15  8.83  8.77  8.19  7.01  6.30  4.81  2.60  1.18  0.92  0.45  0.19  0.08  0.06  0.04  0.03  0.03  0.03
 8 -25  0.04  0.11  0.18  0.36  0.72  1.08  1.81  3.70  5.51  6.71  8.09  8.89  9.07  8.54  7.25  6.51  4.68  2.26  0.91  0.69  0.31  0.06  0.04  0.03  0.03  0.03  0.03  0.03
 8 -20  0.04  0.11  0.18  0.35  0.71  1.07  1.80  3.70  5.58  6.79  8.20  9.02  9.30  9.12  7.62  6.73  4.50  1.97  0.63  0.46  0.16  0.04  0.03  0.02  0.02  0.03  0.03  0.03
 8 -15  0.03  0.10  0.17  0.34  0.68  1.02  1.71  3.50  5.27  6.68  8.29  9.31  9.60  9.62  8.10  6.91  4.15  1.73  0.58  0.41  0.14  0.03  0.02  0.02  0.02  0.02  0.03  0.03
 8 -10  0.03  0.10  0.16  0.33  0.66  1.00  1.68  3.44  5.10  6.42  8.14  9.39  9.71  9.61  8.33  7.11  3.93  1.53  0.53  0.38  0.12  0.03  0.02  0.02  0.02  0.02  0.02  0.03
 8  -5  0.03  0.10  0.16  0.33  0.66  0.99  1.67  3.43  4.89  6.03  8.03  9.49  9.51  9.50  8.51  7.22  4.09  1.57  0.52  0.38  0.12  0.03  0.02  0.02  0.02  0.02  0.02  0.02
 8   0  0.03  0.09  0.15  0.30  0.61  0.92  1.54  3.13  4.49  5.45  7.45  9.11  9.10  9.25  8.51  7.33  4.25  1.61  0.51  0.37  0.14  0.03  0.02  0.02  0.02  0.02  0.02  0.02
 8   5  0.03  0.09  0.16  0.32  0.63  0.96  1.61  3.27  4.66  5.69  7.52  9.40  9.71  9.61  8.53  7.41  4.47  1.73  0.59  0.42  0.16  0.03  0.02  0.02  0.02  0.02  0.02  0.02
 8  10  0.03  0.09  0.16  0.31  0.63  0.94  1.58  3.20  4.55  5.60  7.40  9.24  9.98  9.93  8.52  7.55  4.74  1.84  0.72  0.52  0.20  0.02  0.02  0.02  0.02  0.02  0.02  0.02
 8  15  0.03  0.10  0.16  0.32  0.64  0.96  1.61  3.28  4.63  5.82  7.59  9.37 10.02  9.90  8.32  7.40  4.79  1.92  0.79  0.58  0.21  0.03  0.02  0.02  0.02  0.02  0.02  0.02
 8  20  0.03  0.10  0.16  0.33  0.66  1.00  1.68  3.42  4.94  6.13  7.78  9.29  9.89  9.53  8.09  7.25  4.73  1.99  0.83  0.59  0.23  0.03  0.02  0.02  0.03  0.03  0.03  0.02
 8  25  0.03  0.10  0.16  0.32  0.65  0.98  1.64  3.33  4.76  5.98  7.86  9.16  9.51  9.29  7.91  7.00  4.65  2.08  0.88  0.63  0.24  0.05  0.03  0.03  0.03  0.03  0.03  0.03
 8  30  0.03  0.10  0.16  0.32  0.65  0.97  1.63  3.31  4.78  5.86  7.68  8.90  9.26  9.02  7.75  6.79  4.57  2.24  0.94  0.70  0.28  0.06  0.04  0.03  0.03  0.03  0.03  0.03
 8  35  0.03  0.10  0.16  0.32  0.65  0.97  1.63  3.31  4.81  5.88  7.65  8.78  9.02  8.78  7.58  6.63  4.51  2.32  1.04  0.79  0.35  0.08  0.05  0.04  0.04  0.04  0.03  0.03
 8  40  0.03  0.09  0.16  0.32  0.63  0.95  1.60  3.25  4.58  5.71  7.38  8.52  8.83  8.53  7.36  6.53  4.55  2.46  1.18  0.93  0.46  0.12  0.06  0.05  0.04  0.04  0.04  0.03
 8  45  0.03  0.09  0.15  0.31  0.62  0.94  1.57  3.20  4.58  5.67  7.23  8.13  8.28  7.91  6.85  6.17  4.47  2.55  1.35  1.11  0.68  0.29  0.10  0.06  0.05  0.04  0.04  0.03
 8  50  0.03  0.09  0.15  0.30  0.60  0.90  1.50  3.06  4.47  5.56  7.00  7.83  7.88  7.45  6.52  5.88  4.35  2.65  1.54  1.28  0.82  0.40  0.25  0.09  0.06  0.04  0.04  0.03
 8  55  0.03  0.08  0.14  0.28  0.56  0.84  1.41  2.86  4.19  5.21  6.63  7.38  7.36  6.86  6.02  5.47  4.10  2.68  1.65  1.39  0.90  0.45  0.29  0.11  0.07  0.05  0.04  0.04
 8  60  0.03  0.08  0.14  0.27  0.55  0.82  1.38  2.79  4.09  5.11  6.50  7.14  7.02  6.38  5.61  5.10  3.81  2.67  1.78  1.50  0.97  0.47  0.32  0.14  0.08  0.05  0.04  0.04
 8  65  0.03  0.08  0.13  0.26  0.53  0.80  1.34  2.70  3.96  4.95  6.26  6.71  6.46  5.75  5.01  4.51  3.44  2.56  1.82  1.56  1.03  0.51  0.36  0.22  0.09  0.05  0.04  0.04
 8  70  0.03  0.08  0.13  0.26  0.51  0.77  1.29  2.62  3.84  4.79  6.03  6.28  5.90  5.12  4.40  3.92  3.07  2.44  1.87  1.62  1.09  0.54  0.40  0.25  0.09  0.05  0.04  0.04
 8  75  0.03  0.08  0.13  0.25  0.50  0.76  1.27  2.57  3.78  4.72  5.80  5.77  5.26  4.46  3.92  3.56  2.99  2.40  1.90  1.65  1.12  0.56  0.41  0.26  0.10  0.06  0.04  0.04
 8  80  0.02  0.07  0.12  0.25  0.50  0.75  1.25  2.53  3.71  4.64  5.57  5.26  4.62  3.80  3.45  3.21  2.93  2.39  1.94  1.69  1.16  0.58  0.42  0.27  0.11  0.06  0.04  0.04
 8  85  0.02  0.07  0.12  0.25  0.50  0.75  1.25  2.52  3.71  4.63  5.56  5.25  4.61  3.80  3.44  3.21  2.93  2.39  1.94  1.69  1.16  0.58  0.42  0.27  0.12  0.06  0.05  0.04
 8  90  0.02  0.07  0.12  0.25  0.50  0.75  1.25  2.52  3.70  4.62  5.54  5.23  4.60  3.79  3.44  3.20  2.93  2.39  1.93  1.69  1.16  0.58  0.42  0.27  0.12  0.06  0.05  0.04
 9 -90  0.04  0.11  0.18  0.37  0.74  1.11  1.88  3.90  5.61  6.45  6.74  5.84  5.29  4.82  4.17  3.57  3.80  3.32  2.44  2.04  1.39  0.56  0.31  0.13  0.06  0.03  0.03  0.02
 9 -85  0.04  0.11  0.18  0.37  0.74  1.11  1.88  3.89  5.61  6.45  6.74  5.85  5.29  4.82  4.16  3.57  3.80  3.32  2.44  2.03  1.39  0.56  0.32  0.13  0.06  0.03  0.03  0.03
 9 -80  0.04  0.11  0.18  0.37  0.74  1.11  1.88  3.89  5.61  6.45  6.74  5.85  5.29  4.82  4.16  3.57  3.80  3.32  2.44  2.03  1.39  0.56  0.34  0.14  0.07  0.03  0.03  0.03
 9 -75  0.04  0.11  0.18  0.36  0.72  1.08  1.82  3.75  5.46  6.34  6.97  6.31  5.64  4.99  4.41  3.84  3.84  3.47  2.57  2.15  1.49  0.60  0.36  0.14  0.07  0.04  0.03  0.03
 9 -70  0.03  0.10  0.17  0.35  0.69  1.05  1.76  3.61  5.27  6.20  7.18  6.79  6.00  5.21  4.65  4.11  3.65  3.45  2.60  2.17  1.53  0.63  0.38  0.15  0.07  0.04  0.03  0.03
 9 -65  0.03  0.10  0.17  0.34  0.68  1.03  1.73  3.53  5.24  6.32  7.42  7.36  6.56  5.71  5.29  4.90  3.94  3.43  2.47  2.07  1.43  0.60  0.31  0.16  0.08  0.04  0.03  0.03
 9 -60  0.03  0.10  0.17  0.35  0.69  1.04  1.75  3.55  5.29  6.44  7.66  7.86  7.13  6.29  5.92  5.69  4.39  3.48  2.32  1.95  1.30  0.57  0.32  0.17  0.08  0.04  0.03  0.03
 9 -55  0.04  0.11  0.18  0.35  0.70  1.06  1.77  3.59  5.35  6.54  7.80  8.20  7.56  6.69  6.11  5.95  4.73  3.42  2.05  1.70  1.04  0.48  0.30  0.17  0.08  0.04  0.03  0.03
 9 -50  0.04  0.11  0.18  0.35  0.71  1.07  1.79  3.61  5.50  6.71  8.01  8.50  7.99  7.01  6.37  6.23  5.17  3.39  1.87  1.50  0.84  0.40  0.27  0.16  0.08  0.04  0.03  0.03
 9 -45  0.04  0.11  0.18  0.36  0.72  1.08  1.81  3.68  5.59  6.80  8.34  8.87  8.51  7.70  6.73  6.29  5.16  3.30  1.80  1.45  0.77  0.37  0.25  0.15  0.07  0.04  0.03  0.03
 9 -40  0.04  0.11  0.18  0.36  0.72  1.08  1.81  3.69  5.43  6.84  8.37  8.97  8.61  7.89  6.84  6.27  5.13  3.20  1.82  1.44  0.76  0.34  0.25  0.13  0.07  0.04  0.03  0.03
 9 -35  0.03  0.10  0.17  0.35  0.70  1.05  1.76  3.57  5.28  6.53  8.17  8.99  8.90  8.25  7.05  6.34  4.96  2.87  1.55  1.20  0.59  0.26  0.20  0.10  0.06  0.04  0.03  0.03
 9 -30  0.03  0.10  0.17  0.33  0.67  1.01  1.69  3.43  5.18  6.41  8.09  9.13  9.11  8.42  7.11  6.34  4.83  2.62  1.27  0.95  0.40  0.17  0.08  0.06  0.05  0.04  0.03  0.03
 9 -25  0.03  0.10  0.17  0.34  0.68  1.02  1.71  3.48  5.19  6.40  8.03  9.12  9.32  8.71  7.33  6.53  4.77  2.32  1.06  0.78  0.30  0.06  0.04  0.04  0.03  0.03  0.03  0.03
 9 -20  0.03  0.10  0.17  0.33  0.67  1.01  1.69  3.45  5.22  6.36  8.02  9.26  9.58  9.24  7.68  6.75  4.68  2.12  0.84  0.60  0.19  0.04  0.03  0.03  0.03  0.03  0.03  0.03
 9 -15  0.03  0.09  0.16  0.32  0.64  0.96  1.61  3.27  4.93  6.26  7.98  9.38  9.85  9.78  8.15  6.90  4.29  1.85  0.71  0.50  0.16  0.03  0.02  0.02  0.02  0.03  0.03  0.03
 9 -10  0.03  0.09  0.15  0.31  0.62  0.93  1.56  3.18  4.70  5.94  7.76  9.34  9.80  9.69  8.35  7.08  4.03  1.59  0.58  0.41  0.13  0.03  0.02  0.02  0.02  0.02  0.03  0.03
 9  -5  0.03  0.09  0.15  0.31  0.62  0.93  1.57  3.19  4.56  5.61  7.67  9.45  9.62  9.58  8.51  7.11  4.15  1.62  0.57  0.41  0.13  0.02  0.02  0.02  0.02  0.02  0.02  0.02
 9   0  0.03  0.09  0.14  0.29  0.58  0.87  1.46  2.97  4.18  5.09  7.01  8.97  9.11  9.26  8.46  7.17  4.26  1.65  0.56  0.40  0.14  0.02  0.02  0.02  0.02  0.02  0.02  0.02
 9   5  0.03  0.09  0.15  0.30  0.61  0.92  1.54  3.13  4.42  5.44  7.25  9.36  9.70  9.63  8.61  7.35  4.45  1.75  0.61  0.43  0.15  0.02  0.02  0.02  0.02  0.02  0.02  0.02
 9  10  0.03  0.09  0.15  0.30  0.61  0.92  1.54  3.12  4.47  5.55  7.28  9.25 10.01 10.04  8.68  7.57  4.69  1.83  0.70  0.50  0.17  0.02  0.02  0.02  0.02  0.02  0.02  0.02
 9  15  0.03  0.09  0.16  0.31  0.63  0.94  1.58  3.21  4.56  5.78  7.48  9.36 10.11 10.08  8.47  7.46  4.72  1.83  0.73  0.53  0.18  0.02  0.02  0.02  0.02  0.02  0.02  0.02
 9  20  0.03  0.10  0.16  0.32  0.65  0.98  1.64  3.35  4.93  6.19  7.80  9.27  9.95  9.68  8.18  7.30  4.66  1.85  0.75  0.53  0.19  0.03  0.02  0.02  0.02  0.03  0.03  0.02
 9  25  0.03  0.09  0.16  0.32  0.63  0.95  1.60  3.24  4.78  6.06  7.95  9.23  9.63  9.39  8.03  7.23  4.66  1.91  0.77  0.55  0.19  0.04  0.03  0.03  0.03  0.03  0.03  0.03
 9  30  0.03  0.10  0.16  0.32  0.64  0.96  1.61  3.27  4.80  5.97  7.78  9.01  9.38  9.04  7.95  7.18  4.66  2.03  0.81  0.59  0.22  0.05  0.03  0.03  0.03  0.03  0.03  0.03
 9  35  0.03  0.10  0.16  0.32  0.65  0.97  1.63  3.30  4.92  6.09  7.84  8.88  9.01  8.71  7.63  6.77  4.51  2.15  0.97  0.72  0.31  0.07  0.04  0.03  0.03  0.03  0.03  0.03
 9  40  0.03  0.10  0.16  0.32  0.65  0.97  1.63  3.32  4.82  6.07  7.76  8.64  8.70  8.30  7.22  6.46  4.49  2.38  1.18  0.92  0.44  0.10  0.06  0.04  0.04  0.03  0.03  0.03
 9  45  0.03  0.10  0.16  0.32  0.65  0.98  1.65  3.35  4.89  6.11  7.57  8.11  7.99  7.53  6.60  6.02  4.39  2.48  1.40  1.14  0.67  0.28  0.09  0.06  0.05  0.04  0.03  0.03
 9  50  0.03  0.10  0.16  0.32  0.65  0.98  1.64  3.33  4.96  6.16  7.43  7.81  7.50  6.93  6.16  5.67  4.28  2.63  1.59  1.30  0.81  0.38  0.23  0.08  0.06  0.04  0.04  0.03
 9  55  0.03  0.09  0.16  0.31  0.62  0.94  1.57  3.18  4.77  5.95  7.11  7.30  6.84  6.24  5.60  5.23  4.08  2.67  1.70  1.40  0.89  0.45  0.27  0.11  0.07  0.04  0.04  0.03
 9  60  0.03  0.09  0.15  0.31  0.62  0.93  1.57  3.17  4.78  5.97  7.04  7.01  6.42  5.71  5.15  4.83  3.83  2.64  1.80  1.50  0.96  0.47  0.29  0.17  0.07  0.04  0.04  0.03
 9  65  0.03  0.09  0.16  0.31  0.63  0.95  1.58  3.20  4.80  5.94  6.79  6.52  5.83  5.10  4.54  4.22  3.47  2.49  1.84  1.55  1.01  0.50  0.31  0.18  0.08  0.05  0.04  0.03
 9  70  0.03  0.09  0.16  0.32  0.64  0.96  1.60  3.24  4.83  5.92  6.53  6.02  5.24  4.49  3.94  3.60  3.11  2.34  1.88  1.61  1.07  0.52  0.34  0.20  0.08  0.05  0.04  0.03
 9  75  0.03  0.10  0.16  0.32  0.64  0.96  1.61  3.26  4.66  5.57  5.83  5.26  4.58  3.97  3.70  3.54  3.02  2.29  1.87  1.60  1.06  0.52  0.34  0.21  0.09  0.05  0.04  0.03
 9  80  0.03  0.10  0.16  0.32  0.64  0.96  1.62  3.27  4.47  5.21  5.13  4.50  3.92  3.46  3.45  3.50  2.96  2.29  1.87  1.60  1.07  0.52  0.34  0.22  0.09  0.05  0.04  0.03
 9  85  0.03  0.10  0.16  0.32  0.64  0.96  1.62  3.27  4.47  5.20  5.11  4.49  3.91  3.45  3.45  3.49  2.95  2.29  1.87  1.60  1.07  0.52  0.34  0.22  0.10  0.05  0.04  0.03
 9  90  0.03  0.10  0.16  0.32  0.64  0.96  1.61  3.27  4.46  5.19  5.10  4.48  3.90  3.45  3.44  3.49  2.95  2.29  1.87  1.60  1.07  0.52  0.34  0.22  0.10  0.05  0.04  0.03
10 -90  0.03  0.09  0.14  0.29  0.58  0.88  1.48  3.01  4.44  5.51  6.83  7.02  6.26  5.41  4.97  4.68  4.32  3.49  2.38  1.99  1.38  0.61  0.38  0.16  0.07  0.04  0.03  0.02
10 -85  0.03  0.09  0.14  0.29  0.58  0.88  1.47  3.01  4.44  5.51  6.83  7.02  6.26  5.41  4.97  4.68  4.32  3.49  2.38  1.98  1.38  0.61  0.39  0.16  0.08  0.04  0.03  0.03
10 -80  0.03  0.09  0.14  0.29  0.58  0.88  1.47  3.00  4.44  5.51  6.84  7.02  6.26  5.41  4.96  4.67  4.32  3.49  2.38  1.98  1.38  0.61  0.41  0.17  0.08  0.04  0.03  0.03
10 -75  0.03  0.09  0.15  0.29  0.58  0.88  1.48  3.01  4.43  5.51  6.89  7.31  6.66  5.84  5.42  5.27  4.49  3.83  2.64  2.18  1.52  0.66  0.31  0.17  0.08  0.04  0.03  0.03
10 -70  0.03  0.09  0.15  0.29  0.59  0.88  1.48  3.00  4.42  5.50  6.93  7.59  7.07  6.28  5.84  5.80  4.57  3.91  2.72  2.26  1.56  0.69  0.33  0.18  0.08  0.04  0.03  0.03
10 -65  0.03  0.09  0.15  0.30  0.60  0.91  1.52  3.08  4.56  5.68  7.17  7.95  7.53  6.73  6.36  6.35  4.79  3.85  2.62  2.18  1.44  0.65  0.34  0.19  0.08  0.04  0.03  0.03
10 -60  0.03  0.09  0.15  0.31  0.62  0.94  1.57  3.18  4.71  5.88  7.43  8.29  7.96  7.16  6.89  6.93  5.23  3.88  2.48  2.06  1.29  0.59  0.34  0.20  0.09  0.04  0.03  0.03
10 -55  0.03  0.09  0.16  0.32  0.63  0.95  1.60  3.23  4.81  5.98  7.57  8.49  8.22  7.39  6.83  6.67  5.21  3.56  2.15  1.76  1.05  0.48  0.30  0.19  0.09  0.04  0.03  0.03
10 -50  0.03  0.09  0.16  0.32  0.64  0.95  1.60  3.23  4.88  6.07  7.74  8.71  8.46  7.53  6.76  6.44  5.29  3.45  1.98  1.58  0.88  0.38  0.26  0.19  0.09  0.04  0.03  0.03
10 -45  0.03  0.09  0.16  0.31  0.63  0.94  1.58  3.20  4.92  6.10  7.99  9.07  8.88  8.11  7.15  6.75  5.51  3.52  1.98  1.59  0.86  0.36  0.24  0.15  0.08  0.04  0.03  0.03
10 -40  0.03  0.09  0.16  0.31  0.63  0.95  1.59  3.21  4.85  6.18  8.06  9.19  8.99  8.17  7.38  6.97  5.67  3.57  2.08  1.65  0.89  0.35  0.25  0.11  0.07  0.04  0.03  0.03
10 -35  0.03  0.09  0.16  0.31  0.62  0.94  1.57  3.18  4.71  5.88  7.83  9.14  9.20  8.56  7.52  6.96  5.34  3.05  1.63  1.27  0.64  0.25  0.16  0.09  0.06  0.04  0.04  0.03
10 -30  0.03  0.09  0.15  0.31  0.61  0.92  1.54  3.12  4.68  5.81  7.73  9.26  9.42  8.72  7.54  6.88  5.03  2.58  1.17  0.87  0.37  0.14  0.09  0.06  0.05  0.04  0.04  0.03
10 -25  0.03  0.09  0.16  0.31  0.63  0.94  1.58  3.21  4.75  5.89  7.72  9.21  9.52  8.93  7.63  6.91  4.78  2.16  0.99  0.71  0.27  0.07  0.05  0.04  0.04  0.04  0.04  0.04
10 -20  0.03  0.09  0.15  0.31  0.62  0.93  1.56  3.18  4.76  5.80  7.63  9.31  9.78  9.37  7.87  6.96  4.51  1.86  0.78  0.54  0.16  0.04  0.03  0.03  0.03  0.03  0.04  0.03
10 -15  0.03  0.09  0.15  0.30  0.60  0.90  1.50  3.04  4.55  5.73  7.50  9.28  9.98  9.83  8.26  7.10  4.24  1.75  0.68  0.46  0.13  0.03  0.03  0.03  0.03  0.03  0.03  0.03
10 -10  0.03  0.09  0.14  0.29  0.58  0.87  1.45  2.93  4.31  5.44  7.27  9.12  9.74  9.65  8.39  7.26  4.06  1.62  0.57  0.39  0.11  0.03  0.02  0.02  0.02  0.03  0.03  0.03
10  -5  0.03  0.09  0.14  0.29  0.58  0.87  1.46  2.96  4.25  5.24  7.28  9.20  9.55  9.52  8.53  7.27  4.16  1.65  0.55  0.37  0.11  0.03  0.02  0.02  0.02  0.02  0.02  0.02
10   0  0.03  0.08  0.14  0.28  0.57  0.85  1.43  2.89  3.97  4.87  6.69  8.73  9.06  9.17  8.48  7.35  4.23  1.67  0.51  0.35  0.11  0.02  0.02  0.02  0.02  0.02  0.02  0.02
10   5  0.03  0.09  0.15  0.30  0.59  0.89  1.50  3.03  4.27  5.26  7.02  9.12  9.48  9.49  8.60  7.39  4.39  1.74  0.58  0.40  0.13  0.02  0.02  0.02  0.02  0.02  0.02  0.02
10  10  0.03  0.09  0.15  0.30  0.60  0.90  1.51  3.06  4.41  5.49  7.12  8.99  9.70  9.85  8.61  7.46  4.58  1.80  0.67  0.47  0.15  0.02  0.02  0.02  0.02  0.02  0.02  0.02
10  15  0.03  0.09  0.15  0.30  0.61  0.92  1.54  3.13  4.51  5.70  7.25  9.05  9.81  9.92  8.35  7.30  4.56  1.76  0.70  0.50  0.16  0.02  0.02  0.02  0.02  0.02  0.02  0.02
10  20  0.03  0.09  0.16  0.32  0.64  0.96  1.61  3.27  4.87  6.14  7.59  8.95  9.67  9.57  8.00  7.08  4.50  1.79  0.71  0.51  0.17  0.03  0.02  0.02  0.02  0.03  0.03  0.03
10  25  0.03  0.09  0.15  0.31  0.62  0.94  1.57  3.18  4.80  6.10  7.84  9.02  9.44  9.21  7.79  7.05  4.53  1.86  0.74  0.53  0.18  0.04  0.03  0.02  0.02  0.03  0.03  0.03
10  30  0.03  0.10  0.16  0.32  0.64  0.96  1.62  3.28  4.88  6.13  7.76  8.88  9.22  8.79  7.72  7.03  4.56  1.95  0.75  0.55  0.21  0.06  0.03  0.03  0.03  0.03  0.03  0.03
10  35  0.03  0.10  0.16  0.33  0.66  1.00  1.67  3.39  5.14  6.43  7.98  8.72  8.68  8.31  7.32  6.58  4.44  2.05  0.93  0.69  0.32  0.08  0.05  0.04  0.03  0.03  0.03  0.03
10  40  0.03  0.10  0.17  0.34  0.68  1.02  1.72  3.49  5.26  6.61  8.10  8.53  8.20  7.65  6.79  6.22  4.43  2.28  1.19  0.92  0.47  0.22  0.07  0.05  0.04  0.03  0.03  0.03
10  45  0.04  0.11  0.18  0.36  0.71  1.07  1.80  3.68  5.41  6.73  7.87  7.86  7.42  6.90  6.22  5.83  4.41  2.49  1.45  1.17  0.70  0.31  0.17  0.06  0.05  0.03  0.03  0.03
10  50  0.04  0.11  0.18  0.37  0.73  1.10  1.85  3.77  5.72  6.92  7.78  7.53  6.87  6.22  5.77  5.52  4.43  2.74  1.67  1.36  0.85  0.39  0.22  0.09  0.06  0.04  0.03  0.03
10  55  0.04  0.11  0.18  0.37  0.74  1.11  1.86  3.77  5.67  6.74  7.32  6.90  6.19  5.63  5.33  5.24  4.36  2.77  1.74  1.43  0.91  0.45  0.26  0.15  0.07  0.04  0.03  0.03
10  60  0.04  0.11  0.19  0.38  0.76  1.14  1.91  3.86  5.74  6.78  7.15  6.53  5.76  5.21  5.01  4.97  4.22  2.73  1.82  1.50  0.96  0.48  0.27  0.16  0.07  0.04  0.03  0.03
10  65  0.04  0.12  0.19  0.39  0.77  1.16  1.95  3.96  5.70  6.55  6.70  5.98  5.25  4.75  4.60  4.55  3.88  2.62  1.90  1.59  1.05  0.49  0.28  0.17  0.07  0.04  0.03  0.03
10  70  0.04  0.12  0.20  0.39  0.79  1.18  1.98  4.03  5.63  6.33  6.24  5.42  4.73  4.30  4.18  4.12  3.53  2.52  1.99  1.68  1.14  0.51  0.29  0.17  0.08  0.04  0.03  0.03
10  75  0.04  0.12  0.19  0.39  0.78  1.18  1.97  4.01  5.27  5.69  5.48  4.77  4.23  3.92  3.85  3.78  3.34  2.49  2.03  1.72  1.17  0.52  0.29  0.18  0.08  0.04  0.03  0.03
10  80  0.04  0.12  0.19  0.39  0.78  1.17  1.96  3.99  4.89  5.05  4.72  4.13  3.74  3.54  3.51  3.45  3.18  2.50  2.07  1.76  1.22  0.54  0.30  0.19  0.08  0.04  0.03  0.03
10  85  0.04  0.12  0.19  0.39  0.78  1.17  1.96  3.98  4.89  5.04  4.71  4.12  3.73  3.54  3.50  3.44  3.18  2.50  2.07  1.76  1.22  0.54  0.30  0.19  0.11  0.04  0.03  0.03
10  90  0.04  0.12  0.19  0.39  0.78  1.17  1.96  3.98  4.88  5.03  4.69  4.11  3.72  3.53  3.50  3.44  3.17  2.50  2.07  1.76  1.22  0.54  0.30  0.19  0.11  0.04  0.03  0.03
11 -90  0.02  0.07  0.12  0.25  0.50  0.75  1.27  2.57  3.67  4.56  6.30  7.29  7.13  6.40  5.95  6.05  5.16  3.93  2.76  2.29  1.53  0.65  0.31  0.16  0.10  0.04  0.03  0.02
11 -85  0.02  0.07  0.12  0.25  0.50  0.75  1.26  2.57  3.67  4.56  6.30  7.29  7.13  6.40  5.95  6.04  5.16  3.94  2.76  2.29  1.53  0.65  0.31  0.22  0.10  0.04  0.03  0.02
11 -80  0.02  0.07  0.12  0.25  0.50  0.75  1.26  2.56  3.66  4.56  6.30  7.30  7.14  6.40  5.95  6.04  5.16  3.94  2.75  2.28  1.53  0.65  0.31  0.16  0.10  0.04  0.03  0.02
11 -75  0.03  0.08  0.13  0.25  0.51  0.76  1.28  2.59  3.72  4.64  6.33  7.40  7.31  6.57  6.27  6.43  5.40  4.09  2.88  2.39  1.61  0.70  0.32  0.17  0.09  0.04  0.03  0.02
11 -70  0.03  0.08  0.13  0.26  0.51  0.77  1.29  2.62  3.78  4.72  6.36  7.51  7.49  6.75  6.58  6.78  5.58  4.07  2.86  2.38  1.60  0.72  0.34  0.18  0.09  0.04  0.03  0.03
11 -65  0.03  0.08  0.13  0.26  0.53  0.80  1.33  2.70  3.92  4.89  6.57  7.77  7.78  7.02  6.82  6.93  5.55  3.87  2.65  2.19  1.42  0.66  0.34  0.19  0.10  0.04  0.03  0.03
11 -60  0.03  0.08  0.14  0.27  0.55  0.82  1.38  2.79  4.07  5.07  6.80  8.03  8.06  7.28  7.07  7.11  5.55  3.70  2.41  1.98  1.22  0.60  0.33  0.20  0.10  0.04  0.03  0.03
11 -55  0.03  0.08  0.14  0.28  0.56  0.85  1.42  2.88  4.20  5.22  6.97  8.27  8.34  7.60  6.99  6.72  5.27  3.39  2.04  1.67  0.96  0.47  0.29  0.19  0.10  0.04  0.03  0.03
11 -50  0.03  0.08  0.14  0.28  0.57  0.85  1.43  2.89  4.24  5.30  7.09  8.52  8.63  7.81  6.85  6.34  5.11  3.25  1.82  1.44  0.76  0.35  0.24  0.18  0.09  0.04  0.03  0.03
11 -45  0.03  0.08  0.14  0.28  0.56  0.84  1.40  2.84  4.24  5.26  7.24  8.88  9.02  8.34  7.15  6.56  5.30  3.29  1.82  1.43  0.74  0.31  0.22  0.14  0.08  0.04  0.03  0.03
11 -40  0.03  0.08  0.14  0.28  0.55  0.83  1.39  2.81  4.27  5.38  7.38  9.07  9.21  8.45  7.39  6.74  5.37  3.31  1.91  1.50  0.77  0.31  0.22  0.10  0.06  0.04  0.03  0.03
11 -35  0.03  0.08  0.14  0.28  0.56  0.85  1.42  2.87  4.13  5.15  7.19  8.99  9.33  8.86  7.56  6.83  5.04  2.84  1.48  1.13  0.54  0.23  0.13  0.07  0.05  0.04  0.04  0.03
11 -30  0.03  0.08  0.14  0.28  0.56  0.85  1.42  2.86  4.20  5.19  7.17  9.12  9.55  9.02  7.67  6.87  4.72  2.37  1.03  0.75  0.30  0.14  0.08  0.05  0.04  0.04  0.04  0.03
11 -25  0.03  0.09  0.15  0.29  0.58  0.88  1.47  2.98  4.34  5.40  7.33  9.12  9.57  9.10  7.66  6.82  4.52  2.07  0.90  0.64  0.23  0.08  0.05  0.04  0.04  0.04  0.04  0.03
11 -20  0.03  0.09  0.14  0.29  0.58  0.87  1.46  2.95  4.39  5.38  7.29  9.26  9.84  9.41  7.82  6.80  4.34  1.88  0.74  0.51  0.14  0.05  0.04  0.03  0.03  0.03  0.03  0.03
11 -15  0.03  0.09  0.14  0.28  0.57  0.86  1.43  2.89  4.31  5.36  7.15  9.20 10.04  9.78  8.10  6.93  4.15  1.77  0.67  0.45  0.13  0.04  0.03  0.03  0.03  0.03  0.03  0.03
11 -10  0.03  0.08  0.14  0.28  0.55  0.83  1.39  2.80  4.10  5.17  7.00  8.99  9.68  9.59  8.19  7.09  4.03  1.63  0.57  0.39  0.12  0.03  0.03  0.02  0.02  0.03  0.03  0.03
11  -5  0.03  0.08  0.14  0.28  0.56  0.84  1.41  2.83  4.14  5.14  7.17  9.02  9.48  9.40  8.23  7.06  4.06  1.60  0.55  0.37  0.12  0.03  0.02  0.02  0.02  0.02  0.02  0.02
11   0  0.03  0.09  0.14  0.29  0.58  0.87  1.45  2.93  4.03  5.00  6.78  8.70  9.14  9.08  8.16  7.10  4.04  1.55  0.51  0.35  0.12  0.03  0.02  0.02  0.02  0.02  0.02  0.02
11   5  0.03  0.09  0.15  0.30  0.59  0.89  1.49  3.02  4.31  5.29  7.08  8.95  9.25  9.30  8.31  7.12  4.21  1.61  0.55  0.37  0.12  0.03  0.02  0.02  0.02  0.02  0.02  0.02
11  10  0.03  0.09  0.15  0.30  0.60  0.90  1.51  3.05  4.44  5.51  7.08  8.72  9.28  9.50  8.34  7.18  4.38  1.67  0.60  0.41  0.13  0.03  0.02  0.02  0.02  0.02  0.02  0.02
11  15  0.03  0.09  0.15  0.30  0.61  0.91  1.53  3.10  4.56  5.72  7.13  8.66  9.29  9.47  8.02  7.01  4.29  1.62  0.63  0.44  0.15  0.03  0.02  0.02  0.02  0.02  0.03  0.02
11  20  0.03  0.09  0.16  0.31  0.63  0.95  1.60  3.24  4.89  6.18  7.47  8.53  9.15  9.14  7.65  6.78  4.22  1.66  0.62  0.45  0.16  0.03  0.02  0.02  0.02  0.03  0.03  0.03
11  25  0.03  0.09  0.16  0.31  0.63  0.94  1.58  3.19  4.96  6.26  7.75  8.65  8.96  8.66  7.35  6.74  4.28  1.81  0.71  0.52  0.19  0.04  0.03  0.03  0.03  0.03  0.03  0.03
11  30  0.03  0.10  0.16  0.33  0.66  1.00  1.67  3.39  5.11  6.45  7.78  8.55  8.75  8.23  7.25  6.70  4.38  1.93  0.76  0.56  0.23  0.06  0.04  0.03  0.03  0.03  0.03  0.03
11  35  0.03  0.10  0.17  0.35  0.70  1.06  1.77  3.61  5.49  6.87  8.08  8.40  8.19  7.79  6.98  6.41  4.51  2.13  0.96  0.73  0.36  0.16  0.06  0.04  0.03  0.03  0.03  0.03
11  40  0.04  0.11  0.18  0.37  0.74  1.11  1.86  3.79  5.78  7.22  8.28  8.23  7.67  7.09  6.53  6.20  4.73  2.45  1.28  0.98  0.51  0.22  0.09  0.05  0.04  0.03  0.03  0.03
11  45  0.04  0.12  0.19  0.39  0.78  1.17  1.97  4.02  5.93  7.29  7.94  7.53  6.92  6.48  6.13  5.95  4.76  2.69  1.55  1.25  0.76  0.34  0.20  0.08  0.05  0.03  0.03  0.03
11  50  0.04  0.12  0.20  0.41  0.82  1.24  2.08  4.25  6.32  7.44  7.80  7.14  6.36  5.78  5.76  5.76  4.85  2.93  1.78  1.45  0.92  0.45  0.25  0.15  0.06  0.04  0.03  0.03
11  55  0.04  0.12  0.21  0.41  0.83  1.25  2.10  4.28  6.18  7.04  7.17  6.41  5.76  5.36  5.46  5.59  4.75  2.98  1.86  1.53  1.03  0.51  0.27  0.17  0.07  0.04  0.03  0.03
11  60  0.04  0.13  0.21  0.42  0.84  1.26  2.12  4.30  6.10  6.89  6.81  5.98  5.38  5.10  5.25  5.40  4.57  2.96  1.93  1.62  1.14  0.53  0.28  0.17  0.07  0.04  0.03  0.03
11  65  0.04  0.12  0.20  0.41  0.81  1.23  2.06  4.18  5.90  6.60  6.52  5.73  5.22  4.99  5.02  5.04  4.39  2.95  2.09  1.78  1.30  0.59  0.30  0.18  0.07  0.04  0.03  0.03
11  70  0.04  0.12  0.20  0.40  0.80  1.21  2.03  4.14  5.69  6.30  6.23  5.48  5.07  4.89  4.79  4.68  4.22  2.94  2.25  1.94  1.46  0.65  0.32  0.19  0.08  0.04  0.03  0.03
11  75  0.04  0.12  0.20  0.40  0.80  1.20  2.02  4.13  5.42  5.92  5.76  4.78  4.25  4.06  3.98  3.87  3.64  2.83  2.17  1.87  1.38  0.60  0.29  0.17  0.08  0.04  0.03  0.03
11  80  0.04  0.12  0.20  0.39  0.79  1.19  2.00  4.09  5.15  5.54  5.29  4.08  3.43  3.22  3.17  3.08  3.08  2.74  2.10  1.80  1.32  0.56  0.26  0.15  0.08  0.04  0.03  0.03
11  85  0.04  0.12  0.20  0.39  0.79  1.19  2.00  4.09  5.15  5.53  5.27  4.07  3.42  3.22  3.17  3.07  3.08  2.74  2.10  1.80  1.32  0.56  0.26  0.15  0.08  0.04  0.03  0.03
11  90  0.04  0.12  0.20  0.39  0.79  1.19  1.99  4.08  5.14  5.52  5.26  4.06  3.41  3.21  3.16  3.07  3.08  2.74  2.10  1.80  1.32  0.56  0.26  0.15  0.08  0.04  0.03  0.03
12 -90  0.02  0.07  0.11  0.22  0.45  0.67  1.13  2.29  3.29  4.08  5.78  6.98  6.87  6.06  5.61  5.40  4.99  3.62  2.57  2.15  1.38  0.65  0.33  0.18  0.08  0.05  0.03  0.02
12 -85  0.02  0.07  0.11  0.22  0.45  0.67  1.13  2.29  3.29  4.08  5.78  6.98  6.88  6.05  5.61  5.40  4.99  3.62  2.57  2.14  1.38  0.65  0.33  0.18  0.08  0.05  0.03  0.02
12 -80  0.02  0.07  0.11  0.22  0.45  0.67  1.13  2.29  3.28  4.08  5.79  6.99  6.88  6.05  5.61  5.40  4.99  3.62  2.57  2.14  1.38  0.65  0.33  0.18  0.08  0.05  0.03  0.02
12 -75  0.02  0.07  0.11  0.23  0.46  0.69  1.16  2.35  3.36  4.17  5.83  7.07  7.03  6.23  5.79  5.58  5.11  3.62  2.55  2.14  1.38  0.65  0.34  0.18  0.11  0.04  0.03  0.02
12 -70  0.02  0.07  0.12  0.23  0.47  0.71  1.19  2.41  3.45  4.26  5.87  7.16  7.19  6.40  5.96  5.75  5.21  3.57  2.47  2.08  1.34  0.63  0.34  0.18  0.11  0.04  0.03  0.02
12 -65  0.02  0.07  0.12  0.24  0.49  0.73  1.23  2.49  3.57  4.41  6.05  7.44  7.55  6.82  6.32  6.06  5.22  3.44  2.26  1.89  1.19  0.56  0.33  0.18  0.11  0.04  0.03  0.02
12 -60  0.03  0.08  0.13  0.25  0.51  0.76  1.28  2.60  3.71  4.57  6.25  7.71  7.92  7.23  6.68  6.37  5.23  3.32  2.05  1.70  1.03  0.49  0.31  0.19  0.11  0.04  0.03  0.02
12 -55  0.03  0.08  0.13  0.27  0.53  0.80  1.34  2.72  3.88  4.79  6.48  8.01  8.32  7.74  6.98  6.51  5.07  3.08  1.76  1.45  0.82  0.41  0.27  0.19  0.11  0.05  0.03  0.02
12 -50  0.03  0.08  0.13  0.27  0.54  0.81  1.36  2.75  3.95  4.91  6.64  8.31  8.72  8.16  7.22  6.64  5.00  2.90  1.53  1.22  0.64  0.32  0.22  0.18  0.09  0.04  0.03  0.03
12 -45  0.03  0.08  0.13  0.27  0.53  0.80  1.35  2.72  3.94  4.85  6.73  8.65  9.10  8.65  7.24  6.43  4.91  2.80  1.48  1.17  0.60  0.27  0.18  0.12  0.07  0.04  0.03  0.03
12 -40  0.03  0.08  0.13  0.27  0.53  0.80  1.33  2.69  4.02  5.01  6.97  8.93  9.39  8.84  7.29  6.22  4.70  2.69  1.51  1.19  0.61  0.24  0.16  0.08  0.05  0.04  0.03  0.03
12 -35  0.03  0.08  0.14  0.27  0.55  0.82  1.37  2.76  3.89  4.84  6.85  8.88  9.41  9.14  7.61  6.69  4.62  2.41  1.19  0.91  0.42  0.19  0.10  0.06  0.05  0.04  0.03  0.03
12 -30  0.03  0.08  0.14  0.28  0.55  0.83  1.38  2.78  4.03  4.95  6.95  9.04  9.59  9.19  7.93  7.14  4.53  2.11  0.88  0.63  0.25  0.11  0.07  0.05  0.04  0.04  0.03  0.03
12 -25  0.03  0.09  0.14  0.28  0.57  0.86  1.44  2.90  4.18  5.23  7.26  9.16  9.61  9.19  7.85  7.04  4.39  1.90  0.79  0.55  0.19  0.07  0.05  0.04  0.04  0.03  0.03  0.03
12 -20  0.03  0.08  0.14  0.28  0.56  0.85  1.41  2.85  4.26  5.30  7.31  9.35  9.90  9.39  7.93  6.97  4.29  1.77  0.67  0.45  0.12  0.05  0.03  0.03  0.03  0.03  0.03  0.03
12 -15  0.03  0.08  0.14  0.28  0.56  0.85  1.41  2.84  4.30  5.31  7.18  9.36 10.15  9.67  8.06  7.01  4.15  1.70  0.61  0.40  0.11  0.04  0.03  0.03  0.03  0.03  0.03  0.03
12 -10  0.03  0.08  0.14  0.28  0.55  0.83  1.39  2.78  4.14  5.25  7.14  9.16  9.78  9.56  8.07  7.07  4.07  1.59  0.53  0.35  0.11  0.03  0.02  0.02  0.02  0.03  0.03  0.02
12  -5  0.03  0.08  0.14  0.28  0.56  0.84  1.40  2.81  4.25  5.35  7.45  9.13  9.59  9.39  7.89  6.76  3.97  1.54  0.51  0.34  0.13  0.03  0.02  0.02  0.02  0.02  0.02  0.02
12   0  0.03  0.09  0.15  0.30  0.60  0.90  1.50  3.04  4.34  5.43  7.29  9.06  9.51  9.21  7.68  6.50  3.79  1.45  0.46  0.32  0.13  0.03  0.02  0.02  0.02  0.02  0.02  0.02
12   5  0.03  0.09  0.15  0.30  0.60  0.91  1.52  3.07  4.55  5.60  7.53  9.06  9.25  9.21  7.87  6.66  4.02  1.53  0.51  0.34  0.12  0.03  0.02  0.02  0.02  0.02  0.02  0.02
12  10  0.03  0.09  0.15  0.30  0.61  0.92  1.53  3.10  4.60  5.76  7.36  8.67  8.97  9.09  7.96  6.88  4.24  1.64  0.57  0.38  0.13  0.03  0.02  0.02  0.02  0.02  0.03  0.03
12  15  0.03  0.09  0.15  0.31  0.61  0.92  1.54  3.12  4.70  5.92  7.29  8.49  8.84  8.93  7.59  6.67  4.11  1.63  0.61  0.42  0.14  0.03  0.02  0.02  0.02  0.03  0.03  0.03
12  20  0.03  0.09  0.16  0.32  0.63  0.95  1.60  3.24  4.94  6.29  7.53  8.33  8.72  8.63  7.21  6.42  4.09  1.73  0.63  0.46  0.16  0.03  0.03  0.03  0.03  0.03  0.03  0.03
12  25  0.03  0.09  0.15  0.31  0.62  0.93  1.56  3.16  5.00  6.26  7.63  8.37  8.53  8.09  6.99  6.56  4.28  1.97  0.78  0.58  0.22  0.05  0.03  0.03  0.03  0.03  0.03  0.03
12  30  0.03  0.10  0.16  0.33  0.66  0.99  1.66  3.36  5.07  6.41  7.61  8.23  8.34  7.72  7.02  6.70  4.52  2.13  0.87  0.65  0.27  0.07  0.05  0.04  0.03  0.03  0.03  0.03
12  35  0.03  0.10  0.17  0.35  0.70  1.05  1.76  3.57  5.41  6.74  7.86  8.08  7.85  7.42  6.96  6.64  4.80  2.33  1.08  0.84  0.44  0.21  0.08  0.05  0.04  0.03  0.03  0.03
12  40  0.04  0.11  0.18  0.37  0.73  1.11  1.86  3.78  5.65  7.00  7.98  7.93  7.40  6.82  6.65  6.61  5.14  2.66  1.42  1.10  0.63  0.29  0.16  0.07  0.05  0.03  0.03  0.03
12  45  0.04  0.11  0.19  0.38  0.77  1.16  1.95  3.97  5.73  6.99  7.65  7.32  6.78  6.45  6.32  6.25  5.09  3.03  1.70  1.39  0.87  0.41  0.24  0.15  0.06  0.04  0.03  0.03
12  50  0.04  0.12  0.20  0.41  0.81  1.23  2.06  4.20  6.10  7.12  7.46  6.90  6.26  5.84  5.93  5.95  5.10  3.38  1.96  1.61  1.04  0.51  0.28  0.19  0.07  0.04  0.03  0.03
12  55  0.04  0.12  0.20  0.41  0.82  1.23  2.06  4.21  5.96  6.68  6.88  6.29  5.85  5.63  5.71  5.77  4.94  3.40  2.08  1.72  1.19  0.58  0.31  0.20  0.07  0.04  0.03  0.03
12  60  0.04  0.12  0.20  0.40  0.81  1.22  2.05  4.17  5.83  6.47  6.55  5.94  5.62  5.55  5.55  5.55  4.71  3.35  2.22  1.86  1.33  0.64  0.33  0.20  0.08  0.04  0.03  0.03
12  65  0.04  0.12  0.21  0.42  0.84  1.26  2.13  4.35  5.81  6.43  6.51  5.82  5.49  5.42  5.32  5.23  4.55  3.24  2.27  1.93  1.40  0.65  0.31  0.18  0.08  0.04  0.03  0.03
12  70  0.04  0.13  0.21  0.43  0.86  1.30  2.19  4.50  5.77  6.37  6.43  5.71  5.36  5.30  5.09  4.90  4.41  3.13  2.33  1.99  1.47  0.67  0.29  0.16  0.08  0.04  0.03  0.03
12  75  0.04  0.12  0.21  0.41  0.83  1.26  2.12  4.38  5.53  6.14  6.17  5.29  4.86  4.80  4.62  4.45  4.19  3.14  2.34  2.01  1.47  0.66  0.30  0.17  0.08  0.04  0.03  0.03
12  80  0.04  0.12  0.20  0.40  0.80  1.21  2.04  4.23  5.32  5.90  5.91  4.88  4.38  4.28  4.15  4.00  3.98  3.16  2.35  2.02  1.48  0.65  0.32  0.19  0.08  0.04  0.03  0.03
12  85  0.04  0.12  0.20  0.40  0.80  1.21  2.04  4.22  5.31  5.89  5.90  4.87  4.37  4.28  4.14  4.00  3.98  3.15  2.35  2.02  1.48  0.65  0.32  0.19  0.09  0.04  0.03  0.03
12  90  0.04  0.12  0.20  0.40  0.80  1.20  2.04  4.22  5.31  5.88  5.89  4.86  4.36  4.27  4.14  4.00  3.97  3.15  2.35  2.02  1.48  0.65  0.32  0.19  0.09  0.04  0.03  0.03
