     0.010
     0.030
     0.050
     0.100
     0.200
     0.300
     0.500
     1.000
     1.500
     2.000
     3.000
     5.000
     7.000
    10.000
    15.000
    20.000
    30.000
    50.000
    70.000
    80.000
   100.000
   150.000
   200.000
   250.000
   300.000
   400.000
   500.000
   600.000
 1 -90  0.02  0.07  0.12  0.23  0.45  0.67  1.08  2.00  2.93  3.59  4.96  5.85  5.71  5.03  4.24  3.77  3.66  3.09  2.21  1.83  1.20  0.55  0.36  0.22  0.11  0.05  0.03  0.02
 1 -85  0.02  0.07  0.12  0.23  0.45  0.67  1.08  1.99  2.93  3.57  4.93  5.83  5.71  5.05  4.28  3.78  3.63  3.02  2.14  1.77  1.15  0.52  0.35  0.21  0.10  0.05  0.03  0.02
 1 -80  0.02  0.07  0.12  0.23  0.45  0.67  1.08  2.00  2.93  3.57  4.92  5.83  5.71  5.06  4.29  3.78  3.61  3.01  2.13  1.76  1.15  0.52  0.34  0.21  0.10  0.05  0.03  0.02
 1 -75  0.02  0.07  0.12  0.24  0.47  0.69  1.12  2.08  3.01  3.63  4.92  5.95  5.95  5.35  4.64  4.17  3.89  3.05  2.10  1.74  1.12  0.51  0.34  0.20  0.10  0.04  0.03  0.02
 1 -70  0.02  0.07  0.12  0.24  0.48  0.71  1.16  2.15  3.08  3.70  4.93  6.09  6.20  5.65  4.99  4.56  4.17  3.09  2.07  1.70  1.08  0.50  0.33  0.19  0.09  0.04  0.03  0.03
 1 -65  0.03  0.08  0.13  0.25  0.50  0.74  1.20  2.23  3.18  3.82  5.10  6.43  6.69  6.24  5.63  5.23  4.36  3.02  1.95  1.59  0.99  0.46  0.31  0.18  0.07  0.04  0.03  0.03
 1 -60  0.03  0.08  0.13  0.26  0.52  0.77  1.24  2.31  3.28  3.94  5.26  6.78  7.19  6.83  6.27  5.89  4.55  2.97  1.83  1.49  0.90  0.42  0.29  0.17  0.08  0.04  0.03  0.03
 1 -55  0.03  0.08  0.14  0.28  0.55  0.81  1.31  2.43  3.46  4.11  5.44  7.09  7.63  7.49  6.74  6.20  4.40  2.70  1.59  1.28  0.72  0.34  0.23  0.13  0.08  0.05  0.03  0.03
 1 -50  0.03  0.09  0.14  0.28  0.56  0.83  1.34  2.48  3.51  4.15  5.55  7.42  8.12  8.02  7.12  6.48  4.23  2.40  1.28  1.01  0.54  0.25  0.17  0.11  0.07  0.05  0.04  0.03
 1 -45  0.03  0.08  0.14  0.28  0.56  0.82  1.34  2.54  3.57  4.26  5.73  7.68  8.46  8.38  7.27  6.49  4.22  2.36  1.21  0.96  0.50  0.22  0.15  0.08  0.06  0.05  0.04  0.03
 1 -40  0.03  0.08  0.14  0.28  0.56  0.83  1.36  2.63  3.65  4.35  5.86  7.89  8.76  8.76  7.46  6.54  4.21  2.29  1.13  0.88  0.45  0.19  0.10  0.06  0.05  0.05  0.04  0.03
 1 -35  0.03  0.09  0.14  0.29  0.57  0.85  1.40  2.70  3.80  4.52  6.09  8.11  8.97  8.94  7.65  6.74  4.23  2.01  0.91  0.70  0.34  0.14  0.08  0.06  0.05  0.05  0.04  0.04
 1 -30  0.03  0.09  0.15  0.29  0.58  0.86  1.42  2.77  3.90  4.66  6.28  8.32  9.16  9.13  7.81  6.91  4.23  1.73  0.69  0.52  0.23  0.10  0.06  0.05  0.05  0.05  0.04  0.04
 1 -25  0.03  0.09  0.15  0.29  0.59  0.87  1.44  2.79  4.01  4.82  6.48  8.61  9.41  9.38  7.90  6.88  4.15  1.59  0.58  0.44  0.19  0.07  0.05  0.04  0.04  0.05  0.04  0.04
 1 -20  0.03  0.09  0.14  0.29  0.58  0.86  1.43  2.84  4.11  4.96  6.70  8.90  9.67  9.60  7.98  6.84  4.08  1.43  0.48  0.36  0.15  0.05  0.04  0.04  0.04  0.04  0.04  0.04
 1 -15  0.03  0.09  0.14  0.29  0.57  0.86  1.43  2.83  4.15  5.11  6.96  9.11  9.82  9.77  8.11  6.95  3.98  1.36  0.43  0.32  0.14  0.05  0.04  0.04  0.04  0.04  0.04  0.03
 1 -10  0.03  0.08  0.14  0.28  0.57  0.85  1.42  2.86  4.26  5.28  7.29  9.36 10.08 10.00  8.29  7.05  3.87  1.29  0.37  0.29  0.09  0.04  0.03  0.03  0.03  0.04  0.04  0.03
 1  -5  0.03  0.08  0.14  0.28  0.57  0.85  1.42  2.84  4.26  5.31  7.36  9.31  9.96  9.89  8.18  6.94  3.75  1.24  0.35  0.28  0.07  0.04  0.03  0.03  0.03  0.03  0.03  0.03
 1   0  0.03  0.09  0.15  0.30  0.60  0.90  1.47  2.79  4.28  5.33  7.42  9.29  9.82  9.80  8.09  6.84  3.65  1.20  0.34  0.27  0.06  0.04  0.03  0.03  0.03  0.04  0.04  0.03
 1   5  0.03  0.09  0.15  0.30  0.60  0.90  1.47  2.82  4.27  5.31  7.23  9.02  9.55  9.45  7.89  6.77  3.78  1.31  0.39  0.30  0.06  0.04  0.03  0.03  0.03  0.04  0.04  0.04
 1  10  0.03  0.09  0.15  0.31  0.61  0.91  1.49  2.85  4.28  5.28  7.10  8.76  9.22  9.09  7.69  6.70  3.91  1.42  0.44  0.33  0.06  0.04  0.04  0.04  0.04  0.04  0.04  0.04
 1  15  0.03  0.09  0.16  0.31  0.61  0.91  1.50  2.87  4.28  5.26  6.95  8.43  8.80  8.60  7.33  6.44  3.90  1.48  0.46  0.34  0.07  0.04  0.04  0.04  0.04  0.04  0.05  0.04
 1  20  0.03  0.10  0.16  0.32  0.63  0.94  1.53  2.87  4.25  5.22  6.79  8.14  8.37  8.13  6.97  6.16  3.88  1.51  0.47  0.35  0.13  0.05  0.04  0.04  0.04  0.05  0.05  0.05
 1  25  0.03  0.10  0.16  0.32  0.64  0.95  1.55  2.97  4.32  5.29  6.73  7.81  7.94  7.67  6.83  6.25  4.23  1.75  0.64  0.48  0.22  0.07  0.05  0.05  0.05  0.05  0.05  0.05
 1  30  0.03  0.10  0.17  0.34  0.67  0.99  1.61  3.01  4.40  5.34  6.65  7.51  7.51  7.19  6.68  6.33  4.54  2.02  0.83  0.64  0.31  0.11  0.08  0.06  0.06  0.05  0.05  0.05
 1  35  0.04  0.11  0.18  0.36  0.70  1.04  1.69  3.15  4.53  5.46  6.55  7.24  7.19  6.86  6.47  6.21  4.89  2.44  1.22  0.95  0.50  0.25  0.16  0.09  0.07  0.05  0.05  0.05
 1  40  0.04  0.11  0.19  0.38  0.74  1.09  1.77  3.27  4.65  5.56  6.49  6.97  6.87  6.57  6.31  6.10  5.22  2.86  1.59  1.27  0.70  0.36  0.22  0.13  0.08  0.06  0.05  0.05
 1  45  0.04  0.12  0.19  0.39  0.76  1.13  1.83  3.39  4.73  5.60  6.35  6.70  6.61  6.35  6.20  6.12  5.30  3.14  1.84  1.50  0.90  0.47  0.26  0.17  0.10  0.06  0.05  0.05
 1  50  0.04  0.12  0.20  0.40  0.79  1.16  1.89  3.53  4.80  5.64  6.24  6.47  6.40  6.22  6.17  6.14  5.35  3.42  2.09  1.74  1.11  0.58  0.31  0.19  0.10  0.06  0.05  0.05
 1  55  0.04  0.12  0.20  0.40  0.79  1.18  1.90  3.54  4.61  5.37  5.96  6.30  6.28  6.12  5.90  5.73  5.03  3.40  2.24  1.89  1.28  0.65  0.37  0.21  0.11  0.06  0.05  0.05
 1  60  0.04  0.12  0.21  0.41  0.81  1.20  1.94  3.62  4.65  5.38  5.90  6.22  6.20  5.99  5.67  5.43  4.79  3.44  2.43  2.07  1.44  0.72  0.42  0.24  0.11  0.06  0.05  0.05
 1  65  0.04  0.12  0.20  0.40  0.80  1.18  1.90  3.53  4.55  5.28  5.91  6.36  6.38  6.17  5.75  5.44  4.63  3.42  2.41  2.05  1.44  0.72  0.40  0.23  0.10  0.06  0.05  0.05
 1  70  0.04  0.12  0.20  0.40  0.78  1.15  1.87  3.44  4.45  5.19  5.92  6.49  6.56  6.35  5.84  5.46  4.47  3.40  2.39  2.04  1.43  0.71  0.39  0.23  0.11  0.06  0.05  0.05
 1  75  0.04  0.11  0.19  0.38  0.74  1.10  1.77  3.22  4.17  4.87  5.64  6.16  6.14  5.84  5.32  4.94  4.22  3.32  2.49  2.16  1.62  0.75  0.40  0.24  0.11  0.06  0.05  0.05
 1  80  0.04  0.11  0.19  0.37  0.72  1.06  1.68  2.99  3.90  4.56  5.37  5.83  5.73  5.32  4.80  4.41  3.96  3.24  2.58  2.29  1.81  0.79  0.41  0.24  0.11  0.06  0.05  0.05
 1  85  0.04  0.11  0.19  0.37  0.72  1.06  1.69  2.99  3.90  4.58  5.40  5.87  5.76  5.35  4.82  4.43  3.97  3.24  2.58  2.29  1.81  0.79  0.41  0.24  0.11  0.06  0.05  0.05
 1  90  0.04  0.11  0.19  0.37  0.73  1.07  1.71  3.05  3.98  4.67  5.48  5.96  5.86  5.46  4.90  4.47  3.96  3.22  2.56  2.27  1.80  0.80  0.41  0.24  0.11  0.06  0.06  0.05
 2 -90  0.03  0.09  0.14  0.28  0.56  0.83  1.34  2.47  3.53  4.25  5.23  5.35  4.91  4.23  3.86  3.69  3.47  2.85  2.09  1.75  1.16  0.52  0.34  0.22  0.13  0.05  0.03  0.02
 2 -85  0.03  0.09  0.14  0.28  0.56  0.83  1.34  2.46  3.53  4.23  5.22  5.39  4.97  4.31  3.95  3.75  3.45  2.79  2.02  1.68  1.11  0.48  0.32  0.21  0.12  0.05  0.03  0.02
 2 -80  0.03  0.09  0.14  0.28  0.56  0.83  1.34  2.47  3.52  4.23  5.23  5.41  4.99  4.32  3.96  3.75  3.45  2.79  2.02  1.68  1.10  0.48  0.32  0.21  0.12  0.05  0.03  0.02
 2 -75  0.03  0.09  0.14  0.28  0.56  0.82  1.33  2.45  3.51  4.23  5.34  5.79  5.49  4.82  4.37  4.09  3.63  2.79  2.02  1.67  1.08  0.46  0.31  0.20  0.11  0.05  0.03  0.02
 2 -70  0.03  0.08  0.14  0.28  0.55  0.82  1.32  2.44  3.51  4.25  5.46  6.18  6.00  5.33  4.78  4.43  3.81  2.80  2.02  1.66  1.05  0.45  0.31  0.20  0.10  0.05  0.03  0.03
 2 -65  0.03  0.09  0.14  0.29  0.56  0.83  1.35  2.49  3.58  4.33  5.64  6.62  6.59  5.98  5.32  4.88  4.05  2.76  1.92  1.57  0.98  0.42  0.29  0.18  0.09  0.05  0.03  0.03
 2 -60  0.03  0.09  0.15  0.29  0.57  0.85  1.37  2.54  3.64  4.41  5.80  7.04  7.17  6.62  5.86  5.34  4.30  2.72  1.82  1.48  0.91  0.40  0.28  0.17  0.09  0.05  0.03  0.03
 2 -55  0.03  0.09  0.15  0.30  0.60  0.89  1.43  2.64  3.79  4.53  5.91  7.32  7.60  7.27  6.43  5.84  4.25  2.53  1.55  1.25  0.71  0.32  0.21  0.13  0.08  0.05  0.04  0.03
 2 -50  0.03  0.09  0.16  0.31  0.61  0.90  1.45  2.66  3.79  4.51  5.95  7.60  8.07  7.80  6.92  6.31  4.19  2.31  1.21  0.96  0.51  0.24  0.15  0.10  0.07  0.04  0.04  0.03
 2 -45  0.03  0.09  0.15  0.31  0.60  0.89  1.45  2.70  3.83  4.58  6.08  7.82  8.39  8.16  7.11  6.39  4.20  2.21  1.15  0.90  0.45  0.21  0.12  0.07  0.06  0.04  0.04  0.03
 2 -40  0.03  0.09  0.15  0.30  0.60  0.89  1.46  2.77  3.88  4.64  6.16  7.98  8.67  8.54  7.33  6.51  4.22  2.08  1.07  0.83  0.39  0.18  0.09  0.06  0.05  0.04  0.04  0.03
 2 -35  0.03  0.09  0.15  0.30  0.60  0.90  1.47  2.82  3.98  4.75  6.31  8.16  8.89  8.78  7.51  6.64  4.16  1.85  0.88  0.67  0.30  0.12  0.07  0.05  0.05  0.04  0.04  0.04
 2 -30  0.03  0.09  0.15  0.31  0.61  0.90  1.48  2.86  4.04  4.82  6.42  8.33  9.08  9.04  7.68  6.75  4.10  1.64  0.69  0.51  0.22  0.09  0.06  0.05  0.04  0.04  0.04  0.04
 2 -25  0.03  0.09  0.15  0.30  0.60  0.89  1.47  2.84  4.07  4.87  6.49  8.57  9.38  9.38  7.85  6.79  4.02  1.53  0.57  0.42  0.18  0.06  0.04  0.04  0.04  0.04  0.04  0.04
 2 -20  0.03  0.09  0.15  0.29  0.58  0.87  1.44  2.83  4.06  4.88  6.58  8.86  9.71  9.69  8.02  6.83  3.94  1.40  0.45  0.34  0.14  0.05  0.04  0.04  0.04  0.04  0.04  0.03
 2 -15  0.03  0.09  0.14  0.29  0.57  0.85  1.41  2.76  4.01  4.91  6.72  9.05  9.93  9.96  8.20  6.94  3.91  1.31  0.42  0.31  0.14  0.04  0.03  0.03  0.03  0.04  0.04  0.03
 2 -10  0.03  0.08  0.14  0.28  0.55  0.83  1.38  2.72  4.01  4.95  6.94  9.30 10.24 10.26  8.40  7.05  3.86  1.22  0.38  0.29  0.09  0.04  0.03  0.03  0.03  0.03  0.03  0.03
 2  -5  0.03  0.08  0.14  0.28  0.55  0.82  1.36  2.68  3.97  4.93  6.99  9.29 10.18 10.19  8.17  6.68  3.73  1.20  0.37  0.29  0.07  0.04  0.03  0.03  0.03  0.03  0.03  0.03
 2   0  0.03  0.09  0.15  0.30  0.59  0.87  1.40  2.61  3.95  4.89  7.01  9.28 10.07 10.13  7.95  6.31  3.62  1.20  0.37  0.30  0.06  0.04  0.03  0.03  0.03  0.04  0.04  0.03
 2   5  0.03  0.09  0.15  0.29  0.58  0.87  1.41  2.66  3.99  4.94  6.91  9.10  9.85  9.82  7.92  6.52  3.73  1.32  0.43  0.33  0.06  0.04  0.03  0.03  0.03  0.04  0.04  0.04
 2  10  0.03  0.09  0.15  0.29  0.58  0.87  1.42  2.72  4.06  5.00  6.88  8.92  9.60  9.50  7.88  6.73  3.84  1.42  0.49  0.37  0.07  0.04  0.04  0.04  0.04  0.04  0.05  0.04
 2  15  0.03  0.09  0.15  0.30  0.59  0.88  1.44  2.77  4.08  5.01  6.76  8.63  9.22  9.07  7.67  6.69  3.99  1.52  0.52  0.39  0.07  0.04  0.04  0.04  0.04  0.05  0.05  0.05
 2  20  0.03  0.09  0.16  0.31  0.61  0.91  1.48  2.79  4.10  5.01  6.65  8.35  8.81  8.63  7.45  6.64  4.12  1.60  0.56  0.41  0.09  0.05  0.05  0.04  0.05  0.05  0.05  0.05
 2  25  0.03  0.09  0.16  0.31  0.62  0.93  1.51  2.89  4.19  5.13  6.68  8.08  8.40  8.17  7.18  6.49  4.39  1.78  0.70  0.52  0.21  0.07  0.06  0.05  0.05  0.05  0.05  0.05
 2  30  0.03  0.10  0.17  0.33  0.65  0.97  1.57  2.94  4.29  5.21  6.67  7.82  7.97  7.68  6.89  6.34  4.62  2.01  0.87  0.65  0.29  0.17  0.09  0.07  0.06  0.05  0.05  0.05
 2  35  0.04  0.11  0.18  0.35  0.69  1.01  1.64  3.05  4.45  5.40  6.68  7.59  7.62  7.28  6.67  6.25  4.90  2.53  1.26  0.98  0.50  0.31  0.22  0.11  0.08  0.06  0.05  0.05
 2  40  0.04  0.11  0.18  0.37  0.72  1.06  1.71  3.14  4.59  5.58  6.73  7.35  7.26  6.92  6.49  6.17  5.16  3.05  1.64  1.31  0.72  0.46  0.30  0.15  0.09  0.06  0.05  0.05
 2  45  0.04  0.11  0.19  0.38  0.74  1.10  1.78  3.29  4.73  5.71  6.65  7.09  6.98  6.65  6.31  6.10  5.26  3.33  1.95  1.59  0.96  0.56  0.34  0.21  0.10  0.06  0.06  0.05
 2  50  0.04  0.12  0.19  0.39  0.76  1.13  1.84  3.46  4.89  5.85  6.63  6.88  6.75  6.47  6.23  6.06  5.35  3.61  2.26  1.88  1.21  0.67  0.39  0.23  0.11  0.07  0.06  0.05
 2  55  0.04  0.12  0.20  0.40  0.79  1.17  1.90  3.55  4.86  5.76  6.45  6.69  6.57  6.33  6.05  5.84  5.29  3.65  2.37  2.00  1.35  0.71  0.43  0.24  0.12  0.07  0.06  0.05
 2  60  0.04  0.13  0.21  0.42  0.83  1.23  2.00  3.73  5.07  5.97  6.49  6.60  6.44  6.17  5.92  5.73  5.29  3.76  2.55  2.16  1.49  0.76  0.47  0.27  0.12  0.07  0.06  0.05
 2  65  0.04  0.13  0.21  0.42  0.83  1.23  2.00  3.71  4.93  5.75  6.28  6.51  6.43  6.21  5.89  5.65  5.13  3.64  2.61  2.24  1.59  0.81  0.46  0.27  0.12  0.07  0.06  0.05
 2  70  0.04  0.13  0.21  0.42  0.83  1.23  1.99  3.68  4.78  5.53  6.06  6.42  6.43  6.26  5.87  5.57  4.95  3.52  2.68  2.31  1.69  0.86  0.45  0.28  0.12  0.07  0.06  0.05
 2  75  0.04  0.13  0.21  0.42  0.83  1.22  1.97  3.63  4.55  5.18  5.96  6.62  6.74  6.57  6.06  5.68  4.96  3.46  2.72  2.35  1.73  0.90  0.47  0.28  0.13  0.07  0.06  0.05
 2  80  0.04  0.13  0.21  0.42  0.82  1.21  1.95  3.58  4.32  4.84  5.87  6.81  7.05  6.87  6.26  5.80  4.96  3.40  2.76  2.39  1.77  0.94  0.49  0.28  0.14  0.07  0.06  0.05
 2  85  0.04  0.13  0.21  0.42  0.82  1.21  1.95  3.58  4.33  4.86  5.89  6.84  7.09  6.91  6.29  5.84  4.98  3.40  2.76  2.39  1.77  0.94  0.49  0.28  0.14  0.07  0.06  0.05
 2  90  0.04  0.13  0.21  0.41  0.82  1.21  1.95  3.57  4.35  4.92  6.02  7.03  7.28  7.06  6.43  5.94  5.02  3.40  2.77  2.40  1.80  0.97  0.51  0.29  0.14  0.07  0.06  0.05
 3 -90  0.04  0.13  0.21  0.41  0.81  1.20  1.91  3.43  4.38  5.01  5.11  4.90  4.58  4.12  3.64  3.37  3.39  2.71  2.08  1.74  1.18  0.52  0.31  0.20  0.10  0.04  0.03  0.02
 3 -85  0.04  0.13  0.21  0.42  0.82  1.20  1.92  3.45  4.43  5.07  5.19  4.97  4.65  4.20  3.71  3.42  3.42  2.69  2.05  1.72  1.15  0.50  0.30  0.19  0.10  0.04  0.03  0.02
 3 -80  0.04  0.13  0.21  0.42  0.82  1.20  1.92  3.44  4.46  5.12  5.23  4.99  4.66  4.20  3.71  3.41  3.42  2.70  2.05  1.71  1.14  0.50  0.29  0.19  0.10  0.04  0.03  0.02
 3 -75  0.04  0.12  0.20  0.40  0.78  1.15  1.84  3.31  4.49  5.26  5.69  5.55  5.16  4.61  4.03  3.67  3.52  2.71  2.02  1.68  1.09  0.48  0.28  0.18  0.09  0.04  0.03  0.02
 3 -70  0.04  0.11  0.19  0.38  0.74  1.09  1.75  3.16  4.50  5.38  6.14  6.11  5.65  5.01  4.35  3.93  3.59  2.72  2.01  1.65  1.04  0.46  0.28  0.17  0.09  0.05  0.03  0.03
 3 -65  0.04  0.11  0.18  0.37  0.72  1.06  1.70  3.09  4.47  5.39  6.37  6.59  6.23  5.59  4.96  4.55  3.79  2.71  1.89  1.55  0.97  0.44  0.26  0.16  0.09  0.05  0.03  0.03
 3 -60  0.04  0.11  0.18  0.35  0.70  1.03  1.66  3.02  4.43  5.39  6.59  7.08  6.81  6.16  5.58  5.18  3.99  2.68  1.78  1.45  0.90  0.41  0.25  0.15  0.08  0.05  0.03  0.03
 3 -55  0.04  0.11  0.18  0.36  0.70  1.03  1.66  3.03  4.45  5.37  6.65  7.39  7.27  6.77  6.15  5.71  4.22  2.57  1.56  1.27  0.74  0.33  0.20  0.12  0.07  0.05  0.04  0.03
 3 -50  0.04  0.11  0.18  0.35  0.69  1.02  1.63  2.96  4.33  5.21  6.63  7.71  7.77  7.26  6.63  6.20  4.43  2.43  1.27  1.02  0.58  0.24  0.15  0.08  0.06  0.04  0.04  0.03
 3 -45  0.03  0.10  0.17  0.34  0.67  0.99  1.59  2.93  4.26  5.15  6.64  7.92  8.13  7.67  6.69  6.04  4.27  2.31  1.17  0.93  0.51  0.21  0.11  0.07  0.05  0.04  0.04  0.03
 3 -40  0.03  0.10  0.17  0.33  0.66  0.97  1.57  2.92  4.21  5.08  6.62  8.08  8.44  8.10  6.82  5.95  4.12  2.16  1.06  0.84  0.44  0.18  0.09  0.06  0.05  0.04  0.04  0.03
 3 -35  0.03  0.10  0.16  0.33  0.64  0.95  1.55  2.92  4.22  5.09  6.66  8.23  8.70  8.47  7.32  6.55  4.18  1.94  0.87  0.67  0.32  0.13  0.07  0.05  0.04  0.04  0.04  0.03
 3 -30  0.03  0.10  0.16  0.32  0.63  0.94  1.54  2.91  4.21  5.07  6.68  8.37  8.95  8.84  7.82  7.13  4.23  1.73  0.67  0.50  0.21  0.09  0.05  0.04  0.04  0.04  0.04  0.04
 3 -25  0.03  0.09  0.16  0.31  0.62  0.92  1.50  2.86  4.15  4.99  6.59  8.52  9.24  9.24  8.03  7.20  4.12  1.50  0.52  0.39  0.15  0.06  0.04  0.04  0.04  0.04  0.04  0.04
 3 -20  0.03  0.09  0.15  0.30  0.59  0.89  1.46  2.82  4.05  4.85  6.49  8.72  9.57  9.60  8.24  7.26  4.02  1.27  0.38  0.28  0.10  0.05  0.04  0.03  0.04  0.04  0.04  0.03
 3 -15  0.03  0.09  0.15  0.29  0.58  0.86  1.42  2.73  3.90  4.74  6.40  8.77  9.78  9.96  8.32  7.14  4.00  1.26  0.39  0.28  0.11  0.04  0.03  0.03  0.03  0.04  0.04  0.03
 3 -10  0.03  0.09  0.14  0.29  0.57  0.85  1.39  2.67  3.81  4.62  6.41  8.87 10.05 10.32  8.41  7.01  3.95  1.25  0.38  0.28  0.12  0.04  0.03  0.03  0.03  0.03  0.03  0.03
 3  -5  0.03  0.09  0.14  0.28  0.56  0.83  1.37  2.62  3.73  4.54  6.40  8.84 10.02 10.33  8.36  6.90  3.90  1.24  0.38  0.29  0.07  0.03  0.03  0.03  0.03  0.03  0.03  0.03
 3   0  0.03  0.09  0.15  0.30  0.59  0.87  1.39  2.54  3.67  4.45  6.35  8.79  9.93 10.33  8.32  6.80  3.88  1.25  0.38  0.29  0.13  0.03  0.03  0.03  0.03  0.03  0.03  0.03
 3   5  0.03  0.09  0.15  0.30  0.58  0.86  1.40  2.61  3.75  4.58  6.38  8.75  9.80 10.07  8.26  6.91  3.94  1.34  0.43  0.33  0.06  0.04  0.03  0.03  0.03  0.04  0.04  0.04
 3  10  0.03  0.09  0.15  0.29  0.58  0.86  1.41  2.69  3.88  4.72  6.47  8.72  9.67  9.82  8.18  7.00  4.00  1.42  0.47  0.36  0.07  0.04  0.03  0.03  0.04  0.04  0.05  0.04
 3  15  0.03  0.09  0.15  0.30  0.59  0.87  1.43  2.75  3.95  4.80  6.45  8.54  9.38  9.42  7.86  6.75  4.05  1.47  0.49  0.37  0.08  0.04  0.04  0.04  0.04  0.05  0.05  0.05
 3  20  0.03  0.09  0.16  0.31  0.61  0.91  1.48  2.79  4.02  4.89  6.47  8.37  9.03  9.01  7.51  6.47  4.08  1.52  0.51  0.38  0.15  0.05  0.05  0.05  0.05  0.05  0.05  0.05
 3  25  0.03  0.09  0.16  0.31  0.62  0.92  1.50  2.86  4.10  5.01  6.59  8.22  8.74  8.63  7.33  6.46  4.31  1.80  0.69  0.53  0.25  0.07  0.06  0.06  0.06  0.06  0.05  0.05
 3  30  0.03  0.10  0.16  0.32  0.64  0.95  1.54  2.88  4.19  5.10  6.65  8.08  8.43  8.22  7.14  6.42  4.52  2.13  0.90  0.70  0.36  0.19  0.11  0.08  0.07  0.06  0.05  0.05
 3  35  0.03  0.10  0.17  0.33  0.66  0.97  1.58  2.93  4.30  5.25  6.76  7.99  8.16  7.85  6.96  6.36  4.64  2.56  1.30  1.04  0.60  0.34  0.24  0.12  0.08  0.06  0.06  0.05
 3  40  0.04  0.11  0.17  0.35  0.68  1.01  1.62  2.94  4.40  5.40  6.93  7.90  7.89  7.50  6.81  6.30  4.75  2.98  1.67  1.38  0.84  0.48  0.32  0.16  0.10  0.06  0.06  0.05
 3  45  0.04  0.11  0.18  0.35  0.69  1.02  1.64  3.02  4.51  5.55  6.95  7.69  7.59  7.16  6.54  6.13  4.97  3.26  1.95  1.62  1.03  0.60  0.38  0.22  0.11  0.07  0.06  0.06
 3  50  0.04  0.11  0.18  0.35  0.69  1.03  1.67  3.12  4.66  5.72  7.04  7.55  7.36  6.92  6.36  5.96  5.17  3.54  2.22  1.86  1.22  0.72  0.44  0.25  0.12  0.07  0.06  0.06
 3  55  0.04  0.11  0.18  0.36  0.72  1.06  1.72  3.20  4.70  5.75  6.93  7.33  7.11  6.69  6.19  5.84  5.18  3.64  2.37  2.00  1.36  0.79  0.49  0.27  0.13  0.07  0.06  0.06
 3  60  0.04  0.12  0.19  0.38  0.76  1.12  1.81  3.37  4.97  6.06  7.04  7.22  6.92  6.44  6.07  5.82  5.25  3.81  2.59  2.19  1.50  0.86  0.54  0.30  0.13  0.07  0.06  0.06
 3  65  0.04  0.12  0.20  0.40  0.78  1.16  1.87  3.48  4.98  6.00  6.83  6.98  6.71  6.28  5.90  5.64  5.12  3.83  2.69  2.31  1.65  0.92  0.57  0.33  0.13  0.07  0.06  0.06
 3  70  0.04  0.12  0.21  0.41  0.80  1.19  1.93  3.58  4.99  5.94  6.63  6.76  6.51  6.12  5.73  5.47  4.99  3.84  2.79  2.43  1.80  0.99  0.61  0.36  0.13  0.07  0.06  0.06
 3  75  0.04  0.12  0.21  0.41  0.81  1.20  1.94  3.58  4.87  5.74  6.42  6.70  6.57  6.25  5.70  5.32  4.90  3.87  2.84  2.48  1.85  1.03  0.61  0.35  0.15  0.07  0.06  0.06
 3  80  0.04  0.12  0.21  0.41  0.81  1.20  1.94  3.58  4.75  5.55  6.21  6.63  6.62  6.38  5.66  5.17  4.80  3.89  2.90  2.53  1.91  1.07  0.60  0.34  0.14  0.08  0.06  0.06
 3  85  0.04  0.12  0.21  0.41  0.81  1.20  1.94  3.59  4.76  5.56  6.23  6.65  6.63  6.40  5.69  5.20  4.82  3.91  2.92  2.54  1.92  1.07  0.60  0.34  0.14  0.08  0.06  0.06
 3  90  0.04  0.13  0.21  0.42  0.82  1.21  1.96  3.64  4.80  5.60  6.25  6.69  6.73  6.56  5.87  5.36  4.96  4.02  3.00  2.62  1.98  1.11  0.62  0.35  0.14  0.08  0.06  0.06
 4 -90  0.05  0.16  0.27  0.53  1.03  1.49  2.34  3.91  4.44  4.79  4.95  4.88  4.58  4.10  3.54  3.20  2.95  2.88  2.14  1.76  1.14  0.49  0.29  0.18  0.09  0.04  0.03  0.03
 4 -85  0.05  0.16  0.27  0.54  1.04  1.52  2.38  3.99  4.55  4.90  5.05  4.94  4.63  4.14  3.56  3.22  2.95  2.87  2.12  1.74  1.12  0.48  0.29  0.18  0.09  0.04  0.03  0.03
 4 -80  0.06  0.16  0.27  0.54  1.05  1.53  2.39  4.03  4.58  4.93  5.06  4.94  4.62  4.13  3.56  3.22  2.95  2.87  2.12  1.74  1.12  0.48  0.29  0.18  0.09  0.04  0.03  0.03
 4 -75  0.05  0.16  0.27  0.52  1.02  1.49  2.35  4.03  4.91  5.49  5.62  5.40  5.03  4.51  3.95  3.62  3.30  2.85  2.09  1.72  1.11  0.46  0.28  0.17  0.08  0.04  0.03  0.03
 4 -70  0.05  0.15  0.26  0.51  0.99  1.45  2.29  4.00  5.23  6.05  6.18  5.85  5.43  4.89  4.35  4.01  3.64  2.83  2.06  1.70  1.10  0.44  0.27  0.16  0.08  0.04  0.03  0.03
 4 -65  0.05  0.15  0.25  0.49  0.95  1.40  2.23  3.93  5.32  6.25  6.55  6.31  5.92  5.37  4.87  4.54  3.90  2.82  1.95  1.61  1.02  0.41  0.24  0.15  0.08  0.04  0.03  0.03
 4 -60  0.05  0.14  0.24  0.47  0.92  1.35  2.15  3.86  5.40  6.43  6.92  6.78  6.40  5.85  5.39  5.07  4.16  2.80  1.85  1.51  0.94  0.38  0.21  0.13  0.08  0.04  0.03  0.03
 4 -55  0.05  0.14  0.23  0.45  0.88  1.29  2.07  3.74  5.35  6.39  7.07  7.14  6.81  6.34  5.99  5.72  4.43  2.67  1.65  1.33  0.75  0.31  0.16  0.10  0.07  0.04  0.03  0.03
 4 -50  0.04  0.13  0.21  0.42  0.83  1.23  1.97  3.54  5.15  6.19  7.14  7.51  7.26  6.72  6.50  6.33  4.67  2.51  1.37  1.08  0.56  0.25  0.12  0.08  0.06  0.04  0.03  0.03
 4 -45  0.04  0.12  0.20  0.40  0.78  1.16  1.86  3.36  4.92  5.96  7.12  7.75  7.62  7.08  6.50  6.13  4.50  2.37  1.28  1.01  0.53  0.22  0.11  0.07  0.05  0.04  0.03  0.03
 4 -40  0.04  0.12  0.19  0.38  0.75  1.10  1.77  3.21  4.72  5.74  7.08  7.95  7.95  7.45  6.56  5.97  4.33  2.19  1.20  0.94  0.49  0.20  0.09  0.06  0.04  0.04  0.03  0.03
 4 -35  0.04  0.11  0.18  0.36  0.71  1.05  1.69  3.12  4.58  5.57  7.02  8.15  8.31  7.94  6.80  6.04  4.18  1.96  1.01  0.79  0.40  0.16  0.08  0.05  0.04  0.04  0.04  0.03
 4 -30  0.03  0.10  0.17  0.34  0.68  1.01  1.63  3.02  4.43  5.37  6.93  8.32  8.67  8.44  7.05  6.11  4.02  1.74  0.83  0.64  0.31  0.09  0.06  0.04  0.04  0.04  0.04  0.03
 4 -25  0.03  0.10  0.17  0.33  0.66  0.97  1.58  2.94  4.30  5.19  6.73  8.43  8.97  8.92  7.49  6.49  4.03  1.55  0.62  0.47  0.21  0.06  0.04  0.04  0.04  0.04  0.04  0.03
 4 -20  0.03  0.10  0.16  0.32  0.63  0.93  1.52  2.87  4.12  4.93  6.51  8.58  9.33  9.37  7.92  6.86  4.05  1.36  0.42  0.31  0.12  0.04  0.03  0.03  0.03  0.04  0.04  0.03
 4 -15  0.03  0.09  0.16  0.31  0.61  0.91  1.48  2.78  3.96  4.79  6.35  8.53  9.48  9.71  8.15  7.04  4.07  1.30  0.40  0.29  0.12  0.04  0.03  0.03  0.03  0.03  0.03  0.03
 4 -10  0.03  0.09  0.15  0.31  0.61  0.90  1.46  2.73  3.85  4.64  6.29  8.54  9.67 10.06  8.42  7.21  4.06  1.23  0.36  0.27  0.12  0.03  0.03  0.03  0.03  0.03  0.03  0.03
 4  -5  0.03  0.09  0.15  0.30  0.60  0.88  1.44  2.68  3.77  4.56  6.27  8.49  9.66 10.12  8.46  7.21  4.07  1.24  0.36  0.27  0.12  0.03  0.03  0.03  0.03  0.03  0.03  0.03
 4   0  0.03  0.09  0.16  0.31  0.61  0.90  1.44  2.62  3.71  4.45  6.18  8.44  9.59 10.15  8.50  7.24  4.10  1.26  0.36  0.28  0.12  0.03  0.03  0.03  0.03  0.03  0.03  0.03
 4   5  0.03  0.09  0.15  0.31  0.60  0.89  1.44  2.67  3.79  4.58  6.27  8.50  9.54  9.91  8.39  7.22  4.17  1.37  0.52  0.39  0.14  0.03  0.03  0.03  0.03  0.03  0.03  0.03
 4  10  0.03  0.09  0.15  0.30  0.60  0.88  1.44  2.74  3.91  4.74  6.40  8.56  9.47  9.68  8.24  7.18  4.22  1.46  0.68  0.49  0.16  0.04  0.03  0.03  0.03  0.04  0.04  0.04
 4  15  0.03  0.09  0.15  0.30  0.60  0.89  1.46  2.78  3.98  4.82  6.42  8.46  9.27  9.35  7.97  6.99  4.21  1.51  0.71  0.51  0.17  0.04  0.04  0.04  0.04  0.05  0.05  0.05
 4  20  0.03  0.09  0.16  0.31  0.62  0.91  1.49  2.80  4.03  4.91  6.50  8.38  9.02  9.00  7.68  6.76  4.18  1.56  0.75  0.54  0.17  0.06  0.05  0.05  0.05  0.05  0.05  0.05
 4  25  0.03  0.09  0.16  0.31  0.62  0.92  1.49  2.82  4.05  4.94  6.55  8.29  8.87  8.79  7.55  6.73  4.34  1.77  0.85  0.63  0.26  0.09  0.07  0.06  0.06  0.06  0.06  0.05
 4  30  0.03  0.09  0.16  0.31  0.62  0.92  1.50  2.81  4.07  4.95  6.54  8.21  8.69  8.53  7.42  6.68  4.49  2.02  0.97  0.74  0.37  0.18  0.11  0.08  0.07  0.06  0.06  0.05
 4  35  0.03  0.10  0.16  0.32  0.62  0.92  1.50  2.78  4.05  4.92  6.51  8.14  8.52  8.27  7.24  6.55  4.50  2.33  1.27  1.02  0.59  0.35  0.19  0.11  0.08  0.06  0.06  0.05
 4  40  0.03  0.10  0.16  0.32  0.63  0.93  1.49  2.72  4.01  4.91  6.57  8.07  8.34  8.03  7.10  6.44  4.51  2.65  1.57  1.31  0.82  0.50  0.32  0.15  0.10  0.07  0.06  0.06
 4  45  0.03  0.10  0.16  0.32  0.62  0.92  1.48  2.72  4.00  4.92  6.55  7.90  8.09  7.71  6.79  6.19  4.57  2.91  1.81  1.51  0.97  0.60  0.38  0.19  0.12  0.07  0.06  0.06
 4  50  0.03  0.09  0.16  0.31  0.61  0.91  1.47  2.73  4.05  4.97  6.61  7.81  7.91  7.47  6.58  5.96  4.62  3.16  2.04  1.71  1.13  0.69  0.44  0.25  0.13  0.07  0.06  0.06
 4  55  0.03  0.09  0.16  0.31  0.61  0.91  1.47  2.73  4.03  4.97  6.57  7.64  7.63  7.17  6.29  5.67  4.74  3.34  2.19  1.85  1.26  0.75  0.49  0.28  0.14  0.08  0.06  0.06
 4  60  0.03  0.10  0.16  0.32  0.63  0.93  1.52  2.82  4.26  5.27  6.77  7.57  7.42  6.84  6.03  5.48  4.93  3.58  2.40  2.02  1.38  0.80  0.54  0.31  0.15  0.08  0.06  0.06
 4  65  0.03  0.10  0.16  0.32  0.64  0.95  1.54  2.86  4.30  5.28  6.62  7.23  7.02  6.45  5.83  5.41  4.89  3.61  2.53  2.14  1.47  0.90  0.62  0.36  0.15  0.08  0.06  0.06
 4  70  0.03  0.10  0.17  0.33  0.65  0.96  1.56  2.91  4.33  5.29  6.45  6.89  6.64  6.08  5.64  5.36  4.86  3.65  2.67  2.26  1.57  1.00  0.70  0.42  0.19  0.08  0.06  0.06
 4  75  0.03  0.10  0.17  0.34  0.66  0.98  1.60  2.99  4.34  5.24  6.16  6.47  6.23  5.74  5.48  5.31  4.88  3.75  2.77  2.37  1.68  1.05  0.71  0.41  0.18  0.08  0.06  0.06
 4  80  0.03  0.10  0.17  0.34  0.68  1.01  1.64  3.08  4.35  5.18  5.86  6.06  5.84  5.42  5.31  5.26  4.88  3.84  2.87  2.47  1.79  1.11  0.71  0.41  0.17  0.08  0.06  0.06
 4  85  0.03  0.10  0.17  0.35  0.68  1.01  1.65  3.10  4.37  5.20  5.87  6.09  5.87  5.44  5.34  5.29  4.91  3.86  2.89  2.49  1.80  1.11  0.72  0.41  0.17  0.08  0.06  0.06
 4  90  0.04  0.11  0.18  0.35  0.69  1.02  1.66  3.13  4.46  5.32  5.98  6.14  5.93  5.52  5.45  5.42  5.02  3.96  2.98  2.56  1.86  1.14  0.73  0.42  0.17  0.09  0.06  0.06
 5 -90  0.06  0.17  0.29  0.57  1.09  1.57  2.41  3.77  4.55  5.09  5.01  4.68  4.15  3.62  3.50  3.46  3.36  2.81  2.08  1.70  1.07  0.46  0.26  0.15  0.06  0.04  0.03  0.03
 5 -85  0.06  0.18  0.29  0.57  1.10  1.59  2.44  3.83  4.63  5.18  5.07  4.71  4.19  3.64  3.52  3.48  3.37  2.80  2.08  1.70  1.08  0.45  0.26  0.15  0.06  0.04  0.03  0.03
 5 -80  0.06  0.18  0.29  0.57  1.11  1.60  2.45  3.85  4.67  5.21  5.10  4.71  4.18  3.63  3.52  3.47  3.36  2.80  2.08  1.71  1.08  0.46  0.26  0.16  0.06  0.04  0.03  0.03
 5 -75  0.06  0.17  0.29  0.57  1.09  1.58  2.44  3.91  4.88  5.52  5.59  5.30  4.85  4.32  3.98  3.79  3.48  2.68  1.94  1.59  1.01  0.43  0.25  0.15  0.07  0.04  0.03  0.03
 5 -70  0.06  0.17  0.28  0.55  1.07  1.56  2.43  3.98  5.10  5.83  6.07  5.89  5.53  5.01  4.45  4.11  3.60  2.57  1.80  1.48  0.94  0.40  0.23  0.14  0.07  0.04  0.03  0.03
 5 -65  0.06  0.17  0.29  0.56  1.10  1.60  2.52  4.28  5.52  6.32  6.42  6.18  5.82  5.34  4.94  4.70  4.09  2.71  1.81  1.46  0.89  0.40  0.22  0.13  0.07  0.04  0.03  0.03
 5 -60  0.06  0.17  0.29  0.57  1.11  1.63  2.59  4.55  5.90  6.79  6.75  6.45  6.11  5.67  5.44  5.29  4.57  2.83  1.81  1.44  0.83  0.40  0.21  0.13  0.07  0.04  0.03  0.03
 5 -55  0.06  0.17  0.28  0.55  1.07  1.57  2.51  4.45  6.00  6.98  7.07  6.80  6.46  6.08  5.85  5.66  4.68  2.66  1.69  1.35  0.72  0.40  0.19  0.12  0.06  0.04  0.03  0.03
 5 -50  0.05  0.16  0.26  0.52  1.02  1.50  2.40  4.26  5.94  7.00  7.32  7.18  6.84  6.37  6.18  6.00  4.78  2.46  1.50  1.18  0.61  0.39  0.17  0.08  0.05  0.04  0.03  0.03
 5 -45  0.05  0.15  0.24  0.48  0.94  1.38  2.19  3.90  5.57  6.67  7.32  7.45  7.16  6.62  6.23  5.96  4.68  2.39  1.41  1.11  0.56  0.35  0.16  0.07  0.05  0.04  0.03  0.03
 5 -40  0.04  0.13  0.22  0.44  0.85  1.26  2.01  3.59  5.25  6.36  7.33  7.70  7.48  6.92  6.35  5.95  4.56  2.28  1.32  1.03  0.50  0.31  0.14  0.06  0.04  0.04  0.03  0.03
 5 -35  0.04  0.12  0.20  0.40  0.79  1.16  1.86  3.39  4.96  6.02  7.20  7.87  7.81  7.37  6.75  6.34  4.50  2.05  1.07  0.81  0.38  0.23  0.09  0.06  0.04  0.04  0.03  0.03
 5 -30  0.04  0.11  0.19  0.37  0.73  1.08  1.74  3.18  4.67  5.66  7.05  8.04  8.15  7.82  7.15  6.71  4.41  1.81  0.82  0.61  0.25  0.10  0.06  0.05  0.04  0.04  0.04  0.03
 5 -25  0.04  0.11  0.18  0.35  0.70  1.03  1.66  3.05  4.46  5.38  6.79  8.15  8.48  8.33  7.41  6.76  4.29  1.67  0.65  0.48  0.19  0.06  0.04  0.04  0.04  0.04  0.04  0.03
 5 -20  0.03  0.10  0.17  0.34  0.67  0.99  1.59  2.92  4.20  5.03  6.51  8.32  8.89  8.82  7.67  6.81  4.19  1.53  0.50  0.36  0.14  0.05  0.03  0.03  0.03  0.03  0.04  0.03
 5 -15  0.03  0.10  0.17  0.33  0.65  0.96  1.55  2.85  4.07  4.91  6.38  8.30  9.08  9.20  7.96  7.07  4.23  1.43  0.43  0.31  0.12  0.04  0.03  0.03  0.03  0.03  0.03  0.03
 5 -10  0.03  0.10  0.16  0.33  0.64  0.95  1.53  2.79  3.97  4.79  6.37  8.34  9.29  9.61  8.29  7.32  4.25  1.32  0.35  0.26  0.11  0.03  0.03  0.03  0.03  0.03  0.03  0.03
 5  -5  0.03  0.10  0.16  0.32  0.64  0.94  1.51  2.75  3.91  4.74  6.40  8.34  9.33  9.73  8.22  7.10  4.04  1.16  0.31  0.24  0.10  0.03  0.03  0.03  0.03  0.03  0.03  0.03
 5   0  0.03  0.10  0.16  0.32  0.63  0.93  1.49  2.73  3.88  4.69  6.38  8.36  9.34  9.83  8.16  6.90  3.85  1.00  0.28  0.22  0.10  0.03  0.03  0.03  0.03  0.03  0.03  0.03
 5   5  0.03  0.10  0.16  0.32  0.62  0.92  1.49  2.75  3.92  4.76  6.42  8.44  9.34  9.70  8.24  7.12  4.13  1.26  0.44  0.34  0.16  0.03  0.03  0.03  0.03  0.03  0.03  0.03
 5  10  0.03  0.09  0.16  0.31  0.61  0.91  1.48  2.80  4.01  4.86  6.51  8.51  9.35  9.58  8.29  7.32  4.39  1.51  0.60  0.46  0.22  0.04  0.03  0.03  0.03  0.04  0.04  0.03
 5  15  0.03  0.09  0.15  0.31  0.61  0.91  1.48  2.80  4.03  4.87  6.47  8.44  9.21  9.30  8.10  7.23  4.29  1.58  0.64  0.49  0.24  0.05  0.04  0.04  0.04  0.05  0.05  0.04
 5  20  0.03  0.09  0.16  0.31  0.62  0.92  1.49  2.79  4.02  4.89  6.49  8.39  9.05  9.04  7.89  7.10  4.19  1.65  0.68  0.53  0.25  0.06  0.05  0.05  0.05  0.05  0.05  0.05
 5  25  0.03  0.09  0.16  0.31  0.61  0.91  1.48  2.78  3.99  4.84  6.44  8.27  8.94  8.88  7.74  6.99  4.40  1.82  0.79  0.62  0.32  0.11  0.07  0.06  0.06  0.06  0.06  0.05
 5  30  0.03  0.09  0.15  0.31  0.60  0.90  1.46  2.75  3.95  4.78  6.35  8.16  8.78  8.70  7.59  6.85  4.60  2.02  0.92  0.73  0.40  0.17  0.10  0.07  0.07  0.06  0.06  0.05
 5  35  0.03  0.09  0.15  0.31  0.60  0.89  1.45  2.70  3.88  4.68  6.21  8.02  8.60  8.47  7.41  6.69  4.60  2.25  1.16  0.94  0.57  0.32  0.15  0.09  0.08  0.06  0.06  0.05
 5  40  0.03  0.09  0.15  0.31  0.60  0.89  1.43  2.62  3.79  4.59  6.16  7.89  8.41  8.27  7.25  6.54  4.60  2.49  1.39  1.16  0.75  0.45  0.22  0.12  0.09  0.07  0.06  0.06
 5  45  0.03  0.09  0.15  0.30  0.59  0.86  1.40  2.57  3.68  4.47  6.01  7.68  8.17  7.98  6.95  6.27  4.56  2.68  1.61  1.35  0.89  0.55  0.34  0.16  0.10  0.07  0.06  0.06
 5  50  0.03  0.09  0.14  0.29  0.56  0.84  1.36  2.54  3.64  4.41  5.95  7.56  8.00  7.75  6.72  6.02  4.50  2.87  1.83  1.54  1.04  0.65  0.42  0.20  0.12  0.08  0.06  0.06
 5  55  0.03  0.08  0.14  0.28  0.55  0.81  1.32  2.49  3.53  4.28  5.84  7.39  7.73  7.40  6.40  5.71  4.49  3.00  1.94  1.63  1.11  0.69  0.47  0.28  0.13  0.08  0.06  0.06
 5  60  0.03  0.08  0.14  0.28  0.55  0.82  1.34  2.51  3.66  4.46  5.98  7.32  7.51  7.03  6.12  5.51  4.54  3.18  2.11  1.76  1.17  0.72  0.52  0.30  0.15  0.08  0.06  0.06
 5  65  0.03  0.08  0.14  0.28  0.54  0.81  1.31  2.46  3.59  4.37  5.81  6.96  7.04  6.51  5.62  5.03  4.26  3.19  2.23  1.87  1.28  0.79  0.58  0.36  0.16  0.08  0.06  0.06
 5  70  0.03  0.08  0.14  0.27  0.53  0.79  1.29  2.41  3.52  4.29  5.65  6.63  6.58  5.98  5.12  4.56  3.98  3.21  2.35  1.99  1.39  0.86  0.64  0.42  0.24  0.09  0.07  0.06
 5  75  0.03  0.08  0.14  0.27  0.53  0.79  1.29  2.43  3.59  4.39  5.70  6.40  6.19  5.53  4.91  4.52  4.12  3.30  2.39  2.03  1.41  0.88  0.64  0.41  0.23  0.09  0.07  0.06
 5  80  0.03  0.08  0.14  0.27  0.53  0.79  1.29  2.43  3.65  4.50  5.75  6.19  5.81  5.08  4.69  4.48  4.26  3.40  2.44  2.07  1.45  0.90  0.64  0.41  0.22  0.09  0.07  0.06
 5  85  0.03  0.08  0.13  0.27  0.53  0.79  1.28  2.43  3.65  4.52  5.78  6.22  5.83  5.08  4.68  4.48  4.28  3.42  2.46  2.08  1.46  0.90  0.64  0.41  0.23  0.09  0.07  0.06
 5  90  0.03  0.08  0.13  0.27  0.52  0.78  1.27  2.40  3.64  4.53  5.84  6.27  5.85  5.06  4.62  4.41  4.27  3.47  2.48  2.10  1.45  0.91  0.66  0.42  0.23  0.10  0.07  0.06
 6 -90  0.06  0.17  0.29  0.56  1.08  1.55  2.35  3.51  4.56  5.31  5.23  5.00  4.67  4.25  4.04  3.92  3.38  2.82  2.06  1.71  1.12  0.42  0.20  0.09  0.05  0.03  0.03  0.03
 6 -85  0.06  0.18  0.29  0.57  1.09  1.57  2.38  3.57  4.66  5.43  5.36  5.06  4.70  4.28  4.07  3.94  3.39  2.82  2.06  1.71  1.12  0.41  0.20  0.09  0.05  0.04  0.03  0.03
 6 -80  0.06  0.18  0.29  0.57  1.10  1.57  2.39  3.60  4.70  5.46  5.40  5.09  4.72  4.28  4.07  3.93  3.39  2.82  2.06  1.71  1.12  0.41  0.20  0.09  0.06  0.04  0.03  0.03
 6 -75  0.06  0.18  0.29  0.57  1.10  1.59  2.43  3.74  4.88  5.63  5.76  5.60  5.25  4.78  4.37  4.11  3.54  2.80  2.03  1.69  1.11  0.40  0.19  0.10  0.06  0.04  0.03  0.03
 6 -70  0.06  0.18  0.29  0.57  1.11  1.60  2.47  3.92  5.07  5.84  6.13  6.07  5.75  5.26  4.67  4.29  3.70  2.78  1.99  1.67  1.11  0.40  0.19  0.10  0.06  0.04  0.03  0.03
 6 -65  0.06  0.18  0.29  0.57  1.11  1.61  2.51  4.11  5.33  6.14  6.29  6.17  5.85  5.40  4.98  4.72  4.08  2.86  1.99  1.65  1.08  0.43  0.22  0.10  0.06  0.04  0.03  0.03
 6 -60  0.06  0.17  0.29  0.57  1.11  1.62  2.54  4.29  5.57  6.41  6.44  6.25  5.95  5.52  5.29  5.15  4.44  2.93  1.98  1.63  1.04  0.47  0.25  0.10  0.06  0.04  0.03  0.03
 6 -55  0.06  0.17  0.28  0.56  1.10  1.61  2.55  4.45  5.93  6.87  6.81  6.52  6.20  5.87  5.70  5.55  4.60  2.78  1.82  1.50  0.91  0.45  0.27  0.10  0.06  0.04  0.03  0.03
 6 -50  0.06  0.17  0.28  0.56  1.09  1.60  2.55  4.49  6.11  7.14  7.09  6.80  6.50  6.12  6.04  5.93  4.75  2.61  1.58  1.30  0.78  0.42  0.27  0.09  0.05  0.04  0.03  0.03
 6 -45  0.05  0.15  0.26  0.51  0.99  1.46  2.32  4.09  5.74  6.83  7.22  7.18  6.87  6.39  6.06  5.82  4.68  2.54  1.50  1.23  0.73  0.39  0.25  0.08  0.05  0.04  0.03  0.03
 6 -40  0.05  0.14  0.23  0.46  0.89  1.31  2.09  3.74  5.43  6.56  7.38  7.56  7.26  6.69  6.15  5.75  4.61  2.44  1.41  1.15  0.68  0.35  0.22  0.07  0.05  0.04  0.03  0.03
 6 -35  0.04  0.13  0.21  0.41  0.81  1.20  1.92  3.47  5.05  6.10  7.17  7.71  7.57  7.11  6.51  6.11  4.69  2.22  1.13  0.90  0.51  0.26  0.12  0.07  0.05  0.04  0.03  0.03
 6 -30  0.04  0.11  0.19  0.38  0.74  1.09  1.75  3.19  4.66  5.63  6.95  7.86  7.91  7.55  6.89  6.45  4.76  1.99  0.84  0.66  0.34  0.17  0.07  0.05  0.05  0.04  0.04  0.03
 6 -25  0.04  0.11  0.18  0.36  0.72  1.05  1.69  3.06  4.47  5.39  6.74  7.95  8.17  7.96  7.17  6.62  4.57  1.78  0.66  0.51  0.24  0.07  0.05  0.04  0.04  0.04  0.04  0.04
 6 -20  0.04  0.11  0.18  0.35  0.69  1.02  1.64  2.94  4.23  5.08  6.50  8.10  8.51  8.34  7.46  6.80  4.39  1.56  0.49  0.36  0.15  0.05  0.04  0.04  0.04  0.04  0.04  0.04
 6 -15  0.03  0.10  0.17  0.34  0.67  0.99  1.59  2.89  4.15  5.02  6.45  8.15  8.73  8.71  7.63  6.86  4.25  1.47  0.47  0.34  0.14  0.04  0.03  0.03  0.03  0.04  0.04  0.04
 6 -10  0.03  0.10  0.17  0.34  0.67  0.99  1.58  2.85  4.10  4.98  6.53  8.25  8.97  9.13  7.85  6.92  4.08  1.37  0.43  0.32  0.14  0.04  0.03  0.03  0.03  0.03  0.04  0.03
 6  -5  0.03  0.10  0.17  0.34  0.67  0.98  1.57  2.82  4.07  4.97  6.61  8.31  9.09  9.33  8.05  7.12  4.15  1.30  0.40  0.30  0.14  0.04  0.03  0.03  0.03  0.03  0.03  0.03
 6   0  0.03  0.10  0.16  0.33  0.64  0.95  1.53  2.82  4.08  4.97  6.66  8.42  9.21  9.53  8.27  7.35  4.24  1.25  0.37  0.29  0.14  0.04  0.03  0.03  0.03  0.03  0.03  0.03
 6   5  0.03  0.10  0.17  0.33  0.65  0.95  1.54  2.83  4.09  4.99  6.67  8.48  9.22  9.49  8.29  7.38  4.39  1.40  0.48  0.38  0.19  0.04  0.03  0.03  0.03  0.03  0.03  0.03
 6  10  0.03  0.10  0.16  0.32  0.63  0.93  1.52  2.87  4.15  5.04  6.71  8.55  9.26  9.45  8.28  7.40  4.52  1.54  0.59  0.46  0.23  0.04  0.03  0.03  0.04  0.04  0.04  0.03
 6  15  0.03  0.10  0.16  0.32  0.63  0.93  1.52  2.86  4.14  5.01  6.62  8.46  9.14  9.20  8.03  7.17  4.42  1.60  0.62  0.49  0.25  0.05  0.04  0.04  0.04  0.05  0.05  0.04
 6  20  0.03  0.10  0.16  0.32  0.64  0.94  1.53  2.84  4.10  4.98  6.59  8.41  9.01  8.99  7.77  6.92  4.33  1.66  0.66  0.52  0.26  0.07  0.05  0.05  0.05  0.05  0.05  0.04
 6  25  0.03  0.10  0.16  0.32  0.63  0.93  1.51  2.82  4.04  4.90  6.48  8.26  8.90  8.85  7.76  7.05  4.47  1.78  0.70  0.55  0.29  0.10  0.07  0.06  0.06  0.06  0.05  0.05
 6  30  0.03  0.09  0.16  0.31  0.61  0.91  1.48  2.79  3.98  4.81  6.35  8.12  8.75  8.69  7.76  7.16  4.61  1.91  0.74  0.58  0.31  0.14  0.08  0.07  0.06  0.06  0.05  0.05
 6  35  0.03  0.09  0.15  0.31  0.61  0.90  1.46  2.72  3.88  4.67  6.15  7.94  8.55  8.47  7.50  6.84  4.58  2.14  1.00  0.80  0.45  0.20  0.11  0.08  0.07  0.06  0.06  0.05
 6  40  0.03  0.09  0.15  0.30  0.60  0.88  1.43  2.63  3.76  4.53  6.04  7.75  8.32  8.25  7.24  6.53  4.53  2.38  1.26  1.02  0.60  0.34  0.17  0.11  0.08  0.07  0.06  0.05
 6  45  0.03  0.09  0.15  0.29  0.58  0.85  1.38  2.54  3.59  4.34  5.81  7.50  8.05  7.96  6.93  6.25  4.51  2.54  1.45  1.19  0.75  0.43  0.27  0.14  0.09  0.07  0.06  0.05
 6  50  0.03  0.08  0.14  0.28  0.55  0.81  1.32  2.49  3.50  4.21  5.65  7.31  7.84  7.70  6.69  6.00  4.49  2.69  1.65  1.37  0.90  0.53  0.35  0.16  0.10  0.07  0.06  0.05
 6  55  0.03  0.08  0.13  0.26  0.52  0.78  1.27  2.40  3.33  4.00  5.44  7.07  7.53  7.34  6.37  5.71  4.30  2.76  1.73  1.43  0.94  0.56  0.39  0.18  0.11  0.08  0.06  0.05
 6  60  0.03  0.08  0.13  0.26  0.52  0.77  1.26  2.39  3.40  4.09  5.47  6.92  7.26  6.93  6.09  5.51  4.18  2.89  1.86  1.53  0.99  0.59  0.43  0.26  0.13  0.08  0.06  0.05
 6  65  0.03  0.08  0.13  0.25  0.50  0.75  1.22  2.31  3.30  3.98  5.31  6.62  6.84  6.42  5.55  4.96  3.89  2.88  1.96  1.63  1.08  0.63  0.48  0.29  0.15  0.08  0.07  0.05
 6  70  0.02  0.07  0.12  0.25  0.49  0.72  1.18  2.24  3.21  3.87  5.16  6.33  6.44  5.92  5.02  4.41  3.60  2.87  2.06  1.73  1.17  0.67  0.54  0.33  0.16  0.09  0.07  0.05
 6  75  0.02  0.07  0.12  0.24  0.47  0.70  1.14  2.16  3.17  3.85  5.20  6.23  6.19  5.58  4.78  4.24  3.64  2.91  2.10  1.77  1.22  0.69  0.55  0.34  0.18  0.09  0.07  0.05
 6  80  0.02  0.07  0.11  0.23  0.45  0.67  1.09  2.08  3.12  3.84  5.24  6.13  5.94  5.24  4.54  4.07  3.68  2.94  2.14  1.82  1.28  0.71  0.57  0.36  0.20  0.09  0.07  0.05
 6  85  0.02  0.07  0.11  0.23  0.45  0.67  1.09  2.08  3.13  3.85  5.26  6.15  5.96  5.25  4.55  4.07  3.68  2.95  2.14  1.82  1.28  0.72  0.57  0.37  0.20  0.10  0.07  0.06
 6  90  0.02  0.07  0.11  0.23  0.45  0.67  1.09  2.08  3.11  3.84  5.25  6.15  5.97  5.28  4.54  4.05  3.64  2.92  2.12  1.79  1.26  0.72  0.59  0.38  0.21  0.10  0.07  0.06
 7 -90  0.05  0.16  0.26  0.51  0.97  1.39  2.07  2.95  4.10  4.88  5.18  5.25  5.04  4.52  4.18  3.94  3.60  2.77  2.03  1.67  1.06  0.42  0.19  0.08  0.05  0.03  0.03  0.03
 7 -85  0.05  0.16  0.26  0.51  0.98  1.40  2.09  2.98  4.17  4.98  5.31  5.35  5.09  4.55  4.22  3.98  3.64  2.79  2.04  1.67  1.05  0.41  0.19  0.08  0.05  0.03  0.03  0.03
 7 -80  0.05  0.16  0.26  0.51  0.98  1.40  2.09  3.00  4.20  5.00  5.33  5.38  5.12  4.56  4.22  3.98  3.64  2.79  2.05  1.67  1.06  0.41  0.19  0.08  0.05  0.03  0.03  0.03
 7 -75  0.05  0.15  0.25  0.48  0.93  1.32  1.99  2.88  4.11  4.94  5.46  5.81  5.67  5.14  4.51  4.07  3.52  2.79  2.06  1.69  1.08  0.42  0.19  0.08  0.05  0.03  0.03  0.03
 7 -70  0.05  0.14  0.23  0.45  0.87  1.24  1.88  2.79  4.06  4.91  5.65  6.26  6.19  5.69  4.79  4.17  3.43  2.79  2.08  1.72  1.12  0.43  0.20  0.09  0.05  0.04  0.03  0.03
 7 -65  0.05  0.14  0.24  0.47  0.90  1.31  2.01  3.20  4.52  5.42  6.03  6.35  6.14  5.62  5.07  4.72  4.01  2.91  2.05  1.71  1.14  0.45  0.22  0.09  0.06  0.04  0.03  0.03
 7 -60  0.05  0.15  0.24  0.48  0.93  1.36  2.13  3.58  4.94  5.88  6.34  6.38  6.06  5.55  5.36  5.26  4.55  3.01  2.02  1.70  1.16  0.48  0.26  0.10  0.06  0.04  0.03  0.03
 7 -55  0.05  0.14  0.24  0.47  0.92  1.35  2.15  3.81  5.31  6.30  6.73  6.67  6.33  5.92  5.82  5.75  4.74  2.90  1.90  1.58  1.01  0.45  0.27  0.09  0.06  0.04  0.03  0.03
 7 -50  0.05  0.14  0.24  0.47  0.92  1.35  2.17  3.92  5.52  6.55  7.04  6.97  6.62  6.18  6.22  6.22  4.92  2.75  1.70  1.39  0.85  0.42  0.27  0.08  0.05  0.04  0.03  0.03
 7 -45  0.05  0.14  0.23  0.45  0.88  1.30  2.07  3.70  5.30  6.36  7.13  7.31  7.01  6.49  6.25  6.08  4.89  2.77  1.66  1.34  0.79  0.38  0.25  0.08  0.05  0.04  0.03  0.03
 7 -40  0.04  0.13  0.21  0.42  0.83  1.23  1.97  3.54  5.16  6.23  7.27  7.68  7.44  6.87  6.36  5.98  4.86  2.76  1.60  1.29  0.73  0.35  0.22  0.08  0.05  0.04  0.04  0.03
 7 -35  0.04  0.12  0.20  0.40  0.78  1.15  1.85  3.36  4.90  5.91  7.10  7.78  7.68  7.22  6.52  6.04  4.80  2.54  1.33  1.05  0.56  0.26  0.17  0.09  0.06  0.04  0.04  0.03
 7 -30  0.04  0.11  0.19  0.37  0.73  1.08  1.74  3.18  4.62  5.57  6.92  7.88  7.95  7.58  6.69  6.09  4.73  2.30  1.06  0.81  0.39  0.19  0.09  0.07  0.05  0.04  0.04  0.04
 7 -25  0.04  0.11  0.19  0.37  0.72  1.06  1.70  3.07  4.48  5.42  6.82  8.00  8.14  7.87  6.98  6.36  4.58  2.01  0.82  0.62  0.28  0.08  0.06  0.05  0.05  0.04  0.04  0.04
 7 -20  0.04  0.11  0.18  0.36  0.71  1.04  1.66  2.95  4.30  5.20  6.66  8.14  8.41  8.13  7.25  6.62  4.44  1.72  0.59  0.43  0.18  0.06  0.04  0.04  0.04  0.04  0.04  0.04
 7 -15  0.04  0.11  0.18  0.35  0.68  1.01  1.61  2.91  4.23  5.14  6.64  8.25  8.69  8.53  7.52  6.85  4.21  1.53  0.54  0.40  0.17  0.05  0.04  0.04  0.04  0.04  0.04  0.04
 7 -10  0.04  0.11  0.17  0.35  0.68  1.00  1.60  2.87  4.18  5.11  6.74  8.40  9.00  9.02  7.87  7.09  3.95  1.32  0.47  0.35  0.16  0.04  0.03  0.03  0.03  0.04  0.04  0.04
 7  -5  0.03  0.10  0.17  0.34  0.67  0.99  1.58  2.83  4.15  5.09  6.80  8.46  9.16  9.27  7.93  7.01  4.02  1.29  0.46  0.35  0.17  0.04  0.03  0.03  0.03  0.04  0.04  0.03
 7   0  0.03  0.10  0.16  0.32  0.64  0.95  1.53  2.85  4.17  5.10  6.87  8.62  9.35  9.54  8.03  6.97  4.10  1.27  0.46  0.36  0.18  0.04  0.03  0.03  0.03  0.03  0.04  0.03
 7   5  0.03  0.10  0.17  0.33  0.65  0.96  1.55  2.86  4.18  5.11  6.87  8.66  9.35  9.53  8.18  7.21  4.34  1.46  0.58  0.44  0.21  0.04  0.03  0.03  0.03  0.03  0.03  0.03
 7  10  0.03  0.10  0.16  0.32  0.64  0.95  1.54  2.90  4.23  5.16  6.89  8.71  9.37  9.51  8.31  7.42  4.54  1.65  0.69  0.53  0.24  0.04  0.03  0.03  0.03  0.04  0.03  0.03
 7  15  0.03  0.10  0.16  0.33  0.64  0.95  1.55  2.90  4.24  5.15  6.81  8.58  9.19  9.21  8.09  7.28  4.53  1.71  0.71  0.54  0.24  0.05  0.04  0.04  0.04  0.04  0.04  0.03
 7  20  0.03  0.10  0.17  0.33  0.66  0.97  1.57  2.90  4.21  5.13  6.77  8.51  9.04  8.99  7.89  7.12  4.52  1.75  0.74  0.57  0.25  0.07  0.05  0.05  0.05  0.05  0.05  0.04
 7  25  0.03  0.10  0.16  0.33  0.65  0.96  1.55  2.91  4.19  5.08  6.66  8.34  8.90  8.83  7.72  6.99  4.50  1.88  0.78  0.59  0.26  0.09  0.06  0.06  0.06  0.06  0.05  0.04
 7  30  0.03  0.10  0.16  0.32  0.63  0.94  1.53  2.89  4.14  5.02  6.55  8.20  8.73  8.65  7.57  6.84  4.46  2.00  0.82  0.62  0.26  0.11  0.07  0.07  0.06  0.06  0.05  0.04
 7  35  0.03  0.10  0.16  0.32  0.63  0.93  1.51  2.83  4.04  4.87  6.34  7.98  8.51  8.42  7.37  6.67  4.45  2.12  0.99  0.76  0.37  0.14  0.09  0.07  0.07  0.06  0.05  0.05
 7  40  0.03  0.09  0.16  0.31  0.61  0.91  1.47  2.75  3.91  4.71  6.19  7.77  8.27  8.19  7.19  6.49  4.42  2.24  1.16  0.91  0.48  0.19  0.11  0.08  0.07  0.06  0.06  0.05
 7  45  0.03  0.09  0.15  0.30  0.59  0.88  1.42  2.63  3.72  4.48  5.93  7.50  7.98  7.88  6.88  6.22  4.41  2.38  1.30  1.05  0.61  0.30  0.16  0.11  0.08  0.07  0.06  0.05
 7  50  0.03  0.09  0.14  0.28  0.56  0.83  1.36  2.56  3.59  4.31  5.73  7.27  7.74  7.61  6.63  5.97  4.38  2.52  1.45  1.20  0.75  0.40  0.27  0.13  0.09  0.07  0.06  0.05
 7  55  0.03  0.08  0.14  0.27  0.53  0.79  1.29  2.46  3.40  4.09  5.50  7.03  7.44  7.25  6.25  5.56  4.18  2.56  1.53  1.27  0.83  0.45  0.32  0.16  0.11  0.07  0.06  0.05
 7  60  0.03  0.08  0.13  0.27  0.53  0.78  1.28  2.43  3.45  4.16  5.51  6.88  7.18  6.85  5.90  5.25  4.04  2.65  1.67  1.39  0.91  0.50  0.37  0.19  0.12  0.08  0.06  0.05
 7  65  0.03  0.08  0.13  0.25  0.50  0.75  1.23  2.33  3.33  4.01  5.30  6.53  6.71  6.30  5.32  4.65  3.68  2.65  1.76  1.48  1.00  0.54  0.41  0.25  0.13  0.08  0.06  0.05
 7  70  0.02  0.07  0.12  0.24  0.48  0.72  1.18  2.24  3.20  3.86  5.10  6.18  6.25  5.75  4.74  4.05  3.32  2.65  1.85  1.56  1.08  0.57  0.44  0.28  0.14  0.08  0.06  0.05
 7  75  0.02  0.07  0.12  0.23  0.46  0.69  1.12  2.14  3.14  3.82  5.09  6.01  5.93  5.36  4.48  3.87  3.30  2.70  1.91  1.61  1.11  0.57  0.46  0.29  0.15  0.08  0.06  0.05
 7  80  0.02  0.07  0.11  0.22  0.44  0.65  1.07  2.04  3.08  3.79  5.10  5.85  5.63  4.97  4.22  3.70  3.28  2.73  1.97  1.65  1.14  0.58  0.48  0.31  0.16  0.09  0.07  0.05
 7  85  0.02  0.07  0.11  0.22  0.44  0.65  1.07  2.04  3.09  3.80  5.11  5.86  5.63  4.97  4.22  3.71  3.28  2.73  1.97  1.65  1.14  0.58  0.49  0.31  0.18  0.09  0.07  0.05
 7  90  0.02  0.07  0.11  0.22  0.44  0.65  1.07  2.05  3.08  3.80  5.12  5.83  5.61  4.96  4.20  3.69  3.22  2.69  1.95  1.63  1.12  0.57  0.50  0.32  0.18  0.09  0.07  0.05
 8 -90  0.04  0.12  0.20  0.40  0.76  1.09  1.64  2.40  3.40  4.13  5.11  6.14  6.14  5.37  4.32  3.49  2.94  2.55  1.86  1.54  1.00  0.41  0.16  0.07  0.05  0.04  0.03  0.03
 8 -85  0.04  0.13  0.21  0.40  0.77  1.11  1.67  2.45  3.53  4.28  5.26  6.23  6.21  5.40  4.33  3.53  3.00  2.59  1.88  1.55  1.00  0.41  0.16  0.08  0.05  0.04  0.03  0.03
 8 -80  0.04  0.13  0.21  0.41  0.78  1.12  1.68  2.48  3.58  4.34  5.31  6.25  6.23  5.42  4.35  3.55  3.02  2.61  1.89  1.56  1.01  0.41  0.16  0.07  0.05  0.04  0.03  0.03
 8 -75  0.04  0.13  0.21  0.41  0.80  1.15  1.76  2.74  3.84  4.60  5.47  6.19  6.14  5.52  4.56  3.85  3.22  2.69  1.95  1.62  1.07  0.44  0.15  0.07  0.05  0.04  0.03  0.03
 8 -70  0.04  0.13  0.21  0.42  0.81  1.17  1.82  2.98  4.09  4.85  5.63  6.15  6.07  5.61  4.72  4.13  3.41  2.79  2.02  1.69  1.14  0.46  0.15  0.07  0.05  0.04  0.03  0.03
 8 -65  0.04  0.12  0.20  0.40  0.79  1.15  1.82  3.14  4.33  5.16  5.99  6.44  6.29  5.78  5.13  4.76  4.00  3.01  2.03  1.69  1.12  0.47  0.17  0.08  0.05  0.04  0.03  0.03
 8 -60  0.04  0.12  0.20  0.40  0.78  1.15  1.84  3.30  4.57  5.45  6.32  6.66  6.45  5.92  5.56  5.37  4.53  3.16  2.00  1.66  1.08  0.48  0.27  0.09  0.06  0.04  0.03  0.03
 8 -55  0.04  0.12  0.20  0.40  0.78  1.16  1.88  3.50  4.97  5.90  6.78  7.07  6.83  6.40  6.02  5.76  4.81  3.19  1.97  1.64  1.04  0.47  0.28  0.10  0.06  0.04  0.03  0.03
 8 -50  0.04  0.12  0.20  0.40  0.80  1.18  1.92  3.61  5.18  6.19  7.16  7.50  7.26  6.78  6.41  6.13  5.08  3.19  1.86  1.54  0.98  0.46  0.29  0.10  0.06  0.04  0.04  0.03
 8 -45  0.04  0.12  0.20  0.40  0.80  1.18  1.90  3.50  5.06  6.10  7.20  7.73  7.53  7.00  6.41  6.00  5.02  3.13  1.79  1.47  0.91  0.43  0.28  0.10  0.06  0.04  0.04  0.03
 8 -40  0.04  0.12  0.20  0.40  0.79  1.16  1.87  3.44  5.01  6.05  7.28  7.97  7.86  7.31  6.49  5.91  4.96  3.05  1.71  1.40  0.84  0.39  0.26  0.10  0.06  0.04  0.04  0.04
 8 -35  0.04  0.12  0.19  0.38  0.75  1.11  1.79  3.30  4.81  5.83  7.17  8.04  8.01  7.51  6.60  5.99  4.85  2.76  1.41  1.13  0.64  0.30  0.21  0.09  0.06  0.05  0.04  0.04
 8 -30  0.04  0.11  0.18  0.36  0.72  1.06  1.71  3.16  4.62  5.59  7.05  8.11  8.17  7.72  6.72  6.05  4.73  2.47  1.11  0.87  0.46  0.21  0.10  0.07  0.06  0.05  0.04  0.04
 8 -25  0.04  0.11  0.18  0.36  0.71  1.04  1.67  3.03  4.46  5.42  6.94  8.28  8.42  8.04  6.99  6.29  4.59  2.15  0.83  0.63  0.31  0.08  0.06  0.05  0.05  0.05  0.05  0.04
 8 -20  0.04  0.11  0.18  0.36  0.70  1.02  1.64  2.91  4.27  5.20  6.79  8.45  8.73  8.34  7.27  6.52  4.47  1.81  0.55  0.41  0.17  0.06  0.05  0.04  0.04  0.04  0.05  0.04
 8 -15  0.03  0.10  0.17  0.34  0.67  0.98  1.58  2.86  4.18  5.09  6.71  8.55  9.03  8.77  7.58  6.80  4.22  1.59  0.53  0.38  0.15  0.05  0.04  0.04  0.04  0.04  0.04  0.04
 8 -10  0.03  0.10  0.17  0.33  0.66  0.97  1.55  2.81  4.11  5.02  6.77  8.66  9.36  9.31  7.98  7.09  3.94  1.34  0.49  0.36  0.14  0.04  0.04  0.03  0.03  0.04  0.04  0.04
 8  -5  0.03  0.10  0.17  0.33  0.65  0.96  1.54  2.77  4.06  4.98  6.79  8.68  9.51  9.59  8.13  7.16  3.93  1.30  0.49  0.36  0.14  0.04  0.03  0.03  0.03  0.04  0.04  0.04
 8   0  0.03  0.09  0.16  0.31  0.61  0.91  1.48  2.79  4.07  4.98  6.85  8.84  9.72  9.90  8.33  7.26  3.95  1.27  0.49  0.37  0.15  0.04  0.03  0.03  0.03  0.04  0.04  0.03
 8   5  0.03  0.10  0.16  0.32  0.63  0.93  1.51  2.80  4.10  5.01  6.85  8.84  9.66  9.83  8.37  7.36  4.23  1.44  0.59  0.44  0.18  0.04  0.03  0.03  0.03  0.04  0.03  0.03
 8  10  0.03  0.10  0.16  0.32  0.63  0.93  1.51  2.85  4.16  5.08  6.89  8.87  9.62  9.75  8.40  7.44  4.48  1.60  0.70  0.51  0.20  0.04  0.03  0.03  0.03  0.04  0.03  0.03
 8  15  0.03  0.10  0.16  0.32  0.64  0.95  1.54  2.87  4.24  5.15  6.89  8.73  9.35  9.37  8.15  7.28  4.47  1.66  0.73  0.53  0.21  0.05  0.04  0.04  0.04  0.04  0.04  0.03
 8  20  0.03  0.10  0.17  0.33  0.66  0.97  1.57  2.89  4.26  5.22  6.92  8.66  9.14  9.07  7.92  7.12  4.46  1.72  0.76  0.57  0.22  0.06  0.05  0.05  0.05  0.05  0.05  0.04
 8  25  0.03  0.10  0.17  0.33  0.65  0.97  1.57  2.95  4.30  5.24  6.87  8.49  8.96  8.84  7.73  6.97  4.44  1.83  0.79  0.58  0.23  0.08  0.06  0.06  0.06  0.06  0.05  0.04
 8  30  0.03  0.10  0.17  0.33  0.65  0.97  1.57  2.97  4.32  5.26  6.84  8.35  8.75  8.62  7.54  6.81  4.41  1.94  0.83  0.61  0.24  0.10  0.07  0.06  0.06  0.06  0.05  0.04
 8  35  0.03  0.10  0.16  0.33  0.65  0.96  1.56  2.93  4.24  5.14  6.65  8.12  8.52  8.36  7.34  6.64  4.40  2.02  0.95  0.72  0.33  0.12  0.08  0.07  0.07  0.06  0.05  0.05
 8  40  0.03  0.10  0.16  0.32  0.64  0.94  1.54  2.88  4.14  5.01  6.51  7.91  8.26  8.12  7.14  6.46  4.37  2.10  1.06  0.82  0.41  0.15  0.10  0.08  0.07  0.06  0.05  0.05
 8  45  0.03  0.10  0.16  0.32  0.62  0.92  1.50  2.78  3.98  4.83  6.30  7.66  7.98  7.79  6.82  6.17  4.27  2.23  1.20  0.96  0.53  0.23  0.13  0.09  0.08  0.06  0.06  0.05
 8  50  0.03  0.09  0.15  0.30  0.60  0.89  1.45  2.71  3.88  4.69  6.15  7.45  7.73  7.49  6.55  5.89  4.15  2.36  1.36  1.11  0.67  0.31  0.19  0.12  0.09  0.07  0.06  0.05
 8  55  0.03  0.09  0.15  0.29  0.57  0.85  1.39  2.63  3.72  4.51  5.99  7.25  7.44  7.12  6.18  5.52  3.92  2.44  1.48  1.21  0.75  0.35  0.23  0.15  0.10  0.07  0.06  0.05
 8  60  0.03  0.09  0.14  0.28  0.56  0.84  1.37  2.62  3.80  4.62  6.04  7.13  7.19  6.71  5.84  5.25  3.76  2.59  1.66  1.35  0.84  0.39  0.26  0.17  0.11  0.07  0.06  0.05
 8  65  0.03  0.08  0.14  0.28  0.55  0.81  1.33  2.55  3.69  4.48  5.81  6.69  6.62  6.07  5.23  4.67  3.51  2.60  1.75  1.44  0.91  0.43  0.31  0.19  0.11  0.07  0.06  0.05
 8  70  0.03  0.08  0.13  0.27  0.53  0.79  1.29  2.47  3.58  4.34  5.55  6.23  6.04  5.42  4.63  4.10  3.26  2.62  1.84  1.52  0.99  0.48  0.35  0.22  0.12  0.07  0.06  0.05
 8  75  0.03  0.08  0.13  0.26  0.52  0.78  1.28  2.44  3.53  4.28  5.31  5.69  5.38  4.75  4.16  3.77  3.23  2.63  1.88  1.56  1.03  0.50  0.36  0.23  0.13  0.08  0.06  0.05
 8  80  0.03  0.08  0.13  0.26  0.52  0.77  1.26  2.41  3.50  4.23  5.08  5.16  4.73  4.10  3.70  3.44  3.20  2.64  1.92  1.59  1.07  0.53  0.37  0.24  0.14  0.08  0.06  0.05
 8  85  0.03  0.08  0.13  0.26  0.52  0.77  1.26  2.41  3.52  4.25  5.08  5.16  4.72  4.10  3.71  3.45  3.21  2.64  1.92  1.59  1.07  0.53  0.37  0.24  0.15  0.08  0.06  0.05
 8  90  0.03  0.08  0.13  0.26  0.52  0.77  1.26  2.42  3.53  4.28  5.09  5.12  4.68  4.07  3.70  3.44  3.19  2.61  1.90  1.58  1.07  0.53  0.38  0.23  0.15  0.08  0.06  0.05
 9 -90  0.04  0.11  0.19  0.37  0.72  1.04  1.63  2.71  3.90  4.73  5.28  5.68  5.56  5.13  4.34  3.67  2.26  1.59  1.18  1.01  0.71  0.37  0.11  0.06  0.05  0.04  0.03  0.03
 9 -85  0.04  0.11  0.19  0.37  0.72  1.04  1.63  2.71  3.91  4.75  5.35  5.78  5.66  5.19  4.33  3.69  2.34  1.68  1.21  1.03  0.71  0.38  0.12  0.06  0.05  0.04  0.03  0.03
 9 -80  0.04  0.11  0.19  0.37  0.72  1.04  1.63  2.71  3.92  4.79  5.42  5.85  5.72  5.22  4.34  3.72  2.38  1.72  1.24  1.05  0.73  0.39  0.14  0.07  0.05  0.04  0.03  0.03
 9 -75  0.04  0.11  0.18  0.36  0.70  1.03  1.62  2.79  3.96  4.81  5.71  6.23  6.08  5.53  4.61  4.01  2.67  1.92  1.38  1.17  0.81  0.42  0.15  0.07  0.05  0.04  0.03  0.03
 9 -70  0.04  0.11  0.18  0.35  0.69  1.01  1.61  2.86  3.99  4.81  5.93  6.52  6.39  5.84  4.87  4.26  2.95  2.13  1.53  1.30  0.90  0.46  0.17  0.08  0.05  0.04  0.03  0.03
 9 -65  0.04  0.11  0.18  0.35  0.69  1.01  1.63  2.99  4.20  5.05  6.24  6.88  6.81  6.33  5.54  5.03  3.70  2.59  1.76  1.48  0.99  0.50  0.25  0.08  0.05  0.04  0.03  0.03
 9 -60  0.04  0.11  0.18  0.35  0.70  1.03  1.68  3.11  4.42  5.32  6.57  7.25  7.21  6.75  6.19  5.80  4.41  2.98  1.94  1.62  1.07  0.54  0.28  0.09  0.06  0.04  0.03  0.03
 9 -55  0.04  0.11  0.18  0.36  0.72  1.07  1.74  3.28  4.74  5.68  6.90  7.57  7.51  7.16  6.55  6.09  4.78  3.18  2.02  1.66  1.02  0.52  0.28  0.10  0.06  0.04  0.04  0.03
 9 -50  0.04  0.11  0.18  0.37  0.73  1.08  1.77  3.38  4.89  5.89  7.17  7.91  7.88  7.48  6.84  6.36  5.15  3.36  2.02  1.64  0.95  0.50  0.28  0.10  0.06  0.04  0.04  0.03
 9 -45  0.04  0.11  0.18  0.37  0.73  1.08  1.75  3.28  4.80  5.83  7.20  8.07  8.04  7.54  6.74  6.18  5.04  3.25  1.91  1.53  0.87  0.46  0.28  0.10  0.06  0.04  0.04  0.04
 9 -40  0.04  0.11  0.18  0.37  0.72  1.07  1.73  3.23  4.76  5.79  7.26  8.24  8.25  7.71  6.73  6.05  4.93  3.13  1.80  1.43  0.78  0.41  0.27  0.10  0.06  0.05  0.04  0.04
 9 -35  0.04  0.11  0.18  0.35  0.70  1.03  1.68  3.13  4.62  5.63  7.20  8.34  8.42  7.91  6.81  6.07  4.82  2.80  1.49  1.15  0.58  0.30  0.21  0.09  0.06  0.05  0.04  0.04
 9 -30  0.03  0.10  0.17  0.34  0.67  1.00  1.62  3.04  4.47  5.44  7.10  8.43  8.59  8.12  6.91  6.09  4.70  2.46  1.18  0.89  0.40  0.20  0.10  0.07  0.06  0.05  0.05  0.04
 9 -25  0.03  0.10  0.17  0.34  0.67  0.99  1.60  2.93  4.32  5.26  6.94  8.56  8.83  8.44  7.17  6.30  4.64  2.22  0.95  0.71  0.30  0.09  0.06  0.05  0.05  0.05  0.05  0.05
 9 -20  0.03  0.10  0.17  0.34  0.66  0.97  1.56  2.84  4.16  5.05  6.76  8.70  9.13  8.74  7.42  6.51  4.59  1.96  0.74  0.54  0.21  0.06  0.05  0.04  0.04  0.05  0.05  0.05
 9 -15  0.03  0.10  0.16  0.32  0.63  0.93  1.51  2.79  4.05  4.92  6.61  8.70  9.33  9.11  7.69  6.78  4.33  1.68  0.63  0.46  0.18  0.05  0.04  0.04  0.04  0.04  0.05  0.05
 9 -10  0.03  0.09  0.16  0.31  0.62  0.92  1.49  2.77  3.98  4.83  6.60  8.73  9.59  9.60  8.07  7.06  4.01  1.37  0.52  0.38  0.15  0.05  0.04  0.04  0.04  0.04  0.04  0.04
 9  -5  0.03  0.09  0.16  0.31  0.62  0.91  1.47  2.72  3.92  4.79  6.60  8.69  9.69  9.86  8.16  7.05  3.93  1.32  0.52  0.38  0.15  0.04  0.04  0.04  0.04  0.04  0.04  0.04
 9   0  0.03  0.09  0.15  0.30  0.59  0.87  1.43  2.73  3.94  4.79  6.64  8.80  9.86 10.17  8.31  7.06  3.89  1.27  0.52  0.39  0.15  0.04  0.03  0.03  0.03  0.04  0.04  0.03
 9   5  0.03  0.09  0.16  0.31  0.61  0.90  1.47  2.75  3.99  4.85  6.66  8.78  9.77 10.05  8.39  7.25  4.16  1.42  0.59  0.43  0.16  0.04  0.03  0.03  0.03  0.04  0.03  0.03
 9  10  0.03  0.09  0.16  0.31  0.61  0.91  1.48  2.80  4.06  4.92  6.72  8.81  9.69  9.90  8.45  7.43  4.41  1.56  0.66  0.48  0.18  0.04  0.03  0.03  0.03  0.04  0.03  0.03
 9  15  0.03  0.10  0.16  0.32  0.63  0.93  1.51  2.82  4.15  5.04  6.78  8.71  9.40  9.46  8.19  7.28  4.39  1.58  0.67  0.49  0.18  0.04  0.03  0.04  0.04  0.04  0.04  0.03
 9  20  0.03  0.10  0.16  0.33  0.64  0.95  1.54  2.84  4.19  5.13  6.87  8.67  9.18  9.12  7.95  7.11  4.38  1.59  0.68  0.50  0.18  0.05  0.04  0.04  0.04  0.05  0.04  0.04
 9  25  0.03  0.10  0.16  0.32  0.64  0.94  1.54  2.90  4.27  5.21  6.88  8.50  8.95  8.82  7.82  7.12  4.43  1.66  0.70  0.51  0.19  0.07  0.05  0.05  0.05  0.05  0.05  0.04
 9  30  0.03  0.10  0.16  0.32  0.64  0.95  1.55  2.92  4.32  5.29  6.91  8.36  8.70  8.53  7.68  7.11  4.47  1.72  0.72  0.53  0.20  0.08  0.06  0.05  0.05  0.05  0.05  0.05
 9  35  0.03  0.10  0.17  0.33  0.65  0.96  1.57  2.95  4.33  5.28  6.82  8.14  8.42  8.20  7.32  6.72  4.39  1.89  0.91  0.68  0.29  0.10  0.07  0.06  0.06  0.06  0.05  0.05
 9  40  0.03  0.10  0.17  0.33  0.65  0.97  1.57  2.94  4.33  5.27  6.77  7.92  8.11  7.89  6.98  6.32  4.27  2.05  1.08  0.82  0.38  0.13  0.09  0.07  0.06  0.06  0.05  0.05
 9  45  0.03  0.10  0.17  0.33  0.66  0.97  1.57  2.92  4.29  5.24  6.70  7.69  7.77  7.48  6.60  6.01  4.17  2.20  1.22  0.96  0.51  0.21  0.12  0.09  0.07  0.06  0.05  0.05
 9  50  0.03  0.10  0.17  0.33  0.66  0.97  1.57  2.93  4.30  5.26  6.67  7.48  7.45  7.08  6.27  5.71  4.07  2.33  1.38  1.11  0.64  0.27  0.16  0.11  0.08  0.06  0.05  0.05
 9  55  0.03  0.10  0.16  0.32  0.64  0.95  1.55  2.93  4.27  5.22  6.60  7.27  7.12  6.65  5.85  5.27  3.89  2.40  1.49  1.22  0.74  0.32  0.20  0.14  0.09  0.06  0.05  0.05
 9  60  0.03  0.10  0.16  0.32  0.64  0.96  1.57  2.99  4.46  5.46  6.74  7.13  6.80  6.17  5.45  4.95  3.78  2.54  1.67  1.36  0.83  0.37  0.24  0.16  0.10  0.07  0.05  0.05
 9  65  0.03  0.10  0.17  0.33  0.65  0.97  1.59  3.03  4.47  5.45  6.50  6.64  6.22  5.57  4.87  4.39  3.54  2.53  1.76  1.45  0.92  0.43  0.28  0.18  0.10  0.06  0.05  0.05
 9  70  0.03  0.10  0.17  0.33  0.66  0.99  1.61  3.07  4.47  5.42  6.24  6.15  5.64  4.96  4.28  3.82  3.29  2.51  1.85  1.53  1.00  0.48  0.32  0.20  0.11  0.06  0.05  0.05
 9  75  0.03  0.10  0.17  0.34  0.67  0.99  1.62  3.09  4.27  5.05  5.52  5.39  4.99  4.46  4.05  3.79  3.25  2.52  1.86  1.54  1.02  0.48  0.32  0.20  0.11  0.07  0.05  0.05
 9  80  0.03  0.10  0.17  0.34  0.67  1.00  1.64  3.11  4.05  4.66  4.81  4.64  4.35  3.95  3.83  3.75  3.19  2.51  1.86  1.54  1.03  0.49  0.33  0.21  0.12  0.07  0.06  0.05
 9  85  0.03  0.10  0.17  0.34  0.68  1.00  1.64  3.12  4.03  4.62  4.77  4.64  4.37  3.97  3.84  3.76  3.20  2.51  1.86  1.55  1.03  0.49  0.33  0.21  0.12  0.07  0.06  0.05
 9  90  0.03  0.10  0.17  0.34  0.68  1.00  1.64  3.13  4.01  4.60  4.74  4.63  4.35  3.94  3.81  3.72  3.17  2.48  1.85  1.54  1.03  0.49  0.34  0.22  0.12  0.07  0.06  0.05
10 -90  0.03  0.09  0.15  0.29  0.58  0.85  1.37  2.51  3.54  4.28  5.64  6.47  6.47  5.90  4.98  4.35  2.92  0.98  0.63  0.61  0.51  0.39  0.11  0.06  0.05  0.04  0.03  0.03
10 -85  0.03  0.09  0.15  0.30  0.58  0.86  1.39  2.54  3.56  4.26  5.54  6.37  6.40  5.90  5.01  4.42  3.02  1.07  0.65  0.60  0.48  0.39  0.12  0.06  0.05  0.04  0.03  0.03
10 -80  0.03  0.09  0.15  0.30  0.58  0.86  1.39  2.54  3.54  4.23  5.51  6.36  6.40  5.93  5.03  4.42  3.03  1.11  0.68  0.63  0.50  0.39  0.14  0.07  0.05  0.04  0.03  0.03
10 -75  0.03  0.09  0.15  0.30  0.59  0.86  1.40  2.58  3.61  4.32  5.62  6.61  6.73  6.32  5.58  5.06  3.50  1.54  0.93  0.82  0.59  0.44  0.24  0.07  0.05  0.04  0.03  0.03
10 -70  0.03  0.09  0.15  0.30  0.59  0.87  1.41  2.62  3.70  4.43  5.74  6.84  7.02  6.66  6.11  5.68  3.95  1.97  1.18  1.02  0.70  0.48  0.27  0.08  0.05  0.04  0.03  0.03
10 -65  0.03  0.09  0.16  0.31  0.61  0.90  1.47  2.74  3.93  4.74  6.08  7.17  7.33  7.00  6.64  6.33  4.56  2.53  1.54  1.29  0.83  0.51  0.28  0.09  0.06  0.04  0.03  0.03
10 -60  0.03  0.10  0.16  0.32  0.63  0.93  1.52  2.86  4.15  5.04  6.43  7.51  7.67  7.33  7.14  6.97  5.13  3.03  1.83  1.50  0.93  0.52  0.29  0.10  0.06  0.04  0.03  0.03
10 -55  0.03  0.10  0.16  0.33  0.65  0.96  1.56  2.96  4.38  5.30  6.71  7.77  7.88  7.61  7.14  6.77  5.18  3.22  1.99  1.61  0.94  0.49  0.28  0.17  0.06  0.04  0.04  0.03
10 -50  0.03  0.10  0.16  0.33  0.65  0.96  1.57  3.00  4.46  5.41  6.92  8.04  8.16  7.81  7.08  6.56  5.22  3.38  2.08  1.68  0.96  0.46  0.27  0.16  0.06  0.04  0.04  0.03
10 -45  0.03  0.10  0.16  0.32  0.64  0.94  1.54  2.94  4.37  5.36  6.95  8.23  8.37  7.89  7.13  6.62  5.29  3.42  2.05  1.63  0.91  0.43  0.26  0.09  0.06  0.05  0.04  0.04
10 -40  0.03  0.10  0.16  0.32  0.63  0.94  1.54  2.91  4.33  5.30  6.99  8.41  8.60  8.07  7.27  6.74  5.39  3.44  2.00  1.59  0.87  0.40  0.25  0.09  0.06  0.05  0.04  0.04
10 -35  0.03  0.10  0.16  0.32  0.63  0.93  1.52  2.88  4.26  5.20  6.94  8.51  8.80  8.30  7.32  6.68  5.12  2.91  1.54  1.20  0.62  0.29  0.15  0.09  0.06  0.05  0.05  0.04
10 -30  0.03  0.09  0.16  0.31  0.62  0.92  1.50  2.85  4.18  5.08  6.85  8.59  8.98  8.56  7.39  6.63  4.84  2.38  1.07  0.81  0.36  0.16  0.10  0.07  0.06  0.05  0.05  0.04
10 -25  0.03  0.10  0.16  0.32  0.63  0.93  1.50  2.80  4.10  4.96  6.69  8.66  9.17  8.87  7.56  6.69  4.60  2.04  0.86  0.64  0.27  0.09  0.07  0.06  0.05  0.05  0.05  0.05
10 -20  0.03  0.09  0.16  0.31  0.62  0.92  1.49  2.77  4.00  4.84  6.53  8.72  9.39  9.15  7.72  6.74  4.36  1.68  0.65  0.48  0.18  0.06  0.05  0.04  0.05  0.05  0.05  0.05
10 -15  0.03  0.09  0.15  0.30  0.60  0.89  1.45  2.74  3.93  4.75  6.43  8.67  9.46  9.38  7.94  7.00  4.20  1.53  0.58  0.42  0.15  0.05  0.04  0.04  0.04  0.05  0.05  0.05
10 -10  0.03  0.09  0.15  0.29  0.58  0.87  1.42  2.73  3.90  4.72  6.44  8.62  9.61  9.74  8.24  7.25  3.99  1.37  0.50  0.36  0.13  0.04  0.04  0.04  0.04  0.04  0.04  0.04
10  -5  0.03  0.09  0.15  0.29  0.58  0.87  1.42  2.70  3.86  4.69  6.44  8.54  9.61  9.90  8.30  7.25  3.92  1.34  0.47  0.35  0.13  0.04  0.03  0.03  0.03  0.04  0.04  0.04
10   0  0.03  0.09  0.15  0.29  0.57  0.85  1.40  2.70  3.88  4.70  6.49  8.60  9.69 10.12  8.43  7.27  3.86  1.30  0.46  0.34  0.13  0.04  0.03  0.03  0.03  0.04  0.04  0.03
10   5  0.03  0.09  0.15  0.30  0.60  0.88  1.44  2.72  3.93  4.75  6.48  8.53  9.56  9.97  8.39  7.31  4.09  1.41  0.53  0.39  0.14  0.04  0.03  0.03  0.03  0.04  0.03  0.03
10  10  0.03  0.09  0.15  0.30  0.60  0.90  1.46  2.77  3.98  4.81  6.51  8.52  9.44  9.77  8.34  7.33  4.29  1.51  0.61  0.44  0.15  0.04  0.03  0.03  0.03  0.04  0.04  0.03
10  15  0.03  0.09  0.16  0.31  0.61  0.91  1.48  2.79  4.06  4.91  6.56  8.42  9.16  9.31  8.04  7.11  4.26  1.54  0.63  0.45  0.15  0.04  0.04  0.04  0.04  0.04  0.04  0.04
10  20  0.03  0.10  0.16  0.32  0.63  0.94  1.51  2.80  4.09  4.98  6.61  8.39  8.94  8.95  7.76  6.89  4.23  1.55  0.65  0.47  0.16  0.05  0.04  0.04  0.04  0.05  0.05  0.04
10  25  0.03  0.10  0.16  0.32  0.63  0.93  1.52  2.89  4.22  5.14  6.72  8.24  8.67  8.58  7.60  6.89  4.30  1.60  0.67  0.48  0.18  0.07  0.05  0.05  0.05  0.05  0.05  0.05
10  30  0.03  0.10  0.16  0.33  0.64  0.96  1.56  2.92  4.33  5.30  6.84  8.13  8.39  8.21  7.43  6.88  4.35  1.65  0.69  0.51  0.19  0.08  0.06  0.05  0.05  0.05  0.05  0.05
10  35  0.03  0.10  0.17  0.34  0.67  0.99  1.61  3.01  4.49  5.48  6.90  7.90  8.00  7.72  6.96  6.45  4.29  1.84  0.90  0.68  0.31  0.11  0.07  0.06  0.05  0.05  0.05  0.05
10  40  0.04  0.11  0.17  0.35  0.69  1.02  1.65  3.09  4.61  5.66  6.98  7.67  7.59  7.25  6.54  6.02  4.21  2.02  1.09  0.85  0.42  0.19  0.10  0.07  0.06  0.05  0.05  0.05
10  45  0.04  0.11  0.18  0.37  0.72  1.06  1.72  3.18  4.74  5.81  6.99  7.42  7.22  6.84  6.22  5.79  4.22  2.23  1.26  1.00  0.54  0.22  0.13  0.09  0.07  0.06  0.05  0.05
10  50  0.04  0.11  0.19  0.38  0.74  1.10  1.78  3.31  4.89  5.99  7.00  7.17  6.87  6.46  5.94  5.57  4.20  2.42  1.45  1.17  0.68  0.26  0.15  0.12  0.08  0.06  0.05  0.05
10  55  0.04  0.12  0.19  0.38  0.75  1.12  1.82  3.41  4.93  6.00  6.85  6.90  6.55  6.12  5.62  5.25  4.11  2.46  1.53  1.25  0.76  0.32  0.19  0.14  0.09  0.06  0.05  0.05
10  60  0.04  0.12  0.20  0.40  0.78  1.16  1.89  3.58  5.18  6.27  6.90  6.71  6.27  5.73  5.32  5.02  4.09  2.57  1.67  1.37  0.84  0.38  0.23  0.16  0.10  0.06  0.05  0.05
10  65  0.04  0.12  0.20  0.41  0.80  1.19  1.93  3.63  5.06  6.04  6.47  6.23  5.80  5.28  4.91  4.65  3.85  2.59  1.80  1.49  0.96  0.43  0.26  0.17  0.10  0.06  0.05  0.05
10  70  0.04  0.12  0.21  0.41  0.82  1.21  1.97  3.68  4.94  5.80  6.04  5.75  5.34  4.84  4.50  4.27  3.60  2.60  1.93  1.61  1.08  0.48  0.29  0.19  0.10  0.06  0.05  0.05
10  75  0.04  0.12  0.21  0.41  0.81  1.20  1.95  3.65  4.52  5.13  5.33  5.20  4.91  4.47  4.15  3.95  3.46  2.62  1.98  1.66  1.13  0.51  0.30  0.20  0.10  0.06  0.05  0.05
10  80  0.04  0.12  0.20  0.41  0.80  1.19  1.93  3.60  4.11  4.48  4.64  4.66  4.48  4.11  3.81  3.62  3.31  2.63  2.02  1.71  1.18  0.53  0.31  0.21  0.11  0.06  0.05  0.05
10  85  0.04  0.12  0.20  0.41  0.80  1.19  1.92  3.59  4.12  4.49  4.67  4.69  4.51  4.13  3.81  3.62  3.30  2.64  2.03  1.71  1.18  0.53  0.31  0.21  0.13  0.06  0.05  0.05
10  90  0.04  0.12  0.20  0.40  0.80  1.18  1.92  3.58  4.12  4.51  4.70  4.72  4.54  4.13  3.78  3.57  3.28  2.63  2.03  1.71  1.18  0.53  0.32  0.21  0.13  0.06  0.05  0.05
11 -90  0.03  0.08  0.13  0.25  0.50  0.75  1.21  2.27  3.20  3.84  5.18  6.31  6.62  6.55  6.32  5.98  4.54  2.25  1.36  1.18  0.80  0.49  0.28  0.16  0.06  0.04  0.03  0.02
11 -85  0.03  0.08  0.13  0.26  0.51  0.75  1.22  2.29  3.25  3.90  5.24  6.36  6.62  6.46  6.19  5.91  4.60  2.31  1.36  1.15  0.75  0.46  0.28  0.08  0.06  0.04  0.03  0.02
11 -80  0.03  0.08  0.13  0.26  0.51  0.75  1.23  2.31  3.26  3.91  5.24  6.35  6.59  6.41  6.16  5.89  4.58  2.32  1.37  1.16  0.76  0.47  0.28  0.17  0.05  0.04  0.03  0.03
11 -75  0.03  0.08  0.13  0.26  0.52  0.76  1.25  2.35  3.33  4.00  5.29  6.47  6.74  6.54  6.43  6.28  4.84  2.50  1.48  1.26  0.82  0.51  0.30  0.17  0.06  0.04  0.03  0.03
11 -70  0.03  0.08  0.13  0.26  0.52  0.77  1.26  2.38  3.40  4.09  5.35  6.61  6.91  6.67  6.70  6.67  5.09  2.66  1.59  1.34  0.89  0.54  0.31  0.18  0.06  0.04  0.03  0.03
11 -65  0.03  0.08  0.14  0.27  0.54  0.80  1.30  2.46  3.53  4.27  5.61  6.91  7.20  6.91  6.89  6.86  5.20  2.89  1.74  1.44  0.91  0.55  0.31  0.18  0.06  0.04  0.03  0.03
11 -60  0.03  0.08  0.14  0.28  0.55  0.82  1.34  2.53  3.66  4.45  5.85  7.20  7.48  7.16  7.09  7.04  5.31  3.11  1.86  1.51  0.90  0.53  0.31  0.18  0.06  0.04  0.03  0.03
11 -55  0.03  0.09  0.15  0.29  0.57  0.85  1.38  2.62  3.84  4.63  6.06  7.49  7.79  7.54  7.04  6.69  5.14  3.15  1.91  1.53  0.84  0.46  0.28  0.16  0.06  0.04  0.03  0.03
11 -50  0.03  0.09  0.15  0.29  0.57  0.85  1.39  2.65  3.87  4.66  6.20  7.79  8.16  7.82  6.95  6.34  4.95  3.15  1.89  1.49  0.80  0.38  0.24  0.10  0.06  0.04  0.04  0.03
11 -45  0.03  0.09  0.14  0.28  0.56  0.84  1.37  2.62  3.82  4.64  6.25  8.00  8.46  8.06  7.07  6.40  4.98  3.13  1.84  1.44  0.76  0.36  0.23  0.09  0.06  0.05  0.04  0.03
11 -40  0.03  0.09  0.14  0.28  0.56  0.84  1.37  2.64  3.81  4.61  6.29  8.19  8.75  8.37  7.25  6.51  5.03  3.10  1.77  1.38  0.71  0.34  0.21  0.08  0.06  0.05  0.04  0.04
11 -35  0.03  0.09  0.14  0.29  0.57  0.85  1.39  2.67  3.85  4.65  6.34  8.33  8.97  8.65  7.41  6.58  4.76  2.60  1.34  1.03  0.50  0.25  0.12  0.07  0.06  0.05  0.05  0.04
11 -30  0.03  0.09  0.14  0.29  0.57  0.85  1.40  2.71  3.88  4.66  6.35  8.41  9.14  8.96  7.58  6.66  4.49  2.10  0.91  0.68  0.29  0.14  0.09  0.06  0.06  0.05  0.05  0.04
11 -25  0.03  0.09  0.15  0.30  0.59  0.88  1.43  2.71  3.91  4.70  6.36  8.52  9.28  9.20  7.69  6.66  4.31  1.90  0.76  0.56  0.22  0.09  0.06  0.05  0.05  0.05  0.05  0.04
11 -20  0.03  0.09  0.15  0.30  0.59  0.87  1.43  2.74  3.94  4.74  6.39  8.63  9.45  9.40  7.79  6.64  4.13  1.67  0.61  0.45  0.16  0.06  0.05  0.05  0.05  0.05  0.05  0.04
11 -15  0.03  0.09  0.15  0.29  0.58  0.86  1.42  2.74  3.93  4.76  6.43  8.64  9.48  9.53  7.96  6.88  4.04  1.52  0.55  0.40  0.15  0.05  0.04  0.04  0.04  0.05  0.05  0.04
11 -10  0.03  0.09  0.14  0.29  0.57  0.85  1.41  2.78  3.98  4.84  6.57  8.67  9.61  9.79  8.21  7.12  3.92  1.36  0.48  0.36  0.14  0.04  0.04  0.04  0.04  0.04  0.04  0.04
11  -5  0.03  0.09  0.14  0.29  0.57  0.86  1.41  2.76  3.97  4.84  6.59  8.56  9.52  9.79  8.20  7.10  3.82  1.29  0.46  0.34  0.14  0.04  0.03  0.03  0.03  0.04  0.04  0.03
11   0  0.03  0.09  0.15  0.29  0.59  0.87  1.43  2.76  4.02  4.88  6.66  8.57  9.49  9.86  8.24  7.11  3.74  1.22  0.44  0.33  0.13  0.04  0.03  0.03  0.03  0.04  0.03  0.03
11   5  0.03  0.09  0.15  0.30  0.60  0.89  1.45  2.77  4.01  4.86  6.54  8.41  9.32  9.68  8.17  7.12  3.94  1.31  0.48  0.36  0.13  0.04  0.03  0.03  0.03  0.04  0.03  0.03
11  10  0.03  0.09  0.15  0.31  0.60  0.90  1.47  2.80  4.02  4.85  6.46  8.29  9.13  9.45  8.07  7.11  4.13  1.40  0.53  0.39  0.14  0.04  0.03  0.03  0.04  0.04  0.04  0.04
11  15  0.03  0.09  0.16  0.31  0.61  0.91  1.49  2.82  4.09  4.93  6.49  8.13  8.79  8.95  7.75  6.88  4.06  1.44  0.54  0.39  0.14  0.04  0.04  0.04  0.04  0.04  0.04  0.04
11  20  0.03  0.10  0.16  0.32  0.63  0.94  1.52  2.82  4.11  4.99  6.50  8.03  8.50  8.53  7.45  6.65  3.98  1.45  0.55  0.40  0.14  0.05  0.04  0.04  0.04  0.05  0.05  0.04
11  25  0.03  0.10  0.16  0.32  0.64  0.95  1.55  2.95  4.30  5.23  6.65  7.86  8.18  8.10  7.22  6.57  4.08  1.54  0.62  0.45  0.18  0.06  0.05  0.05  0.05  0.05  0.05  0.04
11  30  0.03  0.10  0.17  0.34  0.67  0.99  1.61  3.01  4.47  5.46  6.81  7.74  7.84  7.65  6.97  6.49  4.17  1.64  0.71  0.53  0.22  0.09  0.06  0.05  0.05  0.05  0.05  0.05
11  35  0.04  0.11  0.18  0.36  0.71  1.05  1.70  3.17  4.72  5.76  6.90  7.51  7.46  7.15  6.61  6.23  4.35  1.95  0.97  0.74  0.35  0.15  0.08  0.06  0.05  0.05  0.05  0.05
11  40  0.04  0.11  0.19  0.38  0.74  1.10  1.79  3.32  4.94  6.03  7.00  7.27  7.06  6.70  6.29  5.97  4.52  2.25  1.21  0.94  0.48  0.20  0.12  0.08  0.06  0.05  0.05  0.05
11  45  0.04  0.12  0.20  0.40  0.79  1.17  1.88  3.48  5.11  6.21  6.96  7.00  6.71  6.35  6.07  5.88  4.58  2.43  1.39  1.11  0.62  0.26  0.16  0.11  0.08  0.06  0.05  0.05
11  50  0.04  0.13  0.21  0.42  0.83  1.23  1.99  3.66  5.28  6.40  6.91  6.73  6.39  6.05  5.90  5.78  4.60  2.60  1.59  1.30  0.77  0.33  0.19  0.13  0.09  0.06  0.05  0.05
11  55  0.04  0.13  0.22  0.43  0.85  1.25  2.03  3.75  5.18  6.19  6.59  6.45  6.14  5.83  5.66  5.52  4.44  2.64  1.67  1.39  0.90  0.39  0.21  0.14  0.09  0.06  0.05  0.05
11  60  0.04  0.13  0.22  0.44  0.87  1.28  2.09  3.91  5.29  6.24  6.47  6.25  5.93  5.57  5.45  5.35  4.36  2.73  1.79  1.52  1.03  0.45  0.25  0.16  0.10  0.06  0.05  0.05
11  65  0.04  0.13  0.21  0.43  0.84  1.25  2.02  3.78  5.04  5.93  6.23  6.11  5.84  5.47  5.22  5.04  4.26  2.83  1.98  1.70  1.21  0.54  0.29  0.19  0.10  0.06  0.05  0.05
11  70  0.04  0.13  0.21  0.42  0.83  1.22  1.97  3.63  4.80  5.62  5.99  5.98  5.74  5.37  4.98  4.72  4.17  2.92  2.16  1.88  1.39  0.63  0.33  0.21  0.10  0.06  0.05  0.05
11  75  0.04  0.13  0.21  0.41  0.81  1.20  1.92  3.49  4.54  5.27  5.58  5.35  4.98  4.55  4.18  3.94  3.62  2.84  2.09  1.81  1.33  0.60  0.31  0.19  0.10  0.06  0.05  0.05
11  80  0.04  0.12  0.21  0.41  0.80  1.17  1.88  3.35  4.28  4.92  5.16  4.73  4.21  3.72  3.39  3.16  3.08  2.76  2.02  1.74  1.26  0.56  0.28  0.17  0.11  0.06  0.05  0.05
11  85  0.04  0.12  0.21  0.41  0.80  1.17  1.88  3.36  4.29  4.93  5.19  4.75  4.24  3.74  3.41  3.18  3.09  2.77  2.02  1.74  1.26  0.56  0.28  0.17  0.11  0.06  0.05  0.05
11  90  0.04  0.12  0.21  0.41  0.80  1.18  1.88  3.37  4.30  4.95  5.23  4.77  4.25  3.73  3.37  3.14  3.06  2.76  2.02  1.74  1.26  0.55  0.28  0.17  0.11  0.06  0.05  0.05
12 -90  0.02  0.07  0.11  0.23  0.45  0.66  1.07  1.99  2.92  3.57  4.94  6.09  6.17  5.70  5.51  5.43  4.85  3.40  2.11  1.74  1.11  0.56  0.36  0.21  0.10  0.05  0.03  0.02
12 -85  0.02  0.07  0.11  0.23  0.45  0.66  1.07  1.99  2.93  3.58  4.94  6.09  6.18  5.70  5.45  5.33  4.77  3.37  2.07  1.69  1.05  0.52  0.35  0.21  0.10  0.04  0.03  0.02
12 -80  0.02  0.07  0.11  0.23  0.45  0.66  1.08  2.00  2.93  3.58  4.94  6.08  6.17  5.69  5.43  5.30  4.75  3.36  2.07  1.69  1.05  0.52  0.35  0.21  0.10  0.04  0.03  0.02
12 -75  0.02  0.07  0.12  0.23  0.46  0.68  1.11  2.07  3.01  3.65  4.96  6.17  6.33  5.87  5.59  5.45  4.84  3.34  2.04  1.68  1.04  0.52  0.35  0.20  0.07  0.04  0.03  0.02
12 -70  0.02  0.07  0.12  0.24  0.48  0.70  1.15  2.15  3.08  3.72  4.98  6.25  6.49  6.06  5.76  5.60  4.92  3.31  2.01  1.65  1.02  0.52  0.35  0.19  0.07  0.04  0.03  0.03
12 -65  0.03  0.08  0.13  0.25  0.49  0.73  1.19  2.23  3.18  3.84  5.14  6.54  6.87  6.50  6.13  5.91  4.96  3.23  1.94  1.57  0.95  0.49  0.32  0.18  0.07  0.04  0.03  0.03
12 -60  0.03  0.08  0.13  0.26  0.51  0.76  1.23  2.31  3.29  3.96  5.30  6.83  7.25  6.95  6.51  6.23  5.01  3.15  1.86  1.49  0.87  0.44  0.30  0.17  0.07  0.04  0.03  0.03
12 -55  0.03  0.08  0.14  0.27  0.54  0.79  1.29  2.42  3.47  4.13  5.49  7.15  7.68  7.54  6.87  6.40  4.91  2.97  1.73  1.38  0.75  0.39  0.25  0.15  0.07  0.04  0.03  0.03
12 -50  0.03  0.08  0.14  0.27  0.54  0.81  1.31  2.47  3.51  4.17  5.61  7.48  8.16  8.02  7.16  6.56  4.78  2.75  1.54  1.21  0.64  0.34  0.21  0.11  0.07  0.05  0.04  0.03
12 -45  0.03  0.08  0.14  0.27  0.54  0.80  1.31  2.50  3.54  4.24  5.74  7.72  8.50  8.36  7.14  6.28  4.55  2.59  1.44  1.13  0.58  0.30  0.18  0.09  0.06  0.05  0.04  0.03
12 -40  0.03  0.08  0.14  0.27  0.54  0.81  1.33  2.57  3.59  4.30  5.84  7.94  8.81  8.73  7.14  6.04  4.34  2.40  1.32  1.03  0.52  0.26  0.12  0.07  0.06  0.05  0.04  0.04
12 -35  0.03  0.08  0.14  0.28  0.55  0.83  1.36  2.63  3.73  4.45  6.04  8.12  8.99  8.92  7.51  6.53  4.33  2.09  1.03  0.79  0.38  0.17  0.09  0.06  0.05  0.05  0.04  0.04
12 -30  0.03  0.09  0.14  0.28  0.56  0.84  1.38  2.70  3.83  4.58  6.20  8.28  9.13  9.11  7.87  7.02  4.32  1.79  0.74  0.56  0.24  0.12  0.07  0.06  0.05  0.05  0.05  0.04
12 -25  0.03  0.09  0.15  0.29  0.58  0.86  1.42  2.73  3.94  4.74  6.37  8.49  9.28  9.28  7.91  6.96  4.19  1.68  0.63  0.47  0.18  0.08  0.06  0.05  0.05  0.05  0.05  0.04
12 -20  0.03  0.09  0.15  0.29  0.58  0.86  1.43  2.80  4.05  4.89  6.57  8.72  9.46  9.41  7.93  6.89  4.07  1.54  0.53  0.38  0.14  0.06  0.05  0.04  0.04  0.05  0.05  0.04
12 -15  0.03  0.09  0.15  0.29  0.58  0.86  1.43  2.81  4.11  5.03  6.77  8.85  9.55  9.55  8.05  7.01  4.01  1.43  0.48  0.35  0.13  0.05  0.04  0.04  0.04  0.04  0.04  0.04
12 -10  0.03  0.09  0.14  0.29  0.58  0.86  1.44  2.87  4.23  5.20  7.05  9.02  9.76  9.78  8.22  7.13  3.93  1.32  0.43  0.32  0.13  0.04  0.03  0.03  0.04  0.04  0.04  0.03
12  -5  0.03  0.09  0.14  0.29  0.58  0.87  1.44  2.86  4.23  5.22  7.09  8.92  9.62  9.71  8.04  6.86  3.76  1.26  0.41  0.31  0.13  0.04  0.03  0.03  0.03  0.04  0.03  0.03
12   0  0.03  0.09  0.15  0.31  0.61  0.90  1.48  2.84  4.27  5.26  7.15  8.89  9.51  9.68  7.89  6.61  3.61  1.20  0.39  0.30  0.14  0.04  0.03  0.03  0.03  0.04  0.03  0.03
12   5  0.03  0.09  0.15  0.31  0.61  0.91  1.49  2.85  4.24  5.21  6.95  8.63  9.26  9.38  7.83  6.74  3.82  1.30  0.43  0.33  0.13  0.04  0.03  0.03  0.03  0.04  0.04  0.03
12  10  0.03  0.09  0.16  0.31  0.62  0.92  1.50  2.87  4.22  5.16  6.82  8.40  8.97  9.06  7.76  6.87  4.02  1.40  0.48  0.36  0.13  0.04  0.04  0.04  0.04  0.04  0.04  0.04
12  15  0.03  0.09  0.16  0.31  0.62  0.92  1.51  2.87  4.23  5.16  6.73  8.15  8.58  8.55  7.42  6.61  3.96  1.48  0.51  0.37  0.13  0.04  0.04  0.04  0.04  0.04  0.04  0.04
12  20  0.03  0.10  0.16  0.32  0.64  0.94  1.53  2.86  4.21  5.14  6.63  7.94  8.23  8.11  7.09  6.34  3.88  1.53  0.54  0.39  0.13  0.05  0.04  0.04  0.04  0.05  0.05  0.05
12  25  0.03  0.10  0.16  0.32  0.63  0.94  1.54  2.95  4.30  5.25  6.62  7.67  7.85  7.67  6.95  6.42  4.11  1.67  0.66  0.49  0.20  0.06  0.05  0.05  0.05  0.05  0.05  0.05
12  30  0.03  0.10  0.17  0.34  0.66  0.98  1.60  2.98  4.40  5.34  6.61  7.44  7.47  7.21  6.78  6.47  4.33  1.83  0.80  0.60  0.26  0.09  0.07  0.06  0.05  0.05  0.05  0.05
12  35  0.04  0.11  0.18  0.36  0.70  1.04  1.69  3.15  4.59  5.54  6.57  7.17  7.12  6.81  6.58  6.42  4.65  2.17  1.09  0.85  0.44  0.20  0.10  0.07  0.06  0.05  0.05  0.05
12  40  0.04  0.11  0.19  0.38  0.74  1.10  1.78  3.29  4.75  5.71  6.58  6.92  6.76  6.46  6.42  6.36  4.95  2.50  1.37  1.10  0.63  0.29  0.16  0.10  0.07  0.06  0.05  0.05
12  45  0.04  0.12  0.20  0.40  0.78  1.16  1.87  3.46  4.88  5.81  6.46  6.64  6.48  6.24  6.17  6.14  4.89  2.78  1.59  1.29  0.77  0.35  0.19  0.12  0.09  0.06  0.05  0.05
12  50  0.04  0.13  0.21  0.42  0.83  1.22  1.98  3.63  4.99  5.92  6.37  6.40  6.25  6.09  5.99  5.92  4.81  3.05  1.83  1.50  0.93  0.42  0.23  0.15  0.09  0.06  0.05  0.05
12  55  0.04  0.13  0.21  0.42  0.83  1.22  1.98  3.63  4.78  5.61  6.06  6.25  6.15  6.00  5.77  5.60  4.59  3.04  1.93  1.62  1.08  0.50  0.26  0.16  0.09  0.06  0.05  0.05
12  60  0.04  0.13  0.21  0.42  0.83  1.23  1.99  3.69  4.78  5.57  5.97  6.17  6.08  5.86  5.58  5.39  4.43  3.09  2.09  1.77  1.23  0.58  0.30  0.18  0.10  0.06  0.05  0.05
12  65  0.04  0.13  0.22  0.43  0.84  1.24  1.99  3.58  4.71  5.50  5.97  6.15  6.01  5.72  5.35  5.09  4.32  3.05  2.14  1.83  1.29  0.62  0.30  0.18  0.10  0.06  0.05  0.05
12  70  0.04  0.13  0.22  0.44  0.85  1.25  1.99  3.49  4.64  5.43  5.95  6.13  5.94  5.59  5.13  4.81  4.21  3.00  2.20  1.89  1.36  0.65  0.29  0.18  0.10  0.06  0.05  0.05
12  75  0.04  0.13  0.21  0.42  0.82  1.19  1.87  3.19  4.38  5.20  5.76  5.79  5.51  5.10  4.68  4.39  4.00  3.03  2.22  1.90  1.37  0.65  0.31  0.19  0.11  0.06  0.05  0.05
12  80  0.04  0.12  0.20  0.40  0.78  1.13  1.76  2.90  4.14  4.98  5.57  5.44  5.08  4.62  4.23  3.96  3.78  3.06  2.23  1.92  1.38  0.65  0.34  0.21  0.11  0.06  0.05  0.05
12  85  0.04  0.12  0.20  0.40  0.78  1.13  1.76  2.92  4.16  5.00  5.59  5.47  5.11  4.65  4.26  3.99  3.79  3.07  2.24  1.92  1.38  0.65  0.34  0.21  0.11  0.06  0.05  0.05
12  90  0.04  0.12  0.21  0.41  0.79  1.15  1.80  2.99  4.24  5.07  5.65  5.55  5.20  4.75  4.36  4.06  3.83  3.08  2.23  1.90  1.38  0.66  0.34  0.21  0.11  0.06  0.05  0.05
