     0.010
     0.030
     0.050
     0.100
     0.200
     0.300
     0.500
     1.000
     1.500
     2.000
     3.000
     5.000
     7.000
    10.000
    15.000
    20.000
    30.000
    50.000
    70.000
    80.000
   100.000
   150.000
   200.000
   250.000
   300.000
   400.000
   500.000
   600.000
 1 -90  0.02  0.07  0.11  0.22  0.45  0.68  1.14  2.31  3.33  4.12  5.79  6.73  6.43  5.50  4.62  4.00  3.41  2.81  2.24  1.90  1.28  0.65  0.34  0.19  0.08  0.06  0.03  0.02
 1 -85  0.02  0.07  0.11  0.22  0.45  0.68  1.14  2.30  3.32  4.13  5.81  6.74  6.44  5.49  4.61  4.00  3.41  2.81  2.23  1.90  1.28  0.65  0.34  0.19  0.09  0.06  0.03  0.02
 1 -80  0.02  0.07  0.11  0.22  0.45  0.68  1.13  2.29  3.31  4.13  5.82  6.75  6.45  5.49  4.61  3.99  3.41  2.82  2.23  1.89  1.28  0.65  0.34  0.19  0.09  0.05  0.03  0.02
 1 -75  0.02  0.07  0.12  0.23  0.46  0.70  1.16  2.35  3.39  4.21  5.85  6.88  6.69  5.76  4.94  4.37  3.70  2.88  2.21  1.87  1.26  0.65  0.34  0.19  0.08  0.05  0.03  0.02
 1 -70  0.02  0.07  0.12  0.24  0.48  0.72  1.20  2.41  3.46  4.30  5.87  7.01  6.93  6.04  5.28  4.74  4.03  2.97  2.18  1.83  1.22  0.63  0.35  0.19  0.08  0.05  0.03  0.03
 1 -65  0.02  0.07  0.12  0.25  0.49  0.74  1.24  2.49  3.58  4.44  6.05  7.33  7.39  6.60  5.88  5.39  4.30  2.97  2.03  1.70  1.10  0.56  0.33  0.19  0.11  0.05  0.03  0.03
 1 -60  0.03  0.08  0.13  0.26  0.51  0.77  1.29  2.59  3.71  4.59  6.24  7.66  7.86  7.15  6.49  6.02  4.57  2.98  1.88  1.56  0.99  0.48  0.31  0.20  0.12  0.05  0.03  0.03
 1 -55  0.03  0.08  0.14  0.27  0.54  0.81  1.36  2.74  3.91  4.84  6.50  7.97  8.28  7.74  6.92  6.31  4.49  2.76  1.57  1.30  0.78  0.36  0.25  0.18  0.11  0.05  0.03  0.03
 1 -50  0.03  0.08  0.14  0.28  0.55  0.83  1.39  2.80  4.00  4.99  6.69  8.28  8.71  8.25  7.28  6.60  4.44  2.57  1.29  1.03  0.57  0.25  0.19  0.17  0.09  0.05  0.04  0.03
 1 -45  0.03  0.08  0.14  0.27  0.55  0.83  1.39  2.81  4.01  4.96  6.75  8.60  9.10  8.72  7.47  6.66  4.55  2.58  1.27  1.00  0.53  0.19  0.15  0.11  0.07  0.04  0.03  0.03
 1 -40  0.03  0.08  0.14  0.27  0.55  0.82  1.38  2.79  4.13  5.13  7.05  8.96  9.49  9.04  7.70  6.71  4.55  2.60  1.31  1.02  0.52  0.18  0.13  0.07  0.05  0.04  0.03  0.03
 1 -35  0.03  0.08  0.14  0.28  0.56  0.84  1.41  2.85  3.99  4.98  6.96  8.99  9.54  9.31  7.82  6.85  4.49  2.36  1.05  0.79  0.37  0.15  0.09  0.06  0.04  0.04  0.04  0.03
 1 -30  0.03  0.08  0.14  0.28  0.57  0.85  1.42  2.87  4.12  5.11  7.11  9.21  9.76  9.37  7.98  7.03  4.45  2.07  0.80  0.57  0.24  0.10  0.06  0.05  0.04  0.04  0.04  0.03
 1 -25  0.03  0.09  0.14  0.29  0.58  0.87  1.45  2.93  4.20  5.30  7.43  9.40  9.86  9.44  7.94  6.96  4.36  1.86  0.71  0.50  0.19  0.06  0.04  0.04  0.04  0.04  0.04  0.03
 1 -20  0.03  0.08  0.14  0.28  0.56  0.84  1.41  2.83  4.27  5.42  7.52  9.57 10.18  9.70  8.03  6.92  4.32  1.68  0.60  0.41  0.13  0.05  0.03  0.03  0.03  0.03  0.03  0.03
 1 -15  0.03  0.08  0.14  0.28  0.56  0.84  1.41  2.85  4.35  5.34  7.36  9.65 10.44  9.86  8.08  6.95  4.16  1.64  0.54  0.36  0.13  0.04  0.03  0.03  0.03  0.03  0.03  0.03
 1 -10  0.03  0.08  0.14  0.27  0.55  0.83  1.38  2.80  4.19  5.31  7.27  9.45 10.13  9.84  8.06  7.02  4.05  1.56  0.47  0.32  0.08  0.03  0.03  0.02  0.03  0.03  0.03  0.03
 1  -5  0.03  0.08  0.14  0.27  0.55  0.83  1.39  2.83  4.35  5.50  7.62  9.41 10.01  9.68  7.91  6.85  3.94  1.50  0.45  0.30  0.07  0.03  0.02  0.02  0.02  0.03  0.03  0.02
 1   0  0.03  0.09  0.15  0.30  0.60  0.91  1.53  3.13  4.59  5.75  7.70  9.61 10.21  9.64  7.79  6.70  3.73  1.37  0.41  0.28  0.06  0.03  0.02  0.02  0.02  0.03  0.03  0.02
 1   5  0.03  0.09  0.15  0.30  0.60  0.90  1.52  3.10  4.70  5.82  7.89  9.39  9.68  9.48  7.81  6.66  3.91  1.48  0.47  0.31  0.05  0.03  0.02  0.02  0.02  0.03  0.03  0.03
 1  10  0.03  0.09  0.15  0.30  0.60  0.91  1.52  3.10  4.64  5.88  7.62  8.92  9.16  9.11  7.78  6.70  4.11  1.64  0.54  0.36  0.06  0.03  0.03  0.03  0.03  0.03  0.03  0.03
 1  15  0.03  0.09  0.15  0.30  0.61  0.92  1.54  3.13  4.78  6.02  7.54  8.66  8.87  8.84  7.41  6.46  4.02  1.64  0.58  0.40  0.07  0.03  0.03  0.03  0.03  0.03  0.03  0.03
 1  20  0.03  0.09  0.16  0.31  0.63  0.95  1.60  3.27  4.95  6.30  7.71  8.50  8.78  8.60  7.09  6.23  4.09  1.72  0.59  0.43  0.16  0.04  0.03  0.03  0.03  0.03  0.03  0.03
 1  25  0.03  0.09  0.16  0.31  0.63  0.95  1.58  3.22  5.08  6.27  7.68  8.43  8.50  8.00  6.89  6.39  4.38  2.10  0.79  0.60  0.25  0.05  0.04  0.04  0.03  0.03  0.03  0.03
 1  30  0.03  0.10  0.17  0.33  0.67  1.00  1.69  3.44  5.15  6.48  7.69  8.23  8.28  7.65  6.94  6.59  4.76  2.34  0.93  0.71  0.32  0.09  0.06  0.05  0.04  0.04  0.04  0.03
 1  35  0.03  0.10  0.17  0.35  0.70  1.05  1.77  3.61  5.41  6.71  7.89  8.10  7.91  7.44  6.91  6.52  5.07  2.65  1.22  0.95  0.49  0.24  0.15  0.07  0.05  0.04  0.04  0.04
 1  40  0.04  0.11  0.18  0.37  0.73  1.11  1.86  3.80  5.54  6.83  7.92  8.00  7.58  6.96  6.60  6.43  5.43  3.04  1.65  1.24  0.68  0.35  0.22  0.11  0.07  0.04  0.04  0.04
 1  45  0.04  0.11  0.19  0.37  0.75  1.13  1.91  3.90  5.53  6.78  7.75  7.61  7.11  6.73  6.54  6.35  5.54  3.39  1.89  1.53  0.95  0.50  0.30  0.19  0.08  0.05  0.04  0.04
 1  50  0.04  0.11  0.19  0.38  0.77  1.15  1.94  3.95  5.76  6.91  7.55  7.31  6.63  6.14  6.28  6.31  5.70  3.70  2.15  1.77  1.15  0.61  0.34  0.23  0.09  0.05  0.04  0.04
 1  55  0.04  0.12  0.19  0.39  0.78  1.17  1.97  4.01  5.69  6.58  7.10  6.80  6.30  5.97  6.01  6.02  5.44  3.73  2.33  1.93  1.34  0.68  0.39  0.26  0.09  0.05  0.04  0.04
 1  60  0.04  0.12  0.20  0.39  0.79  1.18  1.99  4.06  5.65  6.43  6.87  6.48  6.08  5.87  5.77  5.70  5.13  3.71  2.53  2.13  1.52  0.74  0.44  0.27  0.10  0.05  0.04  0.04
 1  65  0.04  0.12  0.19  0.39  0.77  1.17  1.96  4.00  5.65  6.40  6.87  6.47  6.18  6.05  5.83  5.67  4.95  3.65  2.54  2.14  1.54  0.74  0.41  0.25  0.10  0.05  0.04  0.04
 1  70  0.04  0.11  0.19  0.38  0.76  1.15  1.93  3.93  5.64  6.36  6.86  6.49  6.29  6.23  5.89  5.63  4.79  3.61  2.54  2.16  1.56  0.73  0.39  0.23  0.10  0.05  0.04  0.04
 1  75  0.04  0.11  0.18  0.36  0.73  1.10  1.84  3.77  5.44  6.07  6.55  6.06  5.80  5.71  5.35  5.07  4.56  3.52  2.64  2.30  1.75  0.77  0.40  0.23  0.10  0.05  0.04  0.04
 1  80  0.04  0.11  0.18  0.35  0.71  1.07  1.80  3.68  5.18  5.77  6.20  5.63  5.31  5.16  4.80  4.51  4.33  3.43  2.72  2.43  1.94  0.81  0.41  0.24  0.10  0.05  0.04  0.04
 1  85  0.04  0.11  0.18  0.35  0.71  1.07  1.80  3.67  5.16  5.74  6.16  5.59  5.28  5.14  4.79  4.50  4.32  3.42  2.72  2.43  1.94  0.81  0.41  0.24  0.10  0.05  0.04  0.04
 1  90  0.04  0.11  0.18  0.35  0.71  1.07  1.79  3.66  5.14  5.70  6.12  5.56  5.25  5.13  4.77  4.49  4.31  3.42  2.72  2.43  1.94  0.81  0.41  0.24  0.10  0.05  0.04  0.04
 2 -90  0.03  0.08  0.14  0.27  0.55  0.83  1.39  2.82  4.12  5.06  6.32  6.34  5.70  4.76  4.28  3.81  2.76  2.60  2.30  1.97  1.39  0.66  0.36  0.21  0.12  0.06  0.03  0.02
 2 -85  0.03  0.08  0.14  0.27  0.55  0.83  1.39  2.82  4.11  5.06  6.33  6.35  5.70  4.76  4.28  3.80  2.76  2.61  2.30  1.97  1.39  0.66  0.36  0.21  0.13  0.06  0.03  0.02
 2 -80  0.03  0.08  0.14  0.27  0.55  0.83  1.39  2.81  4.10  5.07  6.34  6.36  5.71  4.75  4.27  3.80  2.76  2.61  2.29  1.96  1.39  0.66  0.36  0.21  0.13  0.05  0.03  0.02
 2 -75  0.03  0.08  0.14  0.27  0.55  0.82  1.38  2.78  4.08  5.06  6.43  6.71  6.19  5.23  4.67  4.15  2.97  2.61  2.29  1.95  1.37  0.65  0.36  0.20  0.12  0.05  0.03  0.02
 2 -70  0.03  0.08  0.14  0.27  0.54  0.82  1.37  2.76  4.06  5.05  6.50  7.06  6.67  5.72  5.06  4.51  3.25  2.63  2.26  1.92  1.31  0.62  0.37  0.20  0.11  0.05  0.03  0.03
 2 -65  0.03  0.08  0.14  0.28  0.55  0.83  1.39  2.81  4.12  5.13  6.66  7.46  7.23  6.33  5.57  4.97  3.70  2.66  2.08  1.76  1.18  0.55  0.34  0.20  0.12  0.05  0.03  0.03
 2 -60  0.03  0.08  0.14  0.28  0.57  0.85  1.42  2.86  4.20  5.23  6.83  7.87  7.79  6.93  6.08  5.43  4.13  2.70  1.91  1.60  1.05  0.47  0.32  0.20  0.12  0.05  0.04  0.03
 2 -55  0.03  0.09  0.15  0.30  0.59  0.89  1.49  3.01  4.37  5.43  7.03  8.15  8.21  7.53  6.64  5.95  4.27  2.58  1.55  1.29  0.80  0.35  0.25  0.18  0.11  0.05  0.04  0.03
 2 -50  0.03  0.09  0.15  0.30  0.61  0.91  1.52  3.07  4.44  5.56  7.19  8.43  8.65  8.08  7.17  6.49  4.39  2.46  1.23  0.99  0.55  0.24  0.17  0.14  0.09  0.05  0.04  0.03
 2 -45  0.03  0.09  0.15  0.30  0.60  0.90  1.51  3.06  4.40  5.47  7.19  8.73  9.05  8.58  7.43  6.60  4.48  2.41  1.22  0.95  0.48  0.18  0.16  0.09  0.06  0.04  0.03  0.03
 2 -40  0.03  0.09  0.15  0.30  0.60  0.90  1.50  3.05  4.48  5.58  7.41  9.08  9.50  9.03  7.70  6.68  4.50  2.37  1.23  0.94  0.44  0.16  0.11  0.06  0.05  0.04  0.03  0.03
 2 -35  0.03  0.09  0.15  0.30  0.60  0.90  1.50  3.04  4.27  5.34  7.25  9.09  9.56  9.30  7.80  6.75  4.39  2.19  1.00  0.74  0.33  0.13  0.08  0.05  0.04  0.04  0.03  0.03
 2 -30  0.03  0.09  0.15  0.30  0.60  0.90  1.50  3.03  4.34  5.39  7.32  9.25  9.77  9.43  7.95  6.87  4.30  1.97  0.79  0.56  0.22  0.09  0.05  0.04  0.04  0.04  0.03  0.03
 2 -25  0.03  0.09  0.15  0.29  0.59  0.89  1.49  3.01  4.29  5.40  7.48  9.45  9.97  9.62  7.98  6.87  4.21  1.83  0.68  0.48  0.18  0.06  0.04  0.03  0.03  0.03  0.03  0.03
 2 -20  0.03  0.08  0.14  0.28  0.56  0.85  1.42  2.87  4.30  5.48  7.49  9.54 10.31  9.99  8.14  6.88  4.17  1.68  0.56  0.38  0.12  0.04  0.03  0.03  0.03  0.03  0.03  0.03
 2 -15  0.03  0.08  0.14  0.28  0.56  0.84  1.41  2.86  4.30  5.23  7.22  9.64 10.57 10.12  8.16  6.93  4.08  1.59  0.52  0.35  0.12  0.04  0.03  0.03  0.03  0.03  0.03  0.03
 2 -10  0.03  0.08  0.14  0.27  0.54  0.82  1.37  2.78  4.08  5.12  7.01  9.40 10.36 10.20  8.17  7.02  4.04  1.48  0.48  0.32  0.08  0.03  0.02  0.02  0.02  0.03  0.03  0.02
 2  -5  0.03  0.08  0.13  0.27  0.54  0.82  1.37  2.80  4.21  5.26  7.31  9.34 10.31 10.11  7.84  6.58  3.88  1.44  0.47  0.32  0.07  0.03  0.02  0.02  0.02  0.03  0.02  0.02
 2   0  0.03  0.09  0.15  0.30  0.60  0.90  1.52  3.12  4.45  5.59  7.53  9.78 10.78 10.27  7.59  6.11  3.60  1.32  0.44  0.31  0.06  0.03  0.02  0.02  0.02  0.03  0.03  0.02
 2   5  0.03  0.09  0.15  0.29  0.59  0.88  1.49  3.05  4.55  5.60  7.68  9.48 10.17 10.05  7.72  6.35  3.80  1.44  0.51  0.34  0.06  0.03  0.02  0.02  0.02  0.03  0.03  0.03
 2  10  0.03  0.09  0.14  0.29  0.58  0.88  1.47  3.00  4.42  5.54  7.40  9.00  9.52  9.50  7.85  6.69  4.01  1.62  0.59  0.40  0.06  0.03  0.03  0.03  0.03  0.03  0.03  0.03
 2  15  0.03  0.09  0.15  0.29  0.59  0.88  1.48  3.02  4.61  5.72  7.43  8.76  9.12  9.14  7.62  6.65  4.08  1.70  0.66  0.46  0.07  0.03  0.03  0.03  0.03  0.03  0.03  0.03
 2  20  0.03  0.09  0.15  0.30  0.61  0.92  1.55  3.16  4.73  5.97  7.59  8.69  9.09  8.95  7.50  6.67  4.33  1.84  0.70  0.50  0.09  0.04  0.03  0.03  0.03  0.03  0.04  0.03
 2  25  0.03  0.09  0.15  0.31  0.62  0.93  1.56  3.16  4.92  6.03  7.57  8.58  8.74  8.31  7.16  6.58  4.55  2.18  0.88  0.66  0.26  0.06  0.04  0.04  0.04  0.04  0.04  0.03
 2  30  0.03  0.10  0.16  0.33  0.65  0.98  1.65  3.37  5.04  6.34  7.72  8.41  8.52  7.98  7.06  6.56  4.87  2.35  1.00  0.75  0.31  0.18  0.07  0.06  0.05  0.04  0.04  0.04
 2  35  0.03  0.10  0.17  0.34  0.69  1.03  1.73  3.53  5.35  6.64  8.03  8.35  8.22  7.74  7.05  6.56  5.13  2.78  1.29  0.99  0.47  0.30  0.21  0.09  0.06  0.04  0.04  0.04
 2  40  0.04  0.11  0.18  0.36  0.72  1.09  1.83  3.74  5.49  6.81  8.08  8.31  7.96  7.28  6.75  6.48  5.39  3.24  1.70  1.26  0.66  0.42  0.29  0.13  0.08  0.05  0.04  0.04
 2  45  0.04  0.11  0.18  0.37  0.74  1.11  1.87  3.82  5.56  6.89  8.12  8.10  7.58  7.12  6.73  6.39  5.56  3.59  1.96  1.57  0.96  0.55  0.37  0.23  0.09  0.05  0.04  0.04
 2  50  0.04  0.11  0.19  0.37  0.75  1.13  1.90  3.87  5.79  7.14  8.00  7.83  7.12  6.55  6.45  6.30  5.74  3.87  2.27  1.86  1.19  0.65  0.40  0.28  0.10  0.05  0.04  0.04
 2  55  0.04  0.12  0.19  0.39  0.78  1.17  1.97  4.01  5.86  7.03  7.71  7.47  6.84  6.39  6.27  6.18  5.70  3.98  2.45  2.02  1.37  0.70  0.44  0.30  0.11  0.05  0.04  0.04
 2  60  0.04  0.12  0.20  0.40  0.81  1.22  2.05  4.17  5.95  7.06  7.59  7.19  6.61  6.24  6.11  6.03  5.64  4.05  2.65  2.22  1.57  0.77  0.48  0.31  0.11  0.06  0.04  0.04
 2  65  0.04  0.12  0.20  0.40  0.81  1.22  2.05  4.18  5.87  6.86  7.37  7.00  6.55  6.28  6.06  5.91  5.43  3.92  2.75  2.34  1.70  0.83  0.48  0.30  0.11  0.05  0.04  0.04
 2  70  0.04  0.12  0.20  0.40  0.81  1.22  2.05  4.17  5.81  6.69  7.15  6.79  6.49  6.33  6.01  5.78  5.27  3.79  2.85  2.46  1.84  0.89  0.47  0.29  0.11  0.06  0.04  0.04
 2  75  0.04  0.12  0.20  0.40  0.81  1.21  2.04  4.15  5.66  6.38  7.03  6.87  6.73  6.64  6.19  5.86  5.32  3.73  2.90  2.52  1.88  0.94  0.49  0.29  0.12  0.06  0.04  0.04
 2  80  0.04  0.12  0.20  0.40  0.80  1.20  2.02  4.12  5.51  6.06  6.91  6.98  6.98  6.94  6.36  5.95  5.35  3.66  2.93  2.56  1.92  0.97  0.50  0.29  0.12  0.06  0.04  0.04
 2  85  0.04  0.12  0.20  0.40  0.80  1.20  2.02  4.11  5.49  6.03  6.87  6.94  6.95  6.92  6.35  5.94  5.34  3.65  2.93  2.56  1.92  0.97  0.50  0.29  0.12  0.06  0.04  0.04
 2  90  0.04  0.12  0.20  0.40  0.80  1.20  2.02  4.09  5.46  6.00  6.83  6.90  6.92  6.91  6.34  5.93  5.33  3.65  2.93  2.56  1.92  0.97  0.50  0.29  0.12  0.06  0.04  0.04
 3 -90  0.04  0.12  0.20  0.40  0.81  1.21  2.04  4.15  5.54  6.39  6.46  5.87  5.17  4.49  3.86  3.14  2.57  2.61  2.44  2.10  1.50  0.59  0.33  0.19  0.11  0.05  0.03  0.02
 3 -85  0.04  0.12  0.20  0.40  0.81  1.21  2.03  4.14  5.53  6.39  6.48  5.88  5.18  4.49  3.86  3.14  2.57  2.61  2.43  2.10  1.50  0.59  0.33  0.19  0.11  0.05  0.03  0.02
 3 -80  0.04  0.12  0.20  0.40  0.80  1.21  2.03  4.14  5.53  6.40  6.49  5.89  5.19  4.48  3.85  3.14  2.58  2.61  2.43  2.09  1.50  0.59  0.33  0.19  0.11  0.05  0.03  0.03
 3 -75  0.04  0.11  0.19  0.38  0.77  1.15  1.94  3.93  5.46  6.46  6.90  6.42  5.69  4.88  4.18  3.43  2.69  2.59  2.39  2.05  1.46  0.58  0.32  0.19  0.11  0.05  0.03  0.03
 3 -70  0.04  0.11  0.18  0.36  0.73  1.10  1.84  3.73  5.37  6.51  7.30  6.95  6.19  5.28  4.50  3.77  2.90  2.57  2.31  1.98  1.38  0.56  0.32  0.18  0.11  0.05  0.03  0.03
 3 -65  0.04  0.11  0.18  0.35  0.71  1.06  1.78  3.61  5.27  6.47  7.48  7.42  6.77  5.84  5.11  4.48  3.33  2.60  2.09  1.78  1.23  0.51  0.30  0.18  0.12  0.05  0.03  0.03
 3 -60  0.03  0.10  0.17  0.34  0.69  1.03  1.73  3.50  5.19  6.44  7.67  7.89  7.35  6.41  5.71  5.16  3.75  2.65  1.88  1.59  1.08  0.45  0.28  0.18  0.11  0.05  0.03  0.03
 3 -55  0.03  0.10  0.17  0.34  0.69  1.04  1.74  3.52  5.22  6.47  7.78  8.19  7.81  6.98  6.28  5.75  4.20  2.62  1.57  1.31  0.84  0.34  0.23  0.17  0.10  0.05  0.04  0.03
 3 -50  0.03  0.10  0.17  0.34  0.69  1.03  1.73  3.50  5.21  6.49  7.91  8.49  8.31  7.55  6.86  6.36  4.60  2.57  1.30  1.05  0.62  0.24  0.17  0.12  0.07  0.04  0.03  0.03
 3 -45  0.03  0.10  0.17  0.33  0.67  1.00  1.68  3.42  5.04  6.29  7.84  8.82  8.79  8.15  7.10  6.30  4.50  2.49  1.24  0.97  0.52  0.17  0.14  0.08  0.05  0.04  0.03  0.03
 3 -40  0.03  0.10  0.16  0.33  0.66  0.99  1.65  3.36  4.98  6.25  7.93  9.17  9.32  8.76  7.29  6.16  4.36  2.42  1.18  0.90  0.45  0.14  0.10  0.06  0.04  0.03  0.03  0.03
 3 -35  0.03  0.10  0.16  0.32  0.64  0.96  1.61  3.26  4.72  5.91  7.71  9.19  9.47  9.10  7.72  6.68  4.37  2.24  0.95  0.71  0.32  0.13  0.07  0.05  0.04  0.03  0.03  0.03
 3 -30  0.03  0.09  0.16  0.31  0.63  0.95  1.59  3.21  4.68  5.86  7.69  9.32  9.71  9.39  8.19  7.27  4.42  2.03  0.75  0.53  0.19  0.08  0.05  0.04  0.03  0.03  0.03  0.03
 3 -25  0.03  0.09  0.15  0.31  0.61  0.92  1.55  3.14  4.51  5.67  7.66  9.46  9.97  9.69  8.27  7.29  4.30  1.82  0.61  0.43  0.15  0.05  0.03  0.03  0.03  0.03  0.03  0.03
 3 -20  0.03  0.09  0.15  0.29  0.59  0.88  1.47  2.99  4.48  5.72  7.58  9.42 10.25 10.18  8.46  7.32  4.23  1.55  0.47  0.31  0.09  0.04  0.03  0.03  0.03  0.03  0.03  0.03
 3 -15  0.03  0.09  0.14  0.29  0.58  0.87  1.46  2.98  4.37  5.30  7.17  9.45 10.44 10.29  8.36  7.12  4.13  1.52  0.46  0.31  0.10  0.03  0.02  0.02  0.02  0.03  0.03  0.02
 3 -10  0.03  0.08  0.14  0.28  0.56  0.85  1.43  2.91  4.11  5.08  6.77  9.10 10.28 10.44  8.25  6.98  4.12  1.49  0.47  0.31  0.12  0.03  0.02  0.02  0.02  0.03  0.02  0.02
 3  -5  0.03  0.08  0.14  0.28  0.56  0.84  1.42  2.90  4.15  5.10  6.92  8.97 10.21 10.38  8.08  6.81  4.02  1.47  0.46  0.32  0.06  0.03  0.02  0.02  0.02  0.02  0.02  0.02
 3   0  0.03  0.09  0.15  0.30  0.60  0.90  1.53  3.15  4.31  5.36  7.13  9.42 10.77 10.67  8.01  6.58  3.81  1.34  0.45  0.31  0.13  0.03  0.02  0.02  0.02  0.02  0.02  0.02
 3   5  0.03  0.09  0.15  0.29  0.59  0.89  1.50  3.07  4.43  5.34  7.26  9.18 10.25 10.44  8.00  6.70  3.96  1.44  0.50  0.33  0.06  0.03  0.02  0.02  0.02  0.03  0.03  0.03
 3  10  0.03  0.09  0.14  0.29  0.58  0.87  1.47  2.99  4.24  5.16  7.02  8.79  9.65  9.81  8.04  6.94  4.16  1.61  0.58  0.39  0.06  0.03  0.02  0.02  0.03  0.03  0.03  0.03
 3  15  0.03  0.09  0.14  0.29  0.58  0.88  1.47  3.00  4.47  5.43  7.25  8.70  9.24  9.37  7.71  6.65  4.15  1.69  0.64  0.45  0.07  0.03  0.03  0.03  0.03  0.03  0.04  0.04
 3  20  0.03  0.09  0.15  0.30  0.61  0.92  1.54  3.15  4.60  5.71  7.42  8.78  9.30  9.21  7.50  6.48  4.31  1.79  0.67  0.48  0.19  0.04  0.03  0.03  0.03  0.04  0.04  0.04
 3  25  0.03  0.09  0.15  0.31  0.62  0.93  1.56  3.17  4.77  5.82  7.45  8.68  8.96  8.65  7.29  6.48  4.50  2.23  0.89  0.68  0.30  0.07  0.05  0.04  0.04  0.04  0.04  0.04
 3  30  0.03  0.10  0.16  0.32  0.64  0.96  1.62  3.30  4.91  6.14  7.69  8.59  8.80  8.41  7.28  6.59  4.79  2.51  1.07  0.82  0.39  0.20  0.09  0.06  0.05  0.04  0.04  0.04
 3  35  0.03  0.10  0.16  0.33  0.66  1.00  1.67  3.41  5.18  6.44  8.11  8.68  8.69  8.22  7.29  6.64  4.91  2.87  1.36  1.06  0.57  0.31  0.22  0.09  0.06  0.05  0.04  0.04
 3  40  0.03  0.10  0.17  0.34  0.69  1.04  1.75  3.58  5.27  6.57  8.16  8.79  8.61  7.88  7.05  6.60  5.01  3.22  1.74  1.32  0.77  0.42  0.30  0.13  0.08  0.05  0.04  0.04
 3  45  0.03  0.10  0.17  0.34  0.69  1.04  1.75  3.59  5.40  6.78  8.43  8.75  8.28  7.70  6.99  6.45  5.30  3.54  1.93  1.57  0.99  0.55  0.39  0.24  0.10  0.05  0.05  0.04
 3  50  0.03  0.10  0.17  0.34  0.69  1.04  1.74  3.56  5.57  7.06  8.41  8.52  7.82  7.15  6.67  6.27  5.58  3.78  2.20  1.81  1.17  0.66  0.43  0.30  0.11  0.06  0.05  0.04
 3  55  0.04  0.11  0.18  0.36  0.71  1.08  1.81  3.69  5.67  7.05  8.22  8.21  7.55  6.92  6.51  6.21  5.58  3.95  2.44  2.02  1.36  0.75  0.48  0.33  0.12  0.06  0.05  0.04
 3  60  0.04  0.11  0.19  0.37  0.75  1.12  1.89  3.85  5.82  7.19  8.18  7.97  7.27  6.66  6.34  6.14  5.57  4.11  2.70  2.26  1.56  0.86  0.54  0.35  0.13  0.06  0.05  0.04
 3  65  0.04  0.11  0.19  0.38  0.77  1.16  1.94  3.96  5.84  7.13  7.96  7.68  7.03  6.49  6.14  5.92  5.37  4.12  2.85  2.42  1.76  0.95  0.60  0.37  0.13  0.06  0.05  0.04
 3  70  0.04  0.12  0.20  0.39  0.79  1.19  1.99  4.06  5.87  7.08  7.74  7.38  6.78  6.32  5.95  5.70  5.18  4.13  2.99  2.59  1.95  1.04  0.65  0.39  0.14  0.06  0.05  0.04
 3  75  0.04  0.12  0.20  0.39  0.79  1.19  2.00  4.07  5.77  6.88  7.50  7.24  6.80  6.45  5.89  5.51  5.10  4.14  3.05  2.65  2.01  1.09  0.64  0.38  0.19  0.06  0.05  0.04
 3  80  0.04  0.12  0.20  0.39  0.79  1.19  2.00  4.07  5.66  6.69  7.26  7.10  6.81  6.57  5.83  5.32  5.03  4.14  3.07  2.69  2.05  1.12  0.63  0.37  0.18  0.06  0.05  0.04
 3  85  0.04  0.12  0.20  0.39  0.79  1.19  2.00  4.06  5.64  6.65  7.21  7.07  6.78  6.55  5.82  5.31  5.02  4.13  3.07  2.69  2.05  1.12  0.63  0.37  0.18  0.06  0.05  0.04
 3  90  0.04  0.12  0.20  0.39  0.79  1.19  1.99  4.04  5.62  6.62  7.17  7.03  6.75  6.54  5.80  5.29  5.01  4.13  3.07  2.70  2.05  1.12  0.63  0.37  0.18  0.06  0.05  0.04
 4 -90  0.05  0.16  0.26  0.53  1.07  1.61  2.72  5.58  6.35  6.52  6.21  5.46  4.87  4.24  3.57  2.74  2.27  2.86  2.42  2.08  1.38  0.47  0.29  0.18  0.10  0.04  0.03  0.03
 4 -85  0.05  0.16  0.26  0.53  1.07  1.61  2.71  5.57  6.35  6.52  6.22  5.47  4.87  4.24  3.56  2.73  2.27  2.86  2.42  2.07  1.38  0.47  0.29  0.18  0.10  0.04  0.03  0.03
 4 -80  0.05  0.16  0.26  0.53  1.07  1.61  2.71  5.57  6.34  6.52  6.23  5.48  4.88  4.23  3.56  2.73  2.27  2.86  2.42  2.07  1.38  0.47  0.29  0.18  0.11  0.05  0.03  0.03
 4 -75  0.05  0.15  0.25  0.51  1.03  1.55  2.60  5.33  6.54  6.99  6.77  5.96  5.31  4.61  3.97  3.17  2.58  2.81  2.36  2.04  1.38  0.46  0.28  0.17  0.10  0.05  0.03  0.03
 4 -70  0.05  0.15  0.24  0.49  0.99  1.49  2.50  5.09  6.69  7.44  7.30  6.48  5.74  4.99  4.35  3.67  2.99  2.76  2.28  1.98  1.36  0.44  0.27  0.17  0.10  0.05  0.03  0.03
 4 -65  0.05  0.14  0.24  0.47  0.95  1.42  2.39  4.86  6.62  7.54  7.66  7.03  6.26  5.47  4.85  4.33  3.47  2.77  2.09  1.79  1.22  0.40  0.25  0.16  0.10  0.05  0.03  0.03
 4 -60  0.05  0.14  0.23  0.45  0.91  1.36  2.29  4.65  6.55  7.64  8.02  7.56  6.78  5.96  5.35  4.96  3.94  2.80  1.91  1.61  1.08  0.36  0.22  0.15  0.09  0.05  0.03  0.03
 4 -55  0.04  0.13  0.22  0.43  0.87  1.31  2.19  4.45  6.41  7.60  8.19  7.90  7.21  6.41  5.93  5.69  4.39  2.74  1.63  1.34  0.83  0.29  0.18  0.14  0.08  0.04  0.03  0.03
 4 -50  0.04  0.12  0.21  0.41  0.83  1.24  2.09  4.23  6.30  7.62  8.41  8.25  7.71  6.89  6.57  6.44  4.80  2.64  1.38  1.09  0.59  0.22  0.13  0.10  0.06  0.04  0.03  0.03
 4 -45  0.04  0.12  0.19  0.39  0.78  1.18  1.98  4.04  6.01  7.35  8.40  8.64  8.29  7.55  6.89  6.35  4.64  2.50  1.33  1.02  0.51  0.18  0.11  0.08  0.05  0.03  0.03  0.03
 4 -40  0.04  0.11  0.19  0.37  0.75  1.13  1.90  3.87  5.72  7.12  8.44  9.02  8.85  8.21  7.04  6.16  4.49  2.39  1.25  0.94  0.45  0.14  0.10  0.06  0.04  0.03  0.03  0.03
 4 -35  0.04  0.11  0.18  0.35  0.71  1.07  1.79  3.64  5.35  6.63  8.17  9.11  9.17  8.67  7.26  6.19  4.31  2.18  1.06  0.79  0.37  0.13  0.08  0.05  0.04  0.03  0.03  0.03
 4 -30  0.03  0.10  0.17  0.34  0.68  1.02  1.71  3.48  5.14  6.41  8.03  9.28  9.48  9.12  7.50  6.28  4.17  1.99  0.88  0.66  0.29  0.09  0.05  0.04  0.03  0.03  0.03  0.03
 4 -25  0.03  0.10  0.16  0.33  0.65  0.98  1.65  3.36  4.88  6.10  7.89  9.37  9.83  9.56  7.82  6.61  4.18  1.85  0.68  0.50  0.20  0.05  0.03  0.03  0.03  0.03  0.03  0.03
 4 -20  0.03  0.09  0.16  0.31  0.63  0.94  1.58  3.22  4.85  6.15  7.80  9.28 10.08 10.20  8.24  6.93  4.22  1.62  0.49  0.34  0.11  0.04  0.03  0.02  0.02  0.03  0.03  0.03
 4 -15  0.03  0.09  0.15  0.31  0.62  0.93  1.56  3.19  4.67  5.69  7.43  9.30 10.16 10.25  8.33  7.03  4.15  1.53  0.45  0.31  0.11  0.03  0.02  0.02  0.02  0.03  0.03  0.02
 4 -10  0.03  0.09  0.15  0.30  0.61  0.92  1.54  3.15  4.42  5.44  6.99  8.94 10.00 10.35  8.38  7.18  4.19  1.45  0.44  0.30  0.12  0.03  0.02  0.02  0.02  0.02  0.02  0.02
 4  -5  0.03  0.09  0.15  0.30  0.60  0.91  1.53  3.14  4.38  5.34  7.02  8.78  9.86 10.28  8.29  7.16  4.17  1.47  0.43  0.30  0.13  0.02  0.02  0.02  0.02  0.02  0.02  0.02
 4   0  0.03  0.09  0.15  0.31  0.62  0.93  1.58  3.25  4.44  5.46  7.14  9.15 10.34 10.55  8.28  7.04  4.05  1.37  0.42  0.29  0.13  0.02  0.02  0.02  0.02  0.02  0.02  0.02
 4   5  0.03  0.09  0.15  0.30  0.61  0.92  1.55  3.18  4.52  5.39  7.19  8.96 10.03 10.35  8.13  7.02  4.19  1.47  0.58  0.39  0.14  0.03  0.02  0.02  0.02  0.03  0.03  0.02
 4  10  0.03  0.09  0.15  0.30  0.59  0.89  1.50  3.06  4.24  5.10  6.93  8.65  9.57  9.73  8.06  7.13  4.40  1.64  0.77  0.52  0.17  0.03  0.02  0.02  0.02  0.03  0.03  0.03
 4  15  0.03  0.09  0.15  0.30  0.59  0.89  1.50  3.06  4.44  5.37  7.25  8.72  9.26  9.32  7.79  6.88  4.35  1.76  0.86  0.59  0.19  0.03  0.03  0.03  0.03  0.03  0.04  0.03
 4  20  0.03  0.09  0.15  0.31  0.62  0.93  1.56  3.18  4.57  5.61  7.39  8.89  9.38  9.16  7.66  6.76  4.42  1.87  0.91  0.63  0.21  0.05  0.03  0.03  0.03  0.04  0.04  0.04
 4  25  0.03  0.09  0.15  0.31  0.62  0.93  1.56  3.17  4.64  5.68  7.38  8.76  9.06  8.77  7.52  6.71  4.56  2.20  1.05  0.78  0.32  0.08  0.05  0.04  0.04  0.04  0.04  0.04
 4  30  0.03  0.09  0.15  0.31  0.62  0.94  1.57  3.20  4.74  5.89  7.57  8.67  8.95  8.67  7.53  6.78  4.77  2.41  1.17  0.88  0.41  0.16  0.09  0.06  0.05  0.04  0.04  0.04
 4  35  0.03  0.09  0.16  0.31  0.63  0.94  1.59  3.23  4.86  6.05  7.86  8.78  8.99  8.60  7.53  6.78  4.79  2.71  1.39  1.08  0.58  0.34  0.15  0.08  0.06  0.05  0.04  0.04
 4  40  0.03  0.09  0.16  0.32  0.64  0.96  1.62  3.32  4.80  5.99  7.69  8.87  9.05  8.44  7.34  6.69  4.79  2.97  1.68  1.29  0.77  0.44  0.30  0.12  0.07  0.05  0.04  0.04
 4  45  0.03  0.09  0.16  0.31  0.63  0.95  1.59  3.27  4.89  6.13  8.02  8.95  8.83  8.28  7.25  6.53  4.91  3.22  1.81  1.48  0.94  0.53  0.38  0.16  0.09  0.06  0.05  0.04
 4  50  0.03  0.09  0.15  0.31  0.61  0.92  1.55  3.18  4.90  6.27  7.98  8.78  8.44  7.81  6.95  6.32  5.02  3.40  2.02  1.67  1.06  0.61  0.42  0.30  0.11  0.06  0.05  0.05
 4  55  0.03  0.09  0.15  0.31  0.61  0.92  1.55  3.18  4.87  6.20  7.88  8.54  8.16  7.49  6.64  6.05  5.12  3.61  2.25  1.87  1.24  0.69  0.47  0.33  0.13  0.06  0.05  0.05
 4  60  0.03  0.09  0.16  0.31  0.63  0.95  1.59  3.25  4.97  6.32  7.91  8.36  7.87  7.14  6.32  5.77  5.22  3.83  2.50  2.10  1.43  0.79  0.55  0.36  0.14  0.07  0.05  0.05
 4  65  0.03  0.09  0.16  0.32  0.63  0.96  1.61  3.28  4.96  6.29  7.72  8.00  7.47  6.75  6.10  5.66  5.10  3.87  2.69  2.27  1.58  0.93  0.66  0.41  0.14  0.07  0.05  0.05
 4  70  0.03  0.10  0.16  0.32  0.64  0.96  1.62  3.30  4.94  6.25  7.52  7.64  7.07  6.35  5.88  5.55  4.97  3.90  2.89  2.45  1.73  1.07  0.76  0.46  0.24  0.07  0.05  0.05
 4  75  0.03  0.10  0.16  0.33  0.65  0.98  1.65  3.35  4.90  6.14  7.18  7.18  6.62  5.98  5.68  5.45  4.92  3.97  2.99  2.56  1.86  1.14  0.77  0.46  0.23  0.07  0.05  0.05
 4  80  0.03  0.10  0.17  0.33  0.66  1.00  1.68  3.40  4.86  6.03  6.84  6.71  6.16  5.61  5.47  5.36  4.88  4.03  3.07  2.65  1.96  1.19  0.78  0.45  0.22  0.07  0.05  0.05
 4  85  0.03  0.10  0.17  0.33  0.66  1.00  1.67  3.39  4.84  6.00  6.80  6.67  6.13  5.59  5.46  5.35  4.87  4.03  3.07  2.65  1.96  1.19  0.78  0.45  0.22  0.07  0.05  0.05
 4  90  0.03  0.10  0.17  0.33  0.66  1.00  1.67  3.38  4.81  5.97  6.75  6.63  6.10  5.57  5.44  5.33  4.86  4.02  3.07  2.65  1.96  1.19  0.78  0.45  0.22  0.07  0.05  0.04
 5 -90  0.06  0.17  0.29  0.58  1.17  1.77  3.00  6.20  6.85  7.04  6.32  4.90  4.08  3.39  3.10  2.80  3.01  2.97  2.32  1.96  1.31  0.47  0.25  0.15  0.08  0.04  0.03  0.03
 5 -85  0.06  0.17  0.29  0.58  1.17  1.77  3.00  6.19  6.84  7.04  6.34  4.91  4.08  3.38  3.10  2.79  3.01  2.98  2.32  1.95  1.31  0.47  0.25  0.15  0.08  0.04  0.03  0.03
 5 -80  0.06  0.17  0.29  0.58  1.17  1.77  2.99  6.19  6.83  7.04  6.35  4.92  4.09  3.38  3.09  2.79  3.01  2.98  2.31  1.95  1.31  0.47  0.25  0.15  0.08  0.04  0.03  0.03
 5 -75  0.06  0.17  0.28  0.57  1.14  1.73  2.91  6.01  6.89  7.27  6.80  5.57  4.81  4.10  3.65  3.15  3.06  2.84  2.15  1.82  1.24  0.44  0.23  0.14  0.08  0.04  0.03  0.03
 5 -70  0.05  0.16  0.27  0.55  1.11  1.67  2.81  5.78  6.92  7.45  7.22  6.22  5.54  4.84  4.24  3.59  3.13  2.68  1.97  1.67  1.14  0.41  0.22  0.14  0.08  0.04  0.03  0.03
 5 -65  0.05  0.16  0.28  0.55  1.11  1.67  2.81  5.75  7.13  7.76  7.50  6.58  5.91  5.21  4.84  4.36  3.69  2.78  1.90  1.58  1.03  0.39  0.21  0.14  0.08  0.04  0.03  0.03
 5 -60  0.06  0.17  0.28  0.55  1.11  1.67  2.81  5.72  7.35  8.09  7.80  6.95  6.28  5.57  5.30  5.08  4.33  2.92  1.84  1.50  0.92  0.38  0.21  0.14  0.08  0.04  0.03  0.03
 5 -55  0.05  0.16  0.26  0.53  1.06  1.60  2.69  5.47  7.29  8.23  8.08  7.39  6.65  5.92  5.63  5.56  4.62  2.77  1.65  1.33  0.76  0.35  0.20  0.15  0.07  0.04  0.03  0.03
 5 -50  0.05  0.15  0.25  0.51  1.02  1.54  2.58  5.26  7.33  8.51  8.45  7.81  7.12  6.32  6.04  6.06  4.86  2.56  1.48  1.15  0.61  0.34  0.18  0.10  0.06  0.04  0.03  0.03
 5 -45  0.05  0.14  0.23  0.47  0.94  1.42  2.39  4.87  7.00  8.26  8.63  8.30  7.79  7.05  6.53  6.14  4.74  2.48  1.41  1.07  0.50  0.29  0.15  0.08  0.05  0.03  0.03  0.03
 5 -40  0.04  0.13  0.21  0.43  0.86  1.30  2.18  4.45  6.53  7.92  8.72  8.72  8.31  7.66  6.74  6.12  4.67  2.41  1.30  0.96  0.43  0.24  0.12  0.07  0.04  0.03  0.03  0.03
 5 -35  0.04  0.12  0.20  0.39  0.79  1.19  2.00  4.07  5.99  7.31  8.44  8.85  8.71  8.13  7.20  6.50  4.56  2.19  1.07  0.79  0.34  0.19  0.09  0.05  0.04  0.03  0.03  0.03
 5 -30  0.04  0.11  0.18  0.36  0.73  1.10  1.85  3.77  5.62  6.95  8.26  9.02  9.02  8.58  7.63  6.92  4.52  2.01  0.86  0.62  0.23  0.10  0.06  0.04  0.03  0.03  0.03  0.03
 5 -25  0.03  0.10  0.17  0.35  0.70  1.05  1.77  3.61  5.28  6.52  8.05  9.10  9.43  9.11  7.81  6.93  4.42  1.93  0.70  0.51  0.18  0.06  0.04  0.03  0.03  0.03  0.03  0.03
 5 -20  0.03  0.10  0.17  0.33  0.67  1.01  1.70  3.47  5.21  6.53  7.98  9.02  9.67  9.85  8.07  6.93  4.32  1.77  0.55  0.39  0.12  0.04  0.03  0.02  0.02  0.03  0.03  0.03
 5 -15  0.03  0.10  0.16  0.32  0.65  0.98  1.66  3.39  4.98  6.14  7.77  9.16  9.75  9.96  8.28  7.09  4.26  1.63  0.46  0.33  0.11  0.03  0.02  0.02  0.02  0.03  0.03  0.03
 5 -10  0.03  0.10  0.16  0.32  0.65  0.98  1.65  3.38  4.78  5.90  7.39  8.92  9.70 10.04  8.40  7.30  4.34  1.53  0.41  0.29  0.11  0.03  0.02  0.02  0.02  0.02  0.03  0.02
 5  -5  0.03  0.10  0.16  0.32  0.64  0.97  1.64  3.38  4.69  5.71  7.36  8.83  9.53  9.95  8.22  7.08  4.14  1.38  0.36  0.26  0.11  0.02  0.02  0.02  0.02  0.02  0.02  0.02
 5   0  0.03  0.09  0.16  0.32  0.64  0.96  1.62  3.34  4.64  5.67  7.36  9.07  9.84 10.13  8.08  6.76  3.87  1.15  0.32  0.22  0.11  0.02  0.02  0.02  0.02  0.02  0.02  0.02
 5   5  0.03  0.09  0.16  0.31  0.63  0.95  1.60  3.29  4.66  5.57  7.31  8.94  9.82 10.10  8.07  6.97  4.19  1.40  0.47  0.33  0.16  0.03  0.02  0.02  0.02  0.02  0.02  0.02
 5  10  0.03  0.09  0.15  0.30  0.61  0.92  1.54  3.15  4.30  5.18  6.99  8.67  9.57  9.70  8.12  7.31  4.59  1.69  0.67  0.48  0.22  0.03  0.02  0.02  0.02  0.03  0.03  0.03
 5  15  0.03  0.09  0.15  0.30  0.61  0.91  1.54  3.13  4.41  5.39  7.28  8.82  9.40  9.40  7.96  7.15  4.49  1.85  0.76  0.56  0.25  0.03  0.03  0.03  0.03  0.03  0.04  0.03
 5  20  0.03  0.09  0.15  0.31  0.62  0.94  1.57  3.22  4.54  5.56  7.32  8.98  9.54  9.23  7.91  7.12  4.45  1.97  0.82  0.60  0.28  0.05  0.04  0.03  0.04  0.04  0.04  0.04
 5  25  0.03  0.09  0.15  0.31  0.61  0.93  1.55  3.17  4.50  5.53  7.27  8.80  9.17  8.94  7.77  6.94  4.62  2.21  0.97  0.74  0.36  0.09  0.05  0.04  0.04  0.04  0.04  0.04
 5  30  0.03  0.09  0.15  0.30  0.60  0.91  1.53  3.11  4.55  5.59  7.35  8.63  9.03  8.87  7.71  6.87  4.86  2.39  1.12  0.87  0.44  0.15  0.08  0.05  0.05  0.04  0.04  0.04
 5  35  0.03  0.09  0.15  0.30  0.61  0.91  1.53  3.12  4.58  5.68  7.52  8.67  9.05  8.80  7.65  6.83  4.86  2.64  1.30  1.02  0.57  0.32  0.12  0.07  0.06  0.05  0.04  0.04
 5  40  0.03  0.09  0.15  0.30  0.61  0.92  1.54  3.16  4.44  5.52  7.16  8.63  9.09  8.72  7.48  6.72  4.87  2.86  1.51  1.19  0.72  0.41  0.19  0.10  0.07  0.05  0.05  0.04
 5  45  0.03  0.09  0.15  0.29  0.59  0.89  1.50  3.07  4.48  5.56  7.40  8.67  8.89  8.48  7.33  6.57  4.87  3.01  1.64  1.36  0.89  0.49  0.34  0.14  0.08  0.06  0.05  0.04
 5  50  0.03  0.08  0.14  0.28  0.56  0.85  1.43  2.92  4.37  5.51  7.27  8.45  8.52  8.07  7.06  6.35  4.84  3.12  1.85  1.55  1.01  0.58  0.40  0.18  0.10  0.06  0.05  0.05
 5  55  0.03  0.08  0.14  0.27  0.55  0.83  1.39  2.84  4.22  5.31  7.08  8.20  8.23  7.69  6.70  6.03  4.81  3.25  2.02  1.70  1.12  0.64  0.46  0.31  0.12  0.06  0.05  0.05
 5  60  0.03  0.08  0.14  0.27  0.55  0.83  1.40  2.85  4.24  5.33  7.04  8.03  7.95  7.29  6.36  5.73  4.78  3.39  2.22  1.86  1.24  0.71  0.53  0.35  0.13  0.07  0.05  0.05
 5  65  0.03  0.08  0.13  0.27  0.54  0.81  1.36  2.78  4.13  5.20  6.84  7.67  7.49  6.78  5.86  5.24  4.42  3.38  2.39  2.03  1.40  0.83  0.62  0.41  0.14  0.07  0.05  0.05
 5  70  0.03  0.08  0.13  0.26  0.53  0.79  1.33  2.72  4.03  5.06  6.64  7.31  7.02  6.26  5.36  4.74  4.05  3.37  2.56  2.20  1.57  0.94  0.71  0.47  0.29  0.07  0.05  0.05
 5  75  0.03  0.08  0.13  0.26  0.53  0.79  1.33  2.70  4.04  5.10  6.62  7.04  6.61  5.80  5.14  4.68  4.13  3.44  2.61  2.25  1.62  0.97  0.72  0.47  0.29  0.07  0.06  0.05
 5  80  0.03  0.08  0.13  0.26  0.53  0.79  1.33  2.69  4.06  5.13  6.59  6.77  6.19  5.34  4.92  4.62  4.24  3.51  2.64  2.28  1.65  0.99  0.71  0.46  0.28  0.08  0.06  0.05
 5  85  0.03  0.08  0.13  0.26  0.53  0.79  1.32  2.68  4.03  5.09  6.55  6.73  6.16  5.32  4.90  4.60  4.23  3.50  2.64  2.28  1.65  0.99  0.71  0.46  0.28  0.08  0.06  0.05
 5  90  0.03  0.08  0.13  0.26  0.52  0.79  1.32  2.67  4.01  5.06  6.50  6.69  6.12  5.30  4.89  4.59  4.22  3.50  2.64  2.28  1.65  0.99  0.71  0.46  0.28  0.08  0.06  0.05
 6 -90  0.06  0.18  0.30  0.59  1.19  1.81  3.06  6.34  7.09  7.42  6.67  5.02  4.29  3.90  3.43  3.14  3.02  2.92  2.17  1.88  1.35  0.48  0.21  0.12  0.06  0.03  0.03  0.03
 6 -85  0.06  0.18  0.30  0.59  1.19  1.80  3.05  6.33  7.09  7.42  6.68  5.03  4.30  3.89  3.42  3.14  3.02  2.92  2.16  1.88  1.35  0.48  0.21  0.12  0.06  0.03  0.03  0.03
 6 -80  0.06  0.18  0.30  0.59  1.19  1.80  3.05  6.33  7.08  7.42  6.69  5.04  4.30  3.89  3.42  3.14  3.02  2.92  2.16  1.87  1.35  0.48  0.21  0.13  0.07  0.04  0.03  0.03
 6 -75  0.06  0.18  0.29  0.59  1.19  1.80  3.03  6.28  7.09  7.50  7.04  5.58  4.87  4.32  3.78  3.35  3.12  2.90  2.11  1.83  1.35  0.48  0.21  0.13  0.07  0.04  0.03  0.03
 6 -70  0.06  0.17  0.29  0.58  1.17  1.77  2.99  6.17  7.09  7.57  7.36  6.14  5.45  4.78  4.21  3.64  3.24  2.86  2.05  1.76  1.31  0.47  0.20  0.13  0.07  0.04  0.03  0.03
 6 -65  0.06  0.17  0.29  0.57  1.16  1.74  2.94  6.04  7.15  7.73  7.46  6.36  5.68  4.98  4.68  4.28  3.70  2.90  2.00  1.69  1.19  0.46  0.23  0.13  0.07  0.04  0.03  0.03
 6 -60  0.06  0.17  0.28  0.56  1.14  1.71  2.88  5.90  7.19  7.84  7.52  6.57  5.90  5.19  5.10  4.88  4.19  2.98  1.96  1.62  1.09  0.45  0.26  0.13  0.07  0.04  0.03  0.03
 6 -55  0.05  0.16  0.27  0.55  1.11  1.66  2.80  5.70  7.32  8.11  7.77  6.92  6.19  5.49  5.40  5.41  4.51  2.90  1.75  1.43  0.91  0.39  0.27  0.12  0.06  0.04  0.03  0.03
 6 -50  0.05  0.16  0.27  0.55  1.10  1.65  2.78  5.65  7.56  8.61  8.13  7.32  6.60  5.86  5.76  5.95  4.78  2.70  1.53  1.24  0.74  0.35  0.27  0.11  0.06  0.03  0.03  0.03
 6 -45  0.05  0.15  0.25  0.50  1.01  1.51  2.55  5.21  7.31  8.51  8.55  7.99  7.44  6.72  6.27  5.98  4.71  2.60  1.46  1.16  0.65  0.31  0.24  0.09  0.05  0.03  0.03  0.03
 6 -40  0.04  0.13  0.22  0.45  0.90  1.35  2.28  4.65  6.81  8.17  8.77  8.49  7.98  7.34  6.45  5.93  4.69  2.52  1.35  1.06  0.59  0.27  0.20  0.08  0.05  0.03  0.03  0.03
 6 -35  0.04  0.12  0.20  0.41  0.82  1.23  2.07  4.22  6.19  7.49  8.45  8.65  8.46  7.85  6.93  6.30  4.73  2.29  1.12  0.87  0.47  0.22  0.12  0.07  0.04  0.03  0.03  0.03
 6 -30  0.04  0.11  0.18  0.37  0.74  1.12  1.87  3.82  5.71  7.03  8.23  8.82  8.77  8.31  7.35  6.68  4.84  2.14  0.88  0.68  0.32  0.15  0.07  0.05  0.04  0.03  0.03  0.03
 6 -25  0.04  0.11  0.18  0.36  0.72  1.08  1.82  3.72  5.45  6.68  8.04  8.86  9.13  8.76  7.58  6.82  4.66  1.98  0.70  0.53  0.23  0.06  0.04  0.03  0.03  0.03  0.03  0.03
 6 -20  0.03  0.10  0.17  0.35  0.70  1.06  1.78  3.65  5.46  6.75  8.06  8.79  9.28  9.43  7.89  6.95  4.47  1.76  0.54  0.39  0.13  0.04  0.03  0.03  0.03  0.03  0.03  0.03
 6 -15  0.03  0.10  0.17  0.34  0.68  1.03  1.73  3.55  5.22  6.51  8.05  9.04  9.39  9.61  8.07  6.91  4.22  1.63  0.49  0.36  0.13  0.03  0.03  0.02  0.02  0.03  0.03  0.03
 6 -10  0.03  0.10  0.17  0.34  0.68  1.02  1.73  3.55  5.10  6.33  7.80  8.95  9.43  9.61  8.08  6.91  4.12  1.55  0.47  0.34  0.13  0.03  0.02  0.02  0.02  0.03  0.03  0.03
 6  -5  0.03  0.10  0.17  0.34  0.68  1.02  1.73  3.56  4.97  6.06  7.72  8.97  9.26  9.52  8.22  7.15  4.25  1.53  0.43  0.32  0.13  0.03  0.02  0.02  0.02  0.02  0.03  0.02
 6   0  0.03  0.10  0.16  0.32  0.65  0.98  1.65  3.39  4.79  5.82  7.55  9.03  9.33  9.57  8.32  7.30  4.34  1.45  0.39  0.29  0.14  0.03  0.02  0.02  0.02  0.02  0.02  0.02
 6   5  0.03  0.10  0.16  0.32  0.65  0.98  1.65  3.39  4.79  5.77  7.46  9.01  9.61  9.72  8.23  7.31  4.50  1.58  0.48  0.35  0.18  0.03  0.02  0.02  0.02  0.03  0.02  0.02
 6  10  0.03  0.09  0.16  0.31  0.63  0.94  1.58  3.23  4.44  5.39  7.16  8.78  9.58  9.64  8.19  7.44  4.74  1.73  0.63  0.46  0.22  0.03  0.02  0.02  0.02  0.03  0.03  0.02
 6  15  0.03  0.09  0.16  0.31  0.63  0.94  1.59  3.24  4.49  5.54  7.39  8.96  9.54  9.47  7.98  7.16  4.67  1.87  0.71  0.54  0.25  0.04  0.03  0.03  0.03  0.03  0.03  0.03
 6  20  0.03  0.10  0.16  0.32  0.64  0.97  1.62  3.32  4.63  5.67  7.40  9.07  9.65  9.29  7.85  6.99  4.59  1.97  0.77  0.56  0.27  0.05  0.03  0.03  0.03  0.04  0.04  0.03
 6  25  0.03  0.09  0.16  0.31  0.63  0.94  1.59  3.23  4.51  5.55  7.34  8.86  9.25  9.06  7.89  7.02  4.69  2.11  0.84  0.63  0.31  0.08  0.05  0.04  0.04  0.04  0.04  0.03
 6  30  0.03  0.09  0.15  0.30  0.61  0.92  1.54  3.14  4.51  5.49  7.29  8.63  9.07  8.95  7.93  7.14  4.83  2.25  0.92  0.72  0.35  0.12  0.06  0.05  0.04  0.04  0.04  0.04
 6  35  0.03  0.09  0.15  0.30  0.61  0.91  1.53  3.12  4.50  5.54  7.35  8.59  9.00  8.83  7.73  6.92  4.77  2.53  1.15  0.89  0.47  0.18  0.09  0.06  0.05  0.05  0.04  0.04
 6  40  0.03  0.09  0.15  0.30  0.60  0.91  1.52  3.11  4.31  5.32  6.94  8.44  8.96  8.73  7.48  6.67  4.77  2.78  1.39  1.10  0.60  0.33  0.14  0.08  0.06  0.05  0.05  0.04
 6  45  0.03  0.09  0.14  0.29  0.58  0.87  1.47  3.01  4.32  5.33  7.05  8.34  8.69  8.36  7.22  6.47  4.78  2.88  1.52  1.26  0.80  0.41  0.28  0.11  0.07  0.05  0.05  0.04
 6  50  0.03  0.08  0.13  0.27  0.54  0.82  1.37  2.81  4.16  5.19  6.84  8.06  8.32  7.95  6.95  6.24  4.76  2.96  1.71  1.43  0.93  0.51  0.35  0.15  0.09  0.06  0.05  0.04
 6  55  0.03  0.08  0.13  0.26  0.52  0.78  1.32  2.69  3.92  4.88  6.52  7.70  7.93  7.50  6.54  5.89  4.56  3.00  1.82  1.54  1.01  0.56  0.40  0.18  0.10  0.06  0.05  0.05
 6  60  0.03  0.08  0.13  0.26  0.51  0.78  1.30  2.66  3.86  4.80  6.38  7.46  7.60  7.05  6.18  5.60  4.34  3.06  1.97  1.66  1.09  0.61  0.46  0.30  0.11  0.07  0.05  0.05
 6  65  0.02  0.07  0.12  0.25  0.50  0.75  1.26  2.56  3.72  4.64  6.21  7.17  7.19  6.55  5.65  5.03  3.97  2.99  2.09  1.78  1.22  0.68  0.54  0.34  0.12  0.07  0.05  0.05
 6  70  0.02  0.07  0.12  0.24  0.48  0.72  1.21  2.46  3.59  4.48  6.03  6.87  6.78  6.05  5.12  4.47  3.59  2.92  2.22  1.91  1.34  0.76  0.61  0.39  0.13  0.07  0.05  0.05
 6  75  0.02  0.07  0.11  0.23  0.46  0.69  1.16  2.37  3.51  4.40  6.02  6.73  6.50  5.69  4.86  4.29  3.59  2.94  2.28  1.97  1.41  0.79  0.64  0.41  0.15  0.07  0.06  0.05
 6  80  0.02  0.07  0.11  0.22  0.44  0.67  1.12  2.27  3.42  4.33  6.00  6.59  6.22  5.33  4.61  4.10  3.62  2.96  2.32  2.02  1.46  0.81  0.65  0.42  0.25  0.08  0.06  0.05
 6  85  0.02  0.07  0.11  0.22  0.44  0.67  1.12  2.26  3.40  4.30  5.96  6.55  6.19  5.31  4.59  4.08  3.61  2.96  2.31  2.02  1.46  0.81  0.65  0.42  0.25  0.08  0.06  0.04
 6  90  0.02  0.07  0.11  0.22  0.44  0.67  1.11  2.25  3.38  4.26  5.91  6.51  6.15  5.29  4.58  4.07  3.60  2.96  2.31  2.02  1.46  0.81  0.65  0.42  0.25  0.08  0.06  0.04
 7 -90  0.05  0.16  0.27  0.53  1.08  1.63  2.76  5.76  6.60  7.02  6.51  5.20  4.50  4.19  3.57  3.26  3.18  2.77  2.14  1.84  1.26  0.50  0.26  0.12  0.06  0.03  0.03  0.03
 7 -85  0.05  0.16  0.27  0.53  1.08  1.63  2.76  5.75  6.59  7.02  6.52  5.21  4.50  4.18  3.56  3.26  3.18  2.78  2.14  1.84  1.26  0.50  0.27  0.12  0.06  0.03  0.03  0.03
 7 -80  0.05  0.16  0.27  0.53  1.08  1.63  2.76  5.75  6.58  7.02  6.53  5.22  4.51  4.18  3.56  3.25  3.18  2.78  2.13  1.84  1.26  0.50  0.27  0.12  0.06  0.03  0.03  0.03
 7 -75  0.05  0.15  0.25  0.50  1.01  1.52  2.58  5.36  6.32  6.85  6.75  5.68  5.10  4.67  3.87  3.36  3.06  2.75  2.11  1.83  1.29  0.51  0.27  0.11  0.06  0.03  0.03  0.03
 7 -70  0.05  0.14  0.23  0.46  0.92  1.40  2.36  4.90  6.03  6.66  6.90  6.17  5.71  5.12  4.24  3.53  2.99  2.72  2.07  1.80  1.30  0.50  0.28  0.12  0.06  0.03  0.03  0.03
 7 -65  0.05  0.14  0.23  0.47  0.94  1.42  2.40  4.94  6.29  7.01  7.19  6.35  5.76  5.05  4.69  4.26  3.65  2.81  2.00  1.71  1.23  0.49  0.25  0.12  0.06  0.04  0.03  0.03
 7 -60  0.05  0.14  0.24  0.47  0.95  1.43  2.41  4.94  6.51  7.30  7.42  6.54  5.82  5.02  5.09  4.96  4.30  2.95  1.94  1.65  1.17  0.46  0.28  0.13  0.07  0.04  0.03  0.03
 7 -55  0.05  0.14  0.23  0.46  0.92  1.38  2.32  4.71  6.54  7.47  7.65  6.97  6.14  5.35  5.47  5.57  4.63  2.93  1.78  1.48  0.97  0.39  0.27  0.13  0.07  0.04  0.03  0.03
 7 -50  0.05  0.14  0.23  0.46  0.92  1.38  2.31  4.69  6.68  7.88  8.00  7.41  6.59  5.72  5.83  6.18  4.91  2.80  1.60  1.29  0.78  0.33  0.26  0.13  0.07  0.04  0.03  0.03
 7 -45  0.04  0.13  0.22  0.44  0.89  1.33  2.24  4.57  6.68  7.93  8.44  8.07  7.52  6.73  6.38  6.22  4.91  2.80  1.56  1.25  0.69  0.30  0.23  0.12  0.06  0.03  0.03  0.03
 7 -40  0.04  0.12  0.21  0.42  0.84  1.26  2.11  4.31  6.35  7.73  8.58  8.49  8.01  7.40  6.59  6.20  4.96  2.81  1.53  1.20  0.64  0.26  0.20  0.11  0.06  0.03  0.03  0.03
 7 -35  0.04  0.12  0.19  0.39  0.78  1.18  1.98  4.04  5.94  7.24  8.32  8.61  8.45  7.86  6.90  6.28  4.85  2.56  1.32  1.02  0.52  0.22  0.16  0.09  0.05  0.03  0.03  0.03
 7 -30  0.04  0.11  0.18  0.37  0.73  1.11  1.86  3.78  5.64  6.94  8.16  8.75  8.71  8.24  7.08  6.33  4.81  2.42  1.09  0.84  0.38  0.16  0.08  0.05  0.04  0.03  0.03  0.03
 7 -25  0.04  0.11  0.18  0.36  0.73  1.10  1.84  3.76  5.54  6.76  8.07  8.77  8.99  8.57  7.34  6.58  4.67  2.15  0.87  0.65  0.27  0.06  0.04  0.03  0.03  0.03  0.03  0.03
 7 -20  0.04  0.11  0.18  0.36  0.72  1.09  1.83  3.76  5.63  6.90  8.20  8.77  9.10  9.13  7.68  6.83  4.49  1.88  0.64  0.47  0.16  0.04  0.03  0.03  0.03  0.03  0.03  0.03
 7 -15  0.03  0.10  0.17  0.34  0.69  1.05  1.76  3.62  5.37  6.76  8.31  9.09  9.31  9.45  8.05  6.95  4.15  1.67  0.56  0.41  0.16  0.03  0.03  0.02  0.02  0.03  0.03  0.03
 7 -10  0.03  0.10  0.17  0.34  0.69  1.04  1.75  3.59  5.26  6.57  8.13  9.15  9.42  9.43  8.20  7.11  3.96  1.50  0.50  0.38  0.15  0.03  0.02  0.02  0.02  0.03  0.03  0.03
 7  -5  0.03  0.10  0.17  0.34  0.68  1.03  1.74  3.60  5.08  6.22  7.99  9.22  9.26  9.33  8.24  7.09  4.15  1.53  0.49  0.37  0.16  0.03  0.02  0.02  0.02  0.02  0.03  0.02
 7   0  0.03  0.10  0.16  0.32  0.64  0.96  1.62  3.34  4.77  5.78  7.61  9.06  9.09  9.22  8.16  7.02  4.32  1.53  0.48  0.36  0.17  0.03  0.02  0.02  0.02  0.02  0.03  0.02
 7   5  0.03  0.10  0.16  0.33  0.65  0.99  1.66  3.41  4.82  5.86  7.58  9.20  9.59  9.53  8.24  7.23  4.52  1.70  0.57  0.42  0.20  0.03  0.02  0.02  0.02  0.02  0.02  0.02
 7  10  0.03  0.09  0.16  0.32  0.63  0.96  1.60  3.27  4.57  5.58  7.36  9.02  9.76  9.73  8.33  7.53  4.80  1.87  0.72  0.53  0.23  0.03  0.02  0.02  0.02  0.03  0.03  0.02
 7  15  0.03  0.10  0.16  0.32  0.64  0.97  1.63  3.32  4.61  5.74  7.56  9.20  9.79  9.68  8.18  7.36  4.84  1.97  0.78  0.58  0.24  0.03  0.03  0.03  0.03  0.03  0.03  0.03
 7  20  0.03  0.10  0.16  0.33  0.66  1.00  1.67  3.42  4.82  5.91  7.63  9.21  9.81  9.42  8.05  7.25  4.80  2.04  0.82  0.59  0.25  0.04  0.03  0.03  0.03  0.04  0.03  0.03
 7  25  0.03  0.10  0.16  0.32  0.65  0.97  1.63  3.32  4.64  5.75  7.60  9.03  9.40  9.20  7.93  7.01  4.71  2.16  0.89  0.64  0.27  0.07  0.04  0.04  0.04  0.04  0.04  0.03
 7  30  0.03  0.09  0.16  0.31  0.63  0.95  1.60  3.25  4.64  5.63  7.46  8.76  9.18  9.02  7.79  6.83  4.65  2.32  0.97  0.73  0.30  0.09  0.05  0.04  0.04  0.04  0.04  0.04
 7  35  0.03  0.09  0.16  0.31  0.63  0.94  1.58  3.22  4.62  5.65  7.45  8.67  9.02  8.83  7.64  6.71  4.60  2.48  1.12  0.86  0.39  0.12  0.06  0.05  0.05  0.05  0.04  0.04
 7  40  0.03  0.09  0.15  0.31  0.61  0.93  1.56  3.17  4.41  5.45  7.09  8.44  8.89  8.67  7.44  6.61  4.63  2.66  1.29  1.02  0.52  0.17  0.09  0.06  0.05  0.05  0.04  0.04
 7  45  0.03  0.09  0.15  0.30  0.59  0.90  1.51  3.08  4.39  5.41  7.05  8.19  8.50  8.18  7.08  6.35  4.64  2.73  1.41  1.16  0.72  0.33  0.14  0.09  0.07  0.05  0.05  0.04
 7  50  0.03  0.08  0.14  0.28  0.56  0.84  1.41  2.88  4.22  5.24  6.80  7.88  8.11  7.75  6.79  6.09  4.62  2.81  1.56  1.31  0.85  0.43  0.30  0.12  0.08  0.06  0.05  0.04
 7  55  0.03  0.08  0.13  0.26  0.53  0.79  1.33  2.71  3.93  4.87  6.41  7.46  7.66  7.23  6.28  5.62  4.39  2.79  1.66  1.41  0.94  0.50  0.36  0.15  0.09  0.06  0.05  0.04
 7  60  0.03  0.08  0.13  0.26  0.51  0.77  1.30  2.65  3.83  4.74  6.24  7.20  7.32  6.77  5.85  5.22  4.14  2.77  1.77  1.52  1.03  0.55  0.42  0.17  0.10  0.06  0.05  0.04
 7  65  0.02  0.07  0.12  0.25  0.49  0.74  1.25  2.54  3.67  4.55  6.03  6.86  6.87  6.23  5.27  4.60  3.68  2.67  1.86  1.60  1.12  0.60  0.46  0.29  0.11  0.06  0.05  0.04
 7  70  0.02  0.07  0.12  0.24  0.47  0.71  1.19  2.42  3.51  4.36  5.81  6.52  6.41  5.68  4.68  3.98  3.21  2.56  1.94  1.69  1.21  0.64  0.51  0.33  0.12  0.07  0.05  0.04
 7  75  0.02  0.07  0.11  0.22  0.45  0.68  1.14  2.31  3.41  4.27  5.77  6.33  6.08  5.28  4.40  3.79  3.15  2.56  2.00  1.74  1.24  0.65  0.53  0.34  0.13  0.07  0.05  0.04
 7  80  0.02  0.06  0.11  0.21  0.43  0.65  1.08  2.19  3.30  4.18  5.72  6.14  5.75  4.88  4.13  3.59  3.11  2.59  2.05  1.79  1.27  0.65  0.55  0.35  0.14  0.07  0.05  0.04
 7  85  0.02  0.06  0.11  0.21  0.43  0.64  1.08  2.18  3.28  4.15  5.67  6.10  5.72  4.87  4.11  3.58  3.10  2.59  2.05  1.79  1.27  0.65  0.55  0.35  0.15  0.07  0.05  0.04
 7  90  0.02  0.06  0.11  0.21  0.43  0.64  1.08  2.17  3.26  4.12  5.63  6.07  5.69  4.85  4.10  3.56  3.09  2.59  2.05  1.80  1.27  0.65  0.55  0.35  0.15  0.07  0.05  0.04
 8 -90  0.04  0.12  0.21  0.42  0.84  1.27  2.15  4.47  5.69  6.28  6.68  6.14  5.65  5.05  3.88  3.08  3.26  3.08  2.36  1.99  1.33  0.52  0.28  0.12  0.06  0.03  0.03  0.03
 8 -85  0.04  0.12  0.21  0.42  0.84  1.27  2.15  4.46  5.68  6.28  6.69  6.14  5.66  5.05  3.87  3.07  3.26  3.08  2.36  1.99  1.33  0.52  0.28  0.12  0.06  0.03  0.03  0.03
 8 -80  0.04  0.12  0.21  0.42  0.84  1.27  2.14  4.46  5.67  6.28  6.70  6.15  5.66  5.04  3.87  3.07  3.26  3.09  2.36  1.98  1.33  0.52  0.29  0.12  0.06  0.03  0.03  0.03
 8 -75  0.04  0.12  0.21  0.42  0.84  1.27  2.14  4.43  5.73  6.37  6.81  6.13  5.63  5.04  4.07  3.34  3.38  3.13  2.39  2.02  1.40  0.54  0.30  0.12  0.06  0.04  0.03  0.03
 8 -70  0.04  0.12  0.21  0.41  0.83  1.25  2.10  4.32  5.74  6.43  6.90  6.17  5.62  5.00  4.31  3.66  3.45  3.12  2.37  2.02  1.43  0.56  0.31  0.13  0.07  0.04  0.03  0.03
 8 -65  0.04  0.12  0.20  0.40  0.80  1.20  2.02  4.12  5.73  6.53  7.16  6.59  5.91  5.16  4.83  4.41  3.92  3.14  2.20  1.86  1.29  0.52  0.33  0.13  0.07  0.04  0.03  0.03
 8 -60  0.04  0.12  0.19  0.39  0.78  1.17  1.96  3.98  5.70  6.64  7.39  7.00  6.21  5.37  5.33  5.15  4.38  3.20  2.03  1.70  1.14  0.48  0.30  0.14  0.07  0.04  0.03  0.03
 8 -55  0.04  0.11  0.19  0.38  0.77  1.15  1.93  3.89  5.70  6.85  7.66  7.52  6.70  5.84  5.61  5.59  4.71  3.24  1.87  1.55  1.00  0.41  0.29  0.15  0.07  0.04  0.03  0.03
 8 -50  0.04  0.12  0.19  0.39  0.78  1.17  1.95  3.94  5.91  7.17  8.05  7.99  7.25  6.26  5.94  6.04  5.08  3.22  1.72  1.41  0.87  0.36  0.28  0.15  0.07  0.04  0.03  0.03
 8 -45  0.04  0.12  0.20  0.39  0.79  1.19  1.99  4.04  6.07  7.32  8.42  8.47  7.99  7.17  6.47  6.13  5.08  3.14  1.66  1.37  0.81  0.34  0.26  0.14  0.07  0.04  0.03  0.03
 8 -40  0.04  0.12  0.19  0.39  0.78  1.18  1.98  4.02  5.88  7.31  8.47  8.70  8.28  7.65  6.67  6.16  5.10  3.08  1.66  1.34  0.78  0.31  0.24  0.13  0.07  0.04  0.03  0.03
 8 -35  0.04  0.11  0.19  0.37  0.75  1.13  1.90  3.86  5.68  6.97  8.30  8.77  8.61  7.99  6.92  6.26  4.94  2.79  1.42  1.13  0.63  0.26  0.19  0.10  0.06  0.04  0.03  0.03
 8 -30  0.04  0.11  0.18  0.36  0.72  1.08  1.81  3.68  5.51  6.81  8.22  8.89  8.81  8.21  7.04  6.32  4.83  2.60  1.17  0.91  0.45  0.19  0.08  0.06  0.05  0.04  0.03  0.03
 8 -25  0.04  0.11  0.18  0.36  0.72  1.08  1.81  3.69  5.49  6.73  8.17  8.94  9.10  8.55  7.28  6.53  4.70  2.26  0.90  0.68  0.31  0.06  0.04  0.04  0.03  0.03  0.03  0.03
 8 -20  0.04  0.11  0.18  0.35  0.71  1.07  1.80  3.69  5.57  6.80  8.28  9.04  9.30  9.11  7.62  6.75  4.54  1.97  0.63  0.45  0.16  0.04  0.03  0.03  0.03  0.03  0.03  0.03
 8 -15  0.03  0.10  0.17  0.34  0.68  1.02  1.72  3.52  5.28  6.69  8.35  9.31  9.59  9.60  8.10  6.93  4.17  1.73  0.57  0.41  0.14  0.04  0.03  0.03  0.03  0.03  0.03  0.03
 8 -10  0.03  0.10  0.16  0.33  0.66  1.00  1.69  3.46  5.11  6.42  8.13  9.39  9.69  9.57  8.31  7.14  3.95  1.53  0.53  0.38  0.12  0.03  0.02  0.02  0.02  0.03  0.03  0.03
 8  -5  0.03  0.10  0.16  0.33  0.66  1.00  1.68  3.46  4.92  6.04  7.97  9.49  9.54  9.48  8.49  7.26  4.11  1.57  0.52  0.38  0.13  0.03  0.02  0.02  0.02  0.03  0.03  0.03
 8   0  0.03  0.09  0.15  0.30  0.61  0.92  1.55  3.19  4.53  5.48  7.40  9.11  9.16  9.23  8.49  7.37  4.26  1.60  0.51  0.37  0.14  0.03  0.02  0.02  0.02  0.03  0.03  0.02
 8   5  0.03  0.09  0.16  0.32  0.64  0.96  1.62  3.31  4.68  5.71  7.50  9.40  9.75  9.61  8.53  7.44  4.48  1.73  0.60  0.42  0.16  0.03  0.02  0.02  0.02  0.02  0.02  0.02
 8  10  0.03  0.09  0.16  0.31  0.63  0.94  1.58  3.23  4.58  5.63  7.43  9.28 10.04  9.97  8.55  7.58  4.77  1.84  0.72  0.52  0.20  0.03  0.02  0.02  0.02  0.02  0.02  0.02
 8  15  0.03  0.10  0.16  0.32  0.64  0.96  1.62  3.31  4.65  5.84  7.64  9.43 10.10  9.97  8.38  7.44  4.81  1.92  0.79  0.58  0.21  0.03  0.02  0.02  0.03  0.03  0.03  0.02
 8  20  0.03  0.10  0.16  0.33  0.66  1.00  1.68  3.44  4.95  6.14  7.85  9.37  9.99  9.63  8.17  7.30  4.75  2.00  0.83  0.59  0.23  0.04  0.03  0.03  0.03  0.03  0.03  0.03
 8  25  0.03  0.10  0.16  0.32  0.65  0.98  1.64  3.35  4.79  6.00  7.92  9.26  9.61  9.38  7.99  7.05  4.67  2.09  0.88  0.63  0.24  0.05  0.04  0.04  0.04  0.04  0.04  0.03
 8  30  0.03  0.10  0.16  0.32  0.65  0.98  1.64  3.33  4.81  5.89  7.76  9.00  9.36  9.12  7.83  6.85  4.59  2.26  0.94  0.70  0.27  0.07  0.04  0.04  0.04  0.04  0.04  0.03
 8  35  0.03  0.10  0.16  0.32  0.65  0.97  1.63  3.31  4.82  5.91  7.73  8.87  9.10  8.86  7.65  6.69  4.53  2.34  1.04  0.79  0.35  0.09  0.06  0.05  0.04  0.04  0.04  0.04
 8  40  0.03  0.09  0.16  0.32  0.64  0.96  1.61  3.27  4.62  5.77  7.47  8.60  8.90  8.59  7.41  6.58  4.57  2.48  1.17  0.92  0.46  0.13  0.08  0.06  0.05  0.05  0.04  0.04
 8  45  0.03  0.09  0.15  0.31  0.62  0.94  1.58  3.22  4.63  5.74  7.33  8.24  8.38  7.98  6.93  6.23  4.48  2.55  1.35  1.11  0.67  0.29  0.11  0.07  0.06  0.05  0.04  0.04
 8  50  0.03  0.09  0.15  0.30  0.60  0.90  1.51  3.08  4.52  5.62  7.10  7.93  7.97  7.50  6.57  5.93  4.38  2.65  1.53  1.27  0.81  0.39  0.24  0.10  0.07  0.05  0.05  0.04
 8  55  0.03  0.08  0.14  0.28  0.56  0.85  1.42  2.89  4.24  5.28  6.73  7.49  7.45  6.92  6.07  5.52  4.12  2.68  1.65  1.38  0.89  0.44  0.29  0.12  0.08  0.06  0.05  0.04
 8  60  0.03  0.08  0.14  0.27  0.55  0.82  1.38  2.81  4.14  5.17  6.59  7.24  7.11  6.44  5.66  5.15  3.83  2.68  1.77  1.49  0.96  0.47  0.32  0.15  0.09  0.06  0.05  0.04
 8  65  0.03  0.08  0.13  0.26  0.53  0.80  1.34  2.73  4.00  5.00  6.34  6.80  6.54  5.81  5.05  4.55  3.47  2.57  1.82  1.55  1.02  0.50  0.36  0.22  0.09  0.06  0.05  0.04
 8  70  0.03  0.08  0.13  0.26  0.51  0.77  1.30  2.64  3.87  4.83  6.09  6.36  5.97  5.17  4.44  3.95  3.10  2.45  1.87  1.61  1.08  0.54  0.39  0.25  0.10  0.06  0.05  0.04
 8  75  0.03  0.08  0.13  0.25  0.51  0.76  1.27  2.58  3.80  4.75  5.84  5.83  5.32  4.50  3.96  3.60  3.01  2.41  1.90  1.64  1.11  0.55  0.40  0.26  0.11  0.06  0.05  0.04
 8  80  0.02  0.07  0.12  0.25  0.50  0.75  1.25  2.53  3.72  4.65  5.59  5.30  4.66  3.83  3.47  3.24  2.95  2.41  1.93  1.68  1.15  0.58  0.41  0.27  0.12  0.06  0.05  0.04
 8  85  0.02  0.07  0.12  0.25  0.50  0.75  1.25  2.52  3.70  4.63  5.55  5.26  4.63  3.82  3.46  3.22  2.95  2.40  1.93  1.68  1.15  0.58  0.41  0.27  0.13  0.07  0.05  0.04
 8  90  0.02  0.07  0.12  0.25  0.50  0.74  1.24  2.51  3.68  4.59  5.51  5.22  4.60  3.80  3.45  3.21  2.94  2.40  1.93  1.68  1.15  0.58  0.41  0.26  0.13  0.07  0.05  0.04
 9 -90  0.04  0.11  0.18  0.37  0.73  1.11  1.87  3.84  5.53  6.36  6.66  5.83  5.29  4.82  4.16  3.56  3.73  3.24  2.38  1.99  1.36  0.55  0.30  0.13  0.06  0.04  0.03  0.03
 9 -85  0.04  0.11  0.18  0.37  0.73  1.11  1.87  3.84  5.52  6.37  6.67  5.83  5.30  4.82  4.15  3.56  3.73  3.25  2.38  1.98  1.36  0.55  0.31  0.13  0.07  0.04  0.03  0.03
 9 -80  0.04  0.11  0.18  0.36  0.73  1.11  1.87  3.83  5.52  6.37  6.68  5.84  5.30  4.82  4.15  3.55  3.73  3.25  2.38  1.98  1.36  0.55  0.32  0.13  0.07  0.04  0.03  0.03
 9 -75  0.04  0.11  0.18  0.35  0.71  1.07  1.81  3.69  5.38  6.27  6.92  6.30  5.65  4.99  4.40  3.83  3.78  3.40  2.51  2.09  1.45  0.59  0.33  0.14  0.07  0.04  0.03  0.03
 9 -70  0.03  0.10  0.17  0.34  0.69  1.04  1.75  3.56  5.19  6.14  7.13  6.77  6.01  5.20  4.63  4.09  3.61  3.38  2.54  2.11  1.50  0.62  0.35  0.14  0.07  0.04  0.03  0.03
 9 -65  0.03  0.10  0.17  0.34  0.68  1.03  1.72  3.48  5.16  6.26  7.38  7.34  6.57  5.70  5.28  4.88  3.92  3.39  2.42  2.03  1.40  0.60  0.30  0.15  0.07  0.04  0.03  0.03
 9 -60  0.03  0.10  0.17  0.34  0.69  1.04  1.74  3.51  5.22  6.39  7.63  7.85  7.14  6.28  5.90  5.67  4.39  3.45  2.28  1.92  1.28  0.57  0.32  0.17  0.08  0.04  0.03  0.03
 9 -55  0.04  0.11  0.18  0.35  0.70  1.05  1.76  3.55  5.28  6.49  7.78  8.19  7.57  6.68  6.10  5.93  4.73  3.41  2.03  1.67  1.04  0.48  0.29  0.17  0.08  0.04  0.03  0.03
 9 -50  0.04  0.11  0.18  0.35  0.71  1.06  1.78  3.57  5.44  6.67  8.00  8.49  7.99  7.00  6.36  6.21  5.17  3.39  1.86  1.49  0.84  0.40  0.27  0.17  0.08  0.04  0.03  0.03
 9 -45  0.04  0.11  0.18  0.36  0.72  1.08  1.81  3.66  5.55  6.78  8.34  8.86  8.50  7.70  6.74  6.30  5.16  3.30  1.79  1.43  0.77  0.37  0.25  0.15  0.08  0.04  0.03  0.03
 9 -40  0.04  0.11  0.18  0.36  0.72  1.08  1.81  3.68  5.43  6.85  8.39  8.99  8.62  7.90  6.86  6.29  5.14  3.20  1.80  1.42  0.76  0.34  0.25  0.13  0.07  0.04  0.04  0.03
 9 -35  0.03  0.10  0.17  0.35  0.70  1.05  1.75  3.56  5.28  6.56  8.22  9.03  8.92  8.26  7.07  6.36  4.98  2.87  1.54  1.19  0.59  0.26  0.20  0.10  0.06  0.04  0.04  0.03
 9 -30  0.03  0.10  0.17  0.33  0.67  1.01  1.69  3.43  5.17  6.44  8.15  9.18  9.15  8.45  7.15  6.36  4.85  2.62  1.25  0.94  0.40  0.17  0.09  0.06  0.05  0.04  0.04  0.04
 9 -25  0.03  0.10  0.17  0.34  0.68  1.02  1.71  3.48  5.18  6.42  8.11  9.17  9.36  8.74  7.36  6.55  4.79  2.32  1.05  0.77  0.30  0.07  0.05  0.04  0.04  0.04  0.04  0.04
 9 -20  0.03  0.10  0.17  0.33  0.67  1.01  1.69  3.45  5.21  6.38  8.11  9.27  9.58  9.24  7.69  6.76  4.71  2.12  0.83  0.59  0.19  0.04  0.03  0.03  0.03  0.03  0.04  0.04
 9 -15  0.03  0.09  0.16  0.32  0.64  0.96  1.61  3.30  4.94  6.27  8.04  9.38  9.84  9.75  8.15  6.92  4.32  1.84  0.71  0.50  0.16  0.04  0.03  0.03  0.03  0.03  0.03  0.03
 9 -10  0.03  0.09  0.15  0.31  0.62  0.94  1.57  3.21  4.72  5.94  7.75  9.34  9.79  9.66  8.34  7.11  4.05  1.59  0.57  0.41  0.13  0.03  0.03  0.02  0.03  0.03  0.03  0.03
 9  -5  0.03  0.09  0.15  0.31  0.62  0.94  1.58  3.24  4.59  5.64  7.63  9.45  9.65  9.57  8.49  7.14  4.17  1.61  0.57  0.41  0.13  0.03  0.02  0.02  0.02  0.03  0.03  0.03
 9   0  0.03  0.09  0.15  0.29  0.58  0.88  1.48  3.02  4.23  5.13  6.98  8.97  9.17  9.26  8.44  7.20  4.27  1.64  0.56  0.40  0.14  0.03  0.02  0.02  0.02  0.03  0.03  0.02
 9   5  0.03  0.09  0.15  0.30  0.61  0.92  1.55  3.17  4.45  5.46  7.24  9.36  9.75  9.64  8.60  7.38  4.46  1.74  0.61  0.43  0.15  0.03  0.02  0.02  0.02  0.03  0.02  0.02
 9  10  0.03  0.09  0.15  0.30  0.61  0.92  1.55  3.15  4.49  5.58  7.30  9.29 10.07 10.07  8.70  7.60  4.71  1.82  0.70  0.50  0.17  0.03  0.02  0.02  0.02  0.03  0.02  0.02
 9  15  0.03  0.09  0.16  0.31  0.63  0.94  1.59  3.23  4.58  5.80  7.53  9.43 10.18 10.14  8.52  7.49  4.74  1.82  0.73  0.53  0.18  0.03  0.02  0.02  0.02  0.03  0.03  0.02
 9  20  0.03  0.10  0.16  0.32  0.65  0.98  1.65  3.36  4.94  6.19  7.86  9.35 10.04  9.78  8.25  7.35  4.68  1.86  0.74  0.53  0.19  0.04  0.03  0.03  0.03  0.03  0.03  0.03
 9  25  0.03  0.09  0.16  0.32  0.63  0.95  1.60  3.26  4.79  6.08  8.00  9.32  9.72  9.48  8.11  7.27  4.67  1.92  0.77  0.55  0.19  0.05  0.03  0.03  0.03  0.04  0.04  0.03
 9  30  0.03  0.10  0.16  0.32  0.64  0.96  1.62  3.28  4.82  6.00  7.85  9.10  9.46  9.13  8.02  7.23  4.68  2.04  0.81  0.59  0.22  0.06  0.04  0.04  0.04  0.04  0.04  0.03
 9  35  0.03  0.10  0.16  0.32  0.65  0.97  1.63  3.31  4.93  6.11  7.91  8.96  9.08  8.78  7.69  6.83  4.53  2.17  0.97  0.72  0.31  0.08  0.05  0.04  0.04  0.04  0.04  0.03
 9  40  0.03  0.10  0.16  0.32  0.65  0.98  1.64  3.33  4.85  6.11  7.84  8.72  8.77  8.35  7.26  6.51  4.51  2.39  1.18  0.91  0.44  0.12  0.07  0.05  0.04  0.04  0.04  0.04
 9  45  0.03  0.10  0.16  0.33  0.65  0.98  1.65  3.37  4.94  6.17  7.66  8.21  8.09  7.60  6.67  6.08  4.40  2.49  1.40  1.13  0.66  0.28  0.10  0.07  0.05  0.04  0.04  0.04
 9  50  0.03  0.10  0.16  0.32  0.65  0.98  1.64  3.35  5.00  6.21  7.52  7.91  7.59  6.98  6.21  5.72  4.31  2.63  1.58  1.29  0.81  0.37  0.23  0.09  0.06  0.05  0.04  0.04
 9  55  0.03  0.09  0.16  0.31  0.62  0.94  1.58  3.21  4.82  6.01  7.21  7.40  6.94  6.30  5.65  5.28  4.11  2.67  1.69  1.39  0.88  0.44  0.27  0.12  0.08  0.05  0.04  0.04
 9  60  0.03  0.09  0.15  0.31  0.62  0.94  1.57  3.19  4.81  6.02  7.13  7.11  6.51  5.77  5.20  4.87  3.86  2.65  1.79  1.49  0.95  0.47  0.29  0.17  0.08  0.05  0.04  0.04
 9  65  0.03  0.09  0.16  0.31  0.63  0.95  1.59  3.22  4.83  5.99  6.86  6.61  5.92  5.15  4.59  4.26  3.50  2.50  1.84  1.54  1.01  0.49  0.31  0.18  0.09  0.05  0.04  0.04
 9  70  0.03  0.09  0.16  0.32  0.64  0.96  1.60  3.25  4.85  5.95  6.59  6.10  5.32  4.54  3.98  3.64  3.13  2.36  1.88  1.60  1.06  0.52  0.33  0.20  0.09  0.05  0.04  0.04
 9  75  0.03  0.10  0.16  0.32  0.64  0.96  1.61  3.26  4.66  5.58  5.87  5.32  4.64  4.02  3.73  3.58  3.04  2.31  1.86  1.59  1.06  0.51  0.34  0.21  0.10  0.05  0.04  0.04
 9  80  0.03  0.10  0.16  0.32  0.64  0.96  1.62  3.27  4.47  5.21  5.15  4.54  3.97  3.49  3.48  3.52  2.97  2.30  1.86  1.60  1.07  0.51  0.34  0.22  0.10  0.06  0.04  0.04
 9  85  0.03  0.10  0.16  0.32  0.64  0.96  1.61  3.26  4.45  5.18  5.11  4.51  3.94  3.48  3.47  3.51  2.96  2.29  1.86  1.60  1.07  0.51  0.34  0.22  0.11  0.06  0.04  0.04
 9  90  0.03  0.10  0.16  0.32  0.64  0.96  1.61  3.25  4.43  5.15  5.08  4.47  3.92  3.46  3.46  3.50  2.96  2.29  1.86  1.60  1.07  0.51  0.34  0.22  0.11  0.06  0.04  0.04
10 -90  0.03  0.09  0.14  0.29  0.58  0.88  1.47  2.99  4.40  5.45  6.76  6.97  6.24  5.42  4.96  4.65  4.25  3.38  2.30  1.92  1.34  0.59  0.35  0.15  0.07  0.04  0.03  0.03
10 -85  0.03  0.09  0.14  0.29  0.58  0.88  1.47  2.98  4.39  5.45  6.77  6.98  6.25  5.41  4.95  4.65  4.25  3.38  2.30  1.91  1.34  0.59  0.36  0.15  0.07  0.04  0.03  0.03
10 -80  0.03  0.09  0.14  0.29  0.58  0.88  1.47  2.97  4.39  5.45  6.78  6.99  6.25  5.41  4.95  4.65  4.25  3.38  2.29  1.91  1.34  0.59  0.37  0.15  0.07  0.04  0.03  0.03
10 -75  0.03  0.09  0.15  0.29  0.58  0.88  1.47  2.97  4.38  5.45  6.85  7.28  6.65  5.83  5.40  5.24  4.44  3.73  2.55  2.11  1.47  0.65  0.30  0.16  0.08  0.04  0.03  0.03
10 -70  0.03  0.09  0.15  0.29  0.58  0.88  1.47  2.97  4.36  5.45  6.89  7.57  7.07  6.27  5.83  5.77  4.54  3.82  2.64  2.19  1.52  0.68  0.33  0.17  0.08  0.04  0.03  0.03
10 -65  0.03  0.09  0.15  0.30  0.60  0.90  1.51  3.05  4.50  5.63  7.14  7.92  7.52  6.72  6.35  6.32  4.77  3.79  2.55  2.12  1.41  0.64  0.33  0.18  0.08  0.04  0.03  0.03
10 -60  0.03  0.09  0.15  0.31  0.62  0.93  1.56  3.14  4.66  5.84  7.40  8.27  7.96  7.14  6.88  6.91  5.22  3.84  2.44  2.01  1.27  0.58  0.33  0.20  0.09  0.04  0.03  0.03
10 -55  0.03  0.09  0.16  0.32  0.63  0.95  1.58  3.19  4.75  5.94  7.55  8.47  8.22  7.37  6.81  6.65  5.20  3.55  2.12  1.73  1.04  0.48  0.30  0.19  0.09  0.04  0.03  0.03
10 -50  0.03  0.09  0.16  0.32  0.63  0.95  1.59  3.19  4.82  6.04  7.72  8.69  8.45  7.52  6.75  6.43  5.29  3.45  1.96  1.57  0.88  0.38  0.26  0.19  0.09  0.04  0.03  0.03
10 -45  0.03  0.09  0.16  0.31  0.63  0.94  1.58  3.19  4.90  6.09  7.99  9.05  8.87  8.10  7.16  6.76  5.51  3.51  1.96  1.57  0.86  0.36  0.24  0.15  0.08  0.04  0.04  0.03
10 -40  0.03  0.09  0.16  0.31  0.63  0.95  1.59  3.21  4.85  6.19  8.09  9.20  9.00  8.18  7.41  6.99  5.67  3.57  2.06  1.63  0.89  0.35  0.24  0.12  0.07  0.04  0.04  0.03
10 -35  0.03  0.09  0.16  0.31  0.62  0.94  1.57  3.18  4.72  5.92  7.88  9.18  9.22  8.58  7.54  6.98  5.35  3.05  1.62  1.25  0.63  0.25  0.16  0.09  0.06  0.04  0.04  0.03
10 -30  0.03  0.09  0.15  0.31  0.61  0.92  1.54  3.12  4.69  5.86  7.81  9.32  9.46  8.75  7.58  6.90  5.04  2.58  1.16  0.86  0.37  0.14  0.09  0.06  0.05  0.04  0.04  0.04
10 -25  0.03  0.09  0.16  0.31  0.63  0.94  1.58  3.21  4.75  5.92  7.80  9.25  9.56  8.96  7.67  6.93  4.80  2.15  0.97  0.70  0.27  0.08  0.05  0.04  0.04  0.04  0.04  0.04
10 -20  0.03  0.09  0.15  0.31  0.62  0.93  1.57  3.19  4.76  5.84  7.72  9.32  9.78  9.38  7.89  6.97  4.54  1.86  0.77  0.54  0.16  0.05  0.04  0.03  0.03  0.04  0.04  0.04
10 -15  0.03  0.09  0.15  0.30  0.60  0.90  1.51  3.07  4.58  5.76  7.57  9.28  9.97  9.82  8.26  7.12  4.26  1.74  0.67  0.46  0.13  0.04  0.03  0.03  0.03  0.03  0.04  0.04
10 -10  0.03  0.09  0.14  0.29  0.58  0.87  1.46  2.97  4.34  5.46  7.28  9.12  9.73  9.63  8.39  7.29  4.08  1.62  0.57  0.39  0.11  0.03  0.03  0.03  0.03  0.03  0.03  0.03
10  -5  0.03  0.09  0.14  0.29  0.58  0.88  1.47  3.01  4.30  5.27  7.25  9.20  9.58  9.51  8.52  7.31  4.18  1.64  0.55  0.37  0.11  0.03  0.02  0.02  0.02  0.03  0.03  0.03
10   0  0.03  0.08  0.14  0.28  0.57  0.86  1.44  2.94  4.02  4.92  6.66  8.73  9.12  9.16  8.46  7.39  4.24  1.66  0.51  0.35  0.11  0.03  0.02  0.02  0.02  0.03  0.03  0.02
10   5  0.03  0.09  0.15  0.30  0.60  0.90  1.51  3.08  4.30  5.28  7.01  9.13  9.52  9.50  8.59  7.42  4.40  1.73  0.58  0.40  0.13  0.03  0.02  0.02  0.02  0.02  0.02  0.02
10  10  0.03  0.09  0.15  0.30  0.60  0.90  1.52  3.09  4.43  5.51  7.14  9.03  9.76  9.89  8.63  7.49  4.59  1.79  0.67  0.47  0.15  0.03  0.02  0.02  0.02  0.03  0.03  0.02
10  15  0.03  0.09  0.15  0.31  0.61  0.92  1.55  3.16  4.53  5.71  7.29  9.11  9.89  9.98  8.39  7.33  4.58  1.76  0.70  0.50  0.16  0.03  0.02  0.02  0.02  0.03  0.03  0.03
10  20  0.03  0.09  0.16  0.32  0.64  0.96  1.61  3.29  4.87  6.13  7.65  9.03  9.77  9.66  8.07  7.12  4.52  1.80  0.71  0.50  0.17  0.03  0.03  0.03  0.03  0.03  0.03  0.03
10  25  0.03  0.09  0.16  0.31  0.62  0.94  1.57  3.19  4.82  6.11  7.89  9.10  9.53  9.29  7.87  7.09  4.54  1.87  0.74  0.53  0.18  0.04  0.03  0.03  0.03  0.03  0.03  0.03
10  30  0.03  0.10  0.16  0.32  0.64  0.97  1.62  3.30  4.90  6.15  7.83  8.96  9.30  8.87  7.79  7.08  4.58  1.96  0.76  0.55  0.21  0.06  0.04  0.03  0.03  0.03  0.03  0.03
10  35  0.03  0.10  0.17  0.33  0.66  1.00  1.67  3.40  5.14  6.45  8.05  8.80  8.75  8.37  7.38  6.63  4.46  2.07  0.93  0.69  0.32  0.09  0.05  0.04  0.04  0.04  0.03  0.03
10  40  0.03  0.10  0.17  0.34  0.68  1.02  1.72  3.50  5.28  6.64  8.17  8.60  8.26  7.70  6.83  6.26  4.45  2.30  1.19  0.91  0.46  0.22  0.08  0.05  0.04  0.04  0.04  0.03
10  45  0.04  0.11  0.18  0.36  0.71  1.08  1.81  3.69  5.45  6.78  7.96  7.96  7.51  6.97  6.28  5.88  4.42  2.50  1.45  1.16  0.70  0.30  0.17  0.07  0.05  0.04  0.04  0.04
10  50  0.04  0.11  0.18  0.37  0.73  1.11  1.86  3.78  5.74  6.97  7.86  7.62  6.96  6.27  5.82  5.56  4.45  2.74  1.66  1.34  0.84  0.38  0.21  0.10  0.06  0.04  0.04  0.04
10  55  0.04  0.11  0.18  0.37  0.74  1.11  1.86  3.79  5.70  6.80  7.42  7.00  6.29  5.69  5.38  5.29  4.38  2.77  1.74  1.42  0.90  0.45  0.25  0.15  0.07  0.05  0.04  0.04
10  60  0.04  0.11  0.19  0.38  0.76  1.14  1.91  3.87  5.76  6.82  7.23  6.62  5.85  5.27  5.05  5.01  4.24  2.73  1.81  1.49  0.96  0.47  0.27  0.16  0.08  0.05  0.04  0.04
10  65  0.04  0.12  0.19  0.39  0.77  1.16  1.95  3.96  5.71  6.59  6.77  6.07  5.33  4.81  4.64  4.58  3.89  2.63  1.90  1.58  1.05  0.49  0.28  0.17  0.08  0.05  0.04  0.04
10  70  0.04  0.12  0.20  0.39  0.79  1.18  1.98  4.03  5.63  6.35  6.30  5.49  4.80  4.34  4.22  4.15  3.55  2.52  1.99  1.67  1.13  0.51  0.29  0.18  0.09  0.05  0.04  0.04
10  75  0.04  0.12  0.19  0.39  0.78  1.18  1.97  4.00  5.25  5.70  5.52  4.83  4.30  3.96  3.87  3.80  3.35  2.50  2.02  1.71  1.17  0.52  0.29  0.18  0.09  0.05  0.04  0.04
10  80  0.04  0.12  0.19  0.39  0.78  1.17  1.96  3.97  4.87  5.04  4.74  4.18  3.79  3.57  3.53  3.47  3.19  2.51  2.07  1.75  1.21  0.54  0.30  0.19  0.09  0.05  0.04  0.04
10  85  0.04  0.12  0.19  0.39  0.78  1.17  1.96  3.96  4.85  5.02  4.71  4.15  3.77  3.56  3.52  3.46  3.18  2.51  2.07  1.76  1.21  0.54  0.30  0.19  0.11  0.05  0.04  0.04
10  90  0.04  0.12  0.19  0.39  0.78  1.17  1.95  3.95  4.84  4.99  4.67  4.12  3.74  3.55  3.51  3.44  3.17  2.50  2.07  1.76  1.21  0.54  0.30  0.19  0.11  0.05  0.04  0.04
11 -90  0.02  0.07  0.12  0.25  0.50  0.75  1.26  2.55  3.64  4.53  6.24  7.24  7.10  6.39  5.95  6.03  5.12  3.85  2.69  2.23  1.49  0.64  0.30  0.16  0.10  0.04  0.03  0.02
11 -85  0.02  0.07  0.12  0.25  0.50  0.75  1.26  2.55  3.64  4.53  6.25  7.25  7.10  6.39  5.94  6.02  5.12  3.86  2.68  2.22  1.49  0.64  0.30  0.20  0.10  0.04  0.03  0.03
11 -80  0.02  0.07  0.12  0.25  0.50  0.75  1.26  2.54  3.63  4.53  6.26  7.25  7.11  6.38  5.94  6.02  5.12  3.86  2.68  2.22  1.49  0.64  0.30  0.16  0.09  0.04  0.03  0.03
11 -75  0.03  0.08  0.13  0.25  0.51  0.76  1.27  2.57  3.69  4.61  6.30  7.37  7.29  6.55  6.26  6.41  5.37  4.02  2.80  2.32  1.56  0.68  0.32  0.17  0.09  0.04  0.03  0.03
11 -70  0.03  0.08  0.13  0.26  0.51  0.77  1.29  2.59  3.74  4.69  6.33  7.47  7.47  6.72  6.57  6.76  5.55  4.01  2.78  2.31  1.56  0.71  0.34  0.18  0.09  0.04  0.03  0.03
11 -65  0.03  0.08  0.13  0.26  0.53  0.79  1.32  2.67  3.88  4.86  6.54  7.74  7.76  6.99  6.81  6.91  5.53  3.83  2.59  2.14  1.39  0.65  0.34  0.19  0.10  0.04  0.03  0.03
11 -60  0.03  0.08  0.14  0.27  0.55  0.82  1.37  2.76  4.02  5.04  6.77  8.00  8.04  7.26  7.05  7.09  5.53  3.67  2.37  1.94  1.20  0.59  0.33  0.20  0.10  0.05  0.03  0.03
11 -55  0.03  0.08  0.14  0.28  0.56  0.84  1.41  2.84  4.14  5.18  6.94  8.25  8.33  7.57  6.97  6.70  5.26  3.38  2.01  1.64  0.95  0.46  0.29  0.19  0.10  0.05  0.03  0.03
11 -50  0.03  0.08  0.14  0.28  0.57  0.85  1.42  2.86  4.19  5.27  7.08  8.51  8.62  7.79  6.84  6.33  5.11  3.25  1.81  1.43  0.76  0.34  0.24  0.18  0.09  0.05  0.03  0.03
11 -45  0.03  0.08  0.14  0.28  0.56  0.84  1.40  2.83  4.23  5.27  7.24  8.86  9.01  8.33  7.16  6.57  5.29  3.28  1.80  1.42  0.74  0.31  0.22  0.14  0.08  0.04  0.04  0.03
11 -40  0.03  0.08  0.14  0.28  0.55  0.83  1.40  2.82  4.27  5.40  7.41  9.08  9.22  8.47  7.42  6.76  5.38  3.31  1.89  1.48  0.77  0.31  0.22  0.10  0.06  0.04  0.04  0.03
11 -35  0.03  0.08  0.14  0.28  0.56  0.85  1.42  2.87  4.15  5.20  7.24  9.03  9.36  8.88  7.59  6.85  5.05  2.83  1.46  1.11  0.53  0.23  0.13  0.08  0.05  0.04  0.04  0.03
11 -30  0.03  0.08  0.14  0.28  0.57  0.85  1.42  2.87  4.22  5.24  7.25  9.18  9.59  9.05  7.71  6.89  4.73  2.37  1.01  0.74  0.30  0.14  0.08  0.06  0.05  0.04  0.04  0.04
11 -25  0.03  0.09  0.15  0.29  0.59  0.88  1.47  2.99  4.35  5.44  7.41  9.17  9.61  9.14  7.70  6.84  4.54  2.06  0.89  0.63  0.23  0.08  0.05  0.04  0.04  0.04  0.04  0.04
11 -20  0.03  0.09  0.14  0.29  0.58  0.87  1.46  2.96  4.40  5.42  7.39  9.28  9.84  9.43  7.84  6.81  4.36  1.87  0.74  0.50  0.14  0.05  0.04  0.04  0.04  0.04  0.04  0.04
11 -15  0.03  0.09  0.14  0.28  0.57  0.86  1.44  2.92  4.34  5.40  7.23  9.20 10.03  9.77  8.11  6.95  4.17  1.76  0.66  0.45  0.13  0.04  0.03  0.03  0.03  0.03  0.04  0.03
11 -10  0.03  0.08  0.14  0.28  0.56  0.84  1.40  2.84  4.14  5.20  7.02  8.99  9.68  9.57  8.19  7.12  4.05  1.62  0.57  0.39  0.12  0.04  0.03  0.03  0.03  0.03  0.03  0.03
11  -5  0.03  0.08  0.14  0.28  0.56  0.85  1.42  2.89  4.19  5.17  7.15  9.04  9.51  9.40  8.23  7.10  4.07  1.59  0.55  0.37  0.12  0.03  0.03  0.02  0.03  0.03  0.03  0.03
11   0  0.03  0.09  0.14  0.29  0.58  0.87  1.47  2.99  4.08  5.04  6.75  8.70  9.18  9.07  8.15  7.14  4.05  1.54  0.50  0.35  0.12  0.03  0.02  0.02  0.02  0.03  0.03  0.02
11   5  0.03  0.09  0.15  0.30  0.59  0.90  1.50  3.06  4.34  5.32  7.07  8.96  9.29  9.31  8.30  7.15  4.22  1.60  0.55  0.37  0.13  0.03  0.02  0.02  0.02  0.03  0.02  0.02
11  10  0.03  0.09  0.15  0.30  0.60  0.90  1.51  3.07  4.46  5.53  7.09  8.75  9.35  9.54  8.35  7.21  4.40  1.67  0.60  0.41  0.13  0.03  0.03  0.02  0.03  0.03  0.03  0.03
11  15  0.03  0.09  0.15  0.30  0.61  0.92  1.54  3.13  4.57  5.74  7.18  8.73  9.37  9.54  8.06  7.04  4.31  1.62  0.62  0.44  0.15  0.03  0.03  0.03  0.03  0.03  0.03  0.03
11  20  0.03  0.09  0.16  0.32  0.63  0.95  1.60  3.26  4.89  6.18  7.52  8.62  9.24  9.23  7.72  6.83  4.24  1.67  0.62  0.45  0.16  0.04  0.03  0.03  0.03  0.03  0.03  0.03
11  25  0.03  0.09  0.16  0.31  0.63  0.94  1.58  3.21  4.96  6.27  7.80  8.73  9.04  8.74  7.42  6.78  4.30  1.82  0.71  0.52  0.19  0.05  0.03  0.03  0.03  0.03  0.03  0.03
11  30  0.03  0.10  0.17  0.33  0.66  1.00  1.68  3.41  5.12  6.46  7.84  8.63  8.82  8.30  7.32  6.74  4.40  1.95  0.76  0.56  0.23  0.07  0.04  0.03  0.03  0.03  0.03  0.03
11  35  0.03  0.10  0.18  0.35  0.70  1.06  1.78  3.61  5.48  6.88  8.14  8.46  8.25  7.85  7.03  6.46  4.52  2.15  0.96  0.73  0.36  0.16  0.06  0.04  0.04  0.03  0.03  0.03
11  40  0.04  0.11  0.18  0.37  0.74  1.11  1.87  3.80  5.79  7.24  8.34  8.29  7.73  7.14  6.57  6.24  4.74  2.47  1.28  0.98  0.50  0.22  0.09  0.06  0.05  0.04  0.04  0.03
11  45  0.04  0.12  0.19  0.39  0.78  1.18  1.98  4.03  5.96  7.33  8.02  7.62  7.01  6.54  6.18  5.99  4.77  2.69  1.55  1.25  0.75  0.34  0.20  0.08  0.06  0.04  0.04  0.04
11  50  0.04  0.12  0.21  0.41  0.83  1.24  2.09  4.25  6.33  7.48  7.87  7.22  6.44  5.84  5.80  5.80  4.87  2.93  1.78  1.44  0.91  0.44  0.25  0.15  0.07  0.04  0.04  0.04
11  55  0.04  0.12  0.21  0.42  0.83  1.25  2.11  4.29  6.20  7.09  7.26  6.51  5.85  5.42  5.51  5.63  4.76  2.98  1.85  1.52  1.03  0.50  0.27  0.16  0.08  0.05  0.04  0.04
11  60  0.04  0.13  0.21  0.42  0.84  1.26  2.12  4.30  6.10  6.92  6.88  6.06  5.46  5.14  5.28  5.42  4.58  2.95  1.93  1.61  1.14  0.53  0.28  0.17  0.08  0.05  0.04  0.04
11  65  0.04  0.12  0.20  0.41  0.81  1.23  2.06  4.18  5.89  6.62  6.58  5.81  5.30  5.03  5.05  5.06  4.40  2.95  2.09  1.77  1.29  0.59  0.30  0.18  0.08  0.05  0.04  0.04
11  70  0.04  0.12  0.20  0.40  0.80  1.21  2.03  4.13  5.67  6.31  6.28  5.55  5.13  4.93  4.81  4.70  4.23  2.95  2.24  1.93  1.45  0.65  0.32  0.19  0.09  0.05  0.04  0.04
11  75  0.04  0.12  0.20  0.40  0.80  1.20  2.01  4.11  5.40  5.92  5.79  4.84  4.30  4.09  4.00  3.89  3.64  2.83  2.17  1.86  1.38  0.60  0.29  0.17  0.09  0.05  0.04  0.04
11  80  0.04  0.12  0.20  0.39  0.79  1.18  1.99  4.06  5.12  5.52  5.30  4.12  3.47  3.25  3.19  3.09  3.08  2.75  2.09  1.79  1.31  0.56  0.26  0.15  0.09  0.05  0.04  0.04
11  85  0.04  0.12  0.20  0.39  0.79  1.18  1.99  4.05  5.11  5.50  5.27  4.10  3.45  3.23  3.18  3.08  3.08  2.74  2.09  1.79  1.31  0.56  0.26  0.15  0.09  0.05  0.04  0.04
11  90  0.04  0.12  0.20  0.39  0.78  1.18  1.98  4.05  5.09  5.48  5.24  4.07  3.43  3.22  3.17  3.07  3.07  2.74  2.09  1.80  1.31  0.56  0.26  0.15  0.09  0.05  0.04  0.03
12 -90  0.02  0.07  0.11  0.22  0.45  0.67  1.12  2.28  3.27  4.05  5.73  6.93  6.84  6.04  5.60  5.40  4.97  3.60  2.54  2.11  1.35  0.64  0.33  0.18  0.08  0.05  0.03  0.02
12 -85  0.02  0.07  0.11  0.22  0.45  0.67  1.12  2.27  3.26  4.05  5.74  6.94  6.84  6.03  5.60  5.39  4.97  3.60  2.53  2.11  1.35  0.64  0.33  0.18  0.08  0.05  0.03  0.02
12 -80  0.02  0.07  0.11  0.22  0.45  0.67  1.12  2.27  3.26  4.05  5.75  6.94  6.85  6.03  5.59  5.39  4.97  3.60  2.53  2.11  1.35  0.64  0.33  0.18  0.08  0.05  0.03  0.02
12 -75  0.02  0.07  0.11  0.23  0.46  0.69  1.15  2.32  3.33  4.14  5.79  7.04  7.00  6.20  5.77  5.56  5.09  3.60  2.52  2.10  1.36  0.64  0.33  0.18  0.11  0.05  0.03  0.02
12 -70  0.02  0.07  0.12  0.23  0.47  0.71  1.18  2.38  3.41  4.23  5.84  7.13  7.16  6.38  5.94  5.73  5.19  3.56  2.44  2.04  1.32  0.62  0.34  0.18  0.11  0.05  0.03  0.03
12 -65  0.02  0.07  0.12  0.24  0.49  0.73  1.22  2.47  3.53  4.38  6.03  7.41  7.53  6.79  6.30  6.04  5.20  3.43  2.23  1.86  1.17  0.56  0.32  0.18  0.11  0.05  0.03  0.03
12 -60  0.03  0.08  0.13  0.25  0.51  0.76  1.27  2.57  3.67  4.54  6.23  7.68  7.90  7.20  6.66  6.36  5.22  3.31  2.03  1.68  1.02  0.49  0.30  0.19  0.11  0.05  0.03  0.03
12 -55  0.03  0.08  0.13  0.26  0.53  0.79  1.33  2.67  3.82  4.75  6.45  7.99  8.31  7.70  6.96  6.49  5.06  3.07  1.74  1.42  0.81  0.40  0.27  0.18  0.11  0.05  0.03  0.03
12 -50  0.03  0.08  0.13  0.27  0.54  0.81  1.35  2.71  3.90  4.88  6.62  8.29  8.71  8.13  7.20  6.62  5.00  2.90  1.52  1.20  0.63  0.32  0.22  0.18  0.10  0.05  0.03  0.03
12 -45  0.03  0.08  0.13  0.27  0.53  0.80  1.34  2.72  3.93  4.86  6.73  8.63  9.08  8.64  7.25  6.44  4.91  2.79  1.46  1.15  0.60  0.27  0.18  0.13  0.08  0.04  0.04  0.03
12 -40  0.03  0.08  0.13  0.27  0.53  0.80  1.34  2.69  4.03  5.03  7.00  8.93  9.39  8.85  7.31  6.25  4.71  2.68  1.49  1.17  0.60  0.24  0.16  0.09  0.06  0.04  0.04  0.03
12 -35  0.03  0.08  0.14  0.27  0.55  0.82  1.37  2.77  3.91  4.88  6.90  8.91  9.43  9.16  7.64  6.71  4.63  2.41  1.18  0.89  0.42  0.19  0.10  0.06  0.05  0.04  0.04  0.03
12 -30  0.03  0.08  0.14  0.28  0.55  0.83  1.39  2.79  4.05  5.01  7.02  9.09  9.63  9.23  7.96  7.16  4.55  2.11  0.86  0.62  0.25  0.12  0.07  0.05  0.04  0.04  0.04  0.03
12 -25  0.03  0.09  0.14  0.29  0.57  0.86  1.44  2.91  4.19  5.27  7.34  9.20  9.65  9.22  7.88  7.06  4.41  1.89  0.77  0.54  0.19  0.08  0.05  0.04  0.04  0.04  0.04  0.03
12 -20  0.03  0.08  0.14  0.28  0.57  0.85  1.42  2.86  4.29  5.36  7.41  9.37  9.90  9.42  7.95  6.99  4.31  1.77  0.66  0.44  0.12  0.05  0.04  0.03  0.03  0.04  0.04  0.03
12 -15  0.03  0.08  0.14  0.28  0.57  0.85  1.42  2.88  4.34  5.36  7.27  9.37 10.14  9.67  8.07  7.03  4.17  1.69  0.60  0.39  0.11  0.04  0.03  0.03  0.03  0.03  0.03  0.03
12 -10  0.03  0.08  0.14  0.28  0.56  0.84  1.40  2.82  4.18  5.29  7.17  9.17  9.78  9.55  8.08  7.10  4.08  1.58  0.52  0.35  0.11  0.04  0.03  0.03  0.03  0.03  0.03  0.03
12  -5  0.03  0.08  0.14  0.28  0.56  0.85  1.42  2.86  4.31  5.39  7.43  9.15  9.62  9.38  7.90  6.80  3.98  1.53  0.50  0.34  0.13  0.03  0.02  0.02  0.02  0.03  0.03  0.02
12   0  0.03  0.09  0.15  0.30  0.60  0.91  1.52  3.09  4.39  5.47  7.26  9.05  9.54  9.19  7.68  6.54  3.80  1.45  0.46  0.32  0.13  0.03  0.02  0.02  0.02  0.03  0.03  0.02
12   5  0.03  0.09  0.15  0.30  0.61  0.91  1.53  3.11  4.58  5.63  7.51  9.07  9.29  9.20  7.87  6.70  4.03  1.53  0.51  0.34  0.12  0.03  0.03  0.02  0.02  0.03  0.03  0.03
12  10  0.03  0.09  0.15  0.30  0.61  0.92  1.54  3.13  4.62  5.78  7.37  8.71  9.04  9.12  7.98  6.91  4.26  1.64  0.57  0.38  0.13  0.03  0.03  0.03  0.03  0.03  0.03  0.03
12  15  0.03  0.09  0.15  0.31  0.61  0.92  1.55  3.15  4.71  5.93  7.33  8.56  8.92  9.00  7.64  6.70  4.13  1.63  0.61  0.42  0.14  0.03  0.03  0.03  0.03  0.03  0.03  0.03
12  20  0.03  0.09  0.16  0.32  0.63  0.95  1.60  3.26  4.95  6.28  7.58  8.41  8.82  8.72  7.29  6.46  4.11  1.73  0.63  0.45  0.16  0.04  0.03  0.03  0.03  0.03  0.03  0.03
12  25  0.03  0.09  0.16  0.31  0.62  0.94  1.57  3.18  5.00  6.26  7.68  8.45  8.61  8.18  7.07  6.60  4.29  1.98  0.78  0.58  0.22  0.05  0.04  0.03  0.03  0.03  0.03  0.03
12  30  0.03  0.10  0.16  0.33  0.66  0.99  1.66  3.38  5.08  6.41  7.67  8.31  8.41  7.79  7.09  6.74  4.54  2.14  0.87  0.65  0.27  0.08  0.05  0.04  0.04  0.03  0.03  0.03
12  35  0.03  0.10  0.17  0.35  0.70  1.05  1.76  3.57  5.40  6.75  7.91  8.14  7.91  7.47  7.01  6.68  4.81  2.35  1.08  0.84  0.44  0.20  0.08  0.06  0.04  0.04  0.03  0.03
12  40  0.04  0.11  0.18  0.37  0.74  1.11  1.86  3.79  5.66  7.01  8.03  7.99  7.46  6.87  6.69  6.65  5.15  2.68  1.42  1.10  0.63  0.29  0.16  0.08  0.05  0.04  0.04  0.03
12  45  0.04  0.12  0.19  0.38  0.77  1.16  1.95  3.98  5.75  7.02  7.72  7.41  6.86  6.50  6.37  6.29  5.10  3.04  1.70  1.38  0.87  0.41  0.24  0.15  0.07  0.04  0.04  0.04
12  50  0.04  0.12  0.20  0.41  0.82  1.23  2.06  4.20  6.11  7.14  7.52  6.98  6.34  5.89  5.96  5.99  5.11  3.37  1.95  1.60  1.03  0.50  0.28  0.18  0.08  0.05  0.04  0.04
12  55  0.04  0.12  0.20  0.41  0.82  1.23  2.07  4.22  5.97  6.73  6.96  6.38  5.93  5.67  5.75  5.80  4.95  3.40  2.08  1.72  1.18  0.58  0.30  0.20  0.08  0.05  0.04  0.04
12  60  0.04  0.12  0.20  0.40  0.81  1.22  2.05  4.17  5.82  6.48  6.59  6.01  5.69  5.58  5.57  5.57  4.71  3.35  2.21  1.85  1.33  0.64  0.32  0.20  0.08  0.05  0.04  0.04
12  65  0.04  0.12  0.21  0.42  0.84  1.26  2.12  4.33  5.79  6.43  6.54  5.88  5.55  5.45  5.34  5.24  4.56  3.23  2.27  1.92  1.40  0.65  0.30  0.18  0.09  0.05  0.04  0.04
12  70  0.04  0.13  0.21  0.43  0.86  1.30  2.18  4.47  5.75  6.37  6.46  5.77  5.41  5.32  5.10  4.91  4.41  3.13  2.32  1.98  1.46  0.66  0.29  0.16  0.09  0.05  0.04  0.04
12  75  0.04  0.12  0.21  0.41  0.83  1.25  2.11  4.34  5.50  6.12  6.18  5.34  4.91  4.82  4.63  4.45  4.19  3.13  2.33  2.00  1.47  0.65  0.30  0.17  0.09  0.05  0.04  0.04
12  80  0.04  0.12  0.20  0.40  0.80  1.20  2.03  4.18  5.27  5.87  5.91  4.91  4.42  4.29  4.15  4.01  3.97  3.15  2.35  2.01  1.47  0.65  0.32  0.19  0.09  0.05  0.04  0.04
12  85  0.04  0.12  0.20  0.40  0.80  1.20  2.02  4.17  5.26  5.85  5.89  4.89  4.40  4.28  4.14  4.00  3.97  3.15  2.34  2.01  1.47  0.65  0.32  0.19  0.09  0.05  0.04  0.04
12  90  0.04  0.12  0.20  0.40  0.80  1.20  2.02  4.16  5.25  5.83  5.86  4.86  4.38  4.27  4.13  3.99  3.96  3.14  2.34  2.02  1.47  0.65  0.32  0.19  0.09  0.05  0.04  0.04
