     0.010
     0.030
     0.050
     0.100
     0.200
     0.300
     0.500
     1.000
     1.500
     2.000
     3.000
     5.000
     7.000
    10.000
    15.000
    20.000
    30.000
    50.000
    70.000
    80.000
   100.000
   150.000
   200.000
   250.000
   300.000
   400.000
   500.000
   600.000
 1 -90  0.02  0.07  0.11  0.23  0.45  0.68  1.14  2.32  3.34  4.14  5.82  6.75  6.45  5.51  4.62  4.00  3.41  2.81  2.24  1.91  1.29  0.66  0.34  0.19  0.08  0.06  0.03  0.02
 1 -85  0.02  0.07  0.11  0.23  0.45  0.68  1.14  2.31  3.34  4.14  5.82  6.75  6.45  5.50  4.62  4.00  3.41  2.81  2.24  1.91  1.29  0.66  0.34  0.19  0.08  0.06  0.03  0.02
 1 -80  0.02  0.07  0.11  0.23  0.45  0.68  1.14  2.31  3.34  4.14  5.83  6.76  6.45  5.50  4.62  4.00  3.41  2.81  2.24  1.91  1.29  0.66  0.34  0.19  0.08  0.05  0.03  0.02
 1 -75  0.02  0.07  0.12  0.23  0.46  0.70  1.17  2.37  3.42  4.22  5.85  6.88  6.69  5.78  4.96  4.38  3.70  2.88  2.23  1.89  1.26  0.65  0.34  0.18  0.08  0.05  0.03  0.02
 1 -70  0.02  0.07  0.12  0.24  0.48  0.72  1.20  2.44  3.49  4.31  5.87  7.01  6.93  6.06  5.30  4.76  4.02  2.96  2.19  1.85  1.22  0.63  0.35  0.19  0.08  0.05  0.03  0.03
 1 -65  0.02  0.07  0.12  0.25  0.49  0.74  1.25  2.52  3.62  4.45  6.04  7.33  7.39  6.62  5.91  5.40  4.30  2.97  2.04  1.71  1.11  0.56  0.33  0.19  0.11  0.05  0.03  0.03
 1 -60  0.03  0.08  0.13  0.26  0.51  0.77  1.30  2.62  3.75  4.60  6.23  7.65  7.86  7.18  6.51  6.04  4.57  2.98  1.89  1.58  1.00  0.49  0.31  0.19  0.11  0.05  0.03  0.03
 1 -55  0.03  0.08  0.13  0.27  0.54  0.81  1.35  2.74  3.91  4.82  6.48  7.97  8.29  7.73  6.92  6.32  4.49  2.75  1.57  1.30  0.78  0.37  0.25  0.18  0.11  0.05  0.03  0.03
 1 -50  0.03  0.08  0.14  0.28  0.55  0.83  1.39  2.82  4.02  5.01  6.70  8.28  8.72  8.26  7.29  6.61  4.45  2.57  1.29  1.04  0.57  0.25  0.19  0.17  0.09  0.05  0.03  0.03
 1 -45  0.03  0.08  0.14  0.28  0.55  0.83  1.39  2.81  4.02  4.95  6.75  8.61  9.11  8.73  7.46  6.66  4.55  2.59  1.28  1.01  0.53  0.19  0.15  0.11  0.07  0.04  0.03  0.03
 1 -40  0.03  0.08  0.14  0.27  0.55  0.83  1.38  2.79  4.12  5.12  7.04  8.96  9.49  9.04  7.69  6.69  4.55  2.60  1.32  1.03  0.53  0.18  0.13  0.07  0.05  0.04  0.03  0.03
 1 -35  0.03  0.08  0.14  0.28  0.56  0.84  1.41  2.85  3.98  4.95  6.93  8.98  9.53  9.30  7.81  6.84  4.49  2.36  1.06  0.80  0.38  0.15  0.09  0.06  0.04  0.04  0.04  0.03
 1 -30  0.03  0.08  0.14  0.28  0.57  0.85  1.42  2.87  4.11  5.08  7.08  9.18  9.74  9.36  7.97  7.02  4.44  2.07  0.81  0.58  0.24  0.10  0.06  0.05  0.04  0.04  0.04  0.03
 1 -25  0.03  0.09  0.14  0.29  0.58  0.87  1.45  2.92  4.19  5.28  7.39  9.38  9.85  9.43  7.92  6.95  4.35  1.86  0.72  0.51  0.19  0.06  0.04  0.04  0.04  0.04  0.04  0.03
 1 -20  0.03  0.08  0.14  0.28  0.56  0.84  1.41  2.82  4.26  5.39  7.47  9.56 10.18  9.69  8.02  6.91  4.31  1.68  0.61  0.41  0.13  0.05  0.03  0.03  0.03  0.03  0.03  0.03
 1 -15  0.03  0.08  0.14  0.28  0.56  0.84  1.41  2.83  4.33  5.31  7.32  9.64 10.45  9.86  8.07  6.94  4.15  1.64  0.54  0.36  0.13  0.04  0.03  0.03  0.03  0.03  0.03  0.03
 1 -10  0.03  0.08  0.14  0.28  0.55  0.83  1.38  2.78  4.16  5.29  7.26  9.44 10.13  9.84  8.06  7.01  4.05  1.56  0.47  0.32  0.08  0.03  0.03  0.02  0.03  0.03  0.03  0.03
 1  -5  0.03  0.08  0.14  0.28  0.56  0.83  1.39  2.80  4.32  5.47  7.63  9.40 10.00  9.68  7.91  6.83  3.94  1.51  0.45  0.30  0.07  0.03  0.02  0.02  0.02  0.03  0.03  0.02
 1   0  0.03  0.09  0.15  0.30  0.61  0.91  1.53  3.11  4.57  5.74  7.72  9.61 10.20  9.66  7.79  6.68  3.72  1.38  0.41  0.28  0.06  0.03  0.02  0.02  0.02  0.03  0.03  0.02
 1   5  0.03  0.09  0.15  0.30  0.60  0.91  1.52  3.09  4.69  5.81  7.90  9.39  9.67  9.48  7.81  6.64  3.91  1.48  0.47  0.31  0.05  0.03  0.02  0.02  0.02  0.03  0.03  0.03
 1  10  0.03  0.09  0.15  0.30  0.61  0.91  1.53  3.09  4.63  5.87  7.61  8.90  9.13  9.10  7.77  6.68  4.10  1.64  0.54  0.36  0.06  0.03  0.03  0.03  0.03  0.03  0.03  0.03
 1  15  0.03  0.09  0.15  0.31  0.61  0.92  1.54  3.12  4.77  6.02  7.52  8.62  8.82  8.81  7.39  6.44  4.01  1.64  0.58  0.40  0.07  0.03  0.03  0.03  0.03  0.03  0.03  0.03
 1  20  0.03  0.09  0.16  0.32  0.64  0.96  1.60  3.26  4.95  6.30  7.68  8.46  8.73  8.55  7.06  6.21  4.08  1.72  0.59  0.43  0.16  0.04  0.03  0.03  0.03  0.03  0.03  0.03
 1  25  0.03  0.09  0.16  0.31  0.63  0.95  1.59  3.21  5.07  6.27  7.65  8.39  8.46  7.96  6.85  6.37  4.37  2.10  0.79  0.60  0.25  0.05  0.04  0.04  0.03  0.03  0.03  0.03
 1  30  0.03  0.10  0.17  0.33  0.67  1.01  1.69  3.43  5.15  6.47  7.66  8.19  8.24  7.61  6.91  6.57  4.75  2.34  0.93  0.71  0.32  0.09  0.06  0.05  0.04  0.04  0.04  0.03
 1  35  0.03  0.10  0.17  0.35  0.70  1.06  1.77  3.60  5.41  6.70  7.87  8.07  7.88  7.41  6.89  6.51  5.07  2.64  1.22  0.95  0.49  0.24  0.15  0.07  0.05  0.04  0.04  0.04
 1  40  0.04  0.11  0.18  0.37  0.74  1.11  1.87  3.80  5.53  6.82  7.89  7.97  7.55  6.94  6.58  6.41  5.42  3.03  1.64  1.24  0.68  0.35  0.22  0.11  0.07  0.04  0.04  0.04
 1  45  0.04  0.11  0.19  0.38  0.76  1.14  1.91  3.89  5.52  6.76  7.72  7.57  7.07  6.71  6.51  6.33  5.54  3.39  1.89  1.53  0.95  0.50  0.30  0.20  0.08  0.05  0.04  0.04
 1  50  0.04  0.11  0.19  0.38  0.77  1.16  1.94  3.95  5.75  6.89  7.52  7.27  6.60  6.12  6.26  6.29  5.70  3.71  2.16  1.77  1.16  0.61  0.34  0.23  0.09  0.05  0.04  0.04
 1  55  0.04  0.12  0.20  0.39  0.78  1.18  1.98  4.02  5.72  6.61  7.09  6.75  6.25  5.93  5.99  6.02  5.44  3.74  2.35  1.94  1.34  0.68  0.39  0.26  0.09  0.05  0.04  0.04
 1  60  0.04  0.12  0.20  0.39  0.79  1.18  1.98  4.03  5.60  6.36  6.76  6.37  5.99  5.82  5.73  5.67  5.11  3.70  2.53  2.13  1.53  0.74  0.44  0.27  0.10  0.05  0.04  0.04
 1  65  0.04  0.12  0.19  0.39  0.77  1.17  1.96  3.98  5.62  6.34  6.78  6.37  6.10  6.01  5.80  5.64  4.93  3.65  2.54  2.15  1.55  0.74  0.41  0.25  0.10  0.05  0.04  0.04
 1  70  0.04  0.11  0.19  0.38  0.76  1.15  1.93  3.92  5.62  6.31  6.79  6.41  6.22  6.20  5.87  5.61  4.78  3.61  2.54  2.17  1.56  0.74  0.39  0.23  0.10  0.05  0.04  0.04
 1  75  0.04  0.11  0.18  0.36  0.73  1.10  1.84  3.76  5.43  6.04  6.50  6.00  5.75  5.69  5.33  5.05  4.56  3.52  2.64  2.31  1.76  0.78  0.40  0.23  0.10  0.05  0.04  0.04
 1  80  0.04  0.11  0.18  0.35  0.71  1.07  1.80  3.68  5.19  5.76  6.17  5.59  5.27  5.14  4.79  4.51  4.33  3.43  2.73  2.44  1.94  0.81  0.41  0.24  0.10  0.05  0.04  0.04
 1  85  0.04  0.11  0.18  0.35  0.71  1.07  1.80  3.68  5.18  5.74  6.15  5.57  5.26  5.14  4.79  4.50  4.32  3.43  2.73  2.44  1.94  0.81  0.41  0.24  0.10  0.05  0.04  0.04
 1  90  0.04  0.11  0.18  0.35  0.71  1.07  1.80  3.68  5.17  5.73  6.14  5.56  5.25  5.13  4.78  4.50  4.32  3.42  2.73  2.44  1.94  0.81  0.41  0.24  0.10  0.05  0.04  0.04
 2 -90  0.03  0.08  0.14  0.28  0.55  0.83  1.39  2.83  4.13  5.08  6.34  6.36  5.71  4.77  4.29  3.81  2.74  2.60  2.31  1.98  1.40  0.67  0.36  0.21  0.13  0.06  0.03  0.02
 2 -85  0.03  0.08  0.14  0.28  0.55  0.83  1.39  2.83  4.13  5.08  6.35  6.36  5.71  4.77  4.29  3.81  2.74  2.60  2.31  1.98  1.40  0.67  0.36  0.21  0.13  0.06  0.03  0.02
 2 -80  0.03  0.08  0.14  0.28  0.55  0.83  1.39  2.83  4.13  5.09  6.35  6.37  5.72  4.77  4.28  3.81  2.74  2.60  2.31  1.98  1.40  0.67  0.36  0.21  0.13  0.05  0.03  0.02
 2 -75  0.03  0.08  0.14  0.27  0.55  0.83  1.38  2.81  4.11  5.08  6.43  6.71  6.19  5.25  4.68  4.16  2.95  2.60  2.30  1.97  1.37  0.65  0.36  0.20  0.12  0.05  0.03  0.02
 2 -70  0.03  0.08  0.14  0.27  0.54  0.82  1.37  2.78  4.10  5.07  6.50  7.06  6.67  5.74  5.08  4.52  3.24  2.62  2.27  1.93  1.32  0.63  0.37  0.20  0.11  0.05  0.03  0.03
 2 -65  0.03  0.08  0.14  0.28  0.56  0.83  1.40  2.83  4.16  5.15  6.66  7.46  7.23  6.35  5.59  4.99  3.69  2.65  2.09  1.77  1.19  0.55  0.35  0.20  0.12  0.05  0.03  0.03
 2 -60  0.03  0.08  0.14  0.28  0.57  0.85  1.43  2.89  4.24  5.24  6.83  7.86  7.79  6.96  6.11  5.44  4.13  2.69  1.92  1.62  1.06  0.48  0.32  0.20  0.12  0.05  0.03  0.03
 2 -55  0.03  0.09  0.15  0.29  0.59  0.89  1.48  3.01  4.37  5.42  7.02  8.15  8.22  7.53  6.65  5.96  4.27  2.57  1.55  1.29  0.80  0.35  0.25  0.18  0.11  0.05  0.04  0.03
 2 -50  0.03  0.09  0.15  0.30  0.61  0.91  1.53  3.10  4.47  5.58  7.21  8.44  8.66  8.10  7.19  6.50  4.40  2.46  1.24  0.99  0.55  0.24  0.17  0.14  0.08  0.05  0.04  0.03
 2 -45  0.03  0.09  0.15  0.30  0.60  0.90  1.51  3.07  4.41  5.47  7.19  8.74  9.06  8.59  7.42  6.60  4.49  2.42  1.23  0.96  0.48  0.18  0.16  0.09  0.06  0.04  0.03  0.03
 2 -40  0.03  0.09  0.15  0.30  0.60  0.90  1.51  3.05  4.48  5.58  7.40  9.08  9.51  9.03  7.70  6.67  4.50  2.38  1.24  0.95  0.44  0.16  0.11  0.06  0.05  0.04  0.03  0.03
 2 -35  0.03  0.09  0.15  0.30  0.60  0.90  1.51  3.04  4.27  5.32  7.22  9.08  9.56  9.29  7.79  6.73  4.39  2.19  1.01  0.75  0.33  0.13  0.08  0.05  0.04  0.04  0.03  0.03
 2 -30  0.03  0.09  0.15  0.30  0.60  0.90  1.50  3.03  4.33  5.37  7.29  9.23  9.75  9.42  7.93  6.86  4.30  1.97  0.79  0.57  0.22  0.09  0.05  0.04  0.04  0.03  0.03  0.03
 2 -25  0.03  0.09  0.15  0.30  0.59  0.89  1.49  3.01  4.28  5.38  7.44  9.44  9.96  9.61  7.97  6.86  4.20  1.84  0.68  0.48  0.18  0.06  0.04  0.03  0.03  0.03  0.03  0.03
 2 -20  0.03  0.08  0.14  0.28  0.57  0.85  1.42  2.86  4.29  5.46  7.44  9.53 10.32  9.99  8.13  6.87  4.16  1.68  0.56  0.38  0.12  0.04  0.03  0.03  0.03  0.03  0.03  0.03
 2 -15  0.03  0.08  0.14  0.28  0.56  0.84  1.41  2.85  4.28  5.20  7.18  9.64 10.58 10.12  8.15  6.92  4.07  1.59  0.52  0.35  0.12  0.04  0.03  0.03  0.03  0.03  0.03  0.03
 2 -10  0.03  0.08  0.14  0.27  0.55  0.82  1.37  2.76  4.06  5.10  6.99  9.39 10.37 10.21  8.16  7.00  4.04  1.48  0.48  0.32  0.08  0.03  0.02  0.02  0.02  0.03  0.03  0.02
 2  -5  0.03  0.08  0.14  0.27  0.55  0.82  1.37  2.77  4.18  5.24  7.32  9.33 10.30 10.12  7.83  6.56  3.87  1.45  0.47  0.32  0.07  0.03  0.02  0.02  0.02  0.02  0.02  0.02
 2   0  0.03  0.09  0.15  0.30  0.60  0.90  1.52  3.10  4.44  5.58  7.55  9.78 10.78 10.29  7.60  6.09  3.60  1.32  0.45  0.31  0.06  0.03  0.02  0.02  0.02  0.03  0.03  0.02
 2   5  0.03  0.09  0.15  0.29  0.59  0.89  1.49  3.03  4.54  5.59  7.69  9.47 10.16 10.06  7.71  6.33  3.79  1.44  0.51  0.34  0.06  0.03  0.02  0.02  0.02  0.03  0.03  0.03
 2  10  0.03  0.09  0.15  0.29  0.59  0.88  1.48  2.99  4.41  5.52  7.39  8.98  9.49  9.49  7.84  6.67  4.00  1.62  0.60  0.40  0.06  0.03  0.03  0.02  0.03  0.03  0.03  0.03
 2  15  0.03  0.09  0.15  0.29  0.59  0.89  1.49  3.01  4.61  5.71  7.41  8.72  9.07  9.10  7.60  6.63  4.07  1.70  0.66  0.46  0.07  0.03  0.03  0.03  0.03  0.03  0.03  0.03
 2  20  0.03  0.09  0.15  0.31  0.62  0.93  1.55  3.15  4.73  5.97  7.57  8.65  9.04  8.90  7.46  6.65  4.32  1.84  0.70  0.50  0.09  0.04  0.03  0.03  0.03  0.03  0.04  0.03
 2  25  0.03  0.09  0.15  0.31  0.62  0.93  1.56  3.16  4.92  6.03  7.54  8.54  8.70  8.26  7.12  6.56  4.54  2.17  0.88  0.66  0.26  0.06  0.04  0.04  0.04  0.04  0.04  0.03
 2  30  0.03  0.10  0.16  0.33  0.66  0.99  1.66  3.36  5.04  6.34  7.69  8.37  8.48  7.93  7.03  6.54  4.86  2.35  1.00  0.75  0.31  0.18  0.07  0.06  0.05  0.04  0.04  0.04
 2  35  0.03  0.10  0.17  0.34  0.69  1.04  1.74  3.53  5.36  6.64  8.00  8.31  8.19  7.71  7.02  6.54  5.12  2.77  1.29  0.99  0.47  0.30  0.21  0.09  0.06  0.04  0.04  0.04
 2  40  0.04  0.11  0.18  0.36  0.73  1.09  1.83  3.74  5.48  6.79  8.06  8.28  7.93  7.26  6.73  6.47  5.39  3.23  1.70  1.26  0.66  0.42  0.29  0.13  0.08  0.05  0.04  0.04
 2  45  0.04  0.11  0.18  0.37  0.74  1.12  1.88  3.82  5.55  6.88  8.09  8.06  7.54  7.10  6.71  6.37  5.55  3.58  1.96  1.57  0.96  0.55  0.37  0.23  0.09  0.05  0.04  0.04
 2  50  0.04  0.11  0.19  0.38  0.75  1.13  1.90  3.86  5.78  7.13  7.97  7.79  7.08  6.53  6.44  6.29  5.74  3.87  2.27  1.86  1.19  0.65  0.40  0.28  0.10  0.05  0.04  0.04
 2  55  0.04  0.12  0.20  0.39  0.78  1.18  1.98  4.02  5.88  7.04  7.69  7.42  6.79  6.35  6.26  6.17  5.70  3.99  2.46  2.04  1.38  0.70  0.44  0.30  0.11  0.05  0.04  0.04
 2  60  0.04  0.12  0.20  0.40  0.81  1.22  2.04  4.15  5.91  7.00  7.50  7.10  6.53  6.19  6.08  6.00  5.62  4.05  2.65  2.22  1.57  0.77  0.48  0.31  0.11  0.06  0.04  0.04
 2  65  0.04  0.12  0.20  0.40  0.81  1.22  2.05  4.16  5.84  6.81  7.29  6.91  6.48  6.24  6.03  5.88  5.42  3.91  2.76  2.35  1.71  0.83  0.48  0.30  0.11  0.06  0.04  0.04
 2  70  0.04  0.12  0.20  0.40  0.81  1.22  2.05  4.16  5.79  6.65  7.08  6.72  6.43  6.30  5.99  5.76  5.26  3.79  2.86  2.47  1.84  0.90  0.47  0.29  0.12  0.06  0.04  0.04
 2  75  0.04  0.12  0.20  0.40  0.81  1.21  2.04  4.14  5.65  6.36  6.99  6.81  6.69  6.62  6.17  5.85  5.31  3.73  2.91  2.53  1.89  0.94  0.49  0.29  0.12  0.06  0.04  0.04
 2  80  0.04  0.12  0.20  0.40  0.80  1.20  2.02  4.12  5.51  6.06  6.89  6.94  6.95  6.93  6.36  5.95  5.35  3.66  2.94  2.57  1.92  0.97  0.50  0.29  0.12  0.06  0.05  0.04
 2  85  0.04  0.12  0.20  0.40  0.80  1.20  2.02  4.11  5.50  6.04  6.88  6.93  6.94  6.92  6.35  5.94  5.35  3.66  2.94  2.57  1.92  0.97  0.50  0.29  0.13  0.06  0.04  0.04
 2  90  0.04  0.12  0.20  0.40  0.80  1.20  2.02  4.11  5.49  6.03  6.86  6.91  6.92  6.92  6.34  5.93  5.34  3.66  2.94  2.57  1.92  0.97  0.50  0.29  0.13  0.06  0.04  0.04
 3 -90  0.04  0.12  0.20  0.40  0.81  1.22  2.04  4.17  5.57  6.42  6.49  5.89  5.19  4.50  3.87  3.14  2.56  2.61  2.44  2.11  1.51  0.59  0.33  0.19  0.11  0.05  0.03  0.02
 3 -85  0.04  0.12  0.20  0.40  0.81  1.22  2.04  4.16  5.57  6.42  6.50  5.90  5.19  4.50  3.86  3.14  2.56  2.61  2.44  2.11  1.51  0.59  0.33  0.19  0.11  0.05  0.03  0.02
 3 -80  0.04  0.12  0.20  0.40  0.81  1.21  2.04  4.16  5.56  6.43  6.50  5.90  5.19  4.49  3.86  3.14  2.56  2.61  2.44  2.11  1.51  0.59  0.33  0.19  0.11  0.05  0.03  0.03
 3 -75  0.04  0.11  0.19  0.38  0.77  1.16  1.94  3.96  5.49  6.49  6.91  6.43  5.69  4.90  4.19  3.44  2.68  2.58  2.41  2.07  1.46  0.58  0.33  0.19  0.11  0.05  0.03  0.03
 3 -70  0.04  0.11  0.18  0.36  0.73  1.10  1.85  3.76  5.41  6.53  7.30  6.96  6.19  5.30  4.52  3.78  2.89  2.57  2.33  1.99  1.39  0.56  0.32  0.18  0.11  0.05  0.03  0.03
 3 -65  0.04  0.11  0.18  0.35  0.71  1.07  1.79  3.64  5.32  6.49  7.48  7.42  6.77  5.86  5.12  4.49  3.33  2.59  2.10  1.80  1.24  0.51  0.30  0.18  0.12  0.05  0.03  0.03
 3 -60  0.03  0.10  0.17  0.34  0.69  1.04  1.74  3.53  5.24  6.46  7.67  7.89  7.34  6.43  5.73  5.18  3.75  2.64  1.89  1.61  1.08  0.45  0.28  0.18  0.11  0.05  0.03  0.03
 3 -55  0.03  0.10  0.17  0.34  0.69  1.04  1.74  3.53  5.24  6.47  7.78  8.19  7.82  6.98  6.28  5.76  4.19  2.61  1.57  1.31  0.84  0.34  0.23  0.17  0.10  0.05  0.03  0.03
 3 -50  0.03  0.10  0.17  0.34  0.69  1.03  1.73  3.52  5.24  6.52  7.92  8.50  8.31  7.57  6.87  6.37  4.60  2.57  1.30  1.06  0.62  0.24  0.17  0.12  0.07  0.04  0.03  0.03
 3 -45  0.03  0.10  0.17  0.33  0.67  1.01  1.69  3.43  5.05  6.30  7.84  8.83  8.79  8.16  7.10  6.29  4.50  2.49  1.25  0.98  0.52  0.17  0.14  0.08  0.05  0.04  0.03  0.03
 3 -40  0.03  0.10  0.16  0.33  0.66  0.99  1.66  3.37  4.98  6.25  7.92  9.17  9.33  8.76  7.29  6.15  4.36  2.42  1.18  0.91  0.45  0.14  0.10  0.06  0.04  0.03  0.03  0.03
 3 -35  0.03  0.10  0.16  0.32  0.64  0.96  1.61  3.27  4.72  5.90  7.69  9.17  9.47  9.10  7.71  6.67  4.37  2.24  0.96  0.72  0.32  0.13  0.07  0.05  0.04  0.03  0.03  0.03
 3 -30  0.03  0.09  0.16  0.31  0.63  0.95  1.59  3.21  4.67  5.84  7.66  9.30  9.69  9.38  8.17  7.26  4.41  2.03  0.75  0.54  0.19  0.08  0.05  0.04  0.03  0.03  0.03  0.03
 3 -25  0.03  0.09  0.15  0.31  0.61  0.92  1.55  3.13  4.50  5.65  7.62  9.44  9.96  9.69  8.26  7.28  4.28  1.83  0.61  0.43  0.15  0.05  0.03  0.03  0.03  0.03  0.03  0.03
 3 -20  0.03  0.09  0.15  0.29  0.59  0.88  1.48  2.98  4.47  5.70  7.54  9.41 10.26 10.18  8.46  7.31  4.21  1.55  0.47  0.32  0.09  0.04  0.03  0.03  0.03  0.03  0.03  0.03
 3 -15  0.03  0.09  0.14  0.29  0.58  0.87  1.46  2.96  4.36  5.28  7.13  9.45 10.45 10.29  8.35  7.11  4.12  1.52  0.46  0.31  0.10  0.03  0.02  0.02  0.02  0.03  0.03  0.02
 3 -10  0.03  0.08  0.14  0.28  0.57  0.85  1.43  2.89  4.09  5.06  6.75  9.09 10.29 10.45  8.24  6.96  4.11  1.49  0.47  0.31  0.12  0.03  0.02  0.02  0.02  0.03  0.02  0.02
 3  -5  0.03  0.08  0.14  0.28  0.56  0.85  1.42  2.88  4.13  5.09  6.93  8.96 10.20 10.39  8.07  6.80  4.01  1.47  0.47  0.32  0.06  0.03  0.02  0.02  0.02  0.02  0.02  0.02
 3   0  0.03  0.09  0.15  0.30  0.60  0.91  1.53  3.13  4.30  5.35  7.15  9.43 10.77 10.69  8.01  6.56  3.80  1.34  0.45  0.31  0.13  0.03  0.02  0.02  0.02  0.02  0.02  0.02
 3   5  0.03  0.09  0.15  0.30  0.59  0.89  1.50  3.06  4.42  5.33  7.27  9.17 10.24 10.46  8.00  6.68  3.95  1.44  0.50  0.33  0.06  0.03  0.02  0.02  0.02  0.03  0.03  0.03
 3  10  0.03  0.09  0.14  0.29  0.58  0.88  1.47  2.98  4.23  5.15  7.01  8.77  9.62  9.79  8.03  6.92  4.15  1.61  0.58  0.39  0.06  0.03  0.02  0.02  0.03  0.03  0.03  0.03
 3  15  0.03  0.09  0.15  0.29  0.59  0.88  1.47  2.99  4.47  5.42  7.23  8.66  9.19  9.33  7.68  6.63  4.13  1.69  0.64  0.45  0.07  0.03  0.03  0.03  0.03  0.03  0.04  0.03
 3  20  0.03  0.09  0.15  0.31  0.61  0.92  1.55  3.14  4.59  5.70  7.39  8.74  9.25  9.16  7.46  6.45  4.30  1.79  0.67  0.48  0.19  0.04  0.03  0.03  0.03  0.04  0.04  0.04
 3  25  0.03  0.09  0.15  0.31  0.62  0.93  1.56  3.16  4.76  5.82  7.42  8.64  8.91  8.60  7.25  6.46  4.49  2.22  0.89  0.68  0.30  0.06  0.05  0.04  0.04  0.04  0.04  0.04
 3  30  0.03  0.10  0.16  0.32  0.64  0.97  1.62  3.29  4.90  6.13  7.66  8.55  8.75  8.36  7.25  6.56  4.78  2.51  1.07  0.82  0.39  0.20  0.09  0.06  0.05  0.04  0.04  0.04
 3  35  0.03  0.10  0.17  0.33  0.66  1.00  1.68  3.41  5.18  6.44  8.08  8.65  8.65  8.19  7.27  6.62  4.90  2.86  1.36  1.06  0.57  0.31  0.22  0.09  0.06  0.05  0.04  0.04
 3  40  0.03  0.10  0.17  0.34  0.69  1.04  1.75  3.57  5.26  6.56  8.13  8.76  8.58  7.85  7.03  6.58  5.01  3.21  1.74  1.32  0.77  0.42  0.30  0.14  0.08  0.05  0.04  0.04
 3  45  0.03  0.10  0.17  0.35  0.69  1.05  1.76  3.58  5.39  6.76  8.40  8.71  8.25  7.68  6.97  6.43  5.29  3.54  1.93  1.57  1.00  0.55  0.39  0.24  0.10  0.05  0.05  0.04
 3  50  0.03  0.10  0.17  0.34  0.69  1.04  1.75  3.55  5.56  7.05  8.38  8.49  7.79  7.13  6.66  6.26  5.58  3.78  2.20  1.82  1.17  0.66  0.43  0.30  0.11  0.06  0.05  0.04
 3  55  0.04  0.11  0.18  0.36  0.72  1.08  1.82  3.70  5.69  7.06  8.21  8.17  7.50  6.89  6.49  6.21  5.58  3.96  2.45  2.03  1.36  0.75  0.48  0.33  0.12  0.06  0.05  0.04
 3  60  0.04  0.11  0.19  0.37  0.74  1.12  1.88  3.83  5.78  7.13  8.10  7.88  7.20  6.62  6.31  6.11  5.56  4.11  2.70  2.26  1.56  0.86  0.54  0.35  0.13  0.06  0.05  0.04
 3  65  0.04  0.11  0.19  0.38  0.77  1.15  1.94  3.94  5.81  7.09  7.89  7.61  6.97  6.46  6.12  5.89  5.36  4.11  2.85  2.43  1.76  0.95  0.60  0.37  0.13  0.06  0.05  0.04
 3  70  0.04  0.12  0.20  0.39  0.79  1.19  1.99  4.05  5.84  7.04  7.68  7.32  6.73  6.30  5.93  5.68  5.17  4.13  3.00  2.60  1.96  1.04  0.65  0.39  0.14  0.06  0.05  0.04
 3  75  0.04  0.12  0.20  0.39  0.79  1.19  2.00  4.06  5.75  6.86  7.46  7.20  6.76  6.43  5.88  5.49  5.10  4.15  3.05  2.66  2.02  1.09  0.64  0.38  0.19  0.06  0.05  0.04
 3  80  0.04  0.12  0.20  0.39  0.79  1.19  2.00  4.07  5.66  6.68  7.24  7.08  6.79  6.56  5.82  5.32  5.03  4.14  3.08  2.70  2.05  1.12  0.64  0.38  0.18  0.06  0.05  0.04
 3  85  0.04  0.12  0.20  0.39  0.79  1.19  2.00  4.06  5.65  6.67  7.22  7.06  6.77  6.55  5.82  5.31  5.03  4.14  3.08  2.70  2.05  1.12  0.64  0.38  0.18  0.06  0.05  0.04
 3  90  0.04  0.12  0.20  0.39  0.79  1.19  2.00  4.06  5.64  6.65  7.20  7.04  6.76  6.55  5.81  5.30  5.02  4.14  3.08  2.70  2.05  1.12  0.64  0.38  0.18  0.06  0.05  0.04
 4 -90  0.05  0.16  0.27  0.53  1.07  1.62  2.73  5.61  6.39  6.55  6.24  5.48  4.88  4.25  3.57  2.73  2.26  2.86  2.43  2.09  1.39  0.47  0.29  0.18  0.11  0.04  0.03  0.03
 4 -85  0.05  0.16  0.27  0.53  1.07  1.62  2.73  5.61  6.39  6.56  6.24  5.48  4.88  4.24  3.57  2.73  2.26  2.86  2.43  2.08  1.39  0.47  0.29  0.18  0.11  0.04  0.03  0.03
 4 -80  0.05  0.16  0.27  0.53  1.07  1.62  2.72  5.61  6.39  6.56  6.25  5.49  4.88  4.24  3.56  2.72  2.26  2.86  2.43  2.08  1.39  0.47  0.29  0.18  0.11  0.05  0.03  0.03
 4 -75  0.05  0.15  0.26  0.51  1.03  1.55  2.62  5.37  6.59  7.02  6.78  5.97  5.31  4.62  3.98  3.17  2.57  2.81  2.38  2.05  1.39  0.46  0.28  0.17  0.10  0.05  0.03  0.03
 4 -70  0.05  0.15  0.25  0.49  0.99  1.49  2.51  5.13  6.74  7.47  7.31  6.48  5.74  5.00  4.36  3.67  2.98  2.76  2.29  1.99  1.37  0.44  0.27  0.17  0.11  0.05  0.03  0.03
 4 -65  0.05  0.14  0.24  0.47  0.95  1.43  2.40  4.90  6.67  7.56  7.66  7.03  6.26  5.49  4.86  4.34  3.47  2.77  2.10  1.81  1.23  0.40  0.25  0.16  0.10  0.05  0.03  0.03
 4 -60  0.05  0.14  0.23  0.45  0.91  1.37  2.30  4.68  6.60  7.67  8.02  7.56  6.78  5.97  5.37  4.97  3.93  2.80  1.92  1.63  1.08  0.36  0.22  0.15  0.09  0.05  0.03  0.03
 4 -55  0.04  0.13  0.22  0.43  0.87  1.31  2.19  4.46  6.44  7.61  8.19  7.91  7.22  6.41  5.94  5.70  4.39  2.74  1.63  1.35  0.83  0.29  0.18  0.14  0.08  0.04  0.03  0.03
 4 -50  0.04  0.12  0.21  0.41  0.83  1.25  2.09  4.26  6.34  7.65  8.43  8.26  7.72  6.90  6.58  6.45  4.80  2.64  1.39  1.10  0.59  0.22  0.13  0.10  0.06  0.04  0.03  0.03
 4 -45  0.04  0.12  0.20  0.39  0.79  1.18  1.99  4.05  6.03  7.37  8.40  8.65  8.29  7.56  6.89  6.35  4.64  2.51  1.34  1.03  0.51  0.17  0.11  0.08  0.05  0.03  0.03  0.03
 4 -40  0.04  0.11  0.19  0.37  0.75  1.13  1.90  3.87  5.73  7.13  8.43  9.02  8.85  8.21  7.03  6.15  4.49  2.39  1.25  0.95  0.45  0.14  0.10  0.06  0.04  0.03  0.03  0.03
 4 -35  0.04  0.11  0.18  0.35  0.71  1.07  1.79  3.64  5.36  6.62  8.15  9.10  9.16  8.67  7.25  6.18  4.30  2.18  1.06  0.80  0.37  0.13  0.08  0.05  0.04  0.03  0.03  0.03
 4 -30  0.03  0.10  0.17  0.34  0.68  1.02  1.72  3.49  5.14  6.40  8.00  9.25  9.47  9.11  7.49  6.27  4.16  1.99  0.89  0.66  0.29  0.09  0.05  0.04  0.03  0.03  0.03  0.03
 4 -25  0.03  0.10  0.16  0.33  0.66  0.99  1.65  3.36  4.88  6.08  7.85  9.35  9.82  9.56  7.81  6.60  4.17  1.86  0.69  0.50  0.20  0.05  0.03  0.03  0.03  0.03  0.03  0.03
 4 -20  0.03  0.09  0.16  0.31  0.63  0.95  1.58  3.21  4.84  6.13  7.76  9.27 10.09 10.21  8.23  6.92  4.21  1.62  0.49  0.34  0.11  0.04  0.03  0.02  0.02  0.03  0.03  0.03
 4 -15  0.03  0.09  0.15  0.31  0.62  0.93  1.56  3.17  4.65  5.68  7.40  9.30 10.16 10.26  8.32  7.02  4.14  1.53  0.45  0.31  0.11  0.03  0.02  0.02  0.02  0.02  0.03  0.02
 4 -10  0.03  0.09  0.15  0.30  0.61  0.92  1.54  3.14  4.41  5.43  6.99  8.93 10.00 10.37  8.38  7.17  4.18  1.46  0.44  0.30  0.12  0.03  0.02  0.02  0.02  0.02  0.02  0.02
 4  -5  0.03  0.09  0.15  0.30  0.60  0.91  1.53  3.12  4.36  5.33  7.04  8.77  9.85 10.29  8.29  7.14  4.16  1.47  0.43  0.30  0.13  0.02  0.02  0.02  0.02  0.02  0.02  0.02
 4   0  0.03  0.09  0.15  0.31  0.62  0.94  1.58  3.23  4.42  5.45  7.17  9.16 10.34 10.58  8.29  7.02  4.04  1.37  0.42  0.29  0.13  0.02  0.02  0.02  0.02  0.02  0.02  0.02
 4   5  0.03  0.09  0.15  0.30  0.61  0.92  1.55  3.16  4.51  5.38  7.21  8.96 10.02 10.36  8.13  7.00  4.18  1.47  0.58  0.38  0.14  0.03  0.02  0.02  0.02  0.02  0.03  0.02
 4  10  0.03  0.09  0.15  0.30  0.60  0.90  1.50  3.05  4.22  5.08  6.92  8.63  9.54  9.71  8.04  7.12  4.39  1.64  0.77  0.52  0.17  0.03  0.02  0.02  0.02  0.03  0.03  0.03
 4  15  0.03  0.09  0.15  0.30  0.60  0.90  1.50  3.05  4.43  5.36  7.23  8.68  9.21  9.27  7.75  6.86  4.34  1.76  0.86  0.59  0.19  0.03  0.03  0.03  0.03  0.03  0.04  0.03
 4  20  0.03  0.09  0.15  0.31  0.62  0.93  1.56  3.17  4.56  5.61  7.36  8.85  9.33  9.11  7.62  6.73  4.42  1.87  0.91  0.63  0.21  0.05  0.03  0.03  0.03  0.04  0.04  0.04
 4  25  0.03  0.09  0.15  0.31  0.62  0.93  1.56  3.16  4.64  5.67  7.35  8.72  9.01  8.72  7.48  6.68  4.55  2.19  1.05  0.78  0.32  0.08  0.05  0.04  0.04  0.04  0.04  0.04
 4  30  0.03  0.09  0.16  0.31  0.62  0.94  1.57  3.20  4.73  5.88  7.53  8.62  8.91  8.62  7.49  6.75  4.76  2.41  1.17  0.89  0.41  0.16  0.09  0.06  0.05  0.04  0.04  0.04
 4  35  0.03  0.09  0.16  0.31  0.63  0.95  1.59  3.23  4.86  6.04  7.83  8.74  8.95  8.56  7.50  6.76  4.78  2.70  1.40  1.08  0.58  0.34  0.15  0.08  0.06  0.05  0.04  0.04
 4  40  0.03  0.10  0.16  0.32  0.64  0.96  1.62  3.31  4.79  5.97  7.65  8.84  9.02  8.42  7.32  6.67  4.79  2.96  1.68  1.29  0.77  0.44  0.30  0.12  0.07  0.05  0.04  0.04
 4  45  0.03  0.09  0.16  0.31  0.63  0.95  1.60  3.26  4.87  6.11  7.98  8.91  8.80  8.25  7.23  6.51  4.91  3.21  1.81  1.48  0.94  0.53  0.38  0.16  0.09  0.06  0.05  0.04
 4  50  0.03  0.09  0.15  0.31  0.62  0.93  1.56  3.17  4.88  6.25  7.95  8.74  8.40  7.80  6.94  6.31  5.01  3.40  2.02  1.67  1.06  0.61  0.42  0.30  0.11  0.06  0.05  0.05
 4  55  0.03  0.09  0.15  0.31  0.62  0.93  1.56  3.18  4.88  6.20  7.86  8.50  8.12  7.47  6.62  6.04  5.11  3.62  2.25  1.88  1.24  0.69  0.47  0.33  0.13  0.06  0.05  0.05
 4  60  0.03  0.09  0.16  0.31  0.63  0.95  1.59  3.23  4.93  6.27  7.83  8.28  7.81  7.11  6.29  5.75  5.20  3.83  2.50  2.10  1.43  0.79  0.55  0.36  0.14  0.07  0.05  0.05
 4  65  0.03  0.09  0.16  0.32  0.63  0.95  1.60  3.26  4.92  6.24  7.65  7.94  7.42  6.72  6.08  5.64  5.08  3.87  2.70  2.28  1.58  0.93  0.66  0.41  0.15  0.07  0.05  0.05
 4  70  0.03  0.10  0.16  0.32  0.64  0.96  1.62  3.28  4.92  6.21  7.47  7.59  7.02  6.33  5.86  5.53  4.96  3.90  2.90  2.46  1.74  1.07  0.76  0.46  0.24  0.07  0.05  0.05
 4  75  0.03  0.10  0.16  0.33  0.65  0.98  1.65  3.34  4.88  6.12  7.15  7.14  6.58  5.96  5.67  5.44  4.91  3.97  3.00  2.57  1.86  1.14  0.78  0.46  0.23  0.07  0.05  0.05
 4  80  0.03  0.10  0.17  0.33  0.67  1.00  1.68  3.40  4.86  6.02  6.83  6.69  6.14  5.60  5.47  5.35  4.88  4.03  3.08  2.66  1.96  1.19  0.78  0.46  0.22  0.07  0.05  0.05
 4  85  0.03  0.10  0.17  0.33  0.66  1.00  1.68  3.40  4.84  6.01  6.80  6.67  6.13  5.59  5.46  5.35  4.87  4.03  3.07  2.66  1.96  1.19  0.78  0.46  0.22  0.07  0.05  0.05
 4  90  0.03  0.10  0.17  0.33  0.66  1.00  1.67  3.39  4.83  5.99  6.78  6.64  6.11  5.58  5.45  5.34  4.86  4.03  3.07  2.66  1.96  1.19  0.78  0.46  0.22  0.07  0.05  0.05
 5 -90  0.06  0.17  0.29  0.58  1.18  1.78  3.01  6.25  6.89  7.08  6.35  4.92  4.08  3.39  3.10  2.79  3.01  2.98  2.33  1.97  1.32  0.47  0.25  0.15  0.08  0.04  0.03  0.03
 5 -85  0.06  0.17  0.29  0.58  1.18  1.78  3.01  6.24  6.89  7.08  6.36  4.92  4.08  3.38  3.10  2.78  3.01  2.98  2.32  1.96  1.32  0.47  0.25  0.15  0.08  0.04  0.03  0.03
 5 -80  0.06  0.17  0.29  0.58  1.18  1.78  3.01  6.24  6.88  7.08  6.37  4.93  4.09  3.38  3.09  2.78  3.01  2.98  2.32  1.96  1.32  0.47  0.25  0.15  0.08  0.04  0.03  0.03
 5 -75  0.06  0.17  0.28  0.57  1.15  1.73  2.93  6.06  6.94  7.30  6.82  5.57  4.81  4.11  3.65  3.15  3.05  2.84  2.16  1.83  1.25  0.44  0.23  0.14  0.08  0.04  0.03  0.03
 5 -70  0.05  0.16  0.27  0.55  1.11  1.68  2.83  5.83  6.97  7.49  7.23  6.22  5.54  4.85  4.25  3.60  3.12  2.68  1.98  1.68  1.15  0.41  0.22  0.14  0.08  0.04  0.03  0.03
 5 -65  0.06  0.17  0.28  0.55  1.11  1.68  2.83  5.80  7.19  7.80  7.51  6.58  5.91  5.22  4.85  4.37  3.68  2.78  1.91  1.60  1.03  0.39  0.22  0.14  0.08  0.04  0.03  0.03
 5 -60  0.06  0.17  0.28  0.55  1.11  1.68  2.82  5.77  7.41  8.12  7.80  6.95  6.27  5.58  5.31  5.09  4.32  2.92  1.85  1.52  0.92  0.38  0.21  0.14  0.08  0.04  0.03  0.03
 5 -55  0.05  0.16  0.26  0.53  1.06  1.60  2.69  5.49  7.33  8.25  8.08  7.39  6.65  5.92  5.63  5.57  4.62  2.77  1.65  1.33  0.76  0.35  0.20  0.15  0.07  0.04  0.03  0.03
 5 -50  0.05  0.15  0.25  0.51  1.03  1.54  2.59  5.29  7.38  8.54  8.47  7.82  7.12  6.33  6.05  6.08  4.86  2.56  1.49  1.16  0.61  0.34  0.18  0.10  0.06  0.04  0.03  0.03
 5 -45  0.05  0.14  0.23  0.47  0.95  1.42  2.39  4.89  7.03  8.28  8.63  8.31  7.79  7.05  6.53  6.13  4.74  2.48  1.42  1.07  0.50  0.28  0.15  0.08  0.05  0.03  0.03  0.03
 5 -40  0.04  0.13  0.21  0.43  0.86  1.30  2.19  4.47  6.54  7.92  8.71  8.71  8.31  7.66  6.73  6.11  4.66  2.41  1.30  0.97  0.43  0.24  0.12  0.06  0.04  0.03  0.03  0.03
 5 -35  0.04  0.12  0.20  0.39  0.79  1.19  2.00  4.08  6.00  7.30  8.42  8.83  8.71  8.13  7.19  6.49  4.55  2.18  1.08  0.80  0.34  0.19  0.09  0.05  0.04  0.03  0.03  0.03
 5 -30  0.04  0.11  0.18  0.37  0.73  1.10  1.85  3.77  5.62  6.94  8.23  8.99  9.00  8.57  7.62  6.91  4.51  2.01  0.86  0.63  0.23  0.10  0.06  0.04  0.03  0.03  0.03  0.03
 5 -25  0.03  0.10  0.17  0.35  0.70  1.06  1.77  3.61  5.28  6.51  8.01  9.08  9.42  9.10  7.80  6.92  4.40  1.94  0.70  0.51  0.18  0.06  0.04  0.03  0.03  0.03  0.03  0.03
 5 -20  0.03  0.10  0.17  0.33  0.67  1.01  1.70  3.47  5.22  6.52  7.94  9.01  9.68  9.85  8.06  6.92  4.30  1.77  0.55  0.39  0.12  0.04  0.03  0.02  0.02  0.03  0.03  0.03
 5 -15  0.03  0.10  0.16  0.33  0.65  0.99  1.66  3.38  4.97  6.13  7.74  9.16  9.76  9.97  8.28  7.08  4.25  1.64  0.47  0.33  0.11  0.03  0.02  0.02  0.02  0.03  0.03  0.03
 5 -10  0.03  0.10  0.16  0.32  0.65  0.98  1.65  3.37  4.77  5.90  7.39  8.92  9.71 10.06  8.40  7.29  4.33  1.53  0.41  0.29  0.11  0.03  0.02  0.02  0.02  0.02  0.02  0.02
 5  -5  0.03  0.10  0.16  0.32  0.65  0.97  1.64  3.36  4.67  5.70  7.37  8.83  9.52  9.96  8.22  7.06  4.13  1.39  0.36  0.26  0.11  0.02  0.02  0.02  0.02  0.02  0.02  0.02
 5   0  0.03  0.09  0.16  0.32  0.64  0.96  1.62  3.32  4.63  5.66  7.39  9.08  9.83 10.16  8.08  6.74  3.86  1.15  0.32  0.23  0.11  0.02  0.02  0.02  0.02  0.02  0.02  0.02
 5   5  0.03  0.09  0.16  0.31  0.63  0.95  1.60  3.28  4.65  5.56  7.32  8.94  9.81 10.11  8.06  6.95  4.18  1.40  0.47  0.33  0.16  0.03  0.02  0.02  0.02  0.02  0.02  0.02
 5  10  0.03  0.09  0.15  0.30  0.61  0.92  1.54  3.13  4.28  5.16  6.98  8.64  9.54  9.69  8.11  7.29  4.58  1.69  0.67  0.48  0.22  0.03  0.02  0.02  0.02  0.03  0.03  0.03
 5  15  0.03  0.09  0.15  0.30  0.61  0.92  1.54  3.12  4.40  5.38  7.26  8.78  9.35  9.35  7.92  7.13  4.48  1.85  0.76  0.56  0.25  0.03  0.03  0.03  0.03  0.03  0.03  0.03
 5  20  0.03  0.09  0.15  0.31  0.62  0.94  1.57  3.21  4.53  5.55  7.29  8.94  9.49  9.18  7.87  7.10  4.44  1.97  0.82  0.60  0.28  0.05  0.04  0.03  0.03  0.04  0.04  0.03
 5  25  0.03  0.09  0.15  0.31  0.62  0.93  1.55  3.16  4.49  5.51  7.24  8.75  9.12  8.89  7.73  6.91  4.62  2.20  0.98  0.74  0.37  0.09  0.05  0.04  0.04  0.04  0.04  0.04
 5  30  0.03  0.09  0.15  0.30  0.61  0.91  1.53  3.11  4.54  5.57  7.31  8.58  8.98  8.82  7.67  6.84  4.85  2.38  1.12  0.87  0.44  0.15  0.08  0.05  0.05  0.04  0.04  0.04
 5  35  0.03  0.09  0.15  0.30  0.61  0.91  1.53  3.11  4.57  5.67  7.48  8.62  9.01  8.76  7.62  6.81  4.85  2.64  1.30  1.02  0.57  0.32  0.12  0.07  0.05  0.05  0.04  0.04
 5  40  0.03  0.09  0.15  0.30  0.61  0.92  1.55  3.16  4.42  5.49  7.12  8.59  9.06  8.69  7.45  6.70  4.86  2.85  1.51  1.19  0.72  0.41  0.19  0.10  0.07  0.05  0.05  0.04
 5  45  0.03  0.09  0.15  0.29  0.59  0.89  1.50  3.06  4.46  5.53  7.36  8.62  8.85  8.45  7.30  6.54  4.87  3.01  1.64  1.36  0.89  0.49  0.34  0.14  0.08  0.06  0.05  0.04
 5  50  0.03  0.08  0.14  0.28  0.56  0.85  1.43  2.90  4.35  5.48  7.23  8.41  8.49  8.05  7.05  6.33  4.83  3.12  1.85  1.55  1.01  0.58  0.40  0.18  0.10  0.06  0.05  0.05
 5  55  0.03  0.08  0.14  0.27  0.55  0.83  1.39  2.83  4.22  5.30  7.05  8.15  8.19  7.67  6.68  6.02  4.81  3.25  2.02  1.71  1.12  0.64  0.46  0.31  0.12  0.06  0.05  0.05
 5  60  0.03  0.08  0.14  0.27  0.55  0.83  1.39  2.83  4.20  5.28  6.97  7.96  7.89  7.26  6.33  5.71  4.77  3.39  2.22  1.87  1.24  0.71  0.53  0.35  0.13  0.07  0.05  0.05
 5  65  0.03  0.08  0.13  0.27  0.54  0.81  1.36  2.77  4.10  5.15  6.78  7.61  7.44  6.75  5.84  5.21  4.40  3.38  2.39  2.04  1.41  0.83  0.62  0.41  0.14  0.07  0.05  0.05
 5  70  0.03  0.08  0.13  0.26  0.53  0.79  1.33  2.70  4.00  5.03  6.60  7.26  6.98  6.24  5.34  4.72  4.03  3.37  2.57  2.21  1.58  0.94  0.71  0.47  0.29  0.07  0.05  0.05
 5  75  0.03  0.08  0.13  0.26  0.53  0.79  1.33  2.70  4.03  5.07  6.59  7.01  6.58  5.78  5.13  4.66  4.12  3.44  2.62  2.26  1.62  0.98  0.72  0.47  0.29  0.08  0.06  0.05
 5  80  0.03  0.08  0.13  0.26  0.53  0.79  1.33  2.69  4.05  5.12  6.58  6.75  6.17  5.33  4.91  4.61  4.23  3.51  2.65  2.29  1.65  1.00  0.72  0.46  0.28  0.08  0.06  0.05
 5  85  0.03  0.08  0.13  0.26  0.53  0.79  1.32  2.68  4.04  5.10  6.55  6.72  6.15  5.32  4.90  4.60  4.22  3.51  2.65  2.29  1.65  1.00  0.72  0.46  0.28  0.08  0.06  0.05
 5  90  0.03  0.08  0.13  0.26  0.53  0.79  1.32  2.67  4.02  5.08  6.52  6.70  6.13  5.31  4.89  4.59  4.22  3.50  2.65  2.29  1.65  1.00  0.72  0.46  0.28  0.08  0.06  0.05
 6 -90  0.06  0.18  0.30  0.59  1.20  1.81  3.07  6.39  7.14  7.46  6.70  5.03  4.29  3.90  3.42  3.13  3.01  2.92  2.17  1.89  1.36  0.48  0.21  0.12  0.06  0.03  0.03  0.03
 6 -85  0.06  0.18  0.30  0.59  1.20  1.81  3.07  6.39  7.14  7.46  6.70  5.03  4.29  3.90  3.42  3.13  3.01  2.92  2.17  1.88  1.36  0.48  0.21  0.12  0.06  0.03  0.03  0.03
 6 -80  0.06  0.18  0.30  0.59  1.20  1.81  3.07  6.38  7.13  7.46  6.71  5.04  4.30  3.89  3.41  3.13  3.01  2.92  2.17  1.88  1.36  0.48  0.21  0.13  0.07  0.04  0.03  0.03
 6 -75  0.06  0.18  0.29  0.59  1.19  1.80  3.05  6.33  7.14  7.54  7.06  5.58  4.86  4.32  3.78  3.34  3.11  2.90  2.11  1.84  1.35  0.48  0.21  0.13  0.07  0.04  0.03  0.03
 6 -70  0.06  0.17  0.29  0.59  1.18  1.78  3.01  6.22  7.14  7.60  7.37  6.14  5.45  4.79  4.21  3.64  3.23  2.86  2.05  1.77  1.32  0.47  0.20  0.13  0.07  0.04  0.03  0.03
 6 -65  0.06  0.17  0.29  0.58  1.16  1.75  2.95  6.09  7.20  7.76  7.47  6.35  5.67  4.99  4.69  4.28  3.70  2.90  2.01  1.70  1.20  0.47  0.24  0.13  0.07  0.04  0.03  0.03
 6 -60  0.06  0.17  0.28  0.57  1.14  1.72  2.89  5.94  7.24  7.87  7.53  6.57  5.90  5.20  5.11  4.88  4.18  2.98  1.97  1.63  1.09  0.46  0.26  0.13  0.07  0.04  0.03  0.03
 6 -55  0.05  0.16  0.27  0.55  1.11  1.67  2.81  5.74  7.36  8.13  7.78  6.92  6.19  5.49  5.41  5.41  4.51  2.89  1.75  1.44  0.91  0.39  0.27  0.12  0.06  0.04  0.03  0.03
 6 -50  0.05  0.16  0.27  0.55  1.10  1.66  2.79  5.69  7.61  8.64  8.14  7.32  6.60  5.86  5.77  5.96  4.78  2.70  1.54  1.24  0.74  0.35  0.27  0.11  0.06  0.03  0.03  0.03
 6 -45  0.05  0.15  0.25  0.50  1.01  1.52  2.55  5.23  7.34  8.53  8.55  8.00  7.45  6.73  6.27  5.97  4.70  2.60  1.46  1.17  0.65  0.31  0.24  0.09  0.05  0.03  0.03  0.03
 6 -40  0.04  0.13  0.22  0.45  0.90  1.36  2.28  4.66  6.82  8.18  8.76  8.48  7.98  7.34  6.44  5.93  4.68  2.52  1.36  1.07  0.59  0.27  0.20  0.08  0.05  0.03  0.03  0.03
 6 -35  0.04  0.12  0.20  0.41  0.82  1.23  2.07  4.23  6.20  7.49  8.43  8.64  8.45  7.85  6.92  6.29  4.72  2.28  1.12  0.88  0.47  0.22  0.12  0.07  0.04  0.03  0.03  0.03
 6 -30  0.04  0.11  0.18  0.37  0.74  1.12  1.88  3.83  5.72  7.03  8.20  8.80  8.76  8.30  7.33  6.67  4.83  2.14  0.88  0.68  0.32  0.15  0.07  0.05  0.04  0.03  0.03  0.03
 6 -25  0.04  0.11  0.18  0.36  0.72  1.09  1.82  3.73  5.46  6.67  8.00  8.84  9.12  8.75  7.57  6.81  4.65  1.98  0.71  0.53  0.23  0.06  0.04  0.03  0.03  0.03  0.03  0.03
 6 -20  0.03  0.10  0.17  0.35  0.70  1.06  1.78  3.65  5.47  6.74  8.02  8.78  9.28  9.44  7.89  6.94  4.45  1.77  0.54  0.39  0.13  0.04  0.03  0.03  0.03  0.03  0.03  0.03
 6 -15  0.03  0.10  0.17  0.34  0.68  1.03  1.73  3.54  5.22  6.50  8.03  9.04  9.40  9.62  8.07  6.90  4.21  1.64  0.49  0.36  0.13  0.03  0.03  0.02  0.02  0.03  0.03  0.03
 6 -10  0.03  0.10  0.17  0.34  0.68  1.03  1.73  3.54  5.10  6.33  7.80  8.96  9.43  9.63  8.09  6.90  4.11  1.55  0.47  0.34  0.13  0.03  0.02  0.02  0.02  0.03  0.03  0.03
 6  -5  0.03  0.10  0.17  0.34  0.68  1.02  1.72  3.54  4.95  6.06  7.74  8.96  9.25  9.54  8.23  7.13  4.24  1.53  0.43  0.32  0.13  0.03  0.02  0.02  0.02  0.02  0.02  0.02
 6   0  0.03  0.10  0.16  0.32  0.65  0.98  1.65  3.37  4.78  5.82  7.58  9.04  9.32  9.59  8.33  7.28  4.33  1.45  0.39  0.29  0.14  0.03  0.02  0.02  0.02  0.02  0.02  0.02
 6   5  0.03  0.10  0.16  0.32  0.65  0.98  1.65  3.38  4.78  5.76  7.48  9.00  9.60  9.73  8.23  7.29  4.49  1.58  0.48  0.35  0.18  0.03  0.02  0.02  0.02  0.03  0.02  0.02
 6  10  0.03  0.09  0.16  0.31  0.63  0.94  1.58  3.22  4.42  5.37  7.15  8.75  9.55  9.62  8.17  7.42  4.73  1.73  0.63  0.46  0.22  0.03  0.02  0.02  0.02  0.03  0.03  0.02
 6  15  0.03  0.09  0.16  0.31  0.63  0.95  1.59  3.23  4.48  5.53  7.37  8.93  9.50  9.44  7.95  7.14  4.66  1.87  0.71  0.54  0.25  0.04  0.03  0.03  0.03  0.03  0.03  0.03
 6  20  0.03  0.10  0.16  0.32  0.64  0.97  1.62  3.31  4.62  5.67  7.37  9.03  9.61  9.24  7.81  6.96  4.58  1.96  0.77  0.56  0.27  0.05  0.03  0.03  0.03  0.04  0.04  0.03
 6  25  0.03  0.09  0.16  0.31  0.63  0.94  1.59  3.23  4.50  5.53  7.31  8.82  9.20  9.01  7.85  7.00  4.68  2.10  0.84  0.63  0.31  0.08  0.05  0.04  0.04  0.04  0.04  0.03
 6  30  0.03  0.09  0.15  0.30  0.61  0.92  1.54  3.13  4.50  5.47  7.25  8.58  9.02  8.90  7.90  7.12  4.82  2.24  0.92  0.72  0.36  0.12  0.06  0.05  0.04  0.04  0.04  0.04
 6  35  0.03  0.09  0.15  0.30  0.61  0.91  1.53  3.12  4.49  5.52  7.32  8.55  8.96  8.79  7.70  6.89  4.77  2.52  1.15  0.90  0.47  0.18  0.09  0.06  0.05  0.05  0.04  0.04
 6  40  0.03  0.09  0.15  0.30  0.60  0.91  1.52  3.11  4.30  5.30  6.90  8.40  8.93  8.71  7.45  6.64  4.76  2.78  1.39  1.10  0.60  0.33  0.14  0.08  0.06  0.05  0.05  0.04
 6  45  0.03  0.09  0.14  0.29  0.58  0.87  1.47  3.00  4.29  5.29  7.00  8.30  8.65  8.34  7.19  6.45  4.78  2.88  1.52  1.26  0.80  0.41  0.28  0.11  0.07  0.05  0.05  0.04
 6  50  0.03  0.08  0.14  0.27  0.54  0.82  1.37  2.80  4.13  5.16  6.80  8.02  8.28  7.93  6.93  6.22  4.75  2.96  1.71  1.44  0.94  0.51  0.35  0.15  0.09  0.06  0.05  0.04
 6  55  0.03  0.08  0.13  0.26  0.52  0.78  1.32  2.68  3.91  4.85  6.48  7.65  7.89  7.47  6.52  5.88  4.55  3.01  1.83  1.55  1.02  0.56  0.40  0.18  0.10  0.06  0.05  0.05
 6  60  0.03  0.08  0.13  0.26  0.51  0.77  1.30  2.64  3.83  4.76  6.33  7.41  7.55  7.02  6.16  5.57  4.33  3.05  1.97  1.66  1.09  0.61  0.47  0.30  0.11  0.07  0.05  0.05
 6  65  0.02  0.07  0.12  0.25  0.50  0.75  1.25  2.55  3.70  4.60  6.16  7.12  7.15  6.52  5.63  5.01  3.96  2.99  2.10  1.79  1.22  0.69  0.54  0.34  0.12  0.07  0.05  0.05
 6  70  0.02  0.07  0.12  0.24  0.48  0.72  1.21  2.45  3.57  4.45  5.99  6.83  6.74  6.03  5.10  4.46  3.58  2.92  2.23  1.92  1.35  0.76  0.62  0.39  0.13  0.07  0.05  0.05
 6  75  0.02  0.07  0.11  0.23  0.46  0.69  1.16  2.36  3.49  4.38  5.99  6.70  6.47  5.67  4.85  4.27  3.58  2.93  2.28  1.98  1.41  0.79  0.64  0.41  0.15  0.07  0.06  0.05
 6  80  0.02  0.07  0.11  0.22  0.44  0.67  1.12  2.27  3.42  4.32  5.99  6.57  6.20  5.32  4.60  4.09  3.61  2.96  2.32  2.02  1.47  0.82  0.65  0.42  0.25  0.08  0.06  0.05
 6  85  0.02  0.07  0.11  0.22  0.44  0.67  1.12  2.26  3.40  4.30  5.96  6.55  6.18  5.30  4.59  4.08  3.61  2.96  2.32  2.02  1.47  0.82  0.65  0.42  0.25  0.08  0.06  0.05
 6  90  0.02  0.07  0.11  0.22  0.44  0.67  1.12  2.25  3.38  4.28  5.93  6.52  6.16  5.29  4.58  4.07  3.60  2.96  2.32  2.02  1.47  0.82  0.65  0.42  0.25  0.08  0.06  0.05
 7 -90  0.05  0.16  0.27  0.54  1.08  1.64  2.78  5.81  6.64  7.06  6.54  5.21  4.49  4.19  3.56  3.25  3.17  2.78  2.14  1.85  1.27  0.50  0.26  0.12  0.06  0.03  0.03  0.03
 7 -85  0.05  0.16  0.27  0.54  1.08  1.64  2.78  5.81  6.64  7.06  6.55  5.21  4.50  4.18  3.56  3.25  3.17  2.78  2.14  1.85  1.27  0.50  0.27  0.12  0.06  0.03  0.03  0.03
 7 -80  0.05  0.16  0.27  0.54  1.08  1.64  2.78  5.80  6.63  7.06  6.55  5.22  4.50  4.18  3.55  3.24  3.17  2.78  2.14  1.84  1.27  0.50  0.27  0.12  0.06  0.03  0.03  0.03
 7 -75  0.05  0.15  0.25  0.50  1.01  1.53  2.59  5.41  6.37  6.89  6.77  5.68  5.09  4.67  3.87  3.35  3.05  2.75  2.12  1.84  1.30  0.51  0.27  0.11  0.06  0.03  0.03  0.03
 7 -70  0.05  0.14  0.23  0.46  0.93  1.40  2.38  4.95  6.08  6.69  6.92  6.16  5.71  5.12  4.24  3.52  2.98  2.72  2.08  1.80  1.31  0.51  0.28  0.12  0.06  0.03  0.03  0.03
 7 -65  0.05  0.14  0.23  0.47  0.94  1.43  2.41  4.99  6.34  7.04  7.21  6.35  5.76  5.05  4.69  4.26  3.65  2.81  2.01  1.72  1.24  0.49  0.25  0.12  0.06  0.04  0.03  0.03
 7 -60  0.05  0.14  0.24  0.47  0.95  1.44  2.43  4.98  6.56  7.33  7.43  6.55  5.82  5.03  5.10  4.97  4.30  2.95  1.95  1.65  1.18  0.46  0.28  0.13  0.07  0.04  0.03  0.03
 7 -55  0.05  0.14  0.23  0.46  0.92  1.38  2.33  4.74  6.58  7.50  7.67  6.97  6.14  5.35  5.47  5.58  4.63  2.93  1.79  1.48  0.97  0.39  0.27  0.13  0.07  0.04  0.03  0.03
 7 -50  0.05  0.14  0.23  0.46  0.92  1.38  2.32  4.71  6.72  7.91  8.01  7.41  6.59  5.73  5.84  6.19  4.91  2.80  1.60  1.30  0.78  0.33  0.27  0.13  0.07  0.04  0.03  0.03
 7 -45  0.04  0.13  0.22  0.44  0.89  1.34  2.25  4.59  6.70  7.95  8.45  8.08  7.52  6.74  6.38  6.22  4.90  2.80  1.57  1.26  0.69  0.30  0.23  0.12  0.06  0.03  0.03  0.03
 7 -40  0.04  0.12  0.21  0.42  0.84  1.26  2.12  4.32  6.36  7.74  8.57  8.48  8.00  7.40  6.59  6.19  4.95  2.81  1.53  1.20  0.64  0.26  0.20  0.10  0.06  0.03  0.03  0.03
 7 -35  0.04  0.12  0.20  0.39  0.79  1.18  1.99  4.05  5.95  7.24  8.31  8.60  8.44  7.86  6.89  6.27  4.84  2.56  1.32  1.03  0.52  0.22  0.16  0.09  0.05  0.03  0.03  0.03
 7 -30  0.04  0.11  0.18  0.37  0.74  1.11  1.86  3.79  5.64  6.94  8.14  8.72  8.70  8.23  7.07  6.32  4.80  2.42  1.10  0.84  0.38  0.16  0.07  0.05  0.04  0.03  0.03  0.03
 7 -25  0.04  0.11  0.18  0.36  0.73  1.10  1.84  3.77  5.55  6.76  8.04  8.75  8.98  8.57  7.33  6.57  4.66  2.16  0.87  0.65  0.27  0.06  0.04  0.03  0.03  0.03  0.03  0.03
 7 -20  0.04  0.11  0.18  0.36  0.72  1.09  1.84  3.76  5.64  6.90  8.17  8.76  9.10  9.14  7.68  6.82  4.48  1.88  0.65  0.47  0.16  0.04  0.03  0.03  0.03  0.03  0.03  0.03
 7 -15  0.03  0.10  0.17  0.35  0.69  1.05  1.76  3.61  5.37  6.76  8.29  9.09  9.32  9.47  8.06  6.94  4.14  1.67  0.57  0.41  0.16  0.03  0.03  0.02  0.02  0.03  0.03  0.03
 7 -10  0.03  0.10  0.17  0.34  0.69  1.04  1.75  3.59  5.26  6.57  8.14  9.15  9.43  9.45  8.20  7.10  3.95  1.50  0.50  0.38  0.15  0.03  0.02  0.02  0.02  0.03  0.03  0.03
 7  -5  0.03  0.10  0.17  0.34  0.68  1.03  1.74  3.58  5.07  6.22  8.02  9.22  9.25  9.34  8.25  7.07  4.15  1.53  0.49  0.37  0.16  0.03  0.02  0.02  0.02  0.02  0.03  0.02
 7   0  0.03  0.10  0.16  0.32  0.64  0.96  1.62  3.32  4.75  5.77  7.63  9.06  9.07  9.23  8.17  7.00  4.32  1.54  0.48  0.36  0.17  0.03  0.02  0.02  0.02  0.02  0.02  0.02
 7   5  0.03  0.10  0.16  0.33  0.65  0.99  1.66  3.39  4.81  5.85  7.59  9.20  9.58  9.54  8.24  7.21  4.52  1.70  0.57  0.42  0.20  0.03  0.02  0.02  0.02  0.02  0.02  0.02
 7  10  0.03  0.09  0.16  0.32  0.63  0.95  1.60  3.26  4.56  5.57  7.35  9.01  9.74  9.72  8.32  7.51  4.80  1.87  0.72  0.53  0.23  0.03  0.02  0.02  0.02  0.03  0.02  0.02
 7  15  0.03  0.10  0.16  0.32  0.64  0.97  1.62  3.31  4.60  5.73  7.55  9.17  9.76  9.65  8.16  7.35  4.83  1.97  0.78  0.59  0.24  0.03  0.03  0.03  0.03  0.03  0.03  0.03
 7  20  0.03  0.10  0.16  0.33  0.66  1.00  1.67  3.41  4.81  5.91  7.60  9.18  9.77  9.38  8.02  7.23  4.79  2.04  0.82  0.59  0.25  0.05  0.03  0.03  0.03  0.04  0.03  0.03
 7  25  0.03  0.10  0.16  0.32  0.65  0.97  1.63  3.32  4.63  5.74  7.58  8.99  9.36  9.16  7.90  6.99  4.70  2.16  0.89  0.64  0.27  0.07  0.04  0.04  0.04  0.04  0.04  0.03
 7  30  0.03  0.09  0.16  0.32  0.63  0.95  1.60  3.24  4.63  5.62  7.43  8.72  9.13  8.98  7.76  6.81  4.64  2.32  0.97  0.73  0.30  0.09  0.05  0.04  0.04  0.04  0.04  0.03
 7  35  0.03  0.09  0.16  0.31  0.63  0.94  1.58  3.22  4.62  5.64  7.42  8.63  8.98  8.80  7.61  6.69  4.59  2.48  1.13  0.86  0.39  0.12  0.06  0.05  0.05  0.05  0.04  0.04
 7  40  0.03  0.09  0.15  0.31  0.61  0.93  1.55  3.17  4.39  5.43  7.05  8.41  8.86  8.65  7.42  6.59  4.63  2.65  1.30  1.02  0.52  0.17  0.09  0.06  0.05  0.05  0.04  0.04
 7  45  0.03  0.09  0.15  0.30  0.59  0.90  1.50  3.07  4.37  5.38  7.01  8.15  8.47  8.16  7.05  6.33  4.64  2.73  1.41  1.16  0.72  0.33  0.14  0.09  0.06  0.05  0.05  0.04
 7  50  0.03  0.08  0.14  0.28  0.56  0.84  1.41  2.87  4.20  5.21  6.76  7.84  8.08  7.73  6.77  6.07  4.61  2.81  1.56  1.31  0.85  0.44  0.30  0.12  0.08  0.06  0.05  0.04
 7  55  0.03  0.08  0.13  0.26  0.53  0.79  1.33  2.70  3.91  4.84  6.38  7.42  7.63  7.21  6.26  5.60  4.38  2.79  1.66  1.42  0.95  0.50  0.36  0.15  0.09  0.06  0.05  0.04
 7  60  0.03  0.08  0.13  0.26  0.51  0.77  1.30  2.64  3.81  4.72  6.21  7.16  7.28  6.75  5.83  5.20  4.13  2.77  1.78  1.52  1.03  0.56  0.42  0.17  0.10  0.06  0.05  0.04
 7  65  0.02  0.07  0.12  0.25  0.49  0.74  1.24  2.53  3.65  4.53  6.00  6.83  6.84  6.21  5.25  4.58  3.67  2.66  1.86  1.61  1.12  0.60  0.46  0.29  0.11  0.06  0.05  0.04
 7  70  0.02  0.07  0.12  0.24  0.47  0.71  1.19  2.42  3.49  4.34  5.78  6.49  6.38  5.67  4.67  3.97  3.20  2.56  1.94  1.70  1.21  0.64  0.51  0.33  0.12  0.07  0.05  0.04
 7  75  0.02  0.07  0.11  0.22  0.45  0.68  1.14  2.30  3.40  4.26  5.75  6.31  6.06  5.27  4.39  3.77  3.14  2.56  2.00  1.75  1.25  0.65  0.53  0.34  0.13  0.07  0.05  0.04
 7  80  0.02  0.06  0.11  0.21  0.43  0.65  1.08  2.19  3.30  4.18  5.71  6.13  5.74  4.87  4.12  3.58  3.10  2.59  2.06  1.80  1.28  0.65  0.55  0.35  0.14  0.07  0.05  0.04
 7  85  0.02  0.06  0.11  0.21  0.43  0.64  1.08  2.18  3.28  4.16  5.68  6.10  5.72  4.86  4.11  3.57  3.10  2.59  2.06  1.80  1.28  0.65  0.55  0.35  0.15  0.07  0.05  0.04
 7  90  0.02  0.06  0.11  0.21  0.43  0.64  1.08  2.17  3.27  4.13  5.65  6.07  5.70  4.85  4.10  3.56  3.09  2.58  2.05  1.80  1.28  0.65  0.55  0.35  0.15  0.07  0.05  0.04
 8 -90  0.04  0.12  0.21  0.42  0.84  1.27  2.16  4.51  5.73  6.32  6.71  6.14  5.65  5.05  3.87  3.07  3.27  3.09  2.37  2.00  1.34  0.52  0.28  0.12  0.06  0.03  0.03  0.03
 8 -85  0.04  0.12  0.21  0.42  0.84  1.27  2.16  4.50  5.72  6.32  6.72  6.15  5.65  5.05  3.87  3.07  3.27  3.09  2.37  2.00  1.34  0.52  0.28  0.12  0.06  0.03  0.03  0.03
 8 -80  0.04  0.12  0.21  0.42  0.84  1.27  2.16  4.50  5.72  6.32  6.73  6.15  5.65  5.04  3.87  3.07  3.27  3.10  2.37  2.00  1.34  0.52  0.29  0.12  0.06  0.03  0.03  0.03
 8 -75  0.04  0.12  0.21  0.42  0.84  1.27  2.15  4.46  5.78  6.41  6.83  6.13  5.62  5.04  4.07  3.34  3.39  3.14  2.40  2.03  1.40  0.55  0.29  0.12  0.06  0.04  0.03  0.03
 8 -70  0.04  0.12  0.21  0.41  0.83  1.25  2.11  4.36  5.78  6.46  6.93  6.17  5.62  5.00  4.31  3.65  3.46  3.12  2.38  2.03  1.44  0.56  0.30  0.13  0.06  0.04  0.03  0.03
 8 -65  0.04  0.12  0.20  0.40  0.80  1.20  2.03  4.14  5.77  6.56  7.18  6.60  5.91  5.15  4.84  4.42  3.92  3.14  2.21  1.87  1.30  0.52  0.32  0.13  0.07  0.04  0.03  0.03
 8 -60  0.04  0.12  0.19  0.39  0.78  1.17  1.97  4.00  5.74  6.67  7.41  7.01  6.21  5.37  5.33  5.16  4.39  3.20  2.04  1.71  1.15  0.48  0.30  0.14  0.07  0.04  0.03  0.03
 8 -55  0.04  0.11  0.19  0.38  0.77  1.16  1.94  3.92  5.73  6.88  7.68  7.52  6.70  5.84  5.62  5.59  4.71  3.25  1.87  1.56  1.00  0.41  0.29  0.15  0.07  0.04  0.03  0.03
 8 -50  0.04  0.12  0.19  0.39  0.78  1.17  1.96  3.95  5.94  7.20  8.06  7.99  7.24  6.26  5.94  6.05  5.08  3.22  1.72  1.41  0.87  0.36  0.28  0.15  0.07  0.04  0.03  0.03
 8 -45  0.04  0.12  0.20  0.39  0.79  1.19  1.99  4.06  6.09  7.33  8.43  8.47  7.99  7.18  6.46  6.13  5.08  3.15  1.67  1.37  0.80  0.34  0.26  0.14  0.07  0.04  0.03  0.03
 8 -40  0.04  0.12  0.19  0.39  0.78  1.18  1.98  4.03  5.89  7.31  8.46  8.69  8.27  7.64  6.66  6.15  5.10  3.08  1.66  1.34  0.78  0.31  0.24  0.13  0.07  0.04  0.03  0.03
 8 -35  0.04  0.11  0.19  0.37  0.75  1.13  1.90  3.87  5.69  6.97  8.29  8.75  8.61  7.99  6.92  6.26  4.93  2.79  1.43  1.14  0.63  0.25  0.19  0.10  0.06  0.04  0.03  0.03
 8 -30  0.04  0.11  0.18  0.36  0.72  1.08  1.81  3.68  5.52  6.81  8.20  8.87  8.80  8.21  7.03  6.31  4.83  2.60  1.17  0.92  0.45  0.19  0.08  0.06  0.05  0.04  0.03  0.03
 8 -25  0.04  0.11  0.18  0.36  0.72  1.08  1.81  3.70  5.50  6.73  8.14  8.92  9.09  8.55  7.27  6.52  4.69  2.26  0.91  0.69  0.31  0.06  0.04  0.04  0.03  0.03  0.03  0.03
 8 -20  0.04  0.11  0.18  0.35  0.71  1.07  1.80  3.70  5.58  6.80  8.26  9.04  9.30  9.12  7.62  6.74  4.52  1.97  0.63  0.46  0.16  0.04  0.03  0.03  0.03  0.03  0.03  0.03
 8 -15  0.03  0.10  0.17  0.34  0.68  1.02  1.71  3.52  5.28  6.69  8.33  9.31  9.59  9.61  8.11  6.92  4.16  1.73  0.58  0.41  0.14  0.03  0.03  0.03  0.03  0.03  0.03  0.03
 8 -10  0.03  0.10  0.16  0.33  0.66  1.00  1.68  3.45  5.11  6.42  8.14  9.39  9.70  9.59  8.32  7.13  3.94  1.53  0.53  0.38  0.12  0.03  0.02  0.02  0.02  0.03  0.03  0.03
 8  -5  0.03  0.10  0.16  0.33  0.66  1.00  1.68  3.45  4.91  6.04  8.00  9.50  9.53  9.48  8.50  7.24  4.10  1.57  0.52  0.38  0.13  0.03  0.02  0.02  0.02  0.03  0.03  0.03
 8   0  0.03  0.09  0.15  0.30  0.61  0.92  1.55  3.17  4.52  5.47  7.42  9.11  9.14  9.24  8.49  7.36  4.26  1.60  0.51  0.37  0.14  0.03  0.02  0.02  0.02  0.03  0.03  0.02
 8   5  0.03  0.09  0.16  0.32  0.64  0.96  1.61  3.30  4.67  5.71  7.51  9.40  9.74  9.61  8.53  7.43  4.47  1.73  0.59  0.42  0.16  0.03  0.02  0.02  0.02  0.02  0.02  0.02
 8  10  0.03  0.09  0.16  0.31  0.63  0.94  1.58  3.22  4.57  5.62  7.42  9.27 10.02  9.95  8.54  7.57  4.76  1.84  0.72  0.52  0.20  0.03  0.02  0.02  0.02  0.02  0.02  0.02
 8  15  0.03  0.10  0.16  0.32  0.64  0.96  1.62  3.30  4.64  5.84  7.63  9.41 10.07  9.95  8.36  7.43  4.80  1.92  0.79  0.58  0.21  0.03  0.02  0.02  0.03  0.03  0.03  0.02
 8  20  0.03  0.10  0.16  0.33  0.66  1.00  1.68  3.43  4.95  6.14  7.83  9.35  9.96  9.59  8.14  7.28  4.74  2.00  0.83  0.59  0.23  0.04  0.03  0.03  0.03  0.03  0.03  0.03
 8  25  0.03  0.10  0.16  0.32  0.65  0.98  1.64  3.34  4.78  6.00  7.90  9.22  9.57  9.35  7.96  7.04  4.66  2.09  0.88  0.63  0.24  0.05  0.04  0.04  0.04  0.04  0.04  0.03
 8  30  0.03  0.10  0.16  0.32  0.65  0.97  1.63  3.32  4.80  5.88  7.73  8.97  9.33  9.08  7.80  6.83  4.58  2.25  0.94  0.70  0.27  0.07  0.04  0.04  0.04  0.04  0.04  0.03
 8  35  0.03  0.10  0.16  0.32  0.65  0.97  1.63  3.31  4.82  5.90  7.70  8.84  9.07  8.83  7.63  6.67  4.52  2.33  1.04  0.79  0.35  0.10  0.06  0.05  0.04  0.04  0.04  0.04
 8  40  0.03  0.09  0.16  0.32  0.63  0.96  1.60  3.27  4.61  5.75  7.44  8.57  8.88  8.57  7.39  6.56  4.56  2.48  1.18  0.92  0.46  0.13  0.08  0.06  0.05  0.05  0.04  0.04
 8  45  0.03  0.09  0.15  0.31  0.62  0.94  1.57  3.21  4.61  5.71  7.30  8.20  8.35  7.96  6.90  6.21  4.48  2.55  1.35  1.11  0.68  0.29  0.11  0.07  0.06  0.05  0.04  0.04
 8  50  0.03  0.09  0.15  0.30  0.60  0.90  1.51  3.07  4.50  5.60  7.07  7.90  7.94  7.48  6.55  5.91  4.37  2.65  1.53  1.27  0.82  0.39  0.25  0.10  0.07  0.05  0.05  0.04
 8  55  0.03  0.08  0.14  0.28  0.56  0.84  1.42  2.88  4.21  5.25  6.69  7.46  7.42  6.90  6.05  5.50  4.11  2.68  1.65  1.38  0.90  0.44  0.29  0.12  0.08  0.05  0.05  0.04
 8  60  0.03  0.08  0.14  0.27  0.55  0.82  1.38  2.81  4.13  5.16  6.58  7.22  7.09  6.43  5.65  5.14  3.83  2.68  1.77  1.49  0.96  0.47  0.32  0.15  0.09  0.06  0.05  0.04
 8  65  0.03  0.08  0.13  0.26  0.53  0.80  1.34  2.72  4.00  5.00  6.33  6.79  6.52  5.79  5.04  4.54  3.46  2.56  1.82  1.55  1.02  0.50  0.36  0.22  0.09  0.06  0.05  0.04
 8  70  0.03  0.08  0.13  0.26  0.51  0.77  1.30  2.63  3.86  4.83  6.08  6.34  5.95  5.15  4.43  3.94  3.09  2.45  1.87  1.61  1.08  0.54  0.40  0.25  0.10  0.06  0.05  0.04
 8  75  0.03  0.08  0.13  0.25  0.51  0.76  1.27  2.58  3.80  4.75  5.84  5.82  5.30  4.49  3.95  3.59  3.00  2.40  1.90  1.64  1.12  0.56  0.40  0.26  0.11  0.06  0.05  0.04
 8  80  0.02  0.07  0.12  0.25  0.50  0.75  1.25  2.53  3.72  4.66  5.59  5.29  4.65  3.82  3.46  3.23  2.95  2.40  1.94  1.68  1.15  0.58  0.41  0.27  0.12  0.06  0.05  0.04
 8  85  0.02  0.07  0.12  0.25  0.50  0.75  1.25  2.52  3.71  4.63  5.56  5.26  4.63  3.81  3.45  3.22  2.94  2.40  1.93  1.68  1.15  0.58  0.41  0.27  0.13  0.07  0.05  0.04
 8  90  0.02  0.07  0.12  0.25  0.50  0.75  1.25  2.51  3.69  4.61  5.53  5.23  4.60  3.80  3.44  3.21  2.93  2.40  1.93  1.69  1.15  0.58  0.41  0.27  0.13  0.07  0.05  0.04
 9 -90  0.04  0.11  0.18  0.37  0.74  1.11  1.88  3.87  5.57  6.40  6.70  5.83  5.29  4.82  4.16  3.56  3.76  3.28  2.41  2.01  1.37  0.56  0.29  0.12  0.06  0.03  0.03  0.03
 9 -85  0.04  0.11  0.18  0.37  0.74  1.11  1.87  3.86  5.56  6.40  6.71  5.84  5.29  4.82  4.16  3.56  3.76  3.28  2.40  2.01  1.37  0.56  0.30  0.12  0.06  0.04  0.03  0.03
 9 -80  0.04  0.11  0.18  0.37  0.74  1.11  1.87  3.85  5.55  6.41  6.72  5.85  5.30  4.81  4.15  3.56  3.76  3.28  2.40  2.00  1.37  0.56  0.31  0.13  0.07  0.04  0.03  0.03
 9 -75  0.04  0.11  0.18  0.36  0.71  1.08  1.81  3.71  5.41  6.30  6.95  6.31  5.65  4.99  4.40  3.83  3.81  3.43  2.54  2.11  1.47  0.60  0.32  0.13  0.07  0.04  0.03  0.03
 9 -70  0.03  0.10  0.17  0.35  0.69  1.04  1.75  3.57  5.22  6.17  7.16  6.79  6.01  5.20  4.64  4.09  3.63  3.41  2.56  2.13  1.51  0.62  0.34  0.14  0.07  0.04  0.03  0.03
 9 -65  0.03  0.10  0.17  0.34  0.68  1.03  1.72  3.49  5.19  6.29  7.41  7.36  6.57  5.70  5.28  4.88  3.93  3.41  2.44  2.04  1.41  0.60  0.31  0.15  0.07  0.04  0.03  0.03
 9 -60  0.03  0.10  0.17  0.35  0.69  1.04  1.74  3.52  5.24  6.42  7.66  7.86  7.14  6.28  5.91  5.67  4.39  3.47  2.29  1.93  1.29  0.57  0.32  0.16  0.08  0.04  0.03  0.03
 9 -55  0.04  0.11  0.18  0.35  0.71  1.06  1.77  3.57  5.32  6.53  7.80  8.20  7.56  6.69  6.11  5.94  4.73  3.42  2.04  1.68  1.04  0.48  0.30  0.17  0.08  0.04  0.03  0.03
 9 -50  0.04  0.11  0.18  0.36  0.71  1.07  1.78  3.59  5.46  6.69  8.01  8.50  7.99  7.00  6.36  6.22  5.17  3.39  1.86  1.49  0.84  0.40  0.27  0.17  0.08  0.04  0.03  0.03
 9 -45  0.04  0.11  0.18  0.36  0.72  1.08  1.81  3.67  5.57  6.79  8.34  8.87  8.51  7.70  6.74  6.29  5.17  3.30  1.80  1.44  0.77  0.37  0.25  0.15  0.08  0.04  0.03  0.03
 9 -40  0.04  0.11  0.18  0.36  0.72  1.08  1.81  3.68  5.43  6.85  8.39  8.98  8.62  7.90  6.85  6.28  5.14  3.20  1.81  1.43  0.76  0.34  0.25  0.13  0.07  0.04  0.04  0.03
 9 -35  0.03  0.10  0.17  0.35  0.70  1.05  1.75  3.56  5.28  6.55  8.21  9.02  8.91  8.26  7.06  6.35  4.97  2.87  1.54  1.19  0.59  0.26  0.20  0.10  0.06  0.04  0.04  0.03
 9 -30  0.03  0.10  0.17  0.33  0.67  1.01  1.69  3.43  5.18  6.43  8.13  9.17  9.14  8.44  7.14  6.36  4.84  2.62  1.26  0.95  0.40  0.17  0.09  0.06  0.05  0.04  0.04  0.04
 9 -25  0.03  0.10  0.17  0.34  0.68  1.02  1.71  3.48  5.19  6.41  8.08  9.16  9.35  8.73  7.35  6.55  4.79  2.32  1.06  0.77  0.30  0.07  0.05  0.04  0.04  0.04  0.04  0.04
 9 -20  0.03  0.10  0.17  0.33  0.67  1.01  1.69  3.45  5.21  6.38  8.08  9.27  9.59  9.24  7.69  6.75  4.70  2.12  0.84  0.59  0.19  0.04  0.03  0.03  0.03  0.03  0.04  0.04
 9 -15  0.03  0.09  0.16  0.32  0.64  0.96  1.61  3.29  4.94  6.27  8.03  9.38  9.84  9.77  8.16  6.92  4.31  1.85  0.71  0.50  0.16  0.04  0.03  0.03  0.03  0.03  0.03  0.03
 9 -10  0.03  0.09  0.15  0.31  0.62  0.93  1.57  3.20  4.72  5.95  7.76  9.35  9.80  9.67  8.35  7.10  4.04  1.59  0.57  0.41  0.13  0.03  0.03  0.02  0.03  0.03  0.03  0.03
 9  -5  0.03  0.09  0.15  0.31  0.62  0.93  1.57  3.22  4.58  5.63  7.65  9.46  9.64  9.57  8.50  7.13  4.16  1.62  0.57  0.41  0.13  0.03  0.02  0.02  0.02  0.03  0.03  0.03
 9   0  0.03  0.09  0.14  0.29  0.58  0.87  1.47  3.01  4.21  5.12  6.99  8.97  9.15  9.26  8.45  7.19  4.27  1.65  0.56  0.40  0.14  0.03  0.02  0.02  0.02  0.03  0.03  0.02
 9   5  0.03  0.09  0.15  0.30  0.61  0.92  1.55  3.16  4.44  5.46  7.24  9.37  9.73  9.64  8.60  7.37  4.46  1.75  0.61  0.43  0.15  0.03  0.02  0.02  0.02  0.02  0.02  0.02
 9  10  0.03  0.09  0.15  0.30  0.61  0.92  1.54  3.14  4.48  5.57  7.30  9.28 10.05 10.06  8.69  7.59  4.71  1.83  0.70  0.50  0.17  0.03  0.02  0.02  0.02  0.03  0.02  0.02
 9  15  0.03  0.09  0.16  0.31  0.63  0.94  1.58  3.23  4.57  5.80  7.51  9.41 10.16 10.12  8.50  7.48  4.73  1.82  0.73  0.53  0.18  0.03  0.02  0.02  0.02  0.03  0.03  0.02
 9  20  0.03  0.10  0.16  0.32  0.65  0.98  1.64  3.36  4.94  6.20  7.84  9.33 10.01  9.75  8.23  7.33  4.67  1.86  0.74  0.53  0.19  0.04  0.03  0.03  0.03  0.03  0.03  0.03
 9  25  0.03  0.09  0.16  0.32  0.63  0.95  1.60  3.25  4.79  6.07  7.99  9.29  9.69  9.45  8.08  7.26  4.67  1.92  0.77  0.55  0.19  0.05  0.03  0.03  0.03  0.04  0.04  0.03
 9  30  0.03  0.10  0.16  0.32  0.64  0.96  1.61  3.28  4.82  5.99  7.83  9.07  9.44  9.10  7.99  7.21  4.67  2.04  0.81  0.59  0.22  0.06  0.04  0.04  0.04  0.04  0.04  0.03
 9  35  0.03  0.10  0.16  0.32  0.64  0.97  1.63  3.31  4.93  6.11  7.89  8.93  9.06  8.76  7.67  6.81  4.52  2.17  0.97  0.72  0.31  0.08  0.05  0.04  0.04  0.04  0.04  0.03
 9  40  0.03  0.10  0.16  0.32  0.65  0.97  1.64  3.33  4.85  6.10  7.81  8.70  8.75  8.34  7.25  6.49  4.50  2.39  1.18  0.91  0.44  0.12  0.07  0.05  0.04  0.04  0.04  0.04
 9  45  0.03  0.10  0.16  0.32  0.65  0.98  1.65  3.37  4.92  6.15  7.63  8.18  8.06  7.58  6.64  6.06  4.40  2.49  1.40  1.13  0.67  0.28  0.10  0.07  0.05  0.04  0.04  0.04
 9  50  0.03  0.10  0.16  0.32  0.65  0.98  1.64  3.34  4.99  6.20  7.49  7.88  7.56  6.96  6.19  5.70  4.30  2.63  1.59  1.30  0.81  0.38  0.23  0.09  0.06  0.05  0.04  0.04
 9  55  0.03  0.09  0.15  0.31  0.62  0.94  1.57  3.19  4.79  5.98  7.17  7.37  6.91  6.29  5.63  5.26  4.10  2.67  1.69  1.39  0.89  0.44  0.27  0.11  0.07  0.05  0.04  0.04
 9  60  0.03  0.09  0.15  0.31  0.62  0.94  1.57  3.19  4.82  6.03  7.13  7.11  6.50  5.76  5.19  4.87  3.86  2.65  1.80  1.49  0.95  0.47  0.29  0.17  0.08  0.05  0.04  0.04
 9  65  0.03  0.09  0.16  0.31  0.63  0.95  1.59  3.22  4.84  6.00  6.87  6.60  5.91  5.15  4.58  4.25  3.49  2.50  1.84  1.55  1.01  0.50  0.31  0.19  0.09  0.05  0.04  0.04
 9  70  0.03  0.10  0.16  0.32  0.64  0.96  1.61  3.26  4.86  5.96  6.59  6.09  5.31  4.53  3.98  3.63  3.13  2.35  1.88  1.60  1.06  0.52  0.34  0.20  0.09  0.05  0.04  0.04
 9  75  0.03  0.10  0.16  0.32  0.64  0.96  1.61  3.27  4.67  5.60  5.87  5.32  4.63  4.01  3.72  3.57  3.03  2.30  1.87  1.60  1.06  0.51  0.34  0.21  0.10  0.05  0.04  0.04
 9  80  0.03  0.10  0.16  0.32  0.64  0.97  1.62  3.28  4.48  5.22  5.16  4.54  3.96  3.48  3.47  3.51  2.97  2.30  1.87  1.60  1.07  0.51  0.34  0.22  0.10  0.06  0.04  0.04
 9  85  0.03  0.10  0.16  0.32  0.64  0.96  1.62  3.27  4.46  5.20  5.12  4.51  3.94  3.47  3.46  3.50  2.96  2.29  1.87  1.60  1.07  0.51  0.34  0.22  0.11  0.06  0.04  0.04
 9  90  0.03  0.10  0.16  0.32  0.64  0.96  1.61  3.26  4.44  5.17  5.09  4.48  3.91  3.46  3.45  3.49  2.95  2.29  1.86  1.60  1.07  0.51  0.34  0.22  0.10  0.06  0.04  0.04
10 -90  0.03  0.09  0.15  0.29  0.58  0.88  1.47  3.00  4.42  5.47  6.79  6.99  6.25  5.41  4.96  4.66  4.28  3.42  2.34  1.95  1.36  0.60  0.33  0.14  0.07  0.04  0.03  0.03
10 -85  0.03  0.09  0.15  0.29  0.58  0.88  1.47  2.99  4.41  5.47  6.80  7.00  6.25  5.41  4.96  4.66  4.28  3.43  2.33  1.94  1.36  0.60  0.34  0.14  0.07  0.04  0.03  0.03
10 -80  0.03  0.09  0.15  0.29  0.58  0.88  1.47  2.98  4.40  5.48  6.81  7.01  6.26  5.41  4.95  4.66  4.28  3.43  2.33  1.94  1.36  0.60  0.35  0.15  0.07  0.04  0.03  0.03
10 -75  0.03  0.09  0.15  0.29  0.58  0.88  1.47  2.98  4.39  5.48  6.88  7.30  6.66  5.83  5.40  5.25  4.46  3.78  2.59  2.14  1.49  0.65  0.30  0.15  0.07  0.04  0.03  0.03
10 -70  0.03  0.09  0.15  0.29  0.58  0.88  1.47  2.98  4.38  5.47  6.92  7.59  7.08  6.27  5.83  5.78  4.55  3.86  2.67  2.21  1.54  0.69  0.33  0.16  0.08  0.04  0.03  0.03
10 -65  0.03  0.09  0.15  0.30  0.60  0.90  1.51  3.06  4.52  5.65  7.17  7.95  7.53  6.72  6.35  6.33  4.78  3.82  2.58  2.14  1.42  0.64  0.34  0.18  0.08  0.04  0.03  0.03
10 -60  0.03  0.09  0.15  0.31  0.62  0.93  1.56  3.14  4.67  5.86  7.43  8.29  7.97  7.14  6.87  6.91  5.22  3.86  2.45  2.02  1.28  0.59  0.33  0.19  0.09  0.04  0.03  0.03
10 -55  0.03  0.10  0.16  0.32  0.64  0.96  1.60  3.22  4.79  5.98  7.58  8.48  8.22  7.39  6.82  6.66  5.21  3.56  2.14  1.75  1.04  0.48  0.30  0.19  0.09  0.04  0.03  0.03
10 -50  0.03  0.10  0.16  0.32  0.64  0.95  1.59  3.21  4.84  6.05  7.73  8.70  8.46  7.52  6.75  6.43  5.29  3.45  1.97  1.57  0.88  0.38  0.26  0.19  0.09  0.04  0.04  0.03
10 -45  0.03  0.09  0.16  0.31  0.63  0.94  1.58  3.19  4.91  6.10  8.00  9.06  8.88  8.11  7.16  6.75  5.51  3.52  1.97  1.57  0.86  0.36  0.24  0.15  0.08  0.04  0.04  0.03
10 -40  0.03  0.09  0.16  0.31  0.63  0.95  1.59  3.21  4.85  6.19  8.09  9.20  9.00  8.18  7.40  6.99  5.67  3.58  2.06  1.64  0.89  0.35  0.25  0.12  0.07  0.04  0.04  0.03
10 -35  0.03  0.09  0.16  0.31  0.62  0.94  1.57  3.18  4.72  5.91  7.87  9.17  9.22  8.57  7.54  6.97  5.35  3.05  1.62  1.26  0.63  0.25  0.16  0.09  0.06  0.04  0.04  0.03
10 -30  0.03  0.09  0.15  0.30  0.61  0.92  1.54  3.12  4.69  5.84  7.79  9.31  9.45  8.74  7.57  6.90  5.04  2.58  1.16  0.87  0.37  0.14  0.09  0.06  0.05  0.04  0.04  0.04
10 -25  0.03  0.09  0.16  0.31  0.63  0.94  1.58  3.21  4.75  5.92  7.78  9.24  9.55  8.95  7.66  6.92  4.79  2.16  0.98  0.71  0.27  0.08  0.05  0.04  0.04  0.04  0.04  0.04
10 -20  0.03  0.09  0.15  0.31  0.62  0.93  1.56  3.19  4.77  5.83  7.69  9.32  9.78  9.38  7.88  6.97  4.53  1.86  0.77  0.54  0.16  0.05  0.04  0.03  0.03  0.04  0.04  0.04
10 -15  0.03  0.09  0.15  0.30  0.59  0.89  1.50  3.07  4.57  5.76  7.55  9.28  9.97  9.82  8.26  7.11  4.25  1.74  0.68  0.46  0.13  0.04  0.03  0.03  0.03  0.03  0.04  0.04
10 -10  0.03  0.09  0.14  0.29  0.57  0.87  1.45  2.96  4.33  5.46  7.28  9.12  9.73  9.64  8.39  7.28  4.08  1.62  0.57  0.39  0.11  0.03  0.03  0.03  0.03  0.03  0.03  0.03
10  -5  0.03  0.09  0.14  0.29  0.58  0.87  1.46  2.99  4.29  5.26  7.26  9.20  9.57  9.51  8.52  7.30  4.17  1.64  0.55  0.37  0.11  0.03  0.02  0.02  0.02  0.03  0.03  0.03
10   0  0.03  0.08  0.14  0.28  0.57  0.85  1.43  2.92  4.01  4.91  6.67  8.73  9.10  9.16  8.47  7.38  4.24  1.67  0.51  0.35  0.11  0.03  0.02  0.02  0.02  0.03  0.03  0.02
10   5  0.03  0.09  0.15  0.29  0.59  0.89  1.50  3.06  4.29  5.28  7.02  9.13  9.51  9.50  8.59  7.41  4.40  1.74  0.58  0.40  0.13  0.03  0.02  0.02  0.02  0.02  0.02  0.02
10  10  0.03  0.09  0.15  0.30  0.60  0.90  1.51  3.08  4.43  5.51  7.13  9.02  9.74  9.88  8.63  7.48  4.59  1.79  0.67  0.47  0.15  0.03  0.02  0.02  0.02  0.03  0.03  0.02
10  15  0.03  0.09  0.15  0.30  0.61  0.92  1.54  3.15  4.52  5.71  7.28  9.09  9.87  9.96  8.38  7.32  4.57  1.76  0.70  0.50  0.16  0.03  0.02  0.02  0.02  0.03  0.03  0.03
10  20  0.03  0.09  0.16  0.32  0.63  0.96  1.61  3.28  4.87  6.14  7.63  9.00  9.74  9.63  8.05  7.11  4.51  1.80  0.71  0.50  0.17  0.03  0.03  0.03  0.03  0.03  0.03  0.03
10  25  0.03  0.09  0.15  0.31  0.62  0.94  1.57  3.19  4.82  6.12  7.87  9.07  9.50  9.26  7.84  7.08  4.54  1.86  0.74  0.53  0.18  0.04  0.03  0.03  0.03  0.03  0.03  0.03
10  30  0.03  0.10  0.16  0.32  0.64  0.96  1.62  3.29  4.90  6.15  7.81  8.94  9.28  8.85  7.77  7.07  4.58  1.96  0.76  0.55  0.21  0.06  0.04  0.03  0.03  0.03  0.03  0.03
10  35  0.03  0.10  0.16  0.33  0.66  1.00  1.67  3.40  5.15  6.45  8.04  8.78  8.73  8.35  7.36  6.61  4.45  2.07  0.93  0.69  0.32  0.09  0.05  0.04  0.04  0.04  0.03  0.03
10  40  0.03  0.10  0.17  0.34  0.68  1.02  1.72  3.50  5.28  6.64  8.15  8.58  8.25  7.69  6.82  6.25  4.44  2.30  1.19  0.92  0.47  0.22  0.08  0.05  0.04  0.04  0.04  0.03
10  45  0.04  0.11  0.18  0.35  0.71  1.07  1.80  3.69  5.44  6.77  7.93  7.93  7.48  6.95  6.26  5.86  4.42  2.50  1.45  1.17  0.70  0.31  0.17  0.07  0.05  0.04  0.04  0.04
10  50  0.04  0.11  0.18  0.36  0.73  1.10  1.85  3.78  5.74  6.96  7.84  7.59  6.93  6.25  5.80  5.55  4.44  2.74  1.66  1.35  0.84  0.38  0.21  0.09  0.06  0.04  0.04  0.04
10  55  0.04  0.11  0.18  0.36  0.73  1.10  1.85  3.77  5.67  6.76  7.38  6.97  6.27  5.68  5.37  5.27  4.37  2.77  1.73  1.41  0.91  0.45  0.25  0.15  0.07  0.05  0.04  0.04
10  60  0.04  0.11  0.19  0.38  0.76  1.14  1.91  3.89  5.78  6.85  7.25  6.63  5.85  5.27  5.05  5.01  4.24  2.74  1.82  1.49  0.96  0.47  0.27  0.16  0.08  0.05  0.04  0.04
10  65  0.04  0.12  0.19  0.39  0.77  1.17  1.96  3.98  5.73  6.61  6.79  6.08  5.33  4.80  4.64  4.59  3.90  2.63  1.90  1.58  1.05  0.49  0.28  0.17  0.08  0.05  0.04  0.04
10  70  0.04  0.12  0.20  0.39  0.79  1.19  1.99  4.04  5.66  6.38  6.32  5.50  4.80  4.34  4.22  4.15  3.55  2.53  1.99  1.67  1.14  0.51  0.29  0.18  0.09  0.05  0.04  0.04
10  75  0.04  0.12  0.19  0.39  0.78  1.18  1.98  4.02  5.28  5.72  5.54  4.84  4.29  3.95  3.87  3.80  3.36  2.50  2.02  1.71  1.17  0.52  0.29  0.18  0.09  0.05  0.04  0.04
10  80  0.04  0.12  0.19  0.39  0.78  1.17  1.96  3.99  4.89  5.07  4.75  4.18  3.79  3.57  3.53  3.47  3.19  2.51  2.07  1.76  1.22  0.54  0.30  0.19  0.09  0.05  0.04  0.04
10  85  0.04  0.12  0.19  0.39  0.78  1.17  1.96  3.98  4.87  5.04  4.72  4.15  3.76  3.56  3.51  3.45  3.18  2.51  2.07  1.76  1.22  0.54  0.30  0.19  0.11  0.05  0.04  0.04
10  90  0.04  0.12  0.19  0.39  0.78  1.17  1.96  3.97  4.86  5.01  4.68  4.11  3.74  3.54  3.50  3.44  3.17  2.50  2.07  1.76  1.22  0.54  0.30  0.19  0.11  0.05  0.04  0.04
11 -90  0.02  0.07  0.12  0.25  0.50  0.75  1.26  2.56  3.65  4.54  6.26  7.26  7.11  6.39  5.95  6.03  5.14  3.89  2.72  2.25  1.51  0.65  0.31  0.16  0.09  0.04  0.03  0.02
11 -85  0.02  0.07  0.12  0.25  0.50  0.75  1.26  2.55  3.65  4.54  6.28  7.27  7.12  6.39  5.95  6.03  5.14  3.89  2.71  2.25  1.51  0.65  0.31  0.19  0.09  0.04  0.03  0.02
11 -80  0.02  0.07  0.12  0.25  0.50  0.75  1.26  2.55  3.64  4.55  6.29  7.28  7.13  6.38  5.94  6.03  5.14  3.89  2.71  2.24  1.51  0.65  0.31  0.16  0.09  0.04  0.03  0.03
11 -75  0.03  0.08  0.13  0.25  0.51  0.76  1.27  2.57  3.69  4.63  6.32  7.39  7.31  6.55  6.26  6.41  5.38  4.05  2.83  2.35  1.58  0.69  0.32  0.17  0.09  0.04  0.03  0.03
11 -70  0.03  0.08  0.13  0.26  0.51  0.77  1.29  2.59  3.75  4.71  6.36  7.50  7.49  6.73  6.57  6.76  5.56  4.04  2.81  2.33  1.57  0.71  0.34  0.18  0.09  0.04  0.03  0.03
11 -65  0.03  0.08  0.13  0.26  0.53  0.79  1.33  2.67  3.88  4.88  6.58  7.76  7.78  6.99  6.81  6.91  5.54  3.85  2.61  2.15  1.40  0.66  0.34  0.19  0.10  0.04  0.03  0.03
11 -60  0.03  0.08  0.14  0.27  0.55  0.82  1.37  2.76  4.02  5.06  6.80  8.03  8.06  7.26  7.05  7.09  5.54  3.69  2.38  1.95  1.21  0.59  0.33  0.20  0.10  0.04  0.03  0.03
11 -55  0.03  0.09  0.14  0.28  0.57  0.85  1.43  2.87  4.19  5.23  6.98  8.26  8.33  7.60  6.98  6.71  5.27  3.39  2.04  1.66  0.95  0.47  0.29  0.19  0.10  0.05  0.03  0.03
11 -50  0.03  0.09  0.14  0.28  0.57  0.85  1.43  2.87  4.21  5.28  7.09  8.52  8.62  7.80  6.84  6.33  5.11  3.25  1.81  1.43  0.76  0.35  0.24  0.18  0.09  0.05  0.03  0.03
11 -45  0.03  0.08  0.14  0.28  0.56  0.84  1.40  2.83  4.24  5.27  7.25  8.87  9.02  8.34  7.16  6.57  5.29  3.29  1.80  1.42  0.74  0.31  0.22  0.14  0.08  0.04  0.04  0.03
11 -40  0.03  0.08  0.14  0.28  0.55  0.83  1.39  2.82  4.27  5.40  7.41  9.08  9.22  8.46  7.41  6.76  5.38  3.31  1.90  1.49  0.77  0.31  0.22  0.10  0.06  0.04  0.04  0.03
11 -35  0.03  0.08  0.14  0.28  0.56  0.85  1.42  2.87  4.14  5.19  7.23  9.02  9.35  8.88  7.58  6.84  5.05  2.84  1.46  1.12  0.54  0.23  0.13  0.08  0.05  0.04  0.04  0.03
11 -30  0.03  0.08  0.14  0.28  0.56  0.85  1.42  2.87  4.22  5.22  7.23  9.16  9.58  9.04  7.70  6.89  4.73  2.37  1.02  0.74  0.30  0.14  0.08  0.06  0.05  0.04  0.04  0.04
11 -25  0.03  0.09  0.15  0.29  0.58  0.88  1.47  2.99  4.34  5.43  7.39  9.16  9.60  9.13  7.69  6.83  4.54  2.06  0.89  0.63  0.23  0.08  0.05  0.04  0.04  0.04  0.04  0.04
11 -20  0.03  0.09  0.14  0.29  0.58  0.87  1.46  2.96  4.40  5.41  7.36  9.28  9.85  9.43  7.83  6.81  4.36  1.88  0.74  0.50  0.14  0.05  0.04  0.04  0.04  0.04  0.04  0.04
11 -15  0.03  0.08  0.14  0.28  0.57  0.85  1.43  2.91  4.33  5.39  7.21  9.21 10.04  9.77  8.11  6.95  4.16  1.76  0.66  0.45  0.13  0.04  0.03  0.03  0.03  0.03  0.04  0.03
11 -10  0.03  0.08  0.14  0.28  0.55  0.83  1.39  2.82  4.13  5.19  7.01  9.00  9.68  9.58  8.19  7.11  4.04  1.62  0.57  0.39  0.12  0.04  0.03  0.03  0.03  0.03  0.03  0.03
11  -5  0.03  0.08  0.14  0.28  0.56  0.84  1.41  2.87  4.18  5.16  7.16  9.03  9.50  9.40  8.23  7.08  4.07  1.59  0.55  0.37  0.12  0.03  0.03  0.02  0.03  0.03  0.03  0.03
11   0  0.03  0.09  0.14  0.29  0.57  0.86  1.45  2.97  4.07  5.03  6.76  8.70  9.16  9.07  8.15  7.12  4.04  1.55  0.51  0.35  0.12  0.03  0.03  0.02  0.02  0.03  0.03  0.02
11   5  0.03  0.09  0.15  0.29  0.59  0.89  1.49  3.05  4.33  5.31  7.08  8.96  9.28  9.30  8.30  7.14  4.22  1.61  0.55  0.37  0.13  0.03  0.02  0.02  0.02  0.03  0.02  0.02
11  10  0.03  0.09  0.15  0.30  0.60  0.90  1.51  3.07  4.46  5.53  7.09  8.74  9.33  9.52  8.35  7.20  4.40  1.67  0.60  0.41  0.13  0.03  0.03  0.02  0.03  0.03  0.03  0.03
11  15  0.03  0.09  0.15  0.30  0.61  0.91  1.53  3.12  4.57  5.74  7.17  8.71  9.35  9.52  8.05  7.04  4.30  1.62  0.62  0.44  0.15  0.03  0.03  0.03  0.03  0.03  0.03  0.03
11  20  0.03  0.09  0.16  0.31  0.63  0.95  1.60  3.26  4.90  6.19  7.51  8.59  9.22  9.21  7.70  6.81  4.23  1.67  0.62  0.45  0.16  0.04  0.03  0.03  0.03  0.03  0.03  0.03
11  25  0.03  0.09  0.16  0.31  0.63  0.94  1.58  3.21  4.96  6.27  7.79  8.71  9.02  8.72  7.40  6.77  4.30  1.82  0.71  0.52  0.19  0.05  0.03  0.03  0.03  0.03  0.03  0.03
11  30  0.03  0.10  0.16  0.33  0.66  1.00  1.67  3.40  5.12  6.46  7.83  8.61  8.80  8.28  7.30  6.73  4.39  1.94  0.76  0.56  0.23  0.07  0.04  0.03  0.03  0.03  0.03  0.03
11  35  0.03  0.10  0.17  0.35  0.70  1.06  1.77  3.61  5.49  6.89  8.13  8.45  8.23  7.83  7.02  6.44  4.52  2.14  0.96  0.73  0.36  0.16  0.06  0.04  0.04  0.03  0.03  0.03
11  40  0.04  0.11  0.18  0.37  0.74  1.11  1.86  3.80  5.79  7.24  8.32  8.28  7.71  7.13  6.56  6.23  4.74  2.47  1.28  0.98  0.50  0.22  0.09  0.06  0.05  0.04  0.04  0.03
11  45  0.04  0.12  0.19  0.39  0.78  1.17  1.97  4.03  5.95  7.32  8.00  7.59  6.98  6.52  6.17  5.98  4.77  2.69  1.55  1.25  0.75  0.34  0.20  0.08  0.06  0.04  0.04  0.04
11  50  0.04  0.12  0.20  0.41  0.82  1.24  2.08  4.26  6.33  7.47  7.85  7.20  6.42  5.82  5.78  5.79  4.87  2.93  1.78  1.44  0.92  0.44  0.25  0.15  0.07  0.04  0.04  0.04
11  55  0.04  0.12  0.21  0.41  0.83  1.25  2.09  4.27  6.17  7.04  7.22  6.49  5.83  5.42  5.50  5.61  4.76  2.97  1.84  1.52  1.03  0.50  0.27  0.16  0.08  0.05  0.04  0.04
11  60  0.04  0.13  0.21  0.42  0.84  1.27  2.12  4.32  6.14  6.96  6.92  6.09  5.48  5.15  5.29  5.43  4.59  2.96  1.93  1.61  1.14  0.53  0.28  0.17  0.08  0.05  0.04  0.04
11  65  0.04  0.12  0.20  0.41  0.82  1.23  2.06  4.19  5.93  6.66  6.62  5.83  5.31  5.04  5.06  5.08  4.41  2.96  2.09  1.77  1.30  0.59  0.30  0.18  0.08  0.05  0.04  0.04
11  70  0.04  0.12  0.20  0.40  0.80  1.21  2.03  4.15  5.71  6.35  6.31  5.57  5.14  4.93  4.82  4.71  4.24  2.95  2.25  1.94  1.45  0.65  0.32  0.19  0.08  0.05  0.04  0.04
11  75  0.04  0.12  0.20  0.40  0.80  1.20  2.02  4.13  5.43  5.95  5.82  4.85  4.31  4.09  4.01  3.89  3.65  2.83  2.17  1.86  1.38  0.60  0.29  0.17  0.09  0.05  0.04  0.04
11  80  0.04  0.12  0.20  0.39  0.79  1.19  2.00  4.08  5.15  5.55  5.32  4.13  3.47  3.25  3.19  3.09  3.09  2.75  2.10  1.80  1.32  0.56  0.26  0.15  0.09  0.05  0.04  0.04
11  85  0.04  0.12  0.20  0.39  0.79  1.19  1.99  4.07  5.13  5.52  5.29  4.10  3.45  3.23  3.18  3.08  3.08  2.74  2.10  1.80  1.32  0.56  0.26  0.15  0.09  0.05  0.04  0.03
11  90  0.04  0.12  0.20  0.39  0.79  1.18  1.99  4.06  5.11  5.50  5.25  4.06  3.42  3.22  3.17  3.07  3.07  2.74  2.09  1.80  1.32  0.56  0.26  0.15  0.09  0.05  0.04  0.03
12 -90  0.02  0.07  0.11  0.22  0.45  0.67  1.13  2.28  3.28  4.06  5.75  6.95  6.85  6.04  5.61  5.40  4.98  3.61  2.55  2.13  1.36  0.64  0.33  0.18  0.08  0.05  0.03  0.02
12 -85  0.02  0.07  0.11  0.22  0.45  0.67  1.12  2.28  3.27  4.07  5.76  6.96  6.86  6.04  5.60  5.39  4.98  3.61  2.55  2.12  1.36  0.64  0.33  0.18  0.08  0.05  0.03  0.02
12 -80  0.02  0.07  0.11  0.22  0.45  0.67  1.12  2.27  3.26  4.07  5.78  6.97  6.86  6.03  5.60  5.39  4.98  3.61  2.54  2.12  1.36  0.64  0.33  0.18  0.08  0.05  0.03  0.02
12 -75  0.02  0.07  0.11  0.23  0.46  0.69  1.15  2.32  3.33  4.16  5.82  7.06  7.02  6.21  5.77  5.56  5.10  3.61  2.53  2.11  1.37  0.64  0.33  0.18  0.11  0.04  0.03  0.02
12 -70  0.02  0.07  0.12  0.23  0.47  0.71  1.18  2.38  3.41  4.25  5.87  7.16  7.18  6.38  5.94  5.73  5.20  3.57  2.44  2.05  1.33  0.63  0.34  0.18  0.10  0.04  0.03  0.03
12 -65  0.02  0.07  0.12  0.24  0.49  0.73  1.22  2.46  3.53  4.40  6.06  7.44  7.55  6.79  6.30  6.04  5.21  3.44  2.23  1.86  1.18  0.56  0.33  0.18  0.10  0.05  0.03  0.03
12 -60  0.03  0.08  0.13  0.25  0.51  0.76  1.27  2.56  3.67  4.56  6.26  7.71  7.92  7.20  6.65  6.35  5.23  3.32  2.03  1.68  1.02  0.49  0.30  0.19  0.11  0.05  0.03  0.03
12 -55  0.03  0.08  0.13  0.27  0.54  0.81  1.35  2.71  3.87  4.81  6.50  8.01  8.31  7.74  6.98  6.50  5.07  3.09  1.76  1.44  0.82  0.41  0.27  0.19  0.11  0.05  0.03  0.03
12 -50  0.03  0.08  0.13  0.27  0.54  0.81  1.36  2.73  3.92  4.90  6.63  8.30  8.71  8.14  7.21  6.62  5.00  2.90  1.52  1.21  0.63  0.32  0.22  0.18  0.10  0.05  0.03  0.03
12 -45  0.03  0.08  0.13  0.27  0.53  0.80  1.34  2.72  3.94  4.86  6.74  8.65  9.09  8.64  7.25  6.44  4.91  2.80  1.47  1.15  0.60  0.27  0.18  0.13  0.08  0.04  0.03  0.03
12 -40  0.03  0.08  0.13  0.26  0.53  0.80  1.33  2.69  4.03  5.03  7.00  8.94  9.39  8.85  7.31  6.24  4.71  2.68  1.50  1.17  0.60  0.24  0.16  0.09  0.06  0.04  0.04  0.03
12 -35  0.03  0.08  0.14  0.27  0.54  0.82  1.37  2.77  3.91  4.87  6.89  8.90  9.43  9.16  7.63  6.70  4.63  2.41  1.18  0.90  0.42  0.18  0.10  0.06  0.05  0.04  0.04  0.03
12 -30  0.03  0.08  0.14  0.27  0.55  0.83  1.38  2.79  4.04  5.00  7.00  9.08  9.62  9.22  7.95  7.15  4.55  2.11  0.87  0.62  0.25  0.12  0.07  0.05  0.04  0.04  0.04  0.03
12 -25  0.03  0.09  0.14  0.28  0.57  0.86  1.43  2.90  4.19  5.26  7.32  9.19  9.64  9.21  7.87  7.05  4.41  1.90  0.78  0.54  0.19  0.08  0.05  0.04  0.04  0.04  0.04  0.03
12 -20  0.03  0.08  0.14  0.28  0.56  0.85  1.42  2.86  4.28  5.34  7.38  9.37  9.91  9.41  7.94  6.99  4.30  1.77  0.66  0.44  0.12  0.05  0.04  0.03  0.03  0.04  0.04  0.03
12 -15  0.03  0.08  0.14  0.28  0.56  0.84  1.41  2.87  4.33  5.34  7.24  9.37 10.14  9.67  8.07  7.02  4.16  1.69  0.60  0.39  0.11  0.04  0.03  0.03  0.03  0.03  0.03  0.03
12 -10  0.03  0.08  0.14  0.28  0.55  0.83  1.39  2.81  4.17  5.28  7.16  9.17  9.78  9.55  8.07  7.09  4.08  1.59  0.52  0.35  0.11  0.04  0.03  0.03  0.03  0.03  0.03  0.03
12  -5  0.03  0.08  0.14  0.28  0.56  0.84  1.40  2.85  4.29  5.38  7.44  9.15  9.61  9.38  7.90  6.78  3.97  1.54  0.50  0.34  0.13  0.03  0.03  0.02  0.02  0.03  0.03  0.02
12   0  0.03  0.09  0.15  0.30  0.59  0.89  1.50  3.07  4.37  5.46  7.28  9.06  9.53  9.20  7.68  6.53  3.79  1.45  0.46  0.32  0.13  0.03  0.02  0.02  0.02  0.03  0.03  0.02
12   5  0.03  0.09  0.15  0.30  0.60  0.90  1.52  3.10  4.58  5.62  7.52  9.07  9.28  9.21  7.87  6.69  4.02  1.53  0.51  0.34  0.12  0.03  0.03  0.02  0.02  0.03  0.03  0.03
12  10  0.03  0.09  0.15  0.30  0.61  0.91  1.53  3.12  4.62  5.78  7.37  8.70  9.02  9.11  7.98  6.90  4.25  1.64  0.57  0.38  0.13  0.03  0.03  0.03  0.03  0.03  0.03  0.03
12  15  0.03  0.09  0.15  0.30  0.61  0.92  1.54  3.14  4.71  5.93  7.32  8.54  8.90  8.98  7.62  6.69  4.12  1.63  0.61  0.42  0.14  0.03  0.03  0.03  0.03  0.03  0.03  0.03
12  20  0.03  0.09  0.16  0.31  0.63  0.95  1.59  3.26  4.95  6.29  7.56  8.38  8.79  8.70  7.26  6.45  4.10  1.73  0.63  0.45  0.16  0.04  0.03  0.03  0.03  0.03  0.03  0.03
12  25  0.03  0.09  0.15  0.31  0.62  0.93  1.56  3.18  5.00  6.27  7.67  8.43  8.59  8.15  7.04  6.59  4.29  1.98  0.78  0.58  0.22  0.05  0.04  0.03  0.03  0.03  0.03  0.03
12  30  0.03  0.10  0.16  0.33  0.65  0.99  1.65  3.37  5.08  6.42  7.65  8.29  8.39  7.77  7.07  6.73  4.54  2.13  0.87  0.65  0.27  0.08  0.05  0.04  0.04  0.03  0.03  0.03
12  35  0.03  0.10  0.17  0.35  0.69  1.04  1.75  3.57  5.41  6.75  7.90  8.13  7.89  7.46  6.99  6.67  4.81  2.35  1.08  0.84  0.44  0.20  0.08  0.06  0.04  0.04  0.03  0.03
12  40  0.04  0.11  0.18  0.36  0.73  1.10  1.85  3.79  5.66  7.01  8.02  7.97  7.44  6.85  6.68  6.64  5.15  2.68  1.42  1.10  0.63  0.29  0.16  0.08  0.05  0.04  0.04  0.04
12  45  0.04  0.11  0.19  0.38  0.77  1.16  1.95  3.98  5.75  7.02  7.71  7.38  6.84  6.49  6.35  6.28  5.10  3.04  1.70  1.38  0.87  0.41  0.24  0.15  0.07  0.04  0.04  0.04
12  50  0.04  0.12  0.20  0.40  0.81  1.22  2.06  4.21  6.11  7.14  7.51  6.96  6.31  5.88  5.95  5.98  5.11  3.37  1.96  1.60  1.03  0.50  0.28  0.19  0.08  0.05  0.04  0.04
12  55  0.04  0.12  0.20  0.40  0.81  1.22  2.05  4.20  5.94  6.68  6.92  6.37  5.92  5.68  5.74  5.78  4.94  3.39  2.07  1.71  1.18  0.58  0.31  0.20  0.08  0.05  0.04  0.04
12  60  0.04  0.12  0.20  0.40  0.81  1.22  2.06  4.19  5.87  6.54  6.66  6.06  5.72  5.60  5.59  5.59  4.73  3.36  2.22  1.85  1.33  0.64  0.32  0.20  0.08  0.05  0.04  0.04
12  65  0.04  0.13  0.21  0.42  0.84  1.27  2.13  4.36  5.84  6.49  6.60  5.93  5.58  5.47  5.36  5.27  4.57  3.24  2.27  1.92  1.40  0.65  0.30  0.18  0.09  0.05  0.04  0.04
12  70  0.04  0.13  0.21  0.43  0.86  1.30  2.19  4.50  5.79  6.42  6.51  5.81  5.44  5.34  5.12  4.93  4.43  3.14  2.32  1.98  1.46  0.67  0.29  0.16  0.09  0.05  0.04  0.04
12  75  0.04  0.12  0.21  0.41  0.83  1.26  2.12  4.38  5.54  6.17  6.23  5.37  4.93  4.83  4.64  4.47  4.20  3.14  2.34  2.00  1.47  0.65  0.30  0.17  0.09  0.05  0.04  0.04
12  80  0.04  0.12  0.20  0.40  0.80  1.21  2.04  4.21  5.31  5.91  5.95  4.93  4.43  4.30  4.16  4.02  3.98  3.16  2.35  2.02  1.48  0.65  0.32  0.19  0.09  0.05  0.04  0.04
12  85  0.04  0.12  0.20  0.40  0.80  1.20  2.03  4.20  5.29  5.88  5.91  4.90  4.40  4.29  4.15  4.00  3.97  3.15  2.35  2.02  1.48  0.65  0.32  0.19  0.09  0.05  0.04  0.04
12  90  0.04  0.12  0.20  0.40  0.80  1.20  2.03  4.19  5.27  5.85  5.87  4.86  4.37  4.27  4.14  3.99  3.97  3.15  2.35  2.02  1.48  0.65  0.32  0.19  0.09  0.05  0.04  0.03
