     3    64     3
        .000  1.00000000        .000
        .000   .99467117        .000
        .115   .98862660        .871
       1.148   .98174226       8.693
       4.303   .97386760      32.581
      11.142   .96482760      84.363
      23.380   .95443410     177.017
      42.803   .94249105     324.077
      71.245   .92879730     539.418
     110.544   .91315103     836.968
     162.498   .89535499    1230.329
     228.798   .87522358    1732.308
     310.958   .85259068    2354.372
     410.230   .82731885    3105.998
     527.511   .79930973    3993.971
     663.243   .76851469    5021.652
     817.323   .73494524    6188.243
     989.006   .69868290    7488.116
    1176.841   .65988702    8910.284
    1378.623   .61879963   10438.050
    1591.382   .57574666   12048.919
    1811.410   .53113484   13714.833
    2034.342   .48544332   15402.732
    2255.270   .43921080   17075.451
    2468.898   .39301825   18692.908
    2669.734   .34746850   20213.510
    2852.287   .30316412   21595.682
    3011.268   .26068544   22799.387
    3141.779   .22057019   23787.527
    3239.463   .18329623   24527.131
    3300.629   .14926878   24990.238
    3322.321   .11881219   25154.477
    3302.347   .09216691   25003.250
    3239.594   .06947458   24528.119
    3136.698   .05064684   23749.061
    2998.615   .03544162   22703.584
    2830.863   .02355588   21433.477
    2639.413   .01463712   19983.938
    2430.587   .00829402   18402.844
    2210.970   .00410671   16740.047
    1987.323   .00163591   15046.730
    1766.507   .00043106   13374.858
    1555.430   .00003697   11776.716
    1360.975   .00000000   10304.426
    1187.410   .00000000    8990.305
    1033.429   .00000000    7824.461
     897.099   .00000000    6792.254
     776.610   .00000000    5879.995
     670.292   .00000000    5075.020
     576.608   .00000000    4365.702
     494.158   .00000000    3741.444
     421.673   .00000000    3192.638
     358.010   .00000000    2710.623
     302.142   .00000000    2287.626
     253.150   .00000000    1916.692
     210.216   .00000000    1591.620
     172.612   .00000000    1306.904
     139.691   .00000000    1057.653
     110.885   .00000000     839.548
      85.687   .00000000     648.765
      63.653   .00000000     481.941
      44.392   .00000000     336.105
      27.558   .00000000     208.651
      12.849   .00000000      97.287
        .000   .00000000        .000
