     0.010
     0.030
     0.050
     0.100
     0.200
     0.300
     0.500
     1.000
     1.500
     2.000
     3.000
     5.000
     7.000
    10.000
    15.000
    20.000
    30.000
    50.000
    70.000
    80.000
   100.000
   150.000
   200.000
   250.000
   300.000
   400.000
   500.000
   600.000
 1 -90  0.02  0.07  0.11  0.22  0.43  0.64  1.03  1.86  2.64  3.18  4.41  5.41  5.42  4.91  4.26  3.79  3.60  2.85  1.91  1.53  0.93  0.36  0.28  0.18  0.09  0.05  0.03  0.02
 1 -85  0.02  0.07  0.11  0.22  0.43  0.64  1.02  1.86  2.64  3.18  4.42  5.41  5.43  4.91  4.25  3.79  3.60  2.85  1.91  1.53  0.93  0.36  0.28  0.18  0.09  0.05  0.03  0.02
 1 -80  0.02  0.07  0.11  0.22  0.43  0.64  1.02  1.85  2.64  3.18  4.42  5.42  5.43  4.91  4.25  3.79  3.60  2.86  1.90  1.53  0.93  0.36  0.28  0.18  0.09  0.05  0.03  0.02
 1 -75  0.02  0.07  0.11  0.23  0.45  0.66  1.06  1.92  2.70  3.25  4.44  5.55  5.67  5.19  4.59  4.17  3.89  2.93  1.89  1.52  0.91  0.36  0.27  0.18  0.09  0.04  0.03  0.02
 1 -70  0.02  0.07  0.12  0.23  0.46  0.68  1.09  1.98  2.77  3.33  4.46  5.68  5.91  5.47  4.93  4.54  4.18  3.00  1.89  1.51  0.90  0.36  0.27  0.17  0.08  0.04  0.03  0.02
 1 -65  0.02  0.07  0.12  0.24  0.48  0.70  1.13  2.06  2.86  3.44  4.62  6.00  6.38  6.03  5.54  5.19  4.36  2.96  1.81  1.43  0.84  0.34  0.25  0.16  0.07  0.04  0.03  0.03
 1 -60  0.03  0.08  0.13  0.25  0.49  0.73  1.17  2.14  2.96  3.56  4.77  6.33  6.85  6.60  6.15  5.84  4.55  2.92  1.72  1.36  0.78  0.32  0.23  0.14  0.08  0.04  0.03  0.03
 1 -55  0.03  0.08  0.13  0.26  0.51  0.76  1.22  2.21  3.05  3.65  4.92  6.65  7.31  7.15  6.53  6.10  4.38  2.64  1.46  1.13  0.62  0.25  0.18  0.11  0.07  0.05  0.03  0.03
 1 -50  0.03  0.08  0.14  0.27  0.53  0.78  1.26  2.29  3.15  3.76  5.08  6.97  7.77  7.70  6.92  6.37  4.20  2.36  1.18  0.90  0.47  0.19  0.13  0.10  0.07  0.05  0.04  0.03
 1 -45  0.03  0.08  0.14  0.27  0.54  0.79  1.29  2.42  3.33  3.97  5.32  7.22  8.08  8.10  7.17  6.47  4.19  2.30  1.11  0.85  0.44  0.18  0.13  0.08  0.06  0.04  0.04  0.03
 1 -40  0.03  0.08  0.14  0.27  0.54  0.80  1.32  2.54  3.46  4.12  5.50  7.48  8.41  8.54  7.38  6.56  4.22  2.25  1.03  0.79  0.41  0.17  0.10  0.06  0.05  0.05  0.04  0.03
 1 -35  0.03  0.08  0.14  0.28  0.55  0.82  1.35  2.60  3.64  4.35  5.80  7.78  8.70  8.74  7.60  6.75  4.24  1.97  0.83  0.64  0.31  0.14  0.08  0.06  0.05  0.05  0.04  0.04
 1 -30  0.03  0.08  0.14  0.28  0.56  0.84  1.38  2.68  3.75  4.50  6.03  8.04  8.94  9.00  7.81  6.94  4.27  1.71  0.63  0.48  0.22  0.10  0.06  0.05  0.05  0.05  0.04  0.04
 1 -25  0.03  0.09  0.14  0.29  0.57  0.85  1.40  2.72  3.85  4.63  6.23  8.27  9.18  9.25  7.90  6.92  4.24  1.57  0.54  0.41  0.18  0.07  0.05  0.04  0.04  0.05  0.04  0.04
 1 -20  0.03  0.08  0.14  0.28  0.56  0.84  1.40  2.79  3.96  4.78  6.50  8.49  9.33  9.44  7.96  6.89  4.19  1.43  0.46  0.35  0.15  0.05  0.04  0.04  0.04  0.04  0.04  0.04
 1 -15  0.03  0.08  0.14  0.28  0.56  0.84  1.41  2.82  4.04  4.93  6.74  8.69  9.46  9.58  8.11  7.03  4.08  1.36  0.41  0.32  0.14  0.05  0.04  0.03  0.04  0.04  0.04  0.03
 1 -10  0.03  0.08  0.14  0.28  0.56  0.84  1.40  2.85  4.17  5.06  6.91  8.98  9.75  9.77  8.27  7.16  3.96  1.31  0.37  0.29  0.09  0.04  0.03  0.03  0.03  0.04  0.04  0.03
 1  -5  0.03  0.08  0.14  0.28  0.56  0.84  1.41  2.87  4.18  5.08  6.82  8.94  9.68  9.65  8.16  7.07  3.84  1.26  0.35  0.28  0.07  0.04  0.03  0.03  0.03  0.03  0.03  0.03
 1   0  0.03  0.09  0.15  0.30  0.60  0.89  1.46  2.80  4.15  5.07  6.83  8.81  9.49  9.48  8.03  6.98  3.75  1.24  0.34  0.27  0.06  0.04  0.03  0.03  0.03  0.03  0.03  0.03
 1   5  0.03  0.09  0.15  0.30  0.59  0.88  1.45  2.81  4.09  5.02  6.69  8.59  9.27  9.19  7.84  6.90  3.88  1.35  0.40  0.31  0.06  0.04  0.03  0.03  0.03  0.04  0.04  0.04
 1  10  0.03  0.09  0.15  0.30  0.59  0.89  1.45  2.80  4.09  4.97  6.68  8.45  9.07  8.97  7.67  6.81  4.02  1.46  0.46  0.34  0.07  0.04  0.03  0.03  0.04  0.04  0.04  0.04
 1  15  0.03  0.09  0.15  0.30  0.60  0.89  1.47  2.82  4.05  4.92  6.61  8.25  8.75  8.60  7.39  6.53  4.00  1.52  0.46  0.34  0.07  0.04  0.04  0.04  0.04  0.04  0.04  0.04
 1  20  0.03  0.09  0.16  0.31  0.62  0.92  1.49  2.80  4.00  4.82  6.46  8.00  8.37  8.20  7.10  6.25  3.93  1.56  0.47  0.34  0.12  0.05  0.04  0.04  0.04  0.04  0.05  0.04
 1  25  0.03  0.09  0.16  0.31  0.62  0.92  1.51  2.89  4.05  4.91  6.40  7.67  7.92  7.76  6.96  6.29  4.23  1.79  0.65  0.48  0.21  0.06  0.05  0.05  0.05  0.05  0.05  0.04
 1  30  0.03  0.10  0.17  0.33  0.65  0.96  1.56  2.91  4.11  4.94  6.34  7.38  7.46  7.25  6.75  6.33  4.50  2.05  0.84  0.64  0.30  0.10  0.07  0.06  0.05  0.05  0.05  0.05
 1  35  0.03  0.10  0.17  0.34  0.68  1.00  1.62  3.01  4.18  5.03  6.24  7.08  7.12  6.85  6.46  6.18  4.82  2.47  1.21  0.94  0.49  0.23  0.15  0.08  0.07  0.05  0.05  0.05
 1  40  0.04  0.11  0.18  0.36  0.71  1.05  1.69  3.11  4.31  5.16  6.18  6.78  6.77  6.52  6.25  6.05  5.13  2.86  1.56  1.23  0.67  0.34  0.20  0.12  0.08  0.06  0.05  0.05
 1  45  0.04  0.11  0.19  0.37  0.73  1.08  1.74  3.22  4.42  5.24  6.07  6.57  6.55  6.27  6.14  6.06  5.18  3.07  1.78  1.43  0.84  0.42  0.23  0.15  0.09  0.06  0.05  0.05
 1  50  0.04  0.11  0.19  0.38  0.75  1.10  1.79  3.33  4.43  5.26  5.96  6.32  6.31  6.10  6.06  6.06  5.22  3.29  2.00  1.63  1.03  0.52  0.28  0.17  0.10  0.06  0.05  0.05
 1  55  0.04  0.12  0.19  0.38  0.76  1.12  1.81  3.33  4.30  5.09  5.74  6.14  6.14  5.93  5.75  5.63  4.90  3.27  2.14  1.79  1.18  0.59  0.34  0.19  0.11  0.06  0.05  0.05
 1  60  0.04  0.12  0.19  0.38  0.76  1.12  1.81  3.35  4.20  4.90  5.47  5.92  5.94  5.74  5.44  5.23  4.60  3.26  2.29  1.94  1.34  0.66  0.39  0.22  0.11  0.06  0.05  0.05
 1  65  0.04  0.11  0.19  0.38  0.75  1.10  1.78  3.26  4.08  4.78  5.45  6.03  6.09  5.86  5.47  5.20  4.42  3.24  2.26  1.91  1.33  0.65  0.38  0.22  0.11  0.06  0.05  0.05
 1  70  0.04  0.11  0.19  0.37  0.73  1.08  1.74  3.16  3.96  4.67  5.42  6.13  6.23  5.99  5.51  5.17  4.23  3.21  2.23  1.89  1.32  0.65  0.36  0.21  0.11  0.06  0.05  0.05
 1  75  0.04  0.11  0.18  0.35  0.70  1.02  1.64  2.94  3.65  4.32  5.10  5.75  5.76  5.42  4.94  4.61  3.95  3.12  2.32  2.01  1.50  0.69  0.37  0.22  0.12  0.06  0.05  0.05
 1  80  0.04  0.10  0.17  0.34  0.67  0.98  1.55  2.68  3.36  3.98  4.79  5.37  5.30  4.86  4.38  4.05  3.67  3.04  2.42  2.14  1.69  0.74  0.39  0.23  0.12  0.06  0.05  0.05
 1  85  0.04  0.10  0.17  0.34  0.67  0.98  1.55  2.68  3.35  3.97  4.78  5.36  5.29  4.86  4.38  4.05  3.67  3.03  2.42  2.14  1.69  0.74  0.39  0.23  0.12  0.06  0.05  0.05
 1  90  0.04  0.10  0.17  0.34  0.67  0.98  1.55  2.67  3.34  3.95  4.76  5.34  5.28  4.85  4.37  4.04  3.67  3.03  2.42  2.14  1.69  0.74  0.39  0.23  0.12  0.06  0.05  0.05
 2 -90  0.03  0.08  0.14  0.27  0.53  0.78  1.25  2.27  3.13  3.73  4.70  5.05  4.76  4.21  3.91  3.73  3.48  2.72  1.86  1.51  0.94  0.36  0.25  0.18  0.11  0.05  0.03  0.02
 2 -85  0.03  0.08  0.14  0.27  0.53  0.78  1.25  2.26  3.12  3.73  4.71  5.05  4.76  4.20  3.90  3.73  3.48  2.72  1.86  1.51  0.94  0.36  0.25  0.18  0.11  0.05  0.03  0.02
 2 -80  0.03  0.08  0.14  0.27  0.53  0.78  1.25  2.26  3.12  3.73  4.72  5.06  4.77  4.20  3.90  3.73  3.48  2.72  1.85  1.51  0.94  0.36  0.25  0.18  0.11  0.05  0.03  0.02
 2 -75  0.03  0.08  0.14  0.27  0.53  0.77  1.24  2.24  3.11  3.74  4.81  5.41  5.24  4.68  4.30  4.06  3.68  2.74  1.86  1.50  0.92  0.34  0.25  0.18  0.10  0.04  0.03  0.02
 2 -70  0.03  0.08  0.13  0.27  0.52  0.77  1.23  2.23  3.11  3.75  4.90  5.75  5.72  5.17  4.69  4.39  3.85  2.75  1.88  1.51  0.91  0.34  0.25  0.17  0.09  0.04  0.03  0.02
 2 -65  0.03  0.08  0.14  0.27  0.53  0.78  1.26  2.28  3.18  3.83  5.06  6.16  6.28  5.78  5.21  4.83  4.08  2.72  1.80  1.43  0.86  0.32  0.24  0.16  0.08  0.04  0.03  0.03
 2 -60  0.03  0.08  0.14  0.28  0.54  0.80  1.29  2.32  3.24  3.91  5.21  6.56  6.84  6.39  5.72  5.27  4.30  2.68  1.72  1.36  0.80  0.31  0.23  0.14  0.08  0.05  0.03  0.03
 2 -55  0.03  0.09  0.14  0.29  0.56  0.83  1.32  2.38  3.30  3.96  5.31  6.85  7.29  6.94  6.23  5.74  4.23  2.47  1.42  1.11  0.62  0.25  0.17  0.11  0.08  0.05  0.03  0.03
 2 -50  0.03  0.09  0.15  0.29  0.58  0.85  1.36  2.43  3.36  4.01  5.39  7.13  7.73  7.49  6.73  6.21  4.15  2.26  1.11  0.85  0.44  0.19  0.12  0.09  0.06  0.04  0.04  0.03
 2 -45  0.03  0.09  0.15  0.29  0.58  0.86  1.38  2.55  3.53  4.21  5.60  7.35  8.04  7.91  7.02  6.38  4.18  2.15  1.05  0.80  0.40  0.18  0.11  0.07  0.05  0.04  0.04  0.03
 2 -40  0.03  0.09  0.15  0.29  0.58  0.86  1.41  2.66  3.65  4.34  5.75  7.57  8.34  8.34  7.27  6.53  4.23  2.04  0.98  0.74  0.36  0.16  0.09  0.06  0.05  0.04  0.04  0.03
 2 -35  0.03  0.09  0.15  0.30  0.59  0.87  1.42  2.71  3.80  4.54  5.99  7.83  8.62  8.60  7.48  6.67  4.20  1.82  0.81  0.61  0.29  0.12  0.07  0.05  0.05  0.04  0.04  0.04
 2 -30  0.03  0.09  0.15  0.30  0.59  0.87  1.44  2.76  3.87  4.64  6.17  8.06  8.86  8.89  7.67  6.79  4.17  1.62  0.63  0.48  0.21  0.09  0.06  0.05  0.04  0.04  0.04  0.04
 2 -25  0.03  0.09  0.15  0.29  0.58  0.87  1.43  2.76  3.89  4.67  6.26  8.25  9.14  9.22  7.84  6.84  4.13  1.51  0.53  0.40  0.17  0.06  0.04  0.04  0.04  0.04  0.04  0.04
 2 -20  0.03  0.08  0.14  0.28  0.56  0.84  1.40  2.78  3.91  4.70  6.41  8.46  9.35  9.49  7.97  6.88  4.07  1.41  0.43  0.33  0.14  0.05  0.04  0.04  0.04  0.04  0.04  0.04
 2 -15  0.03  0.08  0.14  0.28  0.56  0.84  1.39  2.75  3.90  4.75  6.53  8.64  9.56  9.74  8.18  7.02  4.02  1.32  0.40  0.31  0.14  0.04  0.03  0.03  0.03  0.04  0.04  0.03
 2 -10  0.03  0.08  0.14  0.27  0.55  0.82  1.36  2.73  3.94  4.76  6.59  8.92  9.89  9.98  8.37  7.15  3.95  1.24  0.37  0.29  0.09  0.04  0.03  0.03  0.03  0.03  0.03  0.03
 2  -5  0.03  0.08  0.14  0.27  0.55  0.82  1.36  2.73  3.92  4.73  6.49  8.95  9.89  9.92  8.14  6.80  3.83  1.23  0.37  0.29  0.07  0.04  0.03  0.03  0.03  0.03  0.03  0.03
 2   0  0.03  0.09  0.15  0.29  0.58  0.86  1.40  2.64  3.84  4.65  6.42  8.80  9.72  9.77  7.88  6.46  3.74  1.24  0.37  0.30  0.06  0.03  0.03  0.03  0.03  0.03  0.03  0.03
 2   5  0.03  0.09  0.15  0.29  0.58  0.86  1.40  2.67  3.84  4.69  6.39  8.68  9.58  9.52  7.88  6.67  3.85  1.36  0.44  0.34  0.06  0.04  0.03  0.03  0.03  0.04  0.04  0.04
 2  10  0.03  0.09  0.15  0.29  0.57  0.85  1.40  2.70  3.91  4.75  6.49  8.63  9.45  9.38  7.89  6.85  3.97  1.46  0.50  0.37  0.07  0.04  0.03  0.03  0.03  0.04  0.04  0.04
 2  15  0.03  0.09  0.15  0.29  0.58  0.86  1.42  2.73  3.88  4.72  6.45  8.45  9.19  9.08  7.76  6.81  4.09  1.56  0.53  0.38  0.07  0.04  0.04  0.04  0.04  0.04  0.05  0.04
 2  20  0.03  0.09  0.15  0.30  0.60  0.89  1.45  2.74  3.89  4.67  6.35  8.20  8.80  8.71  7.61  6.75  4.17  1.65  0.56  0.40  0.09  0.05  0.04  0.04  0.04  0.05  0.05  0.05
 2  25  0.03  0.09  0.15  0.31  0.61  0.90  1.47  2.82  3.95  4.79  6.38  7.94  8.37  8.27  7.32  6.56  4.39  1.83  0.71  0.52  0.20  0.07  0.06  0.05  0.05  0.05  0.05  0.05
 2  30  0.03  0.10  0.16  0.32  0.64  0.94  1.53  2.85  4.03  4.85  6.37  7.69  7.91  7.73  6.95  6.35  4.59  2.04  0.87  0.64  0.28  0.16  0.09  0.07  0.06  0.05  0.05  0.05
 2  35  0.03  0.10  0.17  0.34  0.66  0.98  1.59  2.93  4.12  5.00  6.36  7.42  7.52  7.26  6.65  6.22  4.82  2.54  1.25  0.96  0.48  0.29  0.20  0.10  0.07  0.06  0.05  0.05
 2  40  0.04  0.11  0.18  0.35  0.70  1.03  1.65  3.01  4.29  5.19  6.41  7.14  7.12  6.84  6.43  6.11  5.06  3.04  1.60  1.26  0.67  0.42  0.27  0.14  0.09  0.06  0.05  0.05
 2  45  0.04  0.11  0.18  0.36  0.72  1.06  1.71  3.15  4.45  5.36  6.35  6.92  6.88  6.55  6.24  6.04  5.14  3.25  1.89  1.51  0.88  0.51  0.31  0.19  0.11  0.06  0.05  0.05
 2  50  0.04  0.11  0.19  0.37  0.73  1.08  1.76  3.29  4.55  5.45  6.32  6.70  6.64  6.34  6.10  5.96  5.22  3.48  2.16  1.76  1.11  0.60  0.36  0.20  0.12  0.07  0.06  0.05
 2  55  0.04  0.12  0.19  0.38  0.76  1.12  1.82  3.38  4.56  5.45  6.18  6.49  6.42  6.14  5.89  5.72  5.14  3.52  2.28  1.89  1.25  0.65  0.40  0.22  0.12  0.07  0.06  0.05
 2  60  0.04  0.12  0.20  0.40  0.78  1.16  1.87  3.48  4.60  5.45  6.03  6.28  6.20  5.92  5.68  5.50  5.08  3.58  2.40  2.02  1.38  0.69  0.44  0.25  0.13  0.07  0.06  0.05
 2  65  0.04  0.12  0.20  0.40  0.78  1.15  1.86  3.43  4.43  5.21  5.78  6.17  6.16  5.94  5.61  5.38  4.89  3.43  2.44  2.07  1.46  0.74  0.42  0.25  0.12  0.07  0.06  0.05
 2  70  0.04  0.12  0.20  0.40  0.78  1.15  1.85  3.39  4.25  4.95  5.53  6.05  6.12  5.95  5.54  5.26  4.68  3.29  2.48  2.13  1.55  0.78  0.41  0.26  0.13  0.07  0.06  0.05
 2  75  0.04  0.12  0.20  0.39  0.77  1.14  1.83  3.32  3.99  4.57  5.39  6.21  6.39  6.21  5.70  5.35  4.65  3.21  2.51  2.16  1.58  0.82  0.43  0.26  0.13  0.07  0.06  0.05
 2  80  0.04  0.12  0.20  0.39  0.77  1.13  1.81  3.26  3.73  4.19  5.24  6.36  6.66  6.47  5.86  5.43  4.62  3.15  2.55  2.20  1.62  0.85  0.45  0.26  0.13  0.07  0.06  0.05
 2  85  0.04  0.12  0.20  0.39  0.77  1.13  1.81  3.26  3.72  4.18  5.22  6.34  6.65  6.47  5.86  5.43  4.61  3.15  2.55  2.20  1.62  0.85  0.45  0.26  0.13  0.07  0.06  0.05
 2  90  0.04  0.12  0.20  0.39  0.77  1.13  1.80  3.25  3.71  4.16  5.20  6.33  6.63  6.46  5.85  5.42  4.61  3.14  2.55  2.20  1.62  0.85  0.45  0.26  0.13  0.07  0.05  0.05
 3 -90  0.04  0.12  0.20  0.39  0.76  1.12  1.78  3.11  3.89  4.49  4.66  4.61  4.41  4.02  3.60  3.37  3.47  2.64  1.91  1.56  0.99  0.40  0.24  0.16  0.08  0.04  0.03  0.02
 3 -85  0.04  0.12  0.20  0.39  0.76  1.12  1.78  3.11  3.89  4.49  4.67  4.62  4.41  4.02  3.60  3.37  3.47  2.65  1.90  1.56  0.99  0.40  0.24  0.16  0.08  0.04  0.03  0.02
 3 -80  0.04  0.12  0.20  0.39  0.76  1.12  1.77  3.10  3.89  4.49  4.67  4.62  4.41  4.02  3.59  3.37  3.47  2.65  1.90  1.55  0.99  0.40  0.24  0.16  0.08  0.04  0.03  0.02
 3 -75  0.04  0.11  0.19  0.37  0.73  1.07  1.70  2.98  3.89  4.59  5.09  5.15  4.90  4.42  3.91  3.62  3.56  2.66  1.88  1.52  0.95  0.39  0.23  0.15  0.08  0.04  0.03  0.02
 3 -70  0.04  0.11  0.18  0.35  0.69  1.02  1.62  2.85  3.91  4.70  5.51  5.69  5.39  4.83  4.23  3.87  3.62  2.68  1.87  1.50  0.91  0.38  0.23  0.15  0.07  0.04  0.03  0.03
 3 -65  0.04  0.10  0.17  0.34  0.68  0.99  1.58  2.80  3.89  4.71  5.72  6.16  5.95  5.39  4.83  4.47  3.79  2.66  1.77  1.42  0.86  0.36  0.22  0.14  0.08  0.04  0.03  0.03
 3 -60  0.03  0.10  0.17  0.34  0.66  0.97  1.54  2.74  3.88  4.72  5.92  6.62  6.52  5.95  5.43  5.08  3.96  2.63  1.67  1.33  0.80  0.34  0.21  0.13  0.08  0.04  0.03  0.03
 3 -55  0.03  0.10  0.17  0.33  0.65  0.96  1.53  2.72  3.84  4.66  5.96  6.94  7.00  6.49  5.95  5.58  4.16  2.51  1.43  1.13  0.66  0.27  0.16  0.10  0.07  0.04  0.03  0.03
 3 -50  0.03  0.10  0.17  0.33  0.65  0.96  1.52  2.69  3.78  4.58  5.97  7.26  7.47  7.00  6.46  6.07  4.37  2.38  1.17  0.92  0.52  0.20  0.12  0.08  0.06  0.04  0.04  0.03
 3 -45  0.03  0.10  0.16  0.33  0.64  0.94  1.51  2.74  3.87  4.66  6.09  7.46  7.80  7.46  6.62  6.03  4.26  2.25  1.07  0.84  0.47  0.18  0.11  0.06  0.05  0.04  0.04  0.03
 3 -40  0.03  0.10  0.16  0.32  0.63  0.93  1.51  2.77  3.91  4.69  6.16  7.68  8.13  7.91  6.78  5.99  4.15  2.13  0.98  0.76  0.41  0.16  0.09  0.06  0.05  0.04  0.04  0.03
 3 -35  0.03  0.10  0.16  0.31  0.62  0.92  1.49  2.79  3.98  4.81  6.31  7.91  8.44  8.29  7.29  6.59  4.24  1.92  0.80  0.62  0.31  0.12  0.07  0.05  0.04  0.04  0.04  0.03
 3 -30  0.03  0.09  0.16  0.31  0.61  0.91  1.48  2.80  4.00  4.84  6.41  8.12  8.74  8.68  7.79  7.17  4.32  1.72  0.62  0.46  0.20  0.08  0.05  0.04  0.04  0.04  0.04  0.03
 3 -25  0.03  0.09  0.15  0.30  0.60  0.89  1.46  2.77  3.95  4.77  6.37  8.22  8.99  9.05  8.00  7.24  4.25  1.49  0.49  0.37  0.15  0.06  0.04  0.04  0.04  0.04  0.04  0.03
 3 -20  0.03  0.09  0.15  0.29  0.58  0.86  1.42  2.76  3.87  4.65  6.34  8.36  9.22  9.36  8.17  7.31  4.16  1.28  0.37  0.27  0.10  0.04  0.03  0.03  0.03  0.04  0.04  0.03
 3 -15  0.03  0.09  0.14  0.29  0.57  0.85  1.40  2.71  3.78  4.57  6.25  8.38  9.41  9.69  8.26  7.21  4.12  1.27  0.37  0.28  0.11  0.04  0.03  0.03  0.03  0.04  0.03  0.03
 3 -10  0.03  0.08  0.14  0.28  0.56  0.83  1.37  2.66  3.72  4.44  6.10  8.52  9.69 10.00  8.35  7.11  4.06  1.27  0.38  0.29  0.12  0.03  0.03  0.03  0.03  0.03  0.03  0.03
 3  -5  0.03  0.08  0.14  0.28  0.55  0.83  1.36  2.65  3.67  4.37  5.94  8.52  9.73 10.01  8.31  7.02  4.02  1.27  0.38  0.29  0.07  0.03  0.03  0.03  0.03  0.03  0.03  0.03
 3   0  0.03  0.09  0.15  0.29  0.58  0.86  1.39  2.56  3.57  4.23  5.79  8.33  9.56  9.91  8.23  6.95  4.01  1.30  0.39  0.30  0.13  0.03  0.03  0.03  0.03  0.03  0.03  0.03
 3   5  0.03  0.09  0.15  0.29  0.58  0.85  1.39  2.62  3.62  4.35  5.91  8.37  9.52  9.73  8.22  7.05  4.07  1.39  0.44  0.34  0.06  0.03  0.03  0.03  0.03  0.04  0.04  0.03
 3  10  0.03  0.09  0.14  0.29  0.57  0.85  1.39  2.67  3.76  4.53  6.13  8.45  9.51  9.68  8.20  7.12  4.13  1.47  0.49  0.37  0.07  0.04  0.03  0.03  0.03  0.04  0.04  0.04
 3  15  0.03  0.09  0.15  0.29  0.58  0.86  1.41  2.73  3.78  4.57  6.17  8.37  9.34  9.44  7.96  6.87  4.16  1.52  0.50  0.37  0.08  0.04  0.04  0.04  0.04  0.04  0.05  0.05
 3  20  0.03  0.09  0.15  0.30  0.60  0.89  1.45  2.75  3.85  4.61  6.22  8.22  9.03  9.10  7.68  6.60  4.14  1.57  0.51  0.37  0.14  0.05  0.04  0.04  0.04  0.05  0.05  0.05
 3  25  0.03  0.09  0.15  0.30  0.60  0.90  1.47  2.79  3.90  4.72  6.32  8.10  8.73  8.74  7.49  6.55  4.34  1.86  0.70  0.53  0.24  0.08  0.06  0.05  0.05  0.05  0.05  0.05
 3  30  0.03  0.10  0.16  0.32  0.62  0.92  1.50  2.81  3.97  4.78  6.37  7.96  8.39  8.29  7.25  6.48  4.51  2.18  0.90  0.69  0.34  0.17  0.10  0.08  0.06  0.06  0.05  0.05
 3  35  0.03  0.10  0.16  0.32  0.64  0.95  1.53  2.83  4.02  4.90  6.44  7.83  8.07  7.84  6.98  6.37  4.58  2.58  1.26  1.00  0.56  0.30  0.22  0.11  0.08  0.06  0.05  0.05
 3  40  0.03  0.10  0.17  0.34  0.66  0.98  1.57  2.84  4.16  5.07  6.61  7.69  7.76  7.44  6.78  6.29  4.67  2.97  1.61  1.31  0.78  0.43  0.29  0.15  0.10  0.06  0.06  0.05
 3  45  0.03  0.10  0.17  0.34  0.67  0.99  1.59  2.93  4.28  5.23  6.61  7.51  7.50  7.08  6.50  6.09  4.86  3.19  1.88  1.53  0.94  0.54  0.34  0.20  0.11  0.07  0.06  0.05
 3  50  0.03  0.10  0.17  0.34  0.67  0.99  1.61  3.02  4.38  5.34  6.68  7.35  7.26  6.81  6.25  5.88  5.05  3.42  2.12  1.74  1.12  0.65  0.41  0.23  0.13  0.07  0.06  0.06
 3  55  0.04  0.11  0.18  0.35  0.70  1.03  1.67  3.09  4.44  5.42  6.61  7.12  6.97  6.52  6.07  5.75  5.05  3.52  2.28  1.89  1.25  0.72  0.46  0.25  0.14  0.07  0.06  0.06
 3  60  0.04  0.11  0.18  0.36  0.72  1.06  1.72  3.18  4.55  5.53  6.54  6.89  6.69  6.23  5.89  5.65  5.05  3.63  2.44  2.04  1.37  0.79  0.50  0.28  0.14  0.07  0.06  0.06
 3  65  0.04  0.11  0.19  0.38  0.74  1.09  1.77  3.26  4.53  5.45  6.31  6.62  6.46  6.05  5.69  5.44  4.89  3.61  2.50  2.13  1.50  0.84  0.53  0.31  0.14  0.07  0.06  0.06
 3  70  0.04  0.12  0.19  0.39  0.76  1.12  1.81  3.34  4.51  5.37  6.08  6.36  6.22  5.87  5.49  5.23  4.73  3.58  2.57  2.22  1.63  0.89  0.56  0.34  0.14  0.07  0.06  0.05
 3  75  0.04  0.12  0.19  0.39  0.76  1.12  1.81  3.32  4.37  5.14  5.83  6.27  6.25  5.97  5.43  5.05  4.59  3.57  2.59  2.25  1.67  0.93  0.56  0.33  0.14  0.07  0.06  0.05
 3  80  0.04  0.12  0.20  0.39  0.76  1.12  1.81  3.30  4.23  4.92  5.58  6.17  6.27  6.08  5.36  4.86  4.45  3.57  2.63  2.28  1.71  0.97  0.55  0.32  0.13  0.08  0.06  0.05
 3  85  0.04  0.12  0.20  0.39  0.76  1.12  1.81  3.29  4.22  4.91  5.56  6.15  6.26  6.07  5.36  4.85  4.45  3.56  2.63  2.28  1.71  0.97  0.55  0.32  0.13  0.08  0.06  0.05
 3  90  0.04  0.12  0.19  0.39  0.76  1.12  1.81  3.29  4.21  4.89  5.54  6.13  6.25  6.06  5.35  4.84  4.44  3.56  2.63  2.28  1.71  0.97  0.55  0.32  0.13  0.08  0.06  0.05
 4 -90  0.05  0.16  0.26  0.51  0.99  1.43  2.22  3.59  3.90  4.22  4.44  4.52  4.33  3.94  3.44  3.19  2.95  2.77  1.98  1.60  0.99  0.41  0.25  0.16  0.08  0.04  0.03  0.02
 4 -85  0.05  0.16  0.26  0.51  0.99  1.43  2.22  3.59  3.89  4.23  4.45  4.52  4.33  3.93  3.44  3.18  2.95  2.77  1.98  1.60  0.99  0.41  0.25  0.16  0.08  0.04  0.03  0.03
 4 -80  0.05  0.16  0.26  0.51  0.99  1.43  2.22  3.58  3.89  4.23  4.45  4.52  4.33  3.93  3.43  3.18  2.95  2.77  1.98  1.60  0.99  0.41  0.25  0.16  0.08  0.04  0.03  0.03
 4 -75  0.05  0.15  0.25  0.49  0.96  1.39  2.16  3.57  4.19  4.77  5.00  4.98  4.73  4.30  3.82  3.57  3.31  2.77  1.95  1.57  0.99  0.39  0.24  0.15  0.07  0.04  0.03  0.03
 4 -70  0.05  0.15  0.24  0.48  0.92  1.35  2.11  3.55  4.50  5.31  5.54  5.42  5.13  4.67  4.20  3.94  3.64  2.76  1.93  1.56  0.99  0.37  0.23  0.14  0.08  0.04  0.03  0.03
 4 -65  0.05  0.14  0.23  0.46  0.89  1.30  2.05  3.51  4.59  5.49  5.91  5.89  5.63  5.15  4.71  4.43  3.87  2.75  1.83  1.48  0.92  0.35  0.20  0.13  0.07  0.04  0.03  0.03
 4 -60  0.04  0.13  0.22  0.44  0.86  1.26  1.99  3.46  4.69  5.68  6.27  6.35  6.12  5.62  5.23  4.94  4.10  2.73  1.74  1.39  0.85  0.32  0.17  0.11  0.07  0.04  0.03  0.03
 4 -55  0.04  0.13  0.21  0.42  0.82  1.20  1.91  3.34  4.60  5.59  6.41  6.73  6.57  6.07  5.79  5.56  4.34  2.59  1.52  1.20  0.68  0.27  0.13  0.09  0.06  0.04  0.03  0.03
 4 -50  0.04  0.12  0.20  0.40  0.78  1.15  1.83  3.20  4.47  5.45  6.50  7.11  7.01  6.48  6.31  6.17  4.59  2.46  1.27  0.98  0.51  0.21  0.09  0.08  0.06  0.04  0.03  0.03
 4 -45  0.04  0.12  0.19  0.38  0.75  1.10  1.75  3.12  4.40  5.35  6.55  7.34  7.33  6.88  6.40  6.07  4.46  2.31  1.19  0.92  0.49  0.20  0.10  0.07  0.05  0.04  0.03  0.03
 4 -40  0.04  0.11  0.18  0.37  0.72  1.05  1.68  3.01  4.31  5.23  6.59  7.59  7.68  7.27  6.51  5.98  4.33  2.17  1.12  0.87  0.46  0.18  0.09  0.06  0.04  0.04  0.03  0.03
 4 -35  0.04  0.11  0.17  0.35  0.68  1.00  1.62  2.95  4.25  5.18  6.62  7.84  8.07  7.77  6.76  6.06  4.22  1.95  0.96  0.74  0.38  0.15  0.07  0.05  0.04  0.04  0.03  0.03
 4 -30  0.03  0.10  0.17  0.33  0.66  0.97  1.56  2.88  4.15  5.06  6.63  8.07  8.46  8.27  7.02  6.13  4.10  1.73  0.78  0.60  0.30  0.09  0.05  0.04  0.04  0.04  0.03  0.03
 4 -25  0.03  0.10  0.16  0.32  0.63  0.94  1.52  2.83  4.05  4.91  6.49  8.14  8.73  8.71  7.43  6.51  4.16  1.54  0.60  0.45  0.21  0.06  0.04  0.03  0.03  0.03  0.03  0.03
 4 -20  0.03  0.09  0.16  0.31  0.61  0.91  1.48  2.78  3.90  4.68  6.34  8.24  8.99  9.10  7.82  6.89  4.20  1.38  0.41  0.30  0.12  0.04  0.03  0.03  0.03  0.03  0.03  0.03
 4 -15  0.03  0.09  0.15  0.30  0.60  0.89  1.45  2.75  3.80  4.57  6.16  8.15  9.11  9.41  8.07  7.10  4.20  1.32  0.39  0.29  0.12  0.03  0.03  0.03  0.03  0.03  0.03  0.03
 4 -10  0.03  0.09  0.15  0.30  0.59  0.88  1.43  2.69  3.71  4.40  5.95  8.18  9.30  9.69  8.32  7.29  4.18  1.27  0.36  0.28  0.12  0.03  0.03  0.03  0.03  0.03  0.03  0.03
 4  -5  0.03  0.09  0.15  0.30  0.59  0.87  1.42  2.68  3.67  4.33  5.78  8.17  9.37  9.76  8.37  7.32  4.20  1.28  0.37  0.28  0.12  0.03  0.03  0.03  0.03  0.03  0.03  0.03
 4   0  0.03  0.09  0.15  0.30  0.60  0.88  1.43  2.63  3.58  4.20  5.62  7.99  9.24  9.71  8.38  7.37  4.24  1.33  0.37  0.28  0.12  0.03  0.03  0.03  0.03  0.03  0.03  0.03
 4   5  0.03  0.09  0.15  0.30  0.59  0.88  1.42  2.66  3.62  4.34  5.79  8.12  9.26  9.57  8.33  7.35  4.31  1.42  0.54  0.40  0.14  0.03  0.03  0.03  0.03  0.03  0.03  0.03
 4  10  0.03  0.09  0.15  0.29  0.58  0.87  1.42  2.71  3.78  4.54  6.05  8.30  9.33  9.55  8.27  7.30  4.36  1.51  0.69  0.50  0.16  0.03  0.03  0.03  0.03  0.04  0.04  0.04
 4  15  0.03  0.09  0.15  0.29  0.58  0.87  1.43  2.75  3.81  4.59  6.13  8.29  9.25  9.38  8.08  7.11  4.33  1.56  0.72  0.51  0.16  0.04  0.03  0.03  0.04  0.04  0.05  0.05
 4  20  0.03  0.09  0.15  0.30  0.60  0.89  1.46  2.76  3.87  4.64  6.24  8.23  9.03  9.12  7.85  6.89  4.26  1.62  0.75  0.53  0.16  0.06  0.04  0.04  0.05  0.05  0.05  0.05
 4  25  0.03  0.09  0.15  0.30  0.60  0.89  1.46  2.76  3.88  4.68  6.29  8.17  8.88  8.91  7.72  6.85  4.39  1.83  0.86  0.63  0.25  0.09  0.07  0.06  0.06  0.06  0.05  0.05
 4  30  0.03  0.09  0.15  0.31  0.61  0.90  1.46  2.76  3.88  4.68  6.29  8.09  8.68  8.61  7.56  6.78  4.50  2.08  0.96  0.73  0.34  0.17  0.10  0.08  0.07  0.06  0.06  0.05
 4  35  0.03  0.09  0.16  0.31  0.61  0.90  1.46  2.70  3.82  4.63  6.23  7.97  8.45  8.29  7.32  6.62  4.48  2.36  1.25  0.99  0.56  0.31  0.17  0.10  0.08  0.06  0.06  0.05
 4  40  0.03  0.09  0.16  0.31  0.61  0.90  1.45  2.64  3.84  4.66  6.30  7.85  8.21  7.99  7.13  6.49  4.46  2.66  1.53  1.25  0.76  0.45  0.30  0.13  0.09  0.07  0.06  0.05
 4  45  0.03  0.09  0.16  0.31  0.61  0.90  1.45  2.65  3.86  4.69  6.26  7.71  8.01  7.66  6.82  6.21  4.49  2.85  1.75  1.43  0.89  0.53  0.35  0.18  0.11  0.07  0.06  0.06
 4  50  0.03  0.09  0.15  0.30  0.60  0.88  1.43  2.67  3.88  4.70  6.30  7.62  7.82  7.40  6.54  5.95  4.54  3.07  1.95  1.59  1.03  0.62  0.41  0.23  0.13  0.07  0.06  0.06
 4  55  0.03  0.09  0.15  0.30  0.60  0.89  1.44  2.68  3.91  4.76  6.29  7.44  7.52  7.05  6.24  5.66  4.66  3.23  2.09  1.73  1.14  0.67  0.46  0.26  0.14  0.08  0.06  0.06
 4  60  0.03  0.09  0.15  0.31  0.61  0.90  1.46  2.71  3.98  4.84  6.30  7.26  7.23  6.70  5.94  5.40  4.79  3.41  2.25  1.87  1.25  0.72  0.51  0.29  0.15  0.08  0.06  0.06
 4  65  0.03  0.09  0.16  0.31  0.61  0.91  1.47  2.74  3.98  4.83  6.13  6.92  6.84  6.31  5.72  5.31  4.73  3.42  2.36  1.96  1.32  0.81  0.58  0.34  0.16  0.08  0.06  0.06
 4  70  0.03  0.09  0.16  0.31  0.62  0.92  1.49  2.76  3.98  4.81  5.96  6.57  6.44  5.92  5.51  5.22  4.67  3.42  2.46  2.06  1.40  0.89  0.65  0.39  0.17  0.08  0.06  0.06
 4  75  0.03  0.10  0.16  0.32  0.63  0.93  1.52  2.83  3.96  4.73  5.65  6.12  6.00  5.56  5.31  5.14  4.65  3.48  2.53  2.14  1.49  0.94  0.65  0.38  0.16  0.08  0.06  0.06
 4  80  0.03  0.10  0.16  0.33  0.64  0.95  1.55  2.88  3.94  4.65  5.33  5.67  5.56  5.20  5.11  5.05  4.62  3.53  2.60  2.22  1.59  1.00  0.65  0.38  0.15  0.09  0.06  0.06
 4  85  0.03  0.10  0.16  0.33  0.64  0.95  1.55  2.88  3.93  4.63  5.31  5.65  5.54  5.19  5.10  5.04  4.61  3.53  2.60  2.22  1.59  1.00  0.65  0.38  0.15  0.09  0.06  0.06
 4  90  0.03  0.10  0.16  0.33  0.64  0.95  1.54  2.87  3.91  4.62  5.29  5.63  5.52  5.18  5.09  5.04  4.61  3.53  2.60  2.22  1.59  1.00  0.65  0.38  0.15  0.09  0.06  0.06
 5 -90  0.06  0.17  0.28  0.56  1.06  1.53  2.31  3.45  4.07  4.59  4.49  4.23  3.81  3.37  3.38  3.42  3.32  2.68  1.94  1.58  0.98  0.40  0.23  0.14  0.06  0.03  0.03  0.03
 5 -85  0.06  0.17  0.28  0.56  1.06  1.53  2.31  3.44  4.07  4.60  4.49  4.24  3.82  3.36  3.38  3.42  3.32  2.68  1.94  1.57  0.98  0.40  0.23  0.14  0.06  0.04  0.03  0.03
 5 -80  0.06  0.17  0.28  0.56  1.06  1.53  2.31  3.44  4.07  4.60  4.50  4.24  3.82  3.36  3.38  3.42  3.32  2.68  1.94  1.57  0.98  0.40  0.23  0.14  0.06  0.04  0.03  0.03
 5 -75  0.06  0.17  0.28  0.54  1.04  1.50  2.28  3.46  4.22  4.85  4.97  4.84  4.51  4.06  3.84  3.73  3.44  2.57  1.80  1.45  0.90  0.37  0.21  0.13  0.06  0.04  0.03  0.03
 5 -70  0.05  0.16  0.27  0.53  1.02  1.46  2.24  3.50  4.38  5.11  5.44  5.44  5.19  4.76  4.28  4.02  3.55  2.47  1.66  1.34  0.83  0.34  0.20  0.12  0.07  0.04  0.03  0.03
 5 -65  0.05  0.16  0.27  0.53  1.03  1.49  2.32  3.78  4.75  5.57  5.79  5.74  5.51  5.09  4.75  4.56  4.03  2.61  1.68  1.33  0.79  0.34  0.19  0.12  0.06  0.04  0.03  0.03
 5 -60  0.05  0.16  0.27  0.54  1.04  1.52  2.39  4.06  5.11  6.02  6.13  6.04  5.82  5.43  5.25  5.13  4.48  2.74  1.69  1.33  0.74  0.35  0.18  0.11  0.06  0.04  0.03  0.03
 5 -55  0.05  0.16  0.26  0.51  1.00  1.46  2.31  3.98  5.18  6.16  6.46  6.43  6.22  5.80  5.63  5.47  4.57  2.56  1.56  1.21  0.65  0.35  0.17  0.10  0.06  0.04  0.03  0.03
 5 -50  0.05  0.15  0.25  0.50  0.97  1.41  2.23  3.85  5.17  6.22  6.74  6.83  6.60  6.12  5.97  5.80  4.67  2.40  1.40  1.08  0.55  0.35  0.15  0.08  0.05  0.04  0.03  0.03
 5 -45  0.05  0.14  0.23  0.46  0.89  1.31  2.07  3.60  4.95  6.00  6.79  7.09  6.89  6.41  6.08  5.84  4.60  2.32  1.31  1.01  0.52  0.32  0.14  0.07  0.05  0.04  0.03  0.03
 5 -40  0.04  0.13  0.21  0.42  0.82  1.20  1.91  3.35  4.76  5.81  6.88  7.40  7.24  6.73  6.25  5.90  4.53  2.25  1.24  0.95  0.48  0.29  0.13  0.06  0.04  0.03  0.03  0.03
 5 -35  0.04  0.12  0.19  0.39  0.76  1.11  1.78  3.19  4.57  5.59  6.83  7.63  7.60  7.20  6.68  6.30  4.50  2.04  1.01  0.77  0.36  0.22  0.09  0.05  0.04  0.03  0.03  0.03
 5 -30  0.04  0.11  0.18  0.36  0.70  1.03  1.66  3.01  4.33  5.29  6.75  7.84  7.99  7.67  7.11  6.70  4.46  1.81  0.78  0.58  0.25  0.10  0.06  0.04  0.04  0.03  0.03  0.03
 5 -25  0.03  0.10  0.17  0.34  0.67  0.99  1.60  2.90  4.15  5.05  6.55  7.91  8.27  8.14  7.35  6.76  4.40  1.67  0.63  0.47  0.19  0.06  0.04  0.04  0.03  0.03  0.03  0.03
 5 -20  0.03  0.10  0.17  0.33  0.65  0.95  1.53  2.80  3.90  4.70  6.30  8.01  8.57  8.55  7.55  6.82  4.33  1.55  0.49  0.36  0.14  0.04  0.03  0.03  0.03  0.03  0.03  0.03
 5 -15  0.03  0.10  0.16  0.32  0.63  0.93  1.51  2.78  3.85  4.60  6.12  7.93  8.73  8.89  7.85  7.11  4.36  1.46  0.43  0.32  0.12  0.04  0.03  0.03  0.03  0.03  0.03  0.03
 5 -10  0.03  0.10  0.16  0.32  0.62  0.92  1.49  2.73  3.76  4.45  5.94  7.96  8.92  9.23  8.16  7.38  4.37  1.37  0.36  0.27  0.11  0.03  0.03  0.03  0.03  0.03  0.03  0.03
 5  -5  0.03  0.10  0.16  0.32  0.62  0.92  1.48  2.73  3.75  4.45  5.85  8.00  9.06  9.38  8.10  7.19  4.17  1.20  0.32  0.24  0.10  0.03  0.03  0.03  0.03  0.03  0.03  0.03
 5   0  0.03  0.09  0.16  0.31  0.62  0.91  1.47  2.72  3.72  4.39  5.76  7.90  9.05  9.42  8.02  7.02  3.98  1.06  0.28  0.22  0.10  0.03  0.03  0.03  0.03  0.03  0.03  0.03
 5   5  0.03  0.09  0.16  0.31  0.61  0.90  1.47  2.73  3.73  4.47  5.90  8.05  9.09  9.39  8.17  7.24  4.25  1.31  0.45  0.35  0.16  0.03  0.03  0.03  0.03  0.03  0.03  0.03
 5  10  0.03  0.09  0.15  0.30  0.60  0.89  1.45  2.76  3.86  4.63  6.12  8.24  9.20  9.46  8.31  7.43  4.51  1.56  0.61  0.47  0.22  0.04  0.03  0.03  0.03  0.04  0.04  0.04
 5  15  0.03  0.09  0.15  0.30  0.59  0.88  1.45  2.76  3.85  4.62  6.14  8.23  9.17  9.34  8.21  7.35  4.40  1.62  0.64  0.49  0.23  0.04  0.04  0.04  0.04  0.05  0.05  0.04
 5  20  0.03  0.09  0.15  0.31  0.61  0.90  1.46  2.74  3.85  4.62  6.22  8.21  9.04  9.16  8.07  7.24  4.28  1.70  0.68  0.52  0.24  0.06  0.05  0.05  0.05  0.05  0.05  0.05
 5  25  0.03  0.09  0.15  0.30  0.60  0.89  1.44  2.72  3.82  4.59  6.18  8.13  8.93  9.00  7.91  7.12  4.46  1.88  0.79  0.61  0.31  0.10  0.06  0.06  0.06  0.06  0.05  0.05
 5  30  0.03  0.09  0.15  0.30  0.59  0.88  1.43  2.70  3.78  4.55  6.11  8.04  8.77  8.79  7.73  6.98  4.64  2.06  0.91  0.71  0.37  0.16  0.09  0.07  0.06  0.06  0.06  0.05
 5  35  0.03  0.09  0.15  0.30  0.59  0.87  1.41  2.62  3.68  4.43  5.96  7.86  8.53  8.51  7.50  6.79  4.61  2.28  1.13  0.91  0.54  0.29  0.14  0.09  0.07  0.06  0.06  0.05
 5  40  0.03  0.09  0.15  0.30  0.59  0.87  1.39  2.55  3.65  4.40  5.95  7.71  8.30  8.23  7.30  6.62  4.58  2.50  1.34  1.10  0.69  0.41  0.21  0.12  0.09  0.07  0.06  0.06
 5  45  0.03  0.09  0.15  0.29  0.57  0.84  1.36  2.52  3.58  4.31  5.79  7.53  8.09  7.94  7.01  6.33  4.52  2.64  1.56  1.28  0.81  0.49  0.32  0.16  0.10  0.07  0.06  0.06
 5  50  0.03  0.08  0.14  0.28  0.55  0.81  1.33  2.50  3.53  4.24  5.71  7.39  7.91  7.67  6.73  6.06  4.47  2.79  1.76  1.45  0.95  0.58  0.39  0.20  0.12  0.08  0.06  0.06
 5  55  0.03  0.08  0.14  0.27  0.54  0.80  1.30  2.45  3.48  4.19  5.64  7.22  7.62  7.31  6.42  5.78  4.47  2.92  1.87  1.54  1.01  0.61  0.44  0.26  0.13  0.08  0.07  0.06
 5  60  0.03  0.08  0.14  0.27  0.53  0.79  1.29  2.43  3.46  4.17  5.60  7.05  7.35  6.94  6.11  5.52  4.48  3.06  1.99  1.63  1.06  0.64  0.48  0.28  0.14  0.08  0.07  0.06
 5  65  0.03  0.08  0.13  0.26  0.52  0.77  1.26  2.37  3.38  4.07  5.43  6.71  6.89  6.43  5.62  5.04  4.20  3.05  2.10  1.74  1.16  0.70  0.53  0.34  0.16  0.08  0.07  0.06
 5  70  0.03  0.08  0.13  0.26  0.51  0.76  1.23  2.32  3.29  3.96  5.25  6.36  6.43  5.92  5.12  4.56  3.91  3.05  2.20  1.84  1.26  0.76  0.59  0.39  0.22  0.09  0.07  0.06
 5  75  0.03  0.08  0.13  0.26  0.51  0.76  1.23  2.32  3.33  4.02  5.25  6.10  6.02  5.46  4.90  4.51  4.03  3.12  2.22  1.86  1.28  0.78  0.58  0.38  0.21  0.09  0.07  0.06
 5  80  0.03  0.08  0.13  0.26  0.51  0.76  1.23  2.32  3.37  4.08  5.25  5.84  5.61  5.01  4.69  4.46  4.13  3.19  2.25  1.89  1.31  0.79  0.57  0.38  0.21  0.09  0.07  0.06
 5  85  0.03  0.08  0.13  0.26  0.51  0.76  1.23  2.31  3.35  4.07  5.23  5.82  5.59  5.00  4.68  4.45  4.13  3.19  2.25  1.89  1.31  0.79  0.57  0.38  0.21  0.09  0.07  0.06
 5  90  0.03  0.08  0.13  0.26  0.51  0.76  1.23  2.31  3.34  4.05  5.20  5.80  5.57  4.99  4.67  4.44  4.12  3.18  2.25  1.89  1.31  0.79  0.57  0.37  0.20  0.10  0.07  0.06
 6 -90  0.06  0.17  0.29  0.56  1.07  1.53  2.28  3.24  4.23  4.99  4.92  4.65  4.33  3.95  3.90  3.86  3.32  2.70  1.94  1.59  1.02  0.36  0.18  0.09  0.05  0.03  0.03  0.03
 6 -85  0.06  0.17  0.29  0.56  1.07  1.53  2.28  3.24  4.22  4.99  4.92  4.65  4.33  3.95  3.90  3.85  3.32  2.70  1.94  1.59  1.02  0.36  0.18  0.09  0.05  0.03  0.03  0.03
 6 -80  0.06  0.17  0.29  0.56  1.07  1.53  2.28  3.23  4.22  4.99  4.93  4.66  4.33  3.95  3.90  3.85  3.32  2.71  1.94  1.59  1.02  0.36  0.18  0.09  0.05  0.03  0.03  0.03
 6 -75  0.06  0.17  0.29  0.56  1.07  1.53  2.31  3.36  4.34  5.11  5.24  5.14  4.85  4.45  4.19  4.02  3.48  2.69  1.90  1.56  1.01  0.35  0.17  0.10  0.05  0.03  0.03  0.03
 6 -70  0.06  0.17  0.28  0.56  1.07  1.53  2.33  3.51  4.47  5.24  5.56  5.63  5.37  4.94  4.46  4.16  3.62  2.67  1.87  1.54  1.00  0.34  0.16  0.10  0.06  0.04  0.03  0.03
 6 -65  0.06  0.17  0.28  0.55  1.06  1.53  2.34  3.66  4.66  5.46  5.70  5.75  5.52  5.11  4.75  4.56  3.98  2.75  1.87  1.53  0.98  0.38  0.20  0.10  0.06  0.04  0.03  0.03
 6 -60  0.06  0.17  0.28  0.54  1.05  1.52  2.36  3.82  4.85  5.70  5.85  5.87  5.67  5.27  5.07  4.97  4.32  2.82  1.86  1.52  0.95  0.42  0.23  0.10  0.06  0.04  0.03  0.03
 6 -55  0.05  0.16  0.27  0.53  1.03  1.51  2.36  3.98  5.15  6.11  6.23  6.18  5.98  5.61  5.47  5.35  4.46  2.67  1.69  1.36  0.84  0.40  0.24  0.10  0.06  0.04  0.03  0.03
 6 -50  0.05  0.16  0.27  0.53  1.03  1.51  2.38  4.07  5.37  6.41  6.56  6.48  6.28  5.90  5.83  5.72  4.61  2.54  1.49  1.19  0.72  0.38  0.25  0.09  0.05  0.04  0.03  0.03
 6 -45  0.05  0.15  0.25  0.49  0.95  1.39  2.19  3.76  5.12  6.19  6.73  6.85  6.62  6.17  5.90  5.68  4.59  2.48  1.41  1.13  0.69  0.36  0.23  0.08  0.05  0.04  0.03  0.03
 6 -40  0.04  0.13  0.22  0.44  0.85  1.25  1.98  3.47  4.93  6.02  6.96  7.29  7.05  6.51  6.03  5.66  4.55  2.42  1.35  1.08  0.65  0.33  0.21  0.07  0.05  0.04  0.03  0.03
 6 -35  0.04  0.12  0.20  0.40  0.78  1.14  1.83  3.24  4.63  5.65  6.82  7.49  7.39  6.96  6.42  6.03  4.67  2.22  1.07  0.85  0.49  0.25  0.11  0.06  0.05  0.04  0.03  0.03
 6 -30  0.04  0.11  0.18  0.36  0.71  1.04  1.67  3.00  4.28  5.22  6.65  7.70  7.78  7.42  6.83  6.40  4.77  1.99  0.80  0.62  0.33  0.17  0.07  0.05  0.04  0.04  0.03  0.03
 6 -25  0.04  0.11  0.18  0.35  0.69  1.01  1.62  2.90  4.11  5.00  6.48  7.74  7.99  7.79  7.10  6.58  4.63  1.78  0.64  0.49  0.24  0.07  0.05  0.04  0.04  0.04  0.04  0.03
 6 -20  0.03  0.10  0.17  0.34  0.67  0.98  1.57  2.79  3.88  4.68  6.24  7.80  8.22  8.08  7.34  6.77  4.49  1.58  0.48  0.36  0.15  0.05  0.04  0.03  0.03  0.04  0.04  0.04
 6 -15  0.03  0.10  0.17  0.33  0.65  0.96  1.55  2.80  3.88  4.63  6.12  7.77  8.41  8.41  7.50  6.87  4.36  1.50  0.46  0.34  0.14  0.04  0.03  0.03  0.03  0.03  0.04  0.04
 6 -10  0.03  0.10  0.17  0.33  0.65  0.96  1.54  2.77  3.84  4.56  6.02  7.84  8.61  8.77  7.70  6.97  4.19  1.40  0.44  0.33  0.14  0.04  0.03  0.03  0.03  0.03  0.03  0.03
 6  -5  0.03  0.10  0.17  0.33  0.65  0.96  1.53  2.77  3.87  4.61  5.99  7.92  8.83  9.01  7.91  7.20  4.25  1.34  0.41  0.30  0.14  0.03  0.03  0.03  0.03  0.03  0.03  0.03
 6   0  0.03  0.10  0.16  0.32  0.63  0.93  1.51  2.81  3.89  4.64  6.01  7.95  8.96  9.18  8.13  7.45  4.32  1.29  0.37  0.28  0.13  0.04  0.03  0.03  0.03  0.03  0.03  0.03
 6   5  0.03  0.10  0.16  0.32  0.63  0.93  1.51  2.79  3.88  4.66  6.11  8.06  8.98  9.22  8.21  7.48  4.48  1.43  0.49  0.38  0.18  0.04  0.03  0.03  0.03  0.03  0.03  0.03
 6  10  0.03  0.09  0.16  0.31  0.61  0.91  1.48  2.82  3.97  4.77  6.28  8.25  9.10  9.34  8.29  7.48  4.62  1.58  0.59  0.45  0.22  0.04  0.03  0.03  0.03  0.04  0.04  0.03
 6  15  0.03  0.09  0.16  0.31  0.61  0.91  1.48  2.81  3.95  4.73  6.26  8.23  9.07  9.22  8.12  7.28  4.51  1.63  0.61  0.47  0.23  0.05  0.04  0.04  0.04  0.05  0.04  0.04
 6  20  0.03  0.10  0.16  0.31  0.62  0.92  1.49  2.78  3.92  4.69  6.30  8.22  8.98  9.10  7.93  7.06  4.42  1.69  0.64  0.50  0.25  0.06  0.05  0.05  0.05  0.05  0.05  0.04
 6  25  0.03  0.09  0.16  0.31  0.61  0.90  1.47  2.75  3.88  4.64  6.19  8.10  8.89  8.96  7.93  7.19  4.54  1.82  0.68  0.53  0.27  0.09  0.06  0.06  0.06  0.06  0.05  0.05
 6  30  0.03  0.09  0.15  0.30  0.60  0.88  1.44  2.73  3.81  4.58  6.09  7.99  8.74  8.78  7.91  7.30  4.67  1.94  0.72  0.55  0.29  0.13  0.08  0.06  0.06  0.06  0.05  0.05
 6  35  0.03  0.09  0.15  0.30  0.59  0.87  1.41  2.64  3.68  4.42  5.90  7.76  8.48  8.51  7.61  6.97  4.61  2.16  0.97  0.77  0.43  0.19  0.10  0.08  0.07  0.06  0.06  0.05
 6  40  0.03  0.09  0.15  0.29  0.58  0.86  1.39  2.56  3.63  4.35  5.83  7.57  8.22  8.22  7.31  6.65  4.54  2.39  1.22  0.97  0.56  0.31  0.16  0.10  0.08  0.07  0.06  0.05
 6  45  0.03  0.09  0.14  0.28  0.56  0.83  1.34  2.49  3.50  4.19  5.60  7.35  7.99  7.94  7.04  6.37  4.51  2.51  1.42  1.14  0.69  0.40  0.25  0.13  0.09  0.07  0.06  0.06
 6  50  0.03  0.08  0.13  0.27  0.53  0.79  1.29  2.45  3.40  4.06  5.43  7.16  7.77  7.65  6.73  6.09  4.50  2.64  1.59  1.30  0.83  0.48  0.33  0.16  0.10  0.07  0.06  0.06
 6  55  0.03  0.08  0.13  0.26  0.51  0.76  1.24  2.38  3.29  3.93  5.27  6.93  7.45  7.27  6.42  5.81  4.32  2.72  1.68  1.36  0.87  0.50  0.37  0.19  0.12  0.08  0.07  0.06
 6  60  0.03  0.08  0.13  0.25  0.50  0.75  1.22  2.33  3.23  3.85  5.15  6.69  7.14  6.87  6.10  5.57  4.17  2.82  1.78  1.44  0.91  0.52  0.40  0.25  0.13  0.08  0.07  0.06
 6  65  0.02  0.07  0.12  0.24  0.48  0.72  1.18  2.24  3.13  3.73  4.99  6.40  6.73  6.37  5.57  5.01  3.89  2.81  1.87  1.53  0.99  0.56  0.45  0.28  0.14  0.08  0.07  0.06
 6  70  0.02  0.07  0.12  0.24  0.47  0.69  1.13  2.16  3.02  3.61  4.83  6.11  6.31  5.87  5.04  4.46  3.60  2.80  1.97  1.62  1.08  0.59  0.49  0.31  0.16  0.09  0.07  0.06
 6  75  0.02  0.07  0.11  0.23  0.45  0.67  1.09  2.08  2.96  3.57  4.84  5.98  6.04  5.52  4.79  4.28  3.64  2.84  2.00  1.67  1.13  0.61  0.50  0.32  0.17  0.09  0.07  0.06
 6  80  0.02  0.07  0.11  0.22  0.43  0.64  1.05  2.00  2.91  3.53  4.85  5.85  5.77  5.16  4.53  4.09  3.67  2.87  2.04  1.71  1.18  0.63  0.52  0.34  0.18  0.09  0.07  0.06
 6  85  0.02  0.07  0.11  0.22  0.43  0.64  1.05  1.99  2.89  3.51  4.82  5.82  5.75  5.15  4.52  4.08  3.67  2.86  2.04  1.71  1.18  0.63  0.52  0.34  0.18  0.10  0.07  0.06
 6  90  0.02  0.07  0.11  0.22  0.43  0.64  1.05  1.98  2.88  3.49  4.79  5.80  5.73  5.14  4.52  4.07  3.66  2.86  2.04  1.71  1.18  0.63  0.52  0.34  0.18  0.10  0.07  0.06
 7 -90  0.05  0.16  0.26  0.50  0.95  1.35  1.98  2.63  3.72  4.54  4.94  5.05  4.78  4.19  4.00  3.84  3.55  2.67  1.93  1.56  0.96  0.37  0.19  0.08  0.05  0.03  0.03  0.03
 7 -85  0.05  0.16  0.26  0.50  0.95  1.35  1.98  2.62  3.71  4.54  4.94  5.05  4.79  4.19  4.00  3.83  3.55  2.67  1.93  1.56  0.96  0.37  0.19  0.08  0.05  0.03  0.03  0.03
 7 -80  0.05  0.16  0.26  0.50  0.95  1.35  1.98  2.62  3.71  4.54  4.95  5.06  4.79  4.18  4.00  3.83  3.55  2.67  1.93  1.55  0.96  0.37  0.19  0.08  0.05  0.03  0.03  0.03
 7 -75  0.05  0.15  0.24  0.47  0.89  1.26  1.86  2.48  3.57  4.42  5.01  5.45  5.31  4.75  4.26  3.90  3.43  2.66  1.93  1.56  0.99  0.37  0.20  0.08  0.05  0.03  0.03  0.03
 7 -70  0.05  0.13  0.22  0.43  0.82  1.17  1.73  2.37  3.45  4.31  5.09  5.83  5.83  5.33  4.51  3.96  3.29  2.65  1.94  1.58  1.02  0.38  0.20  0.09  0.05  0.04  0.03  0.03
 7 -65  0.05  0.14  0.23  0.45  0.85  1.22  1.85  2.76  3.86  4.75  5.38  5.87  5.77  5.31  4.80  4.49  3.83  2.76  1.90  1.57  1.04  0.40  0.20  0.09  0.05  0.04  0.03  0.03
 7 -60  0.05  0.14  0.23  0.46  0.88  1.27  1.97  3.17  4.28  5.20  5.69  5.90  5.72  5.27  5.10  5.04  4.37  2.86  1.87  1.56  1.06  0.43  0.24  0.10  0.06  0.04  0.03  0.03
 7 -55  0.05  0.14  0.22  0.44  0.86  1.26  1.99  3.41  4.62  5.61  6.12  6.24  6.06  5.64  5.57  5.52  4.56  2.74  1.74  1.42  0.92  0.41  0.25  0.10  0.06  0.04  0.03  0.03
 7 -50  0.05  0.14  0.22  0.44  0.87  1.27  2.03  3.55  4.87  5.90  6.49  6.58  6.38  5.95  6.02  5.99  4.76  2.65  1.58  1.27  0.78  0.38  0.25  0.09  0.05  0.04  0.03  0.03
 7 -45  0.04  0.13  0.22  0.43  0.84  1.23  1.95  3.42  4.75  5.78  6.62  6.93  6.73  6.29  6.10  5.94  4.77  2.69  1.55  1.24  0.74  0.35  0.23  0.09  0.05  0.04  0.03  0.03
 7 -40  0.04  0.12  0.21  0.41  0.80  1.17  1.86  3.30  4.70  5.72  6.84  7.38  7.22  6.72  6.26  5.88  4.78  2.73  1.53  1.21  0.69  0.32  0.21  0.09  0.05  0.04  0.03  0.03
 7 -35  0.04  0.12  0.19  0.38  0.75  1.10  1.76  3.15  4.49  5.47  6.72  7.53  7.48  7.08  6.43  5.94  4.75  2.53  1.27  0.99  0.53  0.25  0.16  0.08  0.05  0.04  0.04  0.03
 7 -30  0.04  0.11  0.18  0.36  0.70  1.04  1.66  3.00  4.25  5.16  6.58  7.68  7.80  7.46  6.63  6.01  4.71  2.30  1.02  0.77  0.38  0.18  0.08  0.06  0.05  0.04  0.04  0.04
 7 -25  0.04  0.11  0.18  0.35  0.69  1.02  1.63  2.91  4.11  5.01  6.49  7.74  7.95  7.72  6.91  6.30  4.60  2.01  0.80  0.60  0.28  0.07  0.05  0.04  0.04  0.04  0.04  0.04
 7 -20  0.04  0.11  0.18  0.35  0.69  1.00  1.60  2.81  3.93  4.78  6.34  7.80  8.12  7.91  7.16  6.59  4.50  1.73  0.58  0.43  0.18  0.05  0.04  0.04  0.04  0.04  0.04  0.04
 7 -15  0.03  0.10  0.17  0.34  0.66  0.98  1.57  2.82  3.95  4.72  6.25  7.84  8.36  8.24  7.43  6.87  4.30  1.54  0.53  0.40  0.17  0.04  0.04  0.03  0.03  0.04  0.04  0.04
 7 -10  0.03  0.10  0.17  0.34  0.66  0.97  1.55  2.79  3.91  4.67  6.19  7.96  8.63  8.67  7.74  7.15  4.06  1.35  0.48  0.36  0.16  0.04  0.03  0.03  0.03  0.03  0.04  0.04
 7  -5  0.03  0.10  0.17  0.33  0.65  0.96  1.55  2.79  3.93  4.72  6.16  8.04  8.89  8.96  7.80  7.11  4.12  1.31  0.47  0.36  0.17  0.04  0.03  0.03  0.03  0.03  0.03  0.03
 7   0  0.03  0.10  0.16  0.31  0.62  0.92  1.51  2.85  3.98  4.79  6.22  8.15  9.14  9.24  7.88  7.07  4.18  1.29  0.47  0.36  0.17  0.04  0.03  0.03  0.03  0.03  0.03  0.03
 7   5  0.03  0.10  0.16  0.32  0.63  0.94  1.52  2.82  3.97  4.78  6.31  8.22  9.11  9.29  8.09  7.29  4.41  1.48  0.59  0.45  0.20  0.04  0.03  0.03  0.03  0.03  0.03  0.03
 7  10  0.03  0.09  0.16  0.31  0.62  0.92  1.50  2.84  4.04  4.88  6.45  8.39  9.20  9.39  8.31  7.50  4.63  1.68  0.70  0.52  0.23  0.04  0.03  0.03  0.03  0.04  0.03  0.03
 7  15  0.03  0.10  0.16  0.32  0.63  0.93  1.51  2.85  4.05  4.85  6.45  8.34  9.10  9.22  8.18  7.38  4.61  1.72  0.71  0.53  0.23  0.04  0.04  0.04  0.04  0.04  0.04  0.03
 7  20  0.03  0.10  0.16  0.32  0.64  0.94  1.53  2.84  4.02  4.82  6.47  8.32  8.99  9.08  8.04  7.25  4.62  1.78  0.72  0.54  0.24  0.06  0.05  0.05  0.05  0.05  0.05  0.04
 7  25  0.03  0.10  0.16  0.32  0.63  0.93  1.51  2.83  4.02  4.81  6.36  8.18  8.87  8.91  7.87  7.13  4.58  1.91  0.77  0.58  0.24  0.08  0.06  0.06  0.06  0.06  0.05  0.04
 7  30  0.03  0.09  0.16  0.31  0.62  0.92  1.49  2.83  3.97  4.78  6.30  8.06  8.70  8.73  7.70  6.99  4.54  2.03  0.81  0.59  0.24  0.11  0.07  0.06  0.06  0.06  0.05  0.05
 7  35  0.03  0.09  0.16  0.31  0.61  0.90  1.47  2.75  3.83  4.62  6.09  7.81  8.44  8.45  7.48  6.82  4.51  2.15  0.97  0.74  0.35  0.14  0.08  0.07  0.07  0.06  0.06  0.05
 7  40  0.03  0.09  0.15  0.30  0.60  0.88  1.43  2.68  3.78  4.52  5.97  7.59  8.16  8.16  7.27  6.64  4.47  2.27  1.14  0.88  0.46  0.19  0.11  0.08  0.07  0.06  0.06  0.05
 7  45  0.03  0.09  0.15  0.29  0.58  0.85  1.38  2.58  3.62  4.33  5.72  7.37  7.94  7.89  7.01  6.37  4.44  2.38  1.28  1.01  0.57  0.28  0.16  0.11  0.08  0.07  0.06  0.05
 7  50  0.03  0.08  0.14  0.27  0.54  0.81  1.32  2.51  3.47  4.15  5.51  7.14  7.69  7.58  6.70  6.09  4.43  2.49  1.41  1.13  0.69  0.36  0.25  0.14  0.10  0.07  0.06  0.05
 7  55  0.03  0.08  0.13  0.26  0.52  0.77  1.26  2.42  3.35  4.00  5.33  6.91  7.39  7.22  6.33  5.70  4.23  2.53  1.50  1.21  0.77  0.40  0.29  0.16  0.11  0.07  0.06  0.05
 7  60  0.03  0.08  0.13  0.25  0.50  0.75  1.23  2.36  3.27  3.91  5.18  6.66  7.07  6.82  5.95  5.33  4.06  2.61  1.62  1.31  0.85  0.45  0.34  0.19  0.12  0.08  0.06  0.05
 7  65  0.02  0.07  0.12  0.24  0.48  0.72  1.18  2.26  3.14  3.75  4.98  6.32  6.62  6.27  5.36  4.72  3.70  2.61  1.71  1.40  0.92  0.48  0.37  0.24  0.13  0.08  0.06  0.05
 7  70  0.02  0.07  0.12  0.23  0.46  0.69  1.12  2.16  3.01  3.59  4.77  5.98  6.16  5.73  4.78  4.11  3.33  2.61  1.79  1.48  1.00  0.50  0.40  0.26  0.14  0.08  0.06  0.05
 7  75  0.02  0.07  0.11  0.22  0.44  0.65  1.07  2.05  2.93  3.53  4.75  5.80  5.83  5.33  4.50  3.92  3.31  2.65  1.85  1.53  1.03  0.51  0.42  0.27  0.15  0.08  0.07  0.05
 7  80  0.02  0.06  0.11  0.21  0.42  0.62  1.02  1.95  2.85  3.47  4.71  5.61  5.51  4.93  4.23  3.73  3.27  2.69  1.91  1.58  1.06  0.51  0.44  0.28  0.16  0.09  0.07  0.05
 7  85  0.02  0.06  0.11  0.21  0.42  0.62  1.02  1.94  2.84  3.45  4.69  5.59  5.49  4.92  4.22  3.72  3.27  2.68  1.91  1.58  1.06  0.51  0.44  0.28  0.17  0.09  0.07  0.05
 7  90  0.02  0.06  0.11  0.21  0.42  0.62  1.02  1.93  2.82  3.42  4.66  5.56  5.47  4.91  4.21  3.71  3.26  2.68  1.91  1.58  1.06  0.51  0.44  0.28  0.17  0.09  0.07  0.05
 8 -90  0.04  0.12  0.20  0.39  0.75  1.06  1.57  2.14  3.07  3.80  4.80  5.94  5.96  5.07  4.05  3.32  2.78  2.36  1.69  1.38  0.89  0.36  0.14  0.07  0.05  0.03  0.03  0.03
 8 -85  0.04  0.12  0.20  0.39  0.75  1.06  1.57  2.14  3.06  3.80  4.81  5.95  5.97  5.07  4.05  3.31  2.79  2.36  1.68  1.38  0.89  0.36  0.15  0.07  0.05  0.03  0.03  0.03
 8 -80  0.04  0.12  0.20  0.39  0.74  1.06  1.56  2.13  3.05  3.80  4.82  5.95  5.97  5.06  4.04  3.31  2.79  2.37  1.68  1.38  0.89  0.36  0.16  0.07  0.05  0.03  0.03  0.03
 8 -75  0.04  0.12  0.20  0.40  0.76  1.08  1.62  2.36  3.24  3.98  4.90  5.83  5.84  5.17  4.23  3.57  2.93  2.42  1.71  1.41  0.94  0.38  0.17  0.08  0.05  0.04  0.03  0.03
 8 -70  0.04  0.12  0.20  0.39  0.76  1.09  1.67  2.60  3.44  4.17  4.99  5.69  5.70  5.28  4.40  3.83  3.09  2.49  1.75  1.46  0.99  0.41  0.18  0.08  0.05  0.04  0.03  0.03
 8 -65  0.04  0.12  0.19  0.38  0.74  1.08  1.69  2.80  3.70  4.48  5.34  5.92  5.88  5.45  4.85  4.48  3.69  2.69  1.75  1.44  0.96  0.42  0.20  0.09  0.05  0.04  0.03  0.03
 8 -60  0.04  0.11  0.19  0.38  0.74  1.08  1.71  2.97  3.96  4.79  5.69  6.14  6.04  5.60  5.31  5.14  4.28  2.88  1.75  1.43  0.93  0.42  0.24  0.09  0.06  0.04  0.03  0.03
 8 -55  0.04  0.11  0.19  0.38  0.74  1.09  1.75  3.18  4.34  5.22  6.19  6.60  6.50  6.09  5.79  5.54  4.61  2.97  1.74  1.42  0.91  0.42  0.26  0.10  0.06  0.04  0.03  0.03
 8 -50  0.04  0.12  0.19  0.38  0.75  1.11  1.80  3.31  4.59  5.57  6.61  7.07  6.96  6.55  6.23  5.92  4.91  3.05  1.71  1.39  0.88  0.40  0.27  0.09  0.06  0.04  0.04  0.03
 8 -45  0.04  0.12  0.19  0.39  0.76  1.12  1.80  3.27  4.56  5.55  6.67  7.30  7.21  6.78  6.28  5.87  4.89  3.02  1.67  1.35  0.85  0.38  0.26  0.09  0.06  0.04  0.04  0.03
 8 -40  0.04  0.12  0.19  0.38  0.75  1.11  1.78  3.24  4.61  5.57  6.83  7.62  7.60  7.14  6.40  5.83  4.86  2.99  1.63  1.31  0.80  0.36  0.24  0.10  0.06  0.04  0.04  0.04
 8 -35  0.04  0.11  0.19  0.37  0.72  1.06  1.71  3.12  4.45  5.42  6.78  7.75  7.78  7.36  6.52  5.90  4.78  2.75  1.35  1.07  0.62  0.28  0.20  0.09  0.06  0.04  0.04  0.04
 8 -30  0.04  0.11  0.18  0.35  0.69  1.02  1.64  3.00  4.28  5.21  6.70  7.87  7.99  7.61  6.69  5.99  4.69  2.47  1.08  0.84  0.44  0.20  0.09  0.07  0.06  0.05  0.04  0.04
 8 -25  0.04  0.11  0.18  0.35  0.68  1.01  1.61  2.89  4.12  5.03  6.62  7.99  8.21  7.91  6.96  6.24  4.60  2.16  0.81  0.62  0.31  0.08  0.06  0.05  0.05  0.04  0.04  0.04
 8 -20  0.04  0.10  0.17  0.34  0.67  0.99  1.58  2.78  3.94  4.82  6.50  8.08  8.42  8.14  7.20  6.49  4.51  1.83  0.55  0.41  0.17  0.06  0.04  0.04  0.04  0.04  0.04  0.04
 8 -15  0.03  0.10  0.17  0.33  0.65  0.96  1.54  2.80  3.93  4.71  6.35  8.12  8.67  8.49  7.50  6.84  4.29  1.60  0.52  0.39  0.15  0.05  0.04  0.04  0.04  0.04  0.04  0.04
 8 -10  0.03  0.10  0.16  0.32  0.64  0.94  1.51  2.76  3.87  4.63  6.24  8.22  8.97  8.97  7.87  7.18  4.05  1.36  0.50  0.36  0.14  0.04  0.03  0.03  0.03  0.04  0.04  0.04
 8  -5  0.03  0.10  0.16  0.32  0.63  0.94  1.51  2.76  3.89  4.66  6.17  8.26  9.23  9.28  8.01  7.27  4.03  1.32  0.50  0.37  0.14  0.04  0.03  0.03  0.03  0.04  0.04  0.04
 8   0  0.03  0.09  0.15  0.30  0.60  0.89  1.47  2.82  3.94  4.73  6.24  8.40  9.53  9.62  8.18  7.35  4.01  1.29  0.50  0.37  0.15  0.04  0.03  0.03  0.03  0.04  0.04  0.03
 8   5  0.03  0.09  0.16  0.31  0.62  0.91  1.49  2.79  3.93  4.73  6.33  8.42  9.44  9.62  8.27  7.43  4.30  1.45  0.61  0.45  0.17  0.04  0.03  0.03  0.03  0.03  0.03  0.03
 8  10  0.03  0.09  0.15  0.31  0.61  0.91  1.48  2.81  4.00  4.82  6.48  8.56  9.45  9.63  8.38  7.49  4.57  1.62  0.71  0.52  0.20  0.04  0.03  0.03  0.03  0.03  0.03  0.03
 8  15  0.03  0.10  0.16  0.31  0.62  0.92  1.50  2.83  4.05  4.87  6.56  8.50  9.25  9.35  8.21  7.36  4.55  1.68  0.73  0.53  0.21  0.04  0.04  0.04  0.04  0.04  0.04  0.03
 8  20  0.03  0.10  0.16  0.32  0.64  0.95  1.53  2.83  4.06  4.90  6.63  8.48  9.09  9.14  8.06  7.23  4.56  1.75  0.76  0.56  0.22  0.05  0.04  0.04  0.05  0.05  0.04  0.04
 8  25  0.03  0.10  0.16  0.32  0.63  0.94  1.53  2.87  4.12  4.96  6.57  8.33  8.92  8.90  7.86  7.10  4.53  1.87  0.79  0.58  0.23  0.07  0.05  0.05  0.05  0.05  0.05  0.04
 8  30  0.03  0.10  0.16  0.32  0.63  0.94  1.53  2.90  4.14  5.01  6.59  8.22  8.72  8.67  7.66  6.95  4.50  1.98  0.82  0.59  0.23  0.09  0.06  0.06  0.06  0.06  0.05  0.05
 8  35  0.03  0.10  0.16  0.32  0.63  0.93  1.51  2.84  4.03  4.88  6.40  7.96  8.45  8.38  7.43  6.78  4.48  2.06  0.93  0.70  0.31  0.11  0.07  0.06  0.06  0.06  0.05  0.05
 8  40  0.03  0.09  0.16  0.31  0.62  0.92  1.49  2.81  4.00  4.80  6.26  7.73  8.16  8.09  7.21  6.59  4.42  2.13  1.04  0.79  0.39  0.14  0.09  0.07  0.07  0.06  0.06  0.05
 8  45  0.03  0.09  0.15  0.31  0.60  0.89  1.45  2.72  3.85  4.63  6.07  7.55  7.96  7.82  6.96  6.33  4.32  2.23  1.18  0.92  0.49  0.21  0.13  0.09  0.08  0.06  0.06  0.05
 8  50  0.03  0.09  0.15  0.29  0.58  0.86  1.40  2.65  3.72  4.47  5.90  7.33  7.69  7.49  6.64  6.03  4.23  2.33  1.32  1.05  0.62  0.28  0.18  0.12  0.09  0.07  0.06  0.05
 8  55  0.03  0.08  0.14  0.28  0.55  0.82  1.34  2.57  3.62  4.35  5.76  7.13  7.42  7.12  6.28  5.68  3.99  2.42  1.45  1.16  0.70  0.31  0.20  0.15  0.10  0.07  0.06  0.05
 8  60  0.03  0.08  0.14  0.27  0.54  0.80  1.31  2.53  3.57  4.30  5.66  6.92  7.11  6.71  5.91  5.35  3.79  2.54  1.61  1.29  0.78  0.34  0.24  0.17  0.11  0.07  0.06  0.05
 8  65  0.03  0.08  0.13  0.26  0.52  0.77  1.27  2.45  3.45  4.14  5.42  6.48  6.55  6.07  5.30  4.75  3.53  2.56  1.70  1.37  0.86  0.38  0.28  0.18  0.11  0.07  0.06  0.05
 8  70  0.03  0.08  0.13  0.25  0.50  0.75  1.23  2.36  3.32  3.99  5.18  6.04  5.98  5.43  4.69  4.16  3.26  2.57  1.79  1.45  0.93  0.43  0.32  0.20  0.12  0.07  0.06  0.05
 8  75  0.03  0.08  0.13  0.25  0.49  0.74  1.21  2.31  3.26  3.91  4.94  5.52  5.33  4.77  4.21  3.81  3.22  2.59  1.82  1.49  0.97  0.45  0.33  0.21  0.13  0.08  0.06  0.05
 8  80  0.02  0.07  0.12  0.24  0.49  0.72  1.18  2.26  3.19  3.83  4.69  4.99  4.67  4.11  3.72  3.45  3.16  2.58  1.86  1.53  1.01  0.47  0.34  0.22  0.14  0.08  0.06  0.05
 8  85  0.02  0.07  0.12  0.24  0.49  0.72  1.18  2.25  3.18  3.81  4.66  4.96  4.65  4.09  3.71  3.44  3.16  2.58  1.86  1.53  1.01  0.47  0.34  0.22  0.15  0.08  0.06  0.05
 8  90  0.02  0.07  0.12  0.24  0.48  0.72  1.18  2.25  3.16  3.79  4.63  4.94  4.63  4.08  3.70  3.43  3.15  2.58  1.86  1.53  1.01  0.47  0.34  0.22  0.15  0.08  0.06  0.05
 9 -90  0.04  0.11  0.18  0.35  0.68  0.98  1.51  2.41  3.32  4.07  4.66  5.31  5.33  4.93  3.98  3.34  1.82  1.14  0.79  0.68  0.49  0.31  0.11  0.06  0.04  0.03  0.03  0.03
 9 -85  0.04  0.11  0.18  0.35  0.68  0.98  1.51  2.40  3.32  4.08  4.67  5.31  5.34  4.92  3.97  3.33  1.82  1.14  0.79  0.68  0.49  0.31  0.11  0.06  0.04  0.03  0.03  0.03
 9 -80  0.04  0.11  0.18  0.35  0.68  0.98  1.51  2.40  3.31  4.08  4.67  5.32  5.34  4.92  3.97  3.33  1.82  1.14  0.79  0.68  0.49  0.31  0.13  0.06  0.05  0.04  0.03  0.03
 9 -75  0.04  0.11  0.17  0.34  0.67  0.97  1.51  2.49  3.38  4.12  4.96  5.63  5.62  5.18  4.24  3.62  2.09  1.29  0.88  0.75  0.55  0.34  0.14  0.07  0.05  0.04  0.03  0.03
 9 -70  0.03  0.10  0.17  0.33  0.65  0.95  1.51  2.59  3.46  4.17  5.25  5.93  5.90  5.42  4.51  3.90  2.43  1.49  1.00  0.86  0.62  0.37  0.16  0.08  0.05  0.04  0.03  0.03
 9 -65  0.03  0.10  0.17  0.33  0.65  0.96  1.53  2.74  3.71  4.47  5.63  6.34  6.35  5.90  5.20  4.73  3.31  2.05  1.27  1.06  0.72  0.41  0.22  0.08  0.05  0.04  0.03  0.03
 9 -60  0.03  0.10  0.17  0.34  0.66  0.98  1.57  2.85  3.94  4.76  6.00  6.77  6.79  6.35  5.89  5.55  4.15  2.59  1.55  1.26  0.83  0.45  0.25  0.09  0.06  0.04  0.03  0.03
 9 -55  0.03  0.10  0.17  0.35  0.68  1.01  1.63  3.01  4.21  5.10  6.36  7.13  7.17  6.80  6.29  5.87  4.59  2.91  1.72  1.38  0.84  0.44  0.25  0.09  0.06  0.04  0.04  0.03
 9 -50  0.04  0.11  0.18  0.35  0.69  1.02  1.67  3.12  4.39  5.35  6.66  7.51  7.58  7.21  6.65  6.17  4.99  3.22  1.85  1.46  0.84  0.43  0.25  0.09  0.06  0.04  0.04  0.03
 9 -45  0.04  0.11  0.18  0.35  0.69  1.03  1.67  3.09  4.39  5.36  6.70  7.66  7.72  7.32  6.63  6.08  4.90  3.13  1.79  1.40  0.79  0.40  0.25  0.09  0.06  0.04  0.04  0.04
 9 -40  0.04  0.11  0.18  0.35  0.69  1.03  1.66  3.07  4.43  5.37  6.83  7.89  8.00  7.56  6.67  5.99  4.83  3.06  1.71  1.33  0.73  0.37  0.24  0.09  0.06  0.05  0.04  0.04
 9 -35  0.03  0.10  0.17  0.34  0.67  0.99  1.61  2.98  4.32  5.27  6.81  8.05  8.19  7.77  6.77  6.01  4.75  2.77  1.42  1.09  0.55  0.28  0.19  0.09  0.06  0.05  0.04  0.04
 9 -30  0.03  0.10  0.17  0.33  0.65  0.96  1.56  2.90  4.19  5.12  6.76  8.18  8.41  8.02  6.90  6.06  4.67  2.45  1.14  0.85  0.38  0.18  0.10  0.07  0.06  0.05  0.05  0.04
 9 -25  0.03  0.10  0.17  0.33  0.65  0.96  1.54  2.81  4.03  4.93  6.63  8.26  8.62  8.33  7.17  6.28  4.65  2.23  0.93  0.69  0.29  0.08  0.06  0.05  0.05  0.05  0.05  0.05
 9 -20  0.03  0.10  0.16  0.33  0.64  0.94  1.51  2.74  3.89  4.75  6.49  8.29  8.80  8.57  7.39  6.50  4.64  1.99  0.73  0.54  0.21  0.06  0.04  0.04  0.04  0.05  0.05  0.05
 9 -15  0.03  0.09  0.16  0.31  0.62  0.91  1.48  2.76  3.86  4.61  6.30  8.25  8.95  8.84  7.66  6.84  4.39  1.69  0.63  0.46  0.18  0.05  0.04  0.04  0.04  0.04  0.05  0.05
 9 -10  0.03  0.09  0.15  0.30  0.60  0.89  1.46  2.75  3.81  4.52  6.13  8.26  9.18  9.28  7.99  7.18  4.12  1.39  0.53  0.39  0.15  0.04  0.04  0.04  0.04  0.04  0.04  0.04
 9  -5  0.03  0.09  0.15  0.30  0.60  0.89  1.45  2.74  3.81  4.54  6.03  8.25  9.38  9.56  8.06  7.18  4.05  1.34  0.53  0.39  0.15  0.04  0.03  0.03  0.03  0.04  0.04  0.04
 9   0  0.03  0.09  0.14  0.29  0.57  0.86  1.42  2.79  3.86  4.61  6.11  8.37  9.66  9.90  8.17  7.17  3.97  1.30  0.54  0.39  0.15  0.04  0.03  0.03  0.03  0.04  0.04  0.03
 9   5  0.03  0.09  0.15  0.30  0.60  0.89  1.45  2.76  3.86  4.62  6.20  8.37  9.55  9.83  8.28  7.33  4.24  1.44  0.62  0.45  0.17  0.04  0.03  0.03  0.03  0.03  0.03  0.03
 9  10  0.03  0.09  0.15  0.30  0.60  0.89  1.45  2.78  3.91  4.69  6.34  8.51  9.52  9.77  8.41  7.49  4.51  1.59  0.68  0.50  0.18  0.04  0.03  0.03  0.03  0.04  0.03  0.03
 9  15  0.03  0.09  0.15  0.31  0.61  0.90  1.48  2.79  3.99  4.78  6.49  8.49  9.30  9.42  8.23  7.36  4.49  1.61  0.68  0.49  0.18  0.04  0.03  0.03  0.04  0.04  0.04  0.03
 9  20  0.03  0.10  0.16  0.32  0.63  0.93  1.50  2.79  4.00  4.82  6.60  8.50  9.14  9.17  8.07  7.23  4.49  1.63  0.69  0.50  0.18  0.05  0.04  0.04  0.04  0.05  0.04  0.04
 9  25  0.03  0.09  0.16  0.31  0.62  0.92  1.50  2.84  4.09  4.93  6.58  8.35  8.90  8.86  7.94  7.24  4.53  1.71  0.71  0.52  0.19  0.07  0.05  0.05  0.05  0.05  0.05  0.04
 9  30  0.03  0.10  0.16  0.31  0.62  0.92  1.51  2.86  4.13  5.02  6.65  8.23  8.65  8.56  7.79  7.24  4.57  1.77  0.73  0.53  0.19  0.08  0.06  0.05  0.05  0.05  0.05  0.05
 9  35  0.03  0.10  0.16  0.32  0.63  0.93  1.52  2.85  4.10  4.99  6.55  7.98  8.35  8.21  7.41  6.86  4.47  1.95  0.90  0.67  0.28  0.10  0.07  0.06  0.06  0.06  0.05  0.05
 9  40  0.03  0.10  0.16  0.32  0.63  0.93  1.52  2.86  4.14  5.00  6.48  7.75  8.03  7.88  7.05  6.46  4.35  2.09  1.07  0.80  0.37  0.13  0.09  0.07  0.06  0.06  0.05  0.05
 9  45  0.03  0.10  0.16  0.32  0.63  0.94  1.52  2.84  4.11  4.98  6.44  7.60  7.78  7.52  6.75  6.17  4.24  2.20  1.20  0.92  0.47  0.18  0.12  0.09  0.07  0.06  0.05  0.05
 9  50  0.03  0.10  0.16  0.32  0.63  0.93  1.51  2.84  4.08  4.95  6.38  7.38  7.45  7.11  6.38  5.85  4.15  2.29  1.33  1.05  0.59  0.23  0.14  0.11  0.08  0.06  0.06  0.05
 9  55  0.03  0.09  0.15  0.31  0.61  0.91  1.49  2.84  4.08  4.95  6.34  7.18  7.13  6.69  5.96  5.42  3.94  2.37  1.45  1.16  0.68  0.27  0.18  0.14  0.09  0.06  0.06  0.05
 9  60  0.03  0.09  0.15  0.31  0.61  0.91  1.49  2.87  4.14  5.03  6.34  6.97  6.77  6.20  5.53  5.03  3.78  2.48  1.61  1.29  0.78  0.33  0.22  0.15  0.10  0.07  0.06  0.05
 9  65  0.03  0.09  0.16  0.31  0.62  0.92  1.50  2.88  4.11  4.99  6.09  6.48  6.19  5.60  4.92  4.44  3.52  2.47  1.70  1.37  0.86  0.38  0.25  0.17  0.11  0.07  0.05  0.05
 9  70  0.03  0.09  0.16  0.31  0.62  0.92  1.51  2.89  4.08  4.94  5.83  5.99  5.61  4.98  4.32  3.84  3.26  2.46  1.79  1.46  0.95  0.44  0.29  0.18  0.11  0.07  0.06  0.05
 9  75  0.03  0.10  0.16  0.31  0.62  0.93  1.51  2.88  3.85  4.56  5.13  5.23  4.95  4.46  4.07  3.79  3.20  2.46  1.79  1.47  0.96  0.44  0.30  0.19  0.12  0.07  0.06  0.05
 9  80  0.03  0.10  0.16  0.32  0.63  0.93  1.51  2.87  3.61  4.18  4.42  4.47  4.29  3.94  3.82  3.74  3.14  2.45  1.79  1.47  0.97  0.44  0.30  0.20  0.12  0.07  0.06  0.05
 9  85  0.03  0.10  0.16  0.32  0.62  0.93  1.51  2.86  3.60  4.16  4.39  4.44  4.27  3.92  3.81  3.73  3.13  2.45  1.79  1.47  0.97  0.44  0.30  0.20  0.12  0.07  0.06  0.05
 9  90  0.03  0.10  0.16  0.32  0.62  0.93  1.51  2.85  3.58  4.13  4.36  4.41  4.25  3.91  3.80  3.72  3.13  2.44  1.79  1.47  0.97  0.44  0.30  0.20  0.13  0.07  0.06  0.05
10 -90  0.03  0.09  0.14  0.28  0.56  0.82  1.31  2.36  3.18  3.75  4.90  5.75  5.88  5.49  4.62  3.99  2.44  0.39  0.08  0.10  0.13  0.28  0.10  0.06  0.05  0.04  0.03  0.03
10 -85  0.03  0.09  0.14  0.28  0.56  0.82  1.31  2.36  3.17  3.75  4.91  5.76  5.88  5.49  4.61  3.99  2.44  0.39  0.08  0.10  0.13  0.28  0.11  0.06  0.05  0.04  0.03  0.03
10 -80  0.03  0.09  0.14  0.28  0.56  0.82  1.31  2.35  3.17  3.75  4.92  5.77  5.89  5.48  4.61  3.98  2.44  0.39  0.07  0.10  0.13  0.28  0.12  0.06  0.05  0.04  0.03  0.03
10 -75  0.03  0.09  0.14  0.28  0.56  0.82  1.32  2.38  3.24  3.86  5.07  6.04  6.23  5.84  5.15  4.63  2.95  0.77  0.26  0.24  0.19  0.31  0.21  0.07  0.05  0.04  0.03  0.03
10 -70  0.03  0.09  0.14  0.29  0.56  0.83  1.33  2.41  3.32  3.98  5.22  6.32  6.57  6.20  5.71  5.29  3.48  1.22  0.50  0.42  0.28  0.34  0.23  0.07  0.05  0.04  0.03  0.03
10 -65  0.03  0.09  0.15  0.29  0.58  0.86  1.38  2.52  3.53  4.27  5.57  6.69  6.94  6.59  6.28  6.01  4.22  1.94  0.95  0.75  0.45  0.37  0.24  0.08  0.06  0.04  0.03  0.03
10 -60  0.03  0.09  0.15  0.30  0.60  0.89  1.43  2.63  3.75  4.56  5.91  7.06  7.32  6.99  6.86  6.71  4.89  2.63  1.40  1.09  0.63  0.39  0.25  0.09  0.06  0.04  0.03  0.03
10 -55  0.03  0.09  0.16  0.31  0.61  0.91  1.47  2.73  3.92  4.78  6.18  7.35  7.58  7.30  6.91  6.57  5.00  2.98  1.70  1.34  0.75  0.39  0.24  0.15  0.06  0.04  0.04  0.03
10 -50  0.03  0.09  0.16  0.31  0.62  0.91  1.49  2.78  4.03  4.93  6.41  7.63  7.87  7.57  6.93  6.42  5.08  3.26  1.93  1.52  0.86  0.38  0.23  0.14  0.06  0.04  0.04  0.03
10 -45  0.03  0.09  0.16  0.31  0.61  0.91  1.48  2.80  4.04  4.95  6.46  7.79  8.06  7.68  7.08  6.57  5.19  3.30  1.92  1.51  0.84  0.37  0.23  0.09  0.06  0.05  0.04  0.04
10 -40  0.03  0.09  0.16  0.31  0.61  0.91  1.48  2.80  4.08  4.96  6.57  8.03  8.34  7.94  7.26  6.74  5.32  3.37  1.89  1.48  0.81  0.36  0.22  0.09  0.06  0.05  0.04  0.04
10 -35  0.03  0.09  0.15  0.31  0.61  0.90  1.47  2.77  4.04  4.94  6.58  8.19  8.55  8.17  7.33  6.68  5.08  2.87  1.45  1.12  0.58  0.26  0.14  0.08  0.06  0.05  0.05  0.04
10 -30  0.03  0.09  0.15  0.30  0.60  0.89  1.45  2.75  3.97  4.85  6.55  8.30  8.77  8.46  7.43  6.65  4.84  2.35  1.02  0.76  0.34  0.15  0.10  0.07  0.06  0.05  0.05  0.04
10 -25  0.03  0.09  0.15  0.31  0.61  0.90  1.45  2.71  3.87  4.71  6.43  8.34  8.94  8.76  7.59  6.71  4.64  2.04  0.82  0.62  0.26  0.09  0.06  0.06  0.05  0.05  0.05  0.05
10 -20  0.03  0.09  0.15  0.30  0.60  0.89  1.44  2.70  3.79  4.62  6.33  8.32  9.05  9.00  7.71  6.76  4.43  1.70  0.64  0.47  0.18  0.06  0.05  0.05  0.05  0.05  0.05  0.05
10 -15  0.03  0.09  0.15  0.29  0.58  0.87  1.42  2.73  3.79  4.52  6.19  8.24  9.08  9.15  7.93  7.07  4.28  1.55  0.57  0.42  0.16  0.05  0.04  0.04  0.04  0.05  0.05  0.05
10 -10  0.03  0.09  0.14  0.29  0.57  0.85  1.40  2.74  3.78  4.48  6.04  8.21  9.22  9.46  8.20  7.38  4.11  1.40  0.51  0.37  0.13  0.04  0.04  0.04  0.04  0.04  0.04  0.04
10  -5  0.03  0.09  0.14  0.29  0.57  0.85  1.41  2.74  3.78  4.49  5.94  8.15  9.33  9.64  8.23  7.39  4.03  1.36  0.49  0.36  0.13  0.04  0.03  0.03  0.03  0.04  0.04  0.04
10   0  0.03  0.08  0.14  0.28  0.56  0.84  1.40  2.77  3.83  4.55  6.01  8.21  9.50  9.86  8.30  7.39  3.95  1.32  0.47  0.35  0.13  0.04  0.03  0.03  0.03  0.04  0.04  0.03
10   5  0.03  0.09  0.15  0.29  0.58  0.87  1.42  2.74  3.81  4.55  6.06  8.16  9.37  9.75  8.27  7.39  4.18  1.43  0.56  0.41  0.14  0.04  0.03  0.03  0.03  0.03  0.03  0.03
10  10  0.03  0.09  0.15  0.30  0.59  0.87  1.43  2.75  3.84  4.59  6.17  8.25  9.30  9.64  8.28  7.39  4.41  1.55  0.64  0.46  0.16  0.04  0.03  0.03  0.03  0.04  0.04  0.03
10  15  0.03  0.09  0.15  0.30  0.60  0.89  1.45  2.76  3.89  4.65  6.30  8.24  9.09  9.27  8.06  7.19  4.37  1.58  0.65  0.46  0.16  0.04  0.03  0.03  0.04  0.04  0.04  0.04
10  20  0.03  0.09  0.16  0.31  0.61  0.91  1.48  2.76  3.89  4.65  6.36  8.26  8.93  9.00  7.86  7.00  4.34  1.60  0.66  0.47  0.16  0.05  0.04  0.04  0.04  0.04  0.04  0.04
10  25  0.03  0.09  0.15  0.31  0.61  0.90  1.48  2.83  4.02  4.83  6.42  8.11  8.64  8.63  7.72  6.99  4.39  1.66  0.68  0.49  0.18  0.06  0.04  0.04  0.04  0.05  0.05  0.04
10  30  0.03  0.10  0.16  0.32  0.62  0.93  1.51  2.85  4.12  4.99  6.58  8.01  8.35  8.27  7.53  6.99  4.44  1.70  0.70  0.51  0.19  0.08  0.05  0.05  0.05  0.05  0.05  0.05
10  35  0.03  0.10  0.16  0.33  0.64  0.95  1.55  2.91  4.21  5.13  6.61  7.75  7.95  7.74  7.05  6.56  4.36  1.90  0.91  0.68  0.30  0.10  0.07  0.06  0.05  0.05  0.05  0.05
10  40  0.03  0.10  0.17  0.33  0.66  0.98  1.59  2.98  4.35  5.30  6.66  7.50  7.54  7.25  6.59  6.12  4.25  2.06  1.09  0.83  0.40  0.17  0.09  0.07  0.06  0.05  0.05  0.05
10  45  0.04  0.11  0.18  0.35  0.69  1.02  1.65  3.06  4.48  5.47  6.71  7.35  7.26  6.89  6.33  5.90  4.24  2.22  1.23  0.95  0.50  0.19  0.11  0.09  0.07  0.06  0.05  0.05
10  50  0.04  0.11  0.18  0.36  0.71  1.05  1.70  3.16  4.56  5.61  6.72  7.10  6.90  6.49  6.01  5.65  4.23  2.37  1.39  1.10  0.62  0.22  0.13  0.12  0.08  0.06  0.05  0.05
10  55  0.04  0.11  0.18  0.36  0.71  1.06  1.73  3.25  4.61  5.66  6.61  6.86  6.60  6.15  5.68  5.33  4.13  2.41  1.48  1.18  0.70  0.27  0.16  0.13  0.09  0.06  0.05  0.05
10  60  0.04  0.11  0.19  0.37  0.74  1.09  1.78  3.38  4.75  5.81  6.55  6.59  6.27  5.74  5.34  5.05  4.07  2.50  1.60  1.29  0.78  0.33  0.21  0.15  0.10  0.06  0.05  0.05
10  65  0.04  0.11  0.19  0.38  0.75  1.11  1.81  3.40  4.61  5.57  6.12  6.09  5.77  5.27  4.91  4.65  3.81  2.52  1.73  1.41  0.90  0.39  0.24  0.16  0.10  0.06  0.05  0.05
10  70  0.04  0.12  0.19  0.39  0.76  1.13  1.83  3.43  4.46  5.32  5.68  5.59  5.28  4.80  4.47  4.25  3.56  2.53  1.85  1.53  1.02  0.44  0.27  0.18  0.10  0.06  0.05  0.05
10  75  0.04  0.12  0.19  0.38  0.76  1.12  1.81  3.37  4.04  4.64  4.94  5.00  4.81  4.40  4.11  3.91  3.40  2.55  1.90  1.58  1.07  0.47  0.28  0.19  0.11  0.06  0.05  0.05
10  80  0.04  0.12  0.19  0.38  0.75  1.11  1.79  3.31  3.62  3.96  4.20  4.41  4.33  4.01  3.75  3.58  3.23  2.56  1.94  1.63  1.12  0.49  0.29  0.20  0.11  0.06  0.05  0.05
10  85  0.04  0.12  0.19  0.38  0.75  1.11  1.79  3.31  3.60  3.94  4.17  4.38  4.31  4.00  3.74  3.57  3.23  2.56  1.94  1.63  1.12  0.49  0.29  0.20  0.12  0.06  0.05  0.05
10  90  0.04  0.12  0.19  0.38  0.75  1.11  1.79  3.30  3.58  3.92  4.14  4.35  4.28  3.98  3.73  3.55  3.22  2.55  1.94  1.63  1.12  0.49  0.29  0.20  0.12  0.06  0.05  0.05
11 -90  0.02  0.07  0.12  0.25  0.49  0.72  1.16  2.15  2.98  3.53  4.77  5.92  6.23  6.07  5.79  5.48  4.15  1.68  0.77  0.62  0.36  0.33  0.24  0.15  0.05  0.04  0.03  0.02
11 -85  0.02  0.07  0.12  0.25  0.48  0.72  1.16  2.15  2.97  3.54  4.78  5.93  6.23  6.07  5.78  5.47  4.15  1.68  0.77  0.62  0.36  0.33  0.24  0.07  0.05  0.04  0.03  0.02
11 -80  0.02  0.07  0.12  0.25  0.48  0.72  1.16  2.14  2.96  3.54  4.79  5.94  6.24  6.06  5.78  5.47  4.15  1.68  0.76  0.61  0.36  0.33  0.24  0.15  0.05  0.04  0.03  0.03
11 -75  0.03  0.08  0.13  0.25  0.49  0.72  1.17  2.16  3.02  3.63  4.85  6.07  6.41  6.23  6.10  5.91  4.44  1.88  0.87  0.69  0.41  0.35  0.26  0.16  0.05  0.04  0.03  0.03
11 -70  0.03  0.08  0.13  0.25  0.50  0.73  1.18  2.19  3.07  3.71  4.90  6.20  6.59  6.40  6.42  6.36  4.75  2.12  1.00  0.80  0.47  0.38  0.27  0.17  0.06  0.04  0.03  0.03
11 -65  0.03  0.08  0.13  0.26  0.51  0.76  1.22  2.26  3.20  3.88  5.14  6.48  6.88  6.66  6.67  6.62  4.95  2.48  1.26  0.99  0.56  0.38  0.26  0.16  0.06  0.04  0.03  0.03
11 -60  0.03  0.08  0.14  0.27  0.53  0.78  1.26  2.33  3.32  4.05  5.37  6.76  7.17  6.92  6.93  6.88  5.14  2.84  1.53  1.19  0.64  0.39  0.25  0.16  0.07  0.04  0.03  0.03
11 -55  0.03  0.08  0.14  0.28  0.55  0.81  1.31  2.41  3.45  4.19  5.57  7.06  7.50  7.28  6.90  6.59  5.03  2.98  1.68  1.29  0.68  0.35  0.23  0.14  0.07  0.04  0.04  0.03
11 -50  0.03  0.08  0.14  0.28  0.55  0.82  1.32  2.45  3.51  4.26  5.73  7.36  7.85  7.60  6.85  6.27  4.88  3.05  1.75  1.35  0.70  0.32  0.21  0.10  0.07  0.05  0.04  0.03
11 -45  0.03  0.08  0.14  0.28  0.54  0.81  1.32  2.52  3.58  4.34  5.82  7.54  8.12  7.86  7.06  6.42  4.93  3.03  1.72  1.32  0.69  0.31  0.20  0.09  0.06  0.05  0.04  0.04
11 -40  0.03  0.08  0.14  0.27  0.54  0.81  1.33  2.57  3.63  4.37  5.92  7.79  8.45  8.23  7.27  6.56  5.00  3.03  1.66  1.28  0.66  0.31  0.19  0.08  0.06  0.05  0.04  0.04
11 -35  0.03  0.08  0.14  0.28  0.55  0.82  1.35  2.59  3.70  4.47  6.04  7.98  8.69  8.49  7.43  6.62  4.76  2.55  1.26  0.96  0.47  0.23  0.12  0.07  0.06  0.05  0.05  0.04
11 -30  0.03  0.08  0.14  0.28  0.56  0.83  1.36  2.63  3.72  4.51  6.12  8.12  8.91  8.83  7.61  6.70  4.52  2.07  0.85  0.64  0.27  0.15  0.09  0.06  0.06  0.05  0.05  0.04
11 -25  0.03  0.09  0.14  0.29  0.57  0.85  1.39  2.64  3.73  4.50  6.14  8.21  9.06  9.07  7.70  6.69  4.38  1.89  0.72  0.53  0.22  0.09  0.06  0.05  0.05  0.05  0.05  0.04
11 -20  0.03  0.09  0.14  0.29  0.57  0.85  1.39  2.69  3.77  4.56  6.22  8.25  9.13  9.25  7.75  6.66  4.23  1.69  0.59  0.43  0.16  0.07  0.05  0.05  0.05  0.05  0.05  0.04
11 -15  0.03  0.08  0.14  0.28  0.56  0.84  1.39  2.74  3.81  4.57  6.22  8.25  9.13  9.32  7.94  6.95  4.13  1.53  0.54  0.40  0.15  0.05  0.04  0.04  0.04  0.05  0.05  0.04
11 -10  0.03  0.08  0.14  0.28  0.55  0.83  1.39  2.79  3.88  4.62  6.20  8.28  9.27  9.53  8.17  7.24  4.02  1.38  0.49  0.36  0.14  0.05  0.04  0.04  0.04  0.04  0.04  0.04
11  -5  0.03  0.08  0.14  0.28  0.56  0.84  1.40  2.82  3.90  4.65  6.10  8.21  9.27  9.55  8.14  7.24  3.92  1.31  0.47  0.35  0.14  0.04  0.03  0.03  0.03  0.04  0.04  0.03
11   0  0.03  0.09  0.14  0.29  0.57  0.85  1.42  2.82  3.95  4.70  6.17  8.20  9.28  9.60  8.13  7.22  3.82  1.25  0.46  0.34  0.14  0.04  0.03  0.03  0.03  0.04  0.03  0.03
11   5  0.03  0.09  0.15  0.29  0.58  0.87  1.43  2.79  3.88  4.64  6.10  8.06  9.14  9.46  8.05  7.20  4.03  1.35  0.51  0.37  0.14  0.04  0.03  0.03  0.03  0.04  0.03  0.03
11  10  0.03  0.09  0.15  0.29  0.59  0.87  1.44  2.77  3.85  4.60  6.12  8.05  9.03  9.34  8.02  7.18  4.24  1.44  0.55  0.40  0.14  0.04  0.03  0.03  0.03  0.04  0.04  0.03
11  15  0.03  0.09  0.15  0.30  0.59  0.88  1.45  2.78  3.89  4.65  6.22  8.00  8.76  8.94  7.77  6.94  4.16  1.48  0.55  0.40  0.14  0.04  0.04  0.04  0.04  0.04  0.04  0.04
11  20  0.03  0.09  0.16  0.31  0.61  0.91  1.48  2.77  3.88  4.63  6.25  7.95  8.53  8.61  7.54  6.73  4.07  1.50  0.56  0.40  0.14  0.05  0.04  0.04  0.04  0.04  0.04  0.04
11  25  0.03  0.09  0.16  0.31  0.61  0.91  1.50  2.88  4.06  4.88  6.36  7.78  8.17  8.16  7.33  6.64  4.15  1.59  0.63  0.46  0.18  0.06  0.04  0.04  0.04  0.04  0.04  0.04
11  30  0.03  0.10  0.16  0.33  0.64  0.95  1.55  2.93  4.22  5.11  6.55  7.66  7.82  7.71  7.06  6.55  4.22  1.69  0.72  0.53  0.22  0.08  0.06  0.05  0.05  0.05  0.05  0.04
11  35  0.03  0.10  0.17  0.34  0.68  1.01  1.64  3.05  4.40  5.35  6.62  7.40  7.43  7.17  6.65  6.28  4.38  2.00  0.97  0.73  0.34  0.14  0.08  0.06  0.05  0.05  0.05  0.05
11  40  0.04  0.11  0.18  0.36  0.71  1.06  1.71  3.19  4.62  5.63  6.70  7.14  7.02  6.70  6.30  6.00  4.52  2.28  1.19  0.92  0.46  0.18  0.11  0.08  0.06  0.05  0.05  0.05
11  45  0.04  0.12  0.19  0.38  0.75  1.11  1.80  3.34  4.79  5.83  6.71  6.95  6.75  6.37  6.11  5.91  4.55  2.41  1.36  1.06  0.57  0.23  0.14  0.10  0.07  0.06  0.05  0.05
11  50  0.04  0.12  0.20  0.40  0.79  1.17  1.89  3.47  4.90  6.00  6.65  6.67  6.41  6.05  5.90  5.79  4.58  2.53  1.53  1.22  0.71  0.29  0.16  0.11  0.09  0.06  0.05  0.05
11  55  0.04  0.12  0.20  0.41  0.80  1.18  1.92  3.55  4.82  5.86  6.38  6.41  6.16  5.81  5.64  5.52  4.41  2.56  1.60  1.31  0.83  0.34  0.19  0.13  0.09  0.06  0.05  0.05
11  60  0.04  0.12  0.21  0.41  0.82  1.21  1.97  3.69  4.85  5.81  6.15  6.12  5.88  5.50  5.38  5.30  4.29  2.64  1.70  1.42  0.96  0.40  0.22  0.15  0.10  0.06  0.05  0.05
11  65  0.04  0.12  0.20  0.40  0.79  1.17  1.90  3.54  4.59  5.47  5.88  5.95  5.74  5.37  5.13  4.96  4.18  2.73  1.88  1.60  1.13  0.50  0.27  0.18  0.10  0.06  0.05  0.05
11  70  0.04  0.12  0.20  0.39  0.77  1.14  1.84  3.37  4.32  5.13  5.60  5.77  5.60  5.23  4.87  4.63  4.08  2.82  2.06  1.78  1.31  0.59  0.31  0.20  0.10  0.06  0.05  0.05
11  75  0.04  0.12  0.20  0.39  0.76  1.12  1.79  3.20  4.03  4.74  5.13  5.09  4.79  4.37  4.04  3.82  3.52  2.75  1.99  1.71  1.25  0.55  0.29  0.19  0.10  0.06  0.05  0.05
11  80  0.04  0.12  0.19  0.38  0.74  1.09  1.73  3.04  3.74  4.35  4.67  4.41  3.97  3.50  3.21  3.02  2.95  2.66  1.92  1.64  1.18  0.52  0.26  0.17  0.11  0.06  0.05  0.05
11  85  0.04  0.12  0.19  0.38  0.74  1.09  1.73  3.03  3.73  4.32  4.64  4.38  3.95  3.49  3.19  3.01  2.95  2.66  1.92  1.64  1.18  0.52  0.26  0.17  0.11  0.06  0.05  0.05
11  90  0.04  0.12  0.19  0.38  0.74  1.09  1.73  3.02  3.71  4.30  4.60  4.35  3.93  3.47  3.18  2.99  2.94  2.66  1.92  1.65  1.18  0.52  0.26  0.17  0.11  0.06  0.05  0.05
12 -90  0.02  0.07  0.11  0.22  0.43  0.63  1.02  1.87  2.68  3.23  4.46  5.64  5.85  5.52  5.35  5.19  4.51  3.02  1.65  1.29  0.71  0.36  0.29  0.18  0.09  0.04  0.03  0.02
12 -85  0.02  0.07  0.11  0.22  0.43  0.63  1.02  1.86  2.67  3.24  4.47  5.65  5.86  5.52  5.34  5.19  4.51  3.02  1.65  1.29  0.71  0.36  0.29  0.19  0.09  0.04  0.03  0.02
12 -80  0.02  0.07  0.11  0.22  0.43  0.63  1.02  1.86  2.67  3.24  4.48  5.66  5.86  5.51  5.34  5.19  4.51  3.02  1.64  1.28  0.71  0.36  0.29  0.19  0.09  0.04  0.03  0.02
12 -75  0.02  0.07  0.11  0.22  0.44  0.65  1.05  1.91  2.73  3.31  4.52  5.75  6.02  5.69  5.51  5.36  4.64  3.04  1.64  1.28  0.71  0.36  0.29  0.18  0.06  0.04  0.03  0.02
12 -70  0.02  0.07  0.12  0.23  0.45  0.67  1.08  1.97  2.79  3.39  4.56  5.85  6.19  5.87  5.69  5.54  4.77  3.07  1.66  1.30  0.73  0.36  0.29  0.18  0.07  0.04  0.03  0.03
12 -65  0.02  0.07  0.12  0.24  0.47  0.69  1.12  2.05  2.89  3.51  4.72  6.13  6.57  6.29  6.05  5.85  4.87  3.05  1.66  1.29  0.71  0.34  0.26  0.16  0.07  0.04  0.03  0.03
12 -60  0.03  0.08  0.13  0.25  0.49  0.72  1.16  2.13  2.98  3.63  4.87  6.41  6.94  6.71  6.40  6.16  4.96  3.03  1.66  1.28  0.70  0.32  0.24  0.14  0.07  0.04  0.03  0.03
12 -55  0.03  0.08  0.13  0.26  0.51  0.76  1.22  2.23  3.11  3.75  5.04  6.73  7.37  7.25  6.72  6.33  4.87  2.88  1.57  1.21  0.63  0.30  0.20  0.13  0.07  0.05  0.03  0.03
12 -50  0.03  0.08  0.13  0.26  0.52  0.77  1.24  2.28  3.18  3.82  5.18  7.05  7.82  7.73  7.01  6.48  4.76  2.69  1.43  1.09  0.55  0.27  0.17  0.10  0.07  0.05  0.04  0.03
12 -45  0.03  0.08  0.13  0.26  0.52  0.77  1.26  2.40  3.32  3.99  5.37  7.28  8.13  8.09  7.07  6.28  4.54  2.52  1.33  1.02  0.52  0.26  0.16  0.09  0.06  0.05  0.04  0.03
12 -40  0.03  0.08  0.13  0.26  0.52  0.78  1.28  2.49  3.43  4.09  5.52  7.53  8.47  8.53  7.10  6.08  4.34  2.35  1.22  0.93  0.48  0.24  0.12  0.07  0.06  0.05  0.04  0.04
12 -35  0.03  0.08  0.14  0.27  0.54  0.80  1.32  2.55  3.59  4.30  5.77  7.79  8.71  8.72  7.48  6.55  4.34  2.06  0.96  0.73  0.35  0.18  0.10  0.07  0.06  0.05  0.04  0.04
12 -30  0.03  0.08  0.14  0.27  0.54  0.81  1.34  2.62  3.68  4.44  5.97  7.99  8.90  8.98  7.86  7.03  4.35  1.77  0.69  0.52  0.23  0.12  0.08  0.06  0.05  0.05  0.05  0.04
12 -25  0.03  0.09  0.14  0.28  0.56  0.84  1.38  2.66  3.77  4.54  6.14  8.17  9.07  9.16  7.90  6.97  4.26  1.67  0.60  0.44  0.18  0.08  0.06  0.05  0.05  0.05  0.05  0.04
12 -20  0.03  0.08  0.14  0.28  0.56  0.84  1.39  2.75  3.89  4.71  6.39  8.32  9.15  9.28  7.90  6.91  4.17  1.55  0.51  0.37  0.13  0.06  0.04  0.04  0.04  0.05  0.05  0.04
12 -15  0.03  0.08  0.14  0.28  0.56  0.84  1.40  2.82  3.99  4.84  6.56  8.45  9.21  9.37  8.04  7.08  4.09  1.43  0.46  0.35  0.13  0.05  0.04  0.04  0.04  0.04  0.04  0.04
12 -10  0.03  0.08  0.14  0.28  0.56  0.84  1.41  2.88  4.13  4.97  6.67  8.62  9.42  9.55  8.20  7.24  4.01  1.33  0.43  0.32  0.13  0.04  0.03  0.03  0.03  0.04  0.04  0.03
12  -5  0.03  0.08  0.14  0.28  0.56  0.85  1.42  2.91  4.15  5.00  6.57  8.55  9.36  9.48  8.00  6.99  3.84  1.28  0.41  0.31  0.13  0.04  0.03  0.03  0.03  0.04  0.03  0.03
12   0  0.03  0.09  0.15  0.30  0.59  0.88  1.46  2.88  4.16  5.03  6.60  8.46  9.25  9.40  7.81  6.73  3.69  1.23  0.40  0.31  0.14  0.04  0.03  0.03  0.03  0.03  0.03  0.03
12   5  0.03  0.09  0.15  0.30  0.59  0.88  1.46  2.86  4.07  4.94  6.45  8.24  9.05  9.16  7.75  6.85  3.91  1.33  0.45  0.34  0.13  0.04  0.03  0.03  0.03  0.04  0.04  0.03
12  10  0.03  0.09  0.15  0.30  0.60  0.89  1.46  2.83  4.03  4.86  6.41  8.13  8.86  8.96  7.74  6.95  4.14  1.43  0.50  0.36  0.12  0.04  0.04  0.03  0.04  0.04  0.04  0.04
12  15  0.03  0.09  0.15  0.30  0.60  0.89  1.47  2.83  4.01  4.83  6.42  8.00  8.57  8.57  7.47  6.68  4.05  1.52  0.52  0.37  0.13  0.04  0.04  0.04  0.04  0.04  0.04  0.04
12  20  0.03  0.09  0.16  0.31  0.61  0.91  1.48  2.80  3.96  4.75  6.33  7.85  8.27  8.20  7.20  6.43  3.95  1.58  0.54  0.39  0.13  0.05  0.04  0.04  0.04  0.04  0.04  0.04
12  25  0.03  0.09  0.15  0.31  0.61  0.91  1.49  2.87  4.04  4.88  6.32  7.59  7.87  7.76  7.06  6.46  4.14  1.71  0.67  0.49  0.19  0.06  0.05  0.04  0.04  0.04  0.04  0.04
12  30  0.03  0.10  0.16  0.32  0.64  0.94  1.53  2.88  4.11  4.96  6.35  7.38  7.47  7.28  6.85  6.50  4.33  1.87  0.81  0.60  0.26  0.09  0.06  0.05  0.05  0.05  0.05  0.04
12  35  0.03  0.10  0.17  0.34  0.67  0.99  1.61  3.01  4.25  5.13  6.33  7.09  7.10  6.82  6.58  6.41  4.62  2.21  1.09  0.84  0.43  0.19  0.09  0.07  0.06  0.05  0.05  0.05
12  40  0.04  0.11  0.18  0.36  0.71  1.05  1.69  3.14  4.42  5.33  6.32  6.80  6.72  6.43  6.37  6.32  4.89  2.52  1.34  1.07  0.60  0.27  0.14  0.09  0.07  0.05  0.05  0.05
12  45  0.04  0.11  0.19  0.38  0.74  1.10  1.78  3.30  4.57  5.47  6.25  6.59  6.49  6.20  6.15  6.10  4.81  2.74  1.55  1.23  0.72  0.32  0.17  0.11  0.08  0.06  0.05  0.05
12  50  0.04  0.12  0.20  0.40  0.78  1.16  1.87  3.44  4.63  5.56  6.13  6.32  6.22  6.02  5.92  5.86  4.73  2.96  1.75  1.42  0.86  0.38  0.20  0.13  0.09  0.06  0.05  0.05
12  55  0.04  0.12  0.20  0.40  0.78  1.16  1.86  3.42  4.44  5.31  5.86  6.16  6.10  5.90  5.68  5.54  4.49  2.94  1.85  1.53  1.00  0.45  0.24  0.15  0.10  0.06  0.05  0.05
12  60  0.04  0.12  0.20  0.40  0.78  1.16  1.88  3.48  4.38  5.16  5.65  5.99  5.95  5.72  5.46  5.28  4.31  2.97  1.98  1.67  1.14  0.53  0.28  0.17  0.10  0.06  0.05  0.05
12  65  0.04  0.12  0.21  0.41  0.80  1.18  1.88  3.37  4.30  5.08  5.61  5.93  5.84  5.54  5.20  4.96  4.19  2.92  2.03  1.72  1.21  0.57  0.27  0.17  0.10  0.06  0.05  0.05
12  70  0.04  0.13  0.21  0.42  0.81  1.19  1.88  3.25  4.22  4.99  5.56  5.86  5.72  5.35  4.93  4.65  4.07  2.87  2.08  1.78  1.27  0.60  0.27  0.17  0.10  0.06  0.05  0.05
12  75  0.04  0.12  0.20  0.40  0.77  1.13  1.76  2.93  3.95  4.73  5.33  5.47  5.23  4.81  4.44  4.19  3.83  2.90  2.10  1.79  1.28  0.60  0.30  0.18  0.11  0.06  0.05  0.05
12  80  0.04  0.12  0.19  0.38  0.73  1.06  1.64  2.61  3.67  4.47  5.10  5.07  4.73  4.27  3.95  3.73  3.59  2.92  2.11  1.80  1.29  0.60  0.32  0.20  0.11  0.06  0.05  0.05
12  85  0.04  0.12  0.19  0.38  0.73  1.06  1.63  2.61  3.65  4.44  5.07  5.04  4.71  4.26  3.94  3.72  3.58  2.91  2.11  1.80  1.29  0.60  0.32  0.20  0.11  0.06  0.05  0.05
12  90  0.04  0.12  0.19  0.38  0.73  1.06  1.63  2.60  3.63  4.42  5.03  5.01  4.69  4.24  3.93  3.71  3.58  2.91  2.11  1.80  1.29  0.60  0.32  0.20  0.11  0.06  0.05  0.05
