     0.010
     0.030
     0.050
     0.100
     0.200
     0.300
     0.500
     1.000
     1.500
     2.000
     3.000
     5.000
     7.000
    10.000
    15.000
    20.000
    30.000
    50.000
    70.000
    80.000
   100.000
   150.000
   200.000
   250.000
   300.000
   400.000
   500.000
   600.000
 1 -90  0.02  0.07  0.12  0.24  0.47  0.70  1.13  2.10  3.13  3.88  5.31  6.09  5.83  5.01  4.11  3.61  3.61  3.27  2.44  2.05  1.39  0.67  0.41  0.24  0.12  0.05  0.03  0.02
 1 -85  0.02  0.07  0.12  0.24  0.47  0.70  1.13  2.08  3.12  3.86  5.28  6.09  5.87  5.08  4.19  3.65  3.57  3.14  2.31  1.93  1.30  0.61  0.39  0.23  0.11  0.05  0.03  0.02
 1 -80  0.02  0.07  0.12  0.24  0.47  0.70  1.13  2.08  3.12  3.86  5.28  6.10  5.88  5.09  4.21  3.67  3.56  3.11  2.28  1.91  1.29  0.61  0.39  0.23  0.11  0.04  0.03  0.02
 1 -75  0.03  0.08  0.12  0.25  0.49  0.72  1.17  2.15  3.18  3.92  5.30  6.24  6.14  5.39  4.58  4.07  3.85  3.14  2.23  1.86  1.25  0.59  0.38  0.22  0.11  0.04  0.03  0.02
 1 -70  0.03  0.08  0.13  0.25  0.50  0.74  1.20  2.22  3.23  3.98  5.32  6.39  6.40  5.70  4.96  4.49  4.14  3.17  2.16  1.79  1.19  0.57  0.37  0.21  0.10  0.04  0.03  0.02
 1 -65  0.03  0.08  0.13  0.26  0.52  0.77  1.24  2.29  3.32  4.10  5.51  6.76  6.92  6.31  5.64  5.20  4.34  3.09  2.01  1.66  1.08  0.53  0.34  0.20  0.07  0.04  0.03  0.02
 1 -60  0.03  0.08  0.14  0.27  0.54  0.79  1.28  2.36  3.41  4.22  5.69  7.14  7.45  6.95  6.32  5.90  4.55  3.02  1.87  1.52  0.98  0.48  0.32  0.18  0.07  0.04  0.03  0.02
 1 -55  0.03  0.09  0.14  0.29  0.57  0.83  1.35  2.47  3.58  4.39  5.88  7.47  7.92  7.63  6.81  6.24  4.42  2.75  1.61  1.30  0.78  0.39  0.25  0.15  0.08  0.04  0.03  0.03
 1 -50  0.03  0.09  0.15  0.29  0.57  0.85  1.37  2.52  3.62  4.42  6.01  7.82  8.43  8.19  7.22  6.52  4.26  2.45  1.29  1.03  0.59  0.29  0.18  0.10  0.07  0.04  0.04  0.03
 1 -45  0.03  0.09  0.15  0.29  0.57  0.85  1.39  2.64  3.77  4.61  6.24  8.11  8.79  8.62  7.45  6.61  4.26  2.38  1.21  0.96  0.54  0.25  0.16  0.08  0.06  0.04  0.04  0.03
 1 -40  0.03  0.09  0.15  0.29  0.58  0.86  1.42  2.75  3.90  4.76  6.46  8.40  9.14  9.04  7.65  6.68  4.28  2.32  1.12  0.88  0.47  0.21  0.10  0.06  0.05  0.04  0.04  0.03
 1 -35  0.03  0.09  0.15  0.30  0.59  0.88  1.45  2.82  4.06  4.97  6.74  8.69  9.40  9.21  7.83  6.86  4.28  2.03  0.89  0.69  0.35  0.14  0.08  0.06  0.05  0.05  0.04  0.04
 1 -30  0.03  0.09  0.15  0.30  0.60  0.89  1.48  2.89  4.17  5.14  6.99  8.95  9.62  9.43  8.00  7.02  4.27  1.74  0.67  0.51  0.23  0.10  0.06  0.05  0.05  0.05  0.04  0.04
 1 -25  0.03  0.09  0.15  0.30  0.61  0.91  1.50  2.93  4.28  5.29  7.22  9.19  9.86  9.67  8.06  6.95  4.19  1.57  0.56  0.42  0.19  0.07  0.05  0.05  0.05  0.05  0.04  0.04
 1 -20  0.03  0.09  0.15  0.30  0.60  0.90  1.50  3.00  4.40  5.46  7.48  9.43 10.04  9.87  8.09  6.88  4.10  1.41  0.47  0.35  0.15  0.05  0.04  0.04  0.04  0.04  0.04  0.04
 1 -15  0.03  0.09  0.15  0.30  0.60  0.90  1.50  3.04  4.49  5.60  7.69  9.61 10.18 10.00  8.21  6.98  3.97  1.33  0.41  0.31  0.14  0.05  0.04  0.04  0.04  0.04  0.04  0.03
 1 -10  0.03  0.09  0.15  0.30  0.59  0.89  1.50  3.07  4.60  5.73  7.86  9.85 10.42 10.16  8.34  7.09  3.86  1.26  0.36  0.28  0.09  0.04  0.03  0.03  0.04  0.04  0.04  0.03
 1  -5  0.03  0.09  0.15  0.30  0.60  0.90  1.51  3.10  4.63  5.77  7.83  9.83 10.35 10.04  8.22  6.99  3.74  1.21  0.34  0.27  0.07  0.04  0.03  0.03  0.03  0.04  0.03  0.03
 1   0  0.03  0.10  0.16  0.32  0.63  0.95  1.56  3.07  4.64  5.79  7.84  9.74 10.22  9.91  8.10  6.88  3.62  1.17  0.32  0.26  0.06  0.04  0.03  0.03  0.03  0.04  0.04  0.03
 1   5  0.03  0.10  0.16  0.32  0.63  0.95  1.56  3.07  4.61  5.76  7.71  9.50  9.97  9.63  7.93  6.81  3.76  1.28  0.38  0.29  0.06  0.04  0.03  0.03  0.03  0.04  0.04  0.04
 1  10  0.03  0.10  0.16  0.32  0.64  0.95  1.57  3.06  4.61  5.74  7.65  9.28  9.69  9.37  7.80  6.75  3.91  1.39  0.44  0.33  0.06  0.04  0.04  0.04  0.04  0.04  0.04  0.04
 1  15  0.03  0.10  0.16  0.32  0.64  0.96  1.58  3.07  4.60  5.72  7.59  9.02  9.31  8.97  7.51  6.51  3.92  1.45  0.44  0.33  0.07  0.04  0.04  0.04  0.04  0.05  0.05  0.05
 1  20  0.03  0.10  0.17  0.33  0.66  0.98  1.61  3.07  4.59  5.69  7.48  8.74  8.91  8.54  7.21  6.28  3.93  1.50  0.45  0.33  0.13  0.05  0.04  0.04  0.04  0.05  0.05  0.05
 1  25  0.03  0.10  0.17  0.33  0.66  0.99  1.62  3.15  4.66  5.79  7.43  8.42  8.45  8.06  7.09  6.41  4.30  1.76  0.63  0.47  0.22  0.06  0.05  0.05  0.05  0.05  0.05  0.05
 1  30  0.04  0.11  0.18  0.35  0.70  1.03  1.69  3.21  4.76  5.87  7.37  8.12  8.00  7.57  6.95  6.52  4.65  2.06  0.82  0.63  0.31  0.11  0.08  0.07  0.06  0.05  0.05  0.05
 1  35  0.04  0.11  0.19  0.37  0.73  1.09  1.77  3.34  4.91  6.02  7.28  7.82  7.65  7.21  6.74  6.43  5.01  2.52  1.22  0.95  0.51  0.26  0.17  0.09  0.07  0.06  0.05  0.05
 1  40  0.04  0.12  0.20  0.39  0.78  1.15  1.87  3.51  5.10  6.17  7.20  7.53  7.32  6.90  6.56  6.33  5.36  2.97  1.62  1.28  0.72  0.38  0.23  0.13  0.09  0.06  0.05  0.05
 1  45  0.04  0.12  0.20  0.41  0.81  1.20  1.95  3.68  5.23  6.24  7.06  7.29  7.09  6.69  6.49  6.37  5.46  3.25  1.89  1.53  0.93  0.50  0.27  0.17  0.10  0.06  0.05  0.05
 1  50  0.04  0.13  0.21  0.42  0.83  1.24  2.02  3.84  5.29  6.25  6.92  7.05  6.87  6.53  6.44  6.39  5.54  3.52  2.15  1.77  1.15  0.61  0.32  0.19  0.10  0.06  0.05  0.05
 1  55  0.04  0.13  0.21  0.43  0.84  1.25  2.04  3.85  5.10  5.96  6.62  6.90  6.77  6.47  6.20  6.01  5.24  3.52  2.31  1.94  1.33  0.68  0.38  0.22  0.10  0.06  0.05  0.05
 1  60  0.04  0.13  0.22  0.43  0.86  1.28  2.08  3.93  5.13  5.96  6.55  6.83  6.71  6.38  5.99  5.73  5.01  3.56  2.51  2.12  1.49  0.75  0.43  0.24  0.11  0.06  0.05  0.05
 1  65  0.04  0.13  0.21  0.43  0.84  1.25  2.04  3.83  5.01  5.84  6.54  6.97  6.91  6.58  6.10  5.76  4.86  3.55  2.50  2.12  1.49  0.75  0.42  0.24  0.11  0.06  0.06  0.05
 1  70  0.04  0.13  0.21  0.42  0.83  1.23  1.99  3.73  4.89  5.74  6.54  7.09  7.10  6.79  6.21  5.79  4.71  3.54  2.49  2.10  1.49  0.74  0.40  0.23  0.11  0.06  0.05  0.05
 1  75  0.04  0.12  0.20  0.40  0.79  1.17  1.89  3.49  4.60  5.40  6.24  6.74  6.67  6.28  5.71  5.28  4.46  3.46  2.58  2.23  1.68  0.78  0.41  0.24  0.12  0.07  0.06  0.05
 1  80  0.04  0.12  0.20  0.39  0.77  1.13  1.81  3.25  4.31  5.07  5.94  6.37  6.23  5.77  5.20  4.75  4.20  3.38  2.67  2.36  1.87  0.83  0.42  0.25  0.12  0.07  0.06  0.05
 1  85  0.04  0.12  0.20  0.39  0.77  1.13  1.81  3.24  4.30  5.06  5.92  6.36  6.23  5.79  5.22  4.76  4.20  3.37  2.67  2.36  1.87  0.83  0.42  0.25  0.12  0.07  0.06  0.05
 1  90  0.04  0.12  0.20  0.40  0.78  1.14  1.83  3.28  4.34  5.10  5.93  6.39  6.30  5.93  5.36  4.87  4.24  3.38  2.68  2.38  1.89  0.85  0.43  0.25  0.12  0.07  0.06  0.05
 2 -90  0.03  0.09  0.15  0.30  0.59  0.87  1.41  2.60  3.79  4.56  5.51  5.47  4.95  4.21  3.79  3.58  3.37  2.91  2.20  1.86  1.28  0.60  0.39  0.25  0.14  0.04  0.03  0.02
 2 -85  0.03  0.09  0.15  0.30  0.59  0.87  1.41  2.59  3.77  4.56  5.54  5.56  5.07  4.33  3.93  3.70  3.40  2.83  2.10  1.77  1.21  0.56  0.36  0.23  0.13  0.04  0.03  0.02
 2 -80  0.03  0.09  0.15  0.30  0.59  0.87  1.40  2.59  3.75  4.56  5.58  5.62  5.12  4.35  3.94  3.72  3.41  2.82  2.08  1.75  1.19  0.55  0.35  0.23  0.13  0.04  0.03  0.02
 2 -75  0.03  0.09  0.15  0.30  0.58  0.86  1.39  2.56  3.73  4.57  5.74  6.05  5.65  4.87  4.36  4.06  3.61  2.82  2.07  1.73  1.16  0.53  0.35  0.22  0.12  0.04  0.03  0.02
 2 -70  0.03  0.09  0.15  0.29  0.58  0.85  1.38  2.53  3.72  4.60  5.91  6.48  6.19  5.39  4.79  4.42  3.80  2.83  2.07  1.71  1.12  0.50  0.34  0.21  0.11  0.04  0.03  0.02
 2 -65  0.03  0.09  0.15  0.30  0.59  0.87  1.40  2.57  3.78  4.70  6.13  6.97  6.82  6.05  5.34  4.89  4.05  2.80  1.95  1.61  1.05  0.47  0.32  0.19  0.08  0.04  0.03  0.02
 2 -60  0.03  0.09  0.15  0.30  0.60  0.88  1.42  2.61  3.83  4.77  6.32  7.42  7.43  6.71  5.89  5.36  4.31  2.77  1.85  1.51  0.97  0.45  0.30  0.18  0.08  0.04  0.03  0.03
 2 -55  0.03  0.10  0.16  0.32  0.62  0.92  1.48  2.70  3.96  4.88  6.44  7.72  7.89  7.38  6.48  5.87  4.28  2.58  1.58  1.27  0.77  0.36  0.24  0.14  0.07  0.04  0.03  0.03
 2 -50  0.03  0.10  0.16  0.32  0.63  0.93  1.49  2.72  3.95  4.84  6.47  8.01  8.38  7.92  6.98  6.35  4.22  2.35  1.22  0.97  0.55  0.27  0.17  0.09  0.06  0.04  0.04  0.03
 2 -45  0.03  0.10  0.16  0.32  0.62  0.92  1.50  2.82  4.06  4.97  6.64  8.25  8.71  8.36  7.26  6.50  4.25  2.24  1.15  0.90  0.49  0.23  0.12  0.07  0.05  0.04  0.04  0.03
 2 -40  0.03  0.09  0.16  0.31  0.62  0.93  1.52  2.90  4.15  5.08  6.77  8.48  9.03  8.79  7.51  6.64  4.28  2.11  1.07  0.82  0.41  0.19  0.09  0.06  0.05  0.04  0.04  0.03
 2 -35  0.03  0.09  0.16  0.31  0.63  0.93  1.53  2.94  4.25  5.20  6.95  8.71  9.29  9.05  7.70  6.75  4.21  1.88  0.87  0.66  0.32  0.13  0.07  0.05  0.05  0.04  0.04  0.04
 2 -30  0.03  0.09  0.16  0.31  0.63  0.93  1.54  2.99  4.31  5.29  7.10  8.91  9.52  9.34  7.88  6.85  4.14  1.64  0.67  0.50  0.22  0.09  0.06  0.05  0.04  0.04  0.04  0.04
 2 -25  0.03  0.09  0.16  0.31  0.62  0.93  1.53  2.98  4.33  5.32  7.19  9.13  9.82  9.68  8.03  6.86  4.05  1.51  0.55  0.41  0.18  0.06  0.04  0.04  0.04  0.04  0.04  0.04
 2 -20  0.03  0.09  0.15  0.30  0.60  0.90  1.50  2.99  4.34  5.34  7.31  9.35 10.08  9.98  8.15  6.87  3.96  1.39  0.44  0.33  0.14  0.05  0.04  0.04  0.04  0.04  0.04  0.04
 2 -15  0.03  0.09  0.15  0.30  0.59  0.89  1.48  2.96  4.32  5.36  7.39  9.53 10.29 10.20  8.31  6.98  3.90  1.28  0.40  0.31  0.13  0.04  0.03  0.03  0.04  0.04  0.04  0.03
 2 -10  0.03  0.09  0.14  0.29  0.58  0.87  1.45  2.92  4.32  5.35  7.45  9.76 10.58 10.44  8.47  7.10  3.84  1.18  0.36  0.28  0.09  0.04  0.03  0.03  0.03  0.04  0.03  0.03
 2  -5  0.03  0.09  0.14  0.29  0.57  0.86  1.44  2.92  4.30  5.33  7.40  9.79 10.58 10.37  8.23  6.74  3.72  1.16  0.36  0.28  0.07  0.04  0.03  0.03  0.03  0.03  0.03  0.03
 2   0  0.03  0.09  0.15  0.31  0.61  0.91  1.49  2.86  4.26  5.29  7.37  9.70 10.47 10.26  7.96  6.36  3.60  1.17  0.35  0.29  0.06  0.04  0.03  0.03  0.03  0.04  0.04  0.03
 2   5  0.03  0.09  0.15  0.31  0.61  0.90  1.49  2.89  4.28  5.33  7.34  9.55 10.26 10.00  7.97  6.57  3.72  1.28  0.42  0.33  0.06  0.04  0.03  0.03  0.03  0.04  0.04  0.04
 2  10  0.03  0.09  0.15  0.31  0.61  0.91  1.49  2.91  4.35  5.40  7.38  9.42 10.05  9.78  7.99  6.78  3.86  1.39  0.48  0.36  0.06  0.04  0.04  0.04  0.04  0.04  0.05  0.04
 2  15  0.03  0.09  0.15  0.31  0.61  0.92  1.51  2.96  4.37  5.42  7.35  9.20  9.74  9.46  7.87  6.78  4.02  1.49  0.51  0.38  0.07  0.04  0.04  0.04  0.04  0.05  0.05  0.05
 2  20  0.03  0.10  0.16  0.32  0.64  0.95  1.55  2.98  4.41  5.44  7.30  8.96  9.38  9.09  7.73  6.78  4.17  1.58  0.54  0.40  0.09  0.05  0.05  0.05  0.05  0.05  0.05  0.05
 2  25  0.03  0.10  0.16  0.33  0.65  0.96  1.58  3.06  4.51  5.59  7.35  8.71  8.95  8.61  7.47  6.67  4.46  1.78  0.69  0.51  0.21  0.07  0.06  0.05  0.05  0.05  0.05  0.05
 2  30  0.03  0.10  0.17  0.34  0.68  1.01  1.65  3.12  4.63  5.71  7.38  8.47  8.51  8.10  7.17  6.54  4.73  2.03  0.86  0.65  0.29  0.18  0.09  0.07  0.06  0.06  0.05  0.05
 2  35  0.04  0.11  0.18  0.36  0.71  1.06  1.72  3.23  4.80  5.93  7.42  8.22  8.13  7.66  6.94  6.47  5.02  2.59  1.27  0.98  0.51  0.33  0.23  0.11  0.08  0.06  0.05  0.05
 2  40  0.04  0.12  0.19  0.38  0.75  1.11  1.80  3.35  5.02  6.18  7.49  7.96  7.74  7.25  6.73  6.39  5.30  3.15  1.68  1.33  0.74  0.48  0.31  0.16  0.10  0.06  0.06  0.05
 2  45  0.04  0.12  0.20  0.39  0.78  1.15  1.88  3.53  5.23  6.39  7.45  7.74  7.49  6.99  6.59  6.34  5.42  3.44  2.01  1.63  1.00  0.59  0.35  0.21  0.11  0.07  0.06  0.05
 2  50  0.04  0.12  0.20  0.41  0.80  1.20  1.96  3.73  5.42  6.55  7.42  7.51  7.24  6.78  6.47  6.29  5.54  3.72  2.33  1.92  1.25  0.70  0.40  0.23  0.12  0.07  0.06  0.06
 2  55  0.04  0.13  0.21  0.42  0.84  1.25  2.04  3.86  5.43  6.49  7.24  7.32  7.06  6.66  6.32  6.10  5.50  3.78  2.46  2.06  1.41  0.75  0.44  0.25  0.12  0.07  0.06  0.06
 2  60  0.05  0.14  0.22  0.45  0.89  1.32  2.15  4.07  5.66  6.69  7.26  7.23  6.94  6.52  6.21  6.01  5.52  3.91  2.65  2.23  1.56  0.80  0.48  0.27  0.13  0.07  0.06  0.06
 2  65  0.05  0.14  0.23  0.45  0.89  1.33  2.16  4.07  5.51  6.45  7.02  7.13  6.94  6.59  6.21  5.95  5.38  3.80  2.72  2.32  1.66  0.85  0.48  0.28  0.12  0.07  0.06  0.06
 2  70  0.05  0.14  0.23  0.45  0.89  1.32  2.15  4.04  5.33  6.19  6.76  7.02  6.93  6.65  6.21  5.89  5.22  3.69  2.79  2.39  1.76  0.90  0.47  0.28  0.13  0.07  0.06  0.05
 2  75  0.05  0.14  0.23  0.45  0.89  1.31  2.13  3.96  5.05  5.79  6.61  7.18  7.23  6.95  6.41  6.02  5.24  3.64  2.83  2.43  1.80  0.94  0.49  0.28  0.13  0.07  0.06  0.06
 2  80  0.04  0.13  0.22  0.44  0.87  1.29  2.09  3.88  4.78  5.39  6.45  7.34  7.51  7.25  6.61  6.14  5.24  3.58  2.87  2.47  1.84  0.98  0.51  0.28  0.15  0.08  0.06  0.06
 2  85  0.04  0.13  0.22  0.44  0.87  1.29  2.08  3.85  4.74  5.34  6.40  7.32  7.52  7.26  6.62  6.16  5.25  3.58  2.86  2.47  1.83  0.98  0.51  0.28  0.15  0.08  0.06  0.06
 2  90  0.04  0.13  0.22  0.44  0.87  1.28  2.07  3.81  4.74  5.36  6.46  7.42  7.63  7.37  6.74  6.28  5.34  3.61  2.89  2.49  1.86  1.01  0.52  0.29  0.16  0.08  0.06  0.05
 3 -90  0.04  0.13  0.22  0.44  0.85  1.26  2.02  3.64  4.63  5.25  5.29  5.04  4.70  4.21  3.68  3.35  3.33  2.70  2.15  1.83  1.27  0.59  0.35  0.22  0.11  0.04  0.03  0.02
 3 -85  0.04  0.13  0.22  0.44  0.86  1.27  2.04  3.68  4.75  5.42  5.50  5.20  4.83  4.31  3.77  3.43  3.40  2.71  2.10  1.78  1.22  0.56  0.33  0.20  0.11  0.04  0.03  0.02
 3 -80  0.04  0.13  0.22  0.44  0.86  1.27  2.04  3.67  4.80  5.52  5.60  5.25  4.84  4.29  3.76  3.44  3.42  2.72  2.09  1.77  1.21  0.56  0.33  0.20  0.10  0.04  0.03  0.02
 3 -75  0.04  0.13  0.21  0.42  0.82  1.21  1.94  3.51  4.84  5.71  6.13  5.83  5.35  4.69  4.08  3.70  3.52  2.74  2.06  1.72  1.16  0.54  0.32  0.19  0.10  0.04  0.03  0.02
 3 -70  0.04  0.12  0.20  0.40  0.78  1.15  1.85  3.34  4.84  5.87  6.65  6.42  5.86  5.10  4.40  3.96  3.62  2.76  2.04  1.69  1.11  0.52  0.30  0.18  0.09  0.04  0.03  0.02
 3 -65  0.04  0.12  0.19  0.38  0.76  1.11  1.79  3.24  4.79  5.89  6.93  6.94  6.45  5.66  5.01  4.59  3.82  2.75  1.92  1.58  1.03  0.49  0.29  0.17  0.09  0.05  0.03  0.03
 3 -60  0.04  0.11  0.19  0.37  0.73  1.08  1.73  3.15  4.73  5.88  7.18  7.46  7.05  6.24  5.62  5.22  4.03  2.73  1.80  1.47  0.95  0.45  0.27  0.16  0.08  0.05  0.03  0.03
 3 -55  0.04  0.11  0.19  0.37  0.73  1.08  1.73  3.14  4.71  5.84  7.25  7.80  7.54  6.85  6.18  5.74  4.27  2.62  1.58  1.28  0.79  0.36  0.22  0.13  0.07  0.04  0.03  0.03
 3 -50  0.04  0.11  0.18  0.36  0.72  1.05  1.69  3.06  4.56  5.65  7.21  8.13  8.06  7.35  6.66  6.22  4.48  2.47  1.28  1.03  0.61  0.27  0.16  0.08  0.06  0.04  0.04  0.03
 3 -45  0.04  0.11  0.18  0.35  0.70  1.03  1.66  3.07  4.55  5.63  7.26  8.36  8.42  7.84  6.81  6.14  4.33  2.33  1.17  0.93  0.54  0.23  0.11  0.07  0.05  0.04  0.04  0.03
 3 -40  0.03  0.10  0.17  0.35  0.68  1.01  1.64  3.07  4.52  5.58  7.28  8.57  8.78  8.32  6.97  6.07  4.18  2.19  1.06  0.83  0.46  0.19  0.09  0.06  0.05  0.04  0.04  0.03
 3 -35  0.03  0.10  0.17  0.34  0.67  0.99  1.62  3.06  4.53  5.60  7.34  8.77  9.08  8.72  7.51  6.66  4.23  1.96  0.85  0.66  0.34  0.13  0.07  0.05  0.04  0.04  0.04  0.03
 3 -30  0.03  0.10  0.17  0.33  0.66  0.98  1.60  3.05  4.51  5.58  7.38  8.94  9.38  9.14  8.03  7.23  4.26  1.74  0.65  0.49  0.21  0.09  0.05  0.04  0.04  0.04  0.04  0.03
 3 -25  0.03  0.10  0.16  0.32  0.64  0.96  1.57  3.01  4.43  5.47  7.30  9.06  9.65  9.53  8.22  7.27  4.15  1.49  0.51  0.38  0.15  0.06  0.04  0.04  0.04  0.04  0.04  0.03
 3 -20  0.03  0.09  0.16  0.31  0.62  0.92  1.52  2.98  4.33  5.32  7.23  9.21  9.92  9.88  8.38  7.31  4.04  1.25  0.37  0.27  0.10  0.04  0.03  0.03  0.04  0.04  0.04  0.03
 3 -15  0.03  0.09  0.15  0.30  0.60  0.90  1.49  2.93  4.21  5.18  7.08  9.24 10.13 10.21  8.44  7.19  3.98  1.22  0.36  0.27  0.11  0.04  0.03  0.03  0.03  0.04  0.04  0.03
 3 -10  0.03  0.09  0.15  0.30  0.59  0.88  1.46  2.87  4.11  5.01  6.91  9.33 10.39 10.52  8.50  7.07  3.94  1.20  0.36  0.28  0.12  0.03  0.03  0.03  0.03  0.03  0.03  0.03
 3  -5  0.03  0.09  0.15  0.29  0.59  0.88  1.45  2.86  4.05  4.93  6.79  9.32 10.43 10.53  8.44  6.97  3.90  1.20  0.36  0.28  0.07  0.03  0.03  0.03  0.03  0.03  0.03  0.03
 3   0  0.03  0.09  0.16  0.31  0.61  0.91  1.48  2.80  3.98  4.83  6.69  9.20 10.34 10.48  8.35  6.87  3.86  1.21  0.37  0.28  0.13  0.03  0.03  0.03  0.03  0.03  0.03  0.03
 3   5  0.03  0.09  0.15  0.31  0.61  0.90  1.48  2.84  4.04  4.95  6.79  9.20 10.23 10.27  8.32  6.96  3.93  1.30  0.42  0.32  0.06  0.04  0.03  0.03  0.03  0.04  0.04  0.04
 3  10  0.03  0.09  0.15  0.30  0.60  0.90  1.48  2.88  4.16  5.11  6.95  9.22 10.13 10.11  8.29  7.06  4.01  1.38  0.46  0.35  0.07  0.04  0.03  0.03  0.04  0.04  0.05  0.05
 3  15  0.03  0.09  0.15  0.31  0.61  0.91  1.51  2.94  4.24  5.21  7.03  9.12  9.90  9.81  8.04  6.84  4.07  1.43  0.47  0.36  0.07  0.04  0.04  0.04  0.04  0.05  0.05  0.05
 3  20  0.03  0.10  0.16  0.32  0.63  0.94  1.55  2.98  4.33  5.31  7.13  8.99  9.60  9.45  7.77  6.61  4.13  1.49  0.48  0.37  0.15  0.05  0.05  0.05  0.05  0.05  0.05  0.05
 3  25  0.03  0.10  0.16  0.32  0.64  0.96  1.57  3.03  4.42  5.46  7.26  8.86  9.29  9.06  7.61  6.62  4.38  1.80  0.67  0.52  0.25  0.08  0.06  0.06  0.06  0.06  0.06  0.05
 3  30  0.03  0.10  0.17  0.34  0.66  0.99  1.61  3.07  4.52  5.59  7.37  8.73  8.96  8.64  7.43  6.61  4.62  2.16  0.88  0.69  0.36  0.20  0.11  0.08  0.07  0.06  0.06  0.05
 3  35  0.04  0.10  0.17  0.35  0.69  1.02  1.65  3.10  4.64  5.77  7.51  8.62  8.66  8.22  7.21  6.56  4.75  2.62  1.29  1.04  0.61  0.36  0.25  0.12  0.09  0.06  0.06  0.05
 3  40  0.04  0.11  0.18  0.36  0.71  1.05  1.70  3.14  4.79  5.98  7.69  8.51  8.36  7.82  7.03  6.51  4.88  3.07  1.69  1.39  0.87  0.51  0.33  0.18  0.11  0.07  0.06  0.05
 3  45  0.04  0.11  0.18  0.36  0.72  1.06  1.73  3.24  4.95  6.18  7.74  8.33  8.09  7.49  6.79  6.34  5.11  3.36  2.00  1.66  1.08  0.64  0.39  0.22  0.12  0.07  0.06  0.06
 3  50  0.04  0.11  0.18  0.37  0.72  1.08  1.76  3.34  5.10  6.35  7.80  8.17  7.83  7.21  6.56  6.16  5.34  3.64  2.29  1.91  1.28  0.76  0.45  0.26  0.13  0.07  0.06  0.06
 3  55  0.04  0.11  0.19  0.38  0.75  1.11  1.81  3.42  5.15  6.38  7.67  7.95  7.58  6.98  6.41  6.04  5.36  3.77  2.46  2.07  1.43  0.84  0.51  0.28  0.14  0.07  0.06  0.06
 3  60  0.04  0.12  0.20  0.40  0.79  1.17  1.91  3.60  5.42  6.68  7.77  7.84  7.39  6.73  6.29  6.04  5.45  3.96  2.70  2.27  1.57  0.91  0.55  0.31  0.14  0.08  0.06  0.06
 3  65  0.04  0.12  0.21  0.41  0.82  1.21  1.97  3.71  5.43  6.60  7.54  7.59  7.18  6.58  6.13  5.87  5.34  4.00  2.81  2.40  1.72  0.97  0.59  0.33  0.14  0.08  0.06  0.06
 3  70  0.04  0.13  0.21  0.43  0.84  1.25  2.03  3.81  5.43  6.52  7.31  7.35  6.97  6.42  5.97  5.71  5.23  4.03  2.92  2.52  1.87  1.03  0.63  0.37  0.14  0.08  0.06  0.06
 3  75  0.04  0.13  0.22  0.43  0.85  1.26  2.04  3.82  5.29  6.29  7.06  7.26  7.01  6.56  5.96  5.58  5.16  4.07  2.98  2.58  1.92  1.07  0.62  0.36  0.15  0.08  0.06  0.06
 3  80  0.04  0.13  0.22  0.43  0.85  1.26  2.04  3.81  5.14  6.05  6.80  7.16  7.04  6.69  5.94  5.44  5.08  4.11  3.04  2.63  1.98  1.11  0.62  0.35  0.15  0.08  0.06  0.06
 3  85  0.04  0.13  0.22  0.43  0.85  1.26  2.04  3.79  5.11  6.02  6.76  7.12  7.02  6.70  5.96  5.47  5.10  4.13  3.05  2.65  1.98  1.11  0.62  0.35  0.14  0.08  0.07  0.06
 3  90  0.04  0.13  0.21  0.43  0.84  1.24  2.02  3.74  5.01  5.89  6.61  7.04  7.03  6.79  6.09  5.60  5.23  4.23  3.14  2.73  2.04  1.16  0.64  0.36  0.15  0.08  0.07  0.06
 4 -90  0.06  0.17  0.28  0.54  1.06  1.54  2.42  4.08  4.70  5.09  5.24  4.99  4.63  4.11  3.51  3.18  2.91  2.87  2.18  1.82  1.21  0.54  0.32  0.18  0.09  0.04  0.03  0.03
 4 -85  0.06  0.17  0.28  0.56  1.09  1.58  2.48  4.21  4.88  5.30  5.44  5.18  4.78  4.21  3.59  3.24  2.96  2.88  2.16  1.79  1.18  0.52  0.31  0.18  0.09  0.04  0.03  0.03
 4 -80  0.06  0.17  0.29  0.56  1.10  1.60  2.52  4.27  4.94  5.36  5.50  5.20  4.78  4.20  3.58  3.23  2.96  2.88  2.16  1.79  1.18  0.52  0.31  0.19  0.09  0.04  0.03  0.03
 4 -75  0.06  0.17  0.28  0.55  1.08  1.57  2.48  4.28  5.31  5.98  6.10  5.70  5.22  4.58  3.97  3.63  3.32  2.88  2.12  1.76  1.17  0.50  0.30  0.18  0.09  0.04  0.03  0.03
 4 -70  0.05  0.16  0.27  0.53  1.04  1.53  2.43  4.25  5.65  6.58  6.70  6.19  5.65  4.98  4.40  4.05  3.68  2.88  2.10  1.74  1.16  0.49  0.29  0.17  0.08  0.04  0.03  0.03
 4 -65  0.05  0.16  0.26  0.51  1.01  1.48  2.35  4.17  5.73  6.79  7.11  6.68  6.16  5.48  4.95  4.60  3.97  2.87  1.99  1.64  1.08  0.45  0.26  0.16  0.08  0.04  0.03  0.03
 4 -60  0.05  0.15  0.25  0.49  0.96  1.42  2.27  4.06  5.79  6.98  7.49  7.15  6.66  5.97  5.48  5.15  4.24  2.85  1.87  1.53  0.99  0.42  0.23  0.14  0.08  0.04  0.03  0.03
 4 -55  0.05  0.14  0.24  0.47  0.92  1.36  2.18  3.92  5.72  6.93  7.65  7.52  7.08  6.46  6.07  5.80  4.51  2.72  1.66  1.34  0.80  0.35  0.18  0.11  0.07  0.04  0.03  0.03
 4 -50  0.05  0.13  0.22  0.44  0.87  1.28  2.05  3.70  5.49  6.72  7.72  7.89  7.53  6.83  6.57  6.40  4.75  2.56  1.37  1.08  0.60  0.28  0.13  0.09  0.06  0.04  0.03  0.03
 4 -45  0.04  0.13  0.21  0.42  0.82  1.21  1.95  3.55  5.30  6.53  7.75  8.14  7.88  7.23  6.63  6.24  4.58  2.39  1.28  1.00  0.55  0.24  0.12  0.07  0.05  0.04  0.03  0.03
 4 -40  0.04  0.12  0.20  0.40  0.78  1.15  1.85  3.39  5.11  6.32  7.76  8.42  8.26  7.66  6.72  6.10  4.40  2.21  1.19  0.93  0.51  0.21  0.09  0.06  0.04  0.04  0.03  0.03
 4 -35  0.04  0.11  0.19  0.37  0.74  1.09  1.77  3.28  4.94  6.14  7.72  8.66  8.67  8.17  6.97  6.14  4.23  1.98  1.00  0.78  0.41  0.17  0.08  0.05  0.04  0.04  0.03  0.03
 4 -30  0.04  0.11  0.18  0.36  0.71  1.05  1.70  3.18  4.77  5.92  7.65  8.89  9.08  8.71  7.25  6.21  4.05  1.74  0.81  0.63  0.32  0.09  0.06  0.04  0.04  0.04  0.04  0.03
 4 -25  0.03  0.10  0.17  0.34  0.68  1.01  1.65  3.10  4.60  5.69  7.45  8.96  9.38  9.20  7.67  6.57  4.06  1.53  0.61  0.46  0.22  0.06  0.04  0.04  0.04  0.04  0.04  0.03
 4 -20  0.03  0.10  0.17  0.33  0.65  0.97  1.59  3.04  4.42  5.42  7.24  9.05  9.68  9.64  8.06  6.92  4.07  1.34  0.41  0.30  0.12  0.04  0.03  0.03  0.03  0.04  0.04  0.03
 4 -15  0.03  0.10  0.16  0.32  0.64  0.95  1.56  2.99  4.29  5.24  7.01  8.98  9.83  9.96  8.29  7.09  4.05  1.25  0.38  0.29  0.12  0.04  0.03  0.03  0.03  0.03  0.03  0.03
 4 -10  0.03  0.10  0.16  0.32  0.63  0.94  1.54  2.94  4.16  5.04  6.78  8.97 10.00 10.26  8.51  7.27  4.03  1.18  0.34  0.27  0.12  0.03  0.03  0.03  0.03  0.03  0.03  0.03
 4  -5  0.03  0.09  0.16  0.31  0.62  0.93  1.52  2.92  4.10  4.95  6.64  8.95 10.06 10.33  8.54  7.28  4.05  1.18  0.34  0.26  0.12  0.03  0.03  0.03  0.03  0.03  0.03  0.03
 4   0  0.03  0.10  0.16  0.32  0.63  0.94  1.53  2.88  4.03  4.85  6.51  8.83 10.00 10.31  8.54  7.29  4.07  1.22  0.34  0.27  0.12  0.03  0.03  0.03  0.03  0.03  0.03  0.03
 4   5  0.03  0.10  0.16  0.32  0.63  0.93  1.53  2.90  4.09  4.97  6.67  8.93  9.96 10.11  8.44  7.26  4.15  1.31  0.50  0.38  0.14  0.03  0.03  0.03  0.03  0.04  0.04  0.03
 4  10  0.03  0.09  0.16  0.31  0.62  0.92  1.52  2.93  4.20  5.13  6.88  9.05  9.94  9.98  8.35  7.23  4.23  1.41  0.66  0.48  0.16  0.04  0.03  0.03  0.03  0.04  0.04  0.04
 4  15  0.03  0.09  0.16  0.31  0.62  0.93  1.53  2.97  4.25  5.22  7.01  9.04  9.80  9.74  8.16  7.06  4.22  1.47  0.69  0.50  0.17  0.04  0.04  0.04  0.04  0.05  0.05  0.05
 4  20  0.03  0.10  0.16  0.32  0.64  0.95  1.56  2.99  4.32  5.31  7.15  9.01  9.61  9.46  7.93  6.88  4.21  1.54  0.73  0.53  0.17  0.06  0.05  0.05  0.05  0.05  0.05  0.05
 4  25  0.03  0.10  0.16  0.32  0.64  0.95  1.56  2.98  4.34  5.36  7.21  8.95  9.44  9.22  7.81  6.87  4.39  1.77  0.83  0.63  0.27  0.09  0.07  0.06  0.06  0.06  0.06  0.05
 4  30  0.03  0.10  0.16  0.32  0.64  0.95  1.56  2.98  4.37  5.39  7.25  8.89  9.24  8.94  7.68  6.84  4.57  2.05  0.96  0.74  0.38  0.18  0.11  0.08  0.07  0.06  0.06  0.05
 4  35  0.03  0.10  0.16  0.33  0.65  0.96  1.56  2.93  4.34  5.39  7.26  8.80  9.04  8.63  7.47  6.72  4.59  2.39  1.28  1.03  0.62  0.37  0.19  0.11  0.08  0.06  0.06  0.05
 4  40  0.03  0.10  0.17  0.33  0.65  0.96  1.56  2.89  4.36  5.43  7.33  8.71  8.83  8.34  7.30  6.61  4.62  2.74  1.60  1.33  0.86  0.53  0.33  0.15  0.10  0.07  0.06  0.05
 4  45  0.03  0.10  0.16  0.33  0.65  0.96  1.56  2.91  4.40  5.50  7.34  8.57  8.59  8.01  7.02  6.37  4.69  3.00  1.86  1.54  1.02  0.64  0.39  0.20  0.12  0.07  0.06  0.06
 4  50  0.03  0.10  0.16  0.32  0.64  0.95  1.55  2.93  4.45  5.55  7.37  8.44  8.37  7.73  6.75  6.12  4.77  3.26  2.09  1.75  1.18  0.74  0.46  0.26  0.13  0.07  0.06  0.06
 4  55  0.03  0.10  0.16  0.32  0.64  0.95  1.55  2.94  4.44  5.55  7.32  8.25  8.09  7.42  6.46  5.84  4.90  3.46  2.26  1.90  1.32  0.79  0.51  0.29  0.14  0.08  0.06  0.06
 4  60  0.03  0.10  0.17  0.33  0.66  0.98  1.60  3.02  4.67  5.85  7.49  8.15  7.86  7.09  6.21  5.65  5.10  3.71  2.49  2.09  1.45  0.84  0.56  0.32  0.15  0.08  0.06  0.06
 4  65  0.03  0.10  0.17  0.34  0.67  0.99  1.62  3.07  4.70  5.85  7.29  7.79  7.46  6.72  6.02  5.59  5.07  3.77  2.65  2.23  1.55  0.94  0.64  0.37  0.16  0.08  0.06  0.06
 4  70  0.03  0.10  0.17  0.34  0.68  1.01  1.64  3.11  4.73  5.83  7.08  7.42  7.06  6.34  5.83  5.53  5.05  3.83  2.80  2.37  1.66  1.04  0.72  0.42  0.19  0.08  0.06  0.06
 4  75  0.04  0.11  0.18  0.35  0.70  1.03  1.69  3.20  4.72  5.74  6.73  6.96  6.62  6.00  5.66  5.49  5.07  3.93  2.91  2.48  1.77  1.10  0.73  0.42  0.18  0.08  0.06  0.06
 4  80  0.04  0.11  0.18  0.36  0.72  1.06  1.73  3.28  4.72  5.65  6.37  6.49  6.19  5.66  5.48  5.43  5.07  4.03  3.02  2.59  1.88  1.16  0.73  0.42  0.17  0.09  0.06  0.06
 4  85  0.04  0.11  0.18  0.36  0.72  1.07  1.75  3.30  4.73  5.62  6.32  6.46  6.18  5.66  5.49  5.44  5.09  4.05  3.04  2.61  1.89  1.16  0.74  0.42  0.17  0.09  0.06  0.06
 4  90  0.04  0.11  0.18  0.36  0.72  1.07  1.74  3.29  4.72  5.62  6.29  6.44  6.21  5.73  5.58  5.56  5.24  4.16  3.12  2.68  1.93  1.18  0.75  0.43  0.18  0.09  0.06  0.06
 5 -90  0.06  0.18  0.29  0.57  1.10  1.59  2.45  3.84  4.66  5.24  5.24  4.95  4.37  3.73  3.54  3.48  3.37  2.80  2.11  1.74  1.13  0.49  0.27  0.15  0.06  0.04  0.03  0.03
 5 -85  0.06  0.18  0.30  0.58  1.13  1.63  2.50  3.95  4.85  5.47  5.45  5.08  4.48  3.81  3.59  3.52  3.40  2.81  2.10  1.73  1.13  0.49  0.27  0.16  0.06  0.04  0.03  0.03
 5 -80  0.06  0.18  0.30  0.59  1.14  1.64  2.52  3.98  4.90  5.54  5.52  5.10  4.48  3.80  3.58  3.51  3.40  2.82  2.10  1.74  1.13  0.49  0.27  0.16  0.06  0.04  0.03  0.03
 5 -75  0.06  0.18  0.30  0.58  1.13  1.64  2.53  4.07  5.15  5.90  6.05  5.71  5.17  4.49  4.06  3.84  3.52  2.72  1.96  1.62  1.06  0.46  0.26  0.15  0.06  0.04  0.03  0.03
 5 -70  0.06  0.18  0.29  0.58  1.12  1.63  2.54  4.20  5.44  6.28  6.57  6.30  5.85  5.19  4.54  4.17  3.66  2.63  1.83  1.51  1.00  0.44  0.24  0.14  0.07  0.04  0.03  0.03
 5 -65  0.06  0.18  0.30  0.59  1.16  1.69  2.66  4.55  5.92  6.83  6.94  6.57  6.13  5.51  5.04  4.78  4.18  2.78  1.84  1.49  0.94  0.44  0.24  0.14  0.07  0.04  0.03  0.03
 5 -60  0.06  0.18  0.30  0.60  1.17  1.72  2.73  4.82  6.33  7.33  7.29  6.83  6.40  5.83  5.56  5.38  4.67  2.91  1.83  1.46  0.88  0.44  0.23  0.14  0.07  0.04  0.03  0.03
 5 -55  0.06  0.17  0.29  0.57  1.12  1.65  2.64  4.69  6.42  7.53  7.62  7.17  6.73  6.22  5.96  5.76  4.79  2.73  1.71  1.35  0.77  0.43  0.21  0.13  0.06  0.04  0.03  0.03
 5 -50  0.06  0.17  0.28  0.55  1.07  1.57  2.51  4.47  6.33  7.53  7.86  7.53  7.09  6.49  6.28  6.10  4.88  2.52  1.50  1.18  0.65  0.42  0.19  0.09  0.06  0.04  0.03  0.03
 5 -45  0.05  0.15  0.25  0.50  0.98  1.44  2.30  4.13  5.99  7.25  7.90  7.81  7.40  6.79  6.39  6.11  4.78  2.42  1.40  1.10  0.59  0.37  0.17  0.07  0.05  0.04  0.03  0.03
 5 -40  0.05  0.14  0.23  0.45  0.89  1.31  2.10  3.79  5.67  6.96  7.97  8.12  7.76  7.12  6.54  6.11  4.66  2.31  1.30  1.01  0.53  0.33  0.15  0.06  0.05  0.04  0.03  0.03
 5 -35  0.04  0.13  0.21  0.42  0.82  1.21  1.95  3.56  5.35  6.61  7.87  8.34  8.13  7.59  6.94  6.48  4.58  2.07  1.05  0.80  0.39  0.24  0.09  0.06  0.04  0.04  0.03  0.03
 5 -30  0.04  0.12  0.19  0.38  0.76  1.12  1.81  3.34  5.03  6.23  7.75  8.57  8.53  8.08  7.36  6.84  4.48  1.82  0.79  0.60  0.26  0.10  0.06  0.05  0.04  0.04  0.04  0.03
 5 -25  0.04  0.11  0.19  0.37  0.73  1.07  1.74  3.22  4.79  5.91  7.51  8.65  8.86  8.60  7.60  6.87  4.35  1.66  0.64  0.47  0.19  0.06  0.04  0.04  0.04  0.04  0.04  0.03
 5 -20  0.04  0.11  0.18  0.35  0.70  1.03  1.67  3.10  4.53  5.54  7.25  8.75  9.20  9.08  7.83  6.90  4.23  1.51  0.48  0.36  0.14  0.04  0.03  0.03  0.03  0.03  0.04  0.03
 5 -15  0.03  0.10  0.17  0.34  0.68  1.00  1.63  3.07  4.42  5.39  7.05  8.71  9.38  9.44  8.11  7.14  4.22  1.39  0.41  0.31  0.12  0.04  0.03  0.03  0.03  0.03  0.03  0.03
 5 -10  0.03  0.10  0.17  0.34  0.67  0.99  1.61  3.02  4.30  5.21  6.86  8.73  9.58  9.79  8.39  7.38  4.22  1.27  0.33  0.25  0.11  0.03  0.03  0.03  0.03  0.03  0.03  0.03
 5  -5  0.03  0.10  0.17  0.34  0.66  0.98  1.60  3.00  4.27  5.17  6.78  8.76  9.68  9.91  8.32  7.18  4.02  1.10  0.29  0.23  0.10  0.03  0.03  0.03  0.03  0.03  0.03  0.03
 5   0  0.03  0.10  0.17  0.33  0.66  0.97  1.59  2.99  4.23  5.12  6.72  8.74  9.71  9.95  8.21  6.97  3.82  0.95  0.25  0.20  0.10  0.03  0.03  0.03  0.03  0.03  0.03  0.03
 5   5  0.03  0.10  0.17  0.33  0.65  0.97  1.58  2.99  4.24  5.17  6.85  8.87  9.73  9.87  8.30  7.18  4.11  1.21  0.42  0.34  0.16  0.03  0.03  0.03  0.03  0.03  0.03  0.03
 5  10  0.03  0.10  0.16  0.32  0.64  0.95  1.56  3.00  4.32  5.28  7.01  9.01  9.79  9.86  8.42  7.39  4.39  1.47  0.59  0.46  0.22  0.04  0.03  0.03  0.03  0.04  0.04  0.03
 5  15  0.03  0.10  0.16  0.32  0.63  0.94  1.55  3.00  4.31  5.28  7.06  9.02  9.73  9.69  8.29  7.31  4.30  1.55  0.63  0.49  0.24  0.05  0.04  0.04  0.04  0.05  0.05  0.04
 5  20  0.03  0.10  0.16  0.32  0.64  0.96  1.56  2.98  4.32  5.29  7.13  9.02  9.62  9.49  8.15  7.23  4.22  1.64  0.67  0.52  0.26  0.07  0.05  0.05  0.05  0.05  0.05  0.05
 5  25  0.03  0.10  0.16  0.32  0.64  0.95  1.55  2.95  4.28  5.26  7.09  8.92  9.49  9.31  8.00  7.12  4.44  1.83  0.79  0.62  0.33  0.11  0.07  0.06  0.06  0.06  0.06  0.05
 5  30  0.03  0.10  0.16  0.32  0.63  0.93  1.53  2.92  4.24  5.22  7.04  8.83  9.33  9.11  7.84  7.00  4.66  2.04  0.92  0.73  0.41  0.17  0.10  0.07  0.07  0.06  0.06  0.05
 5  35  0.03  0.10  0.16  0.32  0.63  0.93  1.51  2.86  4.16  5.13  6.94  8.68  9.13  8.85  7.64  6.83  4.67  2.30  1.16  0.95  0.59  0.33  0.14  0.09  0.07  0.06  0.06  0.05
 5  40  0.03  0.10  0.16  0.32  0.63  0.93  1.50  2.80  4.12  5.09  6.90  8.55  8.92  8.59  7.43  6.67  4.67  2.57  1.41  1.17  0.78  0.47  0.22  0.12  0.09  0.07  0.06  0.05
 5  45  0.03  0.09  0.15  0.31  0.61  0.90  1.47  2.77  4.06  5.02  6.78  8.38  8.71  8.30  7.14  6.40  4.64  2.75  1.65  1.37  0.93  0.58  0.35  0.16  0.10  0.07  0.06  0.05
 5  50  0.03  0.09  0.15  0.30  0.59  0.88  1.43  2.74  4.02  4.96  6.70  8.22  8.50  8.02  6.87  6.14  4.61  2.94  1.87  1.57  1.08  0.68  0.43  0.20  0.12  0.07  0.06  0.06
 5  55  0.03  0.09  0.15  0.29  0.57  0.85  1.40  2.68  3.91  4.84  6.58  8.04  8.21  7.67  6.56  5.85  4.62  3.09  1.99  1.67  1.16  0.72  0.48  0.28  0.13  0.08  0.06  0.06
 5  60  0.03  0.09  0.15  0.29  0.58  0.86  1.41  2.70  4.03  5.00  6.69  7.93  7.97  7.28  6.27  5.64  4.67  3.29  2.17  1.80  1.23  0.76  0.53  0.31  0.15  0.08  0.06  0.06
 5  65  0.03  0.09  0.14  0.29  0.57  0.85  1.38  2.64  3.94  4.89  6.48  7.53  7.46  6.74  5.76  5.15  4.39  3.30  2.30  1.93  1.34  0.83  0.59  0.36  0.16  0.08  0.06  0.06
 5  70  0.03  0.08  0.14  0.28  0.56  0.83  1.36  2.59  3.86  4.77  6.26  7.13  6.94  6.18  5.23  4.65  4.09  3.32  2.43  2.05  1.45  0.90  0.65  0.42  0.24  0.09  0.07  0.06
 5  75  0.03  0.08  0.14  0.28  0.56  0.83  1.36  2.59  3.90  4.84  6.25  6.84  6.50  5.70  4.99  4.59  4.21  3.41  2.47  2.09  1.48  0.92  0.65  0.42  0.23  0.09  0.07  0.06
 5  80  0.03  0.08  0.14  0.28  0.55  0.82  1.35  2.57  3.94  4.92  6.25  6.56  6.06  5.22  4.75  4.52  4.32  3.51  2.52  2.14  1.52  0.94  0.66  0.42  0.23  0.09  0.07  0.06
 5  85  0.03  0.08  0.14  0.28  0.55  0.82  1.34  2.54  3.91  4.90  6.22  6.53  6.02  5.18  4.72  4.49  4.32  3.52  2.53  2.15  1.52  0.94  0.66  0.42  0.23  0.09  0.07  0.06
 5  90  0.03  0.08  0.14  0.27  0.54  0.80  1.30  2.47  3.81  4.82  6.19  6.50  5.98  5.13  4.64  4.42  4.31  3.57  2.56  2.15  1.49  0.93  0.68  0.43  0.23  0.09  0.07  0.06
 6 -90  0.06  0.18  0.29  0.57  1.09  1.56  2.36  3.54  4.62  5.40  5.34  5.29  5.02  4.50  4.14  3.98  3.39  2.82  2.07  1.73  1.17  0.45  0.20  0.10  0.06  0.04  0.03  0.03
 6 -85  0.06  0.18  0.29  0.58  1.11  1.59  2.41  3.64  4.80  5.62  5.63  5.43  5.09  4.57  4.20  4.01  3.43  2.84  2.07  1.73  1.17  0.44  0.20  0.10  0.06  0.04  0.03  0.03
 6 -80  0.06  0.18  0.30  0.58  1.11  1.60  2.43  3.67  4.84  5.67  5.70  5.48  5.12  4.57  4.20  4.01  3.43  2.84  2.07  1.73  1.16  0.44  0.20  0.10  0.06  0.04  0.03  0.03
 6 -75  0.06  0.18  0.30  0.58  1.12  1.62  2.47  3.82  5.03  5.89  6.12  6.02  5.65  5.05  4.51  4.19  3.60  2.84  2.04  1.70  1.15  0.43  0.20  0.10  0.06  0.04  0.03  0.03
 6 -70  0.06  0.18  0.30  0.59  1.14  1.65  2.54  4.05  5.30  6.18  6.57  6.51  6.13  5.52  4.82  4.39  3.78  2.84  2.01  1.68  1.15  0.43  0.19  0.10  0.06  0.04  0.03  0.03
 6 -65  0.06  0.18  0.30  0.60  1.16  1.68  2.62  4.31  5.66  6.59  6.80  6.59  6.21  5.64  5.14  4.84  4.19  2.94  2.02  1.67  1.12  0.46  0.23  0.10  0.06  0.04  0.03  0.03
 6 -60  0.06  0.18  0.30  0.60  1.17  1.70  2.67  4.53  5.97  6.94  6.98  6.65  6.27  5.72  5.44  5.27  4.57  3.02  2.01  1.65  1.09  0.50  0.27  0.10  0.06  0.04  0.03  0.03
 6 -55  0.06  0.18  0.30  0.59  1.15  1.69  2.68  4.69  6.35  7.42  7.36  6.89  6.48  6.03  5.83  5.67  4.73  2.87  1.84  1.51  0.96  0.48  0.28  0.10  0.06  0.04  0.03  0.03
 6 -50  0.06  0.18  0.29  0.58  1.14  1.67  2.66  4.70  6.50  7.68  7.64  7.14  6.75  6.26  6.16  6.05  4.87  2.69  1.60  1.30  0.82  0.45  0.29  0.09  0.06  0.04  0.03  0.03
 6 -45  0.05  0.16  0.27  0.53  1.04  1.53  2.43  4.32  6.17  7.40  7.80  7.52  7.11  6.56  6.24  5.99  4.80  2.59  1.50  1.22  0.77  0.42  0.26  0.09  0.05  0.04  0.03  0.03
 6 -40  0.05  0.14  0.24  0.47  0.93  1.37  2.20  3.95  5.86  7.16  8.00  7.96  7.54  6.90  6.36  5.94  4.73  2.49  1.40  1.14  0.71  0.38  0.23  0.08  0.05  0.04  0.03  0.03
 6 -35  0.04  0.13  0.22  0.43  0.85  1.25  2.01  3.65  5.45  6.70  7.83  8.16  7.89  7.35  6.74  6.29  4.81  2.25  1.11  0.89  0.53  0.28  0.12  0.07  0.05  0.04  0.03  0.03
 6 -30  0.04  0.12  0.20  0.39  0.77  1.14  1.84  3.37  5.04  6.21  7.66  8.37  8.28  7.81  7.13  6.62  4.87  2.00  0.82  0.64  0.35  0.18  0.07  0.05  0.05  0.04  0.04  0.03
 6 -25  0.04  0.11  0.19  0.38  0.74  1.10  1.77  3.24  4.82  5.95  7.48  8.44  8.53  8.21  7.37  6.75  4.66  1.77  0.64  0.49  0.25  0.07  0.05  0.04  0.04  0.04  0.04  0.04
 6 -20  0.04  0.11  0.19  0.37  0.72  1.07  1.72  3.12  4.58  5.64  7.28  8.53  8.80  8.56  7.60  6.88  4.45  1.55  0.47  0.35  0.15  0.05  0.04  0.04  0.04  0.04  0.04  0.04
 6 -15  0.04  0.11  0.18  0.36  0.70  1.04  1.68  3.12  4.53  5.55  7.17  8.58  9.02  8.91  7.76  6.93  4.25  1.43  0.44  0.34  0.14  0.04  0.03  0.03  0.03  0.04  0.04  0.04
 6 -10  0.04  0.11  0.18  0.36  0.70  1.04  1.67  3.08  4.47  5.45  7.07  8.66  9.25  9.28  7.94  6.99  4.06  1.32  0.41  0.32  0.14  0.04  0.03  0.03  0.03  0.03  0.04  0.03
 6  -5  0.04  0.11  0.18  0.35  0.70  1.03  1.67  3.08  4.46  5.44  7.04  8.75  9.44  9.49  8.14  7.20  4.13  1.25  0.38  0.29  0.14  0.04  0.03  0.03  0.03  0.03  0.03  0.03
 6   0  0.03  0.10  0.17  0.34  0.67  1.00  1.63  3.09  4.45  5.43  7.05  8.81  9.58  9.64  8.31  7.43  4.21  1.21  0.35  0.28  0.14  0.04  0.03  0.03  0.03  0.03  0.03  0.03
 6   5  0.03  0.10  0.17  0.34  0.67  1.00  1.63  3.07  4.43  5.44  7.13  8.92  9.61  9.66  8.36  7.46  4.38  1.36  0.47  0.37  0.19  0.04  0.03  0.03  0.03  0.04  0.03  0.03
 6  10  0.03  0.10  0.17  0.33  0.66  0.98  1.60  3.08  4.47  5.49  7.24  9.05  9.70  9.73  8.41  7.48  4.53  1.51  0.58  0.46  0.23  0.04  0.03  0.03  0.04  0.04  0.04  0.03
 6  15  0.03  0.10  0.17  0.33  0.66  0.97  1.60  3.06  4.44  5.44  7.23  9.05  9.66  9.58  8.22  7.26  4.43  1.58  0.61  0.49  0.25  0.05  0.04  0.04  0.04  0.05  0.05  0.04
 6  20  0.03  0.10  0.17  0.34  0.66  0.98  1.61  3.04  4.41  5.41  7.25  9.03  9.58  9.42  8.01  7.04  4.35  1.66  0.65  0.52  0.27  0.07  0.05  0.05  0.05  0.05  0.05  0.04
 6  25  0.03  0.10  0.16  0.33  0.65  0.97  1.58  2.99  4.35  5.33  7.14  8.91  9.45  9.27  8.01  7.17  4.51  1.80  0.70  0.55  0.29  0.10  0.06  0.06  0.06  0.06  0.05  0.04
 6  30  0.03  0.10  0.16  0.32  0.63  0.94  1.55  2.96  4.28  5.26  7.04  8.79  9.30  9.10  8.01  7.29  4.65  1.94  0.75  0.59  0.32  0.14  0.08  0.07  0.06  0.06  0.05  0.05
 6  35  0.03  0.10  0.16  0.32  0.63  0.93  1.52  2.88  4.16  5.12  6.88  8.60  9.07  8.84  7.72  6.98  4.62  2.19  1.01  0.81  0.47  0.21  0.11  0.08  0.07  0.06  0.06  0.05
 6  40  0.03  0.09  0.16  0.31  0.62  0.92  1.49  2.80  4.09  5.03  6.78  8.41  8.83  8.57  7.42  6.66  4.59  2.45  1.27  1.03  0.62  0.35  0.17  0.10  0.08  0.06  0.06  0.05
 6  45  0.03  0.09  0.15  0.30  0.60  0.89  1.45  2.74  3.97  4.88  6.56  8.18  8.58  8.27  7.13  6.39  4.58  2.60  1.48  1.21  0.77  0.45  0.27  0.14  0.09  0.07  0.06  0.05
 6  50  0.03  0.09  0.14  0.29  0.57  0.85  1.40  2.68  3.87  4.74  6.39  7.96  8.33  7.97  6.84  6.11  4.58  2.75  1.67  1.39  0.93  0.56  0.36  0.16  0.10  0.07  0.06  0.05
 6  55  0.03  0.08  0.14  0.28  0.55  0.82  1.34  2.59  3.70  4.53  6.16  7.70  8.00  7.60  6.53  5.83  4.40  2.83  1.76  1.45  0.97  0.59  0.40  0.19  0.11  0.07  0.06  0.05
 6  60  0.03  0.08  0.14  0.27  0.55  0.81  1.34  2.58  3.76  4.61  6.15  7.51  7.71  7.18  6.23  5.62  4.27  2.96  1.89  1.55  1.02  0.62  0.44  0.26  0.13  0.08  0.06  0.05
 6  65  0.03  0.08  0.13  0.27  0.53  0.79  1.29  2.49  3.64  4.46  5.93  7.15  7.24  6.64  5.67  5.05  3.96  2.95  1.99  1.65  1.11  0.66  0.49  0.29  0.14  0.08  0.06  0.05
 6  70  0.03  0.08  0.13  0.26  0.51  0.76  1.25  2.40  3.53  4.32  5.73  6.82  6.79  6.12  5.12  4.47  3.66  2.94  2.09  1.75  1.21  0.70  0.55  0.33  0.16  0.09  0.07  0.05
 6  75  0.02  0.07  0.12  0.25  0.49  0.73  1.20  2.30  3.46  4.26  5.72  6.65  6.49  5.75  4.86  4.29  3.69  2.98  2.14  1.80  1.26  0.72  0.56  0.35  0.18  0.09  0.07  0.05
 6  80  0.02  0.07  0.12  0.24  0.47  0.70  1.15  2.21  3.38  4.21  5.70  6.49  6.20  5.38  4.60  4.10  3.72  3.01  2.18  1.85  1.32  0.75  0.58  0.37  0.20  0.09  0.07  0.05
 6  85  0.02  0.07  0.12  0.24  0.47  0.70  1.14  2.19  3.36  4.17  5.65  6.45  6.17  5.36  4.58  4.08  3.71  3.01  2.18  1.86  1.32  0.75  0.59  0.37  0.20  0.10  0.07  0.05
 6  90  0.02  0.07  0.12  0.23  0.46  0.69  1.13  2.16  3.28  4.07  5.53  6.36  6.12  5.36  4.55  4.03  3.64  2.98  2.15  1.83  1.31  0.75  0.60  0.38  0.21  0.10  0.07  0.06
 7 -90  0.05  0.16  0.26  0.51  0.96  1.37  2.05  2.91  4.07  4.88  5.25  5.46  5.34  4.85  4.36  4.04  3.65  2.79  2.05  1.69  1.09  0.44  0.18  0.08  0.05  0.03  0.03  0.03
 7 -85  0.05  0.16  0.26  0.52  0.99  1.41  2.11  3.02  4.24  5.09  5.50  5.62  5.44  4.89  4.44  4.11  3.71  2.84  2.08  1.70  1.10  0.43  0.19  0.08  0.05  0.03  0.03  0.03
 7 -80  0.05  0.16  0.27  0.52  1.00  1.42  2.13  3.07  4.30  5.15  5.55  5.67  5.48  4.90  4.44  4.12  3.73  2.85  2.09  1.70  1.10  0.43  0.19  0.08  0.05  0.03  0.03  0.03
 7 -75  0.05  0.15  0.25  0.50  0.95  1.36  2.04  2.98  4.26  5.14  5.74  6.16  6.05  5.47  4.73  4.22  3.63  2.86  2.09  1.72  1.13  0.44  0.20  0.09  0.05  0.04  0.03  0.03
 7 -70  0.05  0.14  0.24  0.47  0.90  1.29  1.95  2.93  4.28  5.22  6.04  6.67  6.59  5.99  5.00  4.32  3.56  2.89  2.12  1.75  1.16  0.45  0.21  0.09  0.05  0.04  0.03  0.03
 7 -65  0.05  0.15  0.25  0.49  0.95  1.37  2.11  3.37  4.82  5.85  6.54  6.82  6.52  5.87  5.27  4.89  4.16  3.04  2.11  1.75  1.19  0.48  0.23  0.10  0.06  0.04  0.03  0.03
 7 -60  0.05  0.15  0.26  0.50  0.98  1.43  2.24  3.78  5.30  6.39  6.92  6.86  6.41  5.74  5.51  5.40  4.71  3.15  2.08  1.74  1.21  0.51  0.27  0.10  0.06  0.04  0.03  0.03
 7 -55  0.05  0.15  0.25  0.49  0.97  1.42  2.26  4.01  5.69  6.83  7.33  7.11  6.63  6.06  5.94  5.87  4.88  3.02  1.94  1.61  1.06  0.49  0.28  0.10  0.06  0.04  0.03  0.03
 7 -50  0.05  0.15  0.25  0.49  0.96  1.42  2.27  4.10  5.88  7.07  7.62  7.37  6.89  6.30  6.33  6.32  5.04  2.85  1.72  1.41  0.89  0.45  0.29  0.09  0.05  0.04  0.03  0.03
 7 -45  0.05  0.14  0.24  0.47  0.92  1.36  2.18  3.92  5.70  6.92  7.74  7.71  7.27  6.67  6.42  6.25  5.02  2.82  1.65  1.34  0.83  0.41  0.26  0.08  0.05  0.04  0.03  0.03
 7 -40  0.04  0.13  0.22  0.44  0.87  1.28  2.06  3.74  5.56  6.81  7.93  8.13  7.75  7.09  6.57  6.17  5.00  2.81  1.59  1.27  0.75  0.37  0.24  0.09  0.05  0.04  0.04  0.03
 7 -35  0.04  0.13  0.21  0.41  0.81  1.20  1.94  3.54  5.28  6.50  7.80  8.28  8.02  7.46  6.74  6.22  4.93  2.56  1.30  1.02  0.57  0.28  0.18  0.09  0.06  0.04  0.04  0.03
 7 -30  0.04  0.12  0.19  0.39  0.76  1.13  1.82  3.35  4.99  6.15  7.66  8.44  8.33  7.84  6.93  6.27  4.85  2.31  1.02  0.79  0.40  0.20  0.09  0.07  0.05  0.04  0.04  0.04
 7 -25  0.04  0.12  0.19  0.38  0.75  1.10  1.77  3.24  4.82  5.97  7.57  8.52  8.51  8.11  7.17  6.50  4.69  1.99  0.79  0.60  0.29  0.08  0.06  0.05  0.05  0.04  0.04  0.04
 7 -20  0.04  0.11  0.19  0.38  0.74  1.08  1.74  3.13  4.64  5.75  7.44  8.59  8.71  8.35  7.39  6.72  4.52  1.70  0.57  0.42  0.18  0.06  0.04  0.04  0.04  0.04  0.04  0.04
 7 -15  0.04  0.11  0.18  0.36  0.71  1.05  1.70  3.13  4.60  5.65  7.36  8.68  8.98  8.72  7.65  6.93  4.24  1.50  0.51  0.39  0.17  0.05  0.04  0.04  0.04  0.04  0.04  0.04
 7 -10  0.04  0.11  0.18  0.36  0.71  1.04  1.68  3.09  4.54  5.57  7.27  8.80  9.28  9.16  7.96  7.16  3.95  1.29  0.46  0.35  0.17  0.04  0.03  0.03  0.03  0.04  0.04  0.04
 7  -5  0.04  0.11  0.18  0.36  0.70  1.04  1.68  3.08  4.52  5.55  7.22  8.89  9.51  9.43  8.01  7.09  4.01  1.25  0.45  0.35  0.17  0.04  0.03  0.03  0.03  0.04  0.04  0.03
 7   0  0.03  0.10  0.17  0.34  0.67  0.99  1.63  3.11  4.52  5.55  7.25  9.01  9.71  9.66  8.07  7.05  4.09  1.23  0.45  0.35  0.18  0.04  0.03  0.03  0.03  0.03  0.04  0.03
 7   5  0.03  0.10  0.17  0.34  0.68  1.01  1.64  3.09  4.51  5.55  7.32  9.09  9.74  9.71  8.25  7.29  4.33  1.43  0.57  0.44  0.21  0.04  0.03  0.03  0.03  0.03  0.03  0.03
 7  10  0.03  0.10  0.17  0.33  0.66  0.99  1.62  3.10  4.54  5.59  7.41  9.21  9.81  9.78  8.44  7.51  4.56  1.63  0.69  0.52  0.23  0.04  0.03  0.03  0.03  0.04  0.03  0.03
 7  15  0.03  0.10  0.17  0.34  0.67  0.99  1.62  3.10  4.54  5.57  7.41  9.16  9.70  9.59  8.29  7.37  4.54  1.69  0.70  0.53  0.24  0.05  0.04  0.04  0.04  0.05  0.04  0.03
 7  20  0.03  0.10  0.17  0.34  0.68  1.01  1.64  3.09  4.52  5.54  7.41  9.12  9.59  9.42  8.14  7.24  4.55  1.75  0.72  0.55  0.24  0.07  0.05  0.05  0.05  0.05  0.05  0.04
 7  25  0.03  0.10  0.17  0.34  0.67  0.99  1.62  3.08  4.49  5.50  7.31  8.98  9.43  9.24  7.98  7.11  4.52  1.89  0.77  0.59  0.26  0.09  0.06  0.06  0.06  0.06  0.05  0.04
 7  30  0.03  0.10  0.17  0.33  0.66  0.98  1.60  3.07  4.44  5.46  7.24  8.85  9.26  9.05  7.81  6.97  4.49  2.02  0.82  0.62  0.26  0.11  0.07  0.06  0.06  0.06  0.05  0.04
 7  35  0.03  0.10  0.17  0.33  0.65  0.97  1.58  2.99  4.33  5.32  7.06  8.62  9.01  8.78  7.59  6.80  4.48  2.16  0.99  0.76  0.38  0.15  0.09  0.07  0.07  0.06  0.05  0.04
 7  40  0.03  0.10  0.16  0.32  0.64  0.95  1.54  2.92  4.25  5.22  6.92  8.40  8.75  8.50  7.37  6.62  4.46  2.30  1.17  0.91  0.49  0.20  0.11  0.08  0.07  0.06  0.05  0.05
 7  45  0.03  0.09  0.16  0.31  0.62  0.92  1.50  2.83  4.11  5.04  6.69  8.16  8.49  8.19  7.08  6.35  4.46  2.43  1.32  1.06  0.63  0.31  0.17  0.10  0.08  0.06  0.06  0.05
 7  50  0.03  0.09  0.15  0.30  0.59  0.87  1.43  2.75  3.97  4.87  6.48  7.92  8.22  7.87  6.77  6.07  4.46  2.56  1.47  1.20  0.77  0.42  0.27  0.13  0.09  0.07  0.06  0.05
 7  55  0.03  0.08  0.14  0.28  0.56  0.83  1.37  2.66  3.79  4.64  6.24  7.66  7.90  7.50  6.39  5.66  4.25  2.61  1.55  1.28  0.85  0.48  0.32  0.17  0.11  0.07  0.06  0.05
 7  60  0.03  0.08  0.14  0.28  0.55  0.82  1.35  2.62  3.83  4.69  6.21  7.47  7.62  7.09  6.03  5.35  4.12  2.71  1.70  1.40  0.93  0.53  0.37  0.19  0.12  0.07  0.06  0.05
 7  65  0.03  0.08  0.13  0.27  0.53  0.79  1.30  2.52  3.69  4.51  5.95  7.07  7.10  6.51  5.44  4.74  3.75  2.71  1.79  1.49  1.02  0.57  0.41  0.25  0.12  0.08  0.06  0.05
 7  70  0.03  0.08  0.13  0.26  0.51  0.76  1.25  2.41  3.54  4.32  5.68  6.66  6.59  5.93  4.85  4.13  3.39  2.71  1.88  1.58  1.10  0.60  0.45  0.28  0.14  0.08  0.06  0.05
 7  75  0.02  0.07  0.12  0.24  0.49  0.72  1.19  2.30  3.45  4.24  5.61  6.42  6.22  5.51  4.57  3.94  3.36  2.76  1.94  1.63  1.13  0.61  0.48  0.29  0.15  0.08  0.06  0.05
 7  80  0.02  0.07  0.12  0.23  0.46  0.69  1.13  2.17  3.36  4.17  5.55  6.19  5.87  5.10  4.29  3.76  3.32  2.79  2.00  1.68  1.16  0.61  0.50  0.31  0.16  0.09  0.06  0.05
 7  85  0.02  0.07  0.12  0.23  0.46  0.68  1.12  2.15  3.33  4.14  5.51  6.14  5.82  5.07  4.28  3.76  3.32  2.79  2.00  1.67  1.16  0.61  0.50  0.31  0.18  0.09  0.07  0.05
 7  90  0.02  0.07  0.12  0.23  0.46  0.68  1.11  2.14  3.26  4.06  5.42  6.03  5.73  5.02  4.23  3.72  3.25  2.75  1.97  1.65  1.14  0.61  0.51  0.31  0.18  0.09  0.06  0.05
 8 -90  0.04  0.12  0.21  0.40  0.77  1.10  1.66  2.43  3.44  4.15  5.11  6.31  6.34  5.65  4.57  3.64  3.02  2.59  1.90  1.57  1.05  0.44  0.15  0.07  0.05  0.04  0.03  0.03
 8 -85  0.04  0.13  0.21  0.42  0.80  1.14  1.72  2.55  3.69  4.46  5.43  6.45  6.45  5.68  4.60  3.74  3.14  2.68  1.94  1.61  1.06  0.43  0.16  0.07  0.05  0.04  0.03  0.03
 8 -80  0.04  0.13  0.22  0.42  0.81  1.16  1.76  2.63  3.80  4.60  5.55  6.50  6.48  5.70  4.63  3.77  3.18  2.72  1.96  1.62  1.06  0.43  0.16  0.08  0.05  0.04  0.03  0.03
 8 -75  0.04  0.13  0.22  0.44  0.84  1.21  1.86  2.92  4.13  4.96  5.82  6.50  6.44  5.80  4.83  4.09  3.40  2.84  2.03  1.68  1.13  0.46  0.16  0.07  0.05  0.04  0.03  0.03
 8 -70  0.04  0.13  0.22  0.44  0.85  1.23  1.92  3.17  4.42  5.30  6.10  6.55  6.43  5.89  4.96  4.35  3.63  2.99  2.13  1.77  1.21  0.49  0.16  0.08  0.05  0.04  0.03  0.03
 8 -65  0.04  0.13  0.21  0.42  0.83  1.21  1.92  3.31  4.68  5.65  6.53  6.90  6.68  6.03  5.31  4.93  4.20  3.22  2.15  1.78  1.19  0.50  0.18  0.08  0.05  0.04  0.03  0.03
 8 -60  0.04  0.13  0.21  0.42  0.82  1.20  1.93  3.45  4.91  5.96  6.89  7.12  6.83  6.13  5.68  5.50  4.70  3.36  2.12  1.75  1.16  0.52  0.28  0.09  0.06  0.04  0.03  0.03
 8 -55  0.04  0.13  0.21  0.42  0.82  1.21  1.97  3.65  5.29  6.40  7.35  7.49  7.16  6.57  6.12  5.85  4.95  3.34  2.06  1.71  1.11  0.51  0.29  0.10  0.06  0.04  0.04  0.03
 8 -50  0.04  0.13  0.21  0.42  0.83  1.23  2.00  3.75  5.49  6.69  7.73  7.91  7.56  6.92  6.52  6.22  5.20  3.30  1.91  1.58  1.04  0.49  0.31  0.10  0.06  0.04  0.04  0.03
 8 -45  0.04  0.13  0.21  0.42  0.83  1.23  1.99  3.68  5.42  6.65  7.81  8.15  7.83  7.19  6.58  6.16  5.15  3.19  1.79  1.47  0.95  0.46  0.30  0.10  0.06  0.04  0.04  0.03
 8 -40  0.04  0.13  0.21  0.41  0.82  1.21  1.96  3.62  5.40  6.62  7.94  8.45  8.19  7.54  6.69  6.10  5.09  3.10  1.69  1.37  0.86  0.42  0.28  0.10  0.06  0.04  0.04  0.04
 8 -35  0.04  0.12  0.20  0.40  0.78  1.16  1.87  3.47  5.19  6.41  7.87  8.57  8.38  7.75  6.81  6.16  4.98  2.79  1.37  1.10  0.65  0.32  0.22  0.10  0.06  0.05  0.04  0.04
 8 -30  0.04  0.11  0.19  0.38  0.74  1.10  1.78  3.32  4.97  6.16  7.78  8.68  8.58  7.99  6.94  6.22  4.85  2.48  1.07  0.84  0.46  0.22  0.10  0.07  0.06  0.05  0.04  0.04
 8 -25  0.04  0.11  0.19  0.37  0.73  1.08  1.74  3.19  4.79  5.95  7.69  8.81  8.82  8.29  7.19  6.44  4.71  2.13  0.79  0.61  0.31  0.08  0.06  0.05  0.05  0.05  0.05  0.04
 8 -20  0.04  0.11  0.19  0.37  0.72  1.06  1.71  3.08  4.60  5.73  7.56  8.92  9.05  8.56  7.40  6.62  4.57  1.80  0.53  0.40  0.18  0.06  0.05  0.04  0.04  0.04  0.05  0.04
 8 -15  0.04  0.11  0.18  0.35  0.69  1.02  1.65  3.06  4.53  5.57  7.41  8.98  9.32  8.95  7.68  6.87  4.26  1.56  0.51  0.38  0.16  0.05  0.04  0.04  0.04  0.04  0.04  0.04
 8 -10  0.03  0.10  0.17  0.34  0.68  1.00  1.63  3.02  4.43  5.44  7.28  9.07  9.64  9.44  8.05  7.16  3.95  1.31  0.48  0.35  0.14  0.04  0.04  0.03  0.04  0.04  0.04  0.04
 8  -5  0.03  0.10  0.17  0.34  0.67  1.00  1.62  3.01  4.39  5.40  7.20  9.12  9.86  9.75  8.20  7.24  3.93  1.27  0.48  0.36  0.15  0.04  0.03  0.03  0.03  0.04  0.04  0.04
 8   0  0.03  0.10  0.16  0.32  0.64  0.95  1.57  3.04  4.39  5.39  7.20  9.23 10.09 10.02  8.37  7.34  3.95  1.24  0.48  0.36  0.15  0.04  0.03  0.03  0.03  0.04  0.04  0.03
 8   5  0.03  0.10  0.17  0.33  0.66  0.97  1.59  3.02  4.40  5.41  7.28  9.27 10.05 10.01  8.45  7.44  4.23  1.40  0.59  0.44  0.17  0.04  0.03  0.03  0.03  0.04  0.03  0.03
 8  10  0.03  0.10  0.16  0.33  0.65  0.97  1.58  3.03  4.45  5.48  7.39  9.36 10.06 10.03  8.55  7.53  4.51  1.57  0.69  0.51  0.20  0.04  0.03  0.03  0.04  0.04  0.04  0.03
 8  15  0.03  0.10  0.17  0.33  0.66  0.98  1.61  3.06  4.52  5.55  7.47  9.29  9.86  9.74  8.36  7.38  4.49  1.64  0.72  0.52  0.20  0.05  0.04  0.04  0.04  0.04  0.04  0.03
 8  20  0.03  0.10  0.17  0.34  0.68  1.01  1.64  3.08  4.55  5.62  7.55  9.25  9.68  9.50  8.18  7.24  4.49  1.72  0.74  0.55  0.21  0.06  0.05  0.05  0.05  0.05  0.05  0.04
 8  25  0.03  0.10  0.17  0.34  0.67  1.00  1.64  3.11  4.60  5.67  7.51  9.10  9.48  9.26  7.99  7.09  4.46  1.84  0.78  0.57  0.23  0.08  0.06  0.06  0.06  0.06  0.05  0.04
 8  30  0.03  0.10  0.17  0.34  0.67  1.00  1.64  3.14  4.63  5.71  7.52  8.98  9.27  9.02  7.79  6.94  4.44  1.96  0.81  0.60  0.24  0.10  0.07  0.06  0.06  0.06  0.05  0.04
 8  35  0.03  0.10  0.17  0.34  0.67  1.00  1.63  3.09  4.54  5.61  7.36  8.74  9.00  8.72  7.56  6.77  4.43  2.05  0.94  0.71  0.32  0.12  0.08  0.07  0.06  0.06  0.05  0.04
 8  40  0.03  0.10  0.17  0.33  0.66  0.98  1.61  3.06  4.50  5.53  7.24  8.51  8.72  8.42  7.32  6.58  4.40  2.15  1.06  0.81  0.41  0.15  0.10  0.08  0.07  0.06  0.05  0.04
 8  45  0.03  0.10  0.17  0.33  0.65  0.97  1.58  2.98  4.38  5.40  7.08  8.31  8.47  8.09  7.01  6.29  4.30  2.27  1.22  0.96  0.54  0.24  0.13  0.09  0.07  0.06  0.05  0.05
 8  50  0.03  0.10  0.16  0.32  0.63  0.94  1.53  2.92  4.28  5.28  6.93  8.08  8.19  7.73  6.68  5.99  4.21  2.40  1.38  1.11  0.68  0.32  0.20  0.11  0.08  0.06  0.05  0.05
 8  55  0.03  0.09  0.15  0.30  0.60  0.89  1.47  2.84  4.13  5.11  6.76  7.88  7.90  7.36  6.30  5.60  3.98  2.49  1.50  1.22  0.77  0.37  0.23  0.15  0.10  0.07  0.06  0.05
 8  60  0.03  0.09  0.15  0.30  0.59  0.88  1.46  2.83  4.21  5.21  6.80  7.74  7.62  6.93  5.95  5.32  3.83  2.65  1.69  1.36  0.85  0.41  0.27  0.17  0.11  0.07  0.06  0.05
 8  65  0.03  0.09  0.15  0.29  0.58  0.86  1.42  2.76  4.10  5.06  6.52  7.24  7.01  6.27  5.34  4.76  3.59  2.67  1.78  1.45  0.93  0.46  0.32  0.20  0.11  0.07  0.06  0.05
 8  70  0.03  0.09  0.14  0.28  0.56  0.84  1.38  2.67  3.96  4.88  6.20  6.71  6.37  5.59  4.74  4.19  3.35  2.69  1.87  1.53  1.01  0.51  0.37  0.22  0.11  0.07  0.06  0.05
 8  75  0.03  0.08  0.14  0.28  0.55  0.83  1.36  2.63  3.89  4.77  5.86  6.10  5.65  4.90  4.26  3.86  3.32  2.70  1.91  1.58  1.05  0.53  0.38  0.23  0.12  0.07  0.06  0.05
 8  80  0.03  0.08  0.14  0.28  0.55  0.82  1.34  2.59  3.83  4.68  5.55  5.49  4.95  4.21  3.79  3.53  3.29  2.71  1.95  1.62  1.09  0.56  0.39  0.24  0.13  0.08  0.06  0.05
 8  85  0.03  0.08  0.14  0.28  0.55  0.81  1.34  2.58  3.83  4.66  5.48  5.41  4.89  4.19  3.79  3.55  3.31  2.72  1.95  1.62  1.09  0.56  0.39  0.24  0.14  0.08  0.06  0.05
 8  90  0.03  0.08  0.14  0.27  0.55  0.81  1.33  2.57  3.81  4.62  5.39  5.26  4.75  4.11  3.73  3.50  3.25  2.67  1.93  1.61  1.09  0.56  0.39  0.23  0.14  0.08  0.06  0.05
 9 -90  0.04  0.12  0.20  0.39  0.75  1.09  1.71  2.87  4.15  5.01  5.58  5.97  5.82  5.37  4.64  3.94  2.46  1.77  1.33  1.14  0.79  0.41  0.09  0.05  0.04  0.04  0.03  0.03
 9 -85  0.04  0.12  0.20  0.39  0.76  1.10  1.72  2.89  4.23  5.17  5.78  6.10  5.93  5.44  4.64  4.03  2.66  1.95  1.40  1.18  0.81  0.41  0.10  0.06  0.04  0.04  0.03  0.03
 9 -80  0.04  0.12  0.20  0.39  0.76  1.10  1.72  2.90  4.26  5.25  5.92  6.23  6.02  5.46  4.64  4.06  2.73  2.02  1.44  1.21  0.83  0.42  0.12  0.06  0.05  0.04  0.03  0.03
 9 -75  0.04  0.12  0.19  0.38  0.74  1.08  1.70  2.94  4.31  5.32  6.30  6.68  6.42  5.78  4.87  4.32  3.02  2.26  1.61  1.34  0.93  0.46  0.14  0.07  0.05  0.04  0.03  0.03
 9 -70  0.04  0.11  0.18  0.37  0.72  1.05  1.68  2.98  4.29  5.30  6.56  7.01  6.77  6.10  5.08  4.50  3.26  2.47  1.77  1.49  1.03  0.50  0.16  0.08  0.05  0.04  0.03  0.03
 9 -65  0.04  0.11  0.18  0.36  0.71  1.05  1.69  3.09  4.46  5.50  6.85  7.35  7.18  6.57  5.70  5.18  3.93  2.89  1.98  1.65  1.12  0.54  0.26  0.08  0.05  0.04  0.03  0.03
 9 -60  0.04  0.11  0.18  0.37  0.72  1.07  1.73  3.20  4.66  5.76  7.16  7.70  7.54  6.94  6.31  5.90  4.56  3.21  2.11  1.76  1.19  0.58  0.29  0.09  0.06  0.04  0.04  0.03
 9 -55  0.04  0.11  0.19  0.38  0.74  1.10  1.79  3.37  4.97  6.11  7.47  7.99  7.82  7.32  6.65  6.17  4.89  3.33  2.13  1.75  1.12  0.57  0.30  0.09  0.06  0.04  0.04  0.03
 9 -50  0.04  0.11  0.19  0.38  0.75  1.12  1.82  3.46  5.12  6.32  7.73  8.34  8.18  7.62  6.93  6.43  5.24  3.47  2.07  1.68  1.02  0.54  0.30  0.10  0.06  0.04  0.04  0.04
 9 -45  0.04  0.12  0.19  0.38  0.75  1.12  1.82  3.42  5.10  6.32  7.80  8.50  8.35  7.74  6.89  6.32  5.14  3.31  1.92  1.54  0.91  0.49  0.29  0.10  0.06  0.05  0.04  0.04
 9 -40  0.04  0.11  0.19  0.38  0.75  1.11  1.80  3.38  5.10  6.32  7.93  8.73  8.60  7.94  6.90  6.20  5.04  3.18  1.79  1.41  0.81  0.44  0.28  0.09  0.06  0.05  0.04  0.04
 9 -35  0.04  0.11  0.18  0.37  0.72  1.07  1.74  3.28  4.95  6.17  7.89  8.88  8.80  8.15  6.99  6.22  4.93  2.83  1.46  1.13  0.59  0.32  0.22  0.09  0.06  0.05  0.04  0.04
 9 -30  0.04  0.11  0.18  0.35  0.70  1.03  1.68  3.18  4.79  5.98  7.83  9.01  9.01  8.38  7.10  6.23  4.81  2.47  1.15  0.86  0.40  0.21  0.11  0.08  0.06  0.05  0.05  0.04
 9 -25  0.04  0.11  0.18  0.35  0.69  1.03  1.66  3.08  4.62  5.77  7.69  9.10  9.24  8.68  7.33  6.42  4.75  2.20  0.92  0.69  0.30  0.09  0.06  0.05  0.05  0.05  0.05  0.05
 9 -20  0.04  0.10  0.17  0.35  0.68  1.01  1.63  3.00  4.46  5.56  7.51  9.16  9.45  8.96  7.53  6.59  4.68  1.95  0.71  0.53  0.21  0.06  0.05  0.04  0.04  0.05  0.05  0.05
 9 -15  0.03  0.10  0.17  0.33  0.66  0.97  1.59  2.99  4.38  5.38  7.28  9.12  9.63  9.28  7.78  6.84  4.37  1.65  0.61  0.45  0.18  0.05  0.04  0.04  0.04  0.05  0.05  0.05
 9 -10  0.03  0.10  0.16  0.32  0.64  0.95  1.56  2.97  4.29  5.23  7.08  9.12  9.86  9.72  8.11  7.11  4.03  1.34  0.51  0.37  0.15  0.04  0.04  0.04  0.04  0.04  0.04  0.04
 9  -5  0.03  0.10  0.16  0.32  0.64  0.95  1.56  2.96  4.25  5.18  6.97  9.11 10.04 10.02  8.21  7.11  3.94  1.29  0.50  0.37  0.15  0.04  0.03  0.03  0.04  0.04  0.04  0.04
 9   0  0.03  0.09  0.15  0.31  0.61  0.92  1.52  2.98  4.25  5.17  6.97  9.17 10.22 10.29  8.35  7.14  3.89  1.25  0.50  0.37  0.15  0.04  0.03  0.03  0.03  0.04  0.04  0.03
 9   5  0.03  0.10  0.16  0.32  0.63  0.94  1.55  2.97  4.27  5.21  7.06  9.19 10.14 10.24  8.48  7.34  4.18  1.39  0.57  0.42  0.16  0.04  0.03  0.03  0.03  0.04  0.03  0.03
 9  10  0.03  0.10  0.16  0.32  0.64  0.95  1.55  2.99  4.34  5.31  7.19  9.27 10.11 10.18  8.60  7.53  4.45  1.53  0.64  0.47  0.17  0.04  0.03  0.03  0.04  0.04  0.04  0.03
 9  15  0.03  0.10  0.16  0.33  0.65  0.96  1.58  3.01  4.43  5.43  7.34  9.24  9.89  9.83  8.40  7.39  4.43  1.56  0.65  0.47  0.18  0.04  0.04  0.04  0.04  0.04  0.04  0.03
 9  20  0.03  0.10  0.17  0.34  0.67  0.99  1.61  3.02  4.48  5.53  7.48  9.24  9.70  9.54  8.21  7.25  4.42  1.59  0.66  0.48  0.18  0.05  0.04  0.04  0.05  0.05  0.05  0.04
 9  25  0.03  0.10  0.17  0.33  0.66  0.98  1.61  3.07  4.57  5.64  7.50  9.09  9.45  9.23  8.08  7.24  4.45  1.67  0.69  0.50  0.19  0.07  0.05  0.05  0.05  0.05  0.05  0.04
 9  30  0.03  0.10  0.17  0.34  0.67  0.99  1.62  3.10  4.63  5.74  7.58  8.97  9.19  8.92  7.93  7.24  4.50  1.75  0.71  0.52  0.20  0.09  0.06  0.05  0.05  0.05  0.05  0.04
 9  35  0.03  0.10  0.17  0.34  0.67  1.00  1.64  3.11  4.65  5.77  7.53  8.73  8.88  8.54  7.54  6.86  4.41  1.93  0.90  0.67  0.29  0.11  0.07  0.06  0.06  0.05  0.05  0.04
 9  40  0.03  0.10  0.17  0.34  0.68  1.01  1.65  3.14  4.70  5.82  7.51  8.51  8.55  8.18  7.14  6.44  4.30  2.11  1.08  0.81  0.38  0.14  0.09  0.07  0.06  0.06  0.05  0.05
 9  45  0.03  0.10  0.17  0.35  0.69  1.02  1.66  3.14  4.72  5.86  7.49  8.32  8.23  7.75  6.78  6.13  4.21  2.25  1.23  0.96  0.51  0.21  0.13  0.09  0.07  0.06  0.05  0.05
 9  50  0.03  0.10  0.17  0.35  0.69  1.02  1.66  3.15  4.75  5.90  7.46  8.09  7.88  7.31  6.40  5.81  4.15  2.38  1.39  1.11  0.65  0.28  0.17  0.11  0.08  0.06  0.05  0.05
 9  55  0.03  0.10  0.17  0.34  0.67  1.00  1.64  3.17  4.74  5.89  7.40  7.87  7.54  6.87  5.97  5.38  3.97  2.46  1.51  1.22  0.75  0.33  0.21  0.13  0.09  0.06  0.05  0.04
 9  60  0.03  0.10  0.17  0.34  0.68  1.02  1.67  3.24  4.95  6.14  7.53  7.70  7.20  6.38  5.58  5.07  3.87  2.60  1.69  1.36  0.85  0.39  0.25  0.16  0.10  0.06  0.05  0.04
 9  65  0.04  0.11  0.18  0.35  0.69  1.03  1.70  3.29  4.97  6.12  7.24  7.17  6.59  5.76  4.99  4.51  3.63  2.59  1.79  1.46  0.94  0.45  0.29  0.18  0.10  0.06  0.05  0.04
 9  70  0.04  0.11  0.18  0.36  0.71  1.05  1.73  3.34  4.97  6.06  6.92  6.63  5.98  5.15  4.41  3.94  3.38  2.58  1.89  1.55  1.03  0.51  0.33  0.20  0.11  0.06  0.05  0.04
 9  75  0.04  0.11  0.18  0.36  0.72  1.07  1.75  3.36  4.75  5.64  6.12  5.81  5.29  4.63  4.19  3.91  3.34  2.59  1.89  1.56  1.04  0.51  0.33  0.21  0.11  0.06  0.05  0.04
 9  80  0.04  0.11  0.18  0.36  0.72  1.08  1.77  3.38  4.49  5.17  5.29  4.98  4.60  4.12  3.96  3.87  3.29  2.58  1.89  1.57  1.05  0.51  0.34  0.22  0.12  0.06  0.05  0.04
 9  85  0.04  0.11  0.18  0.37  0.73  1.08  1.77  3.40  4.42  5.04  5.14  4.90  4.57  4.11  3.97  3.88  3.28  2.58  1.90  1.57  1.06  0.52  0.35  0.22  0.12  0.06  0.05  0.04
 9  90  0.04  0.11  0.18  0.37  0.73  1.08  1.77  3.38  4.32  4.87  4.93  4.74  4.45  4.06  3.92  3.84  3.23  2.54  1.88  1.56  1.05  0.52  0.35  0.22  0.12  0.06  0.05  0.04
10 -90  0.03  0.09  0.16  0.31  0.61  0.90  1.45  2.67  3.84  4.68  6.15  7.04  6.96  6.30  5.35  4.76  3.27  1.36  1.00  0.93  0.72  0.45  0.09  0.06  0.05  0.04  0.03  0.03
10 -85  0.03  0.09  0.16  0.31  0.61  0.90  1.46  2.68  3.82  4.64  6.04  6.89  6.86  6.25  5.34  4.79  3.45  1.51  1.00  0.88  0.66  0.44  0.10  0.06  0.05  0.04  0.03  0.03
10 -80  0.03  0.09  0.16  0.31  0.61  0.90  1.44  2.65  3.77  4.58  5.99  6.87  6.87  6.27  5.31  4.75  3.45  1.56  1.04  0.92  0.69  0.45  0.11  0.06  0.05  0.04  0.03  0.03
10 -75  0.03  0.09  0.16  0.31  0.61  0.90  1.45  2.66  3.80  4.65  6.09  7.09  7.17  6.64  5.82  5.31  3.86  1.98  1.29  1.12  0.80  0.49  0.25  0.06  0.05  0.04  0.03  0.03
10 -70  0.03  0.09  0.16  0.31  0.61  0.90  1.46  2.69  3.87  4.75  6.21  7.29  7.41  6.94  6.32  5.86  4.21  2.36  1.52  1.31  0.91  0.55  0.28  0.06  0.05  0.04  0.03  0.03
10 -65  0.03  0.10  0.16  0.32  0.63  0.93  1.51  2.80  4.09  5.05  6.54  7.60  7.68  7.22  6.80  6.45  4.74  2.83  1.81  1.53  1.03  0.58  0.30  0.07  0.05  0.04  0.03  0.03
10 -60  0.03  0.10  0.17  0.33  0.65  0.96  1.56  2.91  4.31  5.36  6.90  7.93  7.99  7.50  7.26  7.06  5.26  3.24  2.02  1.67  1.09  0.59  0.31  0.09  0.06  0.04  0.03  0.03
10 -55  0.03  0.10  0.17  0.34  0.66  0.98  1.60  3.02  4.54  5.63  7.19  8.18  8.18  7.76  7.23  6.84  5.28  3.36  2.09  1.71  1.06  0.55  0.30  0.18  0.06  0.04  0.04  0.03
10 -50  0.03  0.10  0.17  0.34  0.67  0.99  1.61  3.06  4.62  5.76  7.41  8.45  8.46  7.94  7.15  6.61  5.30  3.47  2.13  1.72  1.03  0.50  0.29  0.17  0.06  0.04  0.04  0.03
10 -45  0.03  0.10  0.17  0.33  0.66  0.98  1.60  3.05  4.62  5.77  7.51  8.65  8.67  8.07  7.27  6.73  5.38  3.47  2.05  1.64  0.95  0.46  0.27  0.10  0.06  0.05  0.04  0.04
10 -40  0.03  0.10  0.17  0.33  0.66  0.98  1.60  3.04  4.62  5.77  7.62  8.89  8.94  8.28  7.42  6.87  5.48  3.49  1.99  1.57  0.89  0.43  0.26  0.09  0.06  0.05  0.04  0.04
10 -35  0.03  0.10  0.16  0.33  0.65  0.96  1.58  3.00  4.55  5.69  7.61  9.04  9.16  8.53  7.48  6.80  5.21  2.94  1.51  1.18  0.63  0.30  0.15  0.09  0.06  0.05  0.05  0.04
10 -30  0.03  0.10  0.16  0.32  0.64  0.95  1.56  2.98  4.47  5.58  7.56  9.16  9.38  8.81  7.57  6.75  4.93  2.39  1.04  0.79  0.37  0.16  0.11  0.07  0.06  0.05  0.05  0.04
10 -25  0.03  0.10  0.16  0.33  0.65  0.96  1.56  2.94  4.37  5.44  7.42  9.20  9.56  9.10  7.71  6.79  4.69  2.03  0.83  0.62  0.27  0.09  0.07  0.06  0.05  0.05  0.05  0.05
10 -20  0.03  0.10  0.16  0.32  0.64  0.95  1.55  2.93  4.29  5.32  7.28  9.19  9.71  9.37  7.83  6.81  4.43  1.66  0.63  0.46  0.18  0.06  0.05  0.05  0.05  0.05  0.05  0.05
10 -15  0.03  0.09  0.16  0.31  0.62  0.93  1.52  2.93  4.24  5.20  7.10  9.10  9.77  9.56  8.02  7.05  4.22  1.49  0.55  0.41  0.15  0.05  0.04  0.04  0.04  0.05  0.05  0.04
10 -10  0.03  0.09  0.15  0.30  0.61  0.91  1.50  2.93  4.20  5.11  6.93  9.03  9.89  9.87  8.26  7.29  3.99  1.33  0.48  0.35  0.13  0.04  0.04  0.04  0.04  0.04  0.04  0.04
10  -5  0.03  0.09  0.15  0.31  0.61  0.91  1.50  2.93  4.18  5.08  6.81  8.98  9.96 10.04  8.33  7.30  3.91  1.30  0.45  0.34  0.12  0.04  0.03  0.03  0.03  0.04  0.04  0.04
10   0  0.03  0.09  0.15  0.30  0.60  0.90  1.49  2.94  4.19  5.08  6.81  8.97 10.05 10.23  8.45  7.34  3.86  1.27  0.43  0.32  0.12  0.04  0.03  0.03  0.03  0.04  0.04  0.03
10   5  0.03  0.09  0.16  0.31  0.62  0.92  1.52  2.94  4.22  5.12  6.86  8.93  9.94 10.15  8.47  7.38  4.10  1.37  0.51  0.38  0.13  0.04  0.03  0.03  0.03  0.04  0.03  0.03
10  10  0.03  0.10  0.16  0.32  0.63  0.93  1.53  2.96  4.27  5.20  6.97  8.97  9.86 10.06  8.48  7.42  4.33  1.48  0.60  0.43  0.15  0.04  0.03  0.03  0.03  0.04  0.04  0.03
10  15  0.03  0.10  0.16  0.32  0.64  0.95  1.55  2.98  4.34  5.30  7.10  8.94  9.63  9.68  8.24  7.21  4.29  1.51  0.61  0.44  0.15  0.04  0.04  0.04  0.04  0.04  0.04  0.04
10  20  0.03  0.10  0.17  0.33  0.66  0.97  1.59  2.99  4.39  5.38  7.22  8.94  9.45  9.37  8.01  7.02  4.26  1.55  0.63  0.45  0.15  0.05  0.04  0.04  0.04  0.05  0.05  0.04
10  25  0.03  0.10  0.16  0.33  0.65  0.97  1.59  3.06  4.53  5.58  7.34  8.82  9.16  8.98  7.85  7.01  4.32  1.62  0.66  0.48  0.17  0.06  0.05  0.05  0.05  0.05  0.05  0.05
10  30  0.03  0.10  0.17  0.34  0.67  1.00  1.63  3.11  4.67  5.78  7.52  8.71  8.87  8.58  7.66  7.00  4.38  1.68  0.69  0.50  0.19  0.08  0.06  0.05  0.05  0.05  0.05  0.05
10  35  0.04  0.11  0.18  0.35  0.69  1.03  1.68  3.20  4.83  6.00  7.61  8.47  8.44  8.04  7.17  6.58  4.31  1.89  0.89  0.67  0.31  0.11  0.07  0.06  0.06  0.05  0.05  0.05
10  40  0.04  0.11  0.18  0.36  0.72  1.06  1.74  3.30  5.03  6.25  7.72  8.22  8.00  7.52  6.71  6.16  4.26  2.08  1.10  0.84  0.42  0.19  0.10  0.07  0.06  0.05  0.05  0.05
10  45  0.04  0.12  0.19  0.38  0.75  1.12  1.82  3.42  5.23  6.48  7.76  8.00  7.65  7.10  6.41  5.94  4.28  2.28  1.28  1.00  0.55  0.23  0.13  0.09  0.07  0.06  0.05  0.05
10  50  0.04  0.12  0.20  0.40  0.78  1.16  1.89  3.57  5.41  6.68  7.76  7.73  7.27  6.68  6.10  5.71  4.30  2.48  1.46  1.17  0.69  0.28  0.16  0.12  0.08  0.06  0.05  0.05
10  55  0.04  0.12  0.20  0.40  0.80  1.19  1.94  3.70  5.47  6.70  7.60  7.46  6.95  6.35  5.79  5.40  4.22  2.53  1.56  1.26  0.78  0.33  0.20  0.14  0.09  0.06  0.05  0.05
10  60  0.04  0.13  0.21  0.42  0.83  1.24  2.03  3.89  5.73  6.96  7.63  7.25  6.67  5.97  5.50  5.18  4.20  2.64  1.71  1.38  0.86  0.39  0.24  0.16  0.10  0.06  0.05  0.04
10  65  0.04  0.13  0.22  0.43  0.86  1.27  2.08  3.96  5.61  6.71  7.18  6.75  6.19  5.52  5.09  4.80  3.96  2.65  1.84  1.51  0.98  0.45  0.27  0.17  0.10  0.06  0.05  0.04
10  70  0.04  0.13  0.22  0.44  0.87  1.30  2.12  4.01  5.47  6.45  6.72  6.25  5.71  5.07  4.67  4.41  3.71  2.67  1.97  1.64  1.10  0.50  0.30  0.19  0.10  0.06  0.05  0.04
10  75  0.04  0.13  0.22  0.44  0.87  1.29  2.10  3.96  5.04  5.75  5.97  5.68  5.26  4.70  4.32  4.08  3.55  2.69  2.02  1.69  1.15  0.53  0.31  0.20  0.11  0.06  0.05  0.04
10  80  0.04  0.13  0.22  0.43  0.86  1.27  2.07  3.90  4.60  5.07  5.24  5.11  4.81  4.33  3.97  3.75  3.40  2.70  2.07  1.74  1.20  0.55  0.32  0.21  0.11  0.06  0.05  0.04
10  85  0.04  0.13  0.22  0.43  0.85  1.27  2.06  3.87  4.57  5.04  5.23  5.12  4.82  4.34  3.96  3.74  3.39  2.71  2.07  1.74  1.20  0.55  0.32  0.21  0.13  0.06  0.05  0.04
10  90  0.04  0.13  0.22  0.43  0.85  1.26  2.05  3.85  4.53  5.00  5.21  5.10  4.81  4.32  3.91  3.69  3.38  2.70  2.06  1.73  1.20  0.55  0.33  0.21  0.13  0.06  0.05  0.04
11 -90  0.03  0.08  0.13  0.26  0.52  0.77  1.25  2.34  3.38  4.11  5.53  6.61  6.97  6.91  6.68  6.31  4.85  2.67  1.81  1.60  1.11  0.58  0.30  0.17  0.05  0.04  0.03  0.02
11 -85  0.03  0.08  0.13  0.27  0.52  0.78  1.27  2.38  3.44  4.20  5.62  6.68  6.93  6.74  6.47  6.19  4.95  2.76  1.77  1.52  1.02  0.55  0.30  0.07  0.05  0.04  0.03  0.02
11 -80  0.03  0.08  0.13  0.27  0.53  0.78  1.27  2.39  3.44  4.20  5.62  6.67  6.88  6.66  6.41  6.13  4.89  2.74  1.77  1.52  1.03  0.56  0.30  0.17  0.05  0.04  0.03  0.02
11 -75  0.03  0.08  0.14  0.27  0.53  0.79  1.29  2.42  3.50  4.29  5.68  6.79  7.02  6.75  6.63  6.48  5.09  2.87  1.85  1.59  1.09  0.60  0.32  0.18  0.05  0.04  0.03  0.02
11 -70  0.03  0.08  0.14  0.27  0.54  0.80  1.30  2.44  3.54  4.37  5.75  6.94  7.18  6.84  6.84  6.80  5.28  2.97  1.90  1.63  1.13  0.64  0.34  0.19  0.05  0.04  0.03  0.03
11 -65  0.03  0.08  0.14  0.28  0.55  0.82  1.33  2.51  3.67  4.55  6.01  7.25  7.47  7.04  6.97  6.94  5.34  3.12  1.97  1.66  1.12  0.64  0.34  0.19  0.06  0.04  0.03  0.03
11 -60  0.03  0.09  0.14  0.29  0.57  0.84  1.37  2.57  3.79  4.73  6.28  7.55  7.75  7.27  7.13  7.08  5.40  3.27  2.00  1.64  1.05  0.61  0.34  0.19  0.06  0.04  0.03  0.03
11 -55  0.03  0.09  0.15  0.30  0.59  0.87  1.42  2.65  3.96  4.90  6.50  7.85  8.06  7.65  7.08  6.72  5.20  3.25  1.97  1.59  0.93  0.52  0.30  0.17  0.06  0.04  0.03  0.03
11 -50  0.03  0.09  0.15  0.30  0.59  0.87  1.42  2.68  3.99  4.94  6.65  8.16  8.44  7.93  6.99  6.36  5.00  3.22  1.91  1.52  0.85  0.43  0.26  0.10  0.06  0.04  0.04  0.03
11 -45  0.03  0.09  0.15  0.29  0.58  0.86  1.42  2.72  4.02  4.99  6.76  8.40  8.75  8.23  7.18  6.47  5.03  3.17  1.84  1.45  0.79  0.39  0.24  0.09  0.06  0.05  0.04  0.03
11 -40  0.03  0.09  0.15  0.29  0.58  0.86  1.42  2.75  4.05  5.01  6.87  8.67  9.10  8.59  7.39  6.60  5.09  3.14  1.77  1.38  0.74  0.36  0.22  0.08  0.06  0.05  0.04  0.04
11 -35  0.03  0.09  0.15  0.30  0.59  0.88  1.44  2.78  4.10  5.08  6.97  8.86  9.35  8.89  7.56  6.67  4.83  2.62  1.32  1.02  0.52  0.27  0.13  0.08  0.06  0.05  0.05  0.04
11 -30  0.03  0.09  0.15  0.30  0.59  0.88  1.45  2.82  4.14  5.12  7.03  9.00  9.56  9.22  7.75  6.75  4.55  2.10  0.89  0.67  0.30  0.16  0.09  0.06  0.06  0.05  0.05  0.04
11 -25  0.03  0.09  0.15  0.31  0.61  0.91  1.48  2.84  4.17  5.14  7.07  9.07  9.69  9.45  7.85  6.74  4.37  1.88  0.73  0.55  0.23  0.10  0.06  0.05  0.05  0.05  0.05  0.04
11 -20  0.03  0.09  0.15  0.31  0.61  0.91  1.49  2.89  4.21  5.20  7.11  9.13  9.78  9.63  7.90  6.70  4.17  1.64  0.59  0.43  0.16  0.07  0.05  0.05  0.05  0.05  0.05  0.04
11 -15  0.03  0.09  0.15  0.30  0.60  0.90  1.49  2.93  4.24  5.20  7.09  9.10  9.80  9.72  8.05  6.93  4.04  1.48  0.52  0.39  0.15  0.05  0.04  0.04  0.04  0.05  0.05  0.04
11 -10  0.03  0.09  0.15  0.30  0.59  0.89  1.48  2.97  4.28  5.23  7.06  9.10  9.90  9.89  8.23  7.15  3.91  1.32  0.46  0.35  0.14  0.04  0.04  0.04  0.04  0.04  0.04  0.04
11  -5  0.03  0.09  0.15  0.30  0.60  0.90  1.50  2.99  4.30  5.24  6.99  9.01  9.86  9.91  8.21  7.14  3.80  1.25  0.44  0.33  0.14  0.04  0.03  0.03  0.03  0.04  0.04  0.03
11   0  0.03  0.09  0.15  0.31  0.61  0.92  1.52  3.00  4.33  5.27  7.00  8.95  9.83  9.96  8.24  7.15  3.72  1.19  0.42  0.32  0.13  0.04  0.03  0.03  0.03  0.04  0.03  0.03
11   5  0.03  0.09  0.16  0.31  0.62  0.93  1.53  2.99  4.31  5.25  6.93  8.81  9.69  9.86  8.22  7.17  3.93  1.27  0.46  0.35  0.13  0.04  0.03  0.03  0.03  0.04  0.03  0.03
11  10  0.03  0.10  0.16  0.32  0.63  0.94  1.54  2.99  4.31  5.25  6.93  8.73  9.53  9.71  8.20  7.17  4.14  1.36  0.51  0.37  0.13  0.04  0.03  0.03  0.04  0.04  0.04  0.04
11  15  0.03  0.10  0.16  0.32  0.64  0.95  1.56  3.01  4.38  5.34  7.03  8.63  9.24  9.30  7.94  6.97  4.07  1.40  0.52  0.38  0.13  0.04  0.04  0.04  0.04  0.04  0.04  0.04
11  20  0.03  0.10  0.17  0.33  0.66  0.98  1.59  3.01  4.42  5.41  7.09  8.56  8.99  8.93  7.68  6.76  4.00  1.44  0.53  0.39  0.14  0.05  0.04  0.04  0.04  0.04  0.05  0.04
11  25  0.03  0.10  0.17  0.33  0.66  0.99  1.62  3.13  4.62  5.68  7.25  8.40  8.63  8.46  7.45  6.68  4.10  1.55  0.61  0.45  0.18  0.06  0.05  0.04  0.05  0.05  0.05  0.05
11  30  0.04  0.11  0.18  0.35  0.70  1.03  1.69  3.21  4.83  5.96  7.46  8.27  8.27  7.99  7.19  6.61  4.21  1.67  0.70  0.52  0.22  0.09  0.06  0.05  0.05  0.05  0.05  0.05
11  35  0.04  0.11  0.19  0.37  0.74  1.10  1.79  3.37  5.10  6.30  7.58  8.02  7.85  7.45  6.82  6.38  4.41  2.00  0.96  0.73  0.35  0.15  0.08  0.06  0.05  0.05  0.05  0.05
11  40  0.04  0.12  0.20  0.40  0.78  1.16  1.89  3.56  5.40  6.66  7.70  7.78  7.44  6.98  6.50  6.15  4.60  2.32  1.22  0.94  0.48  0.20  0.12  0.08  0.06  0.05  0.05  0.05
11  45  0.04  0.13  0.21  0.42  0.83  1.23  2.01  3.77  5.65  6.90  7.68  7.54  7.13  6.65  6.32  6.08  4.68  2.50  1.42  1.12  0.63  0.27  0.16  0.11  0.08  0.06  0.05  0.05
11  50  0.05  0.14  0.23  0.45  0.89  1.31  2.13  3.98  5.84  7.09  7.62  7.27  6.81  6.33  6.14  5.99  4.74  2.67  1.62  1.31  0.78  0.35  0.19  0.13  0.09  0.06  0.05  0.05
11  55  0.05  0.14  0.23  0.46  0.90  1.34  2.18  4.10  5.75  6.89  7.30  7.01  6.58  6.13  5.91  5.73  4.59  2.71  1.70  1.41  0.92  0.41  0.22  0.15  0.09  0.06  0.05  0.05
11  60  0.05  0.14  0.23  0.47  0.92  1.37  2.24  4.26  5.85  6.92  7.18  6.82  6.39  5.88  5.69  5.56  4.50  2.81  1.84  1.54  1.06  0.47  0.25  0.16  0.10  0.06  0.05  0.05
11  65  0.05  0.14  0.23  0.45  0.90  1.33  2.17  4.11  5.58  6.58  6.92  6.68  6.29  5.78  5.45  5.23  4.40  2.91  2.03  1.73  1.24  0.56  0.30  0.19  0.10  0.06  0.05  0.05
11  70  0.04  0.13  0.22  0.44  0.88  1.30  2.11  3.94  5.30  6.24  6.66  6.53  6.18  5.67  5.19  4.89  4.29  3.00  2.21  1.91  1.42  0.65  0.34  0.21  0.10  0.06  0.05  0.05
11  75  0.04  0.13  0.22  0.44  0.86  1.27  2.05  3.77  5.00  5.83  6.18  5.88  5.40  4.82  4.37  4.09  3.73  2.92  2.15  1.85  1.35  0.61  0.31  0.20  0.10  0.06  0.05  0.05
11  80  0.04  0.13  0.22  0.43  0.84  1.24  2.00  3.60  4.70  5.42  5.70  5.21  4.60  3.98  3.55  3.29  3.17  2.84  2.07  1.78  1.29  0.57  0.29  0.18  0.11  0.06  0.05  0.04
11  85  0.04  0.13  0.22  0.43  0.84  1.24  1.99  3.59  4.67  5.39  5.66  5.18  4.59  3.98  3.55  3.29  3.17  2.84  2.07  1.78  1.28  0.57  0.29  0.18  0.11  0.06  0.05  0.05
11  90  0.04  0.13  0.22  0.43  0.84  1.24  1.99  3.59  4.65  5.34  5.63  5.18  4.61  4.01  3.54  3.27  3.17  2.83  2.06  1.76  1.27  0.57  0.29  0.18  0.11  0.06  0.05  0.05
12 -90  0.02  0.07  0.12  0.24  0.47  0.69  1.12  2.08  3.11  3.86  5.35  6.38  6.30  5.71  5.50  5.51  5.05  3.76  2.48  2.10  1.41  0.69  0.40  0.22  0.11  0.04  0.03  0.02
12 -85  0.02  0.07  0.12  0.24  0.47  0.69  1.12  2.08  3.11  3.86  5.34  6.41  6.36  5.74  5.41  5.31  4.89  3.69  2.41  2.01  1.32  0.65  0.39  0.22  0.11  0.04  0.03  0.02
12 -80  0.02  0.07  0.12  0.24  0.47  0.69  1.12  2.07  3.10  3.86  5.33  6.40  6.37  5.73  5.39  5.27  4.85  3.65  2.38  1.99  1.30  0.64  0.39  0.22  0.11  0.04  0.03  0.02
12 -75  0.02  0.07  0.12  0.24  0.48  0.71  1.15  2.14  3.16  3.92  5.34  6.48  6.53  5.92  5.55  5.41  4.90  3.59  2.31  1.93  1.27  0.63  0.39  0.22  0.06  0.04  0.03  0.02
12 -70  0.03  0.08  0.13  0.25  0.49  0.73  1.18  2.21  3.22  3.98  5.36  6.56  6.69  6.11  5.73  5.56  4.95  3.49  2.21  1.84  1.21  0.62  0.38  0.21  0.06  0.04  0.03  0.02
12 -65  0.03  0.08  0.13  0.26  0.51  0.75  1.22  2.28  3.30  4.08  5.51  6.85  7.09  6.57  6.12  5.88  4.98  3.36  2.06  1.69  1.09  0.57  0.36  0.19  0.06  0.04  0.03  0.03
12 -60  0.03  0.08  0.13  0.27  0.53  0.78  1.26  2.35  3.40  4.21  5.69  7.17  7.51  7.05  6.53  6.22  5.02  3.23  1.93  1.56  0.97  0.51  0.32  0.18  0.07  0.04  0.03  0.03
12 -55  0.03  0.08  0.14  0.28  0.55  0.81  1.32  2.46  3.57  4.38  5.89  7.51  7.96  7.68  6.93  6.42  4.92  3.02  1.77  1.41  0.82  0.44  0.28  0.16  0.07  0.04  0.03  0.03
12 -50  0.03  0.09  0.14  0.28  0.56  0.83  1.34  2.51  3.61  4.42  6.02  7.86  8.47  8.19  7.24  6.58  4.80  2.80  1.56  1.23  0.69  0.38  0.23  0.11  0.07  0.04  0.04  0.03
12 -45  0.03  0.08  0.14  0.28  0.56  0.83  1.36  2.59  3.73  4.56  6.22  8.14  8.83  8.60  7.30  6.37  4.59  2.61  1.44  1.13  0.62  0.33  0.19  0.09  0.06  0.05  0.04  0.03
12 -40  0.03  0.08  0.14  0.28  0.56  0.83  1.38  2.68  3.83  4.68  6.40  8.42  9.19  9.03  7.33  6.16  4.39  2.42  1.31  1.02  0.55  0.28  0.12  0.07  0.06  0.05  0.04  0.04
12 -35  0.03  0.09  0.14  0.29  0.57  0.86  1.41  2.74  3.97  4.87  6.65  8.67  9.41  9.21  7.70  6.64  4.38  2.11  1.01  0.78  0.39  0.19  0.10  0.07  0.06  0.05  0.04  0.04
12 -30  0.03  0.09  0.15  0.29  0.58  0.87  1.44  2.81  4.08  5.03  6.87  8.86  9.56  9.40  8.06  7.12  4.37  1.79  0.73  0.55  0.25  0.13  0.08  0.06  0.05  0.05  0.05  0.04
12 -25  0.03  0.09  0.15  0.30  0.60  0.90  1.48  2.87  4.20  5.18  7.08  9.05  9.69  9.53  8.07  7.05  4.24  1.66  0.61  0.46  0.19  0.09  0.06  0.05  0.05  0.05  0.05  0.04
12 -20  0.03  0.09  0.15  0.30  0.60  0.90  1.49  2.95  4.33  5.36  7.31  9.22  9.80  9.65  8.05  6.94  4.10  1.52  0.51  0.38  0.14  0.06  0.05  0.04  0.04  0.05  0.05  0.04
12 -15  0.03  0.09  0.15  0.30  0.60  0.90  1.51  3.00  4.43  5.49  7.46  9.33  9.88  9.74  8.14  7.05  4.01  1.40  0.46  0.34  0.13  0.05  0.04  0.04  0.04  0.04  0.04  0.04
12 -10  0.03  0.09  0.15  0.30  0.60  0.90  1.51  3.07  4.55  5.62  7.60  9.48 10.05  9.90  8.26  7.17  3.92  1.28  0.41  0.31  0.13  0.04  0.03  0.03  0.04  0.04  0.04  0.04
12  -5  0.03  0.09  0.15  0.30  0.61  0.91  1.53  3.09  4.58  5.66  7.54  9.39  9.97  9.83  8.07  6.91  3.75  1.22  0.39  0.30  0.13  0.04  0.03  0.03  0.03  0.04  0.03  0.03
12   0  0.03  0.10  0.16  0.32  0.63  0.95  1.57  3.08  4.61  5.70  7.55  9.30  9.87  9.77  7.89  6.64  3.58  1.17  0.37  0.29  0.14  0.04  0.03  0.03  0.03  0.04  0.03  0.03
12   5  0.03  0.10  0.16  0.32  0.64  0.95  1.57  3.07  4.56  5.64  7.40  9.06  9.63  9.54  7.88  6.79  3.80  1.26  0.42  0.32  0.13  0.04  0.03  0.03  0.04  0.04  0.04  0.03
12  10  0.03  0.10  0.16  0.32  0.64  0.96  1.58  3.06  4.54  5.59  7.33  8.86  9.36  9.30  7.88  6.93  4.03  1.36  0.47  0.35  0.13  0.04  0.04  0.04  0.04  0.04  0.04  0.04
12  15  0.03  0.10  0.16  0.33  0.65  0.96  1.59  3.06  4.54  5.61  7.31  8.66  9.03  8.88  7.60  6.70  3.97  1.45  0.50  0.37  0.13  0.05  0.04  0.04  0.04  0.04  0.05  0.04
12  20  0.03  0.10  0.17  0.33  0.66  0.98  1.61  3.05  4.54  5.59  7.24  8.46  8.70  8.48  7.31  6.46  3.92  1.53  0.53  0.38  0.13  0.05  0.04  0.04  0.04  0.05  0.05  0.05
12  25  0.03  0.10  0.17  0.33  0.66  0.98  1.62  3.13  4.64  5.73  7.23  8.19  8.28  8.01  7.17  6.54  4.17  1.69  0.65  0.48  0.20  0.06  0.05  0.05  0.05  0.05  0.05  0.05
12  30  0.04  0.11  0.18  0.35  0.69  1.03  1.68  3.18  4.76  5.85  7.24  7.95  7.88  7.54  7.02  6.64  4.41  1.87  0.80  0.60  0.26  0.10  0.07  0.06  0.05  0.05  0.05  0.05
12  35  0.04  0.11  0.19  0.37  0.74  1.09  1.78  3.35  4.97  6.07  7.21  7.66  7.50  7.12  6.82  6.61  4.75  2.23  1.10  0.85  0.45  0.21  0.10  0.07  0.06  0.05  0.05  0.05
12  40  0.04  0.12  0.20  0.40  0.78  1.16  1.88  3.53  5.19  6.28  7.20  7.39  7.15  6.76  6.65  6.57  5.07  2.59  1.39  1.11  0.64  0.30  0.16  0.10  0.07  0.05  0.05  0.05
12  45  0.04  0.13  0.21  0.42  0.83  1.23  2.00  3.74  5.37  6.41  7.10  7.16  6.91  6.55  6.45  6.37  5.03  2.86  1.63  1.31  0.79  0.37  0.20  0.13  0.08  0.06  0.05  0.05
12  50  0.04  0.13  0.22  0.44  0.88  1.30  2.11  3.94  5.48  6.51  7.00  6.92  6.67  6.38  6.25  6.15  4.97  3.14  1.87  1.52  0.95  0.45  0.24  0.15  0.09  0.06  0.05  0.05
12  55  0.05  0.13  0.22  0.45  0.88  1.30  2.11  3.94  5.27  6.21  6.72  6.80  6.59  6.31  6.04  5.84  4.76  3.13  1.98  1.65  1.11  0.52  0.27  0.16  0.10  0.06  0.05  0.05
12  60  0.04  0.13  0.22  0.44  0.88  1.30  2.12  3.99  5.26  6.16  6.63  6.72  6.54  6.20  5.85  5.62  4.60  3.18  2.15  1.81  1.26  0.60  0.31  0.18  0.10  0.06  0.05  0.05
12  65  0.05  0.14  0.23  0.45  0.89  1.31  2.11  3.86  5.16  6.06  6.58  6.71  6.48  6.07  5.62  5.33  4.48  3.14  2.20  1.87  1.33  0.63  0.30  0.18  0.10  0.06  0.05  0.05
12  70  0.05  0.14  0.23  0.46  0.90  1.32  2.10  3.74  5.04  5.93  6.52  6.67  6.41  5.96  5.40  5.03  4.36  3.09  2.26  1.93  1.39  0.66  0.30  0.18  0.11  0.06  0.05  0.05
12  75  0.04  0.13  0.22  0.44  0.85  1.25  1.97  3.41  4.73  5.63  6.27  6.30  5.98  5.48  4.94  4.59  4.13  3.12  2.28  1.94  1.40  0.66  0.32  0.19  0.11  0.06  0.05  0.05
12  80  0.04  0.13  0.21  0.42  0.81  1.18  1.84  3.09  4.43  5.35  6.02  5.93  5.53  4.99  4.48  4.14  3.89  3.14  2.29  1.95  1.40  0.66  0.34  0.21  0.11  0.06  0.05  0.05
12  85  0.04  0.13  0.21  0.42  0.81  1.17  1.84  3.08  4.40  5.31  5.98  5.91  5.53  5.00  4.49  4.15  3.89  3.15  2.29  1.96  1.40  0.66  0.34  0.21  0.11  0.06  0.05  0.05
12  90  0.04  0.13  0.21  0.42  0.81  1.17  1.84  3.07  4.37  5.24  5.87  5.88  5.55  5.05  4.53  4.17  3.90  3.13  2.25  1.92  1.37  0.66  0.34  0.21  0.11  0.06  0.05  0.05
