     0.010
     0.030
     0.050
     0.100
     0.200
     0.300
     0.500
     1.000
     1.500
     2.000
     3.000
     5.000
     7.000
    10.000
    15.000
    20.000
    30.000
    50.000
    70.000
    80.000
   100.000
   150.000
   200.000
   250.000
   300.000
   400.000
   500.000
   600.000
 1 -90  0.02  0.07  0.11  0.22  0.45  0.67  1.12  2.23  3.22  3.97  5.56  6.51  6.26  5.40  4.56  3.96  3.44  2.82  2.18  1.84  1.22  0.60  0.33  0.19  0.09  0.06  0.03  0.02
 1 -85  0.02  0.07  0.11  0.22  0.45  0.67  1.12  2.23  3.22  3.97  5.56  6.51  6.27  5.40  4.56  3.96  3.44  2.82  2.18  1.84  1.22  0.60  0.33  0.19  0.09  0.06  0.03  0.02
 1 -80  0.02  0.07  0.11  0.22  0.45  0.67  1.12  2.23  3.22  3.97  5.57  6.51  6.27  5.40  4.56  3.96  3.44  2.82  2.18  1.84  1.22  0.60  0.33  0.19  0.09  0.05  0.03  0.02
 1 -75  0.02  0.07  0.12  0.23  0.46  0.69  1.15  2.30  3.29  4.05  5.58  6.63  6.50  5.68  4.90  4.34  3.73  2.89  2.17  1.82  1.20  0.60  0.33  0.18  0.08  0.05  0.03  0.03
 1 -70  0.02  0.07  0.12  0.24  0.47  0.71  1.18  2.36  3.37  4.13  5.60  6.76  6.74  5.96  5.24  4.73  4.05  2.96  2.14  1.79  1.16  0.58  0.33  0.18  0.08  0.05  0.03  0.03
 1 -65  0.02  0.07  0.12  0.25  0.49  0.74  1.23  2.45  3.49  4.26  5.77  7.08  7.20  6.52  5.85  5.37  4.31  2.96  2.00  1.67  1.06  0.52  0.32  0.18  0.11  0.05  0.03  0.03
 1 -60  0.03  0.08  0.13  0.26  0.51  0.77  1.28  2.55  3.62  4.41  5.95  7.40  7.67  7.08  6.46  6.01  4.57  2.96  1.87  1.55  0.96  0.46  0.30  0.18  0.12  0.05  0.04  0.03
 1 -55  0.03  0.08  0.14  0.27  0.55  0.82  1.36  2.72  3.84  4.66  6.19  7.70  8.07  7.70  6.90  6.31  4.47  2.74  1.59  1.31  0.75  0.35  0.24  0.16  0.11  0.05  0.04  0.03
 1 -50  0.03  0.08  0.14  0.28  0.55  0.83  1.38  2.76  3.91  4.77  6.35  8.00  8.52  8.19  7.25  6.59  4.40  2.52  1.29  1.04  0.55  0.24  0.18  0.16  0.09  0.05  0.04  0.03
 1 -45  0.03  0.08  0.14  0.27  0.55  0.82  1.37  2.73  3.88  4.71  6.40  8.30  8.89  8.60  7.38  6.59  4.47  2.53  1.27  1.00  0.51  0.19  0.15  0.11  0.07  0.05  0.04  0.03
 1 -40  0.03  0.08  0.14  0.27  0.55  0.82  1.36  2.72  3.95  4.84  6.62  8.59  9.24  8.90  7.58  6.62  4.46  2.53  1.29  1.01  0.50  0.18  0.13  0.08  0.06  0.04  0.04  0.03
 1 -35  0.03  0.08  0.14  0.28  0.56  0.84  1.39  2.79  3.86  4.72  6.56  8.63  9.30  9.14  7.71  6.78  4.41  2.28  1.04  0.79  0.36  0.16  0.09  0.06  0.05  0.04  0.04  0.04
 1 -30  0.03  0.08  0.14  0.28  0.56  0.84  1.41  2.81  3.98  4.84  6.69  8.82  9.48  9.22  7.86  6.95  4.37  2.00  0.79  0.57  0.23  0.10  0.06  0.05  0.04  0.04  0.04  0.04
 1 -25  0.03  0.09  0.14  0.29  0.57  0.86  1.43  2.86  4.07  5.03  6.96  9.05  9.62  9.33  7.86  6.90  4.28  1.81  0.70  0.50  0.19  0.07  0.05  0.04  0.04  0.04  0.04  0.04
 1 -20  0.03  0.08  0.14  0.28  0.56  0.83  1.39  2.78  4.14  5.15  7.05  9.28  9.98  9.60  7.97  6.87  4.24  1.63  0.59  0.40  0.13  0.05  0.04  0.03  0.04  0.04  0.04  0.03
 1 -15  0.03  0.08  0.14  0.28  0.55  0.83  1.38  2.76  4.18  5.12  7.01  9.40 10.23  9.79  8.04  6.92  4.11  1.59  0.53  0.36  0.13  0.04  0.03  0.03  0.03  0.03  0.03  0.03
 1 -10  0.03  0.08  0.14  0.27  0.54  0.81  1.36  2.72  4.08  5.16  7.10  9.30 10.05  9.85  8.09  6.99  4.00  1.52  0.46  0.31  0.09  0.04  0.03  0.03  0.03  0.03  0.03  0.03
 1  -5  0.03  0.08  0.14  0.27  0.54  0.81  1.36  2.72  4.19  5.30  7.46  9.24  9.88  9.70  7.95  6.82  3.89  1.46  0.43  0.30  0.07  0.03  0.03  0.03  0.03  0.03  0.03  0.03
 1   0  0.03  0.09  0.15  0.29  0.59  0.88  1.47  2.95  4.39  5.52  7.57  9.43 10.01  9.67  7.85  6.68  3.70  1.35  0.40  0.28  0.06  0.03  0.03  0.03  0.03  0.03  0.03  0.03
 1   5  0.03  0.09  0.15  0.29  0.59  0.88  1.47  2.95  4.50  5.58  7.64  9.18  9.51  9.43  7.81  6.63  3.87  1.46  0.46  0.31  0.06  0.03  0.03  0.03  0.03  0.03  0.03  0.03
 1  10  0.03  0.09  0.15  0.30  0.59  0.89  1.49  2.97  4.46  5.62  7.36  8.71  8.99  9.00  7.71  6.65  4.04  1.60  0.52  0.36  0.06  0.03  0.03  0.03  0.03  0.03  0.04  0.04
 1  15  0.03  0.09  0.15  0.30  0.60  0.90  1.50  3.00  4.58  5.73  7.21  8.40  8.64  8.62  7.30  6.39  3.96  1.60  0.55  0.39  0.07  0.04  0.03  0.03  0.03  0.04  0.04  0.04
 1  20  0.03  0.09  0.16  0.31  0.62  0.93  1.56  3.11  4.71  5.95  7.29  8.19  8.46  8.30  6.93  6.14  4.01  1.67  0.57  0.41  0.16  0.04  0.04  0.04  0.04  0.04  0.04  0.04
 1  25  0.03  0.09  0.16  0.31  0.62  0.93  1.55  3.10  4.82  5.93  7.26  8.07  8.17  7.74  6.73  6.28  4.31  2.01  0.76  0.58  0.25  0.06  0.05  0.04  0.04  0.04  0.04  0.04
 1  30  0.03  0.10  0.16  0.33  0.66  0.99  1.65  3.29  4.89  6.09  7.23  7.85  7.92  7.38  6.75  6.44  4.67  2.25  0.91  0.69  0.32  0.10  0.07  0.05  0.05  0.04  0.04  0.04
 1  35  0.03  0.10  0.17  0.35  0.69  1.04  1.73  3.46  5.13  6.29  7.37  7.70  7.57  7.17  6.70  6.36  4.99  2.57  1.22  0.95  0.49  0.24  0.15  0.08  0.06  0.05  0.04  0.04
 1  40  0.04  0.11  0.18  0.36  0.73  1.09  1.81  3.62  5.22  6.38  7.38  7.58  7.25  6.75  6.43  6.26  5.33  2.95  1.62  1.24  0.67  0.35  0.22  0.11  0.07  0.05  0.04  0.04
 1  45  0.04  0.11  0.19  0.37  0.74  1.11  1.86  3.71  5.20  6.32  7.20  7.19  6.80  6.51  6.34  6.20  5.44  3.30  1.86  1.51  0.93  0.48  0.29  0.19  0.09  0.05  0.04  0.04
 1  50  0.04  0.11  0.19  0.38  0.76  1.14  1.89  3.78  5.40  6.44  7.03  6.91  6.39  6.03  6.16  6.18  5.57  3.61  2.12  1.75  1.13  0.60  0.33  0.22  0.10  0.05  0.05  0.04
 1  55  0.04  0.11  0.19  0.38  0.76  1.15  1.91  3.81  5.30  6.11  6.61  6.48  6.11  5.89  5.89  5.87  5.29  3.62  2.28  1.90  1.31  0.66  0.38  0.25  0.10  0.06  0.05  0.04
 1  60  0.04  0.12  0.20  0.39  0.78  1.17  1.95  3.89  5.32  6.06  6.47  6.24  5.94  5.78  5.66  5.57  5.01  3.62  2.49  2.10  1.49  0.73  0.43  0.26  0.10  0.06  0.05  0.04
 1  65  0.04  0.12  0.19  0.38  0.77  1.15  1.92  3.83  5.31  6.02  6.48  6.26  6.06  5.96  5.72  5.54  4.83  3.57  2.49  2.11  1.51  0.72  0.41  0.24  0.10  0.06  0.05  0.04
 1  70  0.04  0.11  0.19  0.38  0.76  1.13  1.89  3.77  5.30  5.98  6.49  6.32  6.19  6.14  5.79  5.52  4.67  3.53  2.49  2.12  1.52  0.72  0.38  0.22  0.10  0.06  0.05  0.04
 1  75  0.04  0.11  0.18  0.36  0.72  1.08  1.80  3.60  5.09  5.71  6.21  5.92  5.72  5.62  5.25  4.96  4.44  3.44  2.58  2.26  1.71  0.76  0.39  0.23  0.11  0.06  0.05  0.04
 1  80  0.04  0.11  0.18  0.35  0.70  1.05  1.75  3.50  4.85  5.42  5.90  5.53  5.26  5.08  4.71  4.42  4.20  3.35  2.67  2.39  1.89  0.80  0.40  0.24  0.11  0.06  0.05  0.04
 1  85  0.04  0.11  0.18  0.35  0.70  1.05  1.75  3.50  4.84  5.42  5.89  5.52  5.25  5.08  4.71  4.41  4.20  3.35  2.67  2.39  1.89  0.80  0.40  0.24  0.11  0.06  0.05  0.04
 1  90  0.04  0.11  0.18  0.35  0.70  1.05  1.75  3.50  4.84  5.41  5.89  5.52  5.25  5.08  4.71  4.41  4.20  3.35  2.67  2.39  1.89  0.80  0.40  0.24  0.11  0.06  0.05  0.04
 2 -90  0.03  0.08  0.14  0.27  0.55  0.82  1.37  2.73  3.95  4.84  6.04  6.12  5.54  4.67  4.22  3.80  2.88  2.62  2.23  1.90  1.32  0.61  0.34  0.20  0.12  0.06  0.03  0.02
 2 -85  0.03  0.08  0.14  0.27  0.55  0.82  1.37  2.73  3.95  4.84  6.04  6.12  5.54  4.67  4.22  3.80  2.88  2.62  2.23  1.90  1.32  0.61  0.34  0.20  0.12  0.06  0.04  0.03
 2 -80  0.03  0.08  0.14  0.27  0.55  0.82  1.37  2.73  3.95  4.84  6.05  6.12  5.54  4.67  4.22  3.80  2.88  2.62  2.23  1.90  1.32  0.61  0.34  0.20  0.12  0.06  0.03  0.03
 2 -75  0.03  0.08  0.14  0.27  0.54  0.82  1.36  2.71  3.94  4.83  6.12  6.46  6.01  5.16  4.62  4.14  3.09  2.62  2.23  1.89  1.29  0.60  0.34  0.20  0.11  0.05  0.03  0.03
 2 -70  0.03  0.08  0.14  0.27  0.54  0.81  1.35  2.69  3.93  4.83  6.19  6.81  6.49  5.64  5.02  4.50  3.35  2.64  2.21  1.86  1.25  0.57  0.35  0.20  0.11  0.05  0.04  0.03
 2 -65  0.03  0.08  0.14  0.28  0.55  0.83  1.38  2.75  4.00  4.90  6.35  7.21  7.05  6.26  5.53  4.97  3.76  2.66  2.05  1.72  1.13  0.51  0.33  0.19  0.12  0.05  0.04  0.03
 2 -60  0.03  0.08  0.14  0.28  0.56  0.84  1.41  2.80  4.07  5.00  6.51  7.61  7.61  6.87  6.05  5.42  4.16  2.69  1.89  1.58  1.01  0.45  0.30  0.19  0.12  0.06  0.04  0.03
 2 -55  0.03  0.09  0.15  0.30  0.59  0.89  1.49  2.96  4.26  5.20  6.69  7.88  8.01  7.48  6.62  5.94  4.27  2.56  1.56  1.29  0.77  0.33  0.23  0.16  0.11  0.05  0.04  0.03
 2 -50  0.03  0.09  0.15  0.30  0.60  0.91  1.51  3.01  4.31  5.28  6.82  8.15  8.46  8.02  7.13  6.47  4.35  2.41  1.23  0.99  0.53  0.23  0.16  0.14  0.09  0.05  0.04  0.03
 2 -45  0.03  0.09  0.15  0.30  0.59  0.89  1.49  2.97  4.23  5.18  6.80  8.43  8.84  8.45  7.32  6.53  4.41  2.36  1.22  0.95  0.47  0.18  0.16  0.09  0.06  0.04  0.04  0.03
 2 -40  0.03  0.09  0.15  0.30  0.59  0.89  1.48  2.96  4.28  5.25  6.95  8.71  9.23  8.86  7.57  6.60  4.42  2.30  1.22  0.93  0.43  0.16  0.11  0.07  0.05  0.04  0.04  0.03
 2 -35  0.03  0.09  0.15  0.30  0.59  0.89  1.48  2.96  4.12  5.06  6.83  8.72  9.30  9.11  7.67  6.67  4.32  2.11  0.99  0.74  0.32  0.13  0.08  0.06  0.05  0.04  0.04  0.03
 2 -30  0.03  0.09  0.15  0.30  0.59  0.89  1.48  2.96  4.19  5.10  6.88  8.85  9.47  9.25  7.81  6.80  4.23  1.90  0.78  0.56  0.22  0.09  0.06  0.04  0.04  0.04  0.04  0.03
 2 -25  0.03  0.09  0.15  0.29  0.59  0.88  1.47  2.93  4.15  5.12  7.01  9.08  9.70  9.48  7.88  6.81  4.14  1.78  0.67  0.47  0.17  0.06  0.04  0.04  0.04  0.04  0.04  0.03
 2 -20  0.03  0.08  0.14  0.28  0.56  0.84  1.40  2.80  4.15  5.18  7.01  9.25 10.09  9.85  8.06  6.84  4.09  1.62  0.54  0.38  0.13  0.05  0.03  0.03  0.03  0.04  0.04  0.03
 2 -15  0.03  0.08  0.14  0.28  0.55  0.83  1.38  2.76  4.12  5.00  6.85  9.39 10.36 10.03  8.12  6.90  4.03  1.54  0.51  0.34  0.13  0.04  0.03  0.03  0.03  0.03  0.03  0.03
 2 -10  0.03  0.08  0.13  0.27  0.54  0.80  1.34  2.68  3.95  4.94  6.83  9.25 10.26 10.20  8.19  6.98  3.99  1.43  0.46  0.31  0.08  0.03  0.03  0.03  0.03  0.03  0.03  0.03
 2  -5  0.03  0.08  0.13  0.27  0.53  0.80  1.33  2.66  4.03  5.05  7.15  9.18 10.17 10.10  7.89  6.55  3.83  1.41  0.45  0.32  0.07  0.03  0.03  0.03  0.03  0.03  0.03  0.02
 2   0  0.03  0.09  0.15  0.29  0.58  0.87  1.45  2.91  4.23  5.31  7.35  9.57 10.52 10.24  7.67  6.10  3.59  1.30  0.43  0.31  0.06  0.03  0.03  0.03  0.03  0.03  0.03  0.03
 2   5  0.03  0.09  0.14  0.29  0.58  0.86  1.44  2.88  4.33  5.34  7.42  9.27  9.97  9.96  7.74  6.34  3.77  1.42  0.50  0.34  0.06  0.03  0.03  0.03  0.03  0.03  0.03  0.03
 2  10  0.03  0.09  0.14  0.29  0.57  0.86  1.44  2.87  4.24  5.29  7.14  8.81  9.36  9.39  7.80  6.65  3.95  1.59  0.57  0.39  0.06  0.03  0.03  0.03  0.03  0.03  0.04  0.04
 2  15  0.03  0.09  0.14  0.29  0.58  0.87  1.45  2.89  4.41  5.44  7.09  8.51  8.92  8.95  7.53  6.60  4.03  1.67  0.63  0.44  0.07  0.04  0.03  0.03  0.03  0.04  0.04  0.04
 2  20  0.03  0.09  0.15  0.30  0.60  0.90  1.51  3.01  4.50  5.65  7.17  8.38  8.79  8.68  7.35  6.59  4.25  1.78  0.67  0.49  0.09  0.04  0.04  0.04  0.04  0.04  0.04  0.04
 2  25  0.03  0.09  0.15  0.30  0.61  0.91  1.52  3.04  4.67  5.71  7.16  8.23  8.44  8.08  7.02  6.48  4.47  2.08  0.84  0.63  0.25  0.06  0.05  0.04  0.04  0.04  0.04  0.04
 2  30  0.03  0.10  0.16  0.32  0.64  0.97  1.61  3.22  4.78  5.96  7.25  8.04  8.19  7.73  6.88  6.41  4.77  2.25  0.97  0.73  0.30  0.17  0.08  0.06  0.05  0.05  0.04  0.04
 2  35  0.03  0.10  0.17  0.34  0.68  1.02  1.69  3.38  5.07  6.23  7.50  7.96  7.90  7.48  6.84  6.39  5.03  2.68  1.28  0.99  0.48  0.30  0.21  0.10  0.07  0.05  0.04  0.04
 2  40  0.04  0.11  0.18  0.36  0.71  1.07  1.78  3.55  5.17  6.36  7.55  7.89  7.63  7.07  6.58  6.32  5.29  3.15  1.67  1.26  0.66  0.42  0.29  0.14  0.09  0.05  0.05  0.04
 2  45  0.04  0.11  0.18  0.36  0.73  1.09  1.82  3.63  5.23  6.43  7.55  7.65  7.25  6.88  6.52  6.22  5.44  3.49  1.93  1.56  0.94  0.54  0.36  0.23  0.10  0.06  0.05  0.05
 2  50  0.04  0.11  0.19  0.37  0.74  1.11  1.85  3.70  5.44  6.66  7.46  7.40  6.85  6.41  6.31  6.15  5.60  3.78  2.24  1.85  1.18  0.64  0.39  0.27  0.11  0.06  0.05  0.05
 2  55  0.04  0.11  0.19  0.38  0.77  1.15  1.91  3.82  5.48  6.54  7.18  7.08  6.60  6.26  6.13  6.01  5.55  3.87  2.40  2.00  1.35  0.69  0.43  0.29  0.11  0.06  0.05  0.05
 2  60  0.04  0.12  0.20  0.40  0.80  1.20  2.01  4.01  5.63  6.66  7.15  6.88  6.42  6.11  5.98  5.88  5.51  3.96  2.60  2.19  1.53  0.75  0.47  0.30  0.12  0.06  0.05  0.05
 2  65  0.04  0.12  0.20  0.40  0.80  1.21  2.01  4.01  5.54  6.46  6.94  6.71  6.37  6.16  5.93  5.77  5.31  3.82  2.70  2.30  1.66  0.81  0.47  0.29  0.12  0.06  0.05  0.05
 2  70  0.04  0.12  0.20  0.40  0.80  1.20  2.01  4.00  5.48  6.29  6.74  6.55  6.33  6.22  5.89  5.65  5.14  3.69  2.79  2.41  1.79  0.87  0.46  0.28  0.12  0.06  0.05  0.05
 2  75  0.04  0.12  0.20  0.40  0.80  1.20  1.99  3.98  5.33  6.00  6.65  6.66  6.60  6.53  6.07  5.74  5.18  3.64  2.84  2.46  1.83  0.92  0.48  0.28  0.13  0.06  0.05  0.05
 2  80  0.04  0.12  0.20  0.40  0.79  1.19  1.98  3.95  5.17  5.69  6.56  6.81  6.87  6.83  6.26  5.84  5.21  3.57  2.87  2.50  1.87  0.95  0.49  0.28  0.13  0.06  0.05  0.05
 2  85  0.04  0.12  0.20  0.40  0.79  1.19  1.98  3.95  5.17  5.69  6.56  6.81  6.87  6.83  6.25  5.84  5.21  3.57  2.87  2.50  1.87  0.95  0.49  0.28  0.13  0.06  0.05  0.05
 2  90  0.04  0.12  0.20  0.40  0.79  1.19  1.98  3.95  5.17  5.69  6.56  6.81  6.87  6.83  6.25  5.84  5.21  3.57  2.87  2.50  1.87  0.95  0.49  0.28  0.13  0.06  0.05  0.05
 3 -90  0.04  0.12  0.20  0.40  0.80  1.20  1.99  3.97  5.26  6.07  6.16  5.66  5.04  4.41  3.82  3.18  2.73  2.61  2.35  2.01  1.41  0.56  0.31  0.18  0.11  0.05  0.03  0.03
 3 -85  0.04  0.12  0.20  0.40  0.80  1.20  1.99  3.97  5.26  6.07  6.16  5.66  5.04  4.41  3.82  3.18  2.73  2.61  2.35  2.01  1.41  0.56  0.31  0.18  0.11  0.05  0.03  0.03
 3 -80  0.04  0.12  0.20  0.40  0.80  1.20  1.99  3.97  5.26  6.07  6.16  5.66  5.04  4.41  3.82  3.18  2.73  2.61  2.35  2.01  1.41  0.56  0.31  0.18  0.11  0.05  0.03  0.03
 3 -75  0.04  0.11  0.19  0.38  0.76  1.14  1.90  3.79  5.21  6.14  6.56  6.18  5.53  4.82  4.15  3.48  2.84  2.59  2.32  1.97  1.37  0.55  0.31  0.18  0.10  0.05  0.03  0.03
 3 -70  0.04  0.11  0.18  0.36  0.72  1.09  1.81  3.61  5.15  6.19  6.95  6.71  6.03  5.22  4.48  3.80  3.02  2.58  2.25  1.91  1.30  0.53  0.30  0.18  0.10  0.05  0.04  0.03
 3 -65  0.04  0.11  0.18  0.35  0.70  1.05  1.76  3.50  5.07  6.16  7.13  7.17  6.60  5.79  5.08  4.50  3.41  2.60  2.05  1.74  1.17  0.48  0.29  0.17  0.12  0.05  0.04  0.03
 3 -60  0.03  0.10  0.17  0.34  0.68  1.02  1.71  3.40  5.01  6.13  7.32  7.64  7.18  6.35  5.69  5.17  3.79  2.64  1.86  1.57  1.03  0.43  0.27  0.17  0.12  0.05  0.04  0.03
 3 -55  0.03  0.10  0.17  0.35  0.69  1.04  1.73  3.44  5.06  6.17  7.42  7.93  7.63  6.95  6.26  5.75  4.19  2.59  1.58  1.32  0.81  0.33  0.22  0.15  0.10  0.05  0.04  0.03
 3 -50  0.03  0.10  0.17  0.34  0.68  1.03  1.71  3.41  5.02  6.15  7.50  8.23  8.12  7.49  6.82  6.34  4.56  2.53  1.30  1.06  0.60  0.23  0.16  0.11  0.07  0.05  0.04  0.03
 3 -45  0.03  0.10  0.17  0.33  0.66  0.99  1.65  3.30  4.82  5.94  7.42  8.52  8.58  8.01  6.98  6.22  4.44  2.44  1.24  0.98  0.51  0.18  0.14  0.08  0.06  0.04  0.04  0.03
 3 -40  0.03  0.10  0.16  0.32  0.65  0.97  1.62  3.24  4.73  5.86  7.46  8.80  9.05  8.56  7.14  6.07  4.29  2.35  1.17  0.90  0.44  0.14  0.10  0.06  0.05  0.04  0.03  0.03
 3 -35  0.03  0.10  0.16  0.32  0.63  0.95  1.58  3.16  4.53  5.57  7.27  8.81  9.19  8.90  7.57  6.61  4.31  2.17  0.95  0.71  0.32  0.13  0.08  0.05  0.04  0.04  0.03  0.03
 3 -30  0.03  0.09  0.16  0.31  0.62  0.94  1.56  3.12  4.49  5.52  7.23  8.92  9.40  9.18  8.03  7.19  4.35  1.97  0.75  0.54  0.20  0.09  0.05  0.04  0.04  0.04  0.03  0.03
 3 -25  0.03  0.09  0.15  0.30  0.61  0.91  1.52  3.03  4.35  5.37  7.17  9.08  9.68  9.51  8.15  7.23  4.23  1.76  0.60  0.43  0.15  0.06  0.04  0.03  0.03  0.03  0.03  0.03
 3 -20  0.03  0.09  0.15  0.29  0.58  0.87  1.45  2.90  4.30  5.37  7.07  9.13 10.02  9.98  8.37  7.27  4.15  1.49  0.46  0.31  0.09  0.04  0.03  0.03  0.03  0.03  0.03  0.03
 3 -15  0.03  0.09  0.14  0.28  0.57  0.85  1.42  2.84  4.16  5.02  6.75  9.18 10.23 10.16  8.30  7.09  4.09  1.48  0.45  0.30  0.10  0.03  0.03  0.03  0.03  0.03  0.03  0.03
 3 -10  0.03  0.08  0.14  0.28  0.56  0.83  1.39  2.78  3.94  4.85  6.54  8.93 10.16 10.39  8.25  6.94  4.07  1.45  0.46  0.31  0.12  0.03  0.02  0.02  0.03  0.03  0.03  0.02
 3  -5  0.03  0.08  0.14  0.27  0.55  0.82  1.37  2.74  3.94  4.85  6.73  8.80 10.05 10.34  8.11  6.78  3.98  1.43  0.45  0.31  0.07  0.03  0.02  0.02  0.03  0.03  0.03  0.02
 3   0  0.03  0.09  0.15  0.29  0.59  0.88  1.46  2.92  4.06  5.04  6.91  9.19 10.48 10.60  8.07  6.57  3.81  1.33  0.44  0.31  0.13  0.03  0.03  0.02  0.03  0.03  0.03  0.03
 3   5  0.03  0.09  0.14  0.29  0.58  0.87  1.44  2.88  4.19  5.06  6.98  8.96 10.02 10.32  8.03  6.69  3.94  1.43  0.49  0.33  0.06  0.03  0.03  0.03  0.03  0.03  0.03  0.03
 3  10  0.03  0.09  0.14  0.29  0.57  0.86  1.43  2.85  4.07  4.94  6.76  8.60  9.47  9.70  8.01  6.90  4.10  1.57  0.56  0.38  0.07  0.03  0.03  0.03  0.03  0.04  0.04  0.04
 3  15  0.03  0.09  0.14  0.29  0.58  0.86  1.44  2.87  4.28  5.17  6.89  8.45  9.04  9.20  7.63  6.61  4.10  1.65  0.61  0.43  0.08  0.04  0.03  0.03  0.03  0.04  0.04  0.04
 3  20  0.03  0.09  0.15  0.30  0.60  0.90  1.50  3.00  4.38  5.41  7.00  8.46  9.00  8.95  7.36  6.40  4.22  1.73  0.64  0.46  0.18  0.05  0.04  0.04  0.04  0.04  0.04  0.04
 3  25  0.03  0.09  0.15  0.30  0.61  0.91  1.52  3.04  4.53  5.52  7.04  8.34  8.68  8.44  7.15  6.40  4.42  2.12  0.85  0.65  0.29  0.07  0.06  0.05  0.05  0.05  0.04  0.04
 3  30  0.03  0.09  0.16  0.32  0.63  0.95  1.58  3.15  4.66  5.78  7.22  8.23  8.50  8.18  7.11  6.46  4.69  2.41  1.03  0.79  0.38  0.20  0.10  0.07  0.06  0.05  0.05  0.04
 3  35  0.03  0.10  0.16  0.33  0.65  0.98  1.63  3.26  4.91  6.04  7.57  8.30  8.38  7.97  7.10  6.49  4.81  2.76  1.34  1.05  0.57  0.31  0.22  0.10  0.07  0.05  0.05  0.05
 3  40  0.03  0.10  0.17  0.34  0.68  1.02  1.70  3.39  4.96  6.14  7.64  8.38  8.27  7.66  6.90  6.44  4.91  3.12  1.71  1.32  0.77  0.42  0.30  0.14  0.09  0.06  0.05  0.05
 3  45  0.03  0.10  0.17  0.34  0.68  1.02  1.70  3.40  5.06  6.31  7.84  8.28  7.94  7.45  6.78  6.28  5.18  3.44  1.91  1.57  0.99  0.55  0.38  0.23  0.10  0.06  0.05  0.05
 3  50  0.03  0.10  0.17  0.34  0.68  1.02  1.70  3.39  5.23  6.57  7.85  8.09  7.54  6.99  6.52  6.12  5.43  3.70  2.18  1.81  1.16  0.66  0.43  0.29  0.12  0.06  0.05  0.05
 3  55  0.04  0.11  0.18  0.35  0.70  1.05  1.75  3.50  5.30  6.55  7.68  7.80  7.28  6.77  6.35  6.04  5.43  3.84  2.39  2.00  1.34  0.75  0.47  0.32  0.13  0.07  0.05  0.05
 3  60  0.04  0.11  0.18  0.37  0.74  1.11  1.84  3.68  5.50  6.77  7.72  7.61  7.04  6.51  6.20  5.99  5.44  4.01  2.65  2.22  1.52  0.85  0.54  0.34  0.14  0.07  0.05  0.05
 3  65  0.04  0.11  0.19  0.38  0.76  1.14  1.90  3.79  5.53  6.72  7.51  7.35  6.81  6.35  6.01  5.78  5.25  4.01  2.79  2.38  1.71  0.93  0.58  0.36  0.14  0.07  0.05  0.05
 3  70  0.04  0.12  0.20  0.39  0.78  1.17  1.95  3.90  5.56  6.68  7.32  7.08  6.59  6.19  5.83  5.57  5.07  4.02  2.92  2.53  1.90  1.01  0.63  0.38  0.15  0.07  0.05  0.05
 3  75  0.04  0.12  0.20  0.39  0.78  1.18  1.96  3.91  5.47  6.50  7.10  6.98  6.63  6.32  5.78  5.39  4.99  4.03  2.97  2.59  1.95  1.06  0.63  0.37  0.18  0.07  0.05  0.05
 3  80  0.04  0.12  0.20  0.39  0.79  1.18  1.96  3.92  5.38  6.33  6.89  6.88  6.66  6.46  5.72  5.22  4.92  4.03  3.00  2.63  1.99  1.10  0.62  0.37  0.17  0.07  0.05  0.05
 3  85  0.04  0.12  0.20  0.39  0.79  1.18  1.96  3.92  5.38  6.33  6.89  6.88  6.66  6.46  5.72  5.22  4.92  4.03  3.00  2.63  1.99  1.10  0.62  0.37  0.17  0.07  0.05  0.05
 3  90  0.04  0.12  0.20  0.39  0.79  1.18  1.96  3.92  5.38  6.33  6.89  6.88  6.66  6.46  5.72  5.22  4.92  4.03  3.00  2.63  1.99  1.10  0.62  0.37  0.17  0.07  0.06  0.05
 4 -90  0.05  0.16  0.26  0.53  1.05  1.58  2.63  5.24  5.93  6.12  5.90  5.30  4.78  4.19  3.55  2.81  2.39  2.84  2.35  2.00  1.31  0.46  0.28  0.17  0.10  0.05  0.03  0.03
 4 -85  0.05  0.16  0.26  0.53  1.05  1.58  2.63  5.24  5.93  6.12  5.90  5.30  4.78  4.19  3.55  2.81  2.39  2.84  2.35  2.00  1.31  0.46  0.28  0.17  0.10  0.05  0.03  0.03
 4 -80  0.05  0.16  0.26  0.53  1.05  1.58  2.63  5.24  5.93  6.12  5.90  5.30  4.77  4.19  3.55  2.81  2.39  2.84  2.35  2.00  1.31  0.46  0.28  0.17  0.10  0.05  0.03  0.03
 4 -75  0.05  0.15  0.25  0.51  1.02  1.52  2.53  5.04  6.16  6.60  6.43  5.77  5.19  4.57  3.95  3.25  2.70  2.80  2.30  1.97  1.32  0.45  0.27  0.17  0.09  0.05  0.03  0.03
 4 -70  0.05  0.15  0.24  0.49  0.98  1.46  2.44  4.85  6.34  7.06  6.96  6.27  5.61  4.95  4.34  3.73  3.10  2.75  2.23  1.92  1.30  0.43  0.26  0.16  0.11  0.05  0.04  0.03
 4 -65  0.05  0.14  0.23  0.47  0.94  1.40  2.34  4.66  6.30  7.17  7.31  6.79  6.13  5.44  4.85  4.37  3.54  2.76  2.06  1.76  1.17  0.39  0.24  0.15  0.10  0.05  0.04  0.03
 4 -60  0.05  0.14  0.23  0.45  0.90  1.35  2.24  4.48  6.27  7.29  7.67  7.32  6.64  5.92  5.36  4.98  3.96  2.78  1.90  1.60  1.04  0.35  0.21  0.14  0.10  0.05  0.04  0.03
 4 -55  0.04  0.13  0.22  0.43  0.87  1.30  2.16  4.31  6.16  7.26  7.83  7.65  7.06  6.39  5.95  5.70  4.38  2.71  1.64  1.35  0.80  0.29  0.17  0.13  0.08  0.05  0.04  0.03
 4 -50  0.04  0.12  0.21  0.41  0.82  1.23  2.05  4.10  6.04  7.23  8.02  8.00  7.55  6.85  6.56  6.42  4.76  2.60  1.39  1.10  0.58  0.22  0.13  0.10  0.07  0.04  0.03  0.03
 4 -45  0.04  0.12  0.19  0.39  0.78  1.16  1.94  3.87  5.71  6.93  7.97  8.35  8.09  7.42  6.77  6.27  4.59  2.47  1.34  1.03  0.50  0.18  0.11  0.08  0.05  0.04  0.03  0.03
 4 -40  0.04  0.11  0.19  0.37  0.74  1.11  1.85  3.69  5.42  6.67  7.95  8.66  8.58  7.99  6.89  6.07  4.43  2.33  1.25  0.96  0.45  0.15  0.11  0.06  0.04  0.03  0.03  0.03
 4 -35  0.04  0.11  0.18  0.35  0.70  1.05  1.75  3.49  5.10  6.23  7.70  8.74  8.88  8.45  7.10  6.11  4.25  2.13  1.06  0.81  0.38  0.13  0.08  0.05  0.04  0.03  0.03  0.03
 4 -30  0.03  0.10  0.17  0.34  0.67  1.01  1.68  3.35  4.90  6.01  7.55  8.87  9.17  8.88  7.32  6.19  4.11  1.93  0.88  0.66  0.29  0.09  0.05  0.04  0.03  0.03  0.03  0.03
 4 -25  0.03  0.10  0.16  0.32  0.65  0.97  1.62  3.23  4.67  5.74  7.38  8.99  9.51  9.34  7.68  6.54  4.12  1.80  0.68  0.50  0.20  0.06  0.04  0.03  0.03  0.03  0.03  0.03
 4 -20  0.03  0.09  0.16  0.31  0.62  0.93  1.55  3.09  4.60  5.72  7.25  8.99  9.84  9.95  8.12  6.88  4.15  1.57  0.48  0.33  0.11  0.04  0.03  0.03  0.03  0.03  0.03  0.03
 4 -15  0.03  0.09  0.15  0.30  0.61  0.91  1.51  3.02  4.40  5.35  6.96  9.02  9.93 10.08  8.24  7.00  4.12  1.49  0.45  0.31  0.11  0.03  0.02  0.02  0.03  0.03  0.03  0.03
 4 -10  0.03  0.09  0.15  0.30  0.60  0.90  1.49  2.98  4.19  5.15  6.70  8.73  9.86 10.26  8.36  7.14  4.15  1.42  0.43  0.29  0.12  0.03  0.02  0.02  0.02  0.03  0.03  0.02
 4  -5  0.03  0.09  0.15  0.30  0.59  0.88  1.47  2.94  4.12  5.04  6.78  8.58  9.70 10.21  8.30  7.11  4.14  1.43  0.42  0.30  0.13  0.03  0.02  0.02  0.02  0.03  0.03  0.02
 4   0  0.03  0.09  0.15  0.30  0.60  0.91  1.51  3.01  4.16  5.12  6.89  8.91 10.07 10.47  8.33  7.02  4.05  1.36  0.41  0.29  0.13  0.03  0.02  0.02  0.02  0.03  0.03  0.02
 4   5  0.03  0.09  0.15  0.30  0.60  0.90  1.49  2.98  4.26  5.09  6.90  8.74  9.79 10.21  8.16  7.01  4.18  1.46  0.56  0.38  0.14  0.03  0.02  0.02  0.03  0.03  0.03  0.03
 4  10  0.03  0.09  0.15  0.29  0.59  0.88  1.46  2.92  4.07  4.88  6.67  8.46  9.37  9.60  8.03  7.09  4.34  1.61  0.75  0.51  0.16  0.03  0.03  0.03  0.03  0.03  0.04  0.03
 4  15  0.03  0.09  0.15  0.29  0.59  0.88  1.46  2.92  4.25  5.12  6.88  8.44  9.04  9.14  7.72  6.84  4.29  1.71  0.83  0.58  0.18  0.04  0.03  0.03  0.03  0.04  0.04  0.04
 4  20  0.03  0.09  0.15  0.30  0.61  0.91  1.52  3.03  4.36  5.34  6.98  8.55  9.06  8.91  7.52  6.68  4.34  1.80  0.88  0.62  0.20  0.05  0.04  0.04  0.04  0.04  0.04  0.04
 4  25  0.03  0.09  0.15  0.30  0.61  0.91  1.52  3.04  4.42  5.39  6.97  8.41  8.79  8.57  7.39  6.63  4.48  2.10  1.01  0.75  0.31  0.09  0.06  0.05  0.05  0.05  0.05  0.04
 4  30  0.03  0.09  0.15  0.31  0.61  0.92  1.53  3.06  4.50  5.54  7.10  8.32  8.67  8.45  7.37  6.67  4.67  2.31  1.12  0.86  0.40  0.17  0.10  0.07  0.06  0.05  0.05  0.05
 4  35  0.03  0.09  0.16  0.31  0.62  0.93  1.55  3.09  4.60  5.66  7.32  8.40  8.69  8.36  7.35  6.65  4.69  2.59  1.37  1.07  0.57  0.33  0.16  0.09  0.07  0.05  0.05  0.05
 4  40  0.03  0.09  0.16  0.31  0.63  0.94  1.57  3.13  4.51  5.58  7.19  8.47  8.71  8.22  7.19  6.55  4.69  2.86  1.64  1.29  0.77  0.44  0.30  0.13  0.08  0.06  0.05  0.05
 4  45  0.03  0.09  0.15  0.31  0.62  0.93  1.54  3.08  4.56  5.67  7.43  8.48  8.47  8.02  7.04  6.37  4.80  3.11  1.79  1.47  0.93  0.53  0.38  0.17  0.10  0.06  0.05  0.05
 4  50  0.03  0.09  0.15  0.30  0.61  0.91  1.51  3.01  4.58  5.79  7.42  8.33  8.14  7.64  6.79  6.17  4.88  3.32  2.00  1.66  1.06  0.61  0.42  0.29  0.12  0.07  0.06  0.05
 4  55  0.03  0.09  0.15  0.30  0.60  0.90  1.51  3.01  4.54  5.73  7.33  8.12  7.87  7.33  6.49  5.89  4.98  3.52  2.20  1.85  1.22  0.69  0.47  0.32  0.13  0.07  0.06  0.05
 4  60  0.03  0.09  0.16  0.31  0.62  0.93  1.56  3.10  4.69  5.92  7.43  7.99  7.62  6.99  6.19  5.64  5.10  3.74  2.45  2.06  1.40  0.77  0.54  0.35  0.14  0.07  0.06  0.05
 4  65  0.03  0.09  0.16  0.31  0.63  0.94  1.57  3.13  4.69  5.90  7.26  7.65  7.23  6.60  5.98  5.54  4.99  3.77  2.63  2.22  1.54  0.91  0.64  0.40  0.15  0.07  0.06  0.05
 4  70  0.03  0.10  0.16  0.32  0.63  0.95  1.58  3.16  4.69  5.88  7.10  7.32  6.85  6.22  5.77  5.44  4.89  3.81  2.81  2.39  1.67  1.04  0.74  0.45  0.22  0.08  0.06  0.05
 4  75  0.03  0.10  0.16  0.32  0.65  0.97  1.62  3.23  4.68  5.81  6.80  6.89  6.42  5.86  5.58  5.36  4.84  3.88  2.91  2.49  1.79  1.10  0.75  0.45  0.22  0.08  0.06  0.05
 4  80  0.03  0.10  0.17  0.33  0.66  0.99  1.65  3.29  4.66  5.73  6.50  6.45  6.00  5.51  5.38  5.28  4.82  3.94  2.99  2.58  1.90  1.16  0.76  0.44  0.20  0.08  0.06  0.05
 4  85  0.03  0.10  0.17  0.33  0.66  0.99  1.65  3.29  4.66  5.73  6.50  6.45  6.00  5.51  5.38  5.28  4.82  3.94  2.99  2.58  1.90  1.16  0.76  0.44  0.20  0.08  0.06  0.05
 4  90  0.03  0.10  0.17  0.33  0.66  0.99  1.65  3.29  4.66  5.73  6.50  6.45  6.00  5.51  5.38  5.28  4.82  3.94  2.99  2.58  1.90  1.16  0.76  0.44  0.20  0.08  0.06  0.05
 5 -90  0.06  0.17  0.29  0.58  1.16  1.73  2.88  5.72  6.36  6.61  6.00  4.79  4.03  3.38  3.15  2.91  3.06  2.92  2.25  1.89  1.25  0.46  0.25  0.15  0.08  0.04  0.03  0.03
 5 -85  0.06  0.17  0.29  0.58  1.16  1.73  2.88  5.72  6.36  6.61  6.00  4.79  4.03  3.38  3.15  2.91  3.06  2.92  2.25  1.89  1.25  0.46  0.25  0.15  0.08  0.04  0.03  0.03
 5 -80  0.06  0.17  0.29  0.58  1.16  1.73  2.88  5.72  6.36  6.61  6.00  4.79  4.03  3.38  3.15  2.91  3.06  2.92  2.25  1.89  1.25  0.46  0.25  0.15  0.08  0.04  0.03  0.03
 5 -75  0.06  0.17  0.28  0.56  1.13  1.69  2.81  5.59  6.45  6.84  6.45  5.42  4.74  4.11  3.69  3.27  3.12  2.78  2.10  1.77  1.18  0.43  0.23  0.14  0.09  0.04  0.03  0.03
 5 -70  0.05  0.16  0.27  0.55  1.09  1.64  2.72  5.41  6.50  7.03  6.87  6.06  5.46  4.84  4.27  3.68  3.20  2.63  1.93  1.63  1.09  0.40  0.21  0.13  0.09  0.04  0.03  0.03
 5 -65  0.05  0.16  0.27  0.55  1.10  1.64  2.73  5.44  6.75  7.37  7.15  6.40  5.81  5.21  4.84  4.42  3.75  2.74  1.88  1.56  0.98  0.39  0.21  0.13  0.08  0.04  0.03  0.03
 5 -60  0.06  0.17  0.28  0.55  1.10  1.65  2.74  5.47  7.00  7.72  7.45  6.75  6.17  5.57  5.31  5.11  4.35  2.87  1.83  1.49  0.89  0.37  0.20  0.14  0.08  0.04  0.03  0.03
 5 -55  0.05  0.16  0.26  0.53  1.06  1.59  2.64  5.26  6.98  7.87  7.75  7.18  6.54  5.94  5.67  5.57  4.61  2.72  1.66  1.34  0.74  0.35  0.19  0.14  0.07  0.04  0.03  0.03
 5 -50  0.05  0.15  0.25  0.51  1.02  1.52  2.54  5.06  7.00  8.10  8.09  7.59  6.99  6.31  6.06  6.05  4.82  2.52  1.49  1.17  0.60  0.34  0.18  0.10  0.06  0.04  0.03  0.03
 5 -45  0.05  0.14  0.23  0.47  0.93  1.40  2.33  4.64  6.63  7.80  8.20  8.03  7.59  6.92  6.42  6.05  4.70  2.45  1.42  1.09  0.51  0.29  0.15  0.08  0.05  0.04  0.03  0.03
 5 -40  0.04  0.13  0.21  0.43  0.85  1.28  2.13  4.24  6.16  7.43  8.24  8.37  8.05  7.45  6.59  6.02  4.61  2.37  1.31  0.99  0.44  0.25  0.12  0.07  0.05  0.03  0.03  0.03
 5 -35  0.04  0.12  0.20  0.39  0.78  1.17  1.95  3.90  5.68  6.86  7.96  8.48  8.42  7.90  7.03  6.41  4.51  2.14  1.09  0.81  0.34  0.19  0.10  0.06  0.04  0.03  0.03  0.03
 5 -30  0.04  0.11  0.18  0.36  0.73  1.09  1.81  3.61  5.32  6.50  7.76  8.62  8.70  8.33  7.45  6.82  4.46  1.96  0.86  0.63  0.23  0.10  0.06  0.04  0.04  0.03  0.03  0.03
 5 -25  0.03  0.10  0.17  0.35  0.69  1.04  1.73  3.45  5.02  6.11  7.52  8.73  9.10  8.86  7.65  6.85  4.35  1.89  0.70  0.51  0.18  0.06  0.04  0.03  0.03  0.03  0.03  0.03
 5 -20  0.03  0.10  0.17  0.33  0.66  0.99  1.66  3.30  4.90  6.04  7.39  8.73  9.42  9.56  7.93  6.87  4.26  1.72  0.55  0.39  0.13  0.04  0.03  0.03  0.03  0.03  0.03  0.03
 5 -15  0.03  0.10  0.16  0.32  0.64  0.96  1.60  3.20  4.67  5.72  7.22  8.85  9.53  9.74  8.16  7.05  4.24  1.60  0.47  0.33  0.12  0.03  0.03  0.03  0.03  0.03  0.03  0.03
 5 -10  0.03  0.10  0.16  0.32  0.64  0.96  1.59  3.17  4.49  5.53  7.03  8.68  9.54  9.93  8.35  7.26  4.31  1.50  0.40  0.28  0.11  0.03  0.02  0.02  0.03  0.03  0.03  0.03
 5  -5  0.03  0.09  0.16  0.32  0.63  0.95  1.58  3.14  4.39  5.36  7.06  8.59  9.37  9.87  8.20  7.03  4.11  1.35  0.36  0.26  0.11  0.03  0.02  0.02  0.02  0.03  0.03  0.02
 5   0  0.03  0.09  0.16  0.31  0.62  0.93  1.55  3.10  4.35  5.32  7.09  8.82  9.62 10.07  8.09  6.74  3.85  1.13  0.31  0.22  0.10  0.03  0.02  0.02  0.02  0.03  0.03  0.02
 5   5  0.03  0.09  0.15  0.31  0.62  0.93  1.55  3.08  4.39  5.26  7.01  8.71  9.59  9.97  8.08  6.95  4.16  1.38  0.46  0.33  0.16  0.03  0.02  0.02  0.03  0.03  0.03  0.03
 5  10  0.03  0.09  0.15  0.30  0.60  0.90  1.50  3.00  4.13  4.97  6.73  8.46  9.35  9.57  8.10  7.26  4.52  1.66  0.65  0.47  0.22  0.03  0.03  0.03  0.03  0.03  0.03  0.03
 5  15  0.03  0.09  0.15  0.30  0.60  0.90  1.50  2.99  4.23  5.14  6.90  8.51  9.13  9.20  7.88  7.11  4.42  1.80  0.74  0.55  0.25  0.04  0.03  0.03  0.03  0.04  0.04  0.04
 5  20  0.03  0.09  0.15  0.31  0.61  0.92  1.53  3.06  4.32  5.28  6.91  8.61  9.19  8.98  7.77  7.04  4.37  1.90  0.80  0.59  0.27  0.06  0.04  0.04  0.04  0.04  0.04  0.04
 5  25  0.03  0.09  0.15  0.30  0.61  0.91  1.52  3.03  4.29  5.24  6.86  8.43  8.88  8.72  7.62  6.87  4.55  2.11  0.94  0.71  0.35  0.09  0.06  0.05  0.05  0.05  0.05  0.04
 5  30  0.03  0.09  0.15  0.30  0.60  0.90  1.49  2.98  4.32  5.27  6.89  8.27  8.74  8.64  7.54  6.78  4.77  2.28  1.08  0.84  0.43  0.16  0.08  0.06  0.06  0.05  0.05  0.05
 5  35  0.03  0.09  0.15  0.30  0.60  0.90  1.49  2.98  4.34  5.32  6.98  8.28  8.75  8.57  7.48  6.71  4.77  2.52  1.27  1.00  0.56  0.31  0.13  0.08  0.06  0.06  0.05  0.05
 5  40  0.03  0.09  0.15  0.30  0.60  0.90  1.50  2.99  4.18  5.14  6.68  8.24  8.75  8.48  7.33  6.59  4.77  2.74  1.47  1.18  0.71  0.41  0.20  0.11  0.08  0.06  0.05  0.05
 5  45  0.03  0.09  0.15  0.29  0.58  0.87  1.45  2.89  4.16  5.12  6.83  8.20  8.53  8.23  7.14  6.42  4.76  2.91  1.61  1.35  0.88  0.49  0.34  0.15  0.09  0.06  0.06  0.05
 5  50  0.03  0.08  0.14  0.28  0.56  0.83  1.39  2.76  4.08  5.07  6.72  8.01  8.22  7.89  6.91  6.21  4.71  3.04  1.82  1.54  1.00  0.58  0.40  0.19  0.11  0.07  0.06  0.05
 5  55  0.03  0.08  0.13  0.27  0.54  0.81  1.34  2.68  3.93  4.88  6.55  7.78  7.94  7.53  6.56  5.89  4.69  3.16  1.98  1.67  1.10  0.63  0.45  0.30  0.13  0.07  0.06  0.05
 5  60  0.03  0.08  0.14  0.27  0.55  0.82  1.36  2.72  3.99  4.96  6.57  7.66  7.69  7.14  6.24  5.63  4.68  3.32  2.17  1.83  1.21  0.70  0.52  0.33  0.14  0.08  0.06  0.05
 5  65  0.03  0.08  0.13  0.27  0.53  0.80  1.33  2.66  3.90  4.85  6.40  7.33  7.24  6.64  5.76  5.14  4.34  3.31  2.33  1.98  1.36  0.80  0.60  0.39  0.15  0.08  0.06  0.05
 5  70  0.03  0.08  0.13  0.26  0.52  0.78  1.30  2.60  3.81  4.75  6.24  7.00  6.80  6.14  5.27  4.65  3.99  3.30  2.49  2.14  1.52  0.91  0.69  0.45  0.28  0.08  0.06  0.05
 5  75  0.03  0.08  0.13  0.26  0.52  0.78  1.30  2.60  3.85  4.81  6.25  6.76  6.41  5.69  5.06  4.61  4.08  3.37  2.54  2.19  1.56  0.94  0.69  0.45  0.27  0.09  0.06  0.05
 5  80  0.03  0.08  0.13  0.26  0.52  0.78  1.30  2.60  3.89  4.88  6.27  6.53  6.02  5.25  4.85  4.56  4.20  3.44  2.57  2.22  1.59  0.96  0.69  0.44  0.27  0.09  0.06  0.05
 5  85  0.03  0.08  0.13  0.26  0.52  0.78  1.30  2.60  3.89  4.88  6.27  6.53  6.03  5.25  4.85  4.56  4.20  3.44  2.57  2.22  1.59  0.96  0.69  0.44  0.27  0.09  0.07  0.05
 5  90  0.03  0.08  0.13  0.26  0.52  0.78  1.30  2.60  3.89  4.88  6.28  6.53  6.03  5.25  4.85  4.56  4.20  3.44  2.57  2.22  1.59  0.96  0.69  0.44  0.27  0.10  0.07  0.06
 6 -90  0.06  0.18  0.29  0.59  1.17  1.76  2.92  5.80  6.59  6.99  6.36  4.96  4.30  3.91  3.51  3.27  3.07  2.88  2.13  1.83  1.29  0.46  0.21  0.12  0.07  0.04  0.03  0.03
 6 -85  0.06  0.18  0.29  0.59  1.17  1.76  2.92  5.80  6.59  6.99  6.36  4.96  4.30  3.91  3.51  3.27  3.07  2.88  2.13  1.83  1.29  0.46  0.21  0.12  0.07  0.04  0.03  0.03
 6 -80  0.06  0.18  0.29  0.59  1.17  1.76  2.92  5.80  6.59  6.99  6.36  4.96  4.30  3.91  3.51  3.27  3.07  2.88  2.13  1.83  1.29  0.46  0.21  0.13  0.07  0.04  0.03  0.03
 6 -75  0.06  0.18  0.29  0.59  1.17  1.75  2.91  5.78  6.63  7.08  6.70  5.48  4.85  4.36  3.87  3.48  3.18  2.85  2.08  1.80  1.29  0.46  0.20  0.13  0.07  0.04  0.03  0.03
 6 -70  0.06  0.17  0.29  0.58  1.16  1.73  2.88  5.73  6.66  7.15  7.00  6.02  5.42  4.83  4.27  3.75  3.31  2.82  2.03  1.74  1.26  0.44  0.20  0.13  0.07  0.04  0.03  0.03
 6 -65  0.06  0.17  0.29  0.57  1.14  1.71  2.84  5.65  6.74  7.32  7.10  6.21  5.62  5.03  4.72  4.35  3.75  2.87  2.00  1.68  1.16  0.45  0.23  0.13  0.07  0.04  0.03  0.03
 6 -60  0.06  0.17  0.28  0.56  1.12  1.68  2.80  5.57  6.82  7.45  7.18  6.41  5.83  5.23  5.12  4.92  4.21  2.94  1.96  1.63  1.06  0.45  0.26  0.13  0.07  0.04  0.03  0.03
 6 -55  0.05  0.16  0.27  0.55  1.10  1.64  2.74  5.45  6.99  7.76  7.45  6.75  6.12  5.55  5.45  5.42  4.50  2.85  1.77  1.45  0.90  0.39  0.26  0.13  0.07  0.04  0.03  0.03
 6 -50  0.05  0.16  0.27  0.55  1.09  1.63  2.72  5.42  7.22  8.21  7.79  7.12  6.51  5.90  5.81  5.93  4.75  2.66  1.55  1.26  0.74  0.35  0.27  0.11  0.06  0.04  0.03  0.03
 6 -45  0.05  0.15  0.25  0.50  0.99  1.49  2.48  4.94  6.90  8.03  8.12  7.73  7.26  6.61  6.17  5.89  4.67  2.57  1.48  1.18  0.65  0.32  0.24  0.09  0.05  0.04  0.03  0.03
 6 -40  0.04  0.13  0.22  0.45  0.89  1.33  2.22  4.42  6.42  7.68  8.29  8.17  7.74  7.14  6.31  5.82  4.63  2.49  1.38  1.09  0.60  0.28  0.20  0.08  0.05  0.03  0.03  0.03
 6 -35  0.04  0.12  0.20  0.40  0.81  1.21  2.02  4.02  5.85  7.03  7.96  8.30  8.17  7.62  6.77  6.20  4.68  2.26  1.13  0.89  0.47  0.22  0.12  0.07  0.05  0.03  0.03  0.03
 6 -30  0.04  0.11  0.18  0.37  0.73  1.10  1.83  3.65  5.39  6.55  7.71  8.43  8.46  8.06  7.16  6.56  4.78  2.10  0.88  0.68  0.32  0.15  0.07  0.05  0.04  0.03  0.03  0.03
 6 -25  0.04  0.11  0.18  0.36  0.71  1.07  1.78  3.54  5.15  6.23  7.49  8.49  8.80  8.51  7.42  6.72  4.60  1.94  0.71  0.53  0.23  0.06  0.04  0.04  0.03  0.03  0.03  0.03
 6 -20  0.03  0.10  0.17  0.35  0.69  1.04  1.73  3.45  5.10  6.22  7.44  8.50  9.03  9.13  7.75  6.87  4.41  1.72  0.53  0.38  0.13  0.04  0.03  0.03  0.03  0.03  0.03  0.03
 6 -15  0.03  0.10  0.17  0.34  0.67  1.00  1.67  3.33  4.87  6.02  7.46  8.73  9.18  9.37  7.93  6.86  4.20  1.61  0.49  0.35  0.13  0.04  0.03  0.03  0.03  0.03  0.03  0.03
 6 -10  0.03  0.10  0.17  0.33  0.67  1.00  1.67  3.32  4.77  5.90  7.37  8.69  9.26  9.49  8.01  6.87  4.09  1.52  0.47  0.34  0.13  0.03  0.03  0.03  0.03  0.03  0.03  0.03
 6  -5  0.03  0.10  0.17  0.33  0.66  1.00  1.66  3.30  4.64  5.68  7.39  8.69  9.11  9.45  8.16  7.08  4.21  1.49  0.43  0.32  0.13  0.03  0.03  0.03  0.03  0.03  0.03  0.03
 6   0  0.03  0.10  0.16  0.32  0.64  0.95  1.58  3.16  4.51  5.49  7.29  8.79  9.18  9.56  8.31  7.26  4.30  1.41  0.39  0.29  0.14  0.03  0.03  0.03  0.03  0.03  0.03  0.03
 6   5  0.03  0.10  0.16  0.32  0.64  0.96  1.59  3.18  4.53  5.46  7.18  8.76  9.39  9.63  8.22  7.28  4.46  1.55  0.48  0.35  0.18  0.03  0.03  0.03  0.03  0.03  0.03  0.03
 6  10  0.03  0.09  0.15  0.31  0.62  0.93  1.54  3.08  4.26  5.16  6.89  8.55  9.34  9.49  8.14  7.38  4.66  1.70  0.62  0.46  0.22  0.03  0.03  0.03  0.03  0.03  0.03  0.03
 6  15  0.03  0.09  0.15  0.31  0.62  0.93  1.55  3.08  4.32  5.29  7.02  8.63  9.24  9.24  7.89  7.11  4.59  1.82  0.69  0.52  0.25  0.04  0.03  0.03  0.03  0.04  0.04  0.03
 6  20  0.03  0.09  0.16  0.32  0.63  0.95  1.58  3.15  4.42  5.39  6.99  8.68  9.27  9.02  7.70  6.90  4.51  1.89  0.74  0.55  0.27  0.06  0.04  0.04  0.04  0.04  0.04  0.04
 6  25  0.03  0.09  0.16  0.31  0.62  0.93  1.55  3.09  4.31  5.27  6.92  8.48  8.94  8.81  7.72  6.95  4.61  2.02  0.81  0.61  0.30  0.09  0.05  0.05  0.05  0.05  0.05  0.04
 6  30  0.03  0.09  0.15  0.30  0.60  0.90  1.51  3.00  4.29  5.19  6.83  8.26  8.77  8.70  7.76  7.06  4.75  2.15  0.88  0.69  0.34  0.13  0.07  0.06  0.05  0.05  0.05  0.04
 6  35  0.03  0.09  0.15  0.30  0.60  0.90  1.50  2.99  4.27  5.19  6.83  8.20  8.70  8.59  7.57  6.82  4.70  2.41  1.11  0.87  0.46  0.19  0.10  0.07  0.06  0.05  0.05  0.05
 6  40  0.03  0.09  0.15  0.30  0.59  0.89  1.48  2.95  4.07  4.97  6.47  8.05  8.63  8.49  7.33  6.55  4.68  2.66  1.35  1.08  0.60  0.32  0.15  0.09  0.07  0.06  0.05  0.05
 6  45  0.03  0.09  0.14  0.29  0.57  0.86  1.42  2.84  4.01  4.91  6.50  7.90  8.34  8.14  7.05  6.34  4.69  2.78  1.49  1.24  0.78  0.41  0.27  0.12  0.08  0.06  0.06  0.05
 6  50  0.03  0.08  0.13  0.27  0.54  0.80  1.34  2.67  3.87  4.78  6.31  7.65  8.02  7.79  6.82  6.12  4.66  2.87  1.68  1.42  0.92  0.50  0.34  0.16  0.10  0.07  0.06  0.05
 6  55  0.03  0.08  0.13  0.26  0.51  0.77  1.28  2.55  3.65  4.48  6.02  7.32  7.66  7.36  6.43  5.79  4.46  2.92  1.79  1.51  0.99  0.55  0.40  0.19  0.11  0.07  0.06  0.05
 6  60  0.03  0.08  0.13  0.26  0.51  0.76  1.27  2.54  3.63  4.46  5.94  7.12  7.36  6.93  6.10  5.52  4.27  2.99  1.93  1.62  1.06  0.60  0.45  0.28  0.13  0.07  0.06  0.05
 6  65  0.02  0.07  0.12  0.25  0.49  0.74  1.23  2.45  3.51  4.33  5.79  6.85  6.97  6.44  5.57  4.97  3.91  2.94  2.05  1.74  1.18  0.66  0.52  0.33  0.14  0.08  0.06  0.05
 6  70  0.02  0.07  0.12  0.24  0.47  0.71  1.18  2.36  3.40  4.19  5.65  6.58  6.57  5.95  5.05  4.42  3.56  2.89  2.17  1.87  1.30  0.73  0.59  0.37  0.15  0.08  0.06  0.05
 6  75  0.02  0.07  0.11  0.23  0.46  0.69  1.14  2.28  3.34  4.16  5.68  6.48  6.32  5.60  4.81  4.24  3.57  2.91  2.22  1.92  1.36  0.76  0.61  0.39  0.17  0.09  0.06  0.05
 6  80  0.02  0.07  0.11  0.22  0.44  0.66  1.10  2.20  3.28  4.12  5.71  6.38  6.07  5.26  4.56  4.07  3.61  2.94  2.27  1.97  1.41  0.78  0.63  0.40  0.24  0.09  0.07  0.05
 6  85  0.02  0.07  0.11  0.22  0.44  0.66  1.10  2.20  3.29  4.12  5.71  6.38  6.08  5.26  4.56  4.07  3.61  2.94  2.27  1.97  1.41  0.78  0.63  0.40  0.24  0.09  0.07  0.05
 6  90  0.02  0.07  0.11  0.22  0.44  0.66  1.10  2.20  3.29  4.13  5.72  6.38  6.08  5.26  4.57  4.07  3.61  2.94  2.27  1.97  1.41  0.78  0.63  0.40  0.24  0.10  0.07  0.05
 7 -90  0.05  0.16  0.26  0.53  1.05  1.58  2.62  5.20  6.08  6.58  6.23  5.17  4.55  4.19  3.65  3.36  3.24  2.75  2.10  1.79  1.21  0.47  0.27  0.12  0.06  0.04  0.03  0.03
 7 -85  0.05  0.16  0.26  0.53  1.05  1.58  2.62  5.20  6.09  6.58  6.23  5.17  4.55  4.19  3.65  3.36  3.24  2.75  2.10  1.79  1.21  0.47  0.27  0.12  0.06  0.04  0.03  0.03
 7 -80  0.05  0.16  0.26  0.53  1.05  1.58  2.62  5.20  6.09  6.57  6.23  5.17  4.55  4.19  3.65  3.36  3.24  2.75  2.10  1.80  1.21  0.47  0.27  0.12  0.06  0.04  0.03  0.03
 7 -75  0.05  0.15  0.25  0.49  0.99  1.48  2.45  4.87  5.86  6.41  6.41  5.61  5.12  4.70  3.96  3.47  3.12  2.73  2.09  1.79  1.24  0.48  0.28  0.12  0.06  0.04  0.03  0.03
 7 -70  0.05  0.14  0.23  0.45  0.91  1.36  2.26  4.48  5.60  6.23  6.54  6.07  5.71  5.18  4.31  3.62  3.04  2.70  2.06  1.77  1.25  0.48  0.28  0.12  0.06  0.04  0.03  0.03
 7 -65  0.05  0.14  0.23  0.46  0.93  1.39  2.31  4.59  5.90  6.59  6.82  6.23  5.74  5.12  4.73  4.32  3.68  2.79  2.00  1.71  1.20  0.47  0.24  0.13  0.07  0.04  0.03  0.03
 7 -60  0.05  0.14  0.24  0.47  0.94  1.41  2.34  4.66  6.15  6.91  7.06  6.39  5.78  5.09  5.12  5.00  4.31  2.92  1.95  1.65  1.15  0.46  0.27  0.13  0.07  0.04  0.03  0.03
 7 -55  0.05  0.14  0.23  0.46  0.91  1.37  2.27  4.53  6.25  7.14  7.33  6.80  6.09  5.44  5.52  5.59  4.61  2.89  1.80  1.50  0.96  0.39  0.27  0.13  0.07  0.04  0.03  0.03
 7 -50  0.05  0.14  0.23  0.46  0.91  1.36  2.27  4.53  6.41  7.51  7.67  7.21  6.52  5.79  5.90  6.18  4.88  2.76  1.62  1.32  0.78  0.34  0.26  0.13  0.07  0.04  0.03  0.03
 7 -45  0.04  0.13  0.22  0.44  0.88  1.31  2.19  4.36  6.31  7.48  8.01  7.81  7.34  6.64  6.30  6.14  4.86  2.77  1.59  1.28  0.70  0.31  0.23  0.11  0.06  0.04  0.03  0.03
 7 -40  0.04  0.12  0.21  0.41  0.83  1.24  2.06  4.11  5.99  7.26  8.11  8.18  7.80  7.22  6.47  6.08  4.89  2.78  1.55  1.23  0.65  0.27  0.20  0.11  0.06  0.04  0.03  0.03
 7 -35  0.04  0.12  0.19  0.39  0.78  1.16  1.94  3.86  5.62  6.78  7.84  8.27  8.18  7.65  6.74  6.16  4.79  2.54  1.33  1.04  0.52  0.22  0.16  0.09  0.06  0.04  0.03  0.03
 7 -30  0.04  0.11  0.18  0.36  0.73  1.09  1.82  3.62  5.32  6.46  7.64  8.37  8.42  8.01  6.91  6.21  4.75  2.39  1.10  0.84  0.38  0.16  0.08  0.06  0.05  0.04  0.03  0.03
 7 -25  0.04  0.11  0.18  0.36  0.72  1.08  1.79  3.57  5.22  6.30  7.53  8.42  8.68  8.35  7.19  6.48  4.60  2.13  0.87  0.65  0.27  0.07  0.05  0.04  0.04  0.04  0.03  0.03
 7 -20  0.04  0.11  0.18  0.36  0.71  1.07  1.78  3.54  5.25  6.36  7.58  8.49  8.87  8.86  7.55  6.74  4.43  1.85  0.64  0.46  0.16  0.05  0.03  0.03  0.03  0.03  0.03  0.03
 7 -15  0.03  0.10  0.17  0.34  0.68  1.02  1.70  3.39  5.01  6.25  7.69  8.78  9.10  9.21  7.90  6.89  4.14  1.64  0.57  0.41  0.16  0.04  0.03  0.03  0.03  0.03  0.03  0.03
 7 -10  0.03  0.10  0.17  0.34  0.68  1.02  1.69  3.36  4.92  6.12  7.67  8.87  9.26  9.32  8.11  7.06  3.94  1.47  0.50  0.37  0.15  0.03  0.03  0.03  0.03  0.03  0.03  0.03
 7  -5  0.03  0.10  0.17  0.34  0.67  1.01  1.68  3.33  4.75  5.83  7.64  8.92  9.12  9.29  8.16  7.02  4.11  1.49  0.49  0.37  0.16  0.03  0.03  0.03  0.03  0.03  0.03  0.03
 7   0  0.03  0.09  0.16  0.31  0.63  0.94  1.57  3.12  4.51  5.48  7.37  8.85  9.01  9.28  8.14  6.96  4.26  1.48  0.48  0.36  0.17  0.03  0.03  0.03  0.03  0.03  0.03  0.03
 7   5  0.03  0.10  0.16  0.32  0.64  0.96  1.60  3.19  4.57  5.56  7.31  8.95  9.40  9.49  8.21  7.17  4.47  1.66  0.57  0.42  0.20  0.03  0.03  0.03  0.03  0.03  0.03  0.02
 7  10  0.03  0.09  0.16  0.31  0.63  0.94  1.56  3.12  4.39  5.34  7.09  8.78  9.51  9.58  8.27  7.45  4.72  1.82  0.71  0.52  0.23  0.03  0.03  0.03  0.03  0.03  0.03  0.03
 7  15  0.03  0.10  0.16  0.32  0.63  0.95  1.58  3.15  4.43  5.47  7.19  8.85  9.46  9.42  8.07  7.29  4.75  1.91  0.77  0.57  0.24  0.04  0.03  0.03  0.03  0.04  0.04  0.03
 7  20  0.03  0.10  0.16  0.33  0.65  0.98  1.63  3.24  4.58  5.62  7.21  8.83  9.41  9.13  7.89  7.15  4.72  1.97  0.80  0.58  0.25  0.05  0.04  0.04  0.04  0.04  0.04  0.03
 7  25  0.03  0.10  0.16  0.32  0.64  0.96  1.59  3.18  4.44  5.46  7.17  8.64  9.07  8.93  7.75  6.93  4.64  2.08  0.86  0.63  0.26  0.08  0.05  0.05  0.05  0.05  0.04  0.04
 7  30  0.03  0.09  0.16  0.31  0.63  0.94  1.56  3.11  4.43  5.35  7.02  8.39  8.86  8.76  7.62  6.75  4.58  2.22  0.93  0.70  0.29  0.10  0.06  0.05  0.05  0.05  0.05  0.04
 7  35  0.03  0.09  0.16  0.31  0.62  0.93  1.55  3.09  4.40  5.33  6.96  8.28  8.71  8.59  7.47  6.62  4.54  2.37  1.09  0.84  0.39  0.13  0.07  0.06  0.06  0.05  0.05  0.04
 7  40  0.03  0.09  0.15  0.30  0.61  0.91  1.52  3.02  4.18  5.11  6.63  8.06  8.57  8.43  7.30  6.51  4.56  2.53  1.26  1.00  0.50  0.18  0.10  0.07  0.06  0.06  0.05  0.04
 7  45  0.03  0.09  0.15  0.29  0.59  0.88  1.46  2.91  4.10  5.01  6.53  7.79  8.18  7.98  6.93  6.25  4.56  2.63  1.38  1.13  0.69  0.32  0.16  0.10  0.08  0.06  0.05  0.05
 7  50  0.03  0.08  0.14  0.28  0.55  0.82  1.37  2.74  3.94  4.84  6.30  7.50  7.84  7.61  6.68  6.00  4.53  2.73  1.53  1.28  0.82  0.42  0.29  0.13  0.09  0.07  0.06  0.05
 7  55  0.03  0.08  0.13  0.26  0.52  0.78  1.29  2.58  3.67  4.49  5.95  7.13  7.43  7.13  6.20  5.55  4.30  2.72  1.62  1.38  0.91  0.48  0.35  0.16  0.10  0.07  0.06  0.05
 7  60  0.03  0.08  0.13  0.26  0.51  0.76  1.27  2.54  3.61  4.43  5.84  6.91  7.12  6.70  5.80  5.17  4.08  2.72  1.74  1.49  1.00  0.54  0.40  0.18  0.11  0.07  0.06  0.05
 7  65  0.02  0.07  0.12  0.24  0.49  0.73  1.22  2.43  3.47  4.26  5.65  6.59  6.68  6.16  5.22  4.56  3.64  2.64  1.82  1.57  1.09  0.58  0.45  0.28  0.12  0.07  0.06  0.05
 7  70  0.02  0.07  0.12  0.23  0.47  0.70  1.17  2.33  3.33  4.10  5.46  6.27  6.24  5.63  4.64  3.95  3.20  2.56  1.91  1.66  1.17  0.62  0.49  0.32  0.13  0.08  0.06  0.05
 7  75  0.02  0.07  0.11  0.22  0.45  0.67  1.12  2.23  3.25  4.04  5.45  6.12  5.95  5.24  4.38  3.77  3.15  2.57  1.97  1.71  1.21  0.62  0.51  0.33  0.15  0.08  0.06  0.05
 7  80  0.02  0.06  0.11  0.21  0.43  0.64  1.06  2.12  3.17  3.99  5.45  5.97  5.65  4.86  4.11  3.59  3.12  2.60  2.03  1.76  1.24  0.63  0.53  0.34  0.17  0.09  0.06  0.05
 7  85  0.02  0.06  0.11  0.21  0.43  0.64  1.07  2.13  3.18  3.99  5.45  5.97  5.65  4.86  4.12  3.59  3.12  2.60  2.03  1.76  1.24  0.63  0.53  0.34  0.18  0.09  0.06  0.05
 7  90  0.02  0.06  0.11  0.21  0.43  0.64  1.07  2.13  3.18  4.00  5.46  5.98  5.65  4.86  4.12  3.59  3.12  2.60  2.03  1.76  1.24  0.63  0.53  0.34  0.18  0.09  0.07  0.05
 8 -90  0.04  0.12  0.21  0.41  0.82  1.23  2.04  4.05  5.21  5.83  6.34  6.10  5.71  5.05  3.91  3.12  3.18  2.95  2.24  1.88  1.25  0.49  0.27  0.12  0.06  0.04  0.03  0.03
 8 -85  0.04  0.12  0.21  0.41  0.82  1.23  2.04  4.05  5.21  5.83  6.34  6.10  5.71  5.05  3.91  3.12  3.18  2.95  2.24  1.88  1.25  0.49  0.28  0.12  0.06  0.04  0.03  0.03
 8 -80  0.04  0.12  0.21  0.41  0.82  1.23  2.04  4.05  5.22  5.83  6.34  6.10  5.71  5.06  3.91  3.12  3.18  2.95  2.24  1.88  1.25  0.49  0.28  0.12  0.06  0.04  0.03  0.03
 8 -75  0.04  0.12  0.21  0.41  0.82  1.24  2.05  4.07  5.31  5.93  6.43  6.05  5.65  5.08  4.11  3.40  3.30  2.99  2.27  1.93  1.31  0.52  0.29  0.12  0.06  0.04  0.03  0.03
 8 -70  0.04  0.12  0.20  0.41  0.82  1.22  2.03  4.04  5.36  6.01  6.51  6.05  5.61  5.07  4.34  3.70  3.39  2.99  2.27  1.93  1.35  0.53  0.30  0.13  0.07  0.04  0.03  0.03
 8 -65  0.04  0.12  0.20  0.39  0.79  1.18  1.96  3.91  5.40  6.15  6.78  6.43  5.88  5.23  4.86  4.44  3.88  3.05  2.13  1.81  1.23  0.50  0.33  0.14  0.07  0.04  0.03  0.03
 8 -60  0.04  0.12  0.19  0.39  0.77  1.15  1.92  3.83  5.43  6.30  7.03  6.80  6.15  5.43  5.35  5.17  4.36  3.13  2.00  1.68  1.11  0.47  0.29  0.15  0.07  0.04  0.03  0.03
 8 -55  0.04  0.11  0.19  0.38  0.77  1.15  1.91  3.81  5.51  6.56  7.34  7.30  6.63  5.92  5.68  5.61  4.69  3.18  1.87  1.56  0.98  0.41  0.28  0.15  0.07  0.04  0.03  0.03
 8 -50  0.04  0.12  0.19  0.39  0.78  1.16  1.94  3.86  5.72  6.87  7.72  7.77  7.16  6.34  6.03  6.05  5.04  3.18  1.74  1.43  0.88  0.37  0.28  0.14  0.07  0.04  0.03  0.03
 8 -45  0.04  0.12  0.20  0.39  0.78  1.17  1.95  3.89  5.78  6.93  8.00  8.20  7.81  7.09  6.40  6.05  5.02  3.12  1.69  1.39  0.81  0.35  0.26  0.13  0.07  0.04  0.03  0.03
 8 -40  0.04  0.12  0.19  0.39  0.78  1.16  1.94  3.86  5.60  6.88  8.01  8.40  8.09  7.50  6.56  6.04  5.02  3.05  1.68  1.36  0.79  0.32  0.24  0.12  0.07  0.04  0.04  0.03
 8 -35  0.04  0.11  0.19  0.37  0.74  1.12  1.86  3.70  5.39  6.55  7.84  8.44  8.37  7.81  6.78  6.14  4.87  2.77  1.43  1.14  0.63  0.26  0.19  0.11  0.07  0.04  0.04  0.03
 8 -30  0.04  0.11  0.18  0.36  0.71  1.06  1.77  3.53  5.22  6.37  7.72  8.53  8.53  8.02  6.89  6.20  4.76  2.57  1.17  0.91  0.45  0.19  0.09  0.07  0.05  0.04  0.04  0.04
 8 -25  0.04  0.11  0.18  0.35  0.71  1.06  1.76  3.51  5.18  6.28  7.64  8.61  8.82  8.36  7.15  6.43  4.63  2.24  0.90  0.68  0.31  0.07  0.05  0.04  0.04  0.04  0.04  0.04
 8 -20  0.04  0.11  0.18  0.35  0.70  1.05  1.75  3.48  5.20  6.29  7.68  8.77  9.09  8.88  7.51  6.66  4.47  1.93  0.62  0.45  0.16  0.05  0.04  0.03  0.03  0.04  0.04  0.04
 8 -15  0.03  0.10  0.17  0.33  0.67  1.00  1.66  3.30  4.93  6.18  7.75  9.01  9.38  9.37  7.96  6.87  4.16  1.71  0.57  0.41  0.14  0.04  0.03  0.03  0.03  0.03  0.04  0.04
 8 -10  0.03  0.10  0.16  0.33  0.65  0.98  1.63  3.25  4.79  5.98  7.68  9.11  9.54  9.49  8.23  7.09  3.93  1.49  0.53  0.38  0.12  0.04  0.03  0.03  0.03  0.03  0.03  0.03
 8  -5  0.03  0.10  0.16  0.33  0.65  0.97  1.62  3.22  4.61  5.68  7.62  9.18  9.41  9.46  8.40  7.19  4.06  1.52  0.52  0.38  0.13  0.03  0.03  0.03  0.03  0.03  0.03  0.03
 8   0  0.03  0.09  0.15  0.30  0.60  0.90  1.50  2.99  4.31  5.23  7.20  8.94  9.15  9.36  8.45  7.30  4.19  1.54  0.51  0.37  0.14  0.03  0.03  0.03  0.03  0.03  0.03  0.03
 8   5  0.03  0.09  0.16  0.31  0.63  0.94  1.56  3.11  4.45  5.43  7.25  9.15  9.60  9.61  8.48  7.38  4.41  1.67  0.59  0.43  0.17  0.03  0.03  0.03  0.03  0.03  0.03  0.02
 8  10  0.03  0.09  0.15  0.31  0.62  0.93  1.54  3.08  4.39  5.38  7.15  9.03  9.79  9.82  8.46  7.50  4.68  1.79  0.72  0.52  0.20  0.03  0.03  0.03  0.03  0.03  0.03  0.03
 8  15  0.03  0.09  0.16  0.32  0.63  0.95  1.58  3.14  4.47  5.56  7.28  9.08  9.74  9.69  8.24  7.35  4.71  1.86  0.77  0.57  0.21  0.04  0.03  0.03  0.03  0.03  0.03  0.03
 8  20  0.03  0.10  0.16  0.33  0.66  0.98  1.63  3.25  4.71  5.81  7.43  9.00  9.59  9.32  7.99  7.20  4.67  1.93  0.82  0.58  0.22  0.05  0.04  0.04  0.04  0.04  0.04  0.03
 8  25  0.03  0.10  0.16  0.32  0.64  0.97  1.61  3.20  4.58  5.70  7.47  8.86  9.26  9.09  7.81  6.97  4.60  2.02  0.86  0.61  0.24  0.06  0.04  0.04  0.04  0.05  0.04  0.04
 8  30  0.03  0.10  0.16  0.32  0.64  0.96  1.60  3.19  4.60  5.61  7.32  8.62  9.02  8.84  7.64  6.77  4.53  2.16  0.91  0.68  0.27  0.08  0.05  0.05  0.05  0.05  0.05  0.04
 8  35  0.03  0.10  0.16  0.32  0.64  0.96  1.60  3.18  4.60  5.59  7.25  8.48  8.79  8.60  7.48  6.60  4.48  2.24  1.02  0.77  0.34  0.10  0.06  0.06  0.05  0.05  0.05  0.04
 8  40  0.03  0.09  0.16  0.31  0.63  0.94  1.57  3.13  4.39  5.43  7.00  8.23  8.58  8.36  7.27  6.48  4.50  2.36  1.14  0.90  0.44  0.14  0.09  0.07  0.06  0.06  0.05  0.04
 8  45  0.03  0.09  0.15  0.31  0.61  0.92  1.53  3.06  4.34  5.34  6.84  7.87  8.10  7.81  6.80  6.15  4.41  2.46  1.31  1.07  0.64  0.27  0.13  0.09  0.07  0.06  0.05  0.05
 8  50  0.03  0.09  0.15  0.30  0.59  0.88  1.47  2.93  4.24  5.22  6.63  7.59  7.74  7.40  6.50  5.86  4.29  2.57  1.49  1.24  0.78  0.37  0.23  0.11  0.08  0.06  0.05  0.05
 8  55  0.03  0.08  0.14  0.28  0.55  0.83  1.38  2.76  3.98  4.90  6.30  7.20  7.27  6.86  6.03  5.46  4.04  2.61  1.60  1.34  0.86  0.42  0.28  0.14  0.09  0.06  0.05  0.05
 8  60  0.03  0.08  0.14  0.27  0.54  0.82  1.36  2.71  3.92  4.85  6.22  7.00  6.96  6.41  5.64  5.12  3.78  2.64  1.74  1.46  0.93  0.44  0.30  0.17  0.10  0.07  0.05  0.05
 8  65  0.03  0.08  0.13  0.26  0.53  0.79  1.32  2.62  3.80  4.70  5.99  6.58  6.41  5.78  5.04  4.53  3.44  2.55  1.79  1.52  0.99  0.48  0.34  0.21  0.11  0.07  0.06  0.05
 8  70  0.03  0.08  0.13  0.26  0.51  0.77  1.27  2.54  3.68  4.56  5.77  6.16  5.86  5.15  4.43  3.94  3.09  2.46  1.85  1.58  1.05  0.52  0.38  0.24  0.12  0.07  0.06  0.05
 8  75  0.03  0.08  0.13  0.25  0.50  0.75  1.25  2.50  3.63  4.50  5.56  5.66  5.23  4.50  3.96  3.59  3.02  2.43  1.88  1.62  1.09  0.54  0.39  0.25  0.13  0.07  0.06  0.05
 8  80  0.02  0.07  0.12  0.25  0.49  0.74  1.23  2.46  3.58  4.44  5.34  5.16  4.60  3.85  3.49  3.25  2.97  2.43  1.92  1.66  1.13  0.56  0.40  0.26  0.14  0.08  0.06  0.05
 8  85  0.02  0.07  0.12  0.25  0.49  0.74  1.23  2.46  3.58  4.45  5.35  5.17  4.61  3.85  3.49  3.25  2.97  2.43  1.92  1.66  1.13  0.56  0.40  0.26  0.15  0.08  0.06  0.05
 8  90  0.02  0.07  0.12  0.25  0.49  0.74  1.23  2.46  3.59  4.45  5.35  5.17  4.61  3.85  3.49  3.25  2.97  2.43  1.92  1.65  1.13  0.56  0.40  0.26  0.15  0.08  0.06  0.05
 9 -90  0.04  0.11  0.18  0.36  0.72  1.08  1.80  3.58  5.13  5.95  6.30  5.73  5.30  4.84  4.13  3.52  3.38  2.86  2.09  1.75  1.20  0.51  0.28  0.13  0.07  0.04  0.03  0.03
 9 -85  0.04  0.11  0.18  0.36  0.72  1.08  1.80  3.58  5.13  5.94  6.30  5.73  5.30  4.84  4.13  3.52  3.38  2.86  2.09  1.75  1.20  0.51  0.29  0.13  0.07  0.04  0.03  0.03
 9 -80  0.04  0.11  0.18  0.36  0.72  1.08  1.80  3.58  5.13  5.94  6.29  5.73  5.30  4.84  4.13  3.52  3.38  2.86  2.09  1.75  1.20  0.51  0.29  0.13  0.07  0.04  0.03  0.03
 9 -75  0.04  0.11  0.18  0.35  0.71  1.06  1.76  3.49  5.03  5.87  6.53  6.15  5.63  5.04  4.38  3.80  3.47  3.01  2.22  1.86  1.29  0.55  0.31  0.13  0.07  0.04  0.03  0.03
 9 -70  0.03  0.10  0.17  0.34  0.69  1.03  1.71  3.40  4.90  5.77  6.74  6.59  5.97  5.26  4.63  4.07  3.39  3.03  2.27  1.90  1.34  0.57  0.33  0.14  0.07  0.04  0.03  0.03
 9 -65  0.03  0.10  0.17  0.34  0.68  1.02  1.69  3.37  4.93  5.92  7.01  7.12  6.51  5.76  5.28  4.87  3.81  3.13  2.22  1.87  1.28  0.56  0.29  0.15  0.07  0.04  0.03  0.03
 9 -60  0.03  0.10  0.17  0.34  0.69  1.03  1.72  3.42  5.02  6.08  7.28  7.61  7.05  6.32  5.93  5.67  4.34  3.29  2.16  1.82  1.20  0.54  0.31  0.16  0.08  0.04  0.04  0.03
 9 -55  0.04  0.11  0.18  0.35  0.70  1.05  1.75  3.50  5.14  6.24  7.46  7.95  7.46  6.74  6.17  5.95  4.70  3.31  2.00  1.65  1.00  0.47  0.29  0.17  0.08  0.04  0.04  0.03
 9 -50  0.04  0.11  0.18  0.35  0.71  1.06  1.77  3.53  5.29  6.41  7.69  8.26  7.88  7.07  6.45  6.23  5.13  3.35  1.88  1.51  0.84  0.41  0.26  0.16  0.08  0.04  0.04  0.03
 9 -45  0.04  0.11  0.18  0.36  0.71  1.07  1.78  3.55  5.32  6.45  7.93  8.58  8.32  7.61  6.69  6.22  5.10  3.26  1.82  1.46  0.78  0.38  0.25  0.15  0.08  0.04  0.04  0.03
 9 -40  0.04  0.11  0.18  0.36  0.71  1.07  1.78  3.54  5.19  6.47  7.95  8.68  8.44  7.79  6.77  6.18  5.05  3.16  1.81  1.43  0.76  0.35  0.25  0.13  0.07  0.04  0.04  0.04
 9 -35  0.03  0.10  0.17  0.35  0.69  1.03  1.72  3.43  5.04  6.19  7.78  8.71  8.69  8.11  6.95  6.24  4.90  2.84  1.54  1.19  0.58  0.26  0.20  0.11  0.07  0.05  0.04  0.04
 9 -30  0.03  0.10  0.17  0.33  0.66  1.00  1.66  3.31  4.93  6.05  7.68  8.82  8.89  8.29  7.02  6.25  4.77  2.58  1.25  0.94  0.40  0.18  0.10  0.07  0.06  0.05  0.04  0.04
 9 -25  0.03  0.10  0.17  0.33  0.67  1.00  1.67  3.32  4.91  6.00  7.59  8.85  9.11  8.59  7.25  6.45  4.71  2.30  1.04  0.76  0.30  0.07  0.05  0.05  0.04  0.04  0.04  0.04
 9 -20  0.03  0.10  0.17  0.33  0.66  0.99  1.64  3.27  4.89  5.93  7.54  9.00  9.38  9.07  7.59  6.67  4.63  2.09  0.82  0.58  0.19  0.05  0.04  0.04  0.04  0.04  0.04  0.04
 9 -15  0.03  0.09  0.16  0.31  0.63  0.94  1.57  3.12  4.64  5.83  7.49  9.09  9.63  9.56  8.03  6.86  4.29  1.82  0.70  0.49  0.16  0.04  0.03  0.03  0.03  0.04  0.04  0.04
 9 -10  0.03  0.09  0.15  0.31  0.61  0.92  1.53  3.04  4.46  5.58  7.35  9.08  9.66  9.62  8.27  7.07  4.03  1.55  0.57  0.41  0.13  0.04  0.03  0.03  0.03  0.03  0.04  0.04
 9  -5  0.03  0.09  0.15  0.31  0.61  0.92  1.52  3.03  4.33  5.32  7.31  9.15  9.53  9.59  8.41  7.08  4.11  1.56  0.56  0.40  0.14  0.03  0.03  0.03  0.03  0.03  0.03  0.03
 9   0  0.03  0.09  0.14  0.29  0.58  0.86  1.43  2.86  4.05  4.92  6.83  8.82  9.18  9.43  8.41  7.13  4.18  1.58  0.55  0.40  0.14  0.03  0.03  0.03  0.03  0.03  0.03  0.03
 9   5  0.03  0.09  0.15  0.30  0.60  0.90  1.50  3.00  4.25  5.20  7.00  9.11  9.61  9.68  8.53  7.31  4.39  1.69  0.61  0.43  0.16  0.03  0.03  0.03  0.03  0.03  0.03  0.03
 9  10  0.03  0.09  0.15  0.30  0.60  0.91  1.51  3.01  4.30  5.31  7.02  9.02  9.83  9.94  8.59  7.52  4.62  1.77  0.69  0.49  0.17  0.03  0.03  0.03  0.03  0.03  0.03  0.03
 9  15  0.03  0.09  0.16  0.31  0.62  0.93  1.55  3.08  4.40  5.51  7.18  9.07  9.82  9.84  8.36  7.40  4.64  1.77  0.72  0.52  0.18  0.03  0.03  0.03  0.03  0.03  0.03  0.03
 9  20  0.03  0.10  0.16  0.32  0.64  0.96  1.60  3.19  4.68  5.84  7.43  8.99  9.64  9.45  8.07  7.24  4.59  1.79  0.73  0.53  0.19  0.04  0.03  0.03  0.03  0.04  0.04  0.03
 9  25  0.03  0.09  0.16  0.31  0.63  0.94  1.57  3.12  4.58  5.76  7.55  8.92  9.35  9.16  7.92  7.18  4.60  1.84  0.76  0.54  0.19  0.06  0.04  0.04  0.04  0.04  0.04  0.04
 9  30  0.03  0.10  0.16  0.32  0.63  0.95  1.58  3.15  4.61  5.70  7.42  8.71  9.10  8.83  7.83  7.13  4.61  1.95  0.79  0.58  0.22  0.07  0.05  0.04  0.04  0.05  0.04  0.04
 9  35  0.03  0.10  0.16  0.32  0.64  0.96  1.60  3.18  4.71  5.78  7.43  8.56  8.76  8.51  7.51  6.73  4.48  2.08  0.95  0.71  0.31  0.09  0.06  0.05  0.05  0.05  0.05  0.04
 9  40  0.03  0.10  0.16  0.32  0.64  0.96  1.60  3.19  4.61  5.75  7.35  8.34  8.46  8.13  7.12  6.40  4.43  2.29  1.16  0.89  0.43  0.13  0.08  0.06  0.05  0.05  0.05  0.04
 9  45  0.03  0.10  0.16  0.32  0.65  0.97  1.61  3.20  4.65  5.76  7.18  7.87  7.83  7.45  6.56  5.99  4.33  2.40  1.35  1.09  0.63  0.26  0.12  0.08  0.06  0.05  0.05  0.04
 9  50  0.03  0.10  0.16  0.32  0.64  0.96  1.60  3.19  4.70  5.80  7.07  7.59  7.39  6.91  6.16  5.66  4.22  2.55  1.53  1.25  0.77  0.35  0.21  0.11  0.08  0.06  0.05  0.05
 9  55  0.03  0.09  0.15  0.31  0.62  0.92  1.54  3.07  4.54  5.62  6.80  7.15  6.81  6.28  5.63  5.22  4.02  2.59  1.64  1.35  0.85  0.41  0.25  0.13  0.09  0.06  0.05  0.05
 9  60  0.03  0.09  0.15  0.31  0.62  0.93  1.54  3.08  4.59  5.69  6.79  6.91  6.42  5.77  5.19  4.84  3.80  2.60  1.75  1.46  0.92  0.44  0.28  0.16  0.10  0.06  0.05  0.04
 9  65  0.03  0.09  0.16  0.31  0.62  0.94  1.56  3.11  4.60  5.67  6.54  6.42  5.84  5.17  4.59  4.23  3.46  2.48  1.81  1.52  0.98  0.47  0.30  0.18  0.10  0.06  0.05  0.04
 9  70  0.03  0.09  0.16  0.32  0.63  0.95  1.58  3.15  4.63  5.65  6.30  5.94  5.26  4.56  4.00  3.63  3.12  2.36  1.86  1.58  1.04  0.51  0.33  0.20  0.11  0.06  0.05  0.04
 9  75  0.03  0.10  0.16  0.32  0.64  0.95  1.59  3.16  4.45  5.31  5.61  5.19  4.61  4.05  3.76  3.58  3.04  2.32  1.85  1.57  1.04  0.50  0.33  0.20  0.12  0.06  0.05  0.05
 9  80  0.03  0.10  0.16  0.32  0.64  0.96  1.59  3.17  4.27  4.96  4.93  4.45  3.97  3.54  3.52  3.53  2.99  2.32  1.85  1.58  1.05  0.50  0.33  0.21  0.12  0.07  0.05  0.05
 9  85  0.03  0.10  0.16  0.32  0.64  0.96  1.59  3.18  4.27  4.96  4.94  4.46  3.97  3.54  3.52  3.53  2.99  2.32  1.85  1.58  1.05  0.50  0.33  0.21  0.12  0.07  0.05  0.05
 9  90  0.03  0.10  0.16  0.32  0.64  0.96  1.59  3.18  4.27  4.97  4.94  4.46  3.98  3.55  3.52  3.54  2.99  2.32  1.85  1.58  1.05  0.50  0.33  0.21  0.12  0.07  0.05  0.05
10 -90  0.03  0.09  0.14  0.29  0.58  0.87  1.44  2.87  4.17  5.13  6.42  6.75  6.17  5.43  4.89  4.53  3.92  2.82  1.89  1.58  1.12  0.53  0.30  0.13  0.07  0.04  0.03  0.03
10 -85  0.03  0.09  0.14  0.29  0.58  0.87  1.44  2.87  4.17  5.13  6.41  6.74  6.17  5.43  4.89  4.53  3.92  2.82  1.89  1.58  1.12  0.53  0.31  0.13  0.07  0.04  0.03  0.03
10 -80  0.03  0.09  0.14  0.29  0.58  0.87  1.44  2.87  4.18  5.13  6.41  6.74  6.17  5.43  4.89  4.53  3.92  2.82  1.89  1.58  1.12  0.53  0.32  0.13  0.07  0.04  0.03  0.03
10 -75  0.03  0.09  0.15  0.29  0.58  0.87  1.45  2.88  4.19  5.15  6.48  7.02  6.55  5.85  5.37  5.14  4.16  3.17  2.14  1.77  1.23  0.58  0.28  0.14  0.07  0.04  0.03  0.03
10 -70  0.03  0.09  0.15  0.29  0.58  0.87  1.45  2.89  4.20  5.17  6.54  7.30  6.95  6.27  5.82  5.70  4.34  3.33  2.25  1.87  1.29  0.62  0.31  0.15  0.08  0.04  0.03  0.03
10 -65  0.03  0.09  0.15  0.30  0.60  0.90  1.49  2.98  4.36  5.37  6.80  7.66  7.39  6.71  6.36  6.28  4.66  3.44  2.27  1.88  1.23  0.59  0.32  0.17  0.08  0.04  0.03  0.03
10 -60  0.03  0.09  0.15  0.31  0.62  0.93  1.54  3.08  4.53  5.59  7.07  8.00  7.81  7.14  6.90  6.89  5.15  3.60  2.26  1.86  1.15  0.55  0.32  0.19  0.09  0.05  0.04  0.03
10 -55  0.03  0.09  0.16  0.32  0.63  0.95  1.58  3.15  4.65  5.72  7.24  8.22  8.06  7.39  6.86  6.66  5.16  3.43  2.07  1.69  0.99  0.46  0.29  0.18  0.09  0.05  0.04  0.03
10 -50  0.03  0.09  0.16  0.32  0.63  0.95  1.58  3.16  4.72  5.82  7.41  8.45  8.31  7.55  6.81  6.45  5.25  3.40  1.98  1.59  0.88  0.38  0.25  0.18  0.09  0.05  0.04  0.03
10 -45  0.03  0.09  0.16  0.31  0.62  0.94  1.56  3.11  4.72  5.81  7.60  8.76  8.69  8.01  7.12  6.69  5.43  3.47  1.98  1.58  0.86  0.36  0.24  0.14  0.08  0.05  0.04  0.03
10 -40  0.03  0.09  0.16  0.31  0.63  0.94  1.56  3.11  4.65  5.85  7.65  8.88  8.81  8.09  7.32  6.89  5.57  3.52  2.05  1.63  0.87  0.35  0.24  0.12  0.07  0.05  0.04  0.04
10 -35  0.03  0.09  0.15  0.31  0.62  0.93  1.54  3.08  4.53  5.60  7.45  8.86  9.01  8.44  7.44  6.87  5.26  3.00  1.61  1.25  0.62  0.25  0.17  0.10  0.07  0.05  0.04  0.04
10 -30  0.03  0.09  0.15  0.30  0.61  0.91  1.52  3.03  4.49  5.52  7.35  8.96  9.21  8.62  7.47  6.80  4.96  2.53  1.15  0.86  0.37  0.15  0.10  0.07  0.06  0.05  0.04  0.04
10 -25  0.03  0.09  0.16  0.31  0.62  0.93  1.55  3.08  4.53  5.56  7.31  8.93  9.33  8.85  7.59  6.84  4.71  2.13  0.96  0.70  0.27  0.08  0.06  0.05  0.05  0.05  0.04  0.04
10 -20  0.03  0.09  0.15  0.31  0.61  0.92  1.53  3.05  4.51  5.46  7.19  9.04  9.59  9.26  7.82  6.90  4.46  1.82  0.75  0.53  0.16  0.05  0.04  0.04  0.04  0.04  0.04  0.04
10 -15  0.03  0.09  0.15  0.30  0.59  0.88  1.47  2.93  4.33  5.39  7.09  9.01  9.76  9.67  8.17  7.07  4.23  1.70  0.66  0.46  0.14  0.04  0.03  0.03  0.03  0.04  0.04  0.04
10 -10  0.03  0.09  0.14  0.29  0.57  0.86  1.43  2.84  4.14  5.17  6.95  8.88  9.62  9.63  8.35  7.25  4.05  1.57  0.56  0.39  0.11  0.04  0.03  0.03  0.03  0.04  0.04  0.04
10  -5  0.03  0.09  0.14  0.29  0.57  0.86  1.43  2.85  4.08  5.01  6.98  8.92  9.47  9.55  8.46  7.26  4.11  1.59  0.54  0.37  0.12  0.03  0.03  0.03  0.03  0.03  0.03  0.03
10   0  0.03  0.08  0.14  0.28  0.56  0.84  1.40  2.79  3.88  4.74  6.55  8.59  9.11  9.35  8.45  7.33  4.16  1.60  0.50  0.35  0.12  0.03  0.03  0.03  0.03  0.03  0.03  0.03
10   5  0.03  0.09  0.15  0.29  0.59  0.88  1.46  2.91  4.12  5.05  6.79  8.88  9.40  9.55  8.52  7.36  4.33  1.67  0.57  0.40  0.13  0.03  0.03  0.03  0.03  0.03  0.03  0.02
10  10  0.03  0.09  0.15  0.30  0.59  0.89  1.48  2.95  4.24  5.24  6.86  8.77  9.54  9.76  8.51  7.41  4.51  1.74  0.66  0.46  0.15  0.03  0.03  0.03  0.03  0.03  0.03  0.03
10  15  0.03  0.09  0.15  0.30  0.61  0.91  1.51  3.01  4.34  5.41  6.95  8.77  9.54  9.69  8.23  7.24  4.49  1.71  0.69  0.49  0.16  0.03  0.03  0.03  0.03  0.03  0.03  0.03
10  20  0.03  0.09  0.16  0.31  0.63  0.94  1.57  3.12  4.61  5.76  7.22  8.68  9.38  9.33  7.89  7.01  4.44  1.74  0.70  0.50  0.17  0.04  0.03  0.03  0.03  0.04  0.04  0.04
10  25  0.03  0.09  0.15  0.31  0.62  0.93  1.54  3.07  4.59  5.77  7.42  8.70  9.15  8.97  7.69  6.99  4.47  1.79  0.72  0.52  0.18  0.05  0.04  0.04  0.04  0.04  0.04  0.04
10  30  0.03  0.10  0.16  0.32  0.64  0.95  1.58  3.16  4.67  5.81  7.39  8.57  8.92  8.57  7.60  6.97  4.51  1.87  0.74  0.54  0.21  0.07  0.05  0.04  0.04  0.04  0.04  0.04
10  35  0.03  0.10  0.16  0.33  0.66  0.98  1.64  3.26  4.90  6.08  7.56  8.40  8.42  8.09  7.19  6.52  4.40  1.99  0.92  0.69  0.32  0.10  0.06  0.05  0.04  0.04  0.04  0.04
10  40  0.03  0.10  0.17  0.34  0.67  1.01  1.68  3.34  5.00  6.24  7.66  8.20  7.96  7.49  6.69  6.14  4.37  2.21  1.16  0.90  0.45  0.21  0.09  0.06  0.05  0.05  0.04  0.04
10  45  0.04  0.11  0.18  0.35  0.71  1.06  1.76  3.50  5.14  6.35  7.48  7.62  7.27  6.83  6.17  5.79  4.35  2.42  1.40  1.13  0.66  0.28  0.16  0.08  0.06  0.05  0.05  0.04
10  50  0.04  0.11  0.18  0.36  0.73  1.09  1.81  3.60  5.40  6.54  7.42  7.32  6.78  6.22  5.78  5.50  4.35  2.65  1.60  1.31  0.80  0.35  0.20  0.11  0.08  0.05  0.05  0.04
10  55  0.04  0.11  0.18  0.36  0.73  1.09  1.82  3.62  5.36  6.40  7.04  6.77  6.19  5.69  5.37  5.21  4.28  2.68  1.68  1.38  0.87  0.41  0.24  0.14  0.09  0.06  0.05  0.04
10  60  0.04  0.11  0.19  0.38  0.75  1.12  1.87  3.73  5.48  6.49  6.92  6.45  5.80  5.28  5.05  4.95  4.16  2.67  1.77  1.46  0.92  0.44  0.26  0.16  0.09  0.06  0.05  0.04
10  65  0.04  0.12  0.19  0.38  0.77  1.15  1.91  3.81  5.41  6.27  6.48  5.92  5.29  4.83  4.63  4.54  3.84  2.59  1.86  1.55  1.02  0.47  0.27  0.17  0.10  0.06  0.05  0.04
10  70  0.04  0.12  0.20  0.39  0.78  1.17  1.95  3.88  5.34  6.06  6.04  5.38  4.79  4.37  4.22  4.12  3.52  2.51  1.96  1.65  1.11  0.50  0.28  0.17  0.10  0.06  0.05  0.04
10  75  0.04  0.12  0.19  0.39  0.78  1.16  1.93  3.86  4.97  5.42  5.30  4.76  4.31  4.00  3.88  3.78  3.34  2.50  2.00  1.69  1.15  0.51  0.29  0.18  0.11  0.06  0.05  0.04
10  80  0.04  0.12  0.19  0.39  0.77  1.15  1.92  3.83  4.60  4.78  4.56  4.15  3.84  3.62  3.54  3.46  3.18  2.51  2.04  1.73  1.20  0.53  0.30  0.19  0.11  0.06  0.05  0.04
10  85  0.04  0.12  0.19  0.39  0.77  1.15  1.92  3.83  4.60  4.79  4.57  4.16  3.84  3.63  3.55  3.46  3.18  2.51  2.04  1.73  1.20  0.53  0.30  0.19  0.11  0.06  0.05  0.04
10  90  0.04  0.12  0.19  0.39  0.77  1.15  1.92  3.83  4.60  4.79  4.58  4.16  3.84  3.63  3.55  3.46  3.18  2.51  2.04  1.73  1.20  0.53  0.30  0.19  0.11  0.06  0.05  0.04
11 -90  0.02  0.07  0.12  0.25  0.50  0.75  1.24  2.48  3.52  4.34  5.96  6.99  6.94  6.33  5.92  5.92  4.94  3.44  2.33  1.92  1.28  0.58  0.29  0.16  0.09  0.04  0.03  0.03
11 -85  0.02  0.07  0.12  0.25  0.50  0.75  1.24  2.48  3.52  4.34  5.96  6.99  6.93  6.33  5.92  5.92  4.94  3.44  2.33  1.93  1.28  0.58  0.29  0.17  0.09  0.04  0.03  0.03
11 -80  0.02  0.07  0.12  0.25  0.50  0.75  1.24  2.48  3.52  4.34  5.96  6.99  6.93  6.33  5.92  5.92  4.94  3.44  2.33  1.93  1.28  0.58  0.29  0.16  0.08  0.04  0.03  0.03
11 -75  0.03  0.08  0.13  0.25  0.50  0.76  1.26  2.51  3.58  4.42  5.99  7.10  7.11  6.50  6.24  6.32  5.19  3.61  2.45  2.03  1.34  0.62  0.31  0.17  0.08  0.04  0.03  0.03
11 -70  0.03  0.08  0.13  0.26  0.51  0.76  1.27  2.54  3.65  4.50  6.02  7.20  7.28  6.68  6.56  6.70  5.40  3.64  2.46  2.04  1.35  0.65  0.33  0.18  0.09  0.04  0.03  0.03
11 -65  0.03  0.08  0.13  0.26  0.53  0.79  1.31  2.62  3.78  4.67  6.23  7.47  7.57  6.95  6.80  6.87  5.42  3.56  2.36  1.94  1.23  0.60  0.32  0.18  0.09  0.04  0.03  0.03
11 -60  0.03  0.08  0.14  0.27  0.54  0.82  1.36  2.71  3.93  4.84  6.46  7.73  7.85  7.22  7.05  7.07  5.46  3.51  2.23  1.82  1.10  0.55  0.32  0.19  0.10  0.05  0.03  0.03
11 -55  0.03  0.08  0.14  0.28  0.56  0.84  1.41  2.81  4.07  4.99  6.63  7.98  8.14  7.55  6.99  6.70  5.22  3.29  1.98  1.60  0.90  0.44  0.28  0.18  0.10  0.05  0.04  0.03
11 -50  0.03  0.08  0.14  0.28  0.57  0.85  1.41  2.82  4.11  5.06  6.76  8.24  8.44  7.78  6.87  6.34  5.06  3.20  1.82  1.44  0.75  0.34  0.24  0.17  0.09  0.05  0.04  0.03
11 -45  0.03  0.08  0.14  0.28  0.55  0.83  1.38  2.76  4.09  5.02  6.87  8.56  8.81  8.23  7.11  6.51  5.21  3.23  1.81  1.43  0.73  0.31  0.21  0.14  0.08  0.05  0.04  0.03
11 -40  0.03  0.08  0.14  0.28  0.55  0.83  1.38  2.75  4.09  5.10  6.98  8.73  9.01  8.37  7.34  6.67  5.27  3.24  1.87  1.47  0.75  0.31  0.21  0.10  0.07  0.05  0.04  0.04
11 -35  0.03  0.08  0.14  0.28  0.56  0.84  1.40  2.79  4.00  4.93  6.83  8.69  9.14  8.75  7.50  6.75  4.96  2.77  1.44  1.10  0.52  0.23  0.14  0.08  0.06  0.05  0.04  0.04
11 -30  0.03  0.08  0.14  0.28  0.56  0.84  1.40  2.80  4.06  4.95  6.82  8.80  9.34  8.93  7.61  6.80  4.65  2.30  1.00  0.73  0.30  0.15  0.09  0.06  0.05  0.05  0.04  0.04
11 -25  0.03  0.09  0.15  0.29  0.58  0.87  1.45  2.89  4.17  5.12  6.94  8.84  9.40  9.06  7.64  6.76  4.46  2.03  0.87  0.62  0.22  0.09  0.06  0.05  0.05  0.04  0.04  0.04
11 -20  0.03  0.09  0.14  0.29  0.58  0.86  1.44  2.87  4.21  5.11  6.91  8.99  9.66  9.35  7.78  6.75  4.28  1.83  0.71  0.49  0.15  0.06  0.04  0.04  0.04  0.04  0.04  0.04
11 -15  0.03  0.08  0.14  0.28  0.56  0.85  1.41  2.81  4.14  5.11  6.82  8.95  9.82  9.66  8.04  6.91  4.13  1.71  0.64  0.44  0.13  0.05  0.04  0.03  0.04  0.04  0.04  0.04
11 -10  0.03  0.08  0.14  0.28  0.55  0.83  1.38  2.75  4.00  4.99  6.76  8.80  9.58  9.59  8.18  7.09  4.01  1.57  0.55  0.38  0.12  0.04  0.03  0.03  0.03  0.04  0.04  0.03
11  -5  0.03  0.08  0.14  0.28  0.56  0.83  1.39  2.77  4.02  4.97  6.93  8.80  9.40  9.45  8.21  7.06  4.01  1.53  0.53  0.37  0.13  0.04  0.03  0.03  0.03  0.03  0.03  0.03
11   0  0.03  0.09  0.14  0.29  0.57  0.86  1.43  2.84  3.95  4.87  6.65  8.57  9.13  9.22  8.17  7.09  3.98  1.48  0.50  0.35  0.12  0.03  0.03  0.03  0.03  0.03  0.03  0.03
11   5  0.03  0.09  0.15  0.29  0.59  0.88  1.46  2.91  4.16  5.09  6.84  8.72  9.17  9.33  8.25  7.11  4.15  1.55  0.54  0.37  0.13  0.03  0.03  0.03  0.03  0.03  0.03  0.03
11  10  0.03  0.09  0.15  0.30  0.59  0.89  1.48  2.95  4.27  5.26  6.81  8.51  9.15  9.42  8.24  7.15  4.32  1.62  0.59  0.41  0.14  0.03  0.03  0.03  0.03  0.03  0.03  0.03
11  15  0.03  0.09  0.15  0.30  0.60  0.90  1.50  2.99  4.37  5.43  6.85  8.42  9.07  9.26  7.91  6.96  4.23  1.58  0.61  0.43  0.14  0.04  0.03  0.03  0.03  0.03  0.04  0.03
11  20  0.03  0.09  0.16  0.31  0.62  0.94  1.56  3.10  4.62  5.79  7.10  8.29  8.89  8.91  7.54  6.72  4.16  1.61  0.61  0.44  0.15  0.04  0.03  0.03  0.03  0.04  0.04  0.04
11  25  0.03  0.09  0.16  0.31  0.62  0.93  1.55  3.09  4.71  5.90  7.34  8.34  8.67  8.44  7.26  6.67  4.23  1.74  0.69  0.51  0.19  0.05  0.04  0.04  0.04  0.04  0.04  0.04
11  30  0.03  0.10  0.16  0.33  0.66  0.98  1.64  3.26  4.87  6.09  7.40  8.23  8.43  8.01  7.13  6.61  4.32  1.86  0.74  0.55  0.23  0.07  0.05  0.04  0.04  0.04  0.04  0.04
11  35  0.03  0.10  0.17  0.35  0.70  1.04  1.74  3.46  5.21  6.47  7.64  8.06  7.92  7.56  6.84  6.33  4.46  2.07  0.96  0.73  0.35  0.16  0.07  0.05  0.04  0.04  0.04  0.04
11  40  0.04  0.11  0.18  0.37  0.73  1.09  1.82  3.63  5.47  6.79  7.81  7.89  7.43  6.94  6.42  6.11  4.66  2.39  1.26  0.97  0.49  0.21  0.10  0.07  0.05  0.04  0.04  0.04
11  45  0.04  0.12  0.19  0.39  0.77  1.16  1.92  3.83  5.61  6.87  7.54  7.28  6.78  6.39  6.06  5.89  4.70  2.61  1.50  1.21  0.72  0.32  0.19  0.09  0.07  0.05  0.04  0.04
11  50  0.04  0.12  0.20  0.41  0.82  1.22  2.03  4.05  5.94  7.03  7.43  6.92  6.28  5.79  5.75  5.72  4.76  2.83  1.72  1.41  0.87  0.41  0.23  0.15  0.08  0.05  0.05  0.04
11  55  0.04  0.12  0.21  0.41  0.82  1.23  2.05  4.08  5.81  6.68  6.87  6.30  5.76  5.41  5.46  5.53  4.65  2.88  1.79  1.48  0.99  0.47  0.25  0.16  0.09  0.05  0.05  0.04
11  60  0.04  0.13  0.21  0.42  0.83  1.25  2.08  4.14  5.77  6.58  6.57  5.92  5.42  5.14  5.24  5.34  4.48  2.88  1.88  1.58  1.10  0.50  0.27  0.16  0.09  0.05  0.05  0.04
11  65  0.04  0.12  0.20  0.40  0.81  1.21  2.01  4.01  5.56  6.28  6.29  5.69  5.27  5.03  5.01  4.99  4.33  2.89  2.04  1.74  1.26  0.57  0.29  0.18  0.09  0.05  0.05  0.04
11  70  0.04  0.12  0.20  0.40  0.80  1.19  1.98  3.95  5.35  5.99  6.02  5.47  5.13  4.93  4.78  4.64  4.17  2.91  2.21  1.91  1.42  0.64  0.32  0.20  0.10  0.06  0.05  0.04
11  75  0.04  0.12  0.20  0.39  0.79  1.18  1.96  3.91  5.09  5.62  5.56  4.79  4.32  4.10  3.97  3.84  3.60  2.80  2.13  1.84  1.35  0.59  0.29  0.17  0.10  0.06  0.05  0.04
11  80  0.04  0.12  0.19  0.39  0.78  1.16  1.94  3.85  4.82  5.25  5.11  4.11  3.52  3.27  3.17  3.05  3.04  2.72  2.06  1.77  1.29  0.55  0.26  0.16  0.10  0.06  0.05  0.04
11  85  0.04  0.12  0.19  0.39  0.78  1.16  1.94  3.85  4.83  5.25  5.11  4.12  3.52  3.27  3.17  3.05  3.04  2.72  2.06  1.77  1.29  0.55  0.26  0.16  0.11  0.06  0.05  0.04
11  90  0.04  0.12  0.19  0.39  0.78  1.16  1.94  3.85  4.83  5.25  5.12  4.12  3.52  3.27  3.17  3.05  3.05  2.72  2.06  1.77  1.29  0.55  0.26  0.16  0.11  0.06  0.05  0.04
12 -90  0.02  0.07  0.11  0.22  0.44  0.66  1.10  2.20  3.16  3.90  5.49  6.69  6.65  5.94  5.55  5.36  4.88  3.49  2.37  1.96  1.23  0.58  0.32  0.18  0.08  0.05  0.03  0.02
12 -85  0.02  0.07  0.11  0.22  0.44  0.66  1.10  2.20  3.16  3.89  5.49  6.68  6.65  5.94  5.55  5.36  4.88  3.49  2.37  1.96  1.23  0.58  0.32  0.18  0.08  0.05  0.03  0.03
12 -80  0.02  0.07  0.11  0.22  0.44  0.66  1.10  2.20  3.16  3.89  5.49  6.68  6.65  5.94  5.55  5.36  4.88  3.49  2.37  1.96  1.23  0.58  0.32  0.18  0.08  0.05  0.03  0.03
12 -75  0.02  0.07  0.11  0.23  0.46  0.68  1.14  2.26  3.24  3.98  5.52  6.77  6.80  6.12  5.73  5.54  5.01  3.49  2.36  1.96  1.23  0.58  0.33  0.18  0.10  0.05  0.03  0.03
12 -70  0.02  0.07  0.12  0.23  0.47  0.70  1.17  2.33  3.32  4.06  5.55  6.85  6.95  6.30  5.91  5.71  5.11  3.46  2.30  1.91  1.21  0.57  0.33  0.18  0.10  0.05  0.03  0.03
12 -65  0.02  0.07  0.12  0.24  0.48  0.73  1.21  2.42  3.44  4.21  5.73  7.13  7.32  6.72  6.27  6.03  5.14  3.35  2.14  1.77  1.08  0.51  0.31  0.17  0.10  0.05  0.03  0.03
12 -60  0.03  0.08  0.13  0.25  0.50  0.76  1.26  2.51  3.58  4.36  5.92  7.40  7.69  7.13  6.63  6.34  5.17  3.25  1.98  1.62  0.96  0.45  0.29  0.17  0.11  0.05  0.04  0.03
12 -55  0.03  0.08  0.13  0.27  0.53  0.79  1.32  2.64  3.74  4.56  6.13  7.70  8.09  7.65  6.95  6.48  5.03  3.03  1.73  1.41  0.78  0.38  0.26  0.17  0.11  0.05  0.04  0.03
12 -50  0.03  0.08  0.13  0.27  0.54  0.80  1.34  2.67  3.81  4.66  6.28  8.00  8.50  8.08  7.19  6.61  4.95  2.85  1.52  1.21  0.62  0.31  0.21  0.17  0.09  0.05  0.04  0.03
12 -45  0.03  0.08  0.13  0.27  0.53  0.80  1.33  2.65  3.80  4.62  6.37  8.32  8.87  8.52  7.18  6.38  4.82  2.74  1.46  1.15  0.58  0.26  0.18  0.12  0.08  0.05  0.04  0.03
12 -40  0.03  0.08  0.13  0.26  0.53  0.79  1.32  2.63  3.86  4.74  6.56  8.56  9.15  8.74  7.22  6.16  4.60  2.61  1.46  1.15  0.58  0.24  0.16  0.09  0.06  0.05  0.04  0.03
12 -35  0.03  0.08  0.14  0.27  0.54  0.81  1.36  2.70  3.79  4.64  6.50  8.56  9.20  9.02  7.54  6.63  4.54  2.32  1.15  0.88  0.41  0.20  0.11  0.07  0.05  0.04  0.04  0.04
12 -30  0.03  0.08  0.14  0.27  0.55  0.82  1.37  2.74  3.91  4.76  6.61  8.71  9.37  9.10  7.87  7.08  4.47  2.03  0.85  0.61  0.25  0.13  0.08  0.06  0.05  0.04  0.04  0.04
12 -25  0.03  0.09  0.14  0.28  0.57  0.85  1.42  2.83  4.06  5.00  6.87  8.86  9.43  9.14  7.82  7.00  4.33  1.85  0.75  0.53  0.19  0.08  0.05  0.05  0.04  0.04  0.04  0.04
12 -20  0.03  0.08  0.14  0.28  0.56  0.84  1.40  2.80  4.14  5.09  6.96  9.07  9.71  9.34  7.90  6.94  4.23  1.72  0.63  0.43  0.12  0.06  0.04  0.04  0.04  0.04  0.04  0.04
12 -15  0.03  0.08  0.14  0.28  0.56  0.84  1.40  2.79  4.17  5.13  6.91  9.12  9.92  9.59  8.03  7.00  4.12  1.64  0.58  0.39  0.11  0.05  0.03  0.03  0.03  0.04  0.04  0.03
12 -10  0.03  0.08  0.14  0.28  0.55  0.83  1.38  2.76  4.08  5.13  6.98  9.00  9.69  9.57  8.09  7.08  4.04  1.53  0.50  0.34  0.11  0.04  0.03  0.03  0.03  0.03  0.03  0.03
12  -5  0.03  0.08  0.14  0.28  0.56  0.83  1.39  2.77  4.16  5.21  7.24  8.96  9.50  9.42  7.91  6.77  3.92  1.48  0.48  0.33  0.13  0.03  0.03  0.03  0.03  0.03  0.03  0.03
12   0  0.03  0.09  0.15  0.30  0.59  0.89  1.47  2.94  4.24  5.28  7.15  8.90  9.41  9.28  7.72  6.52  3.75  1.40  0.45  0.32  0.13  0.03  0.03  0.03  0.03  0.03  0.03  0.03
12   5  0.03  0.09  0.15  0.30  0.60  0.90  1.49  2.97  4.40  5.40  7.27  8.84  9.15  9.20  7.84  6.67  3.97  1.49  0.50  0.34  0.13  0.03  0.03  0.03  0.03  0.03  0.03  0.03
12  10  0.03  0.09  0.15  0.30  0.60  0.91  1.51  3.00  4.43  5.50  7.10  8.49  8.87  9.01  7.88  6.86  4.19  1.59  0.55  0.38  0.13  0.04  0.03  0.03  0.03  0.03  0.04  0.03
12  15  0.03  0.09  0.15  0.30  0.61  0.91  1.51  3.02  4.51  5.62  7.01  8.28  8.67  8.76  7.51  6.63  4.07  1.60  0.59  0.41  0.14  0.04  0.03  0.03  0.03  0.04  0.04  0.04
12  20  0.03  0.09  0.16  0.31  0.63  0.94  1.56  3.11  4.68  5.90  7.16  8.11  8.49  8.42  7.13  6.37  4.03  1.68  0.61  0.44  0.15  0.04  0.04  0.03  0.04  0.04  0.04  0.04
12  25  0.03  0.09  0.15  0.31  0.62  0.93  1.54  3.07  4.74  5.90  7.24  8.08  8.26  7.91  6.92  6.49  4.22  1.89  0.75  0.56  0.22  0.06  0.04  0.04  0.04  0.04  0.04  0.04
12  30  0.03  0.10  0.16  0.33  0.65  0.97  1.62  3.23  4.82  6.02  7.21  7.92  8.03  7.52  6.91  6.61  4.46  2.05  0.85  0.64  0.27  0.08  0.06  0.05  0.04  0.04  0.04  0.04
12  35  0.03  0.10  0.17  0.34  0.69  1.03  1.72  3.42  5.12  6.32  7.39  7.74  7.58  7.20  6.81  6.54  4.74  2.28  1.08  0.84  0.44  0.20  0.09  0.06  0.05  0.04  0.04  0.04
12  40  0.04  0.11  0.18  0.36  0.73  1.09  1.81  3.61  5.32  6.55  7.49  7.57  7.16  6.66  6.54  6.49  5.06  2.60  1.40  1.09  0.62  0.28  0.16  0.09  0.06  0.05  0.04  0.04
12  45  0.04  0.11  0.19  0.38  0.76  1.14  1.90  3.78  5.40  6.55  7.21  7.04  6.61  6.32  6.22  6.16  5.01  2.95  1.66  1.35  0.84  0.39  0.22  0.14  0.08  0.05  0.04  0.04
12  50  0.04  0.12  0.20  0.40  0.81  1.21  2.01  4.00  5.71  6.68  7.04  6.66  6.16  5.83  5.88  5.89  4.99  3.27  1.91  1.57  1.00  0.48  0.26  0.17  0.09  0.05  0.05  0.04
12  55  0.04  0.12  0.20  0.40  0.81  1.21  2.01  4.00  5.55  6.28  6.53  6.15  5.82  5.64  5.67  5.68  4.81  3.28  2.03  1.68  1.15  0.55  0.29  0.19  0.09  0.05  0.05  0.04
12  60  0.04  0.12  0.20  0.40  0.80  1.21  2.00  3.99  5.46  6.10  6.25  5.86  5.62  5.54  5.49  5.46  4.60  3.26  2.17  1.82  1.29  0.62  0.31  0.19  0.09  0.05  0.05  0.04
12  65  0.04  0.12  0.21  0.42  0.83  1.24  2.07  4.11  5.43  6.06  6.21  5.76  5.50  5.41  5.26  5.14  4.45  3.16  2.22  1.88  1.36  0.64  0.30  0.18  0.10  0.05  0.05  0.04
12  70  0.04  0.13  0.21  0.43  0.85  1.27  2.12  4.20  5.39  6.01  6.16  5.67  5.38  5.28  5.03  4.82  4.32  3.07  2.27  1.95  1.42  0.65  0.28  0.17  0.10  0.05  0.05  0.04
12  75  0.04  0.12  0.21  0.41  0.82  1.23  2.04  4.05  5.15  5.78  5.92  5.28  4.90  4.78  4.56  4.37  4.10  3.08  2.29  1.96  1.43  0.64  0.30  0.18  0.10  0.06  0.05  0.04
12  80  0.04  0.12  0.20  0.39  0.78  1.17  1.95  3.86  4.93  5.55  5.69  4.88  4.43  4.26  4.09  3.93  3.88  3.10  2.30  1.98  1.44  0.64  0.32  0.19  0.10  0.06  0.05  0.04
12  85  0.04  0.12  0.20  0.39  0.78  1.17  1.95  3.86  4.93  5.56  5.70  4.89  4.43  4.26  4.09  3.93  3.89  3.10  2.30  1.98  1.44  0.64  0.32  0.19  0.10  0.06  0.05  0.04
12  90  0.04  0.12  0.20  0.39  0.78  1.17  1.95  3.86  4.94  5.56  5.70  4.89  4.44  4.27  4.09  3.93  3.89  3.10  2.30  1.98  1.44  0.64  0.32  0.19  0.10  0.06  0.05  0.04
