     0.010
     0.030
     0.050
     0.100
     0.200
     0.300
     0.500
     1.000
     1.500
     2.000
     3.000
     5.000
     7.000
    10.000
    15.000
    20.000
    30.000
    50.000
    70.000
    80.000
   100.000
   150.000
   200.000
   250.000
   300.000
   400.000
   500.000
   600.000
 1 -90  0.02  0.07  0.12  0.25  0.48  0.72  1.16  2.15  3.23  4.02  5.49  6.22  5.91  5.01  4.04  3.52  3.53  3.33  2.55  2.17  1.50  0.74  0.43  0.25  0.12  0.05  0.03  0.02
 1 -85  0.02  0.07  0.12  0.25  0.48  0.71  1.16  2.14  3.24  4.01  5.46  6.23  5.96  5.11  4.17  3.60  3.51  3.16  2.38  2.02  1.39  0.66  0.41  0.23  0.11  0.05  0.03  0.02
 1 -80  0.02  0.07  0.12  0.25  0.49  0.72  1.16  2.14  3.23  4.01  5.45  6.23  5.97  5.12  4.19  3.63  3.51  3.14  2.36  1.99  1.37  0.65  0.40  0.23  0.11  0.04  0.03  0.02
 1 -75  0.03  0.08  0.13  0.25  0.50  0.74  1.20  2.22  3.30  4.07  5.47  6.37  6.23  5.43  4.57  4.05  3.81  3.17  2.30  1.94  1.32  0.64  0.39  0.22  0.11  0.04  0.03  0.02
 1 -70  0.03  0.08  0.13  0.26  0.52  0.76  1.23  2.29  3.35  4.13  5.50  6.53  6.50  5.76  4.97  4.48  4.11  3.20  2.23  1.87  1.26  0.61  0.38  0.21  0.10  0.04  0.03  0.02
 1 -65  0.03  0.08  0.14  0.27  0.53  0.79  1.27  2.36  3.44  4.25  5.69  6.91  7.02  6.39  5.67  5.21  4.34  3.12  2.07  1.72  1.14  0.57  0.35  0.20  0.07  0.04  0.03  0.02
 1 -60  0.03  0.08  0.14  0.28  0.55  0.81  1.31  2.43  3.53  4.37  5.89  7.30  7.57  7.03  6.37  5.92  4.56  3.05  1.93  1.58  1.03  0.52  0.33  0.18  0.08  0.04  0.03  0.02
 1 -55  0.03  0.09  0.15  0.29  0.58  0.85  1.38  2.55  3.71  4.54  6.08  7.64  8.04  7.73  6.87  6.27  4.43  2.77  1.66  1.35  0.83  0.42  0.26  0.15  0.08  0.04  0.03  0.03
 1 -50  0.03  0.09  0.15  0.30  0.59  0.87  1.40  2.59  3.75  4.58  6.22  8.00  8.57  8.30  7.29  6.56  4.27  2.47  1.33  1.07  0.63  0.32  0.19  0.10  0.07  0.04  0.03  0.03
 1 -45  0.03  0.09  0.15  0.30  0.59  0.87  1.42  2.70  3.88  4.76  6.45  8.30  8.95  8.73  7.52  6.64  4.26  2.40  1.24  0.99  0.57  0.27  0.16  0.07  0.06  0.04  0.04  0.03
 1 -40  0.03  0.09  0.15  0.30  0.59  0.88  1.45  2.80  4.00  4.90  6.66  8.58  9.29  9.14  7.71  6.70  4.27  2.33  1.14  0.90  0.49  0.22  0.10  0.06  0.05  0.04  0.04  0.03
 1 -35  0.03  0.09  0.15  0.30  0.60  0.90  1.48  2.87  4.15  5.10  6.93  8.86  9.53  9.30  7.87  6.87  4.27  2.03  0.90  0.70  0.36  0.14  0.08  0.06  0.05  0.04  0.04  0.04
 1 -30  0.03  0.09  0.15  0.31  0.61  0.91  1.51  2.95  4.27  5.27  7.17  9.10  9.74  9.50  8.02  7.01  4.24  1.73  0.67  0.51  0.23  0.10  0.06  0.05  0.05  0.05  0.04  0.04
 1 -25  0.03  0.09  0.16  0.31  0.62  0.93  1.53  2.99  4.39  5.43  7.40  9.36  9.97  9.74  8.07  6.94  4.15  1.56  0.56  0.42  0.19  0.07  0.05  0.05  0.04  0.05  0.04  0.04
 1 -20  0.03  0.09  0.15  0.31  0.61  0.92  1.53  3.06  4.51  5.60  7.66  9.60 10.17  9.94  8.11  6.86  4.06  1.39  0.46  0.35  0.15  0.06  0.04  0.04  0.04  0.04  0.04  0.04
 1 -15  0.03  0.09  0.15  0.31  0.61  0.92  1.54  3.09  4.59  5.74  7.87  9.79 10.31 10.08  8.23  6.96  3.94  1.30  0.40  0.31  0.14  0.05  0.04  0.04  0.04  0.04  0.04  0.03
 1 -10  0.03  0.09  0.15  0.30  0.61  0.91  1.54  3.13  4.71  5.88  8.06 10.02 10.54 10.24  8.36  7.07  3.82  1.23  0.35  0.28  0.09  0.04  0.03  0.03  0.03  0.04  0.04  0.03
 1  -5  0.03  0.09  0.15  0.30  0.61  0.92  1.54  3.15  4.73  5.92  8.04  9.98 10.45 10.13  8.25  6.97  3.70  1.17  0.33  0.26  0.07  0.04  0.03  0.03  0.03  0.04  0.03  0.03
 1   0  0.03  0.10  0.16  0.32  0.65  0.97  1.59  3.11  4.74  5.94  8.04  9.89 10.32 10.00  8.13  6.87  3.59  1.13  0.31  0.25  0.06  0.04  0.03  0.03  0.03  0.04  0.04  0.03
 1   5  0.03  0.10  0.16  0.32  0.65  0.97  1.60  3.12  4.72  5.91  7.90  9.63 10.06  9.71  7.97  6.80  3.72  1.24  0.36  0.29  0.06  0.04  0.03  0.03  0.04  0.04  0.04  0.04
 1  10  0.03  0.10  0.16  0.33  0.65  0.97  1.60  3.11  4.72  5.89  7.84  9.40  9.76  9.43  7.82  6.74  3.88  1.36  0.42  0.32  0.06  0.04  0.04  0.04  0.04  0.04  0.05  0.04
 1  15  0.03  0.10  0.17  0.33  0.65  0.98  1.61  3.13  4.71  5.89  7.77  9.14  9.38  9.01  7.53  6.50  3.89  1.42  0.43  0.33  0.07  0.04  0.04  0.04  0.04  0.05  0.05  0.05
 1  20  0.03  0.10  0.17  0.34  0.67  1.00  1.64  3.13  4.71  5.86  7.66  8.86  8.97  8.56  7.21  6.28  3.92  1.46  0.44  0.33  0.13  0.05  0.04  0.04  0.05  0.05  0.05  0.05
 1  25  0.03  0.10  0.17  0.34  0.68  1.01  1.66  3.21  4.79  5.97  7.62  8.54  8.52  8.09  7.10  6.42  4.29  1.71  0.61  0.46  0.21  0.06  0.06  0.05  0.05  0.05  0.05  0.05
 1  30  0.04  0.11  0.18  0.36  0.71  1.06  1.72  3.27  4.90  6.07  7.56  8.24  8.08  7.61  6.98  6.55  4.65  2.01  0.80  0.62  0.31  0.11  0.08  0.07  0.06  0.05  0.05  0.05
 1  35  0.04  0.11  0.19  0.38  0.75  1.11  1.81  3.42  5.07  6.22  7.48  7.95  7.74  7.26  6.78  6.47  5.03  2.49  1.20  0.94  0.51  0.26  0.17  0.09  0.07  0.05  0.05  0.05
 1  40  0.04  0.12  0.20  0.40  0.79  1.18  1.91  3.59  5.26  6.37  7.40  7.66  7.40  6.96  6.61  6.38  5.39  2.95  1.61  1.28  0.72  0.39  0.23  0.13  0.08  0.06  0.05  0.05
 1  45  0.04  0.13  0.21  0.42  0.83  1.23  2.00  3.77  5.41  6.45  7.26  7.42  7.17  6.76  6.54  6.41  5.49  3.25  1.89  1.54  0.95  0.51  0.28  0.17  0.09  0.06  0.05  0.05
 1  50  0.04  0.13  0.22  0.43  0.86  1.27  2.08  3.95  5.48  6.46  7.12  7.19  6.97  6.62  6.51  6.45  5.58  3.54  2.17  1.80  1.17  0.62  0.33  0.19  0.10  0.06  0.05  0.05
 1  55  0.04  0.13  0.22  0.44  0.87  1.29  2.11  3.98  5.30  6.18  6.82  7.04  6.88  6.57  6.28  6.08  5.29  3.55  2.34  1.96  1.35  0.69  0.38  0.22  0.10  0.06  0.05  0.05
 1  60  0.05  0.14  0.23  0.45  0.89  1.32  2.15  4.07  5.32  6.16  6.75  6.98  6.84  6.50  6.10  5.81  5.08  3.61  2.55  2.15  1.51  0.75  0.43  0.24  0.10  0.06  0.05  0.05
 1  65  0.04  0.13  0.22  0.44  0.87  1.30  2.11  3.97  5.19  6.04  6.74  7.14  7.06  6.73  6.22  5.86  4.94  3.61  2.54  2.14  1.51  0.75  0.41  0.24  0.10  0.06  0.05  0.05
 1  70  0.04  0.13  0.22  0.43  0.86  1.27  2.07  3.86  5.07  5.93  6.73  7.28  7.27  6.95  6.35  5.90  4.79  3.60  2.52  2.13  1.50  0.75  0.40  0.23  0.10  0.06  0.05  0.05
 1  75  0.04  0.13  0.21  0.42  0.82  1.21  1.96  3.63  4.77  5.58  6.42  6.93  6.85  6.46  5.86  5.40  4.54  3.52  2.61  2.26  1.68  0.79  0.41  0.24  0.11  0.06  0.05  0.05
 1  80  0.04  0.12  0.20  0.40  0.79  1.17  1.87  3.38  4.47  5.24  6.11  6.56  6.41  5.95  5.36  4.88  4.28  3.44  2.70  2.39  1.88  0.83  0.42  0.25  0.11  0.06  0.05  0.05
 1  85  0.04  0.12  0.20  0.40  0.79  1.17  1.87  3.36  4.45  5.22  6.09  6.55  6.42  5.98  5.38  4.90  4.28  3.44  2.70  2.39  1.88  0.83  0.42  0.25  0.11  0.07  0.05  0.05
 1  90  0.04  0.12  0.20  0.40  0.79  1.17  1.87  3.36  4.43  5.17  6.00  6.53  6.44  6.07  5.51  4.98  4.30  3.44  2.71  2.39  1.88  0.85  0.42  0.25  0.11  0.07  0.06  0.05
 2 -90  0.03  0.09  0.15  0.31  0.60  0.89  1.44  2.67  3.92  4.73  5.67  5.57  5.01  4.23  3.79  3.60  3.34  2.92  2.25  1.92  1.33  0.65  0.41  0.26  0.15  0.05  0.03  0.02
 2 -85  0.03  0.09  0.15  0.31  0.60  0.89  1.45  2.68  3.93  4.75  5.72  5.68  5.14  4.38  3.96  3.74  3.40  2.83  2.13  1.81  1.25  0.60  0.38  0.24  0.14  0.04  0.03  0.02
 2 -80  0.03  0.09  0.15  0.31  0.60  0.89  1.44  2.67  3.90  4.74  5.76  5.74  5.20  4.40  3.98  3.75  3.41  2.83  2.11  1.79  1.24  0.59  0.37  0.24  0.14  0.04  0.03  0.02
 2 -75  0.03  0.09  0.15  0.30  0.60  0.88  1.43  2.64  3.88  4.76  5.93  6.17  5.73  4.92  4.40  4.10  3.61  2.83  2.11  1.77  1.20  0.56  0.36  0.22  0.12  0.04  0.03  0.02
 2 -70  0.03  0.09  0.15  0.30  0.59  0.88  1.42  2.61  3.87  4.80  6.12  6.62  6.28  5.46  4.83  4.45  3.80  2.83  2.10  1.75  1.17  0.54  0.36  0.21  0.11  0.04  0.03  0.02
 2 -65  0.03  0.09  0.15  0.31  0.60  0.89  1.44  2.66  3.94  4.90  6.36  7.12  6.93  6.12  5.39  4.92  4.06  2.81  1.99  1.65  1.09  0.51  0.34  0.20  0.09  0.04  0.03  0.02
 2 -60  0.03  0.09  0.16  0.31  0.61  0.90  1.46  2.70  3.98  4.97  6.55  7.59  7.54  6.79  5.95  5.39  4.33  2.78  1.89  1.55  1.01  0.48  0.32  0.18  0.08  0.05  0.03  0.03
 2 -55  0.03  0.10  0.16  0.32  0.64  0.94  1.52  2.79  4.11  5.08  6.67  7.89  8.00  7.47  6.54  5.90  4.29  2.60  1.61  1.31  0.80  0.39  0.25  0.15  0.08  0.05  0.03  0.03
 2 -50  0.03  0.10  0.16  0.33  0.64  0.95  1.53  2.80  4.09  5.03  6.71  8.20  8.51  8.02  7.04  6.37  4.22  2.37  1.25  1.00  0.58  0.29  0.17  0.09  0.06  0.04  0.04  0.03
 2 -45  0.03  0.10  0.16  0.32  0.64  0.94  1.54  2.88  4.18  5.14  6.86  8.43  8.85  8.45  7.30  6.50  4.24  2.25  1.17  0.93  0.51  0.25  0.12  0.07  0.05  0.04  0.04  0.03
 2 -40  0.03  0.10  0.16  0.32  0.64  0.95  1.55  2.96  4.26  5.23  6.98  8.66  9.17  8.88  7.54  6.64  4.26  2.12  1.09  0.84  0.43  0.20  0.09  0.06  0.05  0.04  0.04  0.03
 2 -35  0.03  0.10  0.16  0.32  0.64  0.95  1.56  3.00  4.35  5.35  7.14  8.87  9.41  9.13  7.73  6.75  4.19  1.87  0.88  0.67  0.32  0.13  0.07  0.05  0.05  0.04  0.04  0.04
 2 -30  0.03  0.10  0.16  0.32  0.64  0.95  1.57  3.05  4.42  5.43  7.28  9.07  9.64  9.42  7.89  6.83  4.10  1.63  0.68  0.51  0.23  0.09  0.06  0.05  0.04  0.04  0.04  0.04
 2 -25  0.03  0.10  0.16  0.32  0.63  0.95  1.56  3.04  4.44  5.46  7.36  9.29  9.94  9.76  8.03  6.84  4.00  1.50  0.55  0.41  0.18  0.06  0.04  0.04  0.04  0.04  0.04  0.04
 2 -20  0.03  0.09  0.15  0.31  0.61  0.92  1.53  3.05  4.45  5.48  7.47  9.53 10.22 10.06  8.16  6.84  3.91  1.37  0.44  0.33  0.14  0.05  0.04  0.04  0.04  0.04  0.04  0.04
 2 -15  0.03  0.09  0.15  0.30  0.61  0.91  1.51  3.01  4.42  5.50  7.57  9.72 10.44 10.30  8.32  6.95  3.86  1.26  0.39  0.30  0.13  0.04  0.03  0.03  0.03  0.04  0.04  0.03
 2 -10  0.03  0.09  0.15  0.30  0.59  0.89  1.48  2.98  4.42  5.49  7.66  9.95 10.73 10.54  8.50  7.08  3.81  1.15  0.36  0.28  0.08  0.04  0.03  0.03  0.03  0.04  0.03  0.03
 2  -5  0.03  0.09  0.15  0.29  0.59  0.88  1.48  2.97  4.39  5.47  7.62  9.96 10.71 10.47  8.26  6.72  3.68  1.13  0.35  0.28  0.07  0.04  0.03  0.03  0.03  0.03  0.03  0.03
 2   0  0.03  0.10  0.16  0.32  0.63  0.93  1.52  2.91  4.35  5.43  7.58  9.89 10.60 10.36  7.99  6.34  3.56  1.13  0.35  0.28  0.06  0.04  0.03  0.03  0.03  0.04  0.04  0.03
 2   5  0.03  0.09  0.16  0.31  0.62  0.93  1.52  2.94  4.38  5.47  7.54  9.72 10.38 10.09  7.99  6.55  3.68  1.25  0.41  0.32  0.06  0.04  0.03  0.03  0.03  0.04  0.04  0.04
 2  10  0.03  0.09  0.16  0.31  0.62  0.93  1.53  2.97  4.45  5.55  7.57  9.58 10.16  9.84  8.00  6.76  3.82  1.36  0.47  0.36  0.06  0.04  0.03  0.04  0.04  0.04  0.05  0.05
 2  15  0.03  0.09  0.16  0.32  0.63  0.94  1.55  3.01  4.48  5.59  7.54  9.34  9.83  9.49  7.87  6.76  3.99  1.46  0.50  0.37  0.07  0.04  0.04  0.04  0.04  0.05  0.05  0.05
 2  20  0.03  0.10  0.16  0.33  0.65  0.97  1.58  3.03  4.53  5.62  7.51  9.10  9.45  9.10  7.72  6.77  4.16  1.54  0.52  0.39  0.09  0.05  0.04  0.05  0.05  0.05  0.05  0.05
 2  25  0.03  0.10  0.17  0.33  0.66  0.98  1.62  3.12  4.64  5.78  7.57  8.84  9.02  8.63  7.47  6.67  4.45  1.74  0.67  0.50  0.21  0.07  0.06  0.06  0.05  0.05  0.05  0.05
 2  30  0.04  0.11  0.18  0.35  0.69  1.03  1.68  3.18  4.77  5.92  7.61  8.60  8.58  8.12  7.19  6.56  4.74  2.00  0.84  0.64  0.29  0.18  0.10  0.08  0.07  0.06  0.05  0.05
 2  35  0.04  0.11  0.19  0.37  0.73  1.08  1.76  3.31  4.96  6.16  7.65  8.35  8.20  7.69  6.96  6.50  5.05  2.57  1.25  0.98  0.51  0.33  0.23  0.11  0.08  0.06  0.05  0.05
 2  40  0.04  0.12  0.20  0.39  0.77  1.14  1.85  3.44  5.19  6.41  7.70  8.09  7.82  7.30  6.77  6.43  5.34  3.14  1.67  1.33  0.75  0.49  0.31  0.16  0.10  0.06  0.05  0.05
 2  45  0.04  0.12  0.20  0.40  0.80  1.19  1.93  3.63  5.40  6.59  7.63  7.85  7.57  7.05  6.63  6.38  5.47  3.44  2.01  1.64  1.02  0.61  0.36  0.21  0.10  0.06  0.06  0.05
 2  50  0.04  0.13  0.21  0.42  0.83  1.23  2.01  3.83  5.58  6.74  7.59  7.64  7.33  6.86  6.52  6.34  5.59  3.74  2.34  1.95  1.28  0.71  0.41  0.23  0.11  0.06  0.06  0.05
 2  55  0.04  0.13  0.22  0.44  0.86  1.28  2.09  3.95  5.58  6.66  7.40  7.46  7.17  6.74  6.37  6.15  5.55  3.82  2.49  2.09  1.44  0.77  0.45  0.25  0.12  0.07  0.06  0.05
 2  60  0.05  0.14  0.23  0.46  0.90  1.34  2.19  4.15  5.80  6.86  7.44  7.38  7.06  6.61  6.28  6.08  5.59  3.96  2.69  2.27  1.59  0.81  0.48  0.27  0.12  0.07  0.06  0.05
 2  65  0.05  0.14  0.23  0.46  0.91  1.35  2.20  4.14  5.65  6.62  7.21  7.29  7.07  6.69  6.30  6.03  5.45  3.86  2.76  2.36  1.69  0.86  0.47  0.27  0.12  0.07  0.06  0.05
 2  70  0.05  0.14  0.23  0.46  0.91  1.35  2.19  4.10  5.47  6.37  6.97  7.19  7.07  6.77  6.31  5.99  5.31  3.75  2.83  2.43  1.78  0.91  0.46  0.28  0.12  0.07  0.06  0.05
 2  75  0.05  0.14  0.23  0.46  0.90  1.33  2.16  4.02  5.20  5.98  6.83  7.38  7.39  7.09  6.54  6.14  5.33  3.69  2.87  2.46  1.81  0.94  0.48  0.28  0.13  0.07  0.06  0.05
 2  80  0.05  0.14  0.23  0.45  0.89  1.31  2.12  3.93  4.93  5.59  6.70  7.55  7.69  7.40  6.76  6.27  5.33  3.64  2.90  2.50  1.84  0.97  0.50  0.28  0.13  0.07  0.06  0.05
 2  85  0.05  0.14  0.23  0.45  0.88  1.31  2.11  3.91  4.90  5.56  6.67  7.55  7.70  7.43  6.79  6.30  5.34  3.63  2.90  2.50  1.84  0.97  0.50  0.28  0.14  0.07  0.06  0.05
 2  90  0.05  0.13  0.22  0.44  0.88  1.29  2.09  3.86  4.87  5.56  6.70  7.65  7.82  7.56  6.94  6.44  5.43  3.65  2.93  2.53  1.87  1.01  0.51  0.28  0.14  0.07  0.06  0.05
 3 -90  0.05  0.14  0.23  0.45  0.88  1.30  2.08  3.77  4.84  5.49  5.51  5.17  4.78  4.27  3.72  3.40  3.35  2.70  2.17  1.86  1.30  0.63  0.37  0.22  0.11  0.04  0.03  0.02
 3 -85  0.05  0.14  0.23  0.45  0.89  1.32  2.11  3.82  4.97  5.67  5.73  5.35  4.93  4.38  3.83  3.50  3.43  2.72  2.12  1.80  1.25  0.59  0.35  0.21  0.11  0.04  0.03  0.02
 3 -80  0.05  0.14  0.23  0.45  0.89  1.31  2.10  3.80  5.02  5.77  5.84  5.40  4.95  4.38  3.82  3.49  3.44  2.73  2.12  1.79  1.25  0.59  0.34  0.21  0.11  0.04  0.03  0.02
 3 -75  0.04  0.13  0.22  0.43  0.85  1.25  2.01  3.64  5.06  5.97  6.37  5.98  5.45  4.77  4.14  3.75  3.54  2.75  2.09  1.75  1.19  0.57  0.33  0.20  0.10  0.04  0.03  0.02
 3 -70  0.04  0.12  0.21  0.41  0.81  1.19  1.91  3.46  5.06  6.13  6.90  6.57  5.95  5.17  4.46  4.00  3.63  2.77  2.07  1.72  1.14  0.55  0.32  0.19  0.09  0.04  0.03  0.02
 3 -65  0.04  0.12  0.20  0.40  0.78  1.15  1.85  3.36  5.01  6.15  7.18  7.09  6.55  5.74  5.06  4.63  3.85  2.76  1.96  1.62  1.06  0.52  0.30  0.18  0.09  0.05  0.03  0.03
 3 -60  0.04  0.12  0.19  0.38  0.75  1.11  1.79  3.26  4.93  6.14  7.44  7.61  7.16  6.31  5.67  5.27  4.06  2.75  1.83  1.51  0.99  0.48  0.29  0.17  0.08  0.05  0.03  0.03
 3 -55  0.04  0.12  0.19  0.38  0.75  1.11  1.78  3.25  4.91  6.09  7.51  7.96  7.64  6.94  6.24  5.79  4.29  2.63  1.61  1.32  0.82  0.39  0.23  0.14  0.07  0.04  0.03  0.03
 3 -50  0.04  0.11  0.19  0.37  0.73  1.08  1.74  3.15  4.74  5.88  7.47  8.30  8.17  7.44  6.71  6.26  4.50  2.48  1.31  1.06  0.64  0.29  0.17  0.08  0.06  0.04  0.04  0.03
 3 -45  0.04  0.11  0.18  0.36  0.71  1.05  1.70  3.15  4.70  5.83  7.50  8.53  8.55  7.92  6.84  6.14  4.34  2.34  1.19  0.96  0.56  0.24  0.11  0.06  0.05  0.04  0.04  0.03
 3 -40  0.04  0.11  0.18  0.35  0.70  1.03  1.68  3.14  4.65  5.76  7.49  8.74  8.91  8.41  7.00  6.06  4.17  2.19  1.07  0.85  0.47  0.20  0.09  0.06  0.05  0.04  0.04  0.03
 3 -35  0.03  0.10  0.17  0.34  0.68  1.01  1.65  3.13  4.65  5.75  7.53  8.92  9.20  8.81  7.53  6.64  4.19  1.95  0.86  0.67  0.34  0.13  0.07  0.05  0.04  0.04  0.04  0.03
 3 -30  0.03  0.10  0.17  0.34  0.67  1.00  1.63  3.12  4.62  5.72  7.56  9.09  9.49  9.22  8.04  7.21  4.22  1.72  0.66  0.49  0.22  0.09  0.05  0.04  0.04  0.04  0.04  0.04
 3 -25  0.03  0.10  0.17  0.33  0.66  0.98  1.60  3.07  4.54  5.61  7.46  9.22  9.78  9.62  8.24  7.24  4.09  1.47  0.51  0.38  0.15  0.06  0.04  0.04  0.04  0.04  0.04  0.03
 3 -20  0.03  0.10  0.16  0.32  0.63  0.94  1.55  3.04  4.43  5.45  7.38  9.38 10.07  9.99  8.40  7.27  3.98  1.23  0.36  0.27  0.10  0.04  0.03  0.03  0.04  0.04  0.04  0.03
 3 -15  0.03  0.09  0.16  0.31  0.62  0.92  1.52  2.97  4.30  5.31  7.24  9.43 10.29 10.32  8.46  7.15  3.93  1.19  0.36  0.27  0.11  0.04  0.03  0.03  0.03  0.04  0.04  0.03
 3 -10  0.03  0.09  0.15  0.30  0.60  0.90  1.49  2.92  4.20  5.14  7.11  9.53 10.56 10.64  8.53  7.04  3.88  1.17  0.35  0.27  0.11  0.03  0.03  0.03  0.03  0.03  0.03  0.03
 3  -5  0.03  0.09  0.15  0.30  0.60  0.89  1.48  2.90  4.13  5.06  7.00  9.51 10.58 10.65  8.47  6.94  3.83  1.16  0.35  0.27  0.06  0.03  0.03  0.03  0.03  0.03  0.03  0.03
 3   0  0.03  0.10  0.16  0.32  0.62  0.93  1.51  2.83  4.06  4.95  6.90  9.40 10.49 10.60  8.38  6.83  3.79  1.17  0.35  0.28  0.13  0.03  0.03  0.03  0.03  0.03  0.03  0.03
 3   5  0.03  0.09  0.16  0.31  0.62  0.92  1.51  2.88  4.13  5.08  6.98  9.38 10.38 10.38  8.33  6.92  3.87  1.26  0.40  0.31  0.06  0.03  0.03  0.03  0.03  0.04  0.04  0.04
 3  10  0.03  0.09  0.16  0.31  0.62  0.92  1.51  2.93  4.26  5.24  7.14  9.39 10.26 10.20  8.29  7.02  3.95  1.34  0.45  0.34  0.06  0.04  0.03  0.03  0.04  0.04  0.05  0.05
 3  15  0.03  0.09  0.16  0.31  0.62  0.93  1.54  2.99  4.34  5.35  7.21  9.27 10.00  9.85  8.02  6.80  4.02  1.40  0.46  0.35  0.07  0.04  0.04  0.04  0.04  0.05  0.05  0.05
 3  20  0.03  0.10  0.16  0.33  0.65  0.96  1.58  3.03  4.43  5.46  7.30  9.13  9.68  9.47  7.73  6.58  4.09  1.44  0.47  0.36  0.15  0.05  0.05  0.05  0.05  0.05  0.05  0.05
 3  25  0.03  0.10  0.17  0.33  0.66  0.98  1.60  3.08  4.53  5.62  7.45  9.01  9.37  9.07  7.58  6.60  4.36  1.75  0.65  0.51  0.25  0.07  0.06  0.06  0.06  0.06  0.05  0.05
 3  30  0.03  0.10  0.17  0.34  0.68  1.01  1.64  3.12  4.64  5.76  7.57  8.88  9.04  8.65  7.41  6.61  4.63  2.12  0.86  0.68  0.36  0.21  0.11  0.09  0.07  0.06  0.05  0.05
 3  35  0.04  0.11  0.18  0.35  0.70  1.04  1.69  3.17  4.77  5.96  7.73  8.77  8.75  8.25  7.23  6.58  4.78  2.59  1.28  1.04  0.62  0.37  0.25  0.12  0.08  0.06  0.06  0.05
 3  40  0.04  0.11  0.19  0.37  0.73  1.07  1.74  3.22  4.94  6.18  7.91  8.65  8.45  7.87  7.07  6.54  4.92  3.07  1.70  1.40  0.89  0.53  0.33  0.17  0.10  0.06  0.06  0.05
 3  45  0.04  0.11  0.19  0.37  0.74  1.09  1.78  3.32  5.11  6.39  7.94  8.45  8.17  7.55  6.83  6.37  5.16  3.38  2.01  1.68  1.11  0.66  0.39  0.23  0.12  0.07  0.06  0.05
 3  50  0.04  0.11  0.19  0.38  0.75  1.11  1.81  3.43  5.27  6.56  7.99  8.28  7.92  7.29  6.62  6.20  5.39  3.68  2.31  1.94  1.32  0.79  0.46  0.26  0.13  0.07  0.06  0.05
 3  55  0.04  0.12  0.20  0.39  0.77  1.15  1.87  3.52  5.31  6.58  7.85  8.07  7.68  7.07  6.47  6.09  5.41  3.82  2.50  2.11  1.47  0.86  0.51  0.28  0.14  0.07  0.06  0.06
 3  60  0.04  0.12  0.21  0.41  0.81  1.20  1.96  3.69  5.59  6.87  7.94  7.97  7.50  6.83  6.37  6.09  5.50  4.02  2.74  2.31  1.61  0.93  0.55  0.31  0.14  0.07  0.06  0.06
 3  65  0.04  0.13  0.21  0.42  0.84  1.24  2.02  3.80  5.60  6.79  7.72  7.73  7.30  6.68  6.22  5.94  5.40  4.06  2.86  2.44  1.76  0.99  0.59  0.33  0.15  0.07  0.06  0.06
 3  70  0.04  0.13  0.22  0.44  0.86  1.28  2.08  3.91  5.58  6.70  7.49  7.50  7.09  6.53  6.07  5.80  5.32  4.10  2.97  2.57  1.91  1.04  0.62  0.36  0.15  0.08  0.06  0.06
 3  75  0.04  0.13  0.22  0.44  0.87  1.29  2.09  3.91  5.44  6.47  7.25  7.42  7.15  6.67  6.06  5.68  5.26  4.15  3.03  2.62  1.96  1.08  0.62  0.36  0.15  0.08  0.06  0.06
 3  80  0.04  0.13  0.22  0.44  0.87  1.29  2.09  3.90  5.29  6.23  7.00  7.34  7.20  6.82  6.05  5.55  5.18  4.18  3.08  2.67  2.00  1.11  0.61  0.35  0.14  0.08  0.06  0.06
 3  85  0.04  0.13  0.22  0.44  0.87  1.29  2.09  3.89  5.26  6.19  6.97  7.33  7.20  6.83  6.07  5.58  5.21  4.20  3.10  2.68  2.00  1.11  0.61  0.35  0.14  0.08  0.06  0.06
 3  90  0.04  0.13  0.22  0.43  0.86  1.27  2.05  3.82  5.11  6.01  6.78  7.25  7.22  6.95  6.20  5.73  5.36  4.28  3.17  2.75  2.05  1.16  0.63  0.35  0.14  0.08  0.06  0.06
 4 -90  0.06  0.17  0.28  0.56  1.09  1.58  2.48  4.21  4.92  5.35  5.50  5.19  4.76  4.18  3.55  3.20  2.90  2.85  2.21  1.86  1.25  0.58  0.34  0.19  0.09  0.04  0.03  0.02
 4 -85  0.06  0.18  0.29  0.57  1.12  1.63  2.56  4.37  5.13  5.59  5.74  5.41  4.95  4.32  3.65  3.28  2.98  2.89  2.19  1.83  1.22  0.55  0.32  0.19  0.09  0.04  0.03  0.03
 4 -80  0.06  0.18  0.29  0.58  1.13  1.65  2.60  4.44  5.21  5.66  5.79  5.43  4.95  4.31  3.65  3.28  2.98  2.89  2.19  1.82  1.21  0.55  0.32  0.19  0.10  0.04  0.03  0.03
 4 -75  0.06  0.17  0.29  0.57  1.11  1.62  2.57  4.46  5.58  6.28  6.40  5.91  5.38  4.69  4.05  3.69  3.36  2.89  2.16  1.80  1.20  0.53  0.31  0.19  0.09  0.04  0.03  0.03
 4 -70  0.06  0.17  0.28  0.55  1.08  1.58  2.52  4.43  5.92  6.88  6.98  6.39  5.80  5.09  4.47  4.11  3.73  2.89  2.13  1.77  1.20  0.51  0.31  0.18  0.08  0.04  0.03  0.03
 4 -65  0.05  0.16  0.27  0.53  1.04  1.53  2.44  4.34  6.01  7.09  7.37  6.86  6.30  5.59  5.03  4.68  4.01  2.89  2.02  1.67  1.11  0.48  0.28  0.16  0.08  0.04  0.03  0.03
 4 -60  0.05  0.15  0.26  0.51  0.99  1.46  2.35  4.22  6.06  7.27  7.75  7.32  6.78  6.07  5.56  5.22  4.29  2.87  1.90  1.56  1.02  0.44  0.24  0.14  0.08  0.04  0.03  0.03
 4 -55  0.05  0.15  0.24  0.48  0.95  1.40  2.24  4.06  5.97  7.22  7.90  7.67  7.19  6.55  6.15  5.86  4.55  2.74  1.69  1.37  0.82  0.37  0.19  0.12  0.07  0.04  0.03  0.03
 4 -50  0.05  0.14  0.23  0.46  0.89  1.32  2.11  3.82  5.72  6.99  7.97  8.04  7.63  6.91  6.64  6.45  4.78  2.57  1.39  1.11  0.62  0.29  0.14  0.08  0.05  0.04  0.03  0.03
 4 -45  0.04  0.13  0.22  0.43  0.84  1.24  2.00  3.65  5.49  6.76  7.98  8.30  7.99  7.31  6.67  6.27  4.59  2.39  1.29  1.02  0.57  0.26  0.13  0.06  0.05  0.04  0.03  0.03
 4 -40  0.04  0.12  0.20  0.41  0.80  1.18  1.90  3.47  5.26  6.52  7.97  8.57  8.37  7.73  6.76  6.10  4.39  2.21  1.20  0.95  0.52  0.22  0.09  0.06  0.04  0.04  0.03  0.03
 4 -35  0.04  0.12  0.19  0.38  0.75  1.12  1.81  3.36  5.08  6.32  7.92  8.80  8.78  8.25  7.00  6.14  4.21  1.96  1.00  0.79  0.42  0.17  0.08  0.05  0.04  0.04  0.03  0.03
 4 -30  0.04  0.11  0.18  0.37  0.72  1.07  1.74  3.25  4.90  6.09  7.83  9.02  9.18  8.79  7.27  6.20  4.01  1.72  0.81  0.63  0.32  0.10  0.06  0.04  0.04  0.04  0.04  0.03
 4 -25  0.04  0.11  0.18  0.35  0.70  1.03  1.68  3.17  4.72  5.84  7.61  9.10  9.49  9.29  7.70  6.55  4.01  1.51  0.60  0.46  0.22  0.06  0.04  0.04  0.04  0.04  0.04  0.03
 4 -20  0.03  0.10  0.17  0.34  0.67  0.99  1.62  3.10  4.53  5.55  7.38  9.21  9.81  9.74  8.10  6.90  4.01  1.31  0.40  0.30  0.12  0.04  0.03  0.03  0.03  0.04  0.04  0.03
 4 -15  0.03  0.10  0.17  0.33  0.65  0.97  1.59  3.04  4.38  5.36  7.15  9.15  9.97 10.07  8.32  7.07  3.99  1.22  0.37  0.28  0.12  0.04  0.03  0.03  0.03  0.03  0.03  0.03
 4 -10  0.03  0.10  0.16  0.32  0.64  0.96  1.57  2.98  4.25  5.17  6.95  9.14 10.15 10.39  8.56  7.25  3.97  1.14  0.33  0.26  0.11  0.03  0.03  0.03  0.03  0.03  0.03  0.03
 4  -5  0.03  0.10  0.16  0.32  0.64  0.95  1.55  2.96  4.19  5.08  6.83  9.11 10.19 10.45  8.58  7.26  3.99  1.15  0.33  0.26  0.12  0.03  0.03  0.03  0.03  0.03  0.03  0.03
 4   0  0.03  0.10  0.16  0.33  0.65  0.96  1.56  2.91  4.12  4.98  6.71  9.00 10.13 10.44  8.58  7.26  4.00  1.18  0.33  0.26  0.12  0.03  0.03  0.03  0.03  0.03  0.03  0.03
 4   5  0.03  0.10  0.16  0.32  0.64  0.95  1.55  2.94  4.17  5.10  6.86  9.10 10.09 10.22  8.46  7.23  4.08  1.28  0.49  0.37  0.14  0.03  0.03  0.03  0.03  0.04  0.04  0.03
 4  10  0.03  0.10  0.16  0.32  0.63  0.94  1.54  2.98  4.29  5.26  7.07  9.21 10.06 10.06  8.36  7.19  4.16  1.37  0.65  0.48  0.16  0.04  0.03  0.03  0.03  0.04  0.04  0.04
 4  15  0.03  0.10  0.16  0.32  0.63  0.94  1.55  3.02  4.35  5.35  7.18  9.18  9.90  9.80  8.15  7.02  4.16  1.43  0.68  0.50  0.16  0.04  0.04  0.04  0.04  0.05  0.05  0.05
 4  20  0.03  0.10  0.16  0.33  0.65  0.97  1.58  3.03  4.42  5.45  7.31  9.14  9.69  9.49  7.91  6.84  4.17  1.50  0.71  0.52  0.17  0.06  0.05  0.05  0.05  0.05  0.05  0.05
 4  25  0.03  0.10  0.16  0.33  0.65  0.97  1.59  3.03  4.44  5.50  7.38  9.09  9.52  9.24  7.78  6.84  4.37  1.73  0.81  0.62  0.27  0.09  0.07  0.06  0.06  0.06  0.06  0.05
 4  30  0.03  0.10  0.17  0.33  0.66  0.97  1.59  3.03  4.46  5.54  7.43  9.03  9.33  8.96  7.65  6.82  4.56  2.01  0.94  0.73  0.38  0.18  0.11  0.08  0.07  0.06  0.06  0.05
 4  35  0.03  0.10  0.17  0.33  0.66  0.98  1.59  2.99  4.45  5.54  7.44  8.95  9.13  8.66  7.46  6.71  4.60  2.37  1.27  1.03  0.63  0.38  0.18  0.11  0.08  0.06  0.06  0.05
 4  40  0.03  0.10  0.17  0.34  0.67  0.98  1.59  2.95  4.47  5.59  7.53  8.86  8.92  8.37  7.29  6.61  4.64  2.73  1.60  1.34  0.88  0.55  0.33  0.14  0.09  0.06  0.06  0.05
 4  45  0.03  0.10  0.17  0.33  0.66  0.98  1.59  2.97  4.51  5.66  7.54  8.70  8.67  8.04  7.02  6.38  4.72  3.01  1.87  1.56  1.05  0.66  0.39  0.18  0.11  0.07  0.06  0.05
 4  50  0.03  0.10  0.17  0.33  0.65  0.97  1.58  2.99  4.57  5.73  7.58  8.57  8.45  7.77  6.77  6.15  4.80  3.29  2.12  1.78  1.21  0.75  0.46  0.26  0.12  0.07  0.06  0.05
 4  55  0.03  0.10  0.17  0.33  0.66  0.97  1.59  3.01  4.58  5.75  7.52  8.37  8.17  7.48  6.50  5.87  4.94  3.50  2.30  1.94  1.35  0.81  0.51  0.29  0.14  0.07  0.06  0.05
 4  60  0.03  0.10  0.17  0.34  0.68  1.01  1.64  3.10  4.82  6.04  7.68  8.27  7.95  7.16  6.26  5.69  5.14  3.76  2.53  2.14  1.49  0.87  0.56  0.31  0.15  0.08  0.06  0.06
 4  65  0.04  0.10  0.17  0.35  0.69  1.02  1.66  3.15  4.85  6.04  7.47  7.90  7.55  6.79  6.08  5.63  5.11  3.82  2.69  2.28  1.59  0.96  0.64  0.37  0.16  0.08  0.06  0.06
 4  70  0.04  0.11  0.18  0.35  0.70  1.04  1.69  3.20  4.88  6.02  7.26  7.54  7.15  6.42  5.88  5.58  5.10  3.89  2.86  2.42  1.70  1.06  0.72  0.42  0.19  0.08  0.06  0.06
 4  75  0.04  0.11  0.18  0.36  0.72  1.06  1.73  3.28  4.87  5.92  6.90  7.07  6.71  6.07  5.70  5.53  5.12  4.00  2.97  2.53  1.81  1.12  0.72  0.42  0.18  0.08  0.06  0.06
 4  80  0.04  0.11  0.19  0.37  0.73  1.09  1.78  3.37  4.87  5.83  6.54  6.60  6.27  5.71  5.51  5.46  5.12  4.11  3.08  2.64  1.92  1.17  0.73  0.41  0.17  0.08  0.06  0.06
 4  85  0.04  0.11  0.19  0.37  0.74  1.10  1.79  3.40  4.88  5.80  6.48  6.57  6.25  5.70  5.52  5.47  5.14  4.13  3.10  2.66  1.93  1.17  0.73  0.42  0.17  0.09  0.06  0.06
 4  90  0.04  0.11  0.19  0.37  0.73  1.09  1.77  3.36  4.83  5.74  6.41  6.53  6.27  5.74  5.58  5.55  5.25  4.23  3.18  2.73  1.96  1.18  0.74  0.42  0.17  0.09  0.06  0.06
 5 -90  0.06  0.18  0.29  0.58  1.11  1.60  2.46  3.88  4.71  5.31  5.33  5.14  4.57  3.87  3.60  3.51  3.38  2.78  2.13  1.77  1.16  0.52  0.28  0.16  0.06  0.04  0.03  0.03
 5 -85  0.06  0.18  0.30  0.59  1.14  1.65  2.54  4.03  4.97  5.62  5.63  5.30  4.69  3.97  3.68  3.58  3.45  2.83  2.12  1.76  1.16  0.51  0.28  0.16  0.06  0.04  0.03  0.03
 5 -80  0.06  0.18  0.31  0.60  1.16  1.67  2.58  4.10  5.08  5.74  5.73  5.32  4.69  3.96  3.68  3.57  3.45  2.84  2.13  1.76  1.16  0.51  0.29  0.17  0.06  0.04  0.03  0.03
 5 -75  0.06  0.18  0.30  0.60  1.16  1.68  2.60  4.21  5.38  6.15  6.32  5.94  5.37  4.65  4.15  3.90  3.57  2.74  1.99  1.65  1.09  0.49  0.27  0.16  0.06  0.04  0.03  0.03
 5 -70  0.06  0.18  0.30  0.60  1.15  1.68  2.62  4.36  5.71  6.58  6.87  6.53  6.02  5.32  4.62  4.23  3.71  2.65  1.86  1.54  1.02  0.46  0.25  0.15  0.07  0.04  0.03  0.03
 5 -65  0.06  0.19  0.31  0.61  1.19  1.74  2.74  4.72  6.20  7.14  7.24  6.78  6.28  5.62  5.12  4.83  4.23  2.81  1.87  1.53  0.97  0.47  0.25  0.15  0.07  0.04  0.03  0.03
 5 -60  0.06  0.19  0.31  0.62  1.21  1.77  2.82  4.99  6.61  7.64  7.56  7.01  6.53  5.93  5.63  5.44  4.71  2.93  1.87  1.50  0.91  0.47  0.23  0.14  0.07  0.04  0.03  0.03
 5 -55  0.06  0.18  0.30  0.59  1.16  1.70  2.72  4.86  6.70  7.83  7.87  7.33  6.84  6.32  6.04  5.82  4.83  2.75  1.73  1.38  0.79  0.45  0.21  0.13  0.06  0.04  0.03  0.03
 5 -50  0.06  0.17  0.28  0.56  1.10  1.62  2.59  4.62  6.59  7.82  8.10  7.68  7.20  6.59  6.36  6.16  4.91  2.53  1.52  1.20  0.67  0.44  0.19  0.08  0.05  0.04  0.03  0.03
 5 -45  0.05  0.16  0.26  0.51  1.00  1.48  2.37  4.25  6.22  7.51  8.13  7.95  7.51  6.87  6.45  6.15  4.80  2.42  1.42  1.11  0.61  0.39  0.17  0.07  0.05  0.04  0.03  0.03
 5 -40  0.05  0.14  0.23  0.46  0.91  1.34  2.15  3.89  5.86  7.19  8.17  8.25  7.86  7.19  6.58  6.14  4.66  2.31  1.31  1.02  0.54  0.34  0.16  0.06  0.04  0.04  0.03  0.03
 5 -35  0.04  0.13  0.21  0.42  0.84  1.23  1.99  3.65  5.52  6.82  8.06  8.47  8.23  7.66  6.98  6.50  4.56  2.05  1.05  0.81  0.39  0.25  0.09  0.06  0.04  0.04  0.03  0.03
 5 -30  0.04  0.12  0.20  0.39  0.78  1.15  1.85  3.42  5.18  6.41  7.93  8.69  8.62  8.15  7.39  6.86  4.45  1.79  0.79  0.59  0.26  0.10  0.07  0.05  0.04  0.04  0.03  0.03
 5 -25  0.04  0.11  0.19  0.38  0.74  1.10  1.77  3.29  4.92  6.08  7.67  8.78  8.96  8.68  7.64  6.87  4.31  1.63  0.63  0.47  0.19  0.06  0.04  0.04  0.04  0.04  0.04  0.03
 5 -20  0.04  0.11  0.18  0.36  0.71  1.05  1.70  3.17  4.65  5.70  7.39  8.90  9.33  9.17  7.87  6.90  4.18  1.48  0.47  0.35  0.13  0.05  0.03  0.03  0.03  0.03  0.04  0.03
 5 -15  0.04  0.11  0.18  0.35  0.69  1.03  1.67  3.12  4.53  5.53  7.20  8.86  9.51  9.53  8.15  7.13  4.17  1.36  0.40  0.30  0.12  0.04  0.03  0.03  0.03  0.03  0.03  0.03
 5 -10  0.04  0.11  0.17  0.35  0.69  1.01  1.65  3.07  4.41  5.36  7.04  8.88  9.70  9.90  8.43  7.37  4.17  1.24  0.32  0.25  0.11  0.03  0.03  0.03  0.03  0.03  0.03  0.03
 5  -5  0.03  0.10  0.17  0.34  0.68  1.01  1.63  3.05  4.37  5.31  6.98  8.90  9.80 10.02  8.36  7.16  3.96  1.07  0.28  0.22  0.10  0.03  0.03  0.03  0.03  0.03  0.03  0.03
 5   0  0.03  0.10  0.17  0.34  0.67  0.99  1.62  3.04  4.33  5.26  6.93  8.90  9.83 10.08  8.25  6.95  3.76  0.92  0.24  0.20  0.10  0.03  0.03  0.03  0.03  0.03  0.03  0.03
 5   5  0.03  0.10  0.17  0.34  0.67  0.99  1.61  3.04  4.35  5.32  7.04  9.02  9.86  9.98  8.33  7.15  4.05  1.18  0.41  0.33  0.16  0.03  0.03  0.03  0.03  0.03  0.03  0.03
 5  10  0.03  0.10  0.16  0.33  0.65  0.97  1.59  3.05  4.42  5.42  7.20  9.16  9.90  9.94  8.42  7.36  4.33  1.43  0.57  0.45  0.22  0.04  0.03  0.03  0.03  0.04  0.04  0.03
 5  15  0.03  0.10  0.16  0.33  0.65  0.96  1.58  3.05  4.41  5.42  7.23  9.16  9.82  9.73  8.29  7.28  4.25  1.51  0.61  0.48  0.24  0.04  0.04  0.04  0.04  0.05  0.05  0.04
 5  20  0.03  0.10  0.17  0.33  0.66  0.97  1.59  3.03  4.41  5.43  7.29  9.14  9.69  9.51  8.13  7.19  4.17  1.60  0.65  0.52  0.26  0.06  0.05  0.05  0.05  0.05  0.05  0.05
 5  25  0.03  0.10  0.16  0.33  0.65  0.96  1.58  3.00  4.37  5.39  7.25  9.05  9.56  9.33  7.99  7.09  4.41  1.79  0.77  0.62  0.33  0.11  0.07  0.06  0.06  0.06  0.05  0.05
 5  30  0.03  0.10  0.16  0.32  0.64  0.95  1.56  2.97  4.33  5.35  7.20  8.95  9.41  9.14  7.83  6.97  4.63  2.00  0.91  0.73  0.41  0.17  0.09  0.07  0.06  0.06  0.05  0.05
 5  35  0.03  0.10  0.16  0.32  0.64  0.95  1.54  2.91  4.26  5.26  7.10  8.82  9.22  8.89  7.62  6.81  4.66  2.27  1.16  0.95  0.60  0.33  0.14  0.09  0.07  0.06  0.06  0.05
 5  40  0.03  0.10  0.16  0.32  0.64  0.94  1.53  2.85  4.21  5.21  7.07  8.69  9.02  8.64  7.43  6.65  4.67  2.56  1.41  1.18  0.79  0.48  0.22  0.12  0.08  0.06  0.06  0.05
 5  45  0.03  0.10  0.16  0.31  0.62  0.92  1.50  2.81  4.14  5.14  6.94  8.51  8.80  8.34  7.14  6.39  4.65  2.76  1.66  1.39  0.95  0.59  0.35  0.16  0.10  0.07  0.06  0.05
 5  50  0.03  0.09  0.15  0.30  0.60  0.89  1.46  2.78  4.10  5.09  6.87  8.35  8.58  8.06  6.87  6.13  4.62  2.96  1.89  1.59  1.11  0.69  0.43  0.20  0.11  0.07  0.06  0.05
 5  55  0.03  0.09  0.15  0.30  0.59  0.87  1.43  2.73  4.00  4.97  6.75  8.15  8.28  7.70  6.56  5.84  4.63  3.11  2.02  1.70  1.19  0.74  0.48  0.28  0.13  0.08  0.06  0.05
 5  60  0.03  0.09  0.15  0.30  0.59  0.88  1.44  2.75  4.13  5.14  6.86  8.03  8.02  7.32  6.28  5.65  4.69  3.32  2.20  1.84  1.26  0.78  0.53  0.31  0.15  0.08  0.06  0.05
 5  65  0.03  0.09  0.15  0.29  0.58  0.87  1.42  2.70  4.05  5.03  6.65  7.62  7.51  6.77  5.77  5.17  4.42  3.34  2.34  1.97  1.38  0.85  0.60  0.36  0.16  0.08  0.06  0.05
 5  70  0.03  0.09  0.15  0.29  0.57  0.85  1.39  2.65  3.97  4.93  6.43  7.22  7.00  6.22  5.26  4.68  4.14  3.36  2.47  2.10  1.49  0.93  0.66  0.42  0.24  0.08  0.06  0.05
 5  75  0.03  0.09  0.15  0.29  0.57  0.85  1.39  2.66  4.03  5.02  6.42  6.94  6.57  5.74  5.03  4.63  4.26  3.47  2.52  2.14  1.52  0.95  0.66  0.42  0.23  0.09  0.07  0.06
 5  80  0.03  0.09  0.14  0.29  0.57  0.85  1.39  2.64  4.08  5.10  6.43  6.68  6.15  5.27  4.80  4.57  4.38  3.57  2.58  2.19  1.56  0.97  0.66  0.42  0.23  0.09  0.07  0.06
 5  85  0.03  0.09  0.14  0.29  0.57  0.84  1.37  2.61  4.06  5.10  6.42  6.66  6.12  5.26  4.78  4.55  4.39  3.59  2.59  2.20  1.57  0.97  0.67  0.42  0.23  0.09  0.07  0.06
 5  90  0.03  0.08  0.14  0.28  0.55  0.82  1.35  2.55  3.97  5.03  6.38  6.64  6.10  5.24  4.73  4.51  4.41  3.65  2.62  2.21  1.55  0.96  0.67  0.43  0.23  0.09  0.07  0.06
 6 -90  0.06  0.18  0.29  0.57  1.09  1.57  2.38  3.58  4.65  5.42  5.41  5.48  5.22  4.68  4.24  4.01  3.41  2.82  2.07  1.73  1.18  0.46  0.20  0.09  0.05  0.04  0.03  0.03
 6 -85  0.06  0.18  0.30  0.58  1.12  1.61  2.44  3.70  4.87  5.71  5.76  5.64  5.31  4.77  4.33  4.09  3.48  2.86  2.08  1.74  1.18  0.45  0.21  0.09  0.05  0.04  0.03  0.03
 6 -80  0.06  0.18  0.30  0.59  1.12  1.62  2.46  3.72  4.92  5.78  5.85  5.71  5.34  4.77  4.33  4.09  3.48  2.87  2.09  1.74  1.18  0.45  0.21  0.09  0.05  0.04  0.03  0.03
 6 -75  0.06  0.18  0.30  0.59  1.14  1.64  2.51  3.90  5.14  6.02  6.29  6.26  5.88  5.26  4.64  4.28  3.65  2.86  2.06  1.72  1.17  0.45  0.20  0.09  0.06  0.04  0.03  0.03
 6 -70  0.06  0.18  0.30  0.60  1.16  1.68  2.59  4.15  5.45  6.35  6.77  6.74  6.35  5.71  4.94  4.47  3.83  2.87  2.04  1.71  1.17  0.44  0.20  0.09  0.06  0.04  0.03  0.03
 6 -65  0.06  0.19  0.31  0.61  1.19  1.72  2.69  4.45  5.88  6.83  7.04  6.80  6.39  5.79  5.24  4.92  4.24  2.98  2.05  1.70  1.15  0.48  0.24  0.10  0.06  0.04  0.03  0.03
 6 -60  0.06  0.19  0.31  0.62  1.20  1.75  2.75  4.70  6.23  7.22  7.24  6.83  6.41  5.84  5.53  5.34  4.62  3.05  2.04  1.69  1.11  0.52  0.27  0.10  0.06  0.04  0.03  0.03
 6 -55  0.06  0.18  0.31  0.61  1.19  1.74  2.76  4.86  6.62  7.72  7.61  7.05  6.59  6.13  5.91  5.74  4.77  2.89  1.87  1.54  0.98  0.50  0.28  0.10  0.06  0.04  0.03  0.03
 6 -50  0.06  0.18  0.30  0.60  1.17  1.72  2.74  4.86  6.77  7.98  7.89  7.29  6.85  6.35  6.23  6.11  4.90  2.70  1.62  1.33  0.84  0.47  0.29  0.09  0.05  0.04  0.03  0.03
 6 -45  0.06  0.17  0.27  0.54  1.06  1.56  2.50  4.45  6.40  7.68  8.04  7.67  7.21  6.64  6.30  6.04  4.82  2.59  1.51  1.24  0.79  0.43  0.27  0.08  0.05  0.04  0.03  0.03
 6 -40  0.05  0.15  0.24  0.49  0.95  1.40  2.25  4.05  6.05  7.40  8.22  8.09  7.63  6.97  6.40  5.97  4.74  2.47  1.41  1.16  0.72  0.39  0.24  0.08  0.05  0.04  0.03  0.03
 6 -35  0.04  0.13  0.22  0.44  0.87  1.28  2.06  3.74  5.62  6.91  8.03  8.28  7.98  7.41  6.78  6.32  4.80  2.22  1.11  0.90  0.53  0.29  0.12  0.07  0.05  0.04  0.03  0.03
 6 -30  0.04  0.12  0.20  0.40  0.79  1.16  1.88  3.45  5.19  6.40  7.84  8.48  8.36  7.88  7.17  6.65  4.85  1.97  0.81  0.64  0.35  0.19  0.08  0.06  0.05  0.04  0.04  0.03
 6 -25  0.04  0.12  0.19  0.39  0.76  1.12  1.81  3.31  4.96  6.13  7.66  8.57  8.63  8.29  7.42  6.78  4.64  1.73  0.63  0.49  0.24  0.07  0.05  0.04  0.04  0.04  0.04  0.04
 6 -20  0.04  0.11  0.19  0.38  0.74  1.09  1.75  3.19  4.71  5.80  7.43  8.68  8.93  8.66  7.65  6.90  4.42  1.51  0.46  0.34  0.15  0.05  0.04  0.04  0.04  0.04  0.04  0.04
 6 -15  0.04  0.11  0.18  0.36  0.72  1.06  1.72  3.17  4.65  5.71  7.33  8.72  9.15  9.00  7.80  6.93  4.21  1.40  0.43  0.33  0.14  0.04  0.03  0.03  0.03  0.04  0.04  0.04
 6 -10  0.04  0.11  0.18  0.36  0.72  1.06  1.71  3.14  4.58  5.62  7.26  8.80  9.37  9.37  7.98  6.97  4.01  1.29  0.40  0.31  0.14  0.04  0.03  0.03  0.03  0.03  0.04  0.03
 6  -5  0.04  0.11  0.18  0.36  0.71  1.05  1.70  3.13  4.57  5.60  7.25  8.88  9.55  9.58  8.17  7.18  4.08  1.22  0.36  0.29  0.14  0.03  0.03  0.03  0.03  0.03  0.03  0.03
 6   0  0.04  0.11  0.17  0.35  0.69  1.02  1.66  3.14  4.56  5.59  7.27  8.96  9.69  9.75  8.35  7.41  4.16  1.17  0.33  0.27  0.14  0.03  0.03  0.03  0.03  0.03  0.03  0.03
 6   5  0.04  0.11  0.18  0.35  0.69  1.02  1.66  3.12  4.55  5.59  7.34  9.07  9.72  9.75  8.39  7.44  4.33  1.33  0.46  0.37  0.19  0.04  0.03  0.03  0.03  0.03  0.03  0.03
 6  10  0.03  0.10  0.17  0.34  0.67  1.00  1.64  3.13  4.58  5.64  7.44  9.20  9.80  9.79  8.42  7.46  4.48  1.48  0.57  0.46  0.23  0.04  0.03  0.03  0.03  0.04  0.04  0.03
 6  15  0.03  0.10  0.17  0.34  0.67  1.00  1.63  3.12  4.55  5.59  7.41  9.18  9.73  9.61  8.21  7.24  4.38  1.55  0.60  0.48  0.25  0.05  0.04  0.04  0.04  0.05  0.04  0.04
 6  20  0.03  0.10  0.17  0.34  0.68  1.00  1.64  3.09  4.51  5.55  7.42  9.16  9.64  9.44  8.00  7.01  4.30  1.63  0.64  0.51  0.27  0.07  0.05  0.05  0.05  0.05  0.05  0.04
 6  25  0.03  0.10  0.17  0.33  0.66  0.98  1.61  3.04  4.44  5.47  7.31  9.03  9.52  9.29  8.00  7.14  4.46  1.77  0.68  0.55  0.29  0.09  0.06  0.06  0.06  0.06  0.05  0.04
 6  30  0.03  0.10  0.16  0.33  0.65  0.96  1.57  3.01  4.37  5.39  7.21  8.92  9.38  9.12  8.00  7.26  4.62  1.91  0.74  0.58  0.32  0.14  0.08  0.06  0.06  0.06  0.05  0.04
 6  35  0.03  0.10  0.16  0.32  0.64  0.95  1.55  2.93  4.26  5.25  7.05  8.73  9.16  8.88  7.72  6.95  4.60  2.17  1.00  0.81  0.47  0.20  0.10  0.07  0.07  0.06  0.05  0.05
 6  40  0.03  0.10  0.16  0.32  0.63  0.94  1.52  2.85  4.17  5.15  6.94  8.54  8.92  8.62  7.42  6.63  4.58  2.44  1.28  1.03  0.63  0.36  0.17  0.10  0.08  0.06  0.06  0.05
 6  45  0.03  0.09  0.16  0.31  0.61  0.91  1.48  2.78  4.05  4.99  6.72  8.30  8.66  8.32  7.13  6.36  4.58  2.60  1.48  1.22  0.79  0.47  0.27  0.14  0.09  0.07  0.06  0.05
 6  50  0.03  0.09  0.15  0.29  0.58  0.87  1.42  2.73  3.95  4.86  6.54  8.08  8.41  8.02  6.84  6.09  4.58  2.76  1.68  1.40  0.95  0.57  0.36  0.16  0.10  0.07  0.06  0.05
 6  55  0.03  0.09  0.14  0.28  0.56  0.84  1.37  2.64  3.78  4.65  6.31  7.81  8.07  7.64  6.52  5.80  4.40  2.84  1.77  1.47  0.99  0.61  0.40  0.18  0.11  0.07  0.06  0.05
 6  60  0.03  0.08  0.14  0.28  0.56  0.83  1.36  2.62  3.84  4.73  6.30  7.61  7.77  7.22  6.23  5.61  4.28  2.98  1.91  1.57  1.04  0.64  0.44  0.26  0.12  0.08  0.06  0.05
 6  65  0.03  0.08  0.14  0.27  0.54  0.81  1.32  2.54  3.73  4.58  6.08  7.24  7.29  6.67  5.67  5.04  3.97  2.97  2.01  1.67  1.13  0.68  0.50  0.29  0.14  0.08  0.06  0.05
 6  70  0.03  0.08  0.13  0.26  0.52  0.78  1.28  2.46  3.62  4.45  5.87  6.90  6.84  6.14  5.13  4.48  3.67  2.96  2.12  1.77  1.23  0.72  0.55  0.33  0.16  0.08  0.06  0.05
 6  75  0.03  0.08  0.13  0.25  0.50  0.75  1.23  2.35  3.56  4.40  5.86  6.74  6.54  5.77  4.87  4.29  3.70  3.00  2.16  1.82  1.28  0.75  0.57  0.35  0.18  0.09  0.07  0.05
 6  80  0.02  0.07  0.12  0.24  0.48  0.72  1.18  2.26  3.49  4.35  5.85  6.58  6.25  5.41  4.61  4.10  3.72  3.03  2.21  1.88  1.34  0.77  0.59  0.37  0.20  0.09  0.07  0.05
 6  85  0.02  0.07  0.12  0.24  0.48  0.71  1.17  2.24  3.47  4.33  5.82  6.55  6.23  5.39  4.59  4.08  3.72  3.04  2.21  1.88  1.35  0.77  0.59  0.37  0.20  0.09  0.07  0.05
 6  90  0.02  0.07  0.12  0.24  0.47  0.71  1.16  2.21  3.38  4.22  5.70  6.44  6.17  5.39  4.55  4.03  3.65  3.01  2.18  1.84  1.32  0.76  0.60  0.38  0.20  0.09  0.07  0.05
 7 -90  0.05  0.16  0.26  0.51  0.97  1.38  2.06  2.93  4.11  4.93  5.30  5.57  5.52  5.07  4.52  4.11  3.66  2.79  2.05  1.69  1.11  0.45  0.18  0.08  0.05  0.03  0.03  0.03
 7 -85  0.05  0.16  0.27  0.52  1.00  1.43  2.14  3.08  4.34  5.21  5.62  5.79  5.64  5.12  4.61  4.23  3.77  2.87  2.10  1.72  1.11  0.45  0.18  0.08  0.05  0.03  0.03  0.03
 7 -80  0.06  0.16  0.27  0.53  1.01  1.44  2.17  3.14  4.41  5.28  5.68  5.85  5.70  5.14  4.62  4.24  3.79  2.89  2.10  1.72  1.11  0.45  0.18  0.08  0.05  0.03  0.03  0.03
 7 -75  0.05  0.16  0.26  0.50  0.97  1.38  2.08  3.06  4.38  5.29  5.89  6.36  6.28  5.70  4.91  4.35  3.71  2.90  2.12  1.74  1.14  0.45  0.19  0.08  0.05  0.03  0.03  0.03
 7 -70  0.05  0.15  0.24  0.48  0.92  1.32  2.00  3.03  4.43  5.39  6.22  6.89  6.81  6.21  5.17  4.46  3.64  2.93  2.14  1.77  1.18  0.46  0.20  0.09  0.05  0.04  0.03  0.03
 7 -65  0.05  0.15  0.26  0.50  0.97  1.40  2.17  3.50  5.02  6.07  6.77  7.04  6.73  6.06  5.40  5.00  4.24  3.09  2.14  1.78  1.21  0.49  0.23  0.09  0.05  0.04  0.03  0.03
 7 -60  0.05  0.16  0.26  0.52  1.01  1.47  2.31  3.93  5.53  6.65  7.19  7.07  6.58  5.88  5.61  5.48  4.77  3.20  2.11  1.77  1.23  0.52  0.27  0.10  0.06  0.04  0.03  0.03
 7 -55  0.05  0.15  0.26  0.51  0.99  1.46  2.33  4.15  5.92  7.10  7.60  7.31  6.77  6.17  6.01  5.93  4.94  3.05  1.98  1.64  1.08  0.50  0.28  0.10  0.06  0.04  0.03  0.03
 7 -50  0.05  0.15  0.25  0.50  0.99  1.46  2.34  4.23  6.11  7.34  7.89  7.55  7.02  6.39  6.39  6.38  5.08  2.87  1.75  1.44  0.92  0.47  0.29  0.09  0.05  0.04  0.03  0.03
 7 -45  0.05  0.15  0.24  0.48  0.95  1.39  2.23  4.02  5.90  7.16  7.99  7.89  7.39  6.74  6.48  6.29  5.05  2.83  1.68  1.36  0.85  0.43  0.27  0.08  0.05  0.04  0.03  0.03
 7 -40  0.05  0.14  0.23  0.45  0.89  1.31  2.11  3.83  5.74  7.02  8.15  8.28  7.85  7.16  6.61  6.21  5.01  2.80  1.60  1.29  0.76  0.39  0.24  0.09  0.05  0.04  0.04  0.03
 7 -35  0.04  0.13  0.21  0.42  0.83  1.23  1.98  3.62  5.44  6.70  8.00  8.42  8.12  7.52  6.78  6.25  4.93  2.54  1.30  1.03  0.57  0.29  0.19  0.09  0.06  0.04  0.04  0.03
 7 -30  0.04  0.12  0.20  0.40  0.78  1.15  1.86  3.42  5.14  6.35  7.85  8.56  8.42  7.89  6.96  6.29  4.84  2.28  1.02  0.79  0.40  0.20  0.09  0.07  0.06  0.04  0.04  0.04
 7 -25  0.04  0.12  0.20  0.39  0.76  1.13  1.81  3.30  4.97  6.16  7.76  8.65  8.60  8.18  7.22  6.53  4.67  1.96  0.78  0.60  0.29  0.08  0.06  0.05  0.04  0.04  0.04  0.04
 7 -20  0.04  0.12  0.19  0.38  0.75  1.11  1.77  3.20  4.78  5.93  7.62  8.74  8.83  8.43  7.44  6.74  4.50  1.66  0.55  0.42  0.18  0.06  0.04  0.04  0.04  0.04  0.04  0.04
 7 -15  0.04  0.11  0.19  0.37  0.73  1.07  1.73  3.18  4.72  5.83  7.53  8.83  9.10  8.80  7.68  6.93  4.21  1.47  0.50  0.38  0.17  0.05  0.04  0.03  0.04  0.04  0.04  0.04
 7 -10  0.04  0.11  0.18  0.37  0.72  1.07  1.72  3.15  4.66  5.74  7.48  8.94  9.40  9.24  7.98  7.14  3.92  1.26  0.44  0.34  0.17  0.04  0.03  0.03  0.03  0.04  0.04  0.04
 7  -5  0.04  0.11  0.18  0.36  0.72  1.06  1.71  3.14  4.64  5.72  7.45  9.02  9.62  9.51  8.03  7.07  3.97  1.22  0.43  0.34  0.17  0.04  0.03  0.03  0.03  0.03  0.04  0.03
 7   0  0.03  0.10  0.17  0.35  0.68  1.02  1.66  3.16  4.63  5.71  7.49  9.15  9.81  9.75  8.10  7.03  4.05  1.20  0.43  0.35  0.18  0.04  0.03  0.03  0.03  0.03  0.03  0.03
 7   5  0.04  0.11  0.18  0.35  0.69  1.03  1.67  3.15  4.63  5.71  7.55  9.24  9.83  9.78  8.28  7.27  4.30  1.40  0.56  0.43  0.21  0.04  0.03  0.03  0.03  0.03  0.03  0.03
 7  10  0.03  0.10  0.17  0.34  0.68  1.01  1.65  3.16  4.66  5.75  7.62  9.35  9.89  9.83  8.46  7.50  4.51  1.60  0.67  0.51  0.23  0.04  0.03  0.03  0.03  0.04  0.03  0.03
 7  15  0.03  0.10  0.17  0.34  0.68  1.01  1.66  3.15  4.65  5.72  7.60  9.29  9.77  9.61  8.29  7.35  4.49  1.66  0.69  0.52  0.23  0.05  0.04  0.04  0.04  0.04  0.04  0.03
 7  20  0.04  0.11  0.18  0.35  0.69  1.03  1.67  3.14  4.62  5.69  7.59  9.25  9.65  9.43  8.12  7.20  4.50  1.72  0.71  0.55  0.24  0.06  0.05  0.05  0.05  0.05  0.05  0.04
 7  25  0.03  0.10  0.17  0.34  0.68  1.01  1.65  3.13  4.58  5.64  7.48  9.10  9.50  9.26  7.96  7.07  4.48  1.86  0.76  0.58  0.26  0.09  0.06  0.06  0.06  0.06  0.05  0.04
 7  30  0.03  0.10  0.17  0.34  0.67  1.00  1.63  3.12  4.54  5.60  7.40  8.97  9.33  9.08  7.80  6.94  4.46  1.99  0.81  0.61  0.27  0.11  0.07  0.06  0.06  0.06  0.05  0.04
 7  35  0.03  0.10  0.17  0.33  0.66  0.98  1.60  3.04  4.42  5.45  7.22  8.74  9.10  8.82  7.59  6.78  4.46  2.14  0.99  0.76  0.38  0.14  0.08  0.07  0.06  0.06  0.05  0.04
 7  40  0.03  0.10  0.17  0.33  0.65  0.96  1.57  2.97  4.34  5.34  7.08  8.53  8.84  8.54  7.37  6.59  4.44  2.28  1.16  0.91  0.50  0.20  0.11  0.08  0.07  0.06  0.05  0.04
 7  45  0.03  0.10  0.16  0.32  0.63  0.94  1.52  2.87  4.18  5.15  6.85  8.28  8.57  8.23  7.07  6.31  4.44  2.42  1.32  1.06  0.63  0.32  0.17  0.10  0.08  0.06  0.05  0.05
 7  50  0.03  0.09  0.15  0.30  0.60  0.89  1.46  2.80  4.05  4.98  6.64  8.03  8.29  7.92  6.77  6.04  4.43  2.56  1.47  1.21  0.78  0.43  0.27  0.13  0.09  0.07  0.06  0.05
 7  55  0.03  0.09  0.14  0.29  0.57  0.85  1.40  2.70  3.87  4.76  6.40  7.77  7.97  7.54  6.39  5.63  4.23  2.61  1.56  1.29  0.86  0.49  0.32  0.16  0.10  0.07  0.06  0.05
 7  60  0.03  0.09  0.14  0.28  0.56  0.84  1.38  2.67  3.92  4.82  6.37  7.58  7.68  7.12  6.03  5.33  4.10  2.72  1.70  1.41  0.94  0.54  0.38  0.19  0.11  0.07  0.06  0.05
 7  65  0.03  0.08  0.14  0.27  0.54  0.81  1.33  2.57  3.78  4.64  6.10  7.16  7.15  6.54  5.44  4.73  3.75  2.73  1.80  1.50  1.03  0.58  0.42  0.25  0.12  0.07  0.06  0.05
 7  70  0.03  0.08  0.13  0.26  0.52  0.78  1.28  2.47  3.63  4.45  5.82  6.74  6.63  5.95  4.85  4.13  3.39  2.73  1.89  1.59  1.11  0.61  0.46  0.28  0.13  0.08  0.06  0.05
 7  75  0.03  0.08  0.13  0.25  0.50  0.74  1.22  2.35  3.55  4.38  5.75  6.50  6.27  5.54  4.57  3.94  3.37  2.78  1.96  1.64  1.14  0.62  0.48  0.29  0.15  0.08  0.06  0.05
 7  80  0.02  0.07  0.12  0.24  0.47  0.70  1.16  2.23  3.47  4.31  5.70  6.29  5.92  5.12  4.30  3.76  3.34  2.82  2.02  1.69  1.17  0.62  0.50  0.30  0.16  0.09  0.06  0.05
 7  85  0.02  0.07  0.12  0.24  0.47  0.70  1.15  2.21  3.45  4.30  5.67  6.25  5.88  5.10  4.29  3.76  3.34  2.82  2.02  1.69  1.17  0.63  0.50  0.31  0.18  0.09  0.06  0.05
 7  90  0.02  0.07  0.12  0.24  0.47  0.70  1.14  2.19  3.36  4.21  5.58  6.12  5.79  5.06  4.26  3.73  3.27  2.77  1.99  1.66  1.15  0.62  0.51  0.30  0.18  0.09  0.06  0.05
 8 -90  0.04  0.13  0.21  0.41  0.78  1.12  1.68  2.48  3.49  4.20  5.17  6.43  6.45  5.81  4.73  3.75  3.04  2.62  1.91  1.58  1.06  0.45  0.14  0.07  0.05  0.03  0.03  0.03
 8 -85  0.04  0.13  0.22  0.43  0.82  1.17  1.77  2.66  3.82  4.61  5.59  6.62  6.62  5.87  4.79  3.90  3.23  2.73  1.97  1.63  1.08  0.44  0.15  0.07  0.05  0.04  0.03  0.03
 8 -80  0.05  0.13  0.22  0.43  0.83  1.20  1.82  2.74  3.96  4.78  5.73  6.68  6.67  5.91  4.84  3.95  3.29  2.78  2.00  1.65  1.09  0.44  0.16  0.07  0.05  0.04  0.03  0.03
 8 -75  0.05  0.14  0.23  0.45  0.87  1.25  1.93  3.06  4.33  5.17  6.02  6.70  6.64  6.03  5.06  4.29  3.53  2.93  2.09  1.72  1.16  0.47  0.16  0.07  0.05  0.04  0.03  0.03
 8 -70  0.05  0.14  0.23  0.45  0.88  1.28  1.99  3.32  4.66  5.56  6.35  6.77  6.65  6.13  5.18  4.55  3.77  3.09  2.20  1.83  1.24  0.50  0.16  0.07  0.05  0.04  0.03  0.03
 8 -65  0.04  0.13  0.22  0.44  0.86  1.25  1.99  3.46  4.92  5.93  6.82  7.14  6.89  6.24  5.50  5.10  4.33  3.32  2.23  1.85  1.23  0.52  0.17  0.08  0.05  0.04  0.03  0.03
 8 -60  0.04  0.13  0.22  0.43  0.84  1.24  1.99  3.58  5.13  6.22  7.17  7.36  7.01  6.29  5.82  5.61  4.79  3.45  2.20  1.82  1.21  0.54  0.28  0.08  0.05  0.04  0.03  0.03
 8 -55  0.04  0.13  0.21  0.43  0.84  1.25  2.02  3.77  5.50  6.64  7.62  7.72  7.32  6.69  6.21  5.92  5.00  3.40  2.12  1.76  1.15  0.53  0.30  0.09  0.06  0.04  0.04  0.03
 8 -50  0.04  0.13  0.22  0.43  0.85  1.26  2.06  3.87  5.69  6.92  7.98  8.11  7.71  7.03  6.58  6.27  5.23  3.33  1.95  1.62  1.07  0.51  0.31  0.10  0.06  0.04  0.04  0.03
 8 -45  0.04  0.13  0.22  0.43  0.85  1.26  2.04  3.78  5.61  6.87  8.05  8.33  7.96  7.28  6.63  6.19  5.17  3.20  1.82  1.50  0.98  0.48  0.30  0.10  0.06  0.04  0.04  0.03
 8 -40  0.04  0.13  0.21  0.42  0.84  1.24  2.00  3.71  5.57  6.84  8.17  8.61  8.30  7.60  6.72  6.12  5.11  3.09  1.70  1.39  0.88  0.43  0.28  0.10  0.06  0.04  0.04  0.04
 8 -35  0.04  0.12  0.20  0.41  0.80  1.18  1.91  3.55  5.34  6.61  8.09  8.72  8.47  7.81  6.83  6.18  4.98  2.77  1.38  1.10  0.66  0.33  0.22  0.10  0.06  0.05  0.04  0.04
 8 -30  0.04  0.12  0.19  0.38  0.76  1.12  1.82  3.39  5.11  6.35  8.00  8.82  8.67  8.04  6.96  6.24  4.84  2.46  1.07  0.84  0.46  0.22  0.10  0.07  0.06  0.05  0.04  0.04
 8 -25  0.04  0.12  0.19  0.38  0.75  1.10  1.78  3.26  4.92  6.14  7.90  8.96  8.91  8.35  7.22  6.45  4.70  2.10  0.79  0.61  0.31  0.08  0.06  0.05  0.05  0.05  0.05  0.04
 8 -20  0.04  0.11  0.19  0.37  0.74  1.08  1.74  3.14  4.72  5.89  7.75  9.09  9.17  8.63  7.43  6.63  4.54  1.76  0.51  0.39  0.18  0.06  0.04  0.04  0.04  0.04  0.05  0.04
 8 -15  0.04  0.11  0.18  0.36  0.70  1.04  1.68  3.11  4.63  5.73  7.59  9.15  9.45  9.03  7.70  6.86  4.24  1.53  0.49  0.37  0.16  0.05  0.04  0.04  0.04  0.04  0.04  0.04
 8 -10  0.04  0.11  0.18  0.35  0.69  1.02  1.66  3.06  4.53  5.59  7.48  9.23  9.77  9.53  8.06  7.13  3.92  1.28  0.47  0.35  0.14  0.04  0.03  0.03  0.04  0.04  0.04  0.04
 8  -5  0.04  0.11  0.18  0.35  0.69  1.02  1.65  3.04  4.49  5.54  7.41  9.25  9.97  9.83  8.22  7.21  3.89  1.24  0.46  0.35  0.14  0.04  0.03  0.03  0.03  0.04  0.04  0.04
 8   0  0.03  0.10  0.16  0.33  0.65  0.97  1.59  3.07  4.48  5.53  7.43  9.38 10.18 10.11  8.40  7.32  3.91  1.21  0.46  0.35  0.15  0.04  0.03  0.03  0.03  0.04  0.04  0.03
 8   5  0.03  0.10  0.17  0.34  0.67  0.99  1.62  3.06  4.50  5.55  7.49  9.42 10.15 10.09  8.49  7.42  4.20  1.37  0.57  0.43  0.17  0.04  0.03  0.03  0.03  0.04  0.03  0.03
 8  10  0.03  0.10  0.17  0.33  0.66  0.99  1.62  3.08  4.55  5.62  7.58  9.50 10.15 10.09  8.57  7.51  4.46  1.54  0.67  0.49  0.19  0.04  0.03  0.03  0.03  0.04  0.03  0.03
 8  15  0.03  0.10  0.17  0.34  0.68  1.00  1.64  3.11  4.61  5.69  7.64  9.42  9.93  9.77  8.36  7.36  4.44  1.61  0.70  0.51  0.20  0.04  0.04  0.04  0.04  0.04  0.04  0.03
 8  20  0.04  0.11  0.18  0.35  0.69  1.03  1.67  3.12  4.65  5.76  7.71  9.37  9.74  9.51  8.16  7.20  4.44  1.69  0.73  0.53  0.20  0.06  0.05  0.05  0.05  0.05  0.04  0.04
 8  25  0.04  0.10  0.17  0.35  0.69  1.02  1.67  3.16  4.70  5.80  7.67  9.22  9.55  9.28  7.97  7.05  4.41  1.81  0.76  0.56  0.22  0.07  0.06  0.05  0.05  0.05  0.05  0.04
 8  30  0.03  0.10  0.17  0.35  0.69  1.02  1.67  3.19  4.72  5.84  7.67  9.09  9.34  9.05  7.78  6.91  4.39  1.93  0.80  0.59  0.24  0.10  0.06  0.06  0.06  0.06  0.05  0.04
 8  35  0.03  0.10  0.17  0.35  0.68  1.02  1.66  3.15  4.64  5.74  7.52  8.85  9.08  8.76  7.56  6.74  4.39  2.02  0.93  0.70  0.32  0.12  0.07  0.06  0.06  0.06  0.05  0.04
 8  40  0.03  0.10  0.17  0.34  0.68  1.00  1.64  3.11  4.59  5.66  7.40  8.64  8.80  8.46  7.32  6.55  4.36  2.12  1.05  0.81  0.41  0.15  0.09  0.07  0.06  0.06  0.05  0.04
 8  45  0.03  0.10  0.17  0.34  0.66  0.98  1.60  3.03  4.47  5.53  7.24  8.42  8.53  8.12  7.00  6.26  4.26  2.26  1.21  0.96  0.54  0.24  0.13  0.09  0.07  0.06  0.05  0.04
 8  50  0.03  0.10  0.16  0.32  0.64  0.96  1.56  2.97  4.37  5.41  7.10  8.20  8.26  7.77  6.67  5.95  4.17  2.40  1.37  1.11  0.68  0.33  0.20  0.11  0.08  0.06  0.05  0.05
 8  55  0.03  0.09  0.16  0.31  0.61  0.92  1.50  2.90  4.24  5.25  6.94  7.99  7.96  7.39  6.29  5.57  3.96  2.49  1.50  1.22  0.77  0.37  0.23  0.14  0.09  0.07  0.05  0.05
 8  60  0.03  0.09  0.15  0.31  0.61  0.91  1.49  2.89  4.32  5.37  6.98  7.84  7.67  6.96  5.95  5.30  3.82  2.65  1.69  1.37  0.86  0.42  0.27  0.16  0.10  0.07  0.05  0.05
 8  65  0.03  0.09  0.15  0.30  0.59  0.89  1.46  2.82  4.21  5.22  6.70  7.34  7.06  6.29  5.35  4.75  3.60  2.68  1.78  1.46  0.94  0.48  0.32  0.20  0.10  0.07  0.05  0.05
 8  70  0.03  0.09  0.15  0.29  0.58  0.86  1.42  2.74  4.09  5.04  6.37  6.80  6.41  5.61  4.74  4.20  3.37  2.71  1.88  1.54  1.02  0.52  0.37  0.22  0.11  0.07  0.06  0.05
 8  75  0.03  0.09  0.14  0.29  0.57  0.85  1.40  2.70  4.02  4.93  6.02  6.18  5.70  4.92  4.27  3.88  3.36  2.73  1.93  1.59  1.06  0.55  0.38  0.23  0.13  0.07  0.06  0.05
 8  80  0.03  0.09  0.14  0.28  0.56  0.84  1.38  2.67  3.97  4.85  5.70  5.57  4.99  4.24  3.81  3.56  3.34  2.75  1.97  1.63  1.10  0.57  0.39  0.24  0.14  0.08  0.06  0.05
 8  85  0.03  0.09  0.14  0.28  0.56  0.84  1.38  2.66  3.98  4.84  5.64  5.50  4.94  4.23  3.83  3.58  3.36  2.75  1.97  1.63  1.10  0.57  0.39  0.24  0.15  0.08  0.06  0.05
 8  90  0.03  0.09  0.14  0.28  0.56  0.84  1.37  2.64  3.94  4.79  5.53  5.35  4.80  4.13  3.76  3.53  3.31  2.72  1.95  1.62  1.10  0.58  0.40  0.23  0.15  0.08  0.06  0.05
 9 -90  0.04  0.12  0.20  0.39  0.77  1.12  1.76  2.96  4.31  5.25  5.81  6.14  5.94  5.49  4.82  4.12  2.57  1.89  1.44  1.23  0.85  0.42  0.10  0.06  0.04  0.04  0.03  0.03
 9 -85  0.04  0.12  0.20  0.40  0.78  1.14  1.79  3.03  4.45  5.43  6.05  6.34  6.12  5.62  4.86  4.25  2.84  2.11  1.52  1.27  0.87  0.42  0.11  0.06  0.04  0.04  0.03  0.03
 9 -80  0.04  0.12  0.20  0.40  0.78  1.14  1.79  3.03  4.50  5.53  6.21  6.47  6.20  5.65  4.89  4.30  2.93  2.20  1.58  1.32  0.90  0.43  0.12  0.06  0.05  0.04  0.03  0.03
 9 -75  0.04  0.12  0.20  0.39  0.76  1.11  1.76  3.07  4.53  5.60  6.61  6.93  6.62  5.99  5.12  4.57  3.25  2.45  1.75  1.46  1.00  0.47  0.14  0.07  0.05  0.04  0.03  0.03
 9 -70  0.04  0.11  0.19  0.38  0.74  1.08  1.73  3.09  4.49  5.55  6.85  7.26  6.98  6.31  5.30  4.72  3.47  2.67  1.92  1.62  1.11  0.52  0.16  0.07  0.05  0.04  0.03  0.03
 9 -65  0.04  0.11  0.19  0.37  0.73  1.08  1.74  3.20  4.65  5.73  7.10  7.58  7.38  6.77  5.86  5.34  4.09  3.06  2.12  1.78  1.20  0.56  0.26  0.08  0.05  0.04  0.03  0.03
 9 -60  0.04  0.11  0.19  0.38  0.74  1.10  1.78  3.31  4.84  5.97  7.38  7.90  7.72  7.11  6.42  5.99  4.66  3.32  2.22  1.86  1.26  0.61  0.30  0.09  0.06  0.04  0.03  0.03
 9 -55  0.04  0.12  0.19  0.39  0.76  1.13  1.84  3.48  5.15  6.32  7.70  8.18  7.98  7.45  6.72  6.22  4.94  3.39  2.20  1.83  1.17  0.59  0.30  0.10  0.06  0.04  0.04  0.03
 9 -50  0.04  0.12  0.20  0.39  0.77  1.15  1.87  3.57  5.31  6.54  7.96  8.52  8.32  7.72  6.99  6.48  5.27  3.50  2.12  1.73  1.06  0.56  0.30  0.10  0.06  0.04  0.04  0.03
 9 -45  0.04  0.12  0.20  0.39  0.77  1.14  1.86  3.51  5.27  6.53  8.03  8.69  8.48  7.82  6.93  6.33  5.16  3.32  1.95  1.57  0.94  0.51  0.30  0.09  0.06  0.04  0.04  0.04
 9 -40  0.04  0.12  0.19  0.39  0.77  1.13  1.84  3.46  5.25  6.52  8.15  8.90  8.71  8.01  6.93  6.22  5.05  3.18  1.80  1.43  0.82  0.46  0.28  0.09  0.06  0.05  0.04  0.04
 9 -35  0.04  0.11  0.19  0.37  0.74  1.10  1.78  3.35  5.10  6.36  8.12  9.04  8.91  8.21  7.01  6.23  4.93  2.82  1.46  1.14  0.60  0.33  0.22  0.10  0.06  0.05  0.04  0.04
 9 -30  0.04  0.11  0.18  0.36  0.71  1.06  1.72  3.25  4.93  6.16  8.05  9.17  9.11  8.44  7.11  6.24  4.80  2.44  1.14  0.86  0.40  0.21  0.11  0.08  0.06  0.05  0.05  0.04
 9 -25  0.04  0.11  0.18  0.36  0.71  1.05  1.70  3.14  4.75  5.93  7.89  9.27  9.34  8.75  7.35  6.43  4.72  2.17  0.91  0.68  0.30  0.09  0.06  0.05  0.05  0.05  0.05  0.05
 9 -20  0.04  0.11  0.18  0.35  0.70  1.03  1.66  3.06  4.57  5.71  7.69  9.34  9.58  9.03  7.56  6.59  4.65  1.91  0.70  0.52  0.21  0.06  0.05  0.04  0.04  0.05  0.05  0.05
 9 -15  0.03  0.10  0.17  0.34  0.67  0.99  1.61  3.04  4.47  5.52  7.46  9.29  9.76  9.35  7.79  6.83  4.33  1.61  0.59  0.44  0.18  0.05  0.04  0.04  0.04  0.05  0.05  0.05
 9 -10  0.03  0.10  0.17  0.33  0.65  0.97  1.59  3.01  4.38  5.37  7.28  9.29 10.00  9.81  8.12  7.08  3.98  1.30  0.49  0.37  0.15  0.04  0.04  0.04  0.04  0.04  0.05  0.04
 9  -5  0.03  0.10  0.17  0.33  0.65  0.97  1.58  2.99  4.33  5.31  7.18  9.27 10.15 10.10  8.23  7.08  3.89  1.25  0.49  0.36  0.15  0.04  0.03  0.03  0.04  0.04  0.04  0.04
 9   0  0.03  0.09  0.16  0.31  0.62  0.93  1.54  3.01  4.33  5.30  7.18  9.34 10.32 10.38  8.38  7.11  3.84  1.21  0.48  0.36  0.15  0.04  0.03  0.03  0.03  0.04  0.04  0.03
 9   5  0.03  0.10  0.16  0.33  0.65  0.96  1.57  3.00  4.36  5.34  7.25  9.35 10.25 10.32  8.51  7.32  4.13  1.35  0.55  0.41  0.16  0.04  0.03  0.03  0.03  0.04  0.03  0.03
 9  10  0.03  0.10  0.16  0.33  0.65  0.96  1.58  3.03  4.42  5.43  7.37  9.42 10.21 10.25  8.62  7.51  4.39  1.49  0.62  0.46  0.17  0.04  0.03  0.03  0.03  0.04  0.03  0.03
 9  15  0.03  0.10  0.17  0.33  0.66  0.98  1.61  3.05  4.52  5.56  7.50  9.37  9.96  9.87  8.40  7.36  4.37  1.52  0.63  0.46  0.17  0.04  0.03  0.03  0.04  0.04  0.04  0.03
 9  20  0.03  0.10  0.17  0.34  0.68  1.01  1.64  3.07  4.58  5.67  7.64  9.35  9.76  9.56  8.19  7.21  4.36  1.55  0.64  0.47  0.17  0.05  0.04  0.04  0.04  0.05  0.04  0.04
 9  25  0.03  0.10  0.17  0.34  0.67  1.00  1.64  3.12  4.66  5.78  7.66  9.19  9.51  9.25  8.06  7.20  4.40  1.64  0.67  0.49  0.18  0.07  0.05  0.05  0.05  0.05  0.05  0.04
 9  30  0.03  0.10  0.17  0.34  0.68  1.01  1.65  3.15  4.73  5.89  7.74  9.07  9.25  8.94  7.92  7.21  4.45  1.71  0.70  0.51  0.19  0.08  0.06  0.05  0.05  0.05  0.05  0.04
 9  35  0.04  0.10  0.17  0.35  0.69  1.02  1.67  3.17  4.76  5.92  7.69  8.84  8.95  8.58  7.54  6.82  4.36  1.89  0.88  0.66  0.29  0.10  0.07  0.06  0.05  0.05  0.05  0.04
 9  40  0.04  0.11  0.18  0.35  0.69  1.03  1.68  3.19  4.81  5.97  7.68  8.63  8.62  8.21  7.15  6.41  4.25  2.08  1.06  0.80  0.38  0.13  0.09  0.07  0.06  0.05  0.05  0.04
 9  45  0.04  0.11  0.18  0.35  0.70  1.04  1.69  3.20  4.83  6.01  7.67  8.43  8.29  7.78  6.77  6.09  4.18  2.23  1.22  0.95  0.50  0.21  0.12  0.09  0.07  0.05  0.05  0.04
 9  50  0.04  0.11  0.18  0.36  0.70  1.04  1.70  3.22  4.87  6.07  7.64  8.20  7.94  7.34  6.40  5.78  4.12  2.37  1.38  1.11  0.65  0.28  0.17  0.11  0.08  0.06  0.05  0.04
 9  55  0.03  0.10  0.17  0.35  0.69  1.03  1.68  3.24  4.88  6.07  7.59  7.97  7.58  6.89  5.97  5.37  3.96  2.46  1.51  1.22  0.75  0.34  0.21  0.13  0.09  0.06  0.05  0.04
 9  60  0.04  0.11  0.18  0.35  0.70  1.04  1.72  3.32  5.10  6.34  7.72  7.80  7.24  6.39  5.57  5.06  3.88  2.61  1.70  1.38  0.86  0.40  0.25  0.16  0.10  0.06  0.05  0.04
 9  65  0.04  0.11  0.18  0.36  0.72  1.07  1.75  3.38  5.14  6.33  7.43  7.26  6.63  5.78  5.01  4.52  3.66  2.61  1.81  1.48  0.95  0.46  0.29  0.18  0.10  0.06  0.05  0.04
 9  70  0.04  0.11  0.18  0.37  0.73  1.09  1.79  3.44  5.16  6.28  7.11  6.72  6.02  5.18  4.44  3.97  3.42  2.60  1.90  1.57  1.04  0.52  0.33  0.20  0.10  0.06  0.05  0.04
 9  75  0.04  0.11  0.19  0.37  0.74  1.10  1.81  3.48  4.94  5.85  6.30  5.90  5.35  4.68  4.22  3.94  3.38  2.61  1.91  1.58  1.05  0.52  0.34  0.21  0.11  0.06  0.05  0.04
 9  80  0.04  0.11  0.19  0.38  0.75  1.12  1.83  3.51  4.69  5.39  5.48  5.09  4.68  4.17  4.00  3.90  3.31  2.60  1.91  1.59  1.07  0.53  0.34  0.21  0.11  0.06  0.05  0.04
 9  85  0.04  0.12  0.19  0.38  0.76  1.13  1.85  3.54  4.63  5.28  5.36  5.05  4.67  4.17  4.01  3.91  3.31  2.60  1.92  1.59  1.07  0.53  0.34  0.21  0.12  0.06  0.05  0.04
 9  90  0.04  0.11  0.19  0.38  0.75  1.12  1.83  3.52  4.53  5.12  5.16  4.89  4.55  4.10  3.95  3.86  3.25  2.55  1.89  1.58  1.06  0.53  0.35  0.21  0.12  0.06  0.05  0.04
10 -90  0.03  0.10  0.16  0.32  0.63  0.93  1.50  2.76  4.00  4.89  6.45  7.40  7.30  6.55  5.62  5.09  3.59  1.61  1.23  1.13  0.85  0.47  0.11  0.06  0.05  0.04  0.03  0.03
10 -85  0.03  0.10  0.16  0.32  0.63  0.93  1.51  2.78  4.00  4.87  6.34  7.20  7.12  6.44  5.54  5.05  3.76  1.80  1.22  1.06  0.77  0.46  0.12  0.06  0.05  0.04  0.03  0.03
10 -80  0.03  0.10  0.16  0.32  0.63  0.92  1.49  2.74  3.94  4.80  6.28  7.15  7.10  6.46  5.51  5.00  3.75  1.86  1.27  1.11  0.80  0.48  0.13  0.06  0.05  0.04  0.03  0.03
10 -75  0.03  0.10  0.16  0.32  0.62  0.92  1.49  2.76  3.97  4.85  6.34  7.33  7.37  6.83  6.01  5.54  4.14  2.27  1.52  1.31  0.92  0.53  0.26  0.07  0.05  0.04  0.03  0.03
10 -70  0.03  0.10  0.16  0.32  0.63  0.93  1.50  2.79  4.04  4.95  6.44  7.49  7.58  7.10  6.48  6.04  4.44  2.61  1.74  1.49  1.03  0.58  0.29  0.07  0.05  0.04  0.03  0.03
10 -65  0.03  0.10  0.16  0.33  0.65  0.96  1.55  2.90  4.26  5.26  6.77  7.78  7.82  7.36  6.92  6.56  4.88  3.01  1.99  1.68  1.14  0.61  0.30  0.08  0.05  0.04  0.03  0.03
10 -60  0.03  0.10  0.17  0.34  0.67  0.99  1.60  3.01  4.48  5.57  7.12  8.10  8.12  7.63  7.34  7.11  5.32  3.35  2.14  1.78  1.18  0.63  0.32  0.09  0.06  0.04  0.03  0.03
10 -55  0.03  0.10  0.17  0.34  0.68  1.01  1.65  3.11  4.71  5.84  7.42  8.35  8.31  7.87  7.28  6.87  5.30  3.41  2.17  1.79  1.12  0.59  0.31  0.18  0.06  0.04  0.04  0.03
10 -50  0.03  0.10  0.17  0.34  0.68  1.01  1.65  3.15  4.79  5.96  7.65  8.63  8.59  8.04  7.20  6.64  5.31  3.50  2.18  1.77  1.08  0.53  0.29  0.17  0.06  0.04  0.04  0.03
10 -45  0.03  0.10  0.17  0.34  0.67  1.00  1.63  3.12  4.76  5.96  7.73  8.83  8.80  8.15  7.29  6.74  5.40  3.48  2.08  1.67  0.98  0.49  0.28  0.10  0.06  0.05  0.04  0.04
10 -40  0.03  0.10  0.17  0.34  0.67  1.00  1.63  3.10  4.74  5.93  7.83  9.06  9.06  8.35  7.44  6.87  5.49  3.49  2.00  1.59  0.91  0.45  0.26  0.09  0.06  0.05  0.04  0.04
10 -35  0.03  0.10  0.17  0.33  0.66  0.98  1.61  3.07  4.67  5.84  7.81  9.20  9.28  8.59  7.50  6.81  5.21  2.93  1.52  1.19  0.64  0.32  0.15  0.08  0.06  0.05  0.05  0.04
10 -30  0.03  0.10  0.16  0.33  0.65  0.97  1.59  3.03  4.58  5.72  7.75  9.31  9.49  8.86  7.58  6.74  4.92  2.36  1.04  0.79  0.37  0.17  0.11  0.07  0.06  0.05  0.05  0.04
10 -25  0.03  0.10  0.17  0.33  0.66  0.98  1.59  2.99  4.48  5.58  7.60  9.36  9.67  9.17  7.73  6.79  4.66  2.00  0.82  0.62  0.27  0.10  0.07  0.06  0.05  0.05  0.05  0.05
10 -20  0.03  0.10  0.17  0.33  0.65  0.97  1.58  2.98  4.39  5.45  7.43  9.36  9.84  9.44  7.85  6.80  4.39  1.63  0.62  0.46  0.18  0.06  0.05  0.05  0.05  0.05  0.05  0.05
10 -15  0.03  0.10  0.16  0.32  0.63  0.94  1.55  2.97  4.33  5.33  7.25  9.26  9.89  9.63  8.03  7.02  4.18  1.46  0.54  0.40  0.15  0.05  0.04  0.04  0.04  0.05  0.05  0.05
10 -10  0.03  0.09  0.16  0.31  0.62  0.92  1.52  2.96  4.28  5.24  7.11  9.20 10.02  9.95  8.28  7.25  3.95  1.30  0.46  0.34  0.12  0.04  0.04  0.04  0.04  0.04  0.04  0.04
10  -5  0.03  0.09  0.16  0.31  0.62  0.92  1.52  2.95  4.25  5.20  7.02  9.13 10.08 10.14  8.35  7.26  3.85  1.26  0.43  0.32  0.12  0.04  0.03  0.03  0.03  0.04  0.04  0.03
10   0  0.03  0.09  0.15  0.31  0.61  0.91  1.51  2.96  4.26  5.19  7.02  9.15 10.17 10.34  8.48  7.30  3.80  1.22  0.41  0.31  0.12  0.04  0.03  0.03  0.03  0.04  0.03  0.03
10   5  0.03  0.10  0.16  0.32  0.63  0.94  1.54  2.97  4.29  5.23  7.05  9.09 10.05 10.25  8.50  7.35  4.04  1.32  0.49  0.37  0.13  0.04  0.03  0.03  0.03  0.03  0.03  0.03
10  10  0.03  0.10  0.16  0.32  0.64  0.95  1.56  3.00  4.35  5.31  7.14  9.11  9.96 10.13  8.50  7.39  4.26  1.43  0.58  0.42  0.14  0.04  0.03  0.03  0.03  0.04  0.03  0.03
10  15  0.03  0.10  0.16  0.33  0.65  0.97  1.58  3.02  4.43  5.42  7.25  9.06  9.71  9.73  8.24  7.18  4.23  1.47  0.59  0.43  0.15  0.04  0.03  0.03  0.04  0.04  0.04  0.04
10  20  0.03  0.10  0.17  0.34  0.67  0.99  1.61  3.03  4.48  5.51  7.36  9.04  9.50  9.39  8.00  6.98  4.20  1.51  0.61  0.44  0.15  0.05  0.04  0.04  0.04  0.05  0.05  0.04
10  25  0.03  0.10  0.17  0.34  0.67  0.99  1.62  3.11  4.63  5.72  7.49  8.91  9.21  9.00  7.84  6.98  4.27  1.58  0.64  0.46  0.17  0.06  0.05  0.05  0.05  0.05  0.05  0.04
10  30  0.03  0.10  0.17  0.35  0.68  1.02  1.66  3.16  4.78  5.93  7.67  8.81  8.92  8.61  7.66  6.97  4.33  1.64  0.66  0.49  0.19  0.08  0.06  0.05  0.05  0.05  0.05  0.04
10  35  0.04  0.11  0.18  0.36  0.71  1.05  1.72  3.26  4.96  6.17  7.78  8.56  8.50  8.06  7.17  6.55  4.27  1.84  0.87  0.66  0.30  0.11  0.07  0.06  0.05  0.05  0.05  0.04
10  40  0.04  0.11  0.19  0.37  0.73  1.09  1.78  3.36  5.16  6.43  7.89  8.32  8.06  7.55  6.71  6.13  4.22  2.05  1.08  0.83  0.41  0.19  0.09  0.07  0.06  0.05  0.05  0.04
10  45  0.04  0.12  0.20  0.39  0.77  1.15  1.86  3.49  5.37  6.68  7.94  8.09  7.70  7.12  6.41  5.92  4.26  2.27  1.26  0.99  0.54  0.23  0.14  0.09  0.07  0.05  0.05  0.04
10  50  0.04  0.12  0.20  0.41  0.81  1.19  1.94  3.66  5.57  6.90  7.95  7.82  7.32  6.72  6.11  5.71  4.29  2.48  1.46  1.17  0.69  0.28  0.16  0.12  0.08  0.06  0.05  0.04
10  55  0.04  0.13  0.21  0.42  0.82  1.22  2.00  3.80  5.65  6.92  7.78  7.55  7.00  6.38  5.80  5.41  4.22  2.53  1.56  1.26  0.78  0.34  0.20  0.14  0.09  0.06  0.05  0.04
10  60  0.04  0.13  0.22  0.43  0.86  1.28  2.10  4.01  5.93  7.19  7.81  7.35  6.72  6.01  5.52  5.20  4.22  2.65  1.72  1.40  0.87  0.40  0.24  0.16  0.09  0.06  0.05  0.04
10  65  0.05  0.13  0.22  0.45  0.89  1.31  2.15  4.09  5.81  6.94  7.37  6.86  6.26  5.58  5.13  4.83  3.98  2.68  1.86  1.53  0.99  0.46  0.27  0.18  0.09  0.06  0.05  0.04
10  70  0.05  0.14  0.23  0.46  0.90  1.34  2.19  4.14  5.68  6.68  6.94  6.40  5.81  5.15  4.73  4.46  3.74  2.69  1.99  1.66  1.12  0.51  0.30  0.19  0.10  0.06  0.05  0.04
10  75  0.05  0.14  0.23  0.45  0.90  1.33  2.17  4.10  5.25  6.01  6.22  5.85  5.39  4.79  4.39  4.14  3.60  2.72  2.04  1.71  1.17  0.54  0.31  0.20  0.10  0.06  0.05  0.04
10  80  0.05  0.14  0.23  0.45  0.89  1.32  2.14  4.04  4.83  5.35  5.53  5.32  4.97  4.44  4.04  3.81  3.45  2.73  2.09  1.76  1.22  0.56  0.32  0.21  0.11  0.06  0.05  0.04
10  85  0.05  0.13  0.22  0.45  0.88  1.31  2.13  4.01  4.82  5.35  5.56  5.37  5.01  4.46  4.05  3.80  3.44  2.73  2.09  1.76  1.22  0.56  0.32  0.21  0.13  0.06  0.05  0.04
10  90  0.04  0.13  0.22  0.45  0.88  1.31  2.13  4.00  4.80  5.34  5.59  5.39  5.05  4.49  4.01  3.77  3.42  2.72  2.08  1.76  1.21  0.56  0.33  0.21  0.13  0.06  0.05  0.04
11 -90  0.03  0.08  0.14  0.27  0.53  0.79  1.29  2.43  3.55  4.35  5.77  6.76  7.11  7.07  6.89  6.55  5.13  2.91  2.07  1.84  1.27  0.62  0.30  0.17  0.06  0.04  0.03  0.02
11 -85  0.03  0.08  0.14  0.27  0.54  0.80  1.31  2.46  3.59  4.40  5.84  6.85  7.09  6.91  6.63  6.34  5.15  3.01  2.01  1.72  1.15  0.59  0.31  0.08  0.05  0.04  0.03  0.02
11 -80  0.03  0.08  0.14  0.27  0.54  0.81  1.31  2.47  3.60  4.40  5.84  6.84  7.04  6.82  6.55  6.27  5.08  2.98  2.01  1.72  1.17  0.60  0.31  0.18  0.05  0.04  0.03  0.02
11 -75  0.03  0.08  0.14  0.28  0.55  0.82  1.33  2.50  3.65  4.48  5.89  6.96  7.17  6.89  6.75  6.59  5.25  3.09  2.08  1.79  1.22  0.64  0.33  0.18  0.05  0.04  0.03  0.03
11 -70  0.03  0.08  0.14  0.28  0.55  0.82  1.34  2.52  3.69  4.55  5.96  7.11  7.31  6.96  6.93  6.88  5.39  3.15  2.10  1.81  1.26  0.68  0.35  0.19  0.06  0.04  0.03  0.03
11 -65  0.03  0.09  0.14  0.29  0.57  0.84  1.37  2.59  3.81  4.73  6.22  7.42  7.59  7.15  7.04  6.99  5.40  3.24  2.12  1.81  1.23  0.68  0.35  0.19  0.06  0.04  0.03  0.03
11 -60  0.03  0.09  0.15  0.29  0.58  0.86  1.41  2.65  3.93  4.90  6.49  7.73  7.87  7.37  7.19  7.11  5.43  3.34  2.10  1.75  1.14  0.65  0.35  0.19  0.06  0.04  0.03  0.03
11 -55  0.03  0.09  0.15  0.30  0.60  0.89  1.45  2.73  4.09  5.08  6.72  8.03  8.18  7.74  7.13  6.74  5.21  3.29  2.04  1.66  0.99  0.56  0.31  0.18  0.06  0.04  0.03  0.03
11 -50  0.03  0.09  0.15  0.30  0.60  0.89  1.46  2.76  4.12  5.11  6.87  8.35  8.57  8.03  7.03  6.37  5.01  3.24  1.95  1.56  0.89  0.46  0.27  0.10  0.06  0.04  0.04  0.03
11 -45  0.03  0.09  0.15  0.30  0.59  0.88  1.45  2.77  4.13  5.13  6.97  8.59  8.88  8.30  7.20  6.47  5.04  3.18  1.86  1.48  0.82  0.41  0.25  0.09  0.06  0.05  0.04  0.03
11 -40  0.03  0.09  0.15  0.30  0.59  0.88  1.45  2.80  4.14  5.14  7.06  8.85  9.22  8.66  7.40  6.60  5.09  3.13  1.78  1.40  0.76  0.38  0.22  0.08  0.06  0.05  0.04  0.04
11 -35  0.03  0.09  0.15  0.30  0.60  0.89  1.47  2.84  4.20  5.20  7.15  9.03  9.47  8.96  7.57  6.67  4.82  2.61  1.33  1.03  0.53  0.28  0.13  0.07  0.06  0.05  0.05  0.04
11 -30  0.03  0.09  0.15  0.30  0.60  0.90  1.48  2.88  4.23  5.23  7.20  9.15  9.68  9.29  7.76  6.75  4.53  2.08  0.89  0.67  0.30  0.15  0.09  0.06  0.06  0.05  0.05  0.04
11 -25  0.03  0.09  0.16  0.31  0.62  0.92  1.51  2.90  4.27  5.27  7.22  9.23  9.81  9.52  7.87  6.74  4.33  1.86  0.73  0.54  0.23  0.09  0.06  0.05  0.05  0.05  0.05  0.04
11 -20  0.03  0.09  0.16  0.31  0.62  0.92  1.52  2.94  4.31  5.31  7.25  9.28  9.91  9.71  7.93  6.70  4.13  1.62  0.58  0.43  0.16  0.06  0.05  0.05  0.05  0.05  0.05  0.04
11 -15  0.03  0.09  0.15  0.31  0.61  0.92  1.52  2.97  4.32  5.32  7.23  9.25  9.91  9.80  8.07  6.91  3.99  1.45  0.52  0.38  0.15  0.05  0.04  0.04  0.04  0.05  0.05  0.04
11 -10  0.03  0.09  0.15  0.30  0.61  0.91  1.51  3.01  4.37  5.36  7.24  9.25 10.02  9.99  8.25  7.13  3.86  1.29  0.45  0.34  0.14  0.04  0.04  0.04  0.04  0.04  0.04  0.04
11  -5  0.03  0.09  0.15  0.31  0.61  0.91  1.52  3.02  4.38  5.36  7.19  9.15  9.96 10.00  8.24  7.12  3.75  1.21  0.42  0.33  0.13  0.04  0.03  0.03  0.03  0.04  0.04  0.03
11   0  0.03  0.09  0.16  0.31  0.62  0.93  1.54  3.03  4.41  5.39  7.21  9.11  9.93 10.06  8.28  7.12  3.67  1.14  0.40  0.31  0.13  0.04  0.03  0.03  0.03  0.04  0.03  0.03
11   5  0.03  0.10  0.16  0.32  0.64  0.95  1.56  3.02  4.39  5.37  7.12  8.96  9.78  9.95  8.26  7.15  3.88  1.23  0.44  0.34  0.13  0.04  0.03  0.03  0.03  0.04  0.03  0.03
11  10  0.03  0.10  0.16  0.32  0.64  0.96  1.57  3.03  4.40  5.37  7.10  8.85  9.61  9.78  8.22  7.15  4.08  1.32  0.49  0.36  0.13  0.04  0.03  0.03  0.04  0.04  0.04  0.03
11  15  0.03  0.10  0.16  0.33  0.65  0.97  1.59  3.05  4.47  5.48  7.17  8.72  9.29  9.33  7.95  6.94  4.02  1.37  0.50  0.37  0.13  0.04  0.04  0.04  0.04  0.04  0.04  0.04
11  20  0.03  0.10  0.17  0.34  0.67  1.00  1.62  3.06  4.52  5.55  7.23  8.64  9.02  8.94  7.68  6.74  3.95  1.41  0.52  0.38  0.13  0.05  0.04  0.04  0.04  0.04  0.05  0.04
11  25  0.03  0.10  0.17  0.34  0.68  1.01  1.65  3.18  4.73  5.83  7.39  8.47  8.67  8.49  7.46  6.67  4.06  1.51  0.59  0.44  0.17  0.06  0.05  0.04  0.04  0.05  0.05  0.04
11  30  0.04  0.11  0.18  0.36  0.71  1.05  1.72  3.26  4.95  6.12  7.60  8.34  8.32  8.01  7.20  6.61  4.17  1.63  0.68  0.51  0.21  0.08  0.06  0.05  0.05  0.05  0.05  0.04
11  35  0.04  0.12  0.19  0.38  0.76  1.12  1.83  3.44  5.24  6.48  7.72  8.10  7.91  7.49  6.84  6.38  4.39  1.96  0.94  0.72  0.34  0.15  0.08  0.06  0.05  0.05  0.05  0.05
11  40  0.04  0.12  0.20  0.40  0.80  1.19  1.93  3.64  5.55  6.84  7.86  7.87  7.50  7.02  6.52  6.15  4.59  2.29  1.20  0.93  0.48  0.20  0.12  0.08  0.06  0.05  0.05  0.05
11  45  0.04  0.13  0.22  0.43  0.85  1.27  2.06  3.86  5.81  7.10  7.84  7.62  7.18  6.68  6.34  6.09  4.68  2.48  1.40  1.11  0.62  0.27  0.16  0.11  0.08  0.05  0.05  0.05
11  50  0.05  0.14  0.23  0.46  0.91  1.35  2.19  4.09  6.03  7.31  7.79  7.36  6.87  6.38  6.17  6.01  4.74  2.66  1.61  1.30  0.78  0.35  0.19  0.13  0.08  0.06  0.05  0.05
11  55  0.05  0.14  0.24  0.47  0.93  1.38  2.25  4.22  5.95  7.11  7.48  7.12  6.66  6.20  5.95  5.76  4.60  2.72  1.70  1.41  0.92  0.41  0.23  0.15  0.09  0.06  0.05  0.04
11  60  0.05  0.15  0.24  0.48  0.95  1.42  2.31  4.39  6.05  7.14  7.37  6.95  6.49  5.96  5.74  5.60  4.52  2.83  1.85  1.55  1.06  0.47  0.26  0.16  0.09  0.06  0.05  0.04
11  65  0.05  0.14  0.24  0.47  0.93  1.37  2.24  4.24  5.77  6.80  7.13  6.85  6.42  5.88  5.51  5.27  4.43  2.93  2.04  1.74  1.25  0.57  0.30  0.19  0.10  0.06  0.05  0.04
11  70  0.05  0.14  0.23  0.46  0.90  1.34  2.17  4.06  5.50  6.47  6.89  6.73  6.34  5.79  5.27  4.94  4.33  3.03  2.24  1.93  1.43  0.66  0.34  0.21  0.10  0.06  0.05  0.04
11  75  0.05  0.14  0.23  0.45  0.89  1.31  2.12  3.89  5.20  6.08  6.44  6.10  5.59  4.97  4.46  4.15  3.77  2.96  2.17  1.87  1.37  0.62  0.32  0.20  0.10  0.06  0.05  0.04
11  80  0.05  0.13  0.22  0.44  0.87  1.28  2.06  3.73  4.91  5.68  5.99  5.47  4.83  4.15  3.66  3.36  3.22  2.87  2.10  1.81  1.31  0.58  0.29  0.18  0.11  0.06  0.05  0.04
11  85  0.04  0.13  0.22  0.44  0.87  1.28  2.05  3.72  4.89  5.66  5.98  5.48  4.85  4.17  3.67  3.37  3.22  2.87  2.10  1.81  1.31  0.58  0.29  0.18  0.11  0.06  0.05  0.04
11  90  0.05  0.14  0.22  0.45  0.87  1.29  2.07  3.75  4.92  5.70  6.02  5.50  4.88  4.18  3.61  3.32  3.20  2.85  2.09  1.79  1.30  0.58  0.29  0.18  0.11  0.06  0.05  0.04
12 -90  0.02  0.07  0.12  0.24  0.48  0.71  1.15  2.15  3.24  4.06  5.61  6.55  6.41  5.72  5.50  5.58  5.25  4.04  2.73  2.33  1.59  0.77  0.42  0.23  0.11  0.05  0.03  0.02
12 -85  0.02  0.07  0.12  0.24  0.48  0.71  1.15  2.14  3.23  4.04  5.55  6.57  6.47  5.78  5.43  5.35  4.99  3.88  2.61  2.20  1.46  0.71  0.41  0.23  0.11  0.04  0.03  0.02
12 -80  0.02  0.07  0.12  0.24  0.48  0.71  1.15  2.14  3.23  4.02  5.53  6.55  6.46  5.78  5.41  5.31  4.93  3.82  2.56  2.16  1.44  0.70  0.40  0.23  0.11  0.04  0.03  0.02
12 -75  0.03  0.08  0.13  0.25  0.49  0.73  1.18  2.21  3.29  4.08  5.53  6.63  6.63  5.97  5.57  5.44  4.97  3.73  2.47  2.09  1.39  0.69  0.40  0.22  0.07  0.04  0.03  0.02
12 -70  0.03  0.08  0.13  0.26  0.51  0.75  1.22  2.28  3.34  4.12  5.54  6.71  6.80  6.18  5.77  5.59  4.99  3.60  2.34  1.97  1.32  0.67  0.40  0.21  0.06  0.04  0.03  0.02
12 -65  0.03  0.08  0.13  0.26  0.52  0.77  1.26  2.36  3.43  4.23  5.69  7.01  7.20  6.65  6.17  5.90  4.99  3.42  2.16  1.80  1.18  0.62  0.37  0.20  0.06  0.04  0.03  0.03
12 -60  0.03  0.08  0.14  0.27  0.54  0.80  1.30  2.43  3.52  4.35  5.87  7.33  7.63  7.15  6.59  6.24  5.03  3.27  1.99  1.63  1.03  0.55  0.33  0.18  0.07  0.04  0.03  0.03
12 -55  0.03  0.09  0.14  0.28  0.56  0.83  1.35  2.53  3.70  4.52  6.07  7.67  8.09  7.79  6.99  6.44  4.92  3.04  1.81  1.46  0.86  0.48  0.28  0.16  0.07  0.04  0.03  0.03
12 -50  0.03  0.09  0.14  0.29  0.57  0.84  1.37  2.58  3.74  4.56  6.21  8.03  8.61  8.31  7.30  6.61  4.81  2.81  1.59  1.27  0.72  0.40  0.23  0.11  0.07  0.04  0.04  0.03
12 -45  0.03  0.09  0.14  0.29  0.57  0.84  1.38  2.64  3.82  4.69  6.40  8.32  8.98  8.71  7.33  6.37  4.58  2.62  1.46  1.16  0.64  0.35  0.20  0.09  0.06  0.05  0.04  0.03
12 -40  0.03  0.09  0.14  0.29  0.57  0.85  1.40  2.73  3.91  4.80  6.57  8.59  9.34  9.12  7.35  6.15  4.37  2.42  1.33  1.05  0.57  0.29  0.12  0.07  0.06  0.05  0.04  0.04
12 -35  0.03  0.09  0.15  0.29  0.58  0.87  1.44  2.79  4.06  4.98  6.82  8.81  9.52  9.29  7.71  6.62  4.36  2.10  1.03  0.79  0.40  0.19  0.10  0.07  0.06  0.05  0.04  0.04
12 -30  0.03  0.09  0.15  0.30  0.59  0.89  1.47  2.87  4.17  5.14  7.03  9.00  9.66  9.46  8.06  7.10  4.34  1.77  0.73  0.55  0.25  0.13  0.08  0.06  0.05  0.05  0.05  0.04
12 -25  0.03  0.09  0.15  0.31  0.61  0.91  1.51  2.92  4.30  5.30  7.23  9.19  9.80  9.60  8.08  7.03  4.20  1.64  0.61  0.46  0.19  0.09  0.06  0.05  0.05  0.05  0.05  0.04
12 -20  0.03  0.09  0.15  0.31  0.61  0.92  1.52  3.00  4.43  5.48  7.45  9.37  9.92  9.71  8.07  6.93  4.06  1.50  0.50  0.37  0.13  0.06  0.05  0.04  0.04  0.05  0.04  0.04
12 -15  0.03  0.09  0.15  0.31  0.62  0.92  1.53  3.05  4.52  5.62  7.60  9.48  9.99  9.81  8.16  7.03  3.97  1.37  0.45  0.34  0.13  0.05  0.04  0.04  0.04  0.04  0.04  0.04
12 -10  0.03  0.09  0.15  0.31  0.62  0.92  1.55  3.12  4.65  5.76  7.78  9.62 10.16  9.98  8.28  7.15  3.88  1.25  0.40  0.30  0.13  0.04  0.03  0.03  0.04  0.04  0.04  0.03
12  -5  0.03  0.09  0.15  0.31  0.62  0.93  1.56  3.13  4.67  5.80  7.74  9.52 10.06  9.92  8.09  6.88  3.70  1.18  0.37  0.29  0.13  0.04  0.03  0.03  0.03  0.04  0.03  0.03
12   0  0.03  0.10  0.16  0.33  0.65  0.97  1.60  3.12  4.71  5.83  7.75  9.44  9.96  9.87  7.93  6.62  3.54  1.12  0.35  0.28  0.14  0.04  0.03  0.03  0.03  0.04  0.03  0.03
12   5  0.03  0.10  0.16  0.33  0.65  0.98  1.61  3.12  4.66  5.78  7.59  9.19  9.72  9.62  7.91  6.77  3.75  1.22  0.40  0.31  0.13  0.04  0.03  0.03  0.04  0.04  0.04  0.03
12  10  0.03  0.10  0.17  0.33  0.66  0.98  1.61  3.12  4.64  5.74  7.50  8.97  9.42  9.34  7.89  6.90  3.98  1.32  0.45  0.34  0.12  0.04  0.04  0.04  0.04  0.04  0.04  0.04
12  15  0.03  0.10  0.17  0.33  0.66  0.98  1.62  3.11  4.65  5.76  7.47  8.75  9.06  8.89  7.60  6.67  3.92  1.41  0.48  0.36  0.13  0.05  0.04  0.04  0.04  0.04  0.05  0.04
12  20  0.03  0.10  0.17  0.34  0.68  1.00  1.64  3.10  4.65  5.75  7.39  8.55  8.72  8.48  7.30  6.44  3.88  1.49  0.51  0.37  0.13  0.05  0.04  0.04  0.04  0.05  0.05  0.05
12  25  0.03  0.10  0.17  0.34  0.67  1.00  1.65  3.19  4.76  5.90  7.39  8.27  8.32  8.02  7.18  6.55  4.14  1.64  0.63  0.47  0.19  0.06  0.05  0.05  0.05  0.05  0.05  0.05
12  30  0.04  0.11  0.18  0.36  0.71  1.05  1.71  3.23  4.89  6.04  7.41  8.03  7.93  7.56  7.04  6.66  4.39  1.82  0.77  0.58  0.26  0.09  0.07  0.06  0.05  0.05  0.05  0.05
12  35  0.04  0.12  0.19  0.38  0.75  1.12  1.82  3.42  5.13  6.27  7.40  7.75  7.56  7.15  6.86  6.64  4.74  2.20  1.07  0.83  0.44  0.21  0.10  0.07  0.06  0.05  0.05  0.05
12  40  0.04  0.12  0.20  0.41  0.80  1.19  1.93  3.61  5.36  6.50  7.39  7.49  7.20  6.80  6.70  6.60  5.07  2.56  1.37  1.10  0.63  0.30  0.16  0.10  0.07  0.05  0.05  0.05
12  45  0.04  0.13  0.22  0.43  0.85  1.26  2.05  3.84  5.55  6.62  7.28  7.25  6.96  6.59  6.48  6.40  5.04  2.85  1.62  1.31  0.79  0.38  0.20  0.13  0.08  0.06  0.05  0.05
12  50  0.05  0.14  0.23  0.46  0.90  1.34  2.17  4.05  5.67  6.72  7.17  7.01  6.73  6.44  6.30  6.19  4.99  3.14  1.87  1.54  0.97  0.45  0.24  0.15  0.09  0.06  0.05  0.05
12  55  0.05  0.14  0.23  0.46  0.91  1.34  2.18  4.05  5.44  6.40  6.88  6.89  6.67  6.39  6.10  5.88  4.78  3.15  2.00  1.67  1.13  0.53  0.27  0.17  0.09  0.06  0.05  0.05
12  60  0.05  0.14  0.23  0.46  0.90  1.34  2.18  4.10  5.42  6.33  6.78  6.85  6.64  6.30  5.93  5.68  4.64  3.21  2.16  1.83  1.28  0.61  0.31  0.18  0.09  0.06  0.05  0.05
12  65  0.05  0.14  0.23  0.46  0.91  1.35  2.17  3.96  5.31  6.23  6.75  6.86  6.62  6.21  5.72  5.40  4.53  3.17  2.23  1.89  1.34  0.64  0.30  0.18  0.10  0.06  0.05  0.05
12  70  0.05  0.14  0.24  0.47  0.92  1.35  2.16  3.84  5.19  6.11  6.71  6.86  6.60  6.12  5.52  5.11  4.41  3.13  2.29  1.96  1.41  0.67  0.30  0.18  0.10  0.06  0.05  0.05
12  75  0.05  0.14  0.23  0.45  0.88  1.28  2.03  3.51  4.88  5.82  6.48  6.53  6.19  5.66  5.08  4.69  4.19  3.16  2.31  1.97  1.42  0.67  0.32  0.19  0.11  0.06  0.05  0.05
12  80  0.04  0.13  0.22  0.43  0.83  1.21  1.89  3.18  4.58  5.54  6.25  6.17  5.76  5.19  4.63  4.25  3.97  3.19  2.33  1.99  1.43  0.67  0.34  0.21  0.12  0.06  0.05  0.05
12  85  0.04  0.13  0.22  0.42  0.82  1.20  1.88  3.16  4.55  5.51  6.22  6.18  5.78  5.21  4.64  4.26  3.97  3.19  2.33  1.99  1.43  0.67  0.34  0.21  0.11  0.06  0.05  0.05
12  90  0.04  0.13  0.22  0.42  0.83  1.20  1.88  3.17  4.52  5.44  6.12  6.18  5.83  5.29  4.69  4.27  3.96  3.16  2.28  1.94  1.40  0.68  0.35  0.20  0.11  0.06  0.05  0.04
