     0.010
     0.030
     0.050
     0.100
     0.200
     0.300
     0.500
     1.000
     1.500
     2.000
     3.000
     5.000
     7.000
    10.000
    15.000
    20.000
    30.000
    50.000
    70.000
    80.000
   100.000
   150.000
   200.000
   250.000
   300.000
   400.000
   500.000
   600.000
 1 -90  0.02  0.07  0.11  0.22  0.45  0.68  1.13  2.29  3.30  4.08  5.72  6.66  6.38  5.47  4.60  3.99  3.42  2.81  2.22  1.88  1.26  0.64  0.34  0.19  0.09  0.06  0.03  0.02
 1 -85  0.02  0.07  0.11  0.22  0.45  0.68  1.13  2.29  3.30  4.07  5.72  6.66  6.38  5.47  4.60  3.99  3.42  2.81  2.22  1.89  1.26  0.64  0.34  0.19  0.08  0.06  0.03  0.02
 1 -80  0.02  0.07  0.11  0.22  0.45  0.68  1.13  2.29  3.30  4.07  5.71  6.65  6.38  5.47  4.60  3.99  3.42  2.81  2.22  1.89  1.26  0.64  0.34  0.19  0.08  0.06  0.03  0.02
 1 -75  0.02  0.07  0.12  0.23  0.46  0.70  1.17  2.36  3.39  4.15  5.73  6.77  6.61  5.75  4.95  4.37  3.71  2.88  2.21  1.87  1.24  0.63  0.34  0.18  0.08  0.05  0.03  0.03
 1 -70  0.02  0.07  0.12  0.24  0.48  0.72  1.20  2.43  3.47  4.24  5.74  6.90  6.84  6.04  5.29  4.76  4.03  2.96  2.18  1.84  1.20  0.61  0.34  0.18  0.08  0.05  0.03  0.03
 1 -65  0.02  0.07  0.12  0.25  0.49  0.74  1.24  2.51  3.59  4.37  5.91  7.21  7.31  6.60  5.90  5.40  4.30  2.96  2.04  1.71  1.09  0.54  0.33  0.19  0.12  0.05  0.03  0.03
 1 -60  0.03  0.08  0.13  0.26  0.51  0.77  1.29  2.62  3.73  4.52  6.09  7.53  7.77  7.16  6.51  6.04  4.57  2.96  1.90  1.58  0.98  0.48  0.31  0.19  0.12  0.05  0.04  0.03
 1 -55  0.03  0.08  0.14  0.27  0.54  0.82  1.37  2.78  3.93  4.77  6.34  7.84  8.18  7.76  6.94  6.33  4.48  2.74  1.60  1.33  0.77  0.36  0.25  0.17  0.12  0.05  0.04  0.03
 1 -50  0.03  0.08  0.14  0.28  0.56  0.84  1.40  2.83  4.02  4.91  6.52  8.14  8.62  8.26  7.30  6.62  4.43  2.54  1.31  1.06  0.56  0.24  0.18  0.17  0.10  0.05  0.04  0.03
 1 -45  0.03  0.08  0.14  0.27  0.55  0.82  1.38  2.77  3.95  4.81  6.54  8.45  9.00  8.67  7.41  6.61  4.51  2.56  1.30  1.03  0.52  0.19  0.15  0.12  0.07  0.05  0.04  0.03
 1 -40  0.03  0.08  0.14  0.27  0.55  0.82  1.37  2.75  4.02  4.93  6.76  8.74  9.34  8.95  7.60  6.62  4.49  2.56  1.33  1.04  0.52  0.18  0.14  0.08  0.06  0.04  0.04  0.03
 1 -35  0.03  0.08  0.14  0.28  0.56  0.84  1.40  2.81  3.89  4.76  6.65  8.74  9.37  9.20  7.72  6.78  4.43  2.32  1.07  0.81  0.37  0.16  0.09  0.06  0.05  0.04  0.04  0.03
 1 -30  0.03  0.08  0.14  0.28  0.56  0.85  1.41  2.83  4.01  4.87  6.77  8.91  9.55  9.25  7.87  6.95  4.38  2.04  0.82  0.59  0.23  0.10  0.06  0.05  0.04  0.04  0.04  0.03
 1 -25  0.03  0.09  0.14  0.29  0.57  0.86  1.43  2.87  4.10  5.08  7.05  9.15  9.68  9.34  7.85  6.89  4.28  1.84  0.72  0.51  0.19  0.07  0.05  0.04  0.04  0.04  0.04  0.03
 1 -20  0.03  0.08  0.14  0.28  0.56  0.83  1.39  2.77  4.16  5.19  7.11  9.38 10.07  9.61  7.97  6.87  4.24  1.66  0.60  0.41  0.13  0.05  0.04  0.03  0.03  0.04  0.04  0.03
 1 -15  0.03  0.08  0.14  0.28  0.55  0.83  1.38  2.75  4.20  5.14  7.03  9.50 10.34  9.82  8.03  6.90  4.11  1.62  0.54  0.36  0.13  0.04  0.03  0.03  0.03  0.03  0.03  0.03
 1 -10  0.03  0.08  0.14  0.27  0.54  0.81  1.35  2.69  4.06  5.17  7.13  9.34 10.09  9.87  8.06  6.96  4.01  1.54  0.47  0.31  0.09  0.04  0.03  0.03  0.03  0.03  0.03  0.03
 1  -5  0.03  0.08  0.14  0.27  0.54  0.81  1.35  2.69  4.19  5.33  7.55  9.27  9.91  9.70  7.92  6.78  3.89  1.49  0.45  0.30  0.07  0.03  0.03  0.02  0.03  0.03  0.03  0.02
 1   0  0.03  0.09  0.15  0.30  0.59  0.89  1.48  2.96  4.42  5.57  7.67  9.51 10.08  9.70  7.83  6.63  3.69  1.36  0.41  0.28  0.06  0.03  0.03  0.02  0.03  0.03  0.03  0.03
 1   5  0.03  0.09  0.15  0.30  0.59  0.89  1.48  2.96  4.55  5.65  7.77  9.26  9.54  9.46  7.80  6.59  3.87  1.47  0.46  0.31  0.06  0.03  0.03  0.03  0.03  0.03  0.03  0.03
 1  10  0.03  0.09  0.15  0.30  0.60  0.90  1.49  2.99  4.51  5.70  7.45  8.74  8.98  9.00  7.71  6.62  4.04  1.62  0.53  0.36  0.06  0.03  0.03  0.03  0.03  0.03  0.03  0.03
 1  15  0.03  0.09  0.15  0.30  0.60  0.90  1.51  3.02  4.65  5.83  7.29  8.41  8.61  8.62  7.28  6.37  3.96  1.62  0.57  0.40  0.07  0.04  0.03  0.03  0.03  0.03  0.04  0.04
 1  20  0.03  0.09  0.16  0.31  0.63  0.94  1.57  3.15  4.80  6.10  7.39  8.21  8.46  8.30  6.90  6.12  4.02  1.68  0.58  0.43  0.16  0.04  0.03  0.03  0.03  0.04  0.04  0.04
 1  25  0.03  0.09  0.16  0.31  0.62  0.94  1.56  3.13  4.92  6.06  7.36  8.11  8.19  7.73  6.69  6.27  4.32  2.04  0.77  0.59  0.25  0.06  0.04  0.04  0.04  0.04  0.04  0.04
 1  30  0.03  0.10  0.17  0.33  0.66  0.99  1.66  3.34  4.99  6.24  7.34  7.90  7.96  7.38  6.74  6.45  4.69  2.27  0.91  0.70  0.32  0.10  0.07  0.05  0.05  0.04  0.04  0.04
 1  35  0.03  0.10  0.17  0.35  0.70  1.05  1.75  3.52  5.25  6.46  7.51  7.78  7.63  7.20  6.72  6.38  5.01  2.58  1.22  0.95  0.49  0.24  0.15  0.08  0.06  0.04  0.04  0.04
 1  40  0.04  0.11  0.18  0.36  0.73  1.10  1.83  3.69  5.34  6.54  7.53  7.68  7.31  6.77  6.45  6.29  5.36  2.96  1.63  1.24  0.68  0.35  0.22  0.11  0.07  0.05  0.04  0.04
 1  45  0.04  0.11  0.19  0.37  0.75  1.12  1.87  3.77  5.30  6.46  7.34  7.26  6.83  6.54  6.36  6.21  5.47  3.33  1.87  1.53  0.94  0.49  0.30  0.19  0.08  0.05  0.04  0.04
 1  50  0.04  0.11  0.19  0.38  0.76  1.14  1.91  3.84  5.53  6.59  7.16  6.98  6.40  6.02  6.17  6.19  5.61  3.65  2.14  1.77  1.15  0.61  0.34  0.23  0.09  0.05  0.04  0.04
 1  55  0.04  0.12  0.19  0.38  0.77  1.16  1.93  3.89  5.46  6.27  6.73  6.50  6.08  5.86  5.90  5.90  5.34  3.67  2.31  1.93  1.33  0.67  0.39  0.25  0.10  0.05  0.04  0.04
 1  60  0.04  0.12  0.20  0.39  0.78  1.17  1.96  3.95  5.44  6.16  6.54  6.21  5.89  5.76  5.67  5.59  5.05  3.66  2.51  2.12  1.51  0.74  0.44  0.27  0.10  0.05  0.04  0.04
 1  65  0.04  0.12  0.19  0.38  0.77  1.16  1.93  3.89  5.45  6.14  6.56  6.24  6.01  5.95  5.74  5.57  4.87  3.61  2.52  2.14  1.53  0.73  0.41  0.25  0.10  0.05  0.04  0.04
 1  70  0.04  0.11  0.19  0.38  0.76  1.14  1.91  3.84  5.45  6.12  6.59  6.29  6.15  6.14  5.81  5.54  4.72  3.57  2.52  2.15  1.55  0.73  0.39  0.23  0.10  0.05  0.04  0.04
 1  75  0.04  0.11  0.18  0.36  0.73  1.09  1.82  3.68  5.27  5.87  6.32  5.90  5.69  5.63  5.28  5.00  4.50  3.48  2.62  2.29  1.74  0.77  0.40  0.23  0.11  0.06  0.04  0.04
 1  80  0.04  0.11  0.18  0.35  0.71  1.06  1.78  3.60  5.04  5.59  6.02  5.52  5.23  5.10  4.74  4.46  4.27  3.40  2.70  2.42  1.92  0.81  0.41  0.24  0.11  0.06  0.04  0.04
 1  85  0.04  0.11  0.18  0.35  0.71  1.06  1.78  3.61  5.04  5.60  6.03  5.53  5.24  5.11  4.75  4.46  4.27  3.40  2.70  2.42  1.92  0.81  0.41  0.24  0.11  0.06  0.04  0.04
 1  90  0.04  0.11  0.18  0.35  0.71  1.06  1.78  3.61  5.05  5.61  6.05  5.55  5.25  5.11  4.75  4.46  4.28  3.40  2.70  2.42  1.92  0.81  0.41  0.24  0.11  0.06  0.05  0.04
 2 -90  0.03  0.08  0.14  0.27  0.55  0.83  1.38  2.79  4.07  4.99  6.23  6.27  5.65  4.73  4.26  3.80  2.79  2.61  2.28  1.95  1.37  0.65  0.35  0.20  0.12  0.06  0.04  0.02
 2 -85  0.03  0.08  0.14  0.27  0.55  0.83  1.38  2.80  4.07  4.99  6.23  6.27  5.65  4.74  4.26  3.81  2.79  2.61  2.28  1.95  1.37  0.65  0.35  0.20  0.12  0.06  0.04  0.03
 2 -80  0.03  0.08  0.14  0.27  0.55  0.83  1.38  2.80  4.07  4.99  6.22  6.27  5.64  4.74  4.27  3.81  2.79  2.61  2.28  1.95  1.37  0.65  0.35  0.20  0.12  0.06  0.03  0.03
 2 -75  0.03  0.08  0.14  0.27  0.55  0.82  1.38  2.79  4.07  4.99  6.30  6.61  6.12  5.23  4.67  4.16  3.00  2.61  2.28  1.95  1.34  0.63  0.36  0.20  0.11  0.06  0.04  0.03
 2 -70  0.03  0.08  0.14  0.27  0.54  0.82  1.37  2.77  4.06  4.97  6.36  6.94  6.59  5.72  5.07  4.52  3.28  2.62  2.26  1.92  1.29  0.61  0.36  0.20  0.11  0.05  0.04  0.03
 2 -65  0.03  0.08  0.14  0.28  0.55  0.83  1.40  2.82  4.12  5.05  6.51  7.34  7.15  6.33  5.59  4.99  3.71  2.65  2.09  1.77  1.17  0.54  0.34  0.19  0.12  0.05  0.04  0.03
 2 -60  0.03  0.08  0.14  0.28  0.57  0.85  1.43  2.88  4.20  5.15  6.67  7.74  7.70  6.94  6.10  5.45  4.14  2.68  1.92  1.62  1.04  0.47  0.31  0.19  0.12  0.05  0.04  0.03
 2 -55  0.03  0.09  0.15  0.30  0.59  0.89  1.50  3.03  4.38  5.35  6.86  8.02  8.11  7.55  6.66  5.97  4.27  2.56  1.58  1.31  0.79  0.35  0.24  0.17  0.12  0.05  0.04  0.03
 2 -50  0.03  0.09  0.15  0.30  0.61  0.91  1.53  3.10  4.45  5.46  7.01  8.29  8.56  8.09  7.19  6.51  4.38  2.43  1.25  1.01  0.54  0.23  0.17  0.15  0.09  0.05  0.04  0.03
 2 -45  0.03  0.09  0.15  0.30  0.60  0.90  1.50  3.02  4.33  5.31  6.96  8.58  8.95  8.53  7.36  6.55  4.45  2.39  1.25  0.98  0.47  0.18  0.17  0.10  0.07  0.04  0.04  0.03
 2 -40  0.03  0.09  0.15  0.30  0.59  0.89  1.49  3.00  4.36  5.37  7.11  8.86  9.35  8.93  7.61  6.60  4.44  2.34  1.25  0.96  0.44  0.16  0.11  0.07  0.05  0.04  0.04  0.03
 2 -35  0.03  0.09  0.15  0.30  0.60  0.89  1.49  3.00  4.17  5.12  6.93  8.84  9.39  9.18  7.69  6.67  4.34  2.15  1.02  0.76  0.32  0.13  0.08  0.05  0.04  0.04  0.04  0.03
 2 -30  0.03  0.09  0.15  0.30  0.59  0.89  1.49  2.99  4.23  5.15  6.97  8.96  9.55  9.30  7.82  6.79  4.24  1.94  0.80  0.57  0.22  0.09  0.06  0.04  0.04  0.04  0.04  0.03
 2 -25  0.03  0.09  0.15  0.29  0.59  0.88  1.47  2.95  4.19  5.18  7.10  9.19  9.78  9.51  7.89  6.80  4.13  1.82  0.69  0.49  0.18  0.06  0.04  0.04  0.03  0.04  0.04  0.03
 2 -20  0.03  0.08  0.14  0.28  0.56  0.84  1.40  2.80  4.18  5.24  7.08  9.36 10.19  9.90  8.07  6.83  4.09  1.65  0.56  0.38  0.12  0.05  0.03  0.03  0.03  0.03  0.03  0.03
 2 -15  0.03  0.08  0.14  0.28  0.55  0.83  1.38  2.75  4.14  5.02  6.89  9.49 10.47 10.07  8.11  6.88  4.03  1.57  0.52  0.35  0.12  0.04  0.03  0.03  0.03  0.03  0.03  0.03
 2 -10  0.03  0.08  0.13  0.27  0.54  0.81  1.34  2.67  3.94  4.96  6.86  9.29 10.32 10.23  8.17  6.96  4.00  1.46  0.47  0.32  0.08  0.03  0.03  0.03  0.03  0.03  0.03  0.03
 2  -5  0.03  0.08  0.13  0.27  0.53  0.80  1.33  2.65  4.04  5.09  7.24  9.21 10.20 10.13  7.85  6.51  3.83  1.43  0.46  0.32  0.07  0.03  0.02  0.02  0.02  0.03  0.03  0.02
 2   0  0.03  0.09  0.15  0.29  0.59  0.88  1.47  2.94  4.28  5.39  7.49  9.67 10.63 10.31  7.64  6.04  3.57  1.31  0.44  0.31  0.06  0.03  0.03  0.02  0.02  0.03  0.03  0.03
 2   5  0.03  0.09  0.14  0.29  0.58  0.87  1.45  2.90  4.39  5.42  7.56  9.34 10.02 10.02  7.72  6.29  3.76  1.43  0.50  0.34  0.06  0.03  0.03  0.03  0.03  0.03  0.03  0.03
 2  10  0.03  0.09  0.14  0.29  0.58  0.87  1.44  2.89  4.29  5.36  7.22  8.83  9.34  9.39  7.78  6.62  3.95  1.60  0.58  0.39  0.06  0.03  0.03  0.03  0.03  0.03  0.04  0.04
 2  15  0.03  0.09  0.15  0.29  0.58  0.87  1.45  2.91  4.48  5.53  7.18  8.51  8.87  8.92  7.49  6.57  4.02  1.68  0.65  0.45  0.07  0.04  0.03  0.03  0.03  0.04  0.04  0.04
 2  20  0.03  0.09  0.15  0.30  0.61  0.91  1.52  3.05  4.58  5.78  7.28  8.40  8.77  8.66  7.31  6.56  4.26  1.80  0.69  0.50  0.09  0.04  0.04  0.04  0.04  0.04  0.04  0.04
 2  25  0.03  0.09  0.15  0.31  0.61  0.92  1.53  3.07  4.76  5.83  7.26  8.26  8.44  8.05  6.97  6.46  4.48  2.11  0.86  0.65  0.26  0.06  0.05  0.04  0.04  0.04  0.04  0.04
 2  30  0.03  0.10  0.16  0.32  0.65  0.97  1.63  3.27  4.88  6.11  7.36  8.08  8.22  7.72  6.87  6.42  4.79  2.28  0.99  0.74  0.31  0.18  0.08  0.06  0.05  0.04  0.04  0.04
 2  35  0.03  0.10  0.17  0.34  0.68  1.02  1.71  3.44  5.20  6.39  7.64  8.03  7.95  7.51  6.86  6.41  5.06  2.70  1.29  0.99  0.47  0.30  0.21  0.10  0.07  0.05  0.04  0.04
 2  40  0.04  0.11  0.18  0.36  0.72  1.08  1.80  3.62  5.29  6.52  7.70  7.99  7.69  7.09  6.60  6.34  5.32  3.16  1.68  1.26  0.66  0.42  0.29  0.14  0.08  0.05  0.04  0.04
 2  45  0.04  0.11  0.18  0.37  0.73  1.10  1.84  3.70  5.33  6.58  7.71  7.74  7.29  6.92  6.55  6.24  5.48  3.52  1.94  1.57  0.95  0.55  0.37  0.23  0.10  0.05  0.05  0.04
 2  50  0.04  0.11  0.19  0.37  0.75  1.12  1.87  3.75  5.56  6.82  7.60  7.49  6.87  6.42  6.33  6.18  5.65  3.82  2.26  1.86  1.19  0.65  0.40  0.28  0.11  0.06  0.05  0.04
 2  55  0.04  0.12  0.19  0.39  0.77  1.16  1.94  3.89  5.62  6.71  7.33  7.15  6.61  6.26  6.16  6.05  5.60  3.92  2.43  2.02  1.37  0.70  0.43  0.30  0.11  0.06  0.05  0.04
 2  60  0.04  0.12  0.20  0.40  0.81  1.21  2.02  4.06  5.74  6.78  7.24  6.90  6.40  6.11  6.00  5.91  5.55  4.00  2.63  2.22  1.56  0.76  0.48  0.30  0.12  0.06  0.05  0.04
 2  65  0.04  0.12  0.20  0.40  0.81  1.21  2.02  4.08  5.67  6.60  7.05  6.74  6.36  6.17  5.96  5.80  5.35  3.87  2.73  2.33  1.69  0.83  0.47  0.30  0.12  0.06  0.05  0.04
 2  70  0.04  0.12  0.20  0.40  0.81  1.21  2.02  4.08  5.62  6.44  6.86  6.57  6.32  6.23  5.92  5.68  5.20  3.75  2.83  2.45  1.82  0.89  0.47  0.29  0.12  0.06  0.05  0.04
 2  75  0.04  0.12  0.20  0.40  0.80  1.20  2.01  4.06  5.49  6.17  6.79  6.69  6.60  6.56  6.11  5.78  5.25  3.69  2.88  2.51  1.87  0.93  0.48  0.29  0.13  0.06  0.05  0.04
 2  80  0.04  0.12  0.20  0.40  0.80  1.20  2.00  4.04  5.36  5.88  6.72  6.85  6.88  6.87  6.30  5.89  5.29  3.62  2.91  2.54  1.90  0.96  0.50  0.29  0.13  0.06  0.05  0.04
 2  85  0.04  0.12  0.20  0.40  0.80  1.20  2.00  4.05  5.37  5.89  6.73  6.86  6.89  6.88  6.31  5.89  5.29  3.62  2.91  2.54  1.90  0.96  0.50  0.29  0.13  0.06  0.05  0.04
 2  90  0.04  0.12  0.20  0.40  0.80  1.20  2.00  4.05  5.37  5.90  6.75  6.87  6.90  6.88  6.31  5.90  5.29  3.62  2.91  2.54  1.90  0.96  0.50  0.29  0.13  0.06  0.05  0.04
 3 -90  0.04  0.12  0.20  0.40  0.80  1.21  2.02  4.10  5.46  6.29  6.37  5.81  5.13  4.47  3.85  3.16  2.62  2.61  2.41  2.07  1.47  0.58  0.32  0.19  0.11  0.06  0.03  0.03
 3 -85  0.04  0.12  0.20  0.40  0.80  1.21  2.02  4.10  5.46  6.29  6.37  5.80  5.13  4.47  3.85  3.16  2.62  2.61  2.41  2.08  1.47  0.58  0.32  0.19  0.11  0.06  0.03  0.03
 3 -80  0.04  0.12  0.20  0.40  0.80  1.21  2.02  4.10  5.46  6.29  6.36  5.80  5.13  4.47  3.85  3.16  2.62  2.61  2.41  2.08  1.47  0.58  0.32  0.19  0.11  0.06  0.03  0.03
 3 -75  0.04  0.11  0.19  0.38  0.77  1.15  1.93  3.91  5.41  6.35  6.76  6.32  5.62  4.88  4.18  3.46  2.74  2.58  2.38  2.04  1.43  0.57  0.32  0.18  0.11  0.05  0.03  0.03
 3 -70  0.04  0.11  0.18  0.36  0.73  1.10  1.84  3.72  5.34  6.40  7.15  6.84  6.11  5.29  4.52  3.80  2.93  2.57  2.31  1.97  1.36  0.55  0.31  0.18  0.10  0.05  0.04  0.03
 3 -65  0.04  0.11  0.18  0.35  0.71  1.06  1.78  3.61  5.25  6.36  7.32  7.30  6.69  5.85  5.13  4.51  3.36  2.59  2.09  1.79  1.21  0.50  0.30  0.18  0.12  0.05  0.04  0.03
 3 -60  0.03  0.10  0.17  0.34  0.69  1.03  1.73  3.51  5.18  6.33  7.50  7.77  7.26  6.42  5.73  5.19  3.76  2.63  1.89  1.61  1.07  0.44  0.28  0.18  0.12  0.05  0.04  0.03
 3 -55  0.03  0.10  0.17  0.35  0.69  1.04  1.74  3.53  5.22  6.36  7.61  8.06  7.72  7.00  6.30  5.78  4.19  2.60  1.59  1.34  0.83  0.34  0.22  0.16  0.10  0.05  0.04  0.03
 3 -50  0.03  0.10  0.17  0.34  0.69  1.03  1.73  3.51  5.20  6.37  7.72  8.36  8.22  7.56  6.88  6.38  4.58  2.55  1.32  1.08  0.61  0.23  0.17  0.12  0.08  0.05  0.04  0.03
 3 -45  0.03  0.10  0.17  0.33  0.66  1.00  1.67  3.37  4.95  6.12  7.61  8.67  8.69  8.09  7.03  6.24  4.46  2.47  1.27  1.00  0.52  0.17  0.14  0.08  0.06  0.04  0.03  0.03
 3 -40  0.03  0.10  0.16  0.33  0.65  0.98  1.64  3.30  4.85  6.02  7.64  8.95  9.17  8.65  7.19  6.08  4.31  2.38  1.20  0.93  0.45  0.14  0.10  0.06  0.05  0.04  0.03  0.03
 3 -35  0.03  0.10  0.16  0.32  0.64  0.96  1.60  3.21  4.60  5.68  7.40  8.94  9.30  8.98  7.61  6.61  4.32  2.20  0.97  0.73  0.32  0.13  0.08  0.05  0.04  0.04  0.03  0.03
 3 -30  0.03  0.09  0.16  0.31  0.63  0.94  1.57  3.16  4.56  5.61  7.33  9.03  9.49  9.25  8.06  7.19  4.36  2.00  0.76  0.55  0.19  0.09  0.05  0.04  0.04  0.03  0.03  0.03
 3 -25  0.03  0.09  0.15  0.30  0.61  0.92  1.53  3.07  4.40  5.44  7.27  9.19  9.77  9.57  8.17  7.22  4.22  1.80  0.62  0.44  0.15  0.06  0.04  0.03  0.03  0.03  0.03  0.03
 3 -20  0.03  0.09  0.15  0.29  0.58  0.87  1.46  2.92  4.35  5.46  7.16  9.23 10.13 10.07  8.39  7.26  4.15  1.52  0.47  0.32  0.09  0.04  0.03  0.03  0.03  0.03  0.03  0.03
 3 -15  0.03  0.09  0.14  0.29  0.57  0.86  1.43  2.86  4.21  5.08  6.82  9.29 10.34 10.23  8.30  7.07  4.08  1.51  0.47  0.31  0.10  0.03  0.03  0.03  0.03  0.03  0.03  0.03
 3 -10  0.03  0.08  0.14  0.28  0.56  0.84  1.40  2.79  3.96  4.91  6.60  8.98 10.23 10.45  8.24  6.92  4.07  1.47  0.47  0.31  0.12  0.03  0.02  0.02  0.02  0.03  0.03  0.02
 3  -5  0.03  0.08  0.14  0.28  0.55  0.83  1.38  2.74  3.97  4.92  6.84  8.83 10.09 10.39  8.08  6.74  3.98  1.46  0.46  0.32  0.07  0.03  0.02  0.02  0.02  0.03  0.03  0.02
 3   0  0.03  0.09  0.15  0.29  0.59  0.89  1.48  2.96  4.13  5.15  7.07  9.31 10.61 10.70  8.05  6.52  3.78  1.33  0.45  0.31  0.13  0.03  0.02  0.02  0.02  0.03  0.03  0.02
 3   5  0.03  0.09  0.15  0.29  0.58  0.87  1.46  2.92  4.27  5.16  7.13  9.04 10.08 10.41  8.01  6.64  3.92  1.43  0.49  0.33  0.06  0.03  0.02  0.02  0.03  0.03  0.03  0.03
 3  10  0.03  0.09  0.14  0.29  0.57  0.86  1.44  2.87  4.11  4.99  6.85  8.62  9.46  9.70  7.98  6.87  4.09  1.59  0.57  0.39  0.06  0.03  0.03  0.03  0.03  0.03  0.04  0.04
 3  15  0.03  0.09  0.14  0.29  0.58  0.87  1.44  2.89  4.34  5.25  6.98  8.45  8.99  9.16  7.58  6.57  4.08  1.66  0.63  0.44  0.08  0.04  0.03  0.03  0.03  0.04  0.04  0.04
 3  20  0.03  0.09  0.15  0.30  0.61  0.91  1.51  3.04  4.45  5.52  7.11  8.48  8.98  8.92  7.31  6.37  4.23  1.75  0.66  0.48  0.19  0.05  0.04  0.04  0.04  0.04  0.04  0.04
 3  25  0.03  0.09  0.15  0.31  0.61  0.92  1.53  3.07  4.61  5.62  7.13  8.36  8.66  8.39  7.10  6.37  4.44  2.16  0.87  0.67  0.30  0.07  0.05  0.05  0.04  0.04  0.04  0.04
 3  30  0.03  0.10  0.16  0.32  0.64  0.95  1.59  3.20  4.75  5.91  7.33  8.26  8.50  8.15  7.09  6.45  4.72  2.44  1.05  0.81  0.39  0.20  0.10  0.07  0.06  0.05  0.04  0.04
 3  35  0.03  0.10  0.16  0.33  0.66  0.99  1.65  3.32  5.03  6.19  7.72  8.36  8.41  7.99  7.11  6.50  4.84  2.79  1.35  1.06  0.57  0.31  0.22  0.10  0.07  0.05  0.04  0.04
 3  40  0.03  0.10  0.17  0.34  0.68  1.03  1.72  3.46  5.07  6.29  7.78  8.47  8.33  7.68  6.91  6.46  4.94  3.14  1.72  1.32  0.77  0.42  0.30  0.14  0.09  0.05  0.05  0.04
 3  45  0.03  0.10  0.17  0.34  0.69  1.03  1.72  3.46  5.17  6.45  8.01  8.38  7.99  7.50  6.81  6.30  5.22  3.47  1.91  1.57  0.99  0.55  0.39  0.24  0.10  0.06  0.05  0.05
 3  50  0.03  0.10  0.17  0.34  0.68  1.03  1.72  3.45  5.34  6.74  8.01  8.18  7.57  7.01  6.55  6.15  5.48  3.74  2.19  1.82  1.17  0.66  0.43  0.30  0.11  0.06  0.05  0.05
 3  55  0.04  0.11  0.18  0.35  0.71  1.06  1.78  3.57  5.44  6.72  7.83  7.88  7.30  6.78  6.38  6.09  5.48  3.89  2.42  2.02  1.35  0.75  0.48  0.33  0.12  0.06  0.05  0.05
 3  60  0.04  0.11  0.18  0.37  0.74  1.11  1.86  3.74  5.61  6.90  7.82  7.66  7.04  6.53  6.22  6.02  5.48  4.06  2.68  2.25  1.55  0.85  0.54  0.34  0.13  0.06  0.05  0.05
 3  65  0.04  0.11  0.19  0.38  0.76  1.15  1.91  3.85  5.64  6.86  7.63  7.41  6.82  6.37  6.04  5.81  5.29  4.07  2.82  2.41  1.74  0.94  0.59  0.37  0.14  0.07  0.05  0.05
 3  70  0.04  0.12  0.20  0.39  0.78  1.18  1.97  3.97  5.68  6.83  7.45  7.14  6.61  6.22  5.86  5.60  5.11  4.08  2.97  2.58  1.93  1.03  0.64  0.39  0.14  0.07  0.05  0.05
 3  75  0.04  0.12  0.20  0.39  0.79  1.18  1.98  3.98  5.61  6.67  7.25  7.04  6.65  6.36  5.81  5.43  5.04  4.10  3.02  2.64  1.99  1.08  0.64  0.38  0.19  0.07  0.05  0.05
 3  80  0.04  0.12  0.20  0.39  0.79  1.19  1.98  4.00  5.53  6.51  7.06  6.95  6.70  6.50  5.77  5.26  4.98  4.10  3.05  2.68  2.03  1.11  0.63  0.37  0.18  0.07  0.05  0.05
 3  85  0.04  0.12  0.20  0.39  0.79  1.19  1.98  4.00  5.54  6.52  7.07  6.97  6.71  6.51  5.77  5.27  4.98  4.10  3.05  2.67  2.03  1.11  0.63  0.37  0.18  0.07  0.05  0.05
 3  90  0.04  0.12  0.20  0.39  0.79  1.19  1.98  4.01  5.55  6.53  7.09  6.98  6.72  6.51  5.78  5.27  4.99  4.10  3.05  2.67  2.03  1.11  0.63  0.37  0.18  0.07  0.05  0.05
 4 -90  0.05  0.16  0.26  0.53  1.06  1.60  2.69  5.48  6.23  6.40  6.12  5.41  4.84  4.23  3.56  2.76  2.30  2.85  2.40  2.05  1.36  0.47  0.28  0.18  0.10  0.05  0.03  0.03
 4 -85  0.05  0.16  0.26  0.53  1.06  1.60  2.69  5.48  6.23  6.40  6.11  5.41  4.84  4.23  3.56  2.76  2.30  2.85  2.40  2.06  1.36  0.47  0.28  0.18  0.10  0.05  0.03  0.03
 4 -80  0.05  0.16  0.26  0.53  1.06  1.60  2.69  5.48  6.23  6.40  6.11  5.41  4.84  4.23  3.56  2.76  2.30  2.85  2.40  2.06  1.36  0.47  0.28  0.18  0.10  0.05  0.03  0.03
 4 -75  0.05  0.15  0.25  0.51  1.02  1.54  2.59  5.26  6.45  6.86  6.63  5.88  5.25  4.61  3.98  3.21  2.62  2.80  2.36  2.03  1.36  0.45  0.28  0.17  0.10  0.05  0.03  0.03
 4 -70  0.05  0.15  0.24  0.49  0.98  1.48  2.49  5.05  6.61  7.32  7.15  6.38  5.68  5.00  4.37  3.71  3.02  2.75  2.28  1.98  1.35  0.43  0.27  0.17  0.11  0.05  0.04  0.03
 4 -65  0.05  0.14  0.23  0.47  0.94  1.42  2.38  4.84  6.56  7.42  7.50  6.92  6.19  5.48  4.87  4.36  3.49  2.76  2.10  1.80  1.21  0.40  0.24  0.16  0.10  0.05  0.04  0.03
 4 -60  0.05  0.14  0.23  0.45  0.91  1.36  2.28  4.63  6.51  7.53  7.85  7.45  6.71  5.97  5.38  4.99  3.94  2.78  1.92  1.63  1.07  0.36  0.22  0.15  0.10  0.05  0.04  0.03
 4 -55  0.04  0.13  0.22  0.43  0.87  1.31  2.19  4.44  6.38  7.48  8.02  7.78  7.14  6.43  5.97  5.72  4.39  2.72  1.65  1.37  0.82  0.29  0.18  0.13  0.09  0.05  0.04  0.03
 4 -50  0.04  0.12  0.21  0.41  0.83  1.24  2.09  4.23  6.27  7.49  8.23  8.13  7.63  6.91  6.60  6.46  4.78  2.62  1.40  1.12  0.59  0.22  0.13  0.11  0.07  0.04  0.03  0.03
 4 -45  0.04  0.12  0.19  0.39  0.78  1.17  1.97  3.98  5.90  7.16  8.17  8.50  8.19  7.50  6.82  6.29  4.61  2.49  1.36  1.05  0.51  0.18  0.11  0.08  0.05  0.04  0.03  0.03
 4 -40  0.04  0.11  0.19  0.37  0.75  1.12  1.88  3.79  5.57  6.88  8.14  8.81  8.70  8.10  6.94  6.08  4.44  2.36  1.27  0.97  0.45  0.15  0.11  0.06  0.04  0.03  0.03  0.03
 4 -35  0.04  0.11  0.18  0.35  0.71  1.06  1.77  3.57  5.21  6.38  7.85  8.86  8.99  8.54  7.14  6.12  4.26  2.15  1.08  0.82  0.37  0.13  0.08  0.05  0.04  0.03  0.03  0.03
 4 -30  0.03  0.10  0.17  0.34  0.68  1.02  1.70  3.42  5.00  6.15  7.67  8.98  9.26  8.97  7.36  6.20  4.11  1.96  0.90  0.67  0.29  0.09  0.05  0.04  0.03  0.03  0.03  0.03
 4 -25  0.03  0.10  0.16  0.33  0.65  0.98  1.63  3.29  4.76  5.86  7.50  9.11  9.62  9.43  7.71  6.54  4.11  1.84  0.69  0.51  0.20  0.06  0.04  0.03  0.03  0.03  0.03  0.03
 4 -20  0.03  0.09  0.16  0.31  0.62  0.94  1.56  3.14  4.70  5.87  7.37  9.09  9.96 10.07  8.16  6.88  4.14  1.60  0.49  0.34  0.11  0.04  0.03  0.03  0.03  0.03  0.03  0.03
 4 -15  0.03  0.09  0.15  0.30  0.61  0.91  1.53  3.06  4.48  5.45  7.06  9.14 10.05 10.18  8.26  6.98  4.11  1.52  0.46  0.31  0.11  0.03  0.02  0.02  0.02  0.03  0.03  0.03
 4 -10  0.03  0.09  0.15  0.30  0.60  0.90  1.51  3.02  4.26  5.25  6.80  8.81  9.94 10.35  8.36  7.12  4.15  1.44  0.44  0.30  0.12  0.03  0.02  0.02  0.02  0.03  0.03  0.02
 4  -5  0.03  0.09  0.15  0.30  0.59  0.89  1.49  2.97  4.19  5.14  6.93  8.64  9.74 10.28  8.29  7.08  4.13  1.45  0.43  0.30  0.13  0.03  0.02  0.02  0.02  0.02  0.02  0.02
 4   0  0.03  0.09  0.15  0.30  0.61  0.91  1.53  3.06  4.24  5.24  7.07  9.04 10.19 10.58  8.32  6.97  4.03  1.36  0.42  0.29  0.13  0.03  0.02  0.02  0.02  0.03  0.03  0.02
 4   5  0.03  0.09  0.15  0.30  0.60  0.90  1.51  3.02  4.35  5.20  7.06  8.83  9.86 10.31  8.14  6.96  4.16  1.47  0.57  0.38  0.14  0.03  0.02  0.02  0.02  0.03  0.03  0.03
 4  10  0.03  0.09  0.15  0.29  0.59  0.88  1.47  2.95  4.10  4.93  6.76  8.48  9.37  9.61  8.00  7.06  4.33  1.62  0.76  0.51  0.17  0.03  0.02  0.02  0.03  0.03  0.03  0.03
 4  15  0.03  0.09  0.15  0.29  0.59  0.88  1.47  2.95  4.31  5.20  6.99  8.46  9.00  9.10  7.66  6.80  4.29  1.74  0.84  0.59  0.19  0.03  0.03  0.03  0.03  0.04  0.04  0.04
 4  20  0.03  0.09  0.15  0.31  0.61  0.92  1.53  3.07  4.42  5.44  7.07  8.58  9.05  8.88  7.47  6.64  4.35  1.82  0.90  0.63  0.21  0.05  0.04  0.04  0.04  0.04  0.04  0.04
 4  25  0.03  0.09  0.15  0.31  0.61  0.92  1.53  3.08  4.50  5.48  7.06  8.44  8.76  8.51  7.33  6.60  4.49  2.13  1.03  0.76  0.31  0.09  0.06  0.05  0.05  0.05  0.04  0.04
 4  30  0.03  0.09  0.15  0.31  0.62  0.93  1.55  3.10  4.58  5.66  7.21  8.34  8.66  8.41  7.34  6.65  4.69  2.34  1.15  0.87  0.40  0.16  0.10  0.07  0.05  0.05  0.05  0.04
 4  35  0.03  0.09  0.16  0.31  0.62  0.94  1.56  3.15  4.71  5.80  7.47  8.45  8.71  8.37  7.35  6.65  4.72  2.62  1.38  1.08  0.58  0.33  0.16  0.09  0.07  0.05  0.05  0.04
 4  40  0.03  0.09  0.16  0.32  0.63  0.95  1.59  3.20  4.61  5.71  7.31  8.55  8.78  8.25  7.20  6.56  4.72  2.88  1.66  1.29  0.77  0.44  0.30  0.12  0.08  0.06  0.05  0.05
 4  45  0.03  0.09  0.16  0.31  0.62  0.93  1.56  3.14  4.66  5.80  7.58  8.58  8.53  8.07  7.07  6.39  4.84  3.15  1.79  1.48  0.94  0.53  0.38  0.17  0.10  0.06  0.05  0.05
 4  50  0.03  0.09  0.15  0.30  0.61  0.91  1.52  3.06  4.67  5.94  7.57  8.43  8.18  7.67  6.83  6.20  4.92  3.36  2.01  1.68  1.06  0.61  0.42  0.29  0.12  0.06  0.05  0.05
 4  55  0.03  0.09  0.15  0.30  0.61  0.91  1.52  3.06  4.65  5.88  7.48  8.20  7.91  7.35  6.51  5.93  5.02  3.56  2.23  1.88  1.23  0.69  0.47  0.33  0.13  0.07  0.05  0.05
 4  60  0.03  0.09  0.16  0.31  0.62  0.94  1.57  3.15  4.76  6.03  7.54  8.04  7.64  7.01  6.21  5.66  5.13  3.78  2.48  2.09  1.42  0.78  0.55  0.36  0.14  0.07  0.06  0.05
 4  65  0.03  0.09  0.16  0.32  0.63  0.95  1.58  3.18  4.77  6.02  7.38  7.71  7.26  6.62  6.00  5.56  5.02  3.82  2.67  2.26  1.57  0.92  0.65  0.41  0.15  0.07  0.06  0.05
 4  70  0.03  0.10  0.16  0.32  0.64  0.96  1.60  3.21  4.77  6.01  7.22  7.39  6.88  6.24  5.79  5.46  4.91  3.86  2.86  2.44  1.71  1.06  0.75  0.46  0.23  0.07  0.06  0.05
 4  75  0.03  0.10  0.16  0.32  0.65  0.98  1.63  3.28  4.76  5.94  6.93  6.97  6.46  5.89  5.60  5.38  4.86  3.93  2.97  2.54  1.84  1.13  0.77  0.45  0.22  0.08  0.06  0.05
 4  80  0.03  0.10  0.17  0.33  0.66  0.99  1.66  3.34  4.75  5.87  6.64  6.55  6.05  5.54  5.42  5.31  4.84  3.99  3.04  2.63  1.94  1.18  0.77  0.45  0.21  0.08  0.06  0.05
 4  85  0.03  0.10  0.17  0.33  0.66  1.00  1.66  3.35  4.76  5.88  6.66  6.56  6.06  5.55  5.42  5.31  4.84  3.99  3.04  2.63  1.94  1.18  0.77  0.45  0.21  0.08  0.06  0.05
 4  90  0.03  0.10  0.17  0.33  0.66  1.00  1.66  3.35  4.77  5.90  6.68  6.57  6.07  5.55  5.43  5.32  4.85  4.00  3.04  2.63  1.94  1.18  0.77  0.45  0.21  0.08  0.06  0.05
 5 -90  0.06  0.17  0.29  0.58  1.17  1.76  2.96  6.06  6.70  6.91  6.23  4.87  4.06  3.39  3.12  2.83  3.03  2.96  2.30  1.94  1.29  0.46  0.25  0.15  0.08  0.04  0.03  0.03
 5 -85  0.06  0.17  0.29  0.58  1.17  1.76  2.96  6.06  6.70  6.91  6.22  4.87  4.06  3.39  3.12  2.83  3.03  2.96  2.30  1.94  1.29  0.46  0.25  0.15  0.08  0.04  0.03  0.03
 5 -80  0.06  0.17  0.29  0.58  1.17  1.76  2.96  6.06  6.71  6.91  6.22  4.86  4.06  3.39  3.12  2.83  3.03  2.96  2.30  1.94  1.29  0.46  0.25  0.15  0.09  0.04  0.03  0.03
 5 -75  0.06  0.17  0.28  0.57  1.14  1.72  2.89  5.90  6.78  7.13  6.66  5.50  4.77  4.12  3.68  3.20  3.08  2.81  2.15  1.82  1.22  0.44  0.23  0.14  0.09  0.04  0.03  0.03
 5 -70  0.05  0.16  0.27  0.55  1.10  1.66  2.79  5.70  6.82  7.32  7.07  6.14  5.49  4.86  4.27  3.64  3.15  2.65  1.97  1.68  1.12  0.41  0.22  0.13  0.09  0.04  0.03  0.03
 5 -65  0.05  0.16  0.28  0.55  1.11  1.67  2.80  5.69  7.05  7.64  7.34  6.49  5.85  5.23  4.86  4.40  3.70  2.76  1.91  1.60  1.01  0.39  0.21  0.14  0.08  0.04  0.03  0.03
 5 -60  0.06  0.17  0.28  0.55  1.11  1.67  2.80  5.68  7.29  7.97  7.64  6.85  6.21  5.60  5.33  5.11  4.33  2.89  1.85  1.53  0.91  0.38  0.21  0.14  0.08  0.04  0.03  0.03
 5 -55  0.05  0.16  0.26  0.53  1.06  1.60  2.68  5.44  7.24  8.11  7.92  7.28  6.58  5.95  5.67  5.59  4.62  2.74  1.67  1.36  0.75  0.35  0.19  0.14  0.07  0.04  0.03  0.03
 5 -50  0.05  0.15  0.25  0.51  1.02  1.54  2.58  5.23  7.27  8.37  8.28  7.70  7.05  6.34  6.08  6.08  4.84  2.54  1.50  1.18  0.60  0.34  0.18  0.10  0.06  0.04  0.03  0.03
 5 -45  0.05  0.14  0.23  0.47  0.94  1.41  2.37  4.79  6.87  8.06  8.40  8.17  7.70  7.00  6.47  6.08  4.71  2.47  1.44  1.10  0.51  0.29  0.15  0.08  0.05  0.03  0.03  0.03
 5 -40  0.04  0.13  0.21  0.43  0.86  1.29  2.16  4.37  6.36  7.66  8.43  8.51  8.17  7.55  6.64  6.04  4.62  2.38  1.32  1.00  0.43  0.24  0.12  0.07  0.04  0.03  0.03  0.03
 5 -35  0.04  0.12  0.20  0.39  0.79  1.18  1.98  4.00  5.84  7.05  8.12  8.60  8.53  8.00  7.08  6.43  4.51  2.16  1.10  0.82  0.34  0.19  0.10  0.06  0.04  0.03  0.03  0.03
 5 -30  0.04  0.11  0.18  0.36  0.73  1.10  1.83  3.70  5.46  6.67  7.90  8.73  8.80  8.43  7.49  6.83  4.46  1.98  0.88  0.64  0.23  0.10  0.06  0.04  0.04  0.03  0.03  0.03
 5 -25  0.03  0.10  0.17  0.35  0.70  1.05  1.75  3.53  5.14  6.27  7.65  8.84  9.22  8.96  7.69  6.86  4.34  1.92  0.71  0.52  0.18  0.06  0.04  0.03  0.03  0.03  0.03  0.03
 5 -20  0.03  0.10  0.17  0.33  0.67  1.00  1.67  3.37  5.05  6.24  7.54  8.83  9.54  9.71  7.99  6.87  4.24  1.75  0.55  0.39  0.12  0.04  0.03  0.03  0.03  0.03  0.03  0.03
 5 -15  0.03  0.10  0.16  0.32  0.65  0.97  1.62  3.25  4.78  5.88  7.38  8.99  9.65  9.87  8.21  7.04  4.22  1.62  0.47  0.33  0.12  0.03  0.03  0.02  0.02  0.03  0.03  0.03
 5 -10  0.03  0.10  0.16  0.32  0.64  0.96  1.61  3.23  4.60  5.69  7.18  8.78  9.63 10.03  8.37  7.24  4.30  1.52  0.41  0.28  0.11  0.03  0.02  0.02  0.02  0.03  0.03  0.03
 5  -5  0.03  0.10  0.16  0.32  0.64  0.95  1.59  3.20  4.48  5.50  7.24  8.68  9.42  9.95  8.21  7.00  4.10  1.37  0.36  0.26  0.11  0.03  0.02  0.02  0.02  0.03  0.03  0.02
 5   0  0.03  0.09  0.16  0.31  0.63  0.94  1.57  3.15  4.44  5.45  7.29  8.96  9.70 10.17  8.10  6.69  3.83  1.14  0.32  0.23  0.11  0.03  0.02  0.02  0.02  0.03  0.03  0.02
 5   5  0.03  0.09  0.16  0.31  0.62  0.94  1.56  3.13  4.49  5.37  7.18  8.80  9.65 10.06  8.06  6.91  4.15  1.39  0.46  0.33  0.16  0.03  0.02  0.02  0.02  0.03  0.03  0.02
 5  10  0.03  0.09  0.15  0.30  0.60  0.91  1.51  3.03  4.16  5.01  6.81  8.49  9.36  9.58  8.06  7.23  4.52  1.67  0.66  0.48  0.22  0.03  0.03  0.03  0.03  0.03  0.03  0.03
 5  15  0.03  0.09  0.15  0.30  0.60  0.90  1.51  3.02  4.29  5.21  7.01  8.55  9.12  9.17  7.83  7.07  4.42  1.82  0.75  0.56  0.25  0.04  0.03  0.03  0.03  0.04  0.04  0.03
 5  20  0.03  0.09  0.15  0.31  0.62  0.93  1.54  3.10  4.39  5.38  7.00  8.66  9.20  8.94  7.72  7.01  4.38  1.92  0.81  0.60  0.28  0.05  0.04  0.04  0.04  0.04  0.04  0.04
 5  25  0.03  0.09  0.15  0.30  0.61  0.92  1.53  3.07  4.36  5.33  6.96  8.47  8.87  8.68  7.58  6.83  4.56  2.14  0.96  0.73  0.36  0.09  0.05  0.05  0.04  0.05  0.04  0.04
 5  30  0.03  0.09  0.15  0.30  0.60  0.90  1.50  3.01  4.39  5.37  6.99  8.30  8.73  8.61  7.51  6.74  4.79  2.31  1.10  0.86  0.44  0.15  0.08  0.06  0.05  0.05  0.05  0.04
 5  35  0.03  0.09  0.15  0.30  0.60  0.90  1.51  3.03  4.43  5.44  7.12  8.34  8.77  8.57  7.47  6.70  4.79  2.56  1.29  1.01  0.57  0.32  0.13  0.08  0.06  0.05  0.05  0.04
 5  40  0.03  0.09  0.15  0.30  0.60  0.91  1.52  3.05  4.25  5.24  6.78  8.31  8.81  8.51  7.33  6.59  4.80  2.77  1.49  1.19  0.71  0.41  0.20  0.11  0.07  0.06  0.05  0.05
 5  45  0.03  0.09  0.15  0.29  0.58  0.88  1.46  2.94  4.25  5.23  6.97  8.29  8.59  8.27  7.15  6.42  4.80  2.94  1.62  1.36  0.89  0.49  0.34  0.15  0.09  0.06  0.05  0.05
 5  50  0.03  0.08  0.14  0.28  0.56  0.84  1.40  2.80  4.15  5.19  6.86  8.10  8.25  7.92  6.94  6.23  4.75  3.07  1.83  1.55  1.01  0.58  0.40  0.19  0.11  0.07  0.06  0.05
 5  55  0.03  0.08  0.14  0.27  0.54  0.81  1.36  2.72  4.01  5.00  6.68  7.85  7.97  7.55  6.58  5.91  4.72  3.20  2.00  1.70  1.11  0.64  0.45  0.30  0.12  0.07  0.06  0.05
 5  60  0.03  0.08  0.14  0.27  0.55  0.82  1.37  2.75  4.04  5.04  6.66  7.70  7.70  7.16  6.25  5.63  4.70  3.35  2.20  1.86  1.23  0.71  0.53  0.34  0.13  0.07  0.06  0.05
 5  65  0.03  0.08  0.13  0.27  0.54  0.80  1.34  2.69  3.95  4.94  6.50  7.38  7.27  6.65  5.76  5.14  4.35  3.34  2.37  2.02  1.39  0.82  0.61  0.40  0.14  0.07  0.06  0.05
 5  70  0.03  0.08  0.13  0.26  0.52  0.79  1.31  2.63  3.87  4.83  6.34  7.06  6.83  6.15  5.28  4.65  3.99  3.33  2.54  2.19  1.55  0.93  0.70  0.46  0.29  0.08  0.06  0.05
 5  75  0.03  0.08  0.13  0.26  0.52  0.79  1.31  2.64  3.91  4.90  6.37  6.83  6.45  5.71  5.07  4.61  4.09  3.40  2.59  2.23  1.60  0.96  0.71  0.46  0.28  0.08  0.06  0.05
 5  80  0.03  0.08  0.13  0.26  0.52  0.79  1.31  2.64  3.96  4.98  6.40  6.61  6.07  5.27  4.87  4.57  4.20  3.48  2.62  2.26  1.63  0.98  0.71  0.45  0.27  0.09  0.06  0.05
 5  85  0.03  0.08  0.13  0.26  0.52  0.79  1.31  2.64  3.97  4.99  6.42  6.62  6.08  5.28  4.87  4.58  4.21  3.48  2.62  2.26  1.63  0.98  0.71  0.45  0.27  0.09  0.06  0.05
 5  90  0.03  0.08  0.13  0.26  0.52  0.79  1.32  2.65  3.97  5.01  6.43  6.64  6.10  5.29  4.88  4.58  4.21  3.48  2.62  2.26  1.63  0.98  0.71  0.45  0.27  0.09  0.06  0.05
 6 -90  0.06  0.18  0.29  0.59  1.19  1.79  3.01  6.18  6.94  7.29  6.58  5.00  4.29  3.90  3.45  3.18  3.03  2.90  2.16  1.87  1.34  0.48  0.21  0.13  0.07  0.04  0.03  0.03
 6 -85  0.06  0.18  0.29  0.59  1.19  1.79  3.02  6.18  6.95  7.29  6.57  5.00  4.29  3.90  3.46  3.18  3.03  2.90  2.16  1.87  1.34  0.48  0.21  0.13  0.07  0.04  0.03  0.03
 6 -80  0.06  0.18  0.29  0.59  1.19  1.79  3.02  6.18  6.95  7.29  6.57  5.00  4.29  3.91  3.46  3.18  3.03  2.90  2.16  1.87  1.34  0.48  0.21  0.13  0.07  0.04  0.03  0.03
 6 -75  0.06  0.18  0.29  0.59  1.18  1.78  3.00  6.15  6.97  7.37  6.91  5.53  4.85  4.35  3.82  3.40  3.13  2.88  2.11  1.83  1.33  0.47  0.21  0.14  0.07  0.04  0.03  0.03
 6 -70  0.06  0.17  0.29  0.58  1.17  1.76  2.97  6.07  6.99  7.43  7.21  6.08  5.42  4.82  4.25  3.69  3.26  2.83  2.06  1.78  1.29  0.46  0.20  0.14  0.07  0.04  0.03  0.03
 6 -65  0.06  0.17  0.29  0.57  1.15  1.74  2.92  5.96  7.06  7.59  7.31  6.28  5.64  5.02  4.72  4.32  3.71  2.88  2.02  1.71  1.18  0.46  0.23  0.14  0.07  0.04  0.03  0.03
 6 -60  0.06  0.17  0.28  0.56  1.13  1.71  2.86  5.83  7.12  7.71  7.37  6.48  5.85  5.23  5.13  4.91  4.19  2.96  1.98  1.65  1.08  0.45  0.26  0.14  0.07  0.04  0.03  0.03
 6 -55  0.05  0.16  0.27  0.55  1.10  1.66  2.79  5.66  7.26  7.99  7.62  6.83  6.14  5.54  5.44  5.44  4.51  2.87  1.77  1.47  0.91  0.39  0.27  0.13  0.07  0.04  0.03  0.03
 6 -50  0.05  0.16  0.27  0.55  1.10  1.65  2.77  5.62  7.50  8.48  7.97  7.21  6.54  5.90  5.80  5.97  4.77  2.67  1.56  1.27  0.74  0.35  0.27  0.11  0.06  0.04  0.03  0.03
 6 -45  0.05  0.15  0.25  0.50  1.00  1.51  2.52  5.12  7.17  8.30  8.32  7.86  7.35  6.68  6.21  5.92  4.68  2.59  1.49  1.19  0.65  0.32  0.24  0.09  0.05  0.03  0.03  0.03
 6 -40  0.04  0.13  0.22  0.45  0.90  1.35  2.25  4.56  6.64  7.92  8.48  8.29  7.85  7.24  6.35  5.85  4.64  2.50  1.38  1.10  0.59  0.28  0.20  0.08  0.05  0.03  0.03  0.03
 6 -35  0.04  0.12  0.20  0.41  0.81  1.22  2.05  4.14  6.03  7.23  8.13  8.41  8.28  7.72  6.82  6.22  4.68  2.26  1.14  0.90  0.47  0.22  0.12  0.07  0.05  0.03  0.03  0.03
 6 -30  0.04  0.11  0.18  0.37  0.74  1.11  1.86  3.75  5.55  6.74  7.86  8.53  8.56  8.16  7.21  6.59  4.78  2.12  0.90  0.69  0.32  0.15  0.07  0.05  0.04  0.03  0.03  0.03
 6 -25  0.04  0.11  0.18  0.36  0.72  1.08  1.80  3.63  5.31  6.41  7.64  8.60  8.92  8.61  7.46  6.74  4.59  1.97  0.72  0.54  0.23  0.06  0.04  0.04  0.03  0.03  0.03  0.03
 6 -20  0.03  0.10  0.17  0.35  0.70  1.05  1.75  3.54  5.28  6.44  7.61  8.61  9.15  9.29  7.81  6.89  4.39  1.74  0.54  0.39  0.13  0.04  0.03  0.03  0.03  0.03  0.03  0.03
 6 -15  0.03  0.10  0.17  0.34  0.67  1.01  1.69  3.40  5.02  6.23  7.65  8.87  9.29  9.51  7.99  6.85  4.18  1.63  0.50  0.36  0.13  0.03  0.03  0.03  0.03  0.03  0.03  0.03
 6 -10  0.03  0.10  0.17  0.34  0.67  1.01  1.69  3.40  4.91  6.10  7.57  8.81  9.36  9.60  8.05  6.85  4.08  1.54  0.47  0.34  0.13  0.03  0.03  0.02  0.03  0.03  0.03  0.03
 6  -5  0.03  0.10  0.17  0.33  0.67  1.00  1.68  3.37  4.75  5.83  7.59  8.80  9.15  9.52  8.20  7.06  4.20  1.52  0.43  0.32  0.13  0.03  0.02  0.02  0.02  0.03  0.03  0.03
 6   0  0.03  0.10  0.16  0.32  0.64  0.96  1.60  3.20  4.60  5.61  7.48  8.92  9.21  9.62  8.34  7.22  4.30  1.43  0.39  0.29  0.14  0.03  0.02  0.02  0.02  0.03  0.03  0.02
 6   5  0.03  0.10  0.16  0.32  0.64  0.97  1.61  3.23  4.62  5.58  7.34  8.86  9.45  9.70  8.22  7.24  4.45  1.57  0.48  0.35  0.18  0.03  0.02  0.02  0.02  0.03  0.03  0.02
 6  10  0.03  0.09  0.16  0.31  0.62  0.93  1.55  3.12  4.30  5.22  6.98  8.59  9.37  9.51  8.12  7.36  4.67  1.71  0.62  0.46  0.22  0.03  0.03  0.03  0.03  0.03  0.03  0.03
 6  15  0.03  0.09  0.16  0.31  0.62  0.93  1.56  3.12  4.37  5.37  7.13  8.69  9.25  9.24  7.85  7.08  4.60  1.84  0.70  0.53  0.25  0.04  0.03  0.03  0.03  0.04  0.04  0.03
 6  20  0.03  0.10  0.16  0.32  0.64  0.95  1.59  3.20  4.49  5.50  7.09  8.75  9.31  9.00  7.66  6.87  4.52  1.92  0.76  0.56  0.27  0.06  0.04  0.04  0.04  0.04  0.04  0.03
 6  25  0.03  0.09  0.16  0.31  0.62  0.94  1.56  3.13  4.37  5.36  7.02  8.53  8.94  8.78  7.69  6.91  4.62  2.05  0.82  0.62  0.31  0.09  0.05  0.04  0.04  0.04  0.04  0.04
 6  30  0.03  0.09  0.15  0.30  0.61  0.91  1.52  3.04  4.36  5.28  6.93  8.29  8.77  8.68  7.73  7.02  4.76  2.17  0.90  0.71  0.35  0.12  0.06  0.05  0.05  0.05  0.04  0.04
 6  35  0.03  0.09  0.15  0.30  0.60  0.90  1.51  3.04  4.36  5.31  6.96  8.26  8.72  8.59  7.56  6.79  4.71  2.44  1.13  0.89  0.47  0.18  0.09  0.06  0.06  0.05  0.05  0.04
 6  40  0.03  0.09  0.15  0.30  0.60  0.89  1.49  3.00  4.13  5.06  6.56  8.12  8.69  8.53  7.33  6.54  4.70  2.69  1.37  1.09  0.60  0.32  0.15  0.09  0.07  0.06  0.05  0.05
 6  45  0.03  0.09  0.14  0.29  0.57  0.86  1.44  2.88  4.09  5.01  6.62  7.97  8.39  8.16  7.05  6.34  4.72  2.81  1.50  1.25  0.79  0.41  0.27  0.12  0.08  0.06  0.05  0.05
 6  50  0.03  0.08  0.13  0.27  0.54  0.81  1.35  2.70  3.94  4.88  6.44  7.71  8.05  7.81  6.83  6.12  4.68  2.91  1.69  1.43  0.93  0.51  0.35  0.16  0.10  0.06  0.06  0.05
 6  55  0.03  0.08  0.13  0.26  0.51  0.77  1.29  2.58  3.71  4.57  6.13  7.36  7.68  7.36  6.43  5.78  4.48  2.96  1.81  1.54  1.01  0.55  0.40  0.19  0.11  0.07  0.06  0.05
 6  60  0.03  0.08  0.13  0.26  0.51  0.77  1.28  2.56  3.67  4.52  6.02  7.15  7.36  6.92  6.08  5.50  4.27  3.02  1.95  1.65  1.08  0.61  0.46  0.29  0.12  0.07  0.06  0.05
 6  65  0.02  0.07  0.12  0.25  0.49  0.74  1.23  2.47  3.55  4.39  5.87  6.89  6.98  6.43  5.56  4.95  3.91  2.96  2.08  1.78  1.20  0.68  0.53  0.33  0.13  0.07  0.06  0.05
 6  70  0.02  0.07  0.12  0.24  0.48  0.71  1.19  2.38  3.44  4.26  5.74  6.62  6.59  5.95  5.04  4.40  3.54  2.90  2.20  1.90  1.33  0.75  0.61  0.38  0.15  0.08  0.06  0.05
 6  75  0.02  0.07  0.11  0.23  0.46  0.69  1.15  2.30  3.38  4.23  5.78  6.53  6.35  5.61  4.80  4.23  3.56  2.91  2.26  1.96  1.39  0.78  0.63  0.40  0.16  0.08  0.06  0.05
 6  80  0.02  0.07  0.11  0.22  0.44  0.66  1.11  2.22  3.33  4.20  5.82  6.44  6.11  5.27  4.56  4.06  3.60  2.95  2.30  2.00  1.45  0.80  0.65  0.41  0.24  0.09  0.06  0.05
 6  85  0.02  0.07  0.11  0.22  0.44  0.66  1.11  2.23  3.34  4.21  5.84  6.45  6.12  5.28  4.57  4.06  3.60  2.95  2.30  2.00  1.45  0.80  0.65  0.41  0.24  0.09  0.06  0.05
 6  90  0.02  0.07  0.11  0.22  0.44  0.66  1.11  2.23  3.35  4.22  5.85  6.47  6.13  5.28  4.57  4.07  3.60  2.95  2.30  2.00  1.45  0.80  0.65  0.41  0.24  0.09  0.07  0.05
 7 -90  0.05  0.16  0.27  0.53  1.07  1.61  2.72  5.59  6.44  6.88  6.43  5.19  4.51  4.19  3.59  3.29  3.20  2.77  2.13  1.83  1.25  0.49  0.28  0.13  0.07  0.04  0.03  0.03
 7 -85  0.05  0.16  0.27  0.53  1.07  1.62  2.72  5.60  6.45  6.88  6.43  5.19  4.51  4.19  3.59  3.29  3.20  2.77  2.13  1.83  1.25  0.49  0.28  0.13  0.07  0.04  0.03  0.03
 7 -80  0.05  0.16  0.27  0.53  1.07  1.62  2.72  5.60  6.45  6.88  6.42  5.19  4.51  4.19  3.60  3.29  3.20  2.77  2.13  1.83  1.25  0.49  0.28  0.12  0.06  0.04  0.03  0.03
 7 -75  0.05  0.15  0.25  0.50  1.00  1.51  2.55  5.23  6.21  6.71  6.61  5.63  5.09  4.69  3.91  3.40  3.08  2.74  2.12  1.83  1.28  0.50  0.28  0.12  0.06  0.04  0.03  0.03
 7 -70  0.05  0.14  0.23  0.46  0.92  1.39  2.34  4.80  5.93  6.52  6.75  6.11  5.69  5.16  4.28  3.57  3.00  2.71  2.08  1.81  1.29  0.50  0.29  0.12  0.06  0.04  0.03  0.03
 7 -65  0.05  0.14  0.23  0.47  0.94  1.41  2.38  4.87  6.21  6.87  7.04  6.28  5.73  5.09  4.73  4.30  3.66  2.80  2.02  1.73  1.22  0.48  0.25  0.13  0.06  0.04  0.03  0.03
 7 -60  0.05  0.14  0.24  0.47  0.95  1.43  2.40  4.89  6.44  7.17  7.25  6.46  5.78  5.07  5.13  5.00  4.30  2.93  1.96  1.67  1.17  0.46  0.28  0.14  0.07  0.04  0.03  0.03
 7 -55  0.05  0.14  0.23  0.46  0.92  1.38  2.31  4.70  6.50  7.36  7.50  6.88  6.10  5.40  5.51  5.60  4.62  2.91  1.81  1.51  0.97  0.39  0.27  0.14  0.07  0.04  0.03  0.03
 7 -50  0.05  0.14  0.23  0.46  0.92  1.38  2.31  4.68  6.64  7.76  7.84  7.30  6.54  5.77  5.88  6.20  4.90  2.78  1.62  1.33  0.78  0.33  0.26  0.13  0.07  0.04  0.03  0.03
 7 -45  0.04  0.13  0.22  0.44  0.88  1.33  2.22  4.50  6.55  7.73  8.21  7.94  7.43  6.69  6.33  6.17  4.88  2.79  1.59  1.28  0.69  0.30  0.23  0.12  0.06  0.04  0.03  0.03
 7 -40  0.04  0.12  0.21  0.42  0.83  1.25  2.09  4.23  6.19  7.49  8.29  8.30  7.88  7.30  6.50  6.11  4.91  2.78  1.56  1.23  0.64  0.27  0.20  0.11  0.06  0.04  0.03  0.03
 7 -35  0.04  0.12  0.19  0.39  0.78  1.17  1.96  3.97  5.79  6.98  8.01  8.38  8.28  7.74  6.79  6.19  4.80  2.54  1.34  1.04  0.52  0.22  0.16  0.09  0.06  0.04  0.03  0.03
 7 -30  0.04  0.11  0.18  0.37  0.73  1.10  1.84  3.71  5.48  6.66  7.80  8.47  8.51  8.09  6.95  6.24  4.75  2.40  1.11  0.85  0.38  0.16  0.08  0.06  0.05  0.04  0.03  0.03
 7 -25  0.04  0.11  0.18  0.36  0.72  1.09  1.82  3.67  5.39  6.49  7.68  8.52  8.79  8.44  7.23  6.50  4.60  2.15  0.88  0.66  0.27  0.06  0.04  0.04  0.03  0.03  0.03  0.03
 7 -20  0.04  0.11  0.18  0.36  0.72  1.08  1.81  3.65  5.45  6.59  7.76  8.59  8.98  9.00  7.60  6.76  4.42  1.86  0.65  0.47  0.16  0.04  0.03  0.03  0.03  0.03  0.03  0.03
 7 -15  0.03  0.10  0.17  0.34  0.69  1.03  1.72  3.47  5.17  6.48  7.91  8.92  9.21  9.36  7.97  6.89  4.11  1.66  0.57  0.41  0.16  0.04  0.03  0.03  0.03  0.03  0.03  0.03
 7 -10  0.03  0.10  0.17  0.34  0.68  1.02  1.71  3.45  5.07  6.33  7.89  9.00  9.36  9.42  8.16  7.05  3.92  1.49  0.50  0.37  0.15  0.03  0.03  0.03  0.03  0.03  0.03  0.03
 7  -5  0.03  0.10  0.17  0.34  0.68  1.02  1.70  3.41  4.86  6.00  7.86  9.05  9.16  9.34  8.21  7.00  4.10  1.52  0.49  0.37  0.16  0.03  0.03  0.02  0.03  0.03  0.03  0.03
 7   0  0.03  0.09  0.16  0.32  0.63  0.95  1.58  3.16  4.58  5.58  7.55  8.96  8.99  9.29  8.18  6.94  4.28  1.51  0.48  0.36  0.17  0.03  0.03  0.02  0.03  0.03  0.03  0.03
 7   5  0.03  0.10  0.16  0.32  0.65  0.97  1.62  3.25  4.66  5.67  7.46  9.05  9.44  9.52  8.23  7.15  4.47  1.69  0.57  0.42  0.20  0.03  0.02  0.02  0.02  0.03  0.03  0.02
 7  10  0.03  0.09  0.16  0.31  0.63  0.94  1.57  3.16  4.44  5.41  7.19  8.84  9.55  9.61  8.26  7.45  4.73  1.85  0.71  0.52  0.23  0.03  0.03  0.03  0.03  0.03  0.03  0.02
 7  15  0.03  0.10  0.16  0.32  0.64  0.96  1.59  3.20  4.49  5.56  7.30  8.92  9.51  9.44  8.05  7.28  4.76  1.94  0.78  0.58  0.24  0.04  0.03  0.03  0.03  0.03  0.03  0.03
 7  20  0.03  0.10  0.16  0.33  0.66  0.98  1.64  3.30  4.67  5.73  7.32  8.90  9.46  9.13  7.86  7.13  4.73  2.00  0.82  0.59  0.25  0.05  0.04  0.04  0.04  0.04  0.04  0.03
 7  25  0.03  0.10  0.16  0.32  0.64  0.96  1.61  3.23  4.50  5.56  7.29  8.70  9.09  8.93  7.73  6.90  4.65  2.10  0.88  0.63  0.27  0.07  0.05  0.04  0.04  0.04  0.04  0.04
 7  30  0.03  0.09  0.16  0.31  0.63  0.94  1.57  3.15  4.50  5.43  7.12  8.43  8.88  8.76  7.60  6.71  4.58  2.25  0.95  0.72  0.30  0.10  0.06  0.05  0.05  0.05  0.04  0.04
 7  35  0.03  0.09  0.16  0.31  0.62  0.94  1.56  3.14  4.49  5.43  7.08  8.35  8.74  8.60  7.47  6.59  4.54  2.40  1.11  0.85  0.39  0.13  0.07  0.06  0.05  0.05  0.05  0.04
 7  40  0.03  0.09  0.15  0.30  0.61  0.92  1.53  3.07  4.23  5.19  6.72  8.13  8.63  8.47  7.30  6.49  4.57  2.57  1.28  1.01  0.51  0.18  0.10  0.07  0.06  0.05  0.05  0.04
 7  45  0.03  0.09  0.15  0.29  0.59  0.88  1.48  2.96  4.17  5.10  6.64  7.84  8.22  7.99  6.92  6.22  4.58  2.67  1.39  1.15  0.71  0.32  0.16  0.10  0.07  0.06  0.05  0.04
 7  50  0.03  0.08  0.14  0.28  0.55  0.83  1.38  2.77  4.01  4.94  6.41  7.55  7.86  7.61  6.68  5.99  4.54  2.76  1.55  1.31  0.84  0.43  0.29  0.13  0.09  0.06  0.05  0.05
 7  55  0.03  0.08  0.13  0.26  0.52  0.78  1.30  2.61  3.73  4.58  6.04  7.15  7.42  7.11  6.18  5.52  4.31  2.75  1.64  1.41  0.93  0.49  0.36  0.16  0.10  0.07  0.06  0.05
 7  60  0.03  0.08  0.13  0.26  0.51  0.77  1.28  2.56  3.65  4.48  5.90  6.91  7.10  6.66  5.76  5.13  4.08  2.74  1.76  1.51  1.02  0.55  0.41  0.19  0.11  0.07  0.06  0.05
 7  65  0.02  0.07  0.12  0.24  0.49  0.73  1.22  2.45  3.50  4.32  5.72  6.60  6.67  6.13  5.19  4.52  3.62  2.64  1.84  1.60  1.11  0.59  0.46  0.28  0.12  0.07  0.06  0.05
 7  70  0.02  0.07  0.12  0.23  0.47  0.70  1.17  2.35  3.36  4.16  5.53  6.29  6.24  5.60  4.62  3.92  3.17  2.55  1.93  1.69  1.20  0.63  0.50  0.32  0.13  0.07  0.06  0.05
 7  75  0.02  0.07  0.11  0.22  0.45  0.67  1.12  2.25  3.29  4.11  5.54  6.15  5.95  5.22  4.35  3.74  3.12  2.55  1.99  1.74  1.23  0.64  0.53  0.34  0.14  0.08  0.06  0.05
 7  80  0.02  0.06  0.11  0.21  0.43  0.64  1.07  2.15  3.22  4.06  5.55  6.01  5.66  4.84  4.09  3.56  3.09  2.59  2.04  1.79  1.26  0.64  0.54  0.35  0.16  0.08  0.06  0.05
 7  85  0.02  0.06  0.11  0.21  0.43  0.64  1.07  2.15  3.23  4.07  5.56  6.02  5.67  4.85  4.10  3.56  3.10  2.59  2.04  1.79  1.26  0.64  0.54  0.35  0.18  0.09  0.06  0.05
 7  90  0.02  0.06  0.11  0.21  0.43  0.64  1.07  2.16  3.23  4.08  5.58  6.04  5.68  4.85  4.10  3.57  3.10  2.59  2.04  1.78  1.26  0.64  0.54  0.35  0.18  0.09  0.06  0.05
 8 -90  0.04  0.12  0.21  0.41  0.83  1.26  2.12  4.34  5.55  6.15  6.58  6.13  5.67  5.05  3.89  3.09  3.24  3.04  2.33  1.96  1.31  0.51  0.29  0.13  0.07  0.04  0.03  0.03
 8 -85  0.04  0.12  0.21  0.41  0.83  1.26  2.12  4.35  5.55  6.14  6.58  6.12  5.66  5.05  3.89  3.09  3.24  3.04  2.33  1.96  1.31  0.51  0.29  0.13  0.07  0.04  0.03  0.03
 8 -80  0.04  0.12  0.21  0.41  0.83  1.26  2.12  4.35  5.55  6.14  6.57  6.12  5.66  5.06  3.89  3.10  3.24  3.04  2.33  1.96  1.31  0.51  0.30  0.12  0.07  0.04  0.03  0.03
 8 -75  0.04  0.12  0.21  0.42  0.84  1.26  2.12  4.34  5.63  6.24  6.67  6.09  5.62  5.07  4.10  3.37  3.35  3.08  2.36  2.01  1.37  0.54  0.31  0.13  0.07  0.04  0.03  0.03
 8 -70  0.04  0.12  0.21  0.41  0.83  1.24  2.09  4.27  5.66  6.29  6.74  6.10  5.60  5.04  4.34  3.69  3.43  3.07  2.35  2.01  1.41  0.55  0.32  0.13  0.07  0.04  0.03  0.03
 8 -65  0.04  0.12  0.20  0.40  0.80  1.20  2.01  4.09  5.67  6.40  7.00  6.51  5.88  5.20  4.86  4.44  3.90  3.10  2.20  1.86  1.28  0.51  0.35  0.14  0.07  0.04  0.03  0.03
 8 -60  0.04  0.12  0.19  0.39  0.78  1.17  1.96  3.97  5.66  6.53  7.23  6.90  6.16  5.41  5.36  5.18  4.38  3.17  2.04  1.72  1.13  0.47  0.29  0.15  0.07  0.04  0.03  0.03
 8 -55  0.04  0.11  0.19  0.38  0.77  1.15  1.93  3.91  5.68  6.75  7.51  7.41  6.65  5.89  5.66  5.62  4.70  3.22  1.89  1.58  1.00  0.41  0.28  0.15  0.07  0.04  0.03  0.03
 8 -50  0.04  0.12  0.19  0.39  0.78  1.17  1.96  3.95  5.89  7.07  7.89  7.88  7.19  6.31  5.99  6.07  5.06  3.19  1.74  1.44  0.87  0.36  0.28  0.15  0.07  0.04  0.03  0.03
 8 -45  0.04  0.12  0.20  0.39  0.79  1.18  1.98  3.99  5.96  7.14  8.20  8.33  7.90  7.13  6.42  6.08  5.04  3.13  1.70  1.40  0.81  0.34  0.26  0.14  0.07  0.04  0.03  0.03
 8 -40  0.04  0.12  0.19  0.39  0.78  1.17  1.96  3.96  5.75  7.08  8.19  8.51  8.16  7.56  6.58  6.07  5.05  3.06  1.69  1.37  0.78  0.32  0.24  0.13  0.07  0.04  0.03  0.03
 8 -35  0.04  0.11  0.19  0.37  0.75  1.12  1.88  3.79  5.54  6.72  7.99  8.54  8.45  7.88  6.82  6.18  4.88  2.77  1.45  1.15  0.63  0.26  0.19  0.10  0.06  0.04  0.03  0.03
 8 -30  0.04  0.11  0.18  0.36  0.71  1.07  1.79  3.61  5.36  6.54  7.86  8.62  8.61  8.08  6.92  6.23  4.77  2.59  1.19  0.93  0.45  0.19  0.09  0.07  0.05  0.04  0.04  0.03
 8 -25  0.04  0.11  0.18  0.36  0.71  1.07  1.79  3.61  5.34  6.47  7.78  8.70  8.91  8.43  7.18  6.45  4.63  2.25  0.91  0.69  0.31  0.07  0.05  0.04  0.04  0.04  0.04  0.03
 8 -20  0.04  0.11  0.18  0.35  0.71  1.06  1.78  3.59  5.39  6.51  7.85  8.87  9.19  9.00  7.55  6.68  4.46  1.95  0.63  0.45  0.16  0.05  0.03  0.03  0.03  0.03  0.04  0.04
 8 -15  0.03  0.10  0.17  0.33  0.67  1.01  1.68  3.38  5.08  6.41  7.95  9.15  9.49  9.51  8.03  6.87  4.13  1.72  0.58  0.41  0.14  0.04  0.03  0.03  0.03  0.03  0.03  0.03
 8 -10  0.03  0.10  0.16  0.33  0.66  0.99  1.65  3.32  4.92  6.19  7.90  9.24  9.63  9.57  8.28  7.07  3.91  1.52  0.53  0.38  0.12  0.03  0.03  0.03  0.03  0.03  0.03  0.03
 8  -5  0.03  0.10  0.16  0.33  0.65  0.98  1.64  3.29  4.71  5.83  7.85  9.32  9.44  9.49  8.46  7.18  4.06  1.55  0.52  0.38  0.13  0.03  0.03  0.03  0.03  0.03  0.03  0.03
 8   0  0.03  0.09  0.15  0.30  0.60  0.91  1.51  3.02  4.36  5.30  7.35  9.02  9.08  9.32  8.50  7.29  4.21  1.58  0.51  0.37  0.14  0.03  0.03  0.03  0.03  0.03  0.03  0.03
 8   5  0.03  0.09  0.16  0.31  0.63  0.94  1.58  3.16  4.53  5.53  7.39  9.26  9.62  9.61  8.51  7.37  4.43  1.71  0.59  0.42  0.17  0.03  0.02  0.02  0.02  0.03  0.03  0.02
 8  10  0.03  0.09  0.16  0.31  0.62  0.93  1.55  3.11  4.45  5.46  7.25  9.10  9.84  9.85  8.47  7.50  4.69  1.81  0.72  0.52  0.20  0.03  0.02  0.02  0.03  0.03  0.03  0.02
 8  15  0.03  0.10  0.16  0.32  0.63  0.95  1.59  3.19  4.53  5.67  7.39  9.16  9.81  9.73  8.24  7.35  4.73  1.89  0.78  0.58  0.21  0.03  0.03  0.03  0.03  0.03  0.03  0.03
 8  20  0.03  0.10  0.16  0.33  0.66  0.99  1.65  3.32  4.80  5.95  7.54  9.07  9.65  9.34  7.97  7.18  4.68  1.96  0.83  0.59  0.23  0.04  0.03  0.03  0.03  0.04  0.04  0.03
 8  25  0.03  0.10  0.16  0.32  0.65  0.97  1.62  3.25  4.65  5.81  7.61  8.93  9.30  9.10  7.80  6.94  4.60  2.04  0.87  0.62  0.24  0.06  0.04  0.04  0.04  0.04  0.04  0.03
 8  30  0.03  0.10  0.16  0.32  0.64  0.97  1.61  3.23  4.67  5.70  7.43  8.68  9.06  8.85  7.64  6.74  4.53  2.19  0.92  0.69  0.27  0.08  0.05  0.04  0.04  0.05  0.04  0.04
 8  35  0.03  0.10  0.16  0.32  0.64  0.96  1.61  3.23  4.69  5.70  7.37  8.56  8.83  8.63  7.48  6.57  4.47  2.26  1.03  0.78  0.35  0.10  0.06  0.05  0.05  0.05  0.04  0.04
 8  40  0.03  0.09  0.16  0.32  0.63  0.95  1.58  3.17  4.45  5.52  7.11  8.30  8.64  8.40  7.27  6.46  4.51  2.40  1.16  0.92  0.45  0.14  0.08  0.06  0.06  0.05  0.05  0.04
 8  45  0.03  0.09  0.15  0.31  0.62  0.93  1.55  3.10  4.41  5.44  6.94  7.90  8.11  7.80  6.77  6.11  4.43  2.49  1.33  1.10  0.66  0.28  0.12  0.08  0.06  0.05  0.05  0.04
 8  50  0.03  0.09  0.15  0.30  0.59  0.89  1.48  2.97  4.31  5.33  6.73  7.62  7.74  7.38  6.47  5.83  4.30  2.60  1.51  1.27  0.80  0.39  0.24  0.11  0.08  0.06  0.05  0.04
 8  55  0.03  0.08  0.14  0.28  0.56  0.84  1.39  2.79  4.04  4.99  6.37  7.20  7.24  6.81  5.98  5.42  4.05  2.64  1.63  1.37  0.88  0.43  0.29  0.14  0.09  0.06  0.05  0.04
 8  60  0.03  0.08  0.14  0.27  0.54  0.82  1.36  2.73  3.96  4.92  6.27  6.98  6.91  6.35  5.59  5.08  3.77  2.65  1.76  1.48  0.95  0.46  0.31  0.16  0.10  0.06  0.05  0.04
 8  65  0.03  0.08  0.13  0.26  0.53  0.79  1.32  2.64  3.84  4.77  6.05  6.57  6.37  5.72  4.99  4.49  3.42  2.54  1.81  1.54  1.01  0.50  0.35  0.21  0.11  0.06  0.05  0.04
 8  70  0.03  0.08  0.13  0.26  0.51  0.77  1.28  2.56  3.73  4.63  5.84  6.15  5.82  5.10  4.39  3.90  3.06  2.44  1.86  1.61  1.07  0.53  0.39  0.24  0.12  0.07  0.05  0.04
 8  75  0.03  0.08  0.13  0.25  0.50  0.75  1.26  2.52  3.68  4.58  5.63  5.66  5.20  4.45  3.92  3.55  2.99  2.40  1.89  1.64  1.11  0.55  0.40  0.25  0.13  0.07  0.05  0.04
 8  80  0.02  0.07  0.12  0.25  0.49  0.74  1.24  2.49  3.63  4.53  5.43  5.18  4.58  3.80  3.45  3.21  2.94  2.40  1.93  1.68  1.14  0.57  0.41  0.26  0.14  0.07  0.06  0.04
 8  85  0.02  0.07  0.12  0.25  0.49  0.74  1.24  2.49  3.64  4.54  5.45  5.19  4.59  3.81  3.45  3.22  2.94  2.41  1.93  1.68  1.14  0.57  0.41  0.26  0.15  0.08  0.06  0.04
 8  90  0.02  0.07  0.12  0.25  0.49  0.74  1.24  2.49  3.65  4.55  5.46  5.21  4.61  3.82  3.46  3.22  2.95  2.41  1.93  1.67  1.14  0.57  0.41  0.26  0.15  0.08  0.06  0.05
 9 -90  0.04  0.11  0.18  0.36  0.73  1.10  1.85  3.77  5.41  6.24  6.56  5.80  5.29  4.83  4.15  3.55  3.63  3.13  2.30  1.92  1.31  0.54  0.31  0.14  0.07  0.04  0.03  0.03
 9 -85  0.04  0.11  0.18  0.36  0.73  1.10  1.85  3.77  5.42  6.24  6.55  5.79  5.29  4.83  4.15  3.55  3.63  3.13  2.30  1.92  1.31  0.54  0.32  0.14  0.07  0.04  0.03  0.03
 9 -80  0.04  0.11  0.18  0.36  0.73  1.10  1.85  3.77  5.42  6.24  6.55  5.79  5.29  4.83  4.15  3.55  3.62  3.13  2.30  1.92  1.31  0.54  0.32  0.13  0.07  0.04  0.03  0.03
 9 -75  0.04  0.11  0.18  0.35  0.71  1.07  1.80  3.66  5.30  6.14  6.77  6.23  5.62  5.02  4.41  3.83  3.69  3.28  2.43  2.03  1.41  0.58  0.34  0.14  0.07  0.04  0.03  0.03
 9 -70  0.03  0.10  0.17  0.34  0.69  1.04  1.74  3.54  5.13  6.02  6.98  6.69  5.98  5.24  4.65  4.10  3.54  3.27  2.47  2.07  1.45  0.60  0.36  0.14  0.07  0.04  0.03  0.03
 9 -65  0.03  0.10  0.17  0.34  0.68  1.03  1.72  3.48  5.13  6.15  7.23  7.24  6.53  5.74  5.30  4.90  3.88  3.31  2.38  2.00  1.36  0.59  0.30  0.16  0.08  0.04  0.03  0.03
 9 -60  0.03  0.10  0.17  0.34  0.69  1.04  1.74  3.52  5.20  6.29  7.48  7.74  7.08  6.32  5.94  5.69  4.37  3.39  2.26  1.91  1.26  0.56  0.32  0.17  0.08  0.04  0.03  0.03
 9 -55  0.04  0.11  0.18  0.35  0.70  1.06  1.77  3.57  5.29  6.41  7.63  8.08  7.50  6.72  6.15  5.96  4.72  3.37  2.04  1.69  1.02  0.48  0.29  0.17  0.08  0.04  0.03  0.03
 9 -50  0.04  0.11  0.18  0.35  0.71  1.07  1.79  3.60  5.44  6.58  7.85  8.38  7.93  7.04  6.41  6.24  5.16  3.37  1.89  1.52  0.84  0.40  0.27  0.17  0.08  0.04  0.04  0.03
 9 -45  0.04  0.11  0.18  0.36  0.72  1.08  1.80  3.62  5.47  6.62  8.12  8.72  8.42  7.66  6.70  6.25  5.13  3.28  1.82  1.47  0.78  0.37  0.25  0.15  0.08  0.04  0.04  0.03
 9 -40  0.04  0.11  0.18  0.36  0.72  1.07  1.80  3.62  5.31  6.64  8.12  8.80  8.51  7.83  6.78  6.20  5.08  3.18  1.82  1.45  0.76  0.34  0.25  0.13  0.07  0.04  0.04  0.03
 9 -35  0.03  0.10  0.17  0.35  0.69  1.04  1.74  3.50  5.15  6.32  7.92  8.81  8.77  8.16  6.97  6.27  4.92  2.85  1.56  1.21  0.59  0.26  0.20  0.11  0.07  0.04  0.04  0.04
 9 -30  0.03  0.10  0.17  0.33  0.67  1.00  1.67  3.37  5.04  6.19  7.81  8.92  8.96  8.33  7.04  6.28  4.79  2.60  1.27  0.95  0.40  0.17  0.10  0.07  0.06  0.04  0.04  0.04
 9 -25  0.03  0.10  0.17  0.34  0.67  1.01  1.69  3.40  5.05  6.17  7.73  8.94  9.18  8.63  7.26  6.48  4.72  2.31  1.06  0.78  0.30  0.07  0.05  0.04  0.04  0.04  0.04  0.04
 9 -20  0.03  0.10  0.17  0.33  0.66  1.00  1.67  3.36  5.05  6.11  7.69  9.10  9.48  9.14  7.62  6.70  4.63  2.10  0.84  0.59  0.19  0.05  0.04  0.03  0.03  0.04  0.04  0.04
 9 -15  0.03  0.09  0.16  0.32  0.63  0.95  1.58  3.17  4.76  6.01  7.67  9.22  9.74  9.68  8.08  6.87  4.28  1.84  0.71  0.50  0.16  0.04  0.03  0.03  0.03  0.03  0.04  0.04
 9 -10  0.03  0.09  0.15  0.31  0.61  0.92  1.54  3.08  4.55  5.74  7.54  9.20  9.74  9.67  8.31  7.05  4.01  1.57  0.57  0.41  0.13  0.03  0.03  0.03  0.03  0.03  0.03  0.03
 9  -5  0.03  0.09  0.15  0.31  0.61  0.92  1.53  3.07  4.40  5.44  7.51  9.28  9.55  9.60  8.46  7.07  4.12  1.60  0.57  0.41  0.13  0.03  0.03  0.03  0.03  0.03  0.03  0.03
 9   0  0.03  0.09  0.14  0.29  0.58  0.86  1.44  2.86  4.07  4.96  6.94  8.89  9.11  9.36  8.45  7.12  4.21  1.62  0.56  0.40  0.14  0.03  0.03  0.03  0.03  0.03  0.03  0.03
 9   5  0.03  0.09  0.15  0.30  0.61  0.91  1.51  3.03  4.31  5.29  7.13  9.22  9.62  9.65  8.57  7.30  4.41  1.72  0.61  0.43  0.16  0.03  0.02  0.02  0.03  0.03  0.03  0.02
 9  10  0.03  0.09  0.15  0.30  0.61  0.91  1.52  3.04  4.36  5.40  7.13  9.10  9.87  9.96  8.62  7.52  4.64  1.80  0.69  0.49  0.17  0.03  0.02  0.02  0.03  0.03  0.03  0.02
 9  15  0.03  0.09  0.16  0.31  0.62  0.93  1.56  3.12  4.46  5.62  7.28  9.15  9.90  9.90  8.37  7.40  4.67  1.80  0.73  0.53  0.18  0.03  0.03  0.03  0.03  0.03  0.03  0.03
 9  20  0.03  0.10  0.16  0.32  0.64  0.97  1.62  3.25  4.78  6.00  7.56  9.06  9.71  9.49  8.06  7.23  4.61  1.82  0.74  0.53  0.19  0.04  0.03  0.03  0.03  0.04  0.04  0.03
 9  25  0.03  0.09  0.16  0.31  0.63  0.95  1.58  3.17  4.66  5.88  7.69  8.99  9.41  9.20  7.91  7.16  4.61  1.86  0.76  0.54  0.19  0.05  0.04  0.04  0.04  0.04  0.04  0.03
 9  30  0.03  0.10  0.16  0.32  0.64  0.95  1.59  3.19  4.69  5.80  7.53  8.78  9.16  8.86  7.83  7.11  4.62  1.97  0.80  0.58  0.22  0.07  0.05  0.04  0.04  0.04  0.04  0.04
 9  35  0.03  0.10  0.16  0.32  0.64  0.96  1.61  3.23  4.80  5.90  7.56  8.65  8.82  8.55  7.52  6.71  4.48  2.10  0.96  0.72  0.31  0.09  0.06  0.05  0.04  0.04  0.04  0.04
 9  40  0.03  0.10  0.16  0.32  0.64  0.97  1.61  3.24  4.68  5.86  7.48  8.42  8.52  8.17  7.13  6.39  4.45  2.31  1.17  0.91  0.44  0.12  0.08  0.06  0.05  0.05  0.04  0.04
 9  45  0.03  0.10  0.16  0.32  0.65  0.97  1.62  3.26  4.73  5.87  7.29  7.90  7.83  7.44  6.52  5.96  4.34  2.43  1.38  1.12  0.65  0.28  0.11  0.08  0.06  0.05  0.05  0.04
 9  50  0.03  0.10  0.16  0.32  0.64  0.97  1.61  3.24  4.79  5.92  7.17  7.62  7.37  6.87  6.12  5.63  4.23  2.59  1.56  1.29  0.79  0.37  0.22  0.10  0.07  0.05  0.05  0.04
 9  55  0.03  0.09  0.15  0.31  0.62  0.93  1.55  3.10  4.61  5.73  6.87  7.13  6.75  6.21  5.57  5.19  4.03  2.62  1.67  1.38  0.87  0.43  0.26  0.13  0.08  0.06  0.05  0.04
 9  60  0.03  0.09  0.15  0.31  0.62  0.93  1.55  3.10  4.64  5.78  6.83  6.87  6.34  5.69  5.13  4.80  3.80  2.62  1.78  1.48  0.94  0.46  0.29  0.16  0.09  0.06  0.05  0.04
 9  65  0.03  0.09  0.16  0.31  0.63  0.94  1.57  3.14  4.67  5.76  6.59  6.39  5.77  5.09  4.53  4.19  3.45  2.48  1.82  1.54  1.00  0.49  0.31  0.18  0.10  0.06  0.05  0.04
 9  70  0.03  0.09  0.16  0.32  0.63  0.95  1.59  3.18  4.70  5.75  6.35  5.91  5.19  4.49  3.94  3.59  3.10  2.34  1.87  1.60  1.06  0.52  0.33  0.20  0.11  0.06  0.05  0.04
 9  75  0.03  0.10  0.16  0.32  0.64  0.96  1.60  3.20  4.54  5.41  5.68  5.18  4.55  3.98  3.70  3.54  3.01  2.30  1.86  1.59  1.06  0.51  0.33  0.21  0.11  0.06  0.05  0.04
 9  80  0.03  0.10  0.16  0.32  0.64  0.96  1.60  3.22  4.36  5.07  5.00  4.44  3.91  3.48  3.46  3.50  2.96  2.30  1.86  1.59  1.06  0.51  0.34  0.21  0.12  0.06  0.05  0.04
 9  85  0.03  0.10  0.16  0.32  0.64  0.96  1.60  3.23  4.37  5.08  5.02  4.46  3.92  3.48  3.47  3.50  2.96  2.30  1.86  1.59  1.06  0.51  0.34  0.21  0.12  0.06  0.05  0.04
 9  90  0.03  0.10  0.16  0.32  0.64  0.96  1.61  3.23  4.38  5.10  5.04  4.47  3.93  3.49  3.47  3.51  2.97  2.30  1.86  1.59  1.06  0.51  0.34  0.21  0.12  0.06  0.05  0.04
10 -90  0.03  0.09  0.14  0.29  0.58  0.87  1.46  2.95  4.33  5.35  6.66  6.91  6.22  5.42  4.94  4.62  4.16  3.21  2.18  1.82  1.27  0.58  0.34  0.14  0.07  0.04  0.03  0.03
10 -85  0.03  0.09  0.14  0.29  0.58  0.87  1.46  2.95  4.34  5.35  6.66  6.90  6.22  5.42  4.94  4.62  4.16  3.21  2.18  1.82  1.27  0.58  0.35  0.14  0.07  0.04  0.03  0.03
10 -80  0.03  0.09  0.14  0.29  0.58  0.87  1.46  2.96  4.34  5.35  6.65  6.90  6.22  5.42  4.94  4.62  4.15  3.21  2.18  1.82  1.27  0.58  0.36  0.15  0.07  0.04  0.03  0.03
10 -75  0.03  0.09  0.15  0.29  0.58  0.88  1.47  2.97  4.34  5.36  6.71  7.18  6.61  5.85  5.41  5.22  4.35  3.56  2.44  2.02  1.40  0.63  0.30  0.16  0.08  0.04  0.03  0.03
10 -70  0.03  0.09  0.15  0.29  0.58  0.88  1.47  2.97  4.34  5.36  6.75  7.46  7.01  6.29  5.84  5.77  4.48  3.67  2.54  2.11  1.45  0.66  0.32  0.17  0.08  0.04  0.03  0.03
10 -65  0.03  0.09  0.15  0.30  0.60  0.90  1.51  3.06  4.49  5.54  6.99  7.81  7.46  6.74  6.37  6.33  4.73  3.68  2.48  2.07  1.36  0.62  0.33  0.19  0.09  0.04  0.03  0.03
10 -60  0.03  0.09  0.15  0.31  0.62  0.93  1.56  3.15  4.66  5.75  7.26  8.15  7.89  7.16  6.91  6.93  5.20  3.76  2.40  1.99  1.24  0.57  0.33  0.20  0.09  0.04  0.03  0.03
10 -55  0.03  0.09  0.16  0.32  0.63  0.95  1.60  3.22  4.77  5.87  7.41  8.35  8.14  7.41  6.86  6.68  5.19  3.50  2.13  1.74  1.02  0.48  0.29  0.19  0.09  0.05  0.04  0.03
10 -50  0.03  0.10  0.16  0.32  0.64  0.95  1.60  3.22  4.84  5.96  7.57  8.58  8.38  7.55  6.80  6.46  5.27  3.42  1.99  1.60  0.88  0.38  0.26  0.18  0.09  0.05  0.04  0.03
10 -45  0.03  0.09  0.16  0.31  0.63  0.94  1.57  3.16  4.83  5.95  7.78  8.91  8.78  8.06  7.12  6.71  5.47  3.50  1.99  1.60  0.86  0.36  0.24  0.15  0.08  0.05  0.04  0.03
10 -40  0.03  0.09  0.16  0.31  0.63  0.94  1.57  3.16  4.74  5.99  7.82  9.01  8.88  8.11  7.33  6.91  5.61  3.55  2.08  1.65  0.88  0.35  0.24  0.12  0.07  0.05  0.04  0.03
10 -35  0.03  0.09  0.15  0.31  0.62  0.93  1.56  3.13  4.61  5.70  7.59  8.96  9.07  8.48  7.45  6.90  5.29  3.03  1.63  1.27  0.63  0.25  0.17  0.10  0.06  0.05  0.04  0.04
10 -30  0.03  0.09  0.15  0.30  0.61  0.92  1.53  3.07  4.57  5.62  7.47  9.05  9.27  8.64  7.48  6.82  4.98  2.56  1.17  0.87  0.37  0.15  0.10  0.07  0.06  0.05  0.04  0.04
10 -25  0.03  0.09  0.16  0.31  0.62  0.94  1.56  3.14  4.63  5.69  7.43  9.02  9.39  8.87  7.58  6.85  4.72  2.15  0.98  0.71  0.27  0.08  0.06  0.05  0.04  0.04  0.04  0.04
10 -20  0.03  0.09  0.15  0.31  0.62  0.93  1.55  3.11  4.62  5.59  7.32  9.15  9.68  9.29  7.83  6.92  4.46  1.84  0.77  0.54  0.16  0.05  0.04  0.04  0.04  0.04  0.04  0.04
10 -15  0.03  0.09  0.15  0.30  0.59  0.89  1.48  2.96  4.41  5.53  7.22  9.13  9.87  9.75  8.20  7.06  4.22  1.73  0.68  0.46  0.13  0.04  0.03  0.03  0.03  0.04  0.04  0.04
10 -10  0.03  0.09  0.14  0.29  0.57  0.86  1.43  2.85  4.19  5.28  7.09  8.99  9.68  9.66  8.37  7.23  4.04  1.60  0.57  0.39  0.11  0.03  0.03  0.03  0.03  0.03  0.04  0.03
10  -5  0.03  0.09  0.14  0.29  0.57  0.86  1.43  2.86  4.13  5.09  7.15  9.04  9.49  9.54  8.50  7.24  4.12  1.62  0.54  0.37  0.11  0.03  0.03  0.03  0.03  0.03  0.03  0.03
10   0  0.03  0.08  0.14  0.28  0.56  0.84  1.40  2.79  3.88  4.76  6.64  8.65  9.05  9.27  8.48  7.31  4.19  1.64  0.51  0.35  0.11  0.03  0.03  0.03  0.03  0.03  0.03  0.03
10   5  0.03  0.09  0.15  0.29  0.59  0.88  1.47  2.94  4.16  5.12  6.91  8.99  9.40  9.51  8.57  7.35  4.35  1.71  0.57  0.39  0.13  0.03  0.02  0.02  0.03  0.03  0.03  0.02
10  10  0.03  0.09  0.15  0.30  0.59  0.89  1.49  2.98  4.30  5.33  6.96  8.84  9.57  9.78  8.54  7.41  4.52  1.77  0.67  0.46  0.15  0.03  0.03  0.02  0.03  0.03  0.03  0.03
10  15  0.03  0.09  0.15  0.30  0.61  0.91  1.52  3.05  4.40  5.53  7.05  8.84  9.61  9.74  8.25  7.24  4.51  1.74  0.70  0.50  0.16  0.03  0.03  0.03  0.03  0.03  0.03  0.03
10  20  0.03  0.09  0.16  0.32  0.63  0.95  1.58  3.17  4.72  5.94  7.35  8.74  9.44  9.37  7.88  7.01  4.45  1.76  0.71  0.50  0.17  0.04  0.03  0.03  0.03  0.03  0.04  0.03
10  25  0.03  0.09  0.15  0.31  0.62  0.93  1.55  3.11  4.67  5.91  7.57  8.78  9.22  9.01  7.68  6.98  4.48  1.81  0.73  0.52  0.18  0.05  0.03  0.03  0.03  0.04  0.04  0.03
10  30  0.03  0.10  0.16  0.32  0.64  0.96  1.60  3.20  4.76  5.94  7.51  8.64  9.00  8.61  7.60  6.96  4.52  1.90  0.75  0.54  0.21  0.07  0.04  0.04  0.04  0.04  0.04  0.04
10  35  0.03  0.10  0.16  0.33  0.66  0.99  1.65  3.32  5.01  6.22  7.70  8.49  8.49  8.14  7.21  6.51  4.40  2.00  0.92  0.69  0.32  0.09  0.06  0.05  0.04  0.04  0.04  0.04
10  40  0.03  0.10  0.17  0.34  0.68  1.01  1.69  3.40  5.10  6.38  7.81  8.30  8.02  7.52  6.70  6.14  4.39  2.23  1.17  0.91  0.46  0.21  0.08  0.06  0.05  0.04  0.04  0.04
10  45  0.04  0.11  0.18  0.35  0.71  1.06  1.78  3.57  5.23  6.49  7.59  7.66  7.26  6.81  6.14  5.77  4.36  2.44  1.42  1.16  0.68  0.30  0.17  0.08  0.06  0.05  0.04  0.04
10  50  0.04  0.11  0.18  0.36  0.73  1.09  1.83  3.67  5.53  6.68  7.52  7.34  6.75  6.17  5.73  5.47  4.37  2.69  1.64  1.34  0.83  0.37  0.21  0.11  0.07  0.05  0.04  0.04
10  55  0.04  0.11  0.18  0.36  0.73  1.10  1.83  3.67  5.48  6.52  7.09  6.75  6.11  5.61  5.31  5.19  4.30  2.72  1.71  1.41  0.89  0.44  0.25  0.14  0.08  0.05  0.04  0.04
10  60  0.04  0.11  0.19  0.38  0.75  1.13  1.88  3.78  5.58  6.59  6.96  6.41  5.71  5.20  4.99  4.93  4.17  2.70  1.80  1.48  0.95  0.46  0.27  0.16  0.09  0.05  0.04  0.04
10  65  0.04  0.12  0.19  0.38  0.77  1.16  1.93  3.88  5.53  6.37  6.52  5.88  5.20  4.75  4.58  4.52  3.84  2.60  1.88  1.58  1.04  0.48  0.28  0.17  0.09  0.05  0.04  0.04
10  70  0.04  0.12  0.20  0.39  0.78  1.18  1.96  3.95  5.47  6.16  6.09  5.34  4.70  4.30  4.17  4.09  3.51  2.51  1.98  1.67  1.13  0.51  0.29  0.17  0.10  0.05  0.04  0.04
10  75  0.04  0.12  0.19  0.39  0.78  1.17  1.95  3.93  5.11  5.54  5.35  4.72  4.22  3.93  3.84  3.76  3.33  2.49  2.01  1.71  1.16  0.52  0.29  0.18  0.10  0.06  0.05  0.04
10  80  0.04  0.12  0.19  0.39  0.77  1.16  1.94  3.91  4.75  4.91  4.61  4.10  3.75  3.56  3.51  3.44  3.17  2.50  2.06  1.75  1.21  0.54  0.30  0.19  0.11  0.06  0.05  0.04
10  85  0.04  0.12  0.19  0.39  0.77  1.16  1.94  3.91  4.76  4.92  4.63  4.12  3.76  3.57  3.51  3.44  3.17  2.50  2.06  1.75  1.21  0.54  0.30  0.19  0.11  0.06  0.05  0.04
10  90  0.04  0.12  0.19  0.39  0.77  1.16  1.94  3.92  4.77  4.94  4.65  4.13  3.77  3.57  3.52  3.45  3.18  2.50  2.06  1.75  1.21  0.54  0.30  0.19  0.11  0.06  0.05  0.04
11 -90  0.02  0.07  0.12  0.25  0.50  0.75  1.26  2.53  3.61  4.47  6.16  7.17  7.05  6.37  5.94  6.00  5.07  3.73  2.58  2.14  1.43  0.62  0.30  0.16  0.10  0.04  0.03  0.03
11 -85  0.02  0.07  0.12  0.25  0.50  0.75  1.26  2.53  3.61  4.47  6.16  7.17  7.05  6.37  5.94  6.00  5.07  3.73  2.58  2.14  1.43  0.62  0.30  0.19  0.09  0.04  0.03  0.03
11 -80  0.02  0.07  0.12  0.25  0.50  0.75  1.26  2.54  3.61  4.47  6.15  7.16  7.05  6.38  5.94  6.00  5.07  3.73  2.58  2.14  1.43  0.62  0.30  0.16  0.09  0.04  0.03  0.03
11 -75  0.03  0.08  0.13  0.25  0.51  0.76  1.27  2.57  3.68  4.55  6.18  7.27  7.22  6.55  6.27  6.39  5.31  3.89  2.71  2.25  1.50  0.66  0.32  0.17  0.09  0.04  0.03  0.03
11 -70  0.03  0.08  0.13  0.26  0.51  0.77  1.29  2.60  3.74  4.62  6.20  7.37  7.40  6.73  6.58  6.75  5.51  3.89  2.70  2.25  1.50  0.69  0.34  0.18  0.09  0.04  0.03  0.03
11 -65  0.03  0.08  0.13  0.26  0.53  0.79  1.33  2.68  3.88  4.79  6.41  7.62  7.68  7.00  6.83  6.91  5.50  3.74  2.54  2.10  1.34  0.64  0.33  0.18  0.10  0.04  0.03  0.03
11 -60  0.03  0.08  0.14  0.27  0.55  0.82  1.37  2.78  4.03  4.97  6.63  7.88  7.96  7.27  7.08  7.10  5.51  3.61  2.34  1.93  1.17  0.58  0.33  0.19  0.10  0.05  0.03  0.03
11 -55  0.03  0.08  0.14  0.28  0.57  0.85  1.42  2.87  4.17  5.13  6.80  8.12  8.24  7.60  7.01  6.72  5.25  3.35  2.03  1.65  0.93  0.46  0.29  0.19  0.10  0.05  0.04  0.03
11 -50  0.03  0.08  0.14  0.28  0.57  0.85  1.43  2.88  4.21  5.20  6.92  8.38  8.53  7.81  6.88  6.35  5.09  3.22  1.83  1.45  0.75  0.34  0.24  0.19  0.09  0.05  0.04  0.03
11 -45  0.03  0.08  0.14  0.28  0.56  0.83  1.39  2.80  4.17  5.13  7.04  8.72  8.92  8.29  7.12  6.53  5.25  3.27  1.83  1.44  0.74  0.31  0.22  0.14  0.08  0.05  0.04  0.03
11 -40  0.03  0.08  0.14  0.28  0.55  0.83  1.38  2.78  4.17  5.21  7.14  8.88  9.10  8.39  7.34  6.69  5.32  3.28  1.91  1.50  0.76  0.31  0.22  0.11  0.07  0.04  0.04  0.03
11 -35  0.03  0.08  0.14  0.28  0.56  0.84  1.41  2.83  4.05  5.00  6.95  8.80  9.21  8.78  7.50  6.77  4.99  2.80  1.47  1.13  0.53  0.23  0.14  0.08  0.06  0.04  0.04  0.04
11 -30  0.03  0.08  0.14  0.28  0.56  0.85  1.41  2.83  4.11  5.02  6.92  8.91  9.41  8.94  7.61  6.82  4.67  2.34  1.03  0.75  0.30  0.14  0.09  0.06  0.05  0.04  0.04  0.04
11 -25  0.03  0.09  0.15  0.29  0.58  0.87  1.46  2.93  4.24  5.22  7.05  8.93  9.45  9.05  7.62  6.77  4.47  2.05  0.89  0.63  0.23  0.09  0.06  0.05  0.04  0.04  0.04  0.04
11 -20  0.03  0.09  0.14  0.29  0.58  0.87  1.44  2.89  4.28  5.19  7.00  9.10  9.74  9.36  7.78  6.76  4.29  1.85  0.74  0.50  0.14  0.06  0.04  0.04  0.04  0.04  0.04  0.04
11 -15  0.03  0.08  0.14  0.28  0.57  0.85  1.41  2.82  4.19  5.19  6.90  9.06  9.93  9.72  8.06  6.90  4.12  1.75  0.66  0.44  0.13  0.04  0.03  0.03  0.03  0.04  0.04  0.04
11 -10  0.03  0.08  0.14  0.28  0.55  0.83  1.37  2.74  4.01  5.05  6.85  8.88  9.63  9.60  8.18  7.07  4.01  1.61  0.57  0.39  0.12  0.04  0.03  0.03  0.03  0.03  0.03  0.03
11  -5  0.03  0.08  0.14  0.28  0.56  0.83  1.38  2.75  4.04  5.01  7.06  8.89  9.41  9.43  8.22  7.03  4.02  1.57  0.54  0.37  0.12  0.03  0.03  0.03  0.03  0.03  0.03  0.03
11   0  0.03  0.09  0.14  0.29  0.57  0.86  1.42  2.84  3.94  4.89  6.73  8.62  9.09  9.17  8.17  7.06  4.00  1.52  0.50  0.35  0.12  0.03  0.03  0.03  0.03  0.03  0.03  0.02
11   5  0.03  0.09  0.15  0.29  0.59  0.88  1.47  2.93  4.20  5.16  6.96  8.82  9.17  9.31  8.28  7.09  4.17  1.59  0.54  0.37  0.13  0.03  0.03  0.03  0.03  0.03  0.03  0.02
11  10  0.03  0.09  0.15  0.30  0.59  0.89  1.48  2.97  4.33  5.36  6.92  8.57  9.16  9.43  8.27  7.14  4.33  1.65  0.59  0.41  0.13  0.03  0.03  0.03  0.03  0.03  0.03  0.03
11  15  0.03  0.09  0.15  0.30  0.60  0.90  1.51  3.02  4.45  5.56  6.94  8.48  9.11  9.31  7.92  6.96  4.24  1.60  0.62  0.43  0.14  0.03  0.03  0.03  0.03  0.03  0.03  0.03
11  20  0.03  0.09  0.16  0.31  0.63  0.94  1.57  3.15  4.74  5.98  7.23  8.34  8.93  8.94  7.53  6.71  4.17  1.63  0.62  0.45  0.16  0.04  0.03  0.03  0.03  0.03  0.03  0.03
11  25  0.03  0.09  0.16  0.31  0.62  0.94  1.56  3.13  4.82  6.06  7.49  8.41  8.73  8.47  7.24  6.67  4.24  1.77  0.70  0.51  0.19  0.05  0.04  0.03  0.03  0.03  0.04  0.03
11  30  0.03  0.10  0.16  0.33  0.66  0.99  1.65  3.31  4.98  6.24  7.52  8.31  8.52  8.05  7.13  6.62  4.33  1.88  0.75  0.56  0.23  0.07  0.05  0.04  0.04  0.04  0.04  0.03
11  35  0.03  0.10  0.17  0.35  0.70  1.05  1.75  3.52  5.34  6.65  7.79  8.16  7.99  7.62  6.87  6.33  4.47  2.08  0.96  0.73  0.36  0.16  0.07  0.05  0.04  0.04  0.04  0.04
11  40  0.04  0.11  0.18  0.37  0.73  1.10  1.84  3.69  5.60  6.97  7.98  8.00  7.49  6.97  6.44  6.12  4.68  2.40  1.27  0.98  0.50  0.21  0.10  0.06  0.05  0.04  0.04  0.04
11  45  0.04  0.12  0.19  0.39  0.77  1.16  1.94  3.91  5.74  7.03  7.66  7.32  6.77  6.38  6.04  5.88  4.72  2.64  1.53  1.24  0.74  0.33  0.20  0.09  0.06  0.05  0.04  0.04
11  50  0.04  0.12  0.20  0.41  0.82  1.23  2.06  4.14  6.10  7.19  7.54  6.95  6.25  5.74  5.71  5.71  4.79  2.88  1.76  1.44  0.90  0.43  0.24  0.15  0.08  0.05  0.04  0.04
11  55  0.04  0.12  0.21  0.41  0.83  1.24  2.07  4.16  5.97  6.80  6.94  6.27  5.68  5.34  5.43  5.53  4.68  2.93  1.83  1.51  1.02  0.49  0.26  0.16  0.09  0.05  0.04  0.04
11  60  0.04  0.13  0.21  0.42  0.84  1.25  2.09  4.21  5.92  6.70  6.62  5.87  5.33  5.08  5.22  5.34  4.51  2.91  1.91  1.61  1.13  0.52  0.27  0.17  0.09  0.05  0.04  0.04
11  65  0.04  0.12  0.20  0.40  0.81  1.22  2.03  4.09  5.72  6.41  6.35  5.64  5.18  4.97  4.99  4.99  4.35  2.92  2.07  1.77  1.28  0.58  0.30  0.18  0.09  0.05  0.04  0.04
11  70  0.04  0.12  0.20  0.40  0.80  1.20  2.01  4.04  5.51  6.12  6.08  5.42  5.04  4.88  4.76  4.64  4.18  2.92  2.23  1.93  1.44  0.64  0.32  0.19  0.09  0.05  0.04  0.04
11  75  0.04  0.12  0.20  0.40  0.79  1.19  1.99  4.02  5.26  5.76  5.63  4.73  4.24  4.05  3.96  3.84  3.61  2.81  2.15  1.86  1.37  0.59  0.29  0.17  0.10  0.05  0.04  0.04
11  80  0.04  0.12  0.19  0.39  0.78  1.18  1.97  3.98  5.00  5.39  5.18  4.06  3.44  3.22  3.16  3.05  3.06  2.73  2.08  1.79  1.31  0.55  0.26  0.15  0.10  0.05  0.04  0.04
11  85  0.04  0.12  0.19  0.39  0.78  1.18  1.97  3.99  5.01  5.40  5.19  4.07  3.45  3.23  3.16  3.06  3.06  2.73  2.08  1.79  1.31  0.55  0.26  0.15  0.10  0.06  0.05  0.04
11  90  0.04  0.12  0.19  0.39  0.78  1.18  1.97  3.99  5.02  5.41  5.21  4.08  3.46  3.24  3.17  3.06  3.06  2.73  2.08  1.79  1.31  0.55  0.26  0.15  0.10  0.06  0.05  0.04
12 -90  0.02  0.07  0.11  0.22  0.44  0.67  1.12  2.26  3.24  4.01  5.66  6.86  6.78  6.01  5.59  5.38  4.95  3.57  2.49  2.07  1.32  0.62  0.33  0.18  0.08  0.05  0.03  0.02
12 -85  0.02  0.07  0.11  0.22  0.45  0.67  1.12  2.26  3.24  4.01  5.66  6.86  6.78  6.01  5.59  5.39  4.95  3.57  2.49  2.07  1.32  0.62  0.33  0.18  0.08  0.05  0.03  0.03
12 -80  0.02  0.07  0.11  0.22  0.45  0.67  1.12  2.26  3.24  4.00  5.65  6.85  6.78  6.01  5.59  5.39  4.95  3.56  2.49  2.07  1.32  0.62  0.33  0.18  0.08  0.05  0.03  0.03
12 -75  0.02  0.07  0.11  0.23  0.46  0.69  1.15  2.32  3.32  4.09  5.69  6.94  6.93  6.19  5.77  5.57  5.07  3.56  2.48  2.07  1.32  0.62  0.33  0.18  0.11  0.05  0.03  0.03
12 -70  0.02  0.07  0.12  0.23  0.47  0.71  1.18  2.39  3.41  4.18  5.72  7.02  7.08  6.37  5.95  5.74  5.17  3.52  2.41  2.02  1.29  0.61  0.34  0.18  0.10  0.05  0.03  0.03
12 -65  0.02  0.07  0.12  0.24  0.49  0.73  1.23  2.48  3.54  4.32  5.90  7.29  7.45  6.79  6.31  6.06  5.18  3.40  2.22  1.85  1.14  0.54  0.32  0.18  0.10  0.05  0.03  0.03
12 -60  0.03  0.08  0.13  0.25  0.51  0.76  1.28  2.58  3.68  4.48  6.09  7.56  7.81  7.20  6.67  6.37  5.20  3.29  2.03  1.68  1.00  0.48  0.30  0.18  0.11  0.05  0.03  0.03
12 -55  0.03  0.08  0.13  0.27  0.53  0.80  1.34  2.71  3.85  4.70  6.31  7.86  8.21  7.73  6.99  6.51  5.05  3.05  1.76  1.45  0.80  0.40  0.26  0.18  0.11  0.05  0.04  0.03
12 -50  0.03  0.08  0.13  0.27  0.54  0.81  1.36  2.74  3.92  4.81  6.46  8.16  8.61  8.14  7.22  6.64  4.98  2.87  1.54  1.23  0.63  0.32  0.22  0.18  0.10  0.05  0.04  0.03
12 -45  0.03  0.08  0.13  0.27  0.53  0.80  1.34  2.69  3.87  4.72  6.53  8.49  8.99  8.59  7.20  6.40  4.86  2.78  1.49  1.17  0.59  0.27  0.18  0.13  0.08  0.05  0.04  0.03
12 -40  0.03  0.08  0.13  0.26  0.53  0.79  1.32  2.66  3.92  4.84  6.73  8.73  9.25  8.77  7.23  6.17  4.65  2.65  1.50  1.18  0.59  0.24  0.16  0.09  0.06  0.04  0.04  0.03
12 -35  0.03  0.08  0.14  0.27  0.54  0.82  1.36  2.73  3.82  4.69  6.62  8.68  9.28  9.06  7.55  6.64  4.57  2.37  1.19  0.91  0.42  0.19  0.11  0.07  0.05  0.04  0.04  0.03
12 -30  0.03  0.08  0.14  0.27  0.55  0.82  1.37  2.75  3.95  4.80  6.70  8.82  9.44  9.12  7.86  7.09  4.49  2.08  0.87  0.63  0.25  0.12  0.08  0.05  0.05  0.04  0.04  0.04
12 -25  0.03  0.09  0.14  0.28  0.57  0.85  1.42  2.85  4.10  5.07  6.98  8.97  9.48  9.14  7.80  7.00  4.34  1.88  0.78  0.54  0.19  0.08  0.05  0.04  0.04  0.04  0.04  0.04
12 -20  0.03  0.08  0.14  0.28  0.56  0.84  1.40  2.80  4.18  5.14  7.03  9.19  9.80  9.35  7.90  6.94  4.24  1.74  0.66  0.44  0.12  0.06  0.04  0.04  0.04  0.04  0.04  0.03
12 -15  0.03  0.08  0.14  0.28  0.56  0.84  1.40  2.78  4.20  5.17  6.96  9.22 10.04  9.62  8.03  6.98  4.12  1.68  0.60  0.39  0.11  0.04  0.03  0.03  0.03  0.04  0.04  0.03
12 -10  0.03  0.08  0.14  0.28  0.55  0.83  1.37  2.73  4.07  5.15  7.02  9.06  9.74  9.58  8.07  7.05  4.04  1.57  0.52  0.35  0.11  0.04  0.03  0.03  0.03  0.03  0.03  0.03
12  -5  0.03  0.08  0.14  0.28  0.55  0.83  1.38  2.74  4.16  5.24  7.35  9.02  9.52  9.41  7.90  6.73  3.93  1.52  0.50  0.33  0.13  0.03  0.03  0.03  0.03  0.03  0.03  0.03
12   0  0.03  0.09  0.15  0.30  0.59  0.89  1.47  2.94  4.24  5.31  7.24  8.97  9.43  9.27  7.71  6.48  3.76  1.43  0.46  0.32  0.13  0.03  0.03  0.03  0.03  0.03  0.03  0.03
12   5  0.03  0.09  0.15  0.30  0.60  0.90  1.49  2.98  4.45  5.47  7.40  8.94  9.16  9.20  7.86  6.64  3.98  1.51  0.50  0.34  0.12  0.03  0.03  0.03  0.03  0.03  0.03  0.03
12  10  0.03  0.09  0.15  0.30  0.60  0.91  1.51  3.02  4.49  5.61  7.20  8.54  8.86  9.02  7.90  6.84  4.19  1.62  0.56  0.38  0.13  0.03  0.03  0.03  0.03  0.03  0.03  0.03
12  15  0.03  0.09  0.15  0.30  0.61  0.91  1.52  3.04  4.59  5.75  7.10  8.32  8.67  8.78  7.51  6.62  4.07  1.62  0.60  0.42  0.14  0.04  0.03  0.03  0.03  0.03  0.04  0.03
12  20  0.03  0.09  0.16  0.31  0.63  0.94  1.57  3.15  4.80  6.08  7.28  8.14  8.51  8.45  7.11  6.36  4.04  1.70  0.62  0.45  0.16  0.04  0.03  0.03  0.03  0.04  0.04  0.04
12  25  0.03  0.09  0.15  0.31  0.62  0.93  1.55  3.10  4.85  6.06  7.38  8.14  8.31  7.92  6.89  6.49  4.23  1.92  0.76  0.57  0.22  0.05  0.04  0.04  0.04  0.04  0.04  0.04
12  30  0.03  0.10  0.16  0.33  0.65  0.98  1.63  3.28  4.93  6.19  7.34  7.99  8.11  7.54  6.91  6.62  4.47  2.07  0.86  0.64  0.27  0.08  0.06  0.04  0.04  0.04  0.04  0.04
12  35  0.03  0.10  0.17  0.35  0.69  1.04  1.73  3.49  5.26  6.51  7.56  7.84  7.65  7.25  6.84  6.55  4.75  2.29  1.08  0.84  0.44  0.20  0.09  0.06  0.05  0.04  0.04  0.04
12  40  0.04  0.11  0.18  0.36  0.73  1.10  1.83  3.68  5.47  6.74  7.67  7.69  7.22  6.69  6.56  6.52  5.09  2.61  1.41  1.10  0.62  0.29  0.16  0.09  0.06  0.04  0.04  0.04
12  45  0.04  0.11  0.19  0.38  0.77  1.15  1.92  3.86  5.53  6.72  7.36  7.10  6.62  6.34  6.22  6.17  5.04  2.98  1.68  1.37  0.86  0.41  0.23  0.15  0.07  0.05  0.04  0.04
12  50  0.04  0.12  0.20  0.40  0.81  1.22  2.03  4.09  5.89  6.85  7.18  6.70  6.14  5.79  5.87  5.89  5.03  3.32  1.94  1.59  1.02  0.50  0.27  0.18  0.08  0.05  0.04  0.04
12  55  0.04  0.12  0.20  0.40  0.81  1.22  2.03  4.09  5.73  6.43  6.63  6.14  5.76  5.60  5.66  5.70  4.86  3.34  2.06  1.71  1.17  0.57  0.30  0.19  0.09  0.05  0.04  0.04
12  60  0.04  0.12  0.20  0.40  0.81  1.21  2.03  4.07  5.63  6.25  6.34  5.83  5.56  5.51  5.50  5.48  4.65  3.30  2.20  1.85  1.32  0.63  0.32  0.20  0.09  0.05  0.04  0.04
12  65  0.04  0.12  0.21  0.42  0.83  1.25  2.10  4.23  5.62  6.22  6.31  5.72  5.44  5.39  5.27  5.17  4.49  3.20  2.25  1.91  1.38  0.65  0.30  0.18  0.09  0.05  0.04  0.04
12  70  0.04  0.13  0.21  0.43  0.86  1.29  2.16  4.36  5.58  6.17  6.25  5.64  5.32  5.26  5.04  4.85  4.36  3.10  2.30  1.97  1.45  0.66  0.28  0.16  0.09  0.05  0.04  0.04
12  75  0.04  0.12  0.21  0.41  0.83  1.24  2.09  4.23  5.35  5.95  6.02  5.24  4.84  4.77  4.58  4.40  4.14  3.11  2.32  1.99  1.46  0.65  0.30  0.18  0.10  0.05  0.04  0.04
12  80  0.04  0.12  0.20  0.39  0.79  1.19  2.00  4.07  5.14  5.73  5.79  4.85  4.37  4.26  4.11  3.96  3.93  3.13  2.33  2.00  1.46  0.65  0.32  0.19  0.10  0.05  0.04  0.04
12  85  0.04  0.12  0.20  0.39  0.79  1.19  2.00  4.07  5.15  5.74  5.80  4.86  4.38  4.26  4.12  3.97  3.94  3.13  2.33  2.00  1.46  0.65  0.32  0.19  0.10  0.05  0.04  0.04
12  90  0.04  0.12  0.20  0.39  0.79  1.19  2.00  4.08  5.16  5.75  5.81  4.87  4.39  4.27  4.12  3.97  3.94  3.13  2.33  2.00  1.46  0.65  0.32  0.19  0.10  0.05  0.04  0.04
