     0.010
     0.030
     0.050
     0.100
     0.200
     0.300
     0.500
     1.000
     1.500
     2.000
     3.000
     5.000
     7.000
    10.000
    15.000
    20.000
    30.000
    50.000
    70.000
    80.000
   100.000
   150.000
   200.000
   250.000
   300.000
   400.000
   500.000
   600.000
 1 -90  0.02  0.07  0.11  0.23  0.45  0.66  1.06  1.95  2.85  3.47  4.80  5.74  5.65  5.04  4.33  3.88  3.72  3.03  2.11  1.73  1.11  0.49  0.33  0.20  0.10  0.05  0.03  0.02
 1 -85  0.02  0.07  0.11  0.23  0.45  0.66  1.06  1.95  2.84  3.46  4.79  5.73  5.66  5.05  4.33  3.85  3.66  2.97  2.06  1.69  1.08  0.47  0.32  0.20  0.10  0.05  0.03  0.02
 1 -80  0.02  0.07  0.11  0.23  0.45  0.66  1.06  1.95  2.84  3.46  4.79  5.73  5.66  5.04  4.33  3.84  3.64  2.96  2.05  1.69  1.08  0.47  0.32  0.20  0.10  0.05  0.03  0.02
 1 -75  0.02  0.07  0.12  0.23  0.46  0.68  1.10  2.02  2.91  3.53  4.80  5.86  5.90  5.32  4.66  4.21  3.91  3.01  2.03  1.66  1.05  0.46  0.31  0.19  0.09  0.04  0.03  0.02
 1 -70  0.02  0.07  0.12  0.24  0.47  0.70  1.13  2.09  2.98  3.60  4.82  5.99  6.14  5.60  5.00  4.58  4.18  3.05  2.01  1.64  1.03  0.46  0.31  0.18  0.09  0.04  0.03  0.02
 1 -65  0.03  0.08  0.13  0.25  0.49  0.72  1.17  2.17  3.08  3.72  4.98  6.33  6.62  6.18  5.61  5.22  4.36  2.99  1.90  1.54  0.95  0.42  0.29  0.17  0.07  0.04  0.03  0.02
 1 -60  0.03  0.08  0.13  0.26  0.51  0.75  1.22  2.25  3.18  3.84  5.15  6.67  7.10  6.75  6.23  5.87  4.54  2.95  1.79  1.44  0.87  0.39  0.27  0.16  0.07  0.04  0.03  0.03
 1 -55  0.03  0.08  0.14  0.27  0.54  0.80  1.29  2.37  3.37  4.01  5.33  6.98  7.54  7.39  6.68  6.17  4.39  2.69  1.56  1.24  0.69  0.31  0.21  0.13  0.08  0.04  0.03  0.03
 1 -50  0.03  0.08  0.14  0.28  0.55  0.81  1.31  2.42  3.41  4.05  5.44  7.30  8.02  7.91  7.05  6.44  4.22  2.40  1.25  0.98  0.52  0.23  0.16  0.10  0.07  0.05  0.04  0.03
 1 -45  0.03  0.08  0.14  0.28  0.55  0.81  1.33  2.51  3.51  4.19  5.63  7.56  8.36  8.29  7.22  6.48  4.22  2.36  1.19  0.93  0.48  0.21  0.14  0.08  0.06  0.04  0.04  0.03
 1 -40  0.03  0.08  0.14  0.28  0.55  0.82  1.35  2.60  3.60  4.30  5.78  7.79  8.67  8.69  7.42  6.54  4.23  2.30  1.11  0.86  0.44  0.19  0.10  0.06  0.05  0.04  0.04  0.03
 1 -35  0.03  0.09  0.14  0.28  0.56  0.84  1.38  2.67  3.75  4.48  6.02  8.03  8.89  8.88  7.62  6.74  4.25  2.02  0.89  0.69  0.33  0.14  0.08  0.06  0.05  0.05  0.04  0.04
 1 -30  0.03  0.09  0.14  0.29  0.57  0.85  1.41  2.74  3.86  4.62  6.21  8.25  9.10  9.10  7.81  6.92  4.25  1.74  0.68  0.51  0.23  0.10  0.06  0.05  0.05  0.05  0.04  0.04
 1 -25  0.03  0.09  0.15  0.29  0.58  0.86  1.42  2.77  3.96  4.77  6.42  8.51  9.34  9.34  7.90  6.89  4.19  1.60  0.58  0.43  0.19  0.07  0.05  0.04  0.04  0.04  0.04  0.04
 1 -20  0.03  0.09  0.14  0.28  0.57  0.85  1.42  2.83  4.06  4.91  6.65  8.79  9.57  9.54  7.97  6.86  4.12  1.44  0.48  0.36  0.15  0.05  0.04  0.04  0.04  0.04  0.04  0.04
 1 -15  0.03  0.08  0.14  0.28  0.57  0.85  1.41  2.83  4.12  5.06  6.89  8.98  9.72  9.70  8.10  6.97  4.02  1.37  0.43  0.32  0.14  0.05  0.04  0.04  0.04  0.04  0.04  0.03
 1 -10  0.03  0.08  0.14  0.28  0.56  0.84  1.41  2.85  4.22  5.20  7.16  9.22  9.95  9.91  8.27  7.09  3.91  1.31  0.38  0.29  0.09  0.04  0.03  0.03  0.03  0.04  0.04  0.03
 1  -5  0.03  0.08  0.14  0.28  0.56  0.84  1.41  2.85  4.23  5.23  7.18  9.17  9.85  9.80  8.17  6.98  3.79  1.26  0.36  0.28  0.07  0.04  0.03  0.03  0.03  0.03  0.03  0.03
 1   0  0.03  0.09  0.15  0.30  0.60  0.89  1.46  2.81  4.24  5.26  7.23  9.12  9.72  9.69  8.07  6.88  3.68  1.22  0.34  0.27  0.06  0.04  0.03  0.03  0.03  0.03  0.03  0.03
 1   5  0.03  0.09  0.15  0.30  0.60  0.89  1.46  2.83  4.23  5.23  7.07  8.88  9.46  9.37  7.88  6.81  3.81  1.34  0.40  0.30  0.06  0.04  0.03  0.03  0.03  0.04  0.04  0.04
 1  10  0.03  0.09  0.15  0.30  0.60  0.90  1.47  2.84  4.23  5.20  6.97  8.65  9.17  9.06  7.69  6.73  3.95  1.44  0.45  0.34  0.06  0.04  0.04  0.03  0.04  0.04  0.04  0.04
 1  15  0.03  0.09  0.15  0.31  0.61  0.90  1.48  2.86  4.22  5.17  6.85  8.37  8.78  8.61  7.35  6.46  3.93  1.50  0.46  0.34  0.07  0.04  0.04  0.04  0.04  0.04  0.05  0.04
 1  20  0.03  0.10  0.16  0.32  0.63  0.93  1.51  2.86  4.19  5.12  6.70  8.09  8.37  8.16  7.01  6.19  3.90  1.53  0.48  0.35  0.13  0.05  0.04  0.04  0.04  0.05  0.05  0.04
 1  25  0.03  0.10  0.16  0.32  0.63  0.93  1.53  2.95  4.26  5.20  6.64  7.77  7.94  7.70  6.87  6.26  4.23  1.77  0.65  0.49  0.21  0.06  0.05  0.05  0.05  0.05  0.05  0.05
 1  30  0.03  0.10  0.17  0.33  0.66  0.98  1.59  2.99  4.33  5.24  6.56  7.47  7.50  7.21  6.70  6.33  4.53  2.04  0.84  0.64  0.31  0.11  0.08  0.06  0.06  0.05  0.05  0.05
 1  35  0.04  0.11  0.18  0.35  0.69  1.03  1.67  3.11  4.44  5.35  6.47  7.19  7.17  6.86  6.47  6.21  4.87  2.46  1.22  0.95  0.50  0.24  0.16  0.09  0.07  0.05  0.05  0.05
 1  40  0.04  0.11  0.19  0.37  0.73  1.07  1.74  3.23  4.56  5.46  6.42  6.92  6.84  6.55  6.29  6.09  5.20  2.87  1.58  1.25  0.69  0.35  0.21  0.13  0.08  0.06  0.05  0.05
 1  45  0.04  0.11  0.19  0.38  0.75  1.11  1.80  3.34  4.64  5.50  6.28  6.67  6.59  6.33  6.19  6.11  5.27  3.12  1.82  1.47  0.88  0.46  0.25  0.16  0.09  0.06  0.05  0.05
 1  50  0.04  0.12  0.20  0.39  0.77  1.14  1.85  3.47  4.69  5.53  6.18  6.43  6.37  6.18  6.14  6.12  5.32  3.38  2.06  1.70  1.08  0.56  0.30  0.18  0.10  0.06  0.05  0.05
 1  55  0.04  0.12  0.20  0.39  0.77  1.15  1.86  3.46  4.51  5.27  5.90  6.27  6.24  6.08  5.86  5.70  4.99  3.35  2.20  1.84  1.25  0.63  0.36  0.21  0.10  0.06  0.05  0.05
 1  60  0.04  0.12  0.20  0.40  0.79  1.17  1.90  3.55  4.56  5.29  5.84  6.17  6.14  5.93  5.61  5.39  4.74  3.39  2.39  2.02  1.41  0.70  0.41  0.23  0.10  0.06  0.05  0.05
 1  65  0.04  0.12  0.20  0.39  0.78  1.15  1.86  3.45  4.46  5.20  5.84  6.29  6.30  6.08  5.67  5.38  4.57  3.37  2.37  2.01  1.40  0.69  0.40  0.23  0.10  0.06  0.05  0.05
 1  70  0.04  0.12  0.20  0.39  0.76  1.13  1.82  3.37  4.36  5.10  5.83  6.40  6.46  6.24  5.73  5.37  4.40  3.34  2.35  1.99  1.40  0.69  0.38  0.22  0.10  0.06  0.05  0.05
 1  75  0.04  0.11  0.19  0.37  0.73  1.07  1.73  3.15  4.07  4.78  5.54  6.05  6.02  5.70  5.20  4.84  4.14  3.26  2.44  2.12  1.59  0.74  0.39  0.23  0.11  0.06  0.05  0.05
 1  80  0.04  0.11  0.18  0.36  0.70  1.03  1.64  2.91  3.80  4.46  5.25  5.70  5.59  5.17  4.67  4.30  3.88  3.18  2.54  2.25  1.78  0.78  0.40  0.24  0.11  0.06  0.05  0.05
 1  85  0.04  0.11  0.18  0.36  0.70  1.03  1.65  2.92  3.80  4.46  5.26  5.71  5.60  5.18  4.67  4.30  3.88  3.18  2.54  2.26  1.78  0.78  0.40  0.24  0.11  0.06  0.05  0.05
 1  90  0.04  0.11  0.18  0.36  0.71  1.05  1.67  2.97  3.87  4.54  5.33  5.78  5.67  5.25  4.71  4.31  3.87  3.17  2.53  2.26  1.80  0.79  0.41  0.24  0.11  0.06  0.05  0.05
 2 -90  0.03  0.08  0.14  0.28  0.55  0.81  1.30  2.40  3.40  4.09  5.09  5.32  4.93  4.27  3.92  3.72  3.49  2.83  2.03  1.69  1.11  0.47  0.31  0.21  0.12  0.05  0.03  0.02
 2 -85  0.03  0.08  0.14  0.28  0.55  0.81  1.30  2.40  3.40  4.09  5.10  5.33  4.95  4.31  3.96  3.75  3.45  2.77  1.98  1.64  1.07  0.45  0.30  0.20  0.12  0.04  0.03  0.02
 2 -80  0.03  0.08  0.14  0.28  0.55  0.81  1.30  2.39  3.40  4.09  5.11  5.34  4.96  4.31  3.96  3.75  3.44  2.76  1.97  1.63  1.06  0.45  0.29  0.20  0.12  0.04  0.03  0.02
 2 -75  0.03  0.08  0.14  0.28  0.54  0.80  1.30  2.38  3.39  4.09  5.21  5.71  5.44  4.80  4.36  4.08  3.63  2.77  1.97  1.62  1.04  0.43  0.29  0.19  0.11  0.04  0.03  0.02
 2 -70  0.03  0.08  0.14  0.27  0.54  0.80  1.29  2.36  3.38  4.10  5.31  6.07  5.93  5.29  4.77  4.42  3.81  2.78  1.98  1.61  1.01  0.42  0.29  0.19  0.10  0.04  0.03  0.02
 2 -65  0.03  0.08  0.14  0.28  0.55  0.81  1.31  2.41  3.45  4.18  5.48  6.50  6.51  5.91  5.29  4.87  4.05  2.74  1.88  1.53  0.95  0.39  0.28  0.17  0.08  0.04  0.03  0.02
 2 -60  0.03  0.09  0.14  0.28  0.56  0.83  1.34  2.46  3.51  4.26  5.64  6.91  7.09  6.54  5.81  5.32  4.30  2.71  1.78  1.44  0.88  0.37  0.26  0.16  0.08  0.04  0.03  0.03
 2 -55  0.03  0.09  0.15  0.30  0.59  0.87  1.40  2.56  3.66  4.39  5.76  7.18  7.51  7.18  6.38  5.81  4.25  2.52  1.52  1.22  0.69  0.30  0.20  0.13  0.07  0.04  0.03  0.03
 2 -50  0.03  0.09  0.15  0.30  0.60  0.88  1.42  2.59  3.67  4.37  5.80  7.46  7.98  7.70  6.87  6.29  4.19  2.30  1.18  0.92  0.49  0.22  0.14  0.09  0.06  0.04  0.04  0.03
 2 -45  0.03  0.09  0.15  0.30  0.59  0.88  1.42  2.66  3.75  4.48  5.95  7.69  8.30  8.09  7.09  6.39  4.20  2.20  1.12  0.87  0.44  0.20  0.11  0.07  0.05  0.04  0.04  0.03
 2 -40  0.03  0.09  0.15  0.30  0.59  0.88  1.44  2.74  3.82  4.57  6.06  7.88  8.59  8.49  7.32  6.52  4.23  2.08  1.05  0.81  0.38  0.17  0.09  0.06  0.05  0.04  0.04  0.03
 2 -35  0.03  0.09  0.15  0.30  0.60  0.89  1.45  2.78  3.93  4.69  6.23  8.08  8.82  8.74  7.51  6.65  4.19  1.86  0.86  0.66  0.30  0.12  0.07  0.05  0.05  0.04  0.04  0.04
 2 -30  0.03  0.09  0.15  0.30  0.60  0.89  1.47  2.83  3.99  4.78  6.36  8.27  9.04  9.01  7.68  6.77  4.13  1.64  0.67  0.50  0.22  0.09  0.06  0.05  0.04  0.04  0.04  0.04
 2 -25  0.03  0.09  0.15  0.30  0.59  0.88  1.45  2.82  4.02  4.82  6.45  8.50  9.33  9.34  7.86  6.81  4.06  1.53  0.56  0.42  0.17  0.06  0.04  0.04  0.04  0.04  0.04  0.04
 2 -20  0.03  0.09  0.14  0.29  0.57  0.86  1.42  2.82  4.02  4.84  6.55  8.76  9.61  9.64  8.01  6.85  3.99  1.42  0.45  0.34  0.14  0.05  0.04  0.04  0.04  0.04  0.04  0.03
 2 -15  0.03  0.08  0.14  0.28  0.56  0.84  1.40  2.77  3.99  4.87  6.67  8.94  9.83  9.88  8.18  6.97  3.95  1.33  0.42  0.31  0.14  0.04  0.03  0.03  0.03  0.04  0.04  0.03
 2 -10  0.03  0.08  0.14  0.27  0.55  0.82  1.37  2.73  3.99  4.90  6.83  9.17 10.12 10.16  8.38  7.09  3.89  1.23  0.38  0.29  0.08  0.04  0.03  0.03  0.03  0.03  0.03  0.03
 2  -5  0.03  0.08  0.14  0.27  0.55  0.82  1.36  2.72  3.97  4.88  6.83  9.17 10.08 10.10  8.15  6.71  3.76  1.22  0.38  0.29  0.07  0.04  0.03  0.03  0.03  0.03  0.03  0.03
 2   0  0.03  0.09  0.15  0.29  0.58  0.86  1.41  2.65  3.94  4.84  6.83  9.13  9.98 10.02  7.91  6.35  3.65  1.22  0.37  0.30  0.06  0.04  0.03  0.03  0.03  0.04  0.04  0.03
 2   5  0.03  0.09  0.15  0.29  0.58  0.86  1.41  2.69  3.97  4.88  6.77  8.97  9.77  9.73  7.90  6.56  3.77  1.34  0.44  0.33  0.06  0.04  0.03  0.03  0.03  0.04  0.04  0.04
 2  10  0.03  0.09  0.15  0.29  0.58  0.86  1.42  2.73  4.03  4.94  6.77  8.83  9.55  9.46  7.87  6.76  3.89  1.45  0.50  0.37  0.06  0.04  0.03  0.03  0.04  0.04  0.05  0.04
 2  15  0.03  0.09  0.15  0.29  0.58  0.87  1.43  2.77  4.04  4.94  6.68  8.57  9.20  9.07  7.69  6.72  4.02  1.55  0.53  0.39  0.07  0.04  0.04  0.04  0.04  0.05  0.05  0.05
 2  20  0.03  0.09  0.15  0.31  0.61  0.90  1.47  2.79  4.06  4.94  6.59  8.31  8.81  8.67  7.50  6.67  4.14  1.63  0.56  0.41  0.09  0.05  0.04  0.04  0.05  0.05  0.05  0.05
 2  25  0.03  0.09  0.16  0.31  0.61  0.91  1.50  2.87  4.14  5.05  6.62  8.04  8.40  8.22  7.23  6.52  4.39  1.81  0.71  0.52  0.21  0.07  0.06  0.05  0.05  0.05  0.05  0.05
 2  30  0.03  0.10  0.16  0.33  0.65  0.96  1.56  2.92  4.23  5.14  6.61  7.79  7.97  7.71  6.93  6.35  4.62  2.03  0.87  0.65  0.28  0.16  0.09  0.07  0.06  0.05  0.05  0.05
 2  35  0.03  0.10  0.17  0.34  0.68  1.00  1.62  3.02  4.37  5.31  6.62  7.55  7.60  7.28  6.68  6.25  4.88  2.54  1.26  0.97  0.49  0.30  0.21  0.11  0.08  0.06  0.05  0.05
 2  40  0.04  0.11  0.18  0.36  0.71  1.05  1.69  3.11  4.53  5.49  6.67  7.30  7.22  6.89  6.47  6.15  5.13  3.05  1.63  1.29  0.70  0.44  0.29  0.15  0.09  0.06  0.05  0.05
 2  45  0.04  0.11  0.19  0.37  0.73  1.08  1.75  3.26  4.67  5.63  6.60  7.06  6.95  6.61  6.29  6.09  5.23  3.31  1.93  1.56  0.93  0.54  0.33  0.20  0.10  0.06  0.06  0.05
 2  50  0.04  0.11  0.19  0.38  0.75  1.11  1.81  3.42  4.81  5.76  6.56  6.84  6.71  6.41  6.18  6.03  5.32  3.58  2.23  1.84  1.17  0.64  0.38  0.22  0.11  0.06  0.06  0.05
 2  55  0.04  0.12  0.20  0.39  0.78  1.15  1.87  3.50  4.77  5.67  6.38  6.64  6.52  6.27  5.99  5.80  5.25  3.62  2.34  1.96  1.32  0.69  0.42  0.24  0.12  0.07  0.06  0.05
 2  60  0.04  0.12  0.21  0.41  0.81  1.21  1.96  3.67  4.97  5.86  6.41  6.54  6.38  6.09  5.85  5.68  5.25  3.72  2.51  2.12  1.46  0.74  0.46  0.26  0.12  0.07  0.06  0.05
 2  65  0.04  0.12  0.21  0.41  0.81  1.20  1.95  3.63  4.81  5.63  6.18  6.44  6.37  6.14  5.82  5.59  5.07  3.59  2.57  2.19  1.56  0.79  0.45  0.27  0.12  0.07  0.06  0.05
 2  70  0.04  0.12  0.21  0.41  0.81  1.20  1.94  3.59  4.65  5.40  5.96  6.34  6.35  6.18  5.78  5.49  4.88  3.46  2.63  2.27  1.66  0.84  0.44  0.27  0.12  0.07  0.06  0.05
 2  75  0.04  0.12  0.21  0.41  0.80  1.19  1.92  3.53  4.41  5.04  5.85  6.53  6.66  6.47  5.96  5.59  4.87  3.39  2.67  2.30  1.70  0.87  0.46  0.27  0.13  0.07  0.06  0.05
 2  80  0.04  0.12  0.20  0.41  0.80  1.18  1.90  3.48  4.18  4.69  5.74  6.71  6.96  6.76  6.14  5.69  4.85  3.32  2.70  2.34  1.74  0.91  0.48  0.27  0.14  0.07  0.06  0.05
 2  85  0.04  0.12  0.20  0.41  0.80  1.18  1.90  3.48  4.18  4.70  5.74  6.72  6.98  6.78  6.16  5.70  4.85  3.31  2.70  2.34  1.74  0.92  0.48  0.27  0.14  0.07  0.06  0.05
 2  90  0.04  0.12  0.20  0.41  0.80  1.18  1.90  3.48  4.23  4.77  5.86  6.89  7.15  6.93  6.26  5.77  4.88  3.31  2.71  2.35  1.75  0.94  0.49  0.28  0.14  0.07  0.06  0.05
 3 -90  0.04  0.12  0.20  0.40  0.79  1.16  1.86  3.32  4.28  4.92  5.07  4.89  4.58  4.13  3.66  3.39  3.43  2.69  2.03  1.69  1.13  0.48  0.29  0.18  0.09  0.04  0.03  0.02
 3 -85  0.04  0.12  0.20  0.40  0.79  1.17  1.86  3.33  4.28  4.92  5.07  4.88  4.58  4.13  3.66  3.38  3.41  2.68  2.01  1.67  1.11  0.47  0.28  0.18  0.09  0.04  0.03  0.02
 3 -80  0.04  0.12  0.20  0.40  0.79  1.17  1.86  3.33  4.29  4.95  5.10  4.91  4.60  4.14  3.66  3.37  3.41  2.68  2.01  1.67  1.11  0.47  0.27  0.18  0.09  0.04  0.03  0.02
 3 -75  0.04  0.12  0.19  0.39  0.76  1.11  1.78  3.19  4.30  5.06  5.54  5.46  5.10  4.55  3.98  3.63  3.50  2.69  1.98  1.63  1.06  0.45  0.27  0.17  0.09  0.04  0.03  0.02
 3 -70  0.04  0.11  0.19  0.37  0.72  1.06  1.70  3.05  4.31  5.18  5.97  6.01  5.59  4.96  4.31  3.89  3.57  2.70  1.97  1.60  1.01  0.44  0.26  0.16  0.08  0.04  0.03  0.02
 3 -65  0.04  0.11  0.18  0.36  0.70  1.03  1.65  2.98  4.28  5.19  6.19  6.49  6.17  5.53  4.92  4.51  3.77  2.69  1.85  1.51  0.94  0.41  0.25  0.15  0.08  0.04  0.03  0.03
 3 -60  0.04  0.11  0.17  0.35  0.68  1.00  1.61  2.92  4.25  5.19  6.41  6.96  6.74  6.10  5.53  5.14  3.96  2.67  1.74  1.41  0.87  0.38  0.23  0.14  0.08  0.05  0.03  0.03
 3 -55  0.04  0.11  0.18  0.35  0.68  1.01  1.62  2.94  4.28  5.18  6.46  7.27  7.19  6.70  6.10  5.68  4.20  2.56  1.53  1.23  0.72  0.31  0.19  0.12  0.07  0.04  0.03  0.03
 3 -50  0.03  0.10  0.17  0.34  0.68  0.99  1.59  2.87  4.17  5.03  6.44  7.58  7.69  7.19  6.59  6.17  4.42  2.42  1.24  0.99  0.56  0.23  0.14  0.08  0.05  0.04  0.04  0.03
 3 -45  0.03  0.10  0.17  0.33  0.66  0.97  1.57  2.87  4.15  5.02  6.49  7.79  8.04  7.63  6.69  6.06  4.28  2.30  1.14  0.91  0.50  0.20  0.10  0.06  0.05  0.04  0.04  0.03
 3 -40  0.03  0.10  0.17  0.33  0.65  0.96  1.55  2.88  4.13  4.99  6.50  7.98  8.37  8.07  6.83  5.98  4.15  2.17  1.04  0.82  0.43  0.17  0.09  0.06  0.05  0.04  0.04  0.03
 3 -35  0.03  0.10  0.16  0.32  0.63  0.94  1.53  2.88  4.16  5.02  6.58  8.16  8.65  8.44  7.33  6.57  4.21  1.95  0.85  0.65  0.32  0.13  0.07  0.05  0.04  0.04  0.04  0.03
 3 -30  0.03  0.10  0.16  0.32  0.63  0.93  1.52  2.88  4.16  5.02  6.63  8.33  8.92  8.82  7.83  7.15  4.27  1.74  0.65  0.49  0.20  0.09  0.05  0.04  0.04  0.04  0.04  0.04
 3 -25  0.03  0.09  0.15  0.31  0.61  0.91  1.49  2.84  4.10  4.95  6.56  8.46  9.19  9.20  8.04  7.22  4.17  1.51  0.52  0.38  0.15  0.06  0.04  0.04  0.04  0.04  0.04  0.03
 3 -20  0.03  0.09  0.15  0.30  0.59  0.88  1.44  2.81  4.01  4.82  6.49  8.63  9.48  9.55  8.23  7.28  4.07  1.28  0.38  0.28  0.10  0.05  0.03  0.03  0.04  0.04  0.04  0.03
 3 -15  0.03  0.09  0.15  0.29  0.58  0.86  1.41  2.74  3.88  4.71  6.39  8.67  9.68  9.88  8.30  7.17  4.04  1.28  0.38  0.28  0.11  0.04  0.03  0.03  0.03  0.04  0.03  0.03
 3 -10  0.03  0.09  0.14  0.28  0.56  0.84  1.38  2.69  3.80  4.59  6.33  8.76  9.94 10.22  8.38  7.04  3.99  1.26  0.38  0.29  0.12  0.03  0.03  0.03  0.03  0.03  0.03  0.03
 3  -5  0.03  0.08  0.14  0.28  0.56  0.83  1.37  2.66  3.74  4.52  6.27  8.74  9.93 10.22  8.33  6.94  3.94  1.26  0.38  0.29  0.07  0.03  0.03  0.03  0.03  0.03  0.03  0.03
 3   0  0.03  0.09  0.15  0.30  0.58  0.86  1.40  2.59  3.67  4.42  6.19  8.66  9.83 10.19  8.27  6.84  3.91  1.27  0.39  0.30  0.13  0.03  0.03  0.03  0.03  0.03  0.03  0.03
 3   5  0.03  0.09  0.15  0.29  0.58  0.86  1.40  2.64  3.75  4.54  6.26  8.64  9.72  9.96  8.22  6.94  3.98  1.36  0.44  0.33  0.06  0.04  0.03  0.03  0.03  0.04  0.04  0.03
 3  10  0.03  0.09  0.15  0.29  0.58  0.86  1.41  2.70  3.86  4.68  6.38  8.64  9.61  9.77  8.17  7.03  4.05  1.44  0.48  0.36  0.07  0.04  0.03  0.03  0.04  0.04  0.05  0.04
 3  15  0.03  0.09  0.15  0.29  0.58  0.87  1.43  2.76  3.92  4.76  6.40  8.50  9.36  9.42  7.88  6.78  4.09  1.50  0.50  0.37  0.08  0.04  0.04  0.04  0.04  0.05  0.05  0.05
 3  20  0.03  0.09  0.15  0.31  0.60  0.90  1.47  2.80  3.99  4.84  6.44  8.34  9.05  9.05  7.56  6.51  4.11  1.55  0.52  0.38  0.15  0.05  0.05  0.04  0.05  0.05  0.05  0.05
 3  25  0.03  0.09  0.16  0.31  0.61  0.91  1.49  2.85  4.07  4.95  6.55  8.20  8.75  8.67  7.38  6.49  4.33  1.84  0.70  0.53  0.25  0.07  0.06  0.06  0.06  0.05  0.05  0.05
 3  30  0.03  0.10  0.16  0.32  0.63  0.94  1.53  2.88  4.16  5.04  6.61  8.07  8.43  8.25  7.19  6.45  4.53  2.17  0.91  0.70  0.35  0.19  0.11  0.08  0.07  0.06  0.05  0.05
 3  35  0.03  0.10  0.17  0.33  0.65  0.97  1.57  2.91  4.25  5.19  6.71  7.96  8.15  7.86  6.98  6.38  4.63  2.58  1.29  1.03  0.59  0.32  0.23  0.12  0.08  0.06  0.06  0.05
 3  40  0.03  0.10  0.17  0.34  0.67  1.00  1.60  2.94  4.36  5.35  6.87  7.86  7.87  7.49  6.81  6.31  4.73  2.99  1.66  1.35  0.82  0.46  0.31  0.16  0.10  0.06  0.06  0.05
 3  45  0.03  0.10  0.17  0.35  0.68  1.01  1.63  3.01  4.47  5.49  6.90  7.67  7.58  7.15  6.53  6.12  4.94  3.25  1.93  1.58  1.00  0.58  0.36  0.21  0.12  0.07  0.06  0.06
 3  50  0.03  0.10  0.17  0.35  0.68  1.02  1.65  3.11  4.60  5.64  6.97  7.52  7.34  6.88  6.33  5.95  5.15  3.51  2.19  1.82  1.19  0.70  0.43  0.24  0.13  0.07  0.06  0.06
 3  55  0.04  0.11  0.18  0.36  0.71  1.05  1.70  3.17  4.63  5.67  6.85  7.30  7.08  6.65  6.16  5.82  5.15  3.61  2.34  1.97  1.33  0.77  0.48  0.27  0.13  0.07  0.06  0.06
 3  60  0.04  0.11  0.19  0.38  0.74  1.10  1.78  3.33  4.89  5.96  6.96  7.17  6.88  6.38  6.03  5.79  5.21  3.78  2.56  2.15  1.47  0.84  0.53  0.30  0.13  0.07  0.06  0.06
 3  65  0.04  0.12  0.20  0.39  0.77  1.13  1.84  3.42  4.88  5.88  6.73  6.92  6.66  6.22  5.85  5.60  5.07  3.78  2.65  2.26  1.62  0.90  0.56  0.32  0.13  0.07  0.06  0.06
 3  70  0.04  0.12  0.20  0.40  0.79  1.16  1.89  3.51  4.87  5.80  6.51  6.66  6.44  6.05  5.67  5.41  4.92  3.78  2.74  2.38  1.77  0.96  0.60  0.35  0.14  0.07  0.06  0.06
 3  75  0.04  0.12  0.20  0.40  0.79  1.17  1.89  3.50  4.73  5.59  6.27  6.58  6.48  6.16  5.62  5.24  4.81  3.79  2.78  2.42  1.81  1.00  0.59  0.35  0.15  0.08  0.06  0.06
 3  80  0.04  0.12  0.20  0.40  0.79  1.17  1.89  3.49  4.60  5.37  6.03  6.49  6.51  6.28  5.57  5.07  4.70  3.79  2.82  2.46  1.86  1.04  0.59  0.34  0.14  0.08  0.06  0.06
 3  85  0.04  0.12  0.20  0.40  0.79  1.17  1.89  3.49  4.59  5.36  6.02  6.48  6.50  6.27  5.57  5.08  4.70  3.80  2.83  2.47  1.87  1.04  0.59  0.34  0.14  0.08  0.06  0.06
 3  90  0.04  0.12  0.20  0.40  0.80  1.18  1.90  3.51  4.60  5.35  5.99  6.48  6.56  6.38  5.67  5.17  4.79  3.88  2.90  2.54  1.92  1.07  0.60  0.34  0.14  0.08  0.06  0.06
 4 -90  0.05  0.16  0.27  0.52  1.02  1.48  2.31  3.86  4.33  4.66  4.83  4.80  4.53  4.07  3.52  3.20  2.96  2.86  2.09  1.71  1.09  0.45  0.28  0.17  0.09  0.04  0.03  0.02
 4 -85  0.05  0.16  0.27  0.53  1.02  1.49  2.33  3.89  4.39  4.73  4.90  4.84  4.55  4.07  3.51  3.18  2.93  2.84  2.08  1.70  1.08  0.45  0.27  0.17  0.09  0.04  0.03  0.03
 4 -80  0.05  0.16  0.27  0.53  1.03  1.49  2.33  3.91  4.41  4.75  4.91  4.84  4.55  4.07  3.51  3.18  2.92  2.84  2.08  1.70  1.08  0.45  0.27  0.17  0.09  0.04  0.03  0.03
 4 -75  0.05  0.16  0.26  0.51  0.99  1.45  2.28  3.88  4.71  5.30  5.47  5.30  4.95  4.44  3.90  3.57  3.27  2.83  2.05  1.67  1.07  0.43  0.26  0.16  0.08  0.04  0.03  0.03
 4 -70  0.05  0.15  0.25  0.49  0.96  1.41  2.22  3.85  5.01  5.84  6.02  5.74  5.35  4.82  4.30  3.96  3.61  2.81  2.02  1.65  1.07  0.41  0.25  0.15  0.08  0.04  0.03  0.03
 4 -65  0.05  0.14  0.24  0.47  0.93  1.36  2.16  3.79  5.10  6.03  6.38  6.21  5.85  5.30  4.81  4.49  3.87  2.79  1.91  1.56  0.99  0.38  0.22  0.14  0.07  0.04  0.03  0.03
 4 -60  0.05  0.14  0.23  0.45  0.89  1.31  2.09  3.72  5.17  6.21  6.75  6.68  6.34  5.77  5.33  5.02  4.13  2.78  1.81  1.47  0.92  0.35  0.20  0.12  0.07  0.04  0.03  0.03
 4 -55  0.04  0.13  0.22  0.44  0.86  1.26  2.02  3.61  5.14  6.17  6.90  7.03  6.75  6.27  5.93  5.67  4.40  2.65  1.61  1.29  0.74  0.30  0.15  0.10  0.06  0.04  0.03  0.03
 4 -50  0.04  0.13  0.21  0.41  0.81  1.20  1.91  3.43  4.95  5.98  6.97  7.40  7.20  6.65  6.44  6.28  4.65  2.50  1.34  1.05  0.55  0.24  0.11  0.08  0.05  0.04  0.03  0.03
 4 -45  0.04  0.12  0.20  0.39  0.77  1.13  1.82  3.29  4.78  5.80  6.97  7.64  7.55  7.03  6.48  6.12  4.49  2.35  1.25  0.98  0.51  0.21  0.11  0.06  0.05  0.04  0.03  0.03
 4 -40  0.04  0.11  0.19  0.37  0.73  1.08  1.74  3.15  4.62  5.62  6.96  7.88  7.90  7.43  6.57  5.98  4.34  2.19  1.17  0.92  0.47  0.19  0.09  0.06  0.04  0.04  0.03  0.03
 4 -35  0.04  0.11  0.18  0.35  0.70  1.03  1.67  3.08  4.50  5.48  6.93  8.09  8.28  7.92  6.82  6.05  4.20  1.97  0.99  0.77  0.39  0.15  0.08  0.05  0.04  0.04  0.03  0.03
 4 -30  0.03  0.10  0.17  0.34  0.67  0.99  1.61  2.99  4.37  5.31  6.88  8.29  8.65  8.42  7.07  6.13  4.06  1.75  0.81  0.62  0.31  0.09  0.06  0.04  0.04  0.04  0.04  0.03
 4 -25  0.03  0.10  0.16  0.33  0.65  0.96  1.56  2.92  4.24  5.14  6.71  8.38  8.94  8.89  7.49  6.50  4.08  1.56  0.61  0.46  0.21  0.06  0.04  0.04  0.04  0.04  0.04  0.03
 4 -20  0.03  0.09  0.16  0.31  0.62  0.92  1.51  2.85  4.08  4.91  6.52  8.50  9.25  9.32  7.90  6.88  4.11  1.37  0.42  0.31  0.12  0.04  0.03  0.03  0.03  0.03  0.04  0.03
 4 -15  0.03  0.09  0.15  0.31  0.61  0.90  1.47  2.79  3.94  4.76  6.35  8.44  9.39  9.63  8.14  7.06  4.11  1.31  0.40  0.29  0.12  0.04  0.03  0.03  0.03  0.03  0.03  0.03
 4 -10  0.03  0.09  0.15  0.30  0.60  0.89  1.45  2.74  3.83  4.60  6.22  8.44  9.57  9.95  8.38  7.24  4.10  1.25  0.37  0.28  0.12  0.03  0.03  0.03  0.03  0.03  0.03  0.03
 4  -5  0.03  0.09  0.15  0.30  0.59  0.88  1.43  2.71  3.77  4.52  6.14  8.41  9.58 10.00  8.41  7.25  4.12  1.26  0.37  0.28  0.12  0.03  0.03  0.03  0.03  0.03  0.03  0.03
 4   0  0.03  0.09  0.15  0.31  0.60  0.89  1.44  2.66  3.70  4.42  6.03  8.32  9.51 10.01  8.44  7.27  4.15  1.29  0.37  0.28  0.12  0.03  0.03  0.03  0.03  0.03  0.03  0.03
 4   5  0.03  0.09  0.15  0.30  0.60  0.89  1.44  2.70  3.77  4.54  6.14  8.40  9.47  9.80  8.35  7.25  4.22  1.39  0.53  0.39  0.14  0.03  0.03  0.03  0.03  0.03  0.03  0.03
 4  10  0.03  0.09  0.15  0.30  0.59  0.88  1.44  2.75  3.89  4.69  6.31  8.49  9.44  9.65  8.24  7.22  4.28  1.48  0.68  0.49  0.16  0.04  0.03  0.03  0.03  0.04  0.04  0.04
 4  15  0.03  0.09  0.15  0.30  0.59  0.88  1.45  2.79  3.94  4.77  6.37  8.43  9.29  9.37  8.00  7.02  4.25  1.54  0.72  0.51  0.16  0.04  0.04  0.04  0.04  0.05  0.05  0.05
 4  20  0.03  0.09  0.15  0.31  0.61  0.91  1.48  2.81  4.00  4.85  6.46  8.37  9.07  9.07  7.74  6.80  4.21  1.60  0.75  0.54  0.17  0.06  0.04  0.04  0.05  0.05  0.05  0.05
 4  25  0.03  0.09  0.16  0.31  0.61  0.91  1.48  2.82  4.02  4.89  6.51  8.29  8.91  8.84  7.61  6.77  4.37  1.82  0.86  0.64  0.26  0.09  0.07  0.06  0.06  0.06  0.06  0.05
 4  30  0.03  0.09  0.16  0.31  0.61  0.91  1.49  2.82  4.04  4.90  6.51  8.21  8.71  8.57  7.47  6.72  4.51  2.06  0.98  0.75  0.36  0.17  0.11  0.08  0.07  0.06  0.06  0.05
 4  35  0.03  0.09  0.16  0.31  0.62  0.92  1.49  2.78  4.02  4.88  6.49  8.12  8.52  8.29  7.29  6.59  4.51  2.37  1.28  1.02  0.58  0.34  0.18  0.11  0.08  0.06  0.06  0.05
 4  40  0.03  0.10  0.16  0.32  0.62  0.92  1.49  2.72  4.00  4.89  6.54  8.03  8.32  8.03  7.12  6.47  4.51  2.68  1.57  1.29  0.80  0.48  0.31  0.14  0.09  0.07  0.06  0.06
 4  45  0.03  0.09  0.16  0.31  0.62  0.91  1.47  2.72  4.01  4.91  6.53  7.88  8.09  7.71  6.83  6.22  4.57  2.92  1.80  1.49  0.95  0.58  0.37  0.19  0.11  0.07  0.06  0.06
 4  50  0.03  0.09  0.15  0.31  0.61  0.90  1.46  2.74  4.04  4.95  6.57  7.79  7.91  7.46  6.58  5.98  4.62  3.15  2.02  1.68  1.10  0.67  0.43  0.25  0.13  0.08  0.06  0.06
 4  55  0.03  0.09  0.15  0.31  0.61  0.90  1.46  2.74  4.02  4.94  6.53  7.62  7.63  7.15  6.29  5.68  4.73  3.32  2.17  1.81  1.23  0.73  0.48  0.28  0.14  0.08  0.06  0.06
 4  60  0.03  0.10  0.16  0.32  0.62  0.93  1.50  2.82  4.24  5.22  6.73  7.55  7.41  6.82  6.03  5.48  4.91  3.55  2.37  1.98  1.35  0.78  0.53  0.31  0.15  0.08  0.06  0.06
 4  65  0.03  0.10  0.16  0.32  0.63  0.94  1.52  2.85  4.26  5.22  6.56  7.20  7.00  6.42  5.81  5.40  4.86  3.57  2.50  2.10  1.44  0.88  0.61  0.36  0.15  0.08  0.06  0.06
 4  70  0.03  0.10  0.16  0.32  0.64  0.95  1.54  2.89  4.27  5.22  6.38  6.85  6.60  6.03  5.61  5.33  4.82  3.60  2.62  2.21  1.53  0.97  0.69  0.41  0.18  0.08  0.06  0.06
 4  75  0.03  0.10  0.17  0.33  0.65  0.97  1.58  2.96  4.27  5.14  6.07  6.41  6.18  5.68  5.42  5.26  4.81  3.67  2.71  2.30  1.63  1.03  0.70  0.41  0.17  0.08  0.06  0.06
 4  80  0.03  0.10  0.17  0.34  0.67  0.99  1.61  3.04  4.25  5.06  5.75  5.97  5.76  5.34  5.24  5.19  4.79  3.75  2.80  2.40  1.74  1.09  0.70  0.41  0.16  0.08  0.06  0.06
 4  85  0.03  0.10  0.17  0.34  0.67  0.99  1.61  3.04  4.25  5.05  5.73  5.97  5.76  5.35  5.24  5.19  4.80  3.76  2.80  2.41  1.75  1.09  0.70  0.41  0.16  0.09  0.06  0.06
 4  90  0.03  0.10  0.17  0.34  0.67  1.00  1.63  3.06  4.29  5.10  5.77  6.00  5.80  5.41  5.32  5.27  4.89  3.84  2.87  2.47  1.80  1.12  0.72  0.41  0.17  0.09  0.07  0.06
 5 -90  0.06  0.17  0.29  0.56  1.08  1.56  2.40  3.74  4.47  4.98  4.85  4.51  4.03  3.53  3.46  3.43  3.35  2.79  2.05  1.67  1.05  0.44  0.26  0.15  0.06  0.04  0.03  0.03
 5 -85  0.06  0.17  0.29  0.57  1.09  1.57  2.41  3.77  4.53  5.05  4.91  4.55  4.06  3.54  3.46  3.43  3.34  2.77  2.03  1.66  1.05  0.43  0.25  0.15  0.06  0.04  0.03  0.03
 5 -80  0.06  0.17  0.29  0.57  1.09  1.58  2.42  3.79  4.56  5.08  4.95  4.55  4.05  3.53  3.45  3.42  3.33  2.77  2.03  1.66  1.05  0.43  0.25  0.15  0.06  0.04  0.03  0.03
 5 -75  0.06  0.17  0.28  0.56  1.08  1.56  2.40  3.82  4.74  5.37  5.44  5.16  4.74  4.22  3.91  3.73  3.44  2.65  1.89  1.54  0.97  0.40  0.23  0.14  0.06  0.04  0.03  0.03
 5 -70  0.06  0.17  0.28  0.54  1.05  1.53  2.37  3.86  4.92  5.66  5.93  5.76  5.42  4.91  4.38  4.05  3.56  2.54  1.75  1.43  0.90  0.38  0.21  0.13  0.07  0.04  0.03  0.03
 5 -65  0.06  0.17  0.28  0.55  1.07  1.56  2.44  4.13  5.30  6.12  6.27  6.06  5.74  5.26  4.87  4.63  4.05  2.68  1.76  1.42  0.86  0.38  0.21  0.13  0.07  0.04  0.03  0.03
 5 -60  0.06  0.17  0.28  0.55  1.08  1.59  2.51  4.39  5.66  6.57  6.60  6.35  6.04  5.59  5.37  5.22  4.53  2.80  1.77  1.40  0.81  0.38  0.20  0.12  0.06  0.04  0.03  0.03
 5 -55  0.05  0.16  0.27  0.53  1.04  1.53  2.44  4.30  5.76  6.75  6.92  6.71  6.39  5.99  5.77  5.59  4.64  2.64  1.65  1.30  0.70  0.38  0.18  0.11  0.06  0.04  0.03  0.03
 5 -50  0.05  0.16  0.26  0.51  1.00  1.47  2.34  4.13  5.71  6.78  7.17  7.09  6.78  6.28  6.09  5.93  4.74  2.45  1.46  1.14  0.59  0.37  0.17  0.08  0.05  0.04  0.03  0.03
 5 -45  0.05  0.14  0.24  0.47  0.92  1.35  2.15  3.82  5.41  6.50  7.20  7.37  7.10  6.57  6.19  5.92  4.65  2.37  1.37  1.07  0.54  0.33  0.15  0.07  0.05  0.04  0.03  0.03
 5 -40  0.04  0.13  0.22  0.43  0.84  1.24  1.97  3.53  5.13  6.24  7.24  7.65  7.44  6.90  6.34  5.94  4.55  2.28  1.28  0.99  0.49  0.30  0.14  0.06  0.04  0.04  0.03  0.03
 5 -35  0.04  0.12  0.20  0.39  0.77  1.14  1.84  3.34  4.87  5.93  7.14  7.85  7.79  7.36  6.76  6.34  4.50  2.05  1.04  0.79  0.36  0.22  0.09  0.06  0.04  0.04  0.03  0.03
 5 -30  0.04  0.11  0.18  0.37  0.72  1.06  1.71  3.14  4.60  5.60  7.02  8.04  8.15  7.82  7.17  6.73  4.43  1.82  0.80  0.59  0.24  0.10  0.06  0.05  0.04  0.04  0.03  0.03
 5 -25  0.04  0.11  0.18  0.35  0.69  1.02  1.64  3.02  4.39  5.33  6.79  8.13  8.46  8.32  7.42  6.78  4.34  1.68  0.65  0.47  0.19  0.06  0.04  0.04  0.04  0.04  0.03  0.03
 5 -20  0.03  0.10  0.17  0.33  0.66  0.97  1.57  2.90  4.14  4.99  6.53  8.26  8.82  8.78  7.66  6.83  4.24  1.55  0.49  0.36  0.13  0.04  0.03  0.03  0.03  0.03  0.03  0.03
 5 -15  0.03  0.10  0.16  0.32  0.64  0.95  1.54  2.85  4.04  4.86  6.37  8.22  8.99  9.14  7.95  7.10  4.28  1.45  0.43  0.31  0.12  0.04  0.03  0.03  0.03  0.03  0.03  0.03
 5 -10  0.03  0.10  0.16  0.32  0.63  0.94  1.52  2.80  3.94  4.73  6.27  8.24  9.19  9.50  8.26  7.35  4.30  1.35  0.36  0.27  0.11  0.03  0.03  0.03  0.03  0.03  0.03  0.03
 5  -5  0.03  0.10  0.16  0.32  0.63  0.93  1.50  2.78  3.90  4.69  6.24  8.25  9.26  9.62  8.18  7.14  4.09  1.19  0.32  0.24  0.10  0.03  0.03  0.03  0.03  0.03  0.03  0.03
 5   0  0.03  0.10  0.16  0.32  0.62  0.92  1.49  2.76  3.87  4.64  6.20  8.24  9.27  9.70  8.11  6.94  3.90  1.03  0.28  0.22  0.10  0.03  0.03  0.03  0.03  0.03  0.03  0.03
 5   5  0.03  0.09  0.16  0.31  0.62  0.92  1.49  2.77  3.90  4.70  6.28  8.33  9.29  9.61  8.21  7.16  4.18  1.29  0.45  0.35  0.16  0.03  0.03  0.03  0.03  0.03  0.03  0.03
 5  10  0.03  0.09  0.15  0.31  0.61  0.90  1.47  2.80  3.98  4.80  6.40  8.44  9.32  9.56  8.30  7.36  4.44  1.53  0.60  0.46  0.22  0.04  0.03  0.03  0.03  0.04  0.04  0.03
 5  15  0.03  0.09  0.15  0.30  0.60  0.90  1.47  2.81  3.99  4.82  6.41  8.40  9.23  9.34  8.14  7.27  4.34  1.61  0.64  0.49  0.23  0.04  0.04  0.04  0.04  0.05  0.05  0.04
 5  20  0.03  0.09  0.16  0.31  0.61  0.91  1.49  2.80  4.00  4.84  6.45  8.38  9.10  9.12  7.97  7.15  4.23  1.69  0.68  0.53  0.25  0.06  0.05  0.05  0.05  0.05  0.05  0.05
 5  25  0.03  0.09  0.15  0.31  0.61  0.90  1.47  2.78  3.97  4.80  6.41  8.27  8.97  8.95  7.81  7.03  4.43  1.86  0.80  0.62  0.32  0.10  0.07  0.06  0.06  0.06  0.06  0.05
 5  30  0.03  0.09  0.15  0.30  0.60  0.89  1.45  2.76  3.93  4.76  6.34  8.17  8.81  8.76  7.65  6.90  4.62  2.06  0.93  0.73  0.39  0.17  0.09  0.07  0.07  0.06  0.06  0.05
 5  35  0.03  0.09  0.15  0.30  0.60  0.89  1.44  2.70  3.85  4.66  6.21  8.02  8.62  8.51  7.46  6.73  4.62  2.29  1.16  0.94  0.56  0.31  0.14  0.09  0.07  0.06  0.06  0.05
 5  40  0.03  0.09  0.15  0.30  0.60  0.88  1.42  2.63  3.79  4.58  6.16  7.88  8.42  8.28  7.28  6.57  4.61  2.52  1.38  1.14  0.73  0.44  0.21  0.12  0.09  0.07  0.06  0.06
 5  45  0.03  0.09  0.15  0.29  0.58  0.86  1.39  2.58  3.70  4.49  6.02  7.70  8.19  7.99  6.99  6.30  4.56  2.70  1.61  1.33  0.87  0.53  0.34  0.16  0.10  0.07  0.06  0.06
 5  50  0.03  0.09  0.14  0.28  0.56  0.83  1.35  2.55  3.65  4.42  5.95  7.56  8.00  7.73  6.73  6.05  4.51  2.87  1.82  1.52  1.02  0.63  0.41  0.20  0.12  0.08  0.06  0.06
 5  55  0.03  0.08  0.14  0.27  0.54  0.81  1.32  2.49  3.54  4.29  5.84  7.40  7.74  7.40  6.42  5.75  4.50  2.99  1.93  1.61  1.09  0.67  0.47  0.27  0.14  0.08  0.06  0.06
 5  60  0.03  0.08  0.14  0.28  0.55  0.81  1.33  2.51  3.66  4.46  5.97  7.33  7.52  7.03  6.14  5.54  4.55  3.17  2.09  1.73  1.15  0.70  0.51  0.30  0.15  0.08  0.07  0.06
 5  65  0.03  0.08  0.14  0.27  0.54  0.80  1.30  2.46  3.58  4.36  5.80  6.97  7.05  6.51  5.64  5.06  4.26  3.17  2.21  1.85  1.26  0.77  0.57  0.35  0.16  0.08  0.06  0.06
 5  70  0.03  0.08  0.13  0.27  0.53  0.78  1.27  2.41  3.50  4.26  5.62  6.62  6.59  5.99  5.15  4.58  3.98  3.17  2.33  1.96  1.37  0.84  0.63  0.41  0.23  0.09  0.07  0.06
 5  75  0.03  0.08  0.13  0.27  0.53  0.78  1.27  2.41  3.55  4.34  5.63  6.37  6.19  5.54  4.93  4.54  4.11  3.26  2.36  2.00  1.39  0.86  0.63  0.41  0.23  0.09  0.07  0.06
 5  80  0.03  0.08  0.13  0.27  0.53  0.78  1.27  2.41  3.59  4.41  5.64  6.12  5.79  5.08  4.71  4.49  4.24  3.35  2.41  2.04  1.43  0.88  0.62  0.40  0.22  0.09  0.07  0.06
 5  85  0.03  0.08  0.13  0.27  0.53  0.78  1.27  2.41  3.59  4.40  5.63  6.11  5.78  5.07  4.69  4.49  4.25  3.37  2.42  2.05  1.43  0.88  0.63  0.40  0.22  0.09  0.07  0.06
 5  90  0.03  0.08  0.13  0.26  0.52  0.78  1.27  2.40  3.58  4.39  5.62  6.12  5.78  5.06  4.66  4.45  4.26  3.42  2.45  2.08  1.45  0.89  0.64  0.41  0.22  0.10  0.07  0.06
 6 -90  0.06  0.17  0.29  0.56  1.08  1.55  2.35  3.51  4.56  5.29  5.17  4.84  4.51  4.13  3.99  3.88  3.35  2.80  2.03  1.68  1.11  0.41  0.19  0.09  0.05  0.03  0.03  0.03
 6 -85  0.06  0.18  0.29  0.57  1.09  1.56  2.36  3.54  4.62  5.37  5.27  4.90  4.54  4.14  3.99  3.87  3.35  2.79  2.02  1.67  1.10  0.40  0.19  0.09  0.05  0.04  0.03  0.03
 6 -80  0.06  0.18  0.29  0.57  1.09  1.56  2.37  3.56  4.64  5.39  5.31  4.93  4.56  4.14  3.98  3.87  3.35  2.79  2.02  1.67  1.10  0.40  0.19  0.09  0.06  0.04  0.03  0.03
 6 -75  0.06  0.18  0.29  0.57  1.09  1.58  2.40  3.69  4.78  5.54  5.66  5.45  5.09  4.63  4.27  4.04  3.49  2.77  1.98  1.64  1.09  0.39  0.18  0.10  0.06  0.04  0.03  0.03
 6 -70  0.06  0.17  0.29  0.57  1.10  1.58  2.43  3.84  4.94  5.71  6.01  5.93  5.60  5.11  4.56  4.21  3.65  2.75  1.95  1.62  1.08  0.38  0.18  0.09  0.06  0.04  0.03  0.03
 6 -65  0.06  0.17  0.29  0.57  1.09  1.58  2.46  4.00  5.16  5.98  6.16  6.05  5.74  5.27  4.88  4.64  4.02  2.82  1.94  1.60  1.05  0.41  0.21  0.10  0.06  0.04  0.03  0.03
 6 -60  0.06  0.17  0.28  0.56  1.09  1.58  2.48  4.15  5.37  6.23  6.31  6.16  5.87  5.42  5.20  5.06  4.38  2.89  1.93  1.59  1.01  0.45  0.25  0.10  0.06  0.04  0.03  0.03
 6 -55  0.06  0.17  0.28  0.55  1.07  1.57  2.49  4.31  5.72  6.67  6.68  6.44  6.14  5.79  5.61  5.47  4.55  2.75  1.77  1.45  0.89  0.43  0.26  0.09  0.06  0.04  0.03  0.03
 6 -50  0.06  0.17  0.28  0.55  1.07  1.57  2.49  4.37  5.90  6.94  6.96  6.73  6.45  6.04  5.96  5.85  4.70  2.59  1.54  1.25  0.76  0.40  0.27  0.09  0.05  0.04  0.03  0.03
 6 -45  0.05  0.15  0.25  0.50  0.98  1.43  2.28  4.01  5.59  6.68  7.12  7.11  6.82  6.34  6.02  5.79  4.65  2.52  1.46  1.18  0.71  0.37  0.24  0.08  0.05  0.04  0.03  0.03
 6 -40  0.05  0.14  0.23  0.45  0.88  1.29  2.06  3.67  5.32  6.45  7.31  7.52  7.23  6.67  6.14  5.73  4.59  2.43  1.38  1.12  0.66  0.34  0.22  0.07  0.05  0.04  0.03  0.03
 6 -35  0.04  0.12  0.21  0.41  0.80  1.18  1.89  3.41  4.96  6.02  7.13  7.70  7.56  7.10  6.51  6.09  4.68  2.22  1.10  0.88  0.50  0.25  0.12  0.07  0.05  0.04  0.03  0.03
 6 -30  0.04  0.11  0.19  0.37  0.73  1.07  1.73  3.14  4.58  5.56  6.93  7.87  7.92  7.55  6.90  6.45  4.77  1.99  0.82  0.64  0.34  0.17  0.07  0.05  0.04  0.04  0.03  0.03
 6 -25  0.04  0.11  0.18  0.36  0.70  1.04  1.67  3.03  4.39  5.33  6.74  7.94  8.16  7.94  7.18  6.63  4.60  1.79  0.65  0.50  0.24  0.07  0.05  0.04  0.04  0.04  0.04  0.03
 6 -20  0.04  0.11  0.18  0.35  0.69  1.01  1.62  2.91  4.17  5.03  6.51  8.04  8.45  8.31  7.45  6.81  4.43  1.58  0.48  0.36  0.14  0.05  0.04  0.03  0.03  0.04  0.04  0.04
 6 -15  0.03  0.10  0.17  0.34  0.67  0.98  1.58  2.89  4.12  4.97  6.43  8.07  8.66  8.66  7.62  6.89  4.29  1.49  0.46  0.34  0.14  0.04  0.03  0.03  0.03  0.04  0.04  0.04
 6 -10  0.03  0.10  0.17  0.34  0.66  0.98  1.57  2.86  4.07  4.90  6.42  8.14  8.87  9.03  7.82  6.96  4.13  1.39  0.44  0.32  0.14  0.04  0.03  0.03  0.03  0.03  0.04  0.03
 6  -5  0.03  0.10  0.17  0.34  0.66  0.97  1.56  2.85  4.06  4.90  6.44  8.21  9.02  9.22  8.02  7.17  4.20  1.33  0.40  0.30  0.14  0.04  0.03  0.03  0.03  0.03  0.03  0.03
 6   0  0.03  0.10  0.16  0.32  0.64  0.94  1.53  2.86  4.06  4.90  6.46  8.28  9.14  9.40  8.23  7.40  4.28  1.28  0.37  0.29  0.14  0.04  0.03  0.03  0.03  0.03  0.03  0.03
 6   5  0.03  0.10  0.16  0.32  0.64  0.95  1.53  2.86  4.06  4.92  6.51  8.36  9.16  9.41  8.26  7.43  4.43  1.42  0.48  0.37  0.18  0.04  0.03  0.03  0.03  0.03  0.03  0.03
 6  10  0.03  0.09  0.16  0.31  0.62  0.93  1.51  2.88  4.12  4.98  6.59  8.46  9.23  9.43  8.29  7.44  4.57  1.57  0.59  0.46  0.22  0.04  0.03  0.03  0.04  0.04  0.04  0.03
 6  15  0.03  0.09  0.16  0.31  0.62  0.92  1.51  2.87  4.10  4.95  6.55  8.42  9.15  9.25  8.08  7.22  4.47  1.63  0.62  0.48  0.24  0.05  0.04  0.04  0.04  0.05  0.05  0.04
 6  20  0.03  0.10  0.16  0.32  0.63  0.94  1.52  2.85  4.07  4.93  6.55  8.40  9.06  9.07  7.85  6.98  4.37  1.69  0.66  0.51  0.26  0.07  0.05  0.05  0.05  0.05  0.05  0.04
 6  25  0.03  0.09  0.16  0.31  0.62  0.92  1.50  2.82  4.02  4.86  6.44  8.26  8.94  8.92  7.84  7.11  4.51  1.82  0.70  0.55  0.28  0.09  0.06  0.06  0.06  0.06  0.05  0.05
 6  30  0.03  0.09  0.15  0.31  0.61  0.90  1.47  2.79  3.95  4.78  6.33  8.14  8.79  8.76  7.84  7.22  4.65  1.95  0.75  0.58  0.30  0.14  0.08  0.06  0.06  0.06  0.05  0.05
 6  35  0.03  0.09  0.15  0.30  0.60  0.89  1.45  2.71  3.85  4.64  6.15  7.94  8.57  8.52  7.56  6.90  4.60  2.18  1.01  0.80  0.45  0.20  0.11  0.08  0.07  0.06  0.06  0.05
 6  40  0.03  0.09  0.15  0.30  0.59  0.87  1.42  2.63  3.75  4.52  6.04  7.75  8.34  8.28  7.28  6.58  4.55  2.42  1.26  1.01  0.59  0.33  0.16  0.10  0.08  0.07  0.06  0.05
 6  45  0.03  0.09  0.15  0.29  0.57  0.84  1.37  2.56  3.62  4.36  5.82  7.52  8.09  7.99  6.99  6.30  4.53  2.56  1.45  1.19  0.73  0.43  0.27  0.14  0.09  0.07  0.06  0.05
 6  50  0.03  0.08  0.14  0.27  0.54  0.80  1.31  2.50  3.52  4.23  5.67  7.33  7.86  7.71  6.71  6.04  4.51  2.69  1.64  1.36  0.88  0.52  0.35  0.16  0.10  0.07  0.06  0.05
 6  55  0.03  0.08  0.13  0.26  0.52  0.77  1.26  2.41  3.34  4.02  5.46  7.09  7.56  7.35  6.40  5.75  4.32  2.76  1.72  1.42  0.93  0.55  0.39  0.19  0.11  0.08  0.06  0.06
 6  60  0.03  0.08  0.13  0.26  0.52  0.77  1.25  2.40  3.41  4.11  5.49  6.94  7.30  6.95  6.12  5.56  4.20  2.89  1.85  1.51  0.97  0.58  0.43  0.26  0.13  0.08  0.07  0.06
 6  65  0.03  0.08  0.13  0.25  0.50  0.74  1.21  2.32  3.30  3.99  5.32  6.64  6.88  6.44  5.59  5.01  3.91  2.88  1.95  1.61  1.07  0.62  0.48  0.29  0.14  0.08  0.07  0.05
 6  70  0.02  0.07  0.12  0.24  0.48  0.71  1.17  2.23  3.20  3.86  5.16  6.34  6.46  5.94  5.06  4.46  3.62  2.87  2.05  1.71  1.16  0.66  0.53  0.33  0.16  0.09  0.07  0.06
 6  75  0.02  0.07  0.12  0.23  0.46  0.69  1.13  2.15  3.14  3.83  5.17  6.21  6.19  5.58  4.80  4.28  3.66  2.91  2.09  1.75  1.21  0.68  0.55  0.34  0.18  0.09  0.07  0.06
 6  80  0.02  0.07  0.11  0.22  0.45  0.66  1.08  2.07  3.09  3.79  5.18  6.08  5.92  5.23  4.55  4.10  3.70  2.94  2.13  1.80  1.26  0.70  0.56  0.36  0.19  0.10  0.07  0.05
 6  85  0.02  0.07  0.11  0.22  0.44  0.66  1.08  2.06  3.08  3.78  5.17  6.07  5.90  5.22  4.54  4.09  3.70  2.94  2.13  1.80  1.26  0.70  0.57  0.36  0.20  0.10  0.07  0.06
 6  90  0.02  0.07  0.11  0.22  0.44  0.66  1.08  2.06  3.06  3.76  5.14  6.05  5.89  5.22  4.54  4.08  3.68  2.94  2.13  1.80  1.26  0.71  0.58  0.37  0.20  0.11  0.07  0.06
 7 -90  0.05  0.16  0.26  0.51  0.97  1.38  2.06  2.93  4.08  4.87  5.17  5.18  4.91  4.36  4.10  3.89  3.58  2.75  2.01  1.64  1.04  0.41  0.19  0.09  0.05  0.03  0.03  0.03
 7 -85  0.05  0.16  0.26  0.51  0.97  1.39  2.07  2.94  4.11  4.92  5.25  5.26  4.96  4.39  4.11  3.89  3.59  2.75  2.00  1.63  1.03  0.40  0.19  0.08  0.05  0.03  0.03  0.03
 7 -80  0.05  0.16  0.26  0.51  0.97  1.39  2.07  2.94  4.12  4.93  5.27  5.29  4.98  4.40  4.10  3.89  3.58  2.75  2.01  1.63  1.03  0.40  0.19  0.08  0.05  0.03  0.03  0.03
 7 -75  0.05  0.15  0.24  0.48  0.91  1.30  1.95  2.80  4.01  4.85  5.39  5.71  5.54  4.97  4.38  3.97  3.46  2.74  2.01  1.65  1.06  0.40  0.19  0.08  0.05  0.03  0.03  0.03
 7 -70  0.05  0.14  0.23  0.44  0.85  1.21  1.83  2.69  3.91  4.78  5.54  6.13  6.07  5.53  4.65  4.05  3.35  2.74  2.02  1.67  1.09  0.41  0.20  0.09  0.05  0.04  0.03  0.03
 7 -65  0.05  0.14  0.23  0.46  0.88  1.28  1.96  3.08  4.34  5.25  5.86  6.19  6.02  5.49  4.95  4.61  3.92  2.86  2.00  1.66  1.11  0.43  0.21  0.10  0.05  0.04  0.03  0.03
 7 -60  0.05  0.14  0.24  0.47  0.91  1.33  2.07  3.46  4.76  5.70  6.16  6.23  5.95  5.43  5.25  5.16  4.47  2.96  1.96  1.64  1.13  0.46  0.25  0.10  0.06  0.04  0.03  0.03
 7 -55  0.05  0.14  0.23  0.46  0.90  1.32  2.09  3.69  5.13  6.13  6.57  6.54  6.23  5.81  5.73  5.66  4.67  2.85  1.84  1.52  0.97  0.43  0.26  0.10  0.06  0.04  0.03  0.03
 7 -50  0.05  0.14  0.23  0.46  0.90  1.33  2.12  3.80  5.34  6.39  6.90  6.85  6.54  6.07  6.13  6.14  4.86  2.72  1.65  1.34  0.82  0.40  0.27  0.09  0.05  0.04  0.03  0.03
 7 -45  0.05  0.13  0.22  0.44  0.87  1.27  2.04  3.63  5.17  6.24  7.02  7.22  6.94  6.43  6.20  6.04  4.85  2.73  1.61  1.29  0.77  0.37  0.24  0.08  0.05  0.04  0.03  0.03
 7 -40  0.04  0.13  0.21  0.42  0.82  1.21  1.93  3.49  5.06  6.14  7.20  7.63  7.40  6.85  6.34  5.96  4.84  2.75  1.56  1.25  0.71  0.33  0.21  0.08  0.05  0.04  0.03  0.03
 7 -35  0.04  0.12  0.20  0.39  0.77  1.14  1.82  3.31  4.81  5.84  7.06  7.75  7.66  7.21  6.51  6.02  4.79  2.53  1.30  1.01  0.54  0.25  0.17  0.08  0.05  0.04  0.04  0.03
 7 -30  0.04  0.11  0.19  0.37  0.72  1.07  1.72  3.14  4.55  5.52  6.90  7.88  7.95  7.58  6.70  6.08  4.73  2.30  1.04  0.79  0.38  0.18  0.09  0.07  0.05  0.04  0.04  0.04
 7 -25  0.04  0.11  0.18  0.36  0.71  1.05  1.68  3.04  4.41  5.37  6.80  7.97  8.13  7.86  6.99  6.36  4.60  2.02  0.81  0.61  0.28  0.08  0.06  0.05  0.04  0.04  0.04  0.04
 7 -20  0.04  0.11  0.18  0.36  0.70  1.03  1.65  2.94  4.24  5.16  6.67  8.06  8.35  8.11  7.26  6.64  4.48  1.73  0.59  0.43  0.18  0.06  0.04  0.04  0.04  0.04  0.04  0.04
 7 -15  0.03  0.10  0.17  0.34  0.68  1.00  1.61  2.92  4.21  5.09  6.62  8.15  8.60  8.47  7.53  6.88  4.25  1.54  0.53  0.40  0.17  0.05  0.04  0.03  0.04  0.04  0.04  0.04
 7 -10  0.03  0.10  0.17  0.34  0.67  0.99  1.59  2.89  4.16  5.04  6.62  8.28  8.89  8.91  7.85  7.13  4.00  1.34  0.47  0.36  0.16  0.04  0.03  0.03  0.03  0.04  0.04  0.04
 7  -5  0.03  0.10  0.17  0.34  0.67  0.98  1.58  2.87  4.14  5.03  6.63  8.36  9.08  9.16  7.91  7.07  4.07  1.31  0.47  0.36  0.17  0.04  0.03  0.03  0.03  0.04  0.04  0.03
 7   0  0.03  0.10  0.16  0.32  0.63  0.94  1.53  2.90  4.15  5.04  6.67  8.48  9.27  9.41  7.99  7.03  4.15  1.29  0.47  0.36  0.18  0.04  0.03  0.03  0.03  0.03  0.03  0.03
 7   5  0.03  0.10  0.16  0.33  0.64  0.95  1.55  2.89  4.16  5.05  6.71  8.53  9.28  9.44  8.16  7.26  4.38  1.48  0.59  0.45  0.20  0.04  0.03  0.03  0.03  0.03  0.03  0.03
 7  10  0.03  0.10  0.16  0.32  0.63  0.94  1.53  2.91  4.20  5.10  6.78  8.63  9.34  9.49  8.32  7.47  4.59  1.68  0.70  0.53  0.23  0.04  0.03  0.03  0.03  0.04  0.03  0.03
 7  15  0.03  0.10  0.16  0.32  0.64  0.95  1.54  2.92  4.21  5.09  6.75  8.55  9.22  9.26  8.14  7.34  4.58  1.73  0.72  0.54  0.24  0.05  0.04  0.04  0.04  0.04  0.04  0.03
 7  20  0.03  0.10  0.17  0.33  0.65  0.96  1.56  2.91  4.19  5.08  6.74  8.51  9.10  9.08  7.98  7.19  4.58  1.78  0.74  0.56  0.25  0.07  0.05  0.05  0.05  0.05  0.05  0.04
 7  25  0.03  0.10  0.16  0.32  0.64  0.95  1.54  2.91  4.17  5.04  6.63  8.36  8.95  8.91  7.81  7.05  4.55  1.92  0.79  0.59  0.25  0.09  0.06  0.06  0.06  0.06  0.05  0.04
 7  30  0.03  0.10  0.16  0.32  0.63  0.93  1.52  2.90  4.12  4.99  6.54  8.22  8.78  8.73  7.65  6.91  4.51  2.04  0.83  0.62  0.26  0.11  0.07  0.06  0.06  0.06  0.05  0.04
 7  35  0.03  0.09  0.16  0.31  0.62  0.92  1.50  2.82  4.01  4.84  6.35  7.99  8.54  8.48  7.44  6.73  4.49  2.17  1.00  0.76  0.37  0.14  0.08  0.07  0.07  0.06  0.05  0.05
 7  40  0.03  0.09  0.15  0.31  0.61  0.90  1.46  2.75  3.91  4.71  6.20  7.78  8.29  8.22  7.24  6.56  4.46  2.29  1.17  0.91  0.48  0.19  0.11  0.08  0.07  0.07  0.06  0.05
 7  45  0.03  0.09  0.15  0.30  0.59  0.87  1.41  2.65  3.74  4.51  5.96  7.53  8.03  7.92  6.96  6.29  4.44  2.41  1.31  1.05  0.60  0.30  0.16  0.11  0.08  0.07  0.06  0.05
 7  50  0.03  0.08  0.14  0.28  0.55  0.82  1.35  2.56  3.60  4.33  5.75  7.30  7.78  7.63  6.68  6.03  4.42  2.53  1.45  1.18  0.74  0.39  0.27  0.13  0.09  0.07  0.06  0.05
 7  55  0.03  0.08  0.13  0.27  0.53  0.78  1.28  2.46  3.41  4.10  5.52  7.06  7.48  7.28  6.30  5.62  4.21  2.57  1.53  1.26  0.82  0.44  0.32  0.16  0.11  0.07  0.06  0.05
 7  60  0.03  0.08  0.13  0.26  0.52  0.77  1.26  2.43  3.45  4.16  5.52  6.90  7.22  6.88  5.94  5.31  4.07  2.66  1.67  1.37  0.90  0.49  0.37  0.19  0.12  0.08  0.06  0.05
 7  65  0.03  0.08  0.13  0.25  0.50  0.74  1.21  2.33  3.32  4.00  5.31  6.55  6.75  6.32  5.36  4.70  3.71  2.65  1.76  1.46  0.98  0.52  0.40  0.25  0.13  0.08  0.06  0.05
 7  70  0.02  0.07  0.12  0.24  0.48  0.71  1.16  2.23  3.18  3.84  5.09  6.20  6.28  5.77  4.78  4.09  3.34  2.65  1.85  1.55  1.06  0.55  0.44  0.28  0.14  0.08  0.06  0.05
 7  75  0.02  0.07  0.11  0.23  0.45  0.68  1.11  2.13  3.11  3.78  5.06  6.00  5.95  5.37  4.51  3.90  3.32  2.69  1.91  1.59  1.09  0.56  0.46  0.29  0.15  0.09  0.06  0.05
 7  80  0.02  0.07  0.11  0.22  0.43  0.64  1.05  2.02  3.03  3.72  5.03  5.82  5.62  4.97  4.23  3.71  3.28  2.72  1.96  1.64  1.13  0.56  0.48  0.31  0.16  0.09  0.07  0.05
 7  85  0.02  0.07  0.11  0.22  0.43  0.64  1.05  2.02  3.02  3.71  5.01  5.80  5.61  4.96  4.22  3.71  3.28  2.72  1.96  1.64  1.13  0.56  0.48  0.31  0.18  0.09  0.07  0.05
 7  90  0.02  0.07  0.11  0.22  0.43  0.64  1.05  2.01  3.00  3.69  4.99  5.76  5.58  4.94  4.19  3.68  3.24  2.71  1.96  1.64  1.12  0.56  0.50  0.32  0.18  0.09  0.07  0.05
 8 -90  0.04  0.12  0.20  0.40  0.76  1.09  1.64  2.38  3.40  4.12  5.08  6.10  6.10  5.25  4.19  3.42  2.91  2.51  1.83  1.51  0.98  0.40  0.16  0.08  0.05  0.03  0.03  0.03
 8 -85  0.04  0.12  0.21  0.40  0.77  1.10  1.65  2.42  3.48  4.23  5.21  6.18  6.15  5.28  4.20  3.43  2.93  2.53  1.83  1.51  0.98  0.40  0.17  0.08  0.05  0.04  0.03  0.03
 8 -80  0.04  0.12  0.21  0.40  0.77  1.10  1.66  2.43  3.50  4.25  5.23  6.20  6.17  5.29  4.21  3.44  2.95  2.55  1.84  1.51  0.98  0.40  0.17  0.08  0.05  0.04  0.03  0.03
 8 -75  0.04  0.13  0.21  0.41  0.78  1.12  1.72  2.64  3.69  4.45  5.35  6.11  6.07  5.39  4.42  3.73  3.13  2.63  1.89  1.57  1.04  0.42  0.17  0.08  0.05  0.04  0.03  0.03
 8 -70  0.04  0.12  0.21  0.41  0.78  1.14  1.76  2.86  3.89  4.65  5.46  6.01  5.95  5.49  4.60  4.00  3.31  2.71  1.95  1.63  1.11  0.45  0.17  0.08  0.05  0.04  0.03  0.03
 8 -65  0.04  0.12  0.20  0.40  0.77  1.13  1.77  3.04  4.14  4.96  5.81  6.26  6.13  5.65  5.04  4.66  3.89  2.91  1.94  1.61  1.08  0.46  0.19  0.08  0.05  0.04  0.03  0.03
 8 -60  0.04  0.12  0.20  0.39  0.76  1.12  1.79  3.19  4.39  5.27  6.16  6.49  6.29  5.78  5.48  5.30  4.44  3.07  1.91  1.58  1.04  0.46  0.26  0.09  0.06  0.04  0.03  0.03
 8 -55  0.04  0.12  0.20  0.39  0.77  1.13  1.84  3.40  4.79  5.73  6.64  6.92  6.70  6.28  5.95  5.69  4.74  3.12  1.89  1.56  0.99  0.45  0.27  0.10  0.06  0.04  0.03  0.03
 8 -50  0.04  0.12  0.20  0.39  0.78  1.15  1.88  3.51  5.00  6.02  7.02  7.37  7.15  6.67  6.34  6.06  5.03  3.15  1.79  1.47  0.93  0.43  0.28  0.10  0.06  0.04  0.04  0.03
 8 -45  0.04  0.12  0.20  0.40  0.78  1.16  1.87  3.44  4.93  5.98  7.09  7.61  7.44  6.94  6.38  5.97  4.98  3.09  1.74  1.41  0.88  0.40  0.27  0.10  0.06  0.04  0.04  0.03
 8 -40  0.04  0.12  0.20  0.39  0.77  1.14  1.84  3.39  4.92  5.96  7.20  7.89  7.80  7.28  6.48  5.91  4.94  3.03  1.67  1.35  0.82  0.37  0.25  0.10  0.06  0.04  0.04  0.04
 8 -35  0.04  0.11  0.19  0.38  0.74  1.09  1.77  3.26  4.74  5.77  7.13  8.00  7.96  7.49  6.60  5.98  4.84  2.76  1.38  1.10  0.63  0.29  0.20  0.09  0.06  0.04  0.04  0.04
 8 -30  0.04  0.11  0.18  0.36  0.71  1.04  1.69  3.12  4.55  5.55  7.04  8.10  8.16  7.72  6.74  6.05  4.73  2.48  1.10  0.85  0.45  0.21  0.10  0.07  0.06  0.05  0.04  0.04
 8 -25  0.04  0.11  0.18  0.36  0.70  1.03  1.66  3.01  4.40  5.38  6.95  8.24  8.39  8.03  7.01  6.29  4.61  2.16  0.82  0.63  0.31  0.08  0.06  0.05  0.05  0.05  0.05  0.04
 8 -20  0.04  0.11  0.18  0.35  0.69  1.01  1.62  2.90  4.23  5.17  6.83  8.37  8.66  8.31  7.26  6.52  4.50  1.83  0.55  0.41  0.17  0.06  0.05  0.04  0.04  0.04  0.05  0.04
 8 -15  0.03  0.10  0.17  0.34  0.66  0.98  1.57  2.88  4.17  5.06  6.72  8.44  8.93  8.70  7.58  6.83  4.26  1.60  0.53  0.39  0.15  0.05  0.04  0.04  0.04  0.04  0.04  0.04
 8 -10  0.03  0.10  0.17  0.33  0.65  0.96  1.55  2.84  4.10  4.97  6.67  8.55  9.25  9.20  7.96  7.14  3.98  1.35  0.50  0.36  0.13  0.04  0.04  0.03  0.04  0.04  0.04  0.04
 8  -5  0.03  0.10  0.17  0.33  0.65  0.95  1.54  2.82  4.07  4.95  6.64  8.59  9.43  9.48  8.11  7.22  3.98  1.32  0.50  0.36  0.14  0.04  0.03  0.03  0.03  0.04  0.04  0.04
 8   0  0.03  0.09  0.15  0.31  0.61  0.91  1.49  2.85  4.08  4.95  6.66  8.71  9.65  9.77  8.28  7.31  3.99  1.29  0.50  0.37  0.15  0.04  0.03  0.03  0.03  0.04  0.04  0.03
 8   5  0.03  0.10  0.16  0.32  0.63  0.93  1.51  2.84  4.10  4.98  6.72  8.73  9.61  9.75  8.34  7.40  4.27  1.45  0.60  0.45  0.18  0.04  0.03  0.03  0.03  0.04  0.03  0.03
 8  10  0.03  0.09  0.16  0.31  0.62  0.92  1.51  2.87  4.15  5.05  6.79  8.81  9.61  9.74  8.41  7.47  4.53  1.62  0.70  0.52  0.20  0.04  0.03  0.03  0.03  0.04  0.03  0.03
 8  15  0.03  0.10  0.16  0.32  0.63  0.94  1.53  2.90  4.22  5.12  6.85  8.72  9.40  9.42  8.21  7.33  4.52  1.68  0.73  0.54  0.21  0.05  0.04  0.04  0.04  0.04  0.04  0.03
 8  20  0.03  0.10  0.17  0.33  0.65  0.97  1.57  2.91  4.24  5.17  6.91  8.68  9.22  9.17  8.01  7.18  4.52  1.75  0.77  0.57  0.22  0.06  0.05  0.05  0.05  0.05  0.05  0.04
 8  25  0.03  0.10  0.16  0.33  0.65  0.96  1.56  2.95  4.29  5.21  6.86  8.52  9.03  8.93  7.82  7.03  4.49  1.87  0.80  0.59  0.23  0.07  0.06  0.05  0.06  0.06  0.05  0.04
 8  30  0.03  0.10  0.16  0.33  0.64  0.96  1.56  2.97  4.30  5.23  6.85  8.39  8.82  8.70  7.62  6.88  4.46  1.98  0.84  0.61  0.24  0.10  0.07  0.06  0.06  0.06  0.05  0.05
 8  35  0.03  0.10  0.16  0.32  0.64  0.95  1.55  2.93  4.21  5.11  6.66  8.15  8.56  8.43  7.41  6.71  4.44  2.07  0.95  0.72  0.33  0.12  0.08  0.07  0.06  0.06  0.05  0.05
 8  40  0.03  0.10  0.16  0.32  0.63  0.94  1.52  2.88  4.14  5.01  6.52  7.93  8.30  8.16  7.20  6.53  4.41  2.14  1.07  0.82  0.41  0.15  0.09  0.08  0.07  0.06  0.06  0.05
 8  45  0.03  0.09  0.16  0.31  0.62  0.91  1.49  2.79  4.00  4.84  6.33  7.70  8.04  7.84  6.90  6.25  4.31  2.26  1.21  0.96  0.53  0.23  0.13  0.09  0.08  0.06  0.06  0.05
 8  50  0.03  0.09  0.15  0.30  0.59  0.88  1.44  2.72  3.88  4.69  6.16  7.48  7.77  7.52  6.60  5.96  4.20  2.37  1.36  1.10  0.66  0.30  0.19  0.12  0.09  0.07  0.06  0.05
 8  55  0.03  0.09  0.14  0.28  0.56  0.84  1.37  2.63  3.72  4.50  5.98  7.28  7.49  7.16  6.24  5.59  3.96  2.45  1.48  1.20  0.74  0.34  0.22  0.15  0.10  0.07  0.06  0.05
 8  60  0.03  0.08  0.14  0.28  0.55  0.82  1.35  2.61  3.78  4.60  6.02  7.15  7.23  6.74  5.89  5.31  3.80  2.59  1.66  1.34  0.82  0.38  0.26  0.17  0.11  0.07  0.06  0.05
 8  65  0.03  0.08  0.14  0.27  0.54  0.80  1.31  2.53  3.66  4.44  5.77  6.70  6.65  6.09  5.28  4.72  3.53  2.60  1.74  1.42  0.90  0.42  0.31  0.19  0.11  0.07  0.06  0.05
 8  70  0.03  0.08  0.13  0.26  0.52  0.78  1.27  2.45  3.54  4.29  5.51  6.24  6.07  5.45  4.67  4.14  3.27  2.60  1.83  1.50  0.97  0.47  0.35  0.22  0.12  0.07  0.06  0.05
 8  75  0.03  0.08  0.13  0.26  0.51  0.76  1.25  2.41  3.48  4.21  5.26  5.69  5.41  4.78  4.20  3.80  3.22  2.61  1.87  1.54  1.01  0.49  0.36  0.23  0.13  0.08  0.06  0.05
 8  80  0.03  0.08  0.13  0.25  0.50  0.75  1.23  2.36  3.42  4.14  5.00  5.15  4.75  4.11  3.72  3.45  3.18  2.61  1.91  1.58  1.05  0.51  0.37  0.24  0.14  0.08  0.06  0.05
 8  85  0.03  0.08  0.13  0.25  0.50  0.75  1.23  2.36  3.41  4.12  4.98  5.13  4.73  4.11  3.72  3.45  3.18  2.61  1.90  1.58  1.05  0.51  0.37  0.24  0.15  0.08  0.06  0.05
 8  90  0.03  0.08  0.13  0.25  0.50  0.75  1.23  2.35  3.40  4.11  4.94  5.09  4.69  4.09  3.71  3.44  3.17  2.59  1.90  1.57  1.05  0.51  0.37  0.24  0.16  0.09  0.07  0.05
 9 -90  0.04  0.11  0.18  0.36  0.70  1.02  1.60  2.64  3.78  4.58  5.11  5.54  5.48  5.09  4.21  3.54  2.17  1.52  1.12  0.96  0.67  0.36  0.10  0.06  0.04  0.04  0.03  0.03
 9 -85  0.04  0.11  0.18  0.36  0.70  1.02  1.59  2.63  3.75  4.58  5.17  5.64  5.57  5.13  4.22  3.57  2.22  1.57  1.13  0.96  0.67  0.36  0.12  0.06  0.05  0.04  0.03  0.03
 9 -80  0.04  0.11  0.18  0.36  0.70  1.02  1.59  2.62  3.75  4.58  5.20  5.66  5.59  5.14  4.23  3.59  2.25  1.59  1.14  0.97  0.68  0.37  0.13  0.07  0.05  0.04  0.03  0.03
 9 -75  0.04  0.11  0.18  0.35  0.69  1.01  1.58  2.71  3.79  4.61  5.47  6.00  5.90  5.41  4.50  3.89  2.53  1.77  1.26  1.07  0.75  0.40  0.15  0.07  0.05  0.04  0.03  0.03
 9 -70  0.04  0.11  0.17  0.35  0.68  0.99  1.58  2.79  3.85  4.64  5.73  6.31  6.18  5.66  4.76  4.16  2.81  1.97  1.39  1.18  0.83  0.44  0.17  0.08  0.05  0.04  0.03  0.03
 9 -65  0.03  0.10  0.17  0.34  0.68  1.00  1.60  2.92  4.07  4.91  6.09  6.71  6.62  6.11  5.41  4.94  3.60  2.45  1.62  1.35  0.92  0.47  0.24  0.08  0.06  0.04  0.03  0.03
 9 -60  0.04  0.11  0.18  0.35  0.69  1.02  1.64  3.03  4.28  5.20  6.45  7.13  7.06  6.54  6.05  5.71  4.34  2.88  1.81  1.50  0.99  0.51  0.27  0.10  0.06  0.04  0.03  0.03
 9 -55  0.04  0.11  0.18  0.36  0.71  1.05  1.70  3.19  4.59  5.55  6.80  7.46  7.39  6.99  6.42  6.00  4.72  3.11  1.92  1.56  0.95  0.49  0.27  0.10  0.06  0.04  0.04  0.03
 9 -50  0.04  0.11  0.18  0.36  0.71  1.06  1.73  3.29  4.74  5.76  7.06  7.81  7.78  7.33  6.73  6.28  5.10  3.32  1.95  1.56  0.91  0.47  0.27  0.10  0.06  0.04  0.04  0.03
 9 -45  0.04  0.11  0.18  0.36  0.72  1.06  1.72  3.23  4.70  5.74  7.11  7.97  7.95  7.46  6.70  6.15  5.00  3.22  1.86  1.48  0.84  0.43  0.27  0.10  0.06  0.04  0.04  0.04
 9 -40  0.04  0.11  0.18  0.36  0.71  1.05  1.71  3.19  4.70  5.73  7.21  8.17  8.19  7.67  6.72  6.05  4.91  3.11  1.77  1.39  0.76  0.39  0.26  0.09  0.06  0.05  0.04  0.04
 9 -35  0.04  0.11  0.18  0.35  0.69  1.02  1.66  3.10  4.57  5.59  7.16  8.30  8.38  7.88  6.82  6.07  4.81  2.79  1.46  1.13  0.57  0.29  0.20  0.09  0.06  0.05  0.04  0.04
 9 -30  0.03  0.10  0.17  0.34  0.66  0.99  1.60  3.01  4.43  5.42  7.09  8.42  8.58  8.12  6.94  6.10  4.71  2.46  1.16  0.87  0.39  0.19  0.10  0.07  0.06  0.05  0.05  0.04
 9 -25  0.03  0.10  0.17  0.34  0.66  0.98  1.58  2.92  4.28  5.23  6.96  8.52  8.81  8.43  7.19  6.32  4.66  2.23  0.95  0.70  0.30  0.08  0.06  0.05  0.05  0.05  0.05  0.05
 9 -20  0.03  0.10  0.17  0.33  0.65  0.96  1.55  2.84  4.13  5.05  6.80  8.61  9.04  8.71  7.43  6.52  4.63  1.98  0.74  0.54  0.21  0.06  0.05  0.04  0.04  0.05  0.05  0.05
 9 -15  0.03  0.10  0.16  0.32  0.63  0.93  1.51  2.82  4.06  4.91  6.63  8.59  9.22  9.04  7.71  6.82  4.36  1.69  0.63  0.46  0.18  0.05  0.04  0.04  0.04  0.04  0.05  0.05
 9 -10  0.03  0.09  0.16  0.31  0.61  0.91  1.48  2.80  3.99  4.81  6.51  8.60  9.46  9.49  8.06  7.12  4.06  1.38  0.53  0.39  0.15  0.04  0.04  0.04  0.04  0.04  0.04  0.04
 9  -5  0.03  0.09  0.16  0.31  0.61  0.91  1.48  2.78  3.95  4.78  6.46  8.59  9.61  9.75  8.15  7.11  3.99  1.34  0.53  0.39  0.15  0.04  0.03  0.03  0.04  0.04  0.04  0.04
 9   0  0.03  0.09  0.15  0.29  0.58  0.87  1.44  2.80  3.96  4.78  6.47  8.67  9.79 10.03  8.26  7.12  3.93  1.30  0.53  0.39  0.15  0.04  0.03  0.03  0.03  0.04  0.04  0.03
 9   5  0.03  0.09  0.15  0.31  0.61  0.90  1.47  2.80  4.00  4.83  6.54  8.69  9.72  9.96  8.36  7.30  4.21  1.44  0.60  0.44  0.17  0.04  0.03  0.03  0.03  0.04  0.03  0.03
 9  10  0.03  0.09  0.15  0.31  0.61  0.90  1.48  2.83  4.06  4.90  6.64  8.76  9.69  9.89  8.46  7.47  4.47  1.58  0.67  0.49  0.18  0.04  0.03  0.03  0.03  0.04  0.03  0.03
 9  15  0.03  0.09  0.16  0.31  0.62  0.92  1.50  2.85  4.14  5.01  6.76  8.71  9.45  9.52  8.25  7.33  4.45  1.61  0.68  0.49  0.18  0.04  0.03  0.03  0.04  0.04  0.04  0.03
 9  20  0.03  0.10  0.16  0.32  0.64  0.95  1.54  2.86  4.18  5.10  6.87  8.70  9.27  9.22  8.04  7.19  4.44  1.62  0.69  0.50  0.19  0.05  0.04  0.04  0.04  0.05  0.04  0.04
 9  25  0.03  0.10  0.16  0.32  0.63  0.94  1.53  2.91  4.25  5.18  6.87  8.54  9.02  8.91  7.91  7.19  4.48  1.70  0.71  0.52  0.19  0.07  0.05  0.05  0.05  0.05  0.05  0.04
 9  30  0.03  0.10  0.16  0.32  0.64  0.94  1.54  2.93  4.30  5.26  6.91  8.40  8.77  8.62  7.77  7.18  4.53  1.77  0.73  0.53  0.20  0.08  0.06  0.05  0.05  0.06  0.05  0.05
 9  35  0.03  0.10  0.16  0.32  0.64  0.95  1.55  2.94  4.30  5.25  6.83  8.17  8.47  8.28  7.40  6.80  4.44  1.94  0.91  0.68  0.29  0.10  0.07  0.06  0.06  0.06  0.05  0.05
 9  40  0.03  0.10  0.16  0.33  0.64  0.96  1.56  2.94  4.31  5.25  6.77  7.95  8.16  7.95  7.04  6.41  4.32  2.10  1.08  0.82  0.38  0.13  0.09  0.07  0.06  0.06  0.05  0.05
 9  45  0.03  0.10  0.16  0.33  0.65  0.96  1.56  2.93  4.29  5.24  6.72  7.75  7.84  7.54  6.69  6.10  4.22  2.22  1.22  0.95  0.50  0.20  0.12  0.09  0.07  0.06  0.05  0.05
 9  50  0.03  0.10  0.16  0.33  0.65  0.96  1.56  2.93  4.28  5.23  6.66  7.52  7.51  7.12  6.33  5.78  4.12  2.34  1.37  1.10  0.63  0.26  0.16  0.11  0.08  0.06  0.05  0.05
 9  55  0.03  0.10  0.16  0.32  0.63  0.93  1.53  2.92  4.23  5.18  6.58  7.31  7.18  6.70  5.91  5.34  3.92  2.40  1.48  1.20  0.72  0.31  0.20  0.14  0.09  0.06  0.05  0.05
 9  60  0.03  0.10  0.16  0.32  0.63  0.94  1.54  2.97  4.41  5.40  6.71  7.17  6.86  6.22  5.50  5.01  3.80  2.53  1.66  1.34  0.82  0.36  0.24  0.16  0.10  0.07  0.05  0.05
 9  65  0.03  0.10  0.16  0.32  0.64  0.95  1.56  2.99  4.39  5.36  6.45  6.67  6.27  5.60  4.91  4.43  3.55  2.51  1.75  1.42  0.90  0.42  0.27  0.18  0.10  0.06  0.05  0.05
 9  70  0.03  0.10  0.16  0.33  0.65  0.96  1.57  3.02  4.38  5.31  6.18  6.16  5.68  4.99  4.31  3.84  3.29  2.49  1.84  1.51  0.99  0.47  0.31  0.19  0.11  0.06  0.05  0.05
 9  75  0.03  0.10  0.16  0.33  0.65  0.97  1.58  3.02  4.16  4.93  5.45  5.39  5.01  4.46  4.06  3.79  3.23  2.49  1.84  1.52  1.00  0.47  0.32  0.20  0.11  0.07  0.05  0.05
 9  80  0.03  0.10  0.17  0.33  0.65  0.97  1.59  3.02  3.93  4.54  4.73  4.62  4.35  3.94  3.82  3.74  3.17  2.48  1.84  1.52  1.01  0.47  0.32  0.21  0.12  0.07  0.05  0.05
 9  85  0.03  0.10  0.17  0.33  0.65  0.97  1.59  3.02  3.90  4.50  4.68  4.59  4.33  3.93  3.82  3.74  3.16  2.48  1.84  1.52  1.01  0.47  0.33  0.21  0.12  0.07  0.06  0.05
 9  90  0.03  0.10  0.17  0.33  0.65  0.97  1.58  3.01  3.87  4.46  4.64  4.56  4.29  3.89  3.77  3.69  3.12  2.46  1.83  1.52  1.01  0.47  0.33  0.21  0.12  0.07  0.05  0.05
10 -90  0.03  0.09  0.15  0.29  0.57  0.84  1.36  2.48  3.46  4.15  5.43  6.16  6.16  5.67  4.85  4.24  2.79  0.85  0.49  0.47  0.40  0.36  0.11  0.06  0.05  0.04  0.03  0.03
10 -85  0.03  0.09  0.15  0.29  0.57  0.85  1.37  2.49  3.46  4.14  5.37  6.14  6.16  5.69  4.88  4.30  2.87  0.91  0.50  0.47  0.39  0.36  0.11  0.06  0.05  0.04  0.03  0.03
10 -80  0.03  0.09  0.15  0.29  0.58  0.85  1.37  2.49  3.46  4.14  5.37  6.16  6.17  5.70  4.87  4.30  2.88  0.94  0.52  0.48  0.40  0.36  0.13  0.06  0.05  0.04  0.03  0.03
10 -75  0.03  0.09  0.15  0.29  0.58  0.85  1.38  2.52  3.53  4.24  5.51  6.44  6.52  6.07  5.40  4.93  3.36  1.35  0.75  0.66  0.49  0.40  0.23  0.07  0.05  0.04  0.03  0.03
10 -70  0.03  0.09  0.15  0.29  0.58  0.86  1.39  2.56  3.60  4.35  5.65  6.71  6.86  6.43  5.92  5.54  3.84  1.78  0.99  0.84  0.58  0.44  0.26  0.07  0.05  0.04  0.03  0.03
10 -65  0.03  0.09  0.15  0.30  0.60  0.89  1.44  2.67  3.81  4.64  5.99  7.07  7.23  6.82  6.45  6.19  4.47  2.39  1.37  1.12  0.72  0.46  0.27  0.08  0.06  0.04  0.03  0.03
10 -60  0.03  0.09  0.16  0.31  0.62  0.92  1.49  2.78  4.02  4.93  6.33  7.42  7.59  7.19  6.99  6.83  5.06  2.95  1.70  1.37  0.84  0.48  0.28  0.09  0.06  0.04  0.03  0.03
10 -55  0.03  0.10  0.16  0.32  0.63  0.94  1.53  2.88  4.24  5.18  6.60  7.68  7.80  7.49  7.02  6.67  5.12  3.17  1.90  1.53  0.89  0.46  0.27  0.16  0.06  0.04  0.04  0.03
10 -50  0.03  0.10  0.16  0.32  0.64  0.94  1.54  2.92  4.32  5.28  6.80  7.95  8.09  7.70  6.99  6.48  5.18  3.36  2.03  1.62  0.93  0.43  0.26  0.15  0.06  0.04  0.04  0.03
10 -45  0.03  0.10  0.16  0.32  0.63  0.93  1.53  2.91  4.29  5.27  6.86  8.13  8.30  7.83  7.12  6.61  5.28  3.39  2.00  1.58  0.89  0.41  0.25  0.09  0.06  0.05  0.04  0.04
10 -40  0.03  0.10  0.16  0.32  0.63  0.93  1.52  2.89  4.29  5.26  6.94  8.35  8.55  8.04  7.28  6.77  5.39  3.42  1.96  1.55  0.85  0.39  0.24  0.09  0.06  0.05  0.04  0.04
10 -35  0.03  0.09  0.16  0.31  0.62  0.92  1.51  2.86  4.23  5.18  6.91  8.47  8.76  8.28  7.36  6.71  5.13  2.90  1.50  1.17  0.60  0.28  0.15  0.09  0.06  0.05  0.05  0.04
10 -30  0.03  0.09  0.15  0.31  0.61  0.91  1.49  2.83  4.15  5.08  6.85  8.57  8.96  8.55  7.44  6.67  4.87  2.38  1.05  0.79  0.36  0.15  0.10  0.07  0.06  0.05  0.05  0.04
10 -25  0.03  0.09  0.16  0.31  0.62  0.92  1.49  2.79  4.07  4.96  6.72  8.61  9.14  8.85  7.60  6.72  4.64  2.05  0.84  0.63  0.26  0.09  0.07  0.06  0.05  0.05  0.05  0.05
10 -20  0.03  0.09  0.16  0.31  0.61  0.91  1.48  2.78  3.99  4.85  6.59  8.63  9.30  9.12  7.73  6.77  4.42  1.70  0.65  0.47  0.18  0.06  0.05  0.05  0.05  0.05  0.05  0.05
10 -15  0.03  0.09  0.15  0.30  0.59  0.88  1.45  2.77  3.94  4.76  6.46  8.57  9.36  9.32  7.96  7.04  4.24  1.55  0.58  0.42  0.15  0.05  0.04  0.04  0.04  0.05  0.05  0.05
10 -10  0.03  0.09  0.15  0.29  0.58  0.86  1.42  2.77  3.91  4.70  6.37  8.52  9.49  9.64  8.24  7.31  4.05  1.39  0.50  0.37  0.13  0.04  0.04  0.04  0.04  0.04  0.04  0.04
10  -5  0.03  0.09  0.15  0.29  0.58  0.86  1.42  2.76  3.89  4.69  6.31  8.46  9.53  9.79  8.29  7.32  3.97  1.36  0.48  0.35  0.13  0.04  0.03  0.03  0.03  0.04  0.04  0.04
10   0  0.03  0.09  0.14  0.29  0.57  0.85  1.41  2.77  3.91  4.70  6.33  8.48  9.62  9.97  8.38  7.34  3.92  1.33  0.47  0.34  0.13  0.04  0.03  0.03  0.03  0.04  0.04  0.03
10   5  0.03  0.09  0.15  0.30  0.59  0.88  1.44  2.77  3.94  4.74  6.37  8.45  9.52  9.87  8.36  7.36  4.15  1.43  0.55  0.40  0.14  0.04  0.03  0.03  0.03  0.03  0.03  0.03
10  10  0.03  0.09  0.15  0.30  0.60  0.89  1.46  2.80  3.98  4.80  6.45  8.49  9.45  9.75  8.34  7.38  4.36  1.54  0.63  0.46  0.16  0.04  0.03  0.03  0.03  0.04  0.04  0.03
10  15  0.03  0.09  0.15  0.31  0.61  0.90  1.48  2.82  4.05  4.88  6.54  8.44  9.22  9.37  8.09  7.17  4.33  1.57  0.64  0.46  0.16  0.04  0.03  0.03  0.04  0.04  0.04  0.04
10  20  0.03  0.10  0.16  0.32  0.63  0.93  1.51  2.82  4.07  4.94  6.62  8.43  9.04  9.06  7.85  6.97  4.30  1.59  0.66  0.47  0.16  0.05  0.04  0.04  0.04  0.05  0.05  0.04
10  25  0.03  0.09  0.16  0.31  0.62  0.92  1.51  2.89  4.20  5.10  6.71  8.29  8.76  8.68  7.70  6.96  4.35  1.65  0.68  0.49  0.18  0.06  0.05  0.05  0.05  0.05  0.05  0.05
10  30  0.03  0.10  0.16  0.32  0.64  0.95  1.54  2.93  4.31  5.26  6.85  8.18  8.47  8.32  7.53  6.96  4.41  1.70  0.70  0.51  0.19  0.08  0.06  0.05  0.05  0.05  0.05  0.05
10  35  0.03  0.10  0.17  0.33  0.66  0.98  1.59  3.00  4.44  5.43  6.91  7.94  8.07  7.80  7.06  6.53  4.33  1.89  0.91  0.68  0.30  0.10  0.07  0.06  0.05  0.05  0.05  0.05
10  40  0.03  0.10  0.17  0.34  0.68  1.00  1.63  3.08  4.58  5.61  6.98  7.71  7.65  7.32  6.61  6.10  4.24  2.06  1.10  0.84  0.41  0.18  0.10  0.07  0.06  0.05  0.05  0.05
10  45  0.04  0.11  0.18  0.36  0.71  1.05  1.70  3.17  4.72  5.78  7.00  7.49  7.31  6.91  6.30  5.86  4.24  2.24  1.26  0.99  0.53  0.22  0.13  0.09  0.07  0.06  0.05  0.05
10  50  0.04  0.11  0.19  0.37  0.73  1.08  1.76  3.28  4.84  5.94  7.01  7.23  6.94  6.50  5.98  5.61  4.23  2.42  1.44  1.15  0.66  0.25  0.14  0.12  0.08  0.06  0.05  0.05
10  55  0.04  0.11  0.19  0.37  0.74  1.10  1.79  3.38  4.86  5.94  6.85  6.97  6.63  6.16  5.66  5.29  4.13  2.46  1.52  1.23  0.75  0.31  0.18  0.13  0.09  0.06  0.05  0.05
10  60  0.04  0.12  0.19  0.39  0.76  1.14  1.86  3.53  5.10  6.20  6.90  6.77  6.34  5.76  5.35  5.07  4.10  2.56  1.66  1.34  0.83  0.37  0.23  0.16  0.10  0.06  0.05  0.05
10  65  0.04  0.12  0.20  0.39  0.78  1.16  1.89  3.57  4.97  5.96  6.45  6.26  5.85  5.30  4.93  4.67  3.85  2.57  1.78  1.47  0.95  0.42  0.25  0.17  0.10  0.06  0.05  0.05
10  70  0.04  0.12  0.20  0.40  0.79  1.18  1.92  3.61  4.83  5.71  6.00  5.75  5.35  4.83  4.50  4.27  3.59  2.58  1.91  1.59  1.06  0.47  0.28  0.18  0.10  0.06  0.05  0.05
10  75  0.04  0.12  0.20  0.40  0.79  1.17  1.90  3.56  4.41  5.02  5.25  5.16  4.87  4.44  4.13  3.93  3.44  2.59  1.95  1.63  1.11  0.49  0.29  0.19  0.10  0.06  0.05  0.05
10  80  0.04  0.12  0.20  0.40  0.78  1.16  1.88  3.50  3.98  4.34  4.50  4.56  4.40  4.05  3.77  3.59  3.27  2.60  2.00  1.68  1.16  0.52  0.30  0.20  0.11  0.06  0.05  0.05
10  85  0.04  0.12  0.20  0.39  0.78  1.15  1.87  3.50  3.96  4.31  4.48  4.54  4.39  4.03  3.75  3.57  3.26  2.60  2.00  1.68  1.16  0.52  0.30  0.21  0.13  0.07  0.05  0.05
10  90  0.04  0.12  0.20  0.39  0.78  1.15  1.86  3.48  3.92  4.26  4.42  4.50  4.36  4.01  3.71  3.52  3.22  2.59  1.99  1.68  1.15  0.51  0.31  0.21  0.13  0.07  0.05  0.05
11 -90  0.03  0.08  0.13  0.25  0.50  0.74  1.20  2.24  3.13  3.73  5.07  6.21  6.49  6.31  6.01  5.75  4.42  2.10  1.18  1.00  0.65  0.43  0.27  0.16  0.06  0.04  0.03  0.02
11 -85  0.03  0.08  0.13  0.25  0.50  0.74  1.20  2.25  3.16  3.79  5.13  6.26  6.50  6.27  5.97  5.72  4.46  2.15  1.19  0.99  0.63  0.42  0.27  0.08  0.05  0.04  0.03  0.02
11 -80  0.03  0.08  0.13  0.25  0.50  0.74  1.20  2.25  3.17  3.81  5.14  6.26  6.50  6.26  5.96  5.71  4.46  2.16  1.20  0.99  0.63  0.42  0.27  0.16  0.05  0.04  0.03  0.02
11 -75  0.03  0.08  0.13  0.26  0.51  0.75  1.22  2.28  3.23  3.90  5.20  6.39  6.67  6.42  6.27  6.13  4.74  2.36  1.31  1.08  0.69  0.45  0.28  0.17  0.05  0.04  0.03  0.03
11 -70  0.03  0.08  0.13  0.26  0.51  0.76  1.23  2.31  3.29  4.00  5.27  6.53  6.84  6.59  6.58  6.54  5.00  2.55  1.43  1.18  0.76  0.49  0.30  0.18  0.06  0.04  0.03  0.03
11 -65  0.03  0.08  0.13  0.27  0.53  0.78  1.27  2.39  3.42  4.18  5.52  6.82  7.13  6.84  6.80  6.76  5.13  2.82  1.61  1.31  0.80  0.49  0.29  0.17  0.06  0.04  0.03  0.03
11 -60  0.03  0.08  0.14  0.28  0.54  0.81  1.31  2.46  3.55  4.35  5.76  7.12  7.42  7.09  7.02  6.97  5.26  3.06  1.78  1.42  0.83  0.48  0.29  0.17  0.06  0.04  0.03  0.03
11 -55  0.03  0.09  0.14  0.29  0.56  0.83  1.36  2.54  3.72  4.53  5.97  7.40  7.73  7.46  6.99  6.65  5.11  3.12  1.84  1.46  0.80  0.42  0.26  0.16  0.06  0.04  0.03  0.03
11 -50  0.03  0.09  0.14  0.29  0.57  0.84  1.37  2.57  3.75  4.56  6.11  7.70  8.10  7.74  6.90  6.31  4.94  3.13  1.83  1.44  0.77  0.36  0.23  0.10  0.06  0.04  0.04  0.03
11 -45  0.03  0.08  0.14  0.28  0.56  0.83  1.36  2.60  3.77  4.59  6.19  7.90  8.38  8.01  7.08  6.42  4.98  3.11  1.78  1.39  0.73  0.34  0.22  0.09  0.06  0.05  0.04  0.03
11 -40  0.03  0.08  0.14  0.28  0.56  0.83  1.36  2.63  3.79  4.60  6.26  8.13  8.69  8.34  7.28  6.55  5.05  3.09  1.73  1.34  0.70  0.33  0.20  0.08  0.06  0.05  0.04  0.04
11 -35  0.03  0.09  0.14  0.28  0.56  0.84  1.38  2.66  3.84  4.66  6.34  8.29  8.92  8.62  7.44  6.63  4.79  2.60  1.31  1.00  0.49  0.24  0.12  0.07  0.06  0.05  0.04  0.04
11 -30  0.03  0.09  0.14  0.29  0.57  0.85  1.39  2.70  3.87  4.69  6.38  8.40  9.12  8.94  7.62  6.70  4.53  2.10  0.89  0.66  0.29  0.15  0.09  0.06  0.05  0.05  0.05  0.04
11 -25  0.03  0.09  0.15  0.29  0.58  0.87  1.42  2.71  3.89  4.71  6.41  8.48  9.26  9.17  7.72  6.69  4.37  1.90  0.74  0.55  0.22  0.09  0.06  0.05  0.05  0.05  0.05  0.04
11 -20  0.03  0.09  0.15  0.29  0.58  0.87  1.42  2.75  3.93  4.76  6.46  8.56  9.37  9.36  7.78  6.67  4.20  1.69  0.61  0.44  0.16  0.06  0.05  0.05  0.05  0.05  0.05  0.04
11 -15  0.03  0.09  0.14  0.29  0.57  0.86  1.42  2.77  3.94  4.77  6.46  8.55  9.40  9.47  7.96  6.92  4.09  1.53  0.55  0.40  0.15  0.05  0.04  0.04  0.04  0.05  0.05  0.04
11 -10  0.03  0.08  0.14  0.28  0.56  0.85  1.41  2.81  3.99  4.81  6.49  8.57  9.51  9.69  8.20  7.18  3.97  1.38  0.49  0.36  0.14  0.04  0.04  0.04  0.04  0.04  0.04  0.04
11  -5  0.03  0.09  0.14  0.28  0.57  0.85  1.42  2.82  3.99  4.83  6.46  8.48  9.46  9.70  8.19  7.17  3.87  1.31  0.47  0.35  0.14  0.04  0.03  0.03  0.03  0.04  0.04  0.03
11   0  0.03  0.09  0.15  0.29  0.58  0.87  1.44  2.82  4.03  4.86  6.49  8.46  9.43  9.72  8.19  7.17  3.79  1.25  0.45  0.34  0.14  0.04  0.03  0.03  0.03  0.04  0.03  0.03
11   5  0.03  0.09  0.15  0.30  0.59  0.88  1.45  2.82  4.01  4.84  6.42  8.33  9.29  9.59  8.14  7.17  4.00  1.34  0.50  0.37  0.14  0.04  0.03  0.03  0.03  0.04  0.03  0.03
11  10  0.03  0.09  0.15  0.30  0.60  0.89  1.46  2.82  4.00  4.82  6.40  8.26  9.15  9.44  8.08  7.16  4.20  1.43  0.54  0.39  0.14  0.04  0.03  0.03  0.04  0.04  0.04  0.04
11  15  0.03  0.09  0.15  0.31  0.61  0.90  1.48  2.84  4.06  4.90  6.47  8.17  8.87  9.02  7.81  6.94  4.12  1.47  0.55  0.40  0.14  0.04  0.04  0.04  0.04  0.04  0.04  0.04
11  20  0.03  0.10  0.16  0.32  0.63  0.93  1.51  2.84  4.09  4.94  6.52  8.09  8.62  8.66  7.54  6.72  4.04  1.49  0.56  0.41  0.14  0.05  0.04  0.04  0.04  0.04  0.05  0.04
11  25  0.03  0.10  0.16  0.32  0.63  0.94  1.53  2.95  4.27  5.19  6.66  7.94  8.28  8.21  7.32  6.64  4.13  1.58  0.63  0.46  0.18  0.06  0.05  0.04  0.04  0.05  0.05  0.04
11  30  0.03  0.10  0.17  0.33  0.66  0.98  1.60  3.01  4.44  5.42  6.83  7.82  7.94  7.76  7.07  6.56  4.21  1.68  0.71  0.53  0.22  0.08  0.06  0.05  0.05  0.05  0.05  0.05
11  35  0.04  0.11  0.18  0.35  0.70  1.04  1.68  3.16  4.67  5.70  6.93  7.58  7.54  7.24  6.69  6.30  4.38  1.99  0.97  0.73  0.34  0.14  0.08  0.06  0.05  0.05  0.05  0.05
11  40  0.04  0.11  0.19  0.37  0.73  1.09  1.77  3.31  4.90  5.99  7.03  7.34  7.14  6.77  6.34  6.02  4.54  2.28  1.21  0.93  0.47  0.19  0.12  0.08  0.06  0.05  0.05  0.05
11  45  0.04  0.12  0.20  0.39  0.78  1.15  1.86  3.46  5.08  6.18  6.99  7.09  6.81  6.41  6.13  5.92  4.58  2.44  1.39  1.09  0.60  0.25  0.15  0.11  0.08  0.06  0.05  0.05
11  50  0.04  0.13  0.21  0.42  0.82  1.21  1.96  3.63  5.22  6.35  6.94  6.80  6.46  6.07  5.92  5.81  4.61  2.59  1.58  1.27  0.75  0.32  0.18  0.12  0.09  0.06  0.05  0.05
11  55  0.04  0.13  0.21  0.42  0.83  1.23  1.99  3.71  5.11  6.15  6.61  6.52  6.20  5.85  5.67  5.53  4.45  2.62  1.64  1.36  0.88  0.38  0.21  0.14  0.09  0.06  0.05  0.05
11  60  0.04  0.13  0.21  0.43  0.85  1.25  2.04  3.86  5.22  6.19  6.47  6.29  5.96  5.57  5.44  5.36  4.36  2.71  1.77  1.48  1.01  0.44  0.24  0.16  0.10  0.06  0.05  0.05
11  65  0.04  0.13  0.21  0.42  0.82  1.22  1.98  3.72  4.96  5.86  6.21  6.12  5.84  5.44  5.20  5.03  4.25  2.80  1.95  1.66  1.19  0.53  0.28  0.18  0.10  0.06  0.05  0.05
11  70  0.04  0.12  0.21  0.41  0.81  1.19  1.93  3.57  4.71  5.53  5.94  5.95  5.71  5.32  4.94  4.70  4.15  2.89  2.13  1.84  1.36  0.62  0.33  0.21  0.10  0.06  0.05  0.05
11  75  0.04  0.12  0.20  0.40  0.79  1.17  1.88  3.42  4.43  5.15  5.49  5.28  4.91  4.47  4.13  3.90  3.59  2.81  2.06  1.78  1.30  0.58  0.30  0.19  0.10  0.06  0.05  0.05
11  80  0.04  0.12  0.20  0.40  0.78  1.15  1.83  3.27  4.15  4.77  5.03  4.62  4.12  3.62  3.31  3.11  3.03  2.73  1.99  1.71  1.24  0.54  0.27  0.17  0.11  0.06  0.05  0.05
11  85  0.04  0.12  0.20  0.40  0.78  1.15  1.83  3.27  4.14  4.76  5.02  4.61  4.11  3.62  3.32  3.11  3.04  2.72  1.99  1.71  1.24  0.54  0.27  0.17  0.11  0.06  0.05  0.05
11  90  0.04  0.12  0.20  0.40  0.78  1.15  1.83  3.27  4.12  4.73  4.99  4.56  4.07  3.59  3.28  3.08  3.03  2.72  1.99  1.71  1.23  0.54  0.27  0.17  0.11  0.06  0.05  0.05
12 -90  0.02  0.07  0.11  0.22  0.44  0.66  1.06  1.96  2.86  3.48  4.80  5.96  6.11  5.70  5.52  5.38  4.75  3.28  1.96  1.59  0.96  0.48  0.32  0.19  0.09  0.05  0.03  0.02
12 -85  0.02  0.07  0.11  0.22  0.44  0.65  1.06  1.96  2.85  3.48  4.81  5.98  6.11  5.68  5.44  5.28  4.66  3.25  1.93  1.56  0.93  0.46  0.32  0.19  0.10  0.04  0.03  0.02
12 -80  0.02  0.07  0.11  0.22  0.44  0.65  1.06  1.96  2.85  3.49  4.82  5.98  6.11  5.66  5.42  5.26  4.65  3.25  1.93  1.56  0.94  0.46  0.32  0.20  0.10  0.04  0.03  0.02
12 -75  0.02  0.07  0.12  0.23  0.45  0.67  1.09  2.02  2.92  3.56  4.86  6.07  6.27  5.84  5.58  5.42  4.76  3.25  1.92  1.55  0.94  0.46  0.33  0.19  0.06  0.04  0.03  0.02
12 -70  0.02  0.07  0.12  0.24  0.47  0.69  1.12  2.09  2.98  3.64  4.89  6.17  6.43  6.01  5.75  5.58  4.87  3.24  1.91  1.54  0.94  0.46  0.32  0.19  0.06  0.04  0.03  0.03
12 -65  0.02  0.07  0.12  0.25  0.48  0.72  1.16  2.17  3.08  3.76  5.07  6.46  6.81  6.44  6.11  5.89  4.93  3.19  1.86  1.49  0.88  0.44  0.30  0.17  0.07  0.04  0.03  0.03
12 -60  0.03  0.08  0.13  0.25  0.50  0.74  1.21  2.25  3.18  3.89  5.23  6.75  7.19  6.87  6.48  6.20  5.00  3.13  1.80  1.43  0.82  0.40  0.28  0.16  0.07  0.04  0.03  0.03
12 -55  0.03  0.08  0.13  0.27  0.53  0.78  1.27  2.35  3.36  4.06  5.42  7.06  7.61  7.45  6.82  6.38  4.91  2.96  1.69  1.33  0.71  0.36  0.24  0.14  0.07  0.04  0.03  0.03
12 -50  0.03  0.08  0.14  0.27  0.53  0.79  1.29  2.40  3.40  4.09  5.54  7.39  8.08  7.92  7.11  6.53  4.79  2.75  1.50  1.17  0.61  0.32  0.20  0.11  0.07  0.05  0.04  0.03
12 -45  0.03  0.08  0.14  0.27  0.53  0.79  1.30  2.47  3.49  4.21  5.70  7.63  8.40  8.28  7.13  6.30  4.58  2.58  1.40  1.09  0.56  0.29  0.18  0.09  0.06  0.05  0.04  0.03
12 -40  0.03  0.08  0.13  0.27  0.53  0.80  1.31  2.55  3.58  4.30  5.84  7.88  8.73  8.67  7.15  6.09  4.38  2.40  1.28  1.00  0.51  0.26  0.12  0.07  0.06  0.05  0.04  0.04
12 -35  0.03  0.08  0.14  0.28  0.55  0.82  1.35  2.61  3.71  4.47  6.05  8.09  8.93  8.86  7.52  6.57  4.37  2.10  1.00  0.77  0.37  0.18  0.10  0.06  0.05  0.05  0.04  0.04
12 -30  0.03  0.08  0.14  0.28  0.56  0.83  1.37  2.68  3.81  4.60  6.23  8.27  9.11  9.09  7.89  7.05  4.36  1.80  0.73  0.54  0.24  0.13  0.07  0.06  0.05  0.05  0.05  0.04
12 -25  0.03  0.09  0.14  0.29  0.57  0.85  1.41  2.72  3.91  4.74  6.41  8.46  9.26  9.25  7.93  6.99  4.25  1.68  0.62  0.46  0.18  0.08  0.06  0.05  0.05  0.05  0.05  0.04
12 -20  0.03  0.09  0.14  0.29  0.57  0.85  1.42  2.79  4.03  4.89  6.62  8.64  9.38  9.38  7.94  6.91  4.13  1.56  0.53  0.38  0.13  0.06  0.04  0.04  0.04  0.05  0.04  0.04
12 -15  0.03  0.09  0.14  0.29  0.57  0.86  1.43  2.83  4.11  5.02  6.78  8.75  9.46  9.49  8.06  7.05  4.06  1.45  0.48  0.35  0.13  0.05  0.04  0.04  0.04  0.04  0.04  0.04
12 -10  0.03  0.08  0.14  0.28  0.57  0.85  1.43  2.89  4.22  5.15  6.95  8.90  9.64  9.68  8.22  7.19  3.98  1.34  0.43  0.32  0.13  0.04  0.03  0.03  0.03  0.04  0.04  0.03
12  -5  0.03  0.09  0.14  0.29  0.57  0.86  1.44  2.90  4.24  5.18  6.92  8.81  9.55  9.62  8.03  6.93  3.81  1.28  0.42  0.31  0.13  0.04  0.03  0.03  0.03  0.04  0.03  0.03
12   0  0.03  0.09  0.15  0.30  0.60  0.89  1.48  2.89  4.27  5.22  6.95  8.74  9.44  9.55  7.86  6.67  3.65  1.22  0.40  0.31  0.14  0.04  0.03  0.03  0.03  0.04  0.03  0.03
12   5  0.03  0.09  0.15  0.30  0.60  0.90  1.48  2.88  4.22  5.16  6.80  8.52  9.22  9.31  7.82  6.81  3.87  1.32  0.45  0.34  0.13  0.04  0.03  0.03  0.03  0.04  0.04  0.03
12  10  0.03  0.09  0.15  0.31  0.61  0.91  1.49  2.88  4.19  5.10  6.71  8.35  8.98  9.07  7.80  6.93  4.09  1.42  0.50  0.36  0.13  0.04  0.04  0.04  0.04  0.04  0.04  0.04
12  15  0.03  0.09  0.15  0.31  0.61  0.91  1.50  2.88  4.19  5.10  6.68  8.16  8.66  8.63  7.49  6.67  4.01  1.50  0.52  0.38  0.13  0.04  0.04  0.04  0.04  0.04  0.04  0.04
12  20  0.03  0.10  0.16  0.32  0.63  0.93  1.52  2.87  4.17  5.07  6.61  7.99  8.34  8.24  7.19  6.42  3.92  1.57  0.55  0.39  0.13  0.05  0.04  0.04  0.04  0.04  0.05  0.04
12  25  0.03  0.09  0.16  0.31  0.63  0.93  1.53  2.95  4.26  5.19  6.61  7.74  7.96  7.79  7.05  6.48  4.14  1.71  0.67  0.49  0.20  0.06  0.05  0.05  0.05  0.05  0.05  0.05
12  30  0.03  0.10  0.17  0.33  0.65  0.97  1.58  2.98  4.35  5.29  6.63  7.53  7.58  7.32  6.87  6.53  4.35  1.87  0.81  0.60  0.26  0.09  0.06  0.05  0.05  0.05  0.05  0.05
12  35  0.04  0.11  0.18  0.35  0.69  1.03  1.67  3.12  4.53  5.49  6.62  7.26  7.22  6.90  6.64  6.46  4.66  2.21  1.09  0.84  0.44  0.20  0.10  0.07  0.06  0.05  0.05  0.05
12  40  0.04  0.11  0.19  0.37  0.73  1.08  1.75  3.27  4.71  5.70  6.64  7.00  6.85  6.52  6.45  6.39  4.95  2.53  1.35  1.08  0.61  0.28  0.15  0.10  0.07  0.05  0.05  0.05
12  45  0.04  0.12  0.20  0.39  0.77  1.14  1.85  3.44  4.87  5.82  6.54  6.75  6.58  6.28  6.21  6.16  4.88  2.78  1.58  1.27  0.75  0.34  0.18  0.12  0.08  0.06  0.05  0.05
12  50  0.04  0.12  0.21  0.41  0.81  1.20  1.95  3.61  4.98  5.93  6.43  6.48  6.31  6.09  5.99  5.92  4.80  3.03  1.80  1.47  0.91  0.41  0.22  0.14  0.09  0.06  0.05  0.05
12  55  0.04  0.13  0.21  0.41  0.82  1.21  1.95  3.61  4.76  5.62  6.12  6.31  6.19  5.99  5.76  5.60  4.57  3.01  1.90  1.58  1.05  0.49  0.26  0.16  0.09  0.06  0.05  0.05
12  60  0.04  0.13  0.21  0.41  0.82  1.21  1.96  3.67  4.77  5.56  6.01  6.20  6.09  5.84  5.56  5.38  4.42  3.06  2.06  1.73  1.20  0.57  0.29  0.18  0.09  0.06  0.05  0.05
12  65  0.04  0.13  0.21  0.42  0.83  1.23  1.97  3.57  4.69  5.49  5.98  6.15  6.00  5.68  5.32  5.08  4.30  3.02  2.11  1.80  1.27  0.60  0.29  0.18  0.10  0.06  0.05  0.05
12  70  0.04  0.13  0.22  0.43  0.84  1.24  1.97  3.48  4.61  5.41  5.94  6.10  5.90  5.53  5.08  4.78  4.19  2.97  2.17  1.86  1.34  0.64  0.29  0.17  0.10  0.06  0.05  0.05
12  75  0.04  0.13  0.21  0.41  0.81  1.18  1.86  3.17  4.34  5.15  5.72  5.73  5.44  5.01  4.61  4.34  3.97  3.00  2.18  1.87  1.35  0.64  0.31  0.19  0.11  0.06  0.05  0.05
12  80  0.04  0.12  0.20  0.40  0.77  1.12  1.74  2.88  4.08  4.91  5.50  5.34  4.97  4.50  4.15  3.90  3.74  3.02  2.20  1.88  1.36  0.63  0.33  0.21  0.11  0.06  0.05  0.05
12  85  0.04  0.12  0.20  0.40  0.77  1.12  1.74  2.89  4.09  4.91  5.48  5.33  4.96  4.51  4.15  3.91  3.74  3.02  2.20  1.88  1.36  0.64  0.33  0.21  0.11  0.06  0.05  0.05
12  90  0.04  0.12  0.20  0.40  0.78  1.14  1.78  2.96  4.20  5.02  5.56  5.36  4.98  4.53  4.19  3.94  3.76  3.02  2.19  1.87  1.36  0.65  0.33  0.21  0.11  0.06  0.05  0.05
