     0.010
     0.030
     0.050
     0.100
     0.200
     0.300
     0.500
     1.000
     1.500
     2.000
     3.000
     5.000
     7.000
    10.000
    15.000
    20.000
    30.000
    50.000
    70.000
    80.000
   100.000
   150.000
   200.000
   250.000
   300.000
   400.000
   500.000
   600.000
 1 -90  0.02  0.07  0.11  0.22  0.43  0.64  1.03  1.87  2.66  3.20  4.45  5.44  5.45  4.92  4.26  3.80  3.60  2.85  1.92  1.54  0.94  0.37  0.28  0.18  0.09  0.05  0.03  0.02
 1 -85  0.02  0.07  0.11  0.22  0.43  0.64  1.03  1.87  2.66  3.20  4.45  5.44  5.45  4.93  4.27  3.80  3.60  2.85  1.92  1.55  0.94  0.37  0.28  0.18  0.09  0.05  0.03  0.02
 1 -80  0.02  0.07  0.11  0.22  0.43  0.64  1.03  1.88  2.66  3.20  4.44  5.44  5.45  4.93  4.27  3.80  3.60  2.85  1.92  1.55  0.94  0.37  0.28  0.18  0.09  0.05  0.03  0.02
 1 -75  0.02  0.07  0.11  0.23  0.45  0.66  1.06  1.95  2.74  3.27  4.45  5.56  5.68  5.21  4.61  4.18  3.89  2.92  1.91  1.54  0.92  0.37  0.27  0.17  0.09  0.04  0.03  0.02
 1 -70  0.02  0.07  0.12  0.23  0.46  0.68  1.10  2.01  2.81  3.35  4.46  5.69  5.92  5.50  4.95  4.56  4.17  2.99  1.91  1.53  0.90  0.37  0.27  0.17  0.08  0.04  0.03  0.03
 1 -65  0.02  0.07  0.12  0.24  0.48  0.71  1.14  2.10  2.91  3.46  4.62  6.01  6.39  6.06  5.57  5.21  4.36  2.95  1.82  1.45  0.85  0.35  0.25  0.16  0.07  0.04  0.03  0.03
 1 -60  0.03  0.08  0.13  0.25  0.50  0.73  1.18  2.17  3.01  3.57  4.77  6.33  6.86  6.63  6.18  5.86  4.55  2.91  1.74  1.38  0.79  0.32  0.24  0.14  0.08  0.04  0.03  0.03
 1 -55  0.03  0.08  0.13  0.27  0.53  0.78  1.25  2.29  3.16  3.72  4.93  6.63  7.29  7.23  6.59  6.14  4.39  2.65  1.50  1.18  0.63  0.26  0.18  0.11  0.07  0.05  0.03  0.03
 1 -50  0.03  0.08  0.14  0.27  0.54  0.79  1.28  2.35  3.22  3.77  5.05  6.94  7.75  7.75  6.97  6.40  4.20  2.35  1.20  0.93  0.47  0.19  0.13  0.10  0.07  0.04  0.04  0.03
 1 -45  0.03  0.08  0.14  0.27  0.53  0.79  1.29  2.42  3.32  3.92  5.24  7.19  8.07  8.10  7.14  6.44  4.18  2.30  1.14  0.88  0.44  0.19  0.13  0.08  0.06  0.04  0.04  0.03
 1 -40  0.03  0.08  0.14  0.27  0.54  0.80  1.31  2.52  3.41  4.02  5.37  7.40  8.37  8.50  7.32  6.50  4.19  2.24  1.06  0.82  0.41  0.17  0.10  0.06  0.05  0.04  0.04  0.03
 1 -35  0.03  0.08  0.14  0.28  0.55  0.82  1.34  2.59  3.58  4.22  5.62  7.66  8.62  8.69  7.53  6.70  4.21  1.97  0.86  0.66  0.32  0.14  0.08  0.06  0.05  0.05  0.04  0.04
 1 -30  0.03  0.08  0.14  0.28  0.56  0.83  1.37  2.66  3.69  4.35  5.82  7.87  8.82  8.92  7.72  6.88  4.23  1.70  0.66  0.50  0.22  0.10  0.06  0.05  0.05  0.05  0.04  0.04
 1 -25  0.03  0.09  0.14  0.28  0.57  0.84  1.39  2.68  3.79  4.49  6.00  8.13  9.07  9.18  7.83  6.87  4.18  1.58  0.56  0.42  0.18  0.07  0.05  0.04  0.04  0.04  0.04  0.04
 1 -20  0.03  0.08  0.14  0.28  0.55  0.83  1.38  2.74  3.89  4.63  6.23  8.41  9.29  9.39  7.91  6.85  4.13  1.43  0.47  0.35  0.15  0.05  0.04  0.04  0.04  0.04  0.04  0.04
 1 -15  0.03  0.08  0.14  0.28  0.55  0.83  1.38  2.73  3.94  4.79  6.51  8.63  9.44  9.56  8.07  6.98  4.04  1.37  0.42  0.32  0.14  0.04  0.03  0.03  0.04  0.04  0.04  0.03
 1 -10  0.03  0.08  0.14  0.27  0.55  0.82  1.37  2.76  4.06  4.95  6.81  8.92  9.74  9.80  8.26  7.10  3.93  1.31  0.37  0.29  0.09  0.04  0.03  0.03  0.03  0.04  0.03  0.03
 1  -5  0.03  0.08  0.14  0.27  0.55  0.82  1.37  2.75  4.05  4.97  6.82  8.86  9.61  9.67  8.15  7.00  3.81  1.26  0.35  0.28  0.07  0.04  0.03  0.03  0.03  0.03  0.03  0.03
 1   0  0.03  0.09  0.15  0.29  0.58  0.86  1.41  2.68  4.04  4.97  6.86  8.78  9.43  9.54  8.05  6.90  3.71  1.23  0.34  0.27  0.06  0.04  0.03  0.03  0.03  0.03  0.03  0.03
 1   5  0.03  0.09  0.15  0.29  0.58  0.86  1.42  2.71  4.01  4.93  6.67  8.53  9.18  9.19  7.83  6.83  3.85  1.35  0.40  0.30  0.06  0.04  0.03  0.03  0.03  0.04  0.04  0.04
 1  10  0.03  0.09  0.15  0.30  0.59  0.87  1.43  2.73  4.02  4.88  6.60  8.34  8.92  8.88  7.62  6.74  3.97  1.45  0.45  0.34  0.07  0.04  0.03  0.03  0.04  0.04  0.04  0.04
 1  15  0.03  0.09  0.15  0.30  0.59  0.88  1.44  2.74  3.99  4.83  6.47  8.07  8.55  8.43  7.28  6.45  3.95  1.51  0.46  0.34  0.07  0.04  0.04  0.04  0.04  0.04  0.04  0.04
 1  20  0.03  0.09  0.16  0.31  0.61  0.90  1.47  2.74  3.94  4.75  6.29  7.79  8.13  7.98  6.94  6.15  3.88  1.54  0.47  0.34  0.12  0.05  0.04  0.04  0.04  0.04  0.04  0.04
 1  25  0.03  0.09  0.16  0.31  0.61  0.91  1.49  2.84  3.99  4.83  6.22  7.45  7.70  7.55  6.80  6.20  4.18  1.76  0.64  0.48  0.21  0.06  0.05  0.05  0.05  0.05  0.04  0.04
 1  30  0.03  0.10  0.16  0.33  0.64  0.95  1.54  2.86  4.05  4.85  6.14  7.16  7.26  7.06  6.59  6.23  4.46  2.01  0.83  0.64  0.30  0.10  0.07  0.06  0.05  0.05  0.05  0.04
 1  35  0.03  0.10  0.17  0.34  0.67  1.00  1.61  2.97  4.14  4.94  6.03  6.88  6.94  6.69  6.34  6.09  4.78  2.42  1.21  0.94  0.49  0.23  0.15  0.08  0.06  0.05  0.05  0.05
 1  40  0.04  0.11  0.18  0.36  0.70  1.04  1.68  3.06  4.23  5.03  5.97  6.59  6.60  6.39  6.15  5.95  5.09  2.81  1.55  1.23  0.67  0.34  0.20  0.12  0.08  0.05  0.05  0.05
 1  45  0.04  0.11  0.18  0.37  0.72  1.07  1.72  3.16  4.30  5.08  5.85  6.35  6.36  6.14  6.03  5.96  5.14  3.04  1.77  1.43  0.84  0.43  0.23  0.15  0.09  0.06  0.05  0.05
 1  50  0.04  0.11  0.19  0.37  0.74  1.09  1.77  3.28  4.33  5.11  5.75  6.11  6.14  6.00  5.98  5.98  5.18  3.28  1.99  1.64  1.03  0.53  0.28  0.17  0.10  0.06  0.05  0.05
 1  55  0.04  0.11  0.19  0.38  0.74  1.10  1.77  3.26  4.16  4.89  5.50  5.95  5.99  5.87  5.68  5.55  4.86  3.24  2.13  1.78  1.19  0.59  0.34  0.19  0.11  0.06  0.05  0.05
 1  60  0.04  0.12  0.19  0.38  0.76  1.12  1.81  3.34  4.16  4.84  5.37  5.81  5.85  5.69  5.40  5.20  4.59  3.26  2.29  1.95  1.34  0.66  0.39  0.22  0.11  0.06  0.05  0.05
 1  65  0.04  0.11  0.19  0.38  0.74  1.10  1.77  3.25  4.05  4.73  5.36  5.93  6.00  5.82  5.44  5.17  4.41  3.24  2.27  1.92  1.33  0.66  0.38  0.22  0.11  0.06  0.05  0.05
 1  70  0.04  0.11  0.19  0.37  0.73  1.08  1.73  3.16  3.95  4.63  5.36  6.05  6.15  5.95  5.48  5.15  4.22  3.21  2.24  1.90  1.32  0.65  0.36  0.21  0.11  0.06  0.05  0.05
 1  75  0.04  0.11  0.18  0.35  0.70  1.02  1.64  2.94  3.66  4.31  5.06  5.69  5.71  5.40  4.93  4.60  3.95  3.13  2.33  2.02  1.51  0.70  0.37  0.23  0.12  0.06  0.05  0.05
 1  80  0.04  0.10  0.17  0.34  0.67  0.98  1.55  2.69  3.38  3.98  4.78  5.33  5.26  4.85  4.37  4.05  3.68  3.04  2.42  2.15  1.69  0.74  0.39  0.24  0.12  0.06  0.05  0.05
 1  85  0.04  0.10  0.17  0.34  0.67  0.98  1.55  2.69  3.38  3.99  4.79  5.34  5.27  4.85  4.38  4.05  3.68  3.04  2.42  2.15  1.69  0.74  0.39  0.24  0.12  0.06  0.05  0.05
 1  90  0.04  0.10  0.17  0.34  0.67  0.98  1.55  2.70  3.39  4.00  4.80  5.35  5.28  4.86  4.38  4.05  3.68  3.04  2.42  2.15  1.69  0.74  0.39  0.24  0.12  0.06  0.05  0.05
 2 -90  0.03  0.08  0.14  0.27  0.53  0.78  1.26  2.28  3.15  3.76  4.74  5.08  4.78  4.22  3.91  3.73  3.47  2.71  1.87  1.52  0.95  0.36  0.25  0.18  0.11  0.05  0.03  0.02
 2 -85  0.03  0.08  0.14  0.27  0.53  0.78  1.26  2.28  3.15  3.76  4.74  5.08  4.78  4.22  3.92  3.73  3.47  2.71  1.87  1.52  0.95  0.36  0.25  0.18  0.11  0.05  0.03  0.02
 2 -80  0.03  0.08  0.14  0.27  0.53  0.78  1.26  2.29  3.16  3.76  4.74  5.07  4.78  4.22  3.92  3.74  3.47  2.71  1.87  1.52  0.95  0.36  0.25  0.18  0.11  0.05  0.03  0.02
 2 -75  0.03  0.08  0.14  0.27  0.53  0.78  1.25  2.27  3.15  3.77  4.82  5.42  5.25  4.71  4.32  4.07  3.66  2.73  1.88  1.52  0.93  0.35  0.25  0.17  0.10  0.04  0.03  0.02
 2 -70  0.03  0.08  0.13  0.27  0.52  0.77  1.24  2.26  3.15  3.77  4.90  5.76  5.72  5.20  4.72  4.40  3.84  2.74  1.90  1.53  0.92  0.34  0.26  0.17  0.09  0.04  0.03  0.03
 2 -65  0.03  0.08  0.14  0.27  0.53  0.79  1.27  2.31  3.23  3.85  5.06  6.16  6.28  5.81  5.23  4.84  4.07  2.71  1.82  1.46  0.86  0.33  0.24  0.15  0.08  0.04  0.03  0.03
 2 -60  0.03  0.08  0.14  0.28  0.55  0.80  1.30  2.36  3.29  3.93  5.21  6.56  6.84  6.42  5.75  5.29  4.30  2.67  1.73  1.38  0.81  0.31  0.23  0.14  0.08  0.05  0.03  0.03
 2 -55  0.03  0.09  0.15  0.29  0.57  0.84  1.36  2.46  3.41  4.02  5.31  6.83  7.26  7.02  6.29  5.78  4.23  2.47  1.46  1.16  0.63  0.25  0.17  0.11  0.08  0.05  0.03  0.03
 2 -50  0.03  0.09  0.15  0.30  0.58  0.86  1.38  2.49  3.44  4.03  5.36  7.11  7.72  7.54  6.78  6.24  4.16  2.25  1.13  0.88  0.44  0.19  0.12  0.09  0.06  0.04  0.04  0.03
 2 -45  0.03  0.09  0.15  0.29  0.58  0.86  1.38  2.56  3.53  4.16  5.52  7.32  8.02  7.91  6.99  6.35  4.17  2.15  1.08  0.83  0.40  0.18  0.11  0.07  0.05  0.04  0.04  0.03
 2 -40  0.03  0.09  0.15  0.29  0.58  0.86  1.40  2.64  3.60  4.25  5.62  7.49  8.29  8.30  7.22  6.47  4.20  2.04  1.01  0.77  0.36  0.16  0.09  0.06  0.05  0.04  0.04  0.03
 2 -35  0.03  0.09  0.15  0.29  0.58  0.87  1.42  2.69  3.74  4.41  5.82  7.71  8.54  8.54  7.41  6.61  4.17  1.82  0.84  0.64  0.29  0.12  0.07  0.05  0.05  0.04  0.04  0.04
 2 -30  0.03  0.09  0.15  0.29  0.58  0.87  1.43  2.74  3.81  4.50  5.95  7.89  8.75  8.82  7.59  6.73  4.12  1.61  0.66  0.49  0.21  0.09  0.06  0.05  0.04  0.04  0.04  0.04
 2 -25  0.03  0.09  0.15  0.29  0.58  0.86  1.42  2.72  3.84  4.54  6.03  8.12  9.03  9.16  7.77  6.79  4.07  1.51  0.55  0.41  0.17  0.06  0.04  0.04  0.04  0.04  0.04  0.04
 2 -20  0.03  0.08  0.14  0.28  0.56  0.84  1.39  2.74  3.84  4.55  6.14  8.38  9.32  9.45  7.94  6.84  4.01  1.41  0.44  0.33  0.14  0.05  0.04  0.03  0.04  0.04  0.04  0.03
 2 -15  0.03  0.08  0.14  0.28  0.55  0.82  1.36  2.67  3.80  4.62  6.30  8.58  9.54  9.72  8.14  6.97  3.98  1.33  0.41  0.31  0.14  0.04  0.03  0.03  0.03  0.04  0.04  0.03
 2 -10  0.03  0.08  0.13  0.27  0.54  0.80  1.33  2.64  3.83  4.65  6.49  8.86  9.88 10.01  8.36  7.09  3.92  1.24  0.38  0.29  0.09  0.04  0.03  0.03  0.03  0.03  0.03  0.03
 2  -5  0.03  0.08  0.13  0.27  0.53  0.80  1.32  2.61  3.79  4.62  6.48  8.86  9.83  9.95  8.13  6.73  3.79  1.23  0.38  0.29  0.07  0.04  0.03  0.03  0.03  0.03  0.03  0.03
 2   0  0.03  0.09  0.15  0.29  0.57  0.84  1.36  2.52  3.74  4.55  6.46  8.77  9.66  9.84  7.90  6.38  3.70  1.24  0.38  0.30  0.06  0.03  0.03  0.03  0.03  0.03  0.03  0.03
 2   5  0.03  0.09  0.14  0.29  0.57  0.84  1.37  2.57  3.76  4.60  6.38  8.63  9.49  9.53  7.87  6.59  3.81  1.36  0.44  0.34  0.06  0.04  0.03  0.03  0.03  0.04  0.04  0.04
 2  10  0.03  0.09  0.14  0.29  0.57  0.84  1.38  2.62  3.83  4.66  6.40  8.51  9.31  9.29  7.83  6.78  3.91  1.46  0.50  0.37  0.06  0.04  0.03  0.03  0.03  0.04  0.04  0.04
 2  15  0.03  0.09  0.14  0.29  0.57  0.85  1.39  2.66  3.82  4.63  6.30  8.26  8.98  8.90  7.65  6.73  4.04  1.56  0.53  0.39  0.07  0.04  0.04  0.04  0.04  0.04  0.04  0.04
 2  20  0.03  0.09  0.15  0.30  0.59  0.88  1.42  2.67  3.82  4.59  6.17  7.99  8.56  8.49  7.44  6.65  4.12  1.63  0.56  0.41  0.09  0.05  0.04  0.04  0.04  0.05  0.05  0.05
 2  25  0.03  0.09  0.15  0.30  0.60  0.89  1.46  2.76  3.88  4.71  6.20  7.71  8.15  8.05  7.15  6.46  4.35  1.80  0.70  0.51  0.20  0.07  0.05  0.05  0.05  0.05  0.05  0.05
 2  30  0.03  0.10  0.16  0.32  0.63  0.93  1.51  2.80  3.97  4.75  6.17  7.46  7.70  7.53  6.80  6.25  4.55  2.00  0.87  0.65  0.28  0.16  0.09  0.07  0.06  0.05  0.05  0.05
 2  35  0.03  0.10  0.17  0.33  0.66  0.97  1.57  2.89  4.08  4.90  6.15  7.21  7.34  7.09  6.53  6.12  4.79  2.50  1.24  0.96  0.48  0.29  0.20  0.10  0.07  0.05  0.05  0.05
 2  40  0.04  0.11  0.18  0.35  0.69  1.02  1.63  2.96  4.21  5.06  6.20  6.95  6.96  6.71  6.33  6.02  5.02  2.98  1.59  1.26  0.67  0.42  0.27  0.14  0.09  0.06  0.05  0.05
 2  45  0.04  0.11  0.18  0.36  0.71  1.05  1.69  3.09  4.34  5.19  6.12  6.71  6.69  6.42  6.13  5.94  5.10  3.22  1.87  1.51  0.89  0.51  0.31  0.19  0.10  0.06  0.05  0.05
 2  50  0.04  0.11  0.18  0.37  0.72  1.07  1.74  3.24  4.45  5.30  6.11  6.50  6.47  6.25  6.02  5.88  5.17  3.46  2.15  1.77  1.12  0.60  0.36  0.21  0.11  0.06  0.05  0.05
 2  55  0.04  0.11  0.19  0.38  0.75  1.10  1.79  3.30  4.42  5.25  5.95  6.31  6.27  6.07  5.82  5.64  5.10  3.49  2.26  1.89  1.25  0.65  0.40  0.22  0.12  0.07  0.06  0.05
 2  60  0.04  0.12  0.20  0.40  0.78  1.15  1.87  3.45  4.56  5.38  5.92  6.17  6.10  5.87  5.64  5.47  5.07  3.57  2.40  2.03  1.38  0.70  0.44  0.25  0.13  0.07  0.06  0.05
 2  65  0.04  0.12  0.20  0.40  0.78  1.15  1.86  3.41  4.40  5.15  5.69  6.07  6.08  5.89  5.58  5.35  4.87  3.43  2.44  2.08  1.47  0.74  0.43  0.25  0.13  0.07  0.06  0.05
 2  70  0.04  0.12  0.20  0.40  0.78  1.15  1.85  3.38  4.23  4.91  5.46  5.97  6.05  5.91  5.52  5.24  4.67  3.29  2.49  2.14  1.55  0.78  0.42  0.26  0.13  0.07  0.06  0.05
 2  75  0.04  0.12  0.20  0.39  0.77  1.14  1.83  3.32  3.99  4.55  5.34  6.15  6.34  6.18  5.69  5.33  4.64  3.22  2.52  2.17  1.59  0.82  0.43  0.26  0.13  0.07  0.06  0.05
 2  80  0.04  0.12  0.20  0.39  0.77  1.13  1.81  3.26  3.74  4.19  5.22  6.32  6.62  6.46  5.85  5.42  4.62  3.15  2.56  2.21  1.62  0.86  0.45  0.26  0.13  0.07  0.06  0.05
 2  85  0.04  0.12  0.20  0.39  0.77  1.13  1.81  3.27  3.75  4.20  5.23  6.33  6.63  6.46  5.86  5.43  4.62  3.15  2.56  2.21  1.62  0.86  0.45  0.26  0.13  0.07  0.06  0.05
 2  90  0.04  0.12  0.20  0.39  0.77  1.13  1.81  3.27  3.75  4.21  5.24  6.34  6.64  6.47  5.86  5.43  4.63  3.16  2.56  2.21  1.62  0.86  0.45  0.26  0.13  0.07  0.06  0.05
 3 -90  0.04  0.12  0.20  0.39  0.76  1.12  1.78  3.13  3.93  4.53  4.70  4.64  4.42  4.03  3.60  3.37  3.45  2.64  1.92  1.57  1.00  0.40  0.24  0.16  0.08  0.04  0.03  0.02
 3 -85  0.04  0.12  0.20  0.39  0.76  1.12  1.78  3.13  3.93  4.53  4.70  4.63  4.42  4.04  3.60  3.37  3.45  2.64  1.92  1.57  1.00  0.40  0.24  0.16  0.08  0.04  0.03  0.02
 3 -80  0.04  0.12  0.20  0.39  0.76  1.12  1.78  3.14  3.93  4.53  4.69  4.63  4.42  4.04  3.61  3.37  3.45  2.64  1.92  1.57  1.00  0.40  0.24  0.16  0.08  0.04  0.03  0.02
 3 -75  0.04  0.11  0.19  0.37  0.73  1.07  1.71  3.01  3.94  4.63  5.10  5.16  4.90  4.44  3.93  3.63  3.54  2.66  1.90  1.55  0.96  0.39  0.23  0.15  0.08  0.04  0.03  0.02
 3 -70  0.04  0.11  0.18  0.36  0.70  1.02  1.63  2.89  3.96  4.73  5.51  5.69  5.39  4.85  4.26  3.88  3.61  2.67  1.89  1.53  0.92  0.38  0.23  0.15  0.07  0.04  0.03  0.03
 3 -65  0.04  0.11  0.17  0.35  0.68  0.99  1.59  2.84  3.95  4.74  5.71  6.15  5.95  5.42  4.86  4.49  3.78  2.65  1.79  1.44  0.86  0.36  0.22  0.14  0.08  0.04  0.03  0.03
 3 -60  0.03  0.10  0.17  0.34  0.66  0.97  1.55  2.78  3.94  4.75  5.91  6.62  6.52  5.98  5.46  5.10  3.95  2.62  1.69  1.36  0.81  0.34  0.21  0.13  0.08  0.04  0.03  0.03
 3 -55  0.03  0.10  0.17  0.34  0.66  0.98  1.56  2.80  3.94  4.72  5.95  6.92  6.97  6.55  6.01  5.62  4.16  2.50  1.47  1.18  0.67  0.27  0.17  0.10  0.07  0.04  0.03  0.03
 3 -50  0.03  0.10  0.17  0.34  0.66  0.97  1.54  2.75  3.86  4.60  5.94  7.23  7.45  7.05  6.50  6.11  4.37  2.37  1.20  0.95  0.52  0.20  0.12  0.08  0.06  0.04  0.03  0.03
 3 -45  0.03  0.10  0.16  0.33  0.64  0.94  1.51  2.75  3.87  4.62  6.01  7.42  7.78  7.46  6.60  6.00  4.24  2.25  1.10  0.87  0.47  0.18  0.11  0.07  0.05  0.04  0.04  0.03
 3 -40  0.03  0.10  0.16  0.32  0.63  0.93  1.50  2.76  3.87  4.60  6.02  7.59  8.08  7.88  6.73  5.94  4.12  2.12  1.01  0.79  0.41  0.16  0.09  0.06  0.05  0.04  0.04  0.03
 3 -35  0.03  0.09  0.16  0.31  0.62  0.92  1.49  2.78  3.93  4.69  6.14  7.79  8.36  8.23  7.23  6.53  4.20  1.91  0.83  0.64  0.31  0.12  0.07  0.05  0.04  0.04  0.04  0.03
 3 -30  0.03  0.09  0.16  0.31  0.61  0.91  1.48  2.78  3.94  4.70  6.20  7.95  8.62  8.60  7.71  7.11  4.27  1.71  0.64  0.48  0.20  0.08  0.05  0.04  0.04  0.04  0.04  0.03
 3 -25  0.03  0.09  0.15  0.30  0.60  0.89  1.45  2.74  3.90  4.64  6.13  8.08  8.89  8.99  7.93  7.19  4.19  1.49  0.51  0.38  0.15  0.06  0.04  0.04  0.04  0.04  0.04  0.03
 3 -20  0.03  0.09  0.14  0.29  0.57  0.86  1.41  2.71  3.81  4.51  6.07  8.27  9.18  9.32  8.13  7.27  4.10  1.28  0.37  0.28  0.10  0.04  0.03  0.03  0.03  0.04  0.04  0.03
 3 -15  0.03  0.09  0.14  0.28  0.56  0.84  1.37  2.63  3.69  4.44  6.02  8.32  9.39  9.68  8.23  7.17  4.08  1.28  0.38  0.28  0.11  0.04  0.03  0.03  0.03  0.03  0.03  0.03
 3 -10  0.03  0.08  0.14  0.28  0.55  0.82  1.34  2.58  3.62  4.34  6.01  8.46  9.69 10.03  8.34  7.05  4.02  1.27  0.38  0.29  0.12  0.03  0.03  0.03  0.03  0.03  0.03  0.03
 3  -5  0.03  0.08  0.14  0.27  0.54  0.81  1.32  2.54  3.55  4.26  5.94  8.44  9.67 10.04  8.30  6.95  3.98  1.27  0.38  0.29  0.07  0.03  0.03  0.03  0.03  0.03  0.03  0.03
 3   0  0.03  0.09  0.15  0.29  0.57  0.84  1.35  2.44  3.47  4.13  5.83  8.31  9.51  9.98  8.25  6.87  3.97  1.30  0.39  0.30  0.13  0.03  0.03  0.03  0.03  0.03  0.03  0.03
 3   5  0.03  0.09  0.14  0.29  0.57  0.84  1.36  2.52  3.54  4.26  5.89  8.31  9.43  9.74  8.21  6.98  4.03  1.39  0.44  0.33  0.06  0.03  0.03  0.03  0.03  0.04  0.04  0.03
 3  10  0.03  0.09  0.14  0.28  0.56  0.84  1.36  2.59  3.68  4.43  6.04  8.33  9.37  9.60  8.14  7.05  4.08  1.46  0.48  0.36  0.07  0.04  0.03  0.03  0.03  0.04  0.04  0.04
 3  15  0.03  0.09  0.14  0.29  0.57  0.85  1.39  2.65  3.72  4.48  6.02  8.19  9.13  9.26  7.84  6.79  4.11  1.51  0.49  0.37  0.08  0.04  0.04  0.04  0.04  0.04  0.05  0.05
 3  20  0.03  0.09  0.15  0.30  0.59  0.88  1.43  2.68  3.77  4.52  6.04  8.01  8.79  8.87  7.51  6.50  4.09  1.55  0.52  0.38  0.14  0.05  0.04  0.04  0.04  0.05  0.05  0.05
 3  25  0.03  0.09  0.15  0.30  0.60  0.89  1.45  2.74  3.83  4.63  6.14  7.87  8.50  8.52  7.33  6.45  4.29  1.83  0.70  0.52  0.24  0.07  0.06  0.05  0.05  0.05  0.05  0.05
 3  30  0.03  0.09  0.16  0.31  0.62  0.91  1.48  2.76  3.90  4.68  6.17  7.73  8.17  8.08  7.09  6.38  4.46  2.14  0.89  0.69  0.34  0.18  0.10  0.07  0.06  0.05  0.05  0.05
 3  35  0.03  0.10  0.16  0.32  0.64  0.94  1.52  2.79  3.97  4.79  6.23  7.62  7.89  7.67  6.85  6.27  4.55  2.53  1.26  1.00  0.56  0.30  0.22  0.11  0.08  0.06  0.05  0.05
 3  40  0.03  0.10  0.17  0.33  0.66  0.97  1.55  2.79  4.06  4.93  6.39  7.50  7.59  7.31  6.68  6.20  4.63  2.92  1.61  1.31  0.78  0.43  0.29  0.15  0.09  0.06  0.06  0.05
 3  45  0.03  0.10  0.17  0.34  0.66  0.98  1.57  2.86  4.16  5.06  6.38  7.29  7.31  6.95  6.38  5.99  4.82  3.16  1.87  1.53  0.94  0.54  0.34  0.20  0.11  0.07  0.06  0.05
 3  50  0.03  0.10  0.17  0.34  0.66  0.98  1.59  2.96  4.27  5.18  6.46  7.14  7.09  6.71  6.18  5.81  5.01  3.41  2.11  1.75  1.12  0.65  0.41  0.23  0.12  0.07  0.06  0.05
 3  55  0.04  0.11  0.18  0.35  0.69  1.01  1.64  3.01  4.30  5.23  6.37  6.93  6.82  6.45  6.00  5.67  5.00  3.50  2.26  1.89  1.25  0.73  0.46  0.25  0.13  0.07  0.06  0.06
 3  60  0.04  0.11  0.18  0.36  0.72  1.06  1.71  3.15  4.49  5.44  6.42  6.77  6.59  6.18  5.85  5.61  5.03  3.63  2.44  2.05  1.38  0.79  0.50  0.28  0.14  0.07  0.06  0.06
 3  65  0.04  0.11  0.19  0.37  0.74  1.09  1.76  3.23  4.48  5.38  6.20  6.52  6.37  6.00  5.66  5.40  4.87  3.61  2.51  2.14  1.51  0.84  0.53  0.31  0.14  0.07  0.06  0.05
 3  70  0.04  0.12  0.19  0.39  0.76  1.12  1.81  3.32  4.47  5.31  5.99  6.27  6.15  5.83  5.46  5.20  4.71  3.58  2.58  2.23  1.64  0.90  0.57  0.34  0.15  0.07  0.06  0.05
 3  75  0.04  0.12  0.19  0.39  0.76  1.12  1.81  3.31  4.35  5.11  5.77  6.20  6.19  5.95  5.41  5.02  4.58  3.57  2.60  2.26  1.68  0.93  0.56  0.33  0.14  0.08  0.06  0.05
 3  80  0.04  0.12  0.20  0.39  0.76  1.12  1.81  3.30  4.22  4.91  5.55  6.13  6.24  6.06  5.35  4.84  4.45  3.57  2.63  2.29  1.72  0.97  0.55  0.32  0.13  0.08  0.06  0.05
 3  85  0.04  0.12  0.20  0.39  0.76  1.12  1.81  3.30  4.23  4.92  5.56  6.14  6.25  6.07  5.36  4.85  4.45  3.57  2.63  2.29  1.72  0.97  0.55  0.32  0.13  0.08  0.06  0.06
 3  90  0.04  0.12  0.20  0.39  0.76  1.12  1.81  3.30  4.24  4.93  5.57  6.15  6.26  6.07  5.36  4.85  4.46  3.57  2.63  2.29  1.72  0.97  0.55  0.32  0.13  0.08  0.06  0.06
 4 -90  0.05  0.16  0.26  0.51  0.99  1.44  2.23  3.63  3.94  4.27  4.47  4.53  4.34  3.94  3.44  3.18  2.94  2.77  1.99  1.61  1.00  0.41  0.25  0.16  0.08  0.04  0.03  0.03
 4 -85  0.05  0.16  0.26  0.51  0.99  1.44  2.23  3.63  3.95  4.26  4.47  4.53  4.33  3.94  3.44  3.18  2.94  2.77  1.99  1.61  1.00  0.41  0.25  0.16  0.08  0.04  0.03  0.03
 4 -80  0.05  0.16  0.26  0.51  0.99  1.44  2.23  3.63  3.95  4.26  4.47  4.53  4.33  3.94  3.45  3.18  2.94  2.77  1.99  1.61  1.00  0.41  0.25  0.16  0.08  0.04  0.03  0.03
 4 -75  0.05  0.15  0.25  0.49  0.96  1.39  2.18  3.62  4.25  4.80  5.00  4.98  4.73  4.32  3.83  3.57  3.30  2.76  1.97  1.59  1.00  0.39  0.24  0.15  0.07  0.04  0.03  0.03
 4 -70  0.05  0.15  0.24  0.48  0.93  1.35  2.12  3.60  4.56  5.34  5.54  5.41  5.13  4.69  4.22  3.95  3.63  2.75  1.95  1.58  1.00  0.37  0.23  0.14  0.08  0.04  0.03  0.03
 4 -65  0.05  0.14  0.23  0.46  0.89  1.31  2.06  3.56  4.66  5.52  5.90  5.88  5.62  5.17  4.74  4.45  3.86  2.74  1.85  1.50  0.92  0.35  0.20  0.12  0.08  0.04  0.03  0.03
 4 -60  0.04  0.13  0.22  0.44  0.86  1.26  2.00  3.51  4.76  5.70  6.26  6.34  6.11  5.65  5.25  4.96  4.10  2.72  1.76  1.41  0.85  0.32  0.17  0.11  0.07  0.04  0.03  0.03
 4 -55  0.04  0.13  0.21  0.42  0.83  1.22  1.94  3.42  4.70  5.64  6.39  6.71  6.54  6.13  5.83  5.59  4.34  2.59  1.55  1.23  0.68  0.27  0.13  0.08  0.07  0.04  0.03  0.03
 4 -50  0.04  0.12  0.20  0.40  0.79  1.16  1.84  3.26  4.55  5.47  6.47  7.08  6.99  6.52  6.35  6.20  4.59  2.45  1.30  1.01  0.51  0.21  0.09  0.08  0.06  0.04  0.03  0.03
 4 -45  0.04  0.12  0.19  0.38  0.75  1.10  1.75  3.12  4.41  5.31  6.47  7.30  7.31  6.88  6.37  6.04  4.44  2.31  1.22  0.96  0.49  0.20  0.10  0.07  0.05  0.04  0.03  0.03
 4 -40  0.04  0.11  0.18  0.36  0.71  1.05  1.68  3.00  4.28  5.15  6.46  7.51  7.63  7.24  6.46  5.92  4.30  2.16  1.15  0.90  0.46  0.18  0.09  0.06  0.04  0.04  0.03  0.03
 4 -35  0.04  0.10  0.17  0.35  0.68  1.00  1.61  2.94  4.21  5.07  6.46  7.72  7.99  7.72  6.70  6.01  4.18  1.94  0.98  0.76  0.38  0.15  0.07  0.05  0.04  0.04  0.03  0.03
 4 -30  0.03  0.10  0.17  0.33  0.65  0.96  1.56  2.86  4.10  4.92  6.42  7.91  8.35  8.20  6.94  6.07  4.06  1.73  0.80  0.62  0.30  0.09  0.05  0.04  0.04  0.04  0.03  0.03
 4 -25  0.03  0.10  0.16  0.32  0.63  0.93  1.51  2.80  4.00  4.78  6.25  8.00  8.62  8.65  7.37  6.46  4.10  1.54  0.61  0.46  0.21  0.06  0.04  0.03  0.03  0.03  0.03  0.03
 4 -20  0.03  0.09  0.15  0.31  0.61  0.90  1.46  2.74  3.83  4.54  6.07  8.15  8.95  9.06  7.78  6.85  4.14  1.37  0.42  0.31  0.12  0.04  0.03  0.03  0.03  0.03  0.03  0.03
 4 -15  0.03  0.09  0.15  0.30  0.59  0.88  1.43  2.67  3.71  4.44  5.93  8.09  9.09  9.40  8.03  7.05  4.16  1.33  0.40  0.30  0.12  0.03  0.03  0.03  0.03  0.03  0.03  0.03
 4 -10  0.03  0.09  0.15  0.30  0.59  0.87  1.40  2.61  3.62  4.30  5.86  8.12  9.29  9.73  8.31  7.23  4.14  1.27  0.37  0.28  0.12  0.03  0.03  0.03  0.03  0.03  0.03  0.03
 4  -5  0.03  0.09  0.15  0.29  0.58  0.85  1.38  2.57  3.55  4.23  5.78  8.09  9.31  9.79  8.36  7.25  4.16  1.28  0.37  0.28  0.12  0.03  0.03  0.03  0.03  0.03  0.03  0.02
 4   0  0.03  0.09  0.15  0.30  0.59  0.86  1.39  2.51  3.47  4.10  5.66  7.96  9.18  9.78  8.40  7.30  4.21  1.32  0.37  0.28  0.12  0.03  0.03  0.03  0.03  0.03  0.03  0.03
 4   5  0.03  0.09  0.15  0.30  0.58  0.86  1.39  2.56  3.54  4.25  5.77  8.06  9.17  9.58  8.32  7.28  4.27  1.42  0.53  0.39  0.14  0.03  0.03  0.03  0.03  0.03  0.03  0.03
 4  10  0.03  0.09  0.15  0.29  0.58  0.85  1.39  2.63  3.70  4.44  5.96  8.17  9.18  9.47  8.21  7.23  4.31  1.50  0.69  0.49  0.16  0.03  0.03  0.03  0.03  0.04  0.04  0.04
 4  15  0.03  0.09  0.15  0.29  0.58  0.86  1.40  2.68  3.74  4.49  5.98  8.10  9.03  9.20  7.96  7.03  4.28  1.55  0.71  0.51  0.16  0.04  0.03  0.03  0.04  0.04  0.05  0.04
 4  20  0.03  0.09  0.15  0.30  0.60  0.88  1.43  2.69  3.79  4.55  6.06  8.02  8.79  8.89  7.68  6.79  4.21  1.60  0.75  0.54  0.17  0.05  0.04  0.04  0.05  0.05  0.05  0.05
 4  25  0.03  0.09  0.15  0.30  0.60  0.89  1.44  2.71  3.80  4.58  6.10  7.94  8.65  8.68  7.56  6.75  4.34  1.80  0.85  0.63  0.25  0.09  0.06  0.06  0.06  0.05  0.05  0.05
 4  30  0.03  0.09  0.15  0.30  0.60  0.89  1.45  2.70  3.81  4.57  6.08  7.86  8.45  8.41  7.40  6.68  4.46  2.04  0.96  0.73  0.34  0.17  0.10  0.08  0.07  0.06  0.06  0.05
 4  35  0.03  0.09  0.15  0.31  0.60  0.89  1.44  2.66  3.76  4.52  6.01  7.75  8.25  8.12  7.19  6.52  4.44  2.32  1.25  1.00  0.56  0.31  0.16  0.10  0.08  0.06  0.06  0.05
 4  40  0.03  0.09  0.16  0.31  0.61  0.90  1.44  2.59  3.74  4.51  6.07  7.65  8.04  7.86  7.02  6.39  4.42  2.61  1.52  1.25  0.76  0.45  0.30  0.13  0.09  0.06  0.06  0.05
 4  45  0.03  0.09  0.15  0.31  0.60  0.88  1.42  2.59  3.73  4.51  6.01  7.48  7.81  7.53  6.70  6.12  4.46  2.82  1.74  1.43  0.89  0.53  0.35  0.17  0.11  0.07  0.06  0.06
 4  50  0.03  0.09  0.15  0.30  0.59  0.87  1.41  2.61  3.76  4.53  6.06  7.40  7.65  7.30  6.46  5.87  4.49  3.05  1.94  1.60  1.03  0.62  0.41  0.23  0.13  0.07  0.06  0.06
 4  55  0.03  0.09  0.15  0.30  0.59  0.87  1.41  2.60  3.76  4.55  6.04  7.23  7.36  6.98  6.17  5.57  4.61  3.21  2.08  1.73  1.14  0.67  0.46  0.26  0.14  0.08  0.06  0.06
 4  60  0.03  0.09  0.15  0.31  0.61  0.90  1.45  2.67  3.90  4.74  6.16  7.13  7.12  6.64  5.89  5.35  4.76  3.40  2.25  1.88  1.25  0.72  0.51  0.29  0.15  0.08  0.06  0.06
 4  65  0.03  0.09  0.16  0.31  0.61  0.90  1.46  2.71  3.91  4.74  6.01  6.80  6.74  6.26  5.68  5.26  4.71  3.41  2.36  1.97  1.33  0.81  0.58  0.34  0.15  0.08  0.06  0.06
 4  70  0.03  0.09  0.16  0.31  0.62  0.91  1.48  2.74  3.93  4.74  5.85  6.47  6.36  5.88  5.47  5.18  4.65  3.42  2.47  2.07  1.41  0.90  0.65  0.39  0.17  0.08  0.06  0.06
 4  75  0.03  0.10  0.16  0.32  0.63  0.93  1.51  2.81  3.92  4.68  5.57  6.05  5.94  5.53  5.28  5.11  4.63  3.48  2.53  2.15  1.50  0.95  0.65  0.39  0.16  0.08  0.06  0.06
 4  80  0.03  0.10  0.16  0.33  0.64  0.95  1.54  2.87  3.92  4.62  5.29  5.62  5.52  5.18  5.09  5.03  4.60  3.54  2.61  2.23  1.60  1.00  0.66  0.38  0.15  0.09  0.07  0.06
 4  85  0.03  0.10  0.16  0.33  0.64  0.95  1.55  2.88  3.92  4.63  5.30  5.63  5.53  5.18  5.10  5.04  4.61  3.54  2.61  2.23  1.60  1.00  0.66  0.38  0.15  0.09  0.07  0.06
 4  90  0.03  0.10  0.16  0.33  0.64  0.95  1.55  2.88  3.93  4.64  5.31  5.65  5.54  5.19  5.10  5.04  4.61  3.54  2.61  2.23  1.60  1.00  0.66  0.38  0.15  0.09  0.07  0.06
 5 -90  0.06  0.17  0.28  0.56  1.07  1.53  2.32  3.49  4.12  4.63  4.52  4.24  3.82  3.37  3.38  3.42  3.31  2.68  1.95  1.58  0.98  0.40  0.23  0.14  0.06  0.04  0.03  0.03
 5 -85  0.06  0.17  0.28  0.56  1.07  1.53  2.32  3.49  4.12  4.63  4.51  4.24  3.81  3.37  3.38  3.42  3.31  2.68  1.95  1.58  0.98  0.40  0.23  0.14  0.06  0.04  0.03  0.03
 5 -80  0.06  0.17  0.28  0.56  1.07  1.53  2.32  3.49  4.12  4.63  4.51  4.24  3.81  3.37  3.38  3.42  3.31  2.68  1.95  1.58  0.98  0.40  0.23  0.14  0.06  0.04  0.03  0.03
 5 -75  0.06  0.17  0.28  0.54  1.04  1.50  2.29  3.52  4.28  4.88  4.97  4.83  4.50  4.07  3.85  3.73  3.43  2.57  1.81  1.47  0.90  0.37  0.21  0.13  0.07  0.04  0.03  0.03
 5 -70  0.05  0.16  0.27  0.53  1.02  1.47  2.26  3.56  4.44  5.14  5.44  5.43  5.18  4.77  4.30  4.02  3.55  2.47  1.68  1.36  0.83  0.34  0.20  0.12  0.07  0.04  0.03  0.03
 5 -65  0.05  0.16  0.27  0.53  1.03  1.50  2.33  3.84  4.81  5.59  5.78  5.72  5.49  5.11  4.77  4.58  4.02  2.60  1.70  1.35  0.79  0.35  0.19  0.12  0.07  0.04  0.03  0.03
 5 -60  0.05  0.16  0.27  0.54  1.05  1.53  2.41  4.12  5.18  6.04  6.11  6.02  5.81  5.45  5.27  5.14  4.48  2.73  1.71  1.35  0.75  0.35  0.18  0.11  0.06  0.04  0.03  0.03
 5 -55  0.05  0.16  0.26  0.52  1.01  1.47  2.34  4.06  5.27  6.20  6.44  6.40  6.19  5.85  5.67  5.50  4.57  2.56  1.59  1.25  0.65  0.35  0.17  0.10  0.06  0.04  0.03  0.03
 5 -50  0.05  0.15  0.25  0.50  0.97  1.42  2.25  3.91  5.25  6.24  6.70  6.80  6.58  6.16  6.00  5.83  4.67  2.39  1.43  1.11  0.55  0.35  0.15  0.08  0.05  0.04  0.03  0.03
 5 -45  0.05  0.14  0.23  0.46  0.89  1.31  2.07  3.61  4.96  5.97  6.72  7.05  6.87  6.41  6.06  5.82  4.59  2.32  1.34  1.04  0.52  0.32  0.14  0.07  0.05  0.04  0.03  0.03
 5 -40  0.04  0.13  0.21  0.42  0.82  1.20  1.90  3.34  4.73  5.73  6.75  7.31  7.19  6.70  6.20  5.84  4.50  2.24  1.27  0.98  0.48  0.29  0.13  0.06  0.04  0.03  0.03  0.03
 5 -35  0.04  0.12  0.19  0.38  0.75  1.11  1.77  3.18  4.53  5.47  6.66  7.50  7.52  7.15  6.61  6.25  4.46  2.03  1.03  0.79  0.36  0.21  0.09  0.05  0.04  0.03  0.03  0.03
 5 -30  0.04  0.11  0.18  0.36  0.70  1.03  1.66  2.99  4.28  5.16  6.54  7.68  7.87  7.60  7.03  6.65  4.41  1.81  0.80  0.59  0.25  0.10  0.06  0.04  0.04  0.03  0.03  0.03
 5 -25  0.03  0.10  0.17  0.34  0.67  0.99  1.59  2.88  4.10  4.92  6.31  7.77  8.16  8.08  7.28  6.71  4.34  1.67  0.65  0.48  0.19  0.06  0.04  0.03  0.03  0.03  0.03  0.03
 5 -20  0.03  0.10  0.16  0.33  0.64  0.95  1.52  2.76  3.84  4.56  6.04  7.92  8.53  8.51  7.52  6.78  4.27  1.55  0.50  0.36  0.14  0.04  0.03  0.03  0.03  0.03  0.03  0.03
 5 -15  0.03  0.10  0.16  0.32  0.62  0.92  1.48  2.70  3.75  4.48  5.90  7.86  8.70  8.88  7.81  7.06  4.32  1.47  0.43  0.32  0.12  0.04  0.03  0.03  0.03  0.03  0.03  0.03
 5 -10  0.03  0.10  0.16  0.31  0.62  0.91  1.46  2.65  3.67  4.36  5.85  7.91  8.91  9.27  8.15  7.33  4.34  1.37  0.36  0.27  0.11  0.03  0.03  0.03  0.03  0.03  0.03  0.03
 5  -5  0.03  0.09  0.16  0.31  0.61  0.90  1.45  2.62  3.64  4.34  5.84  7.92  9.00  9.41  8.10  7.12  4.13  1.20  0.32  0.24  0.10  0.03  0.03  0.03  0.03  0.03  0.03  0.03
 5   0  0.03  0.09  0.16  0.31  0.61  0.89  1.43  2.60  3.61  4.29  5.80  7.88  8.98  9.49  8.04  6.95  3.94  1.06  0.29  0.22  0.10  0.03  0.03  0.03  0.03  0.03  0.03  0.03
 5   5  0.03  0.09  0.15  0.31  0.60  0.89  1.44  2.63  3.65  4.38  5.88  7.98  8.99  9.40  8.16  7.17  4.22  1.31  0.45  0.35  0.16  0.03  0.03  0.03  0.03  0.03  0.03  0.03
 5  10  0.03  0.09  0.15  0.30  0.59  0.88  1.42  2.68  3.78  4.53  6.03  8.12  9.05  9.38  8.25  7.36  4.46  1.55  0.60  0.46  0.22  0.04  0.03  0.03  0.03  0.04  0.04  0.03
 5  15  0.03  0.09  0.15  0.30  0.59  0.87  1.42  2.69  3.78  4.52  5.99  8.05  8.96  9.16  8.09  7.27  4.35  1.62  0.64  0.49  0.23  0.04  0.03  0.04  0.04  0.04  0.05  0.04
 5  20  0.03  0.09  0.15  0.30  0.60  0.89  1.44  2.68  3.77  4.53  6.03  8.00  8.80  8.93  7.90  7.14  4.23  1.68  0.68  0.52  0.24  0.06  0.05  0.05  0.05  0.05  0.05  0.05
 5  25  0.03  0.09  0.15  0.30  0.59  0.88  1.43  2.66  3.75  4.49  5.98  7.90  8.70  8.78  7.74  7.02  4.42  1.84  0.79  0.61  0.31  0.10  0.06  0.06  0.06  0.06  0.05  0.05
 5  30  0.03  0.09  0.15  0.30  0.59  0.87  1.41  2.64  3.70  4.43  5.90  7.80  8.55  8.59  7.57  6.87  4.59  2.02  0.91  0.71  0.37  0.16  0.09  0.07  0.06  0.06  0.06  0.05
 5  35  0.03  0.09  0.15  0.30  0.58  0.86  1.40  2.58  3.61  4.31  5.73  7.64  8.34  8.34  7.37  6.68  4.57  2.23  1.13  0.91  0.54  0.29  0.14  0.09  0.07  0.06  0.06  0.05
 5  40  0.03  0.09  0.15  0.30  0.58  0.86  1.38  2.50  3.55  4.24  5.71  7.50  8.12  8.10  7.20  6.52  4.54  2.45  1.34  1.11  0.69  0.41  0.21  0.12  0.08  0.07  0.06  0.06
 5  45  0.03  0.09  0.14  0.29  0.56  0.83  1.34  2.45  3.44  4.12  5.53  7.29  7.89  7.80  6.89  6.23  4.48  2.61  1.55  1.28  0.82  0.49  0.32  0.15  0.10  0.07  0.06  0.06
 5  50  0.03  0.08  0.14  0.28  0.54  0.80  1.30  2.43  3.40  4.05  5.47  7.17  7.73  7.58  6.64  5.98  4.42  2.77  1.75  1.46  0.95  0.58  0.39  0.20  0.12  0.08  0.06  0.06
 5  55  0.03  0.08  0.13  0.27  0.53  0.78  1.27  2.37  3.32  3.97  5.38  7.01  7.46  7.23  6.34  5.69  4.41  2.89  1.86  1.54  1.01  0.61  0.44  0.26  0.13  0.08  0.07  0.06
 5  60  0.03  0.08  0.14  0.27  0.53  0.79  1.28  2.38  3.37  4.05  5.44  6.90  7.22  6.87  6.05  5.46  4.45  3.05  1.99  1.64  1.07  0.64  0.48  0.28  0.14  0.08  0.07  0.06
 5  65  0.03  0.08  0.13  0.26  0.52  0.77  1.25  2.33  3.30  3.96  5.28  6.57  6.78  6.37  5.57  4.99  4.16  3.04  2.10  1.75  1.17  0.70  0.53  0.33  0.15  0.08  0.07  0.06
 5  70  0.03  0.08  0.13  0.26  0.51  0.75  1.22  2.28  3.23  3.87  5.13  6.24  6.34  5.87  5.08  4.52  3.88  3.04  2.20  1.85  1.27  0.77  0.59  0.39  0.22  0.09  0.07  0.06
 5  75  0.03  0.08  0.13  0.26  0.51  0.76  1.23  2.29  3.28  3.96  5.16  6.01  5.95  5.42  4.87  4.48  4.00  3.11  2.23  1.87  1.29  0.78  0.58  0.38  0.21  0.09  0.07  0.06
 5  80  0.03  0.08  0.13  0.26  0.51  0.76  1.23  2.30  3.34  4.04  5.19  5.79  5.56  4.98  4.66  4.44  4.12  3.19  2.26  1.90  1.31  0.80  0.58  0.38  0.21  0.09  0.07  0.06
 5  85  0.03  0.08  0.13  0.26  0.51  0.76  1.23  2.31  3.34  4.05  5.21  5.80  5.57  4.99  4.67  4.44  4.12  3.19  2.26  1.90  1.31  0.80  0.58  0.38  0.21  0.10  0.07  0.06
 5  90  0.03  0.08  0.13  0.26  0.51  0.76  1.23  2.31  3.35  4.06  5.22  5.81  5.58  4.99  4.67  4.45  4.13  3.19  2.26  1.90  1.31  0.80  0.58  0.38  0.21  0.10  0.07  0.06
 6 -90  0.06  0.17  0.29  0.56  1.07  1.53  2.29  3.28  4.27  5.02  4.94  4.65  4.33  3.95  3.90  3.85  3.32  2.71  1.95  1.60  1.03  0.36  0.18  0.09  0.05  0.03  0.03  0.03
 6 -85  0.06  0.17  0.29  0.56  1.07  1.53  2.29  3.28  4.27  5.02  4.94  4.65  4.33  3.95  3.90  3.85  3.32  2.71  1.95  1.60  1.03  0.36  0.18  0.09  0.05  0.03  0.03  0.03
 6 -80  0.06  0.17  0.29  0.56  1.07  1.53  2.29  3.29  4.27  5.02  4.93  4.65  4.32  3.95  3.90  3.85  3.32  2.70  1.95  1.60  1.03  0.36  0.18  0.10  0.06  0.03  0.03  0.03
 6 -75  0.06  0.17  0.29  0.56  1.07  1.54  2.32  3.42  4.40  5.14  5.24  5.13  4.84  4.46  4.19  4.02  3.47  2.68  1.92  1.58  1.01  0.35  0.17  0.10  0.06  0.04  0.03  0.03
 6 -70  0.06  0.17  0.28  0.56  1.07  1.54  2.34  3.57  4.53  5.26  5.55  5.60  5.35  4.95  4.47  4.17  3.62  2.67  1.88  1.56  1.01  0.34  0.16  0.10  0.06  0.04  0.03  0.03
 6 -65  0.06  0.17  0.28  0.55  1.06  1.53  2.36  3.72  4.72  5.48  5.68  5.72  5.50  5.12  4.77  4.57  3.97  2.74  1.88  1.55  0.98  0.38  0.20  0.10  0.06  0.04  0.03  0.03
 6 -60  0.06  0.17  0.28  0.54  1.05  1.53  2.37  3.87  4.91  5.72  5.83  5.84  5.65  5.29  5.09  4.99  4.32  2.81  1.88  1.54  0.96  0.42  0.23  0.10  0.06  0.04  0.03  0.03
 6 -55  0.05  0.16  0.27  0.53  1.04  1.52  2.39  4.05  5.23  6.14  6.21  6.14  5.95  5.65  5.50  5.37  4.46  2.66  1.72  1.40  0.84  0.40  0.24  0.10  0.06  0.04  0.03  0.03
 6 -50  0.05  0.16  0.27  0.53  1.04  1.52  2.40  4.13  5.44  6.43  6.52  6.44  6.25  5.93  5.86  5.74  4.61  2.53  1.51  1.22  0.72  0.38  0.26  0.09  0.05  0.04  0.03  0.03
 6 -45  0.05  0.15  0.25  0.49  0.95  1.39  2.19  3.77  5.13  6.15  6.65  6.81  6.59  6.17  5.87  5.66  4.57  2.48  1.44  1.16  0.69  0.36  0.23  0.08  0.05  0.04  0.03  0.03
 6 -40  0.04  0.13  0.22  0.44  0.85  1.25  1.98  3.47  4.90  5.94  6.83  7.20  7.00  6.47  5.98  5.60  4.51  2.40  1.37  1.11  0.65  0.33  0.21  0.07  0.05  0.04  0.03  0.03
 6 -35  0.04  0.12  0.20  0.40  0.78  1.14  1.82  3.23  4.58  5.54  6.65  7.37  7.31  6.90  6.36  5.97  4.63  2.20  1.10  0.87  0.49  0.25  0.11  0.06  0.05  0.04  0.03  0.03
 6 -30  0.04  0.11  0.18  0.36  0.71  1.04  1.67  2.99  4.23  5.09  6.44  7.53  7.66  7.35  6.75  6.34  4.72  1.98  0.82  0.64  0.33  0.17  0.07  0.05  0.04  0.04  0.03  0.03
 6 -25  0.04  0.11  0.18  0.35  0.69  1.01  1.61  2.87  4.06  4.88  6.24  7.60  7.88  7.73  7.03  6.53  4.57  1.78  0.66  0.50  0.24  0.07  0.05  0.04  0.04  0.04  0.04  0.03
 6 -20  0.03  0.10  0.17  0.34  0.67  0.98  1.56  2.75  3.82  4.54  5.98  7.71  8.18  8.04  7.30  6.73  4.43  1.58  0.49  0.36  0.15  0.05  0.04  0.03  0.03  0.04  0.04  0.04
 6 -15  0.03  0.10  0.17  0.33  0.65  0.95  1.52  2.73  3.79  4.51  5.90  7.70  8.38  8.40  7.47  6.83  4.32  1.50  0.47  0.35  0.14  0.04  0.03  0.03  0.03  0.03  0.04  0.03
 6 -10  0.03  0.10  0.17  0.33  0.64  0.95  1.51  2.69  3.75  4.47  5.94  7.79  8.60  8.81  7.69  6.91  4.16  1.40  0.44  0.32  0.14  0.04  0.03  0.03  0.03  0.03  0.03  0.03
 6  -5  0.03  0.10  0.17  0.33  0.64  0.94  1.50  2.66  3.75  4.51  5.99  7.84  8.76  9.04  7.91  7.13  4.22  1.34  0.41  0.30  0.14  0.03  0.03  0.03  0.03  0.03  0.03  0.03
 6   0  0.03  0.10  0.16  0.31  0.62  0.91  1.47  2.69  3.78  4.54  6.04  7.92  8.89  9.24  8.15  7.38  4.29  1.29  0.37  0.29  0.13  0.04  0.03  0.03  0.03  0.03  0.03  0.03
 6   5  0.03  0.10  0.16  0.32  0.62  0.92  1.48  2.70  3.79  4.56  6.08  8.00  8.88  9.22  8.20  7.41  4.45  1.43  0.48  0.37  0.18  0.04  0.03  0.03  0.03  0.03  0.03  0.03
 6  10  0.03  0.09  0.15  0.31  0.61  0.90  1.46  2.74  3.89  4.67  6.19  8.13  8.95  9.25  8.23  7.42  4.57  1.57  0.58  0.45  0.22  0.04  0.03  0.03  0.03  0.04  0.04  0.03
 6  15  0.03  0.09  0.15  0.31  0.61  0.90  1.46  2.74  3.88  4.63  6.11  8.05  8.86  9.05  8.01  7.21  4.47  1.62  0.61  0.47  0.23  0.05  0.04  0.04  0.04  0.04  0.04  0.04
 6  20  0.03  0.09  0.16  0.31  0.62  0.91  1.47  2.72  3.84  4.60  6.11  8.00  8.74  8.87  7.77  6.96  4.36  1.67  0.64  0.50  0.25  0.06  0.05  0.05  0.05  0.05  0.05  0.04
 6  25  0.03  0.09  0.15  0.31  0.61  0.90  1.45  2.70  3.80  4.54  6.00  7.87  8.66  8.74  7.76  7.09  4.50  1.78  0.68  0.53  0.27  0.09  0.06  0.06  0.06  0.05  0.05  0.05
 6  30  0.03  0.09  0.15  0.30  0.59  0.88  1.42  2.67  3.73  4.46  5.88  7.76  8.51  8.58  7.75  7.20  4.62  1.90  0.72  0.55  0.29  0.13  0.08  0.06  0.06  0.06  0.05  0.05
 6  35  0.03  0.09  0.15  0.30  0.58  0.86  1.40  2.60  3.61  4.30  5.66  7.54  8.28  8.33  7.47  6.87  4.57  2.12  0.97  0.77  0.43  0.19  0.10  0.08  0.07  0.06  0.06  0.05
 6  40  0.03  0.09  0.15  0.29  0.58  0.85  1.37  2.50  3.52  4.19  5.58  7.36  8.03  8.09  7.20  6.55  4.50  2.34  1.22  0.97  0.56  0.31  0.16  0.10  0.08  0.07  0.06  0.05
 6  45  0.03  0.09  0.14  0.28  0.56  0.82  1.32  2.42  3.36  4.00  5.33  7.11  7.78  7.80  6.91  6.26  4.47  2.48  1.41  1.14  0.69  0.40  0.25  0.13  0.09  0.07  0.06  0.06
 6  50  0.03  0.08  0.13  0.27  0.53  0.78  1.27  2.38  3.26  3.87  5.18  6.93  7.58  7.55  6.65  6.00  4.45  2.61  1.59  1.31  0.83  0.48  0.33  0.16  0.10  0.07  0.06  0.06
 6  55  0.03  0.08  0.13  0.25  0.50  0.75  1.22  2.29  3.14  3.72  5.01  6.70  7.28  7.18  6.34  5.73  4.27  2.69  1.67  1.37  0.87  0.50  0.37  0.19  0.12  0.08  0.07  0.06
 6  60  0.03  0.08  0.13  0.25  0.50  0.74  1.21  2.27  3.13  3.71  4.96  6.52  7.00  6.79  6.04  5.50  4.13  2.80  1.78  1.45  0.91  0.52  0.40  0.25  0.13  0.08  0.07  0.06
 6  65  0.02  0.07  0.12  0.24  0.48  0.72  1.17  2.20  3.04  3.61  4.83  6.25  6.61  6.30  5.52  4.96  3.85  2.79  1.87  1.54  1.00  0.56  0.45  0.27  0.14  0.08  0.07  0.06
 6  70  0.02  0.07  0.12  0.23  0.46  0.69  1.12  2.12  2.95  3.50  4.69  5.98  6.21  5.81  4.99  4.41  3.57  2.79  1.97  1.63  1.08  0.59  0.49  0.30  0.16  0.09  0.07  0.06
 6  75  0.02  0.07  0.11  0.23  0.45  0.67  1.09  2.05  2.91  3.49  4.74  5.88  5.96  5.47  4.75  4.24  3.62  2.83  2.00  1.67  1.13  0.61  0.51  0.32  0.17  0.09  0.07  0.06
 6  80  0.02  0.07  0.11  0.22  0.43  0.64  1.05  1.98  2.87  3.48  4.78  5.78  5.71  5.13  4.51  4.06  3.65  2.86  2.04  1.72  1.18  0.64  0.52  0.34  0.18  0.10  0.07  0.06
 6  85  0.02  0.07  0.11  0.22  0.43  0.64  1.05  1.98  2.88  3.49  4.79  5.79  5.72  5.14  4.51  4.07  3.66  2.86  2.05  1.72  1.18  0.64  0.52  0.34  0.18  0.10  0.07  0.06
 6  90  0.02  0.07  0.11  0.22  0.43  0.64  1.05  1.99  2.89  3.50  4.81  5.81  5.73  5.14  4.52  4.07  3.66  2.86  2.05  1.72  1.18  0.64  0.52  0.34  0.18  0.10  0.07  0.06
 7 -90  0.05  0.16  0.26  0.50  0.95  1.35  1.99  2.66  3.75  4.56  4.95  5.05  4.78  4.19  4.00  3.83  3.55  2.67  1.94  1.56  0.97  0.37  0.19  0.09  0.05  0.03  0.03  0.03
 7 -85  0.05  0.16  0.26  0.50  0.95  1.35  1.99  2.66  3.75  4.56  4.95  5.04  4.78  4.19  4.00  3.83  3.55  2.67  1.94  1.57  0.97  0.37  0.20  0.09  0.05  0.03  0.03  0.03
 7 -80  0.05  0.16  0.26  0.50  0.95  1.35  1.99  2.66  3.75  4.56  4.94  5.04  4.78  4.19  4.00  3.83  3.55  2.67  1.94  1.57  0.97  0.37  0.20  0.08  0.05  0.03  0.03  0.03
 7 -75  0.05  0.15  0.24  0.47  0.89  1.27  1.87  2.53  3.62  4.44  5.00  5.43  5.29  4.77  4.27  3.91  3.42  2.65  1.94  1.58  0.99  0.37  0.20  0.08  0.05  0.03  0.03  0.03
 7 -70  0.05  0.13  0.22  0.43  0.82  1.17  1.74  2.42  3.51  4.32  5.07  5.80  5.81  5.35  4.53  3.97  3.29  2.64  1.95  1.60  1.02  0.38  0.20  0.09  0.05  0.04  0.03  0.03
 7 -65  0.05  0.14  0.23  0.45  0.86  1.23  1.87  2.81  3.92  4.76  5.36  5.84  5.75  5.32  4.82  4.51  3.82  2.75  1.92  1.59  1.04  0.40  0.20  0.09  0.05  0.04  0.03  0.03
 7 -60  0.05  0.14  0.23  0.46  0.88  1.28  1.98  3.22  4.34  5.21  5.66  5.87  5.69  5.29  5.12  5.05  4.36  2.85  1.89  1.58  1.06  0.43  0.24  0.10  0.06  0.04  0.03  0.03
 7 -55  0.05  0.14  0.23  0.45  0.87  1.27  2.01  3.47  4.69  5.63  6.08  6.20  6.02  5.67  5.60  5.55  4.56  2.74  1.76  1.46  0.92  0.41  0.25  0.10  0.06  0.04  0.03  0.03
 7 -50  0.05  0.14  0.23  0.45  0.87  1.28  2.04  3.61  4.94  5.90  6.44  6.54  6.35  5.98  6.05  6.02  4.75  2.64  1.60  1.30  0.78  0.38  0.25  0.09  0.05  0.04  0.03  0.03
 7 -45  0.04  0.13  0.22  0.43  0.84  1.23  1.95  3.42  4.75  5.73  6.53  6.89  6.70  6.28  6.07  5.91  4.76  2.68  1.58  1.27  0.74  0.35  0.23  0.09  0.05  0.04  0.03  0.03
 7 -40  0.04  0.12  0.20  0.41  0.79  1.17  1.86  3.29  4.66  5.63  6.70  7.28  7.16  6.67  6.20  5.82  4.75  2.71  1.55  1.23  0.69  0.32  0.21  0.08  0.05  0.04  0.03  0.03
 7 -35  0.04  0.12  0.19  0.38  0.75  1.10  1.76  3.14  4.44  5.35  6.54  7.40  7.40  7.02  6.36  5.89  4.72  2.52  1.29  1.01  0.53  0.25  0.16  0.08  0.05  0.04  0.04  0.03
 7 -30  0.04  0.11  0.18  0.36  0.70  1.03  1.66  2.98  4.19  5.02  6.36  7.50  7.67  7.39  6.55  5.95  4.66  2.29  1.04  0.79  0.38  0.18  0.08  0.06  0.05  0.04  0.04  0.04
 7 -25  0.04  0.11  0.18  0.35  0.69  1.02  1.62  2.88  4.06  4.88  6.25  7.59  7.84  7.65  6.85  6.25  4.54  2.01  0.81  0.61  0.28  0.07  0.05  0.04  0.04  0.04  0.04  0.04
 7 -20  0.04  0.11  0.18  0.35  0.68  1.00  1.59  2.77  3.87  4.64  6.08  7.70  8.07  7.86  7.13  6.55  4.44  1.72  0.59  0.43  0.18  0.05  0.04  0.04  0.04  0.04  0.04  0.04
 7 -15  0.03  0.10  0.17  0.34  0.66  0.97  1.54  2.75  3.86  4.59  6.03  7.77  8.33  8.23  7.39  6.83  4.26  1.54  0.54  0.40  0.17  0.04  0.03  0.03  0.03  0.04  0.04  0.04
 7 -10  0.03  0.10  0.17  0.33  0.65  0.96  1.53  2.71  3.82  4.58  6.10  7.90  8.62  8.70  7.73  7.09  4.02  1.35  0.48  0.36  0.16  0.04  0.03  0.03  0.03  0.03  0.04  0.04
 7  -5  0.03  0.10  0.17  0.33  0.65  0.95  1.51  2.68  3.82  4.61  6.15  7.96  8.82  8.99  7.80  7.04  4.08  1.31  0.47  0.36  0.17  0.04  0.03  0.03  0.03  0.03  0.03  0.03
 7   0  0.03  0.09  0.16  0.31  0.61  0.91  1.47  2.72  3.87  4.68  6.24  8.12  9.06  9.29  7.91  7.00  4.15  1.29  0.47  0.36  0.17  0.04  0.03  0.03  0.03  0.03  0.03  0.03
 7   5  0.03  0.10  0.16  0.32  0.63  0.92  1.49  2.72  3.88  4.68  6.28  8.16  9.02  9.29  8.09  7.23  4.38  1.48  0.59  0.45  0.20  0.04  0.03  0.03  0.03  0.03  0.03  0.03
 7  10  0.03  0.09  0.16  0.31  0.61  0.91  1.48  2.77  3.96  4.77  6.36  8.27  9.05  9.31  8.25  7.43  4.58  1.68  0.69  0.52  0.23  0.04  0.03  0.03  0.03  0.03  0.03  0.03
 7  15  0.03  0.10  0.16  0.31  0.62  0.92  1.49  2.78  3.98  4.75  6.29  8.16  8.90  9.05  8.07  7.30  4.57  1.71  0.70  0.53  0.23  0.04  0.04  0.04  0.04  0.04  0.04  0.03
 7  20  0.03  0.10  0.16  0.32  0.63  0.94  1.51  2.77  3.94  4.73  6.28  8.11  8.75  8.85  7.88  7.15  4.57  1.75  0.72  0.55  0.24  0.06  0.05  0.05  0.05  0.05  0.05  0.04
 7  25  0.03  0.10  0.16  0.32  0.62  0.92  1.50  2.78  3.93  4.70  6.17  7.95  8.65  8.70  7.71  7.03  4.53  1.88  0.76  0.57  0.24  0.08  0.06  0.05  0.06  0.06  0.05  0.04
 7  30  0.03  0.09  0.16  0.31  0.61  0.91  1.48  2.78  3.89  4.66  6.08  7.83  8.48  8.53  7.54  6.88  4.49  1.99  0.80  0.59  0.24  0.11  0.07  0.06  0.06  0.06  0.05  0.05
 7  35  0.03  0.09  0.15  0.31  0.61  0.90  1.45  2.70  3.77  4.49  5.85  7.59  8.24  8.28  7.34  6.71  4.47  2.10  0.97  0.74  0.35  0.14  0.08  0.07  0.06  0.06  0.05  0.05
 7  40  0.03  0.09  0.15  0.30  0.59  0.88  1.42  2.62  3.67  4.36  5.73  7.38  7.98  8.02  7.16  6.53  4.42  2.22  1.13  0.88  0.46  0.19  0.11  0.08  0.07  0.06  0.06  0.05
 7  45  0.03  0.09  0.15  0.29  0.57  0.84  1.36  2.51  3.48  4.13  5.46  7.12  7.73  7.75  6.88  6.26  4.40  2.34  1.27  1.01  0.57  0.28  0.16  0.11  0.08  0.07  0.06  0.05
 7  50  0.03  0.08  0.14  0.27  0.54  0.80  1.30  2.44  3.34  3.96  5.26  6.91  7.50  7.48  6.62  6.00  4.38  2.47  1.40  1.14  0.70  0.36  0.25  0.14  0.09  0.07  0.06  0.05
 7  55  0.03  0.08  0.13  0.26  0.51  0.76  1.24  2.34  3.20  3.79  5.07  6.68  7.21  7.13  6.25  5.61  4.18  2.51  1.49  1.22  0.77  0.40  0.29  0.16  0.11  0.07  0.06  0.05
 7  60  0.03  0.08  0.13  0.25  0.50  0.74  1.21  2.30  3.17  3.76  4.99  6.48  6.93  6.73  5.88  5.27  4.02  2.59  1.61  1.32  0.85  0.45  0.34  0.19  0.12  0.08  0.06  0.05
 7  65  0.02  0.07  0.12  0.24  0.48  0.71  1.16  2.21  3.05  3.62  4.80  6.16  6.49  6.20  5.30  4.66  3.66  2.59  1.70  1.41  0.93  0.48  0.37  0.24  0.13  0.08  0.06  0.05
 7  70  0.02  0.07  0.12  0.23  0.46  0.68  1.11  2.12  2.93  3.48  4.62  5.84  6.05  5.67  4.72  4.05  3.30  2.59  1.79  1.49  1.01  0.51  0.41  0.26  0.14  0.08  0.07  0.05
 7  75  0.02  0.07  0.11  0.22  0.44  0.65  1.07  2.02  2.87  3.44  4.63  5.69  5.75  5.28  4.46  3.87  3.28  2.64  1.85  1.54  1.04  0.51  0.42  0.27  0.15  0.09  0.07  0.05
 7  80  0.02  0.06  0.11  0.21  0.42  0.62  1.02  1.93  2.81  3.41  4.64  5.54  5.45  4.90  4.20  3.70  3.25  2.68  1.91  1.58  1.06  0.51  0.44  0.28  0.16  0.09  0.07  0.05
 7  85  0.02  0.06  0.11  0.21  0.42  0.62  1.02  1.93  2.82  3.42  4.65  5.55  5.46  4.91  4.20  3.70  3.26  2.68  1.91  1.58  1.06  0.51  0.44  0.28  0.17  0.09  0.07  0.05
 7  90  0.02  0.06  0.11  0.21  0.42  0.62  1.02  1.94  2.82  3.43  4.67  5.57  5.47  4.91  4.21  3.71  3.26  2.68  1.91  1.58  1.06  0.51  0.44  0.28  0.18  0.09  0.07  0.05
 8 -90  0.04  0.12  0.20  0.39  0.75  1.06  1.57  2.16  3.09  3.82  4.82  5.94  5.96  5.07  4.05  3.32  2.79  2.37  1.69  1.39  0.89  0.37  0.15  0.07  0.05  0.03  0.03  0.03
 8 -85  0.04  0.12  0.20  0.39  0.75  1.06  1.57  2.16  3.09  3.81  4.82  5.94  5.96  5.07  4.05  3.32  2.79  2.37  1.69  1.39  0.89  0.37  0.16  0.07  0.05  0.03  0.03  0.03
 8 -80  0.04  0.12  0.20  0.39  0.75  1.06  1.57  2.17  3.09  3.81  4.81  5.94  5.96  5.07  4.05  3.32  2.79  2.37  1.69  1.39  0.89  0.37  0.17  0.08  0.05  0.04  0.03  0.03
 8 -75  0.04  0.12  0.20  0.40  0.76  1.08  1.63  2.39  3.29  3.99  4.88  5.81  5.82  5.18  4.24  3.58  2.94  2.42  1.73  1.43  0.94  0.39  0.17  0.08  0.05  0.04  0.03  0.03
 8 -70  0.04  0.12  0.20  0.39  0.76  1.10  1.68  2.64  3.49  4.18  4.96  5.66  5.68  5.30  4.42  3.84  3.10  2.48  1.77  1.48  0.99  0.41  0.19  0.08  0.05  0.04  0.03  0.03
 8 -65  0.04  0.12  0.19  0.38  0.75  1.08  1.70  2.84  3.75  4.49  5.30  5.88  5.85  5.47  4.87  4.50  3.69  2.68  1.77  1.47  0.96  0.42  0.20  0.09  0.05  0.04  0.03  0.03
 8 -60  0.04  0.11  0.19  0.38  0.74  1.08  1.72  3.02  4.01  4.79  5.65  6.11  6.02  5.63  5.33  5.16  4.28  2.88  1.77  1.45  0.93  0.43  0.24  0.09  0.06  0.04  0.03  0.03
 8 -55  0.04  0.11  0.19  0.38  0.74  1.09  1.77  3.24  4.40  5.23  6.14  6.56  6.47  6.13  5.82  5.57  4.61  2.96  1.77  1.45  0.91  0.42  0.26  0.09  0.06  0.04  0.03  0.03
 8 -50  0.04  0.12  0.19  0.38  0.75  1.12  1.81  3.36  4.65  5.57  6.56  7.02  6.93  6.57  6.26  5.95  4.91  3.04  1.73  1.42  0.88  0.40  0.27  0.09  0.06  0.04  0.03  0.03
 8 -45  0.04  0.12  0.19  0.39  0.76  1.12  1.80  3.26  4.55  5.49  6.58  7.25  7.18  6.77  6.25  5.84  4.87  3.02  1.70  1.38  0.85  0.38  0.26  0.09  0.06  0.04  0.04  0.03
 8 -40  0.04  0.12  0.19  0.38  0.75  1.11  1.78  3.22  4.56  5.47  6.68  7.52  7.54  7.09  6.35  5.77  4.83  2.98  1.65  1.34  0.80  0.36  0.24  0.10  0.06  0.04  0.04  0.03
 8 -35  0.04  0.11  0.18  0.37  0.72  1.06  1.71  3.10  4.39  5.29  6.60  7.61  7.68  7.29  6.46  5.85  4.74  2.73  1.37  1.09  0.62  0.28  0.20  0.09  0.06  0.04  0.04  0.04
 8 -30  0.04  0.11  0.18  0.35  0.69  1.02  1.63  2.98  4.22  5.07  6.48  7.69  7.86  7.53  6.60  5.93  4.65  2.46  1.10  0.85  0.44  0.20  0.09  0.07  0.05  0.05  0.04  0.04
 8 -25  0.04  0.11  0.18  0.35  0.68  1.00  1.60  2.86  4.07  4.90  6.38  7.84  8.09  7.84  6.89  6.19  4.54  2.16  0.83  0.63  0.31  0.07  0.05  0.05  0.04  0.04  0.04  0.04
 8 -20  0.04  0.10  0.17  0.34  0.67  0.99  1.56  2.74  3.88  4.67  6.23  7.98  8.37  8.09  7.16  6.45  4.45  1.83  0.56  0.41  0.17  0.05  0.04  0.04  0.04  0.04  0.04  0.04
 8 -15  0.03  0.10  0.17  0.33  0.64  0.95  1.51  2.72  3.84  4.58  6.13  8.04  8.64  8.47  7.47  6.79  4.26  1.60  0.53  0.39  0.15  0.05  0.04  0.04  0.04  0.04  0.04  0.04
 8 -10  0.03  0.10  0.16  0.32  0.63  0.93  1.49  2.68  3.78  4.53  6.15  8.16  8.96  9.01  7.87  7.13  4.01  1.36  0.50  0.36  0.14  0.04  0.03  0.03  0.03  0.04  0.04  0.04
 8  -5  0.03  0.10  0.16  0.32  0.63  0.92  1.48  2.64  3.77  4.55  6.16  8.18  9.16  9.31  8.00  7.20  3.99  1.32  0.50  0.37  0.14  0.04  0.03  0.03  0.03  0.04  0.04  0.04
 8   0  0.03  0.09  0.15  0.30  0.59  0.88  1.43  2.70  3.82  4.62  6.26  8.36  9.45  9.67  8.20  7.29  3.98  1.28  0.51  0.37  0.15  0.04  0.03  0.03  0.03  0.03  0.04  0.03
 8   5  0.03  0.09  0.16  0.31  0.61  0.90  1.46  2.69  3.84  4.63  6.30  8.35  9.34  9.62  8.27  7.37  4.26  1.45  0.61  0.45  0.17  0.04  0.03  0.03  0.03  0.03  0.03  0.03
 8  10  0.03  0.09  0.15  0.31  0.61  0.90  1.46  2.73  3.91  4.72  6.38  8.44  9.31  9.55  8.32  7.43  4.52  1.62  0.70  0.52  0.20  0.04  0.03  0.03  0.03  0.03  0.03  0.03
 8  15  0.03  0.09  0.16  0.31  0.62  0.91  1.48  2.75  3.98  4.77  6.40  8.31  9.05  9.17  8.10  7.29  4.50  1.67  0.73  0.53  0.21  0.04  0.03  0.04  0.04  0.04  0.04  0.03
 8  20  0.03  0.10  0.16  0.32  0.64  0.94  1.51  2.76  3.98  4.81  6.44  8.27  8.85  8.92  7.90  7.14  4.51  1.72  0.76  0.56  0.22  0.05  0.04  0.04  0.04  0.05  0.04  0.04
 8  25  0.03  0.10  0.16  0.32  0.63  0.93  1.51  2.82  4.04  4.85  6.38  8.11  8.70  8.69  7.70  7.00  4.49  1.84  0.78  0.58  0.23  0.07  0.05  0.05  0.05  0.05  0.05  0.04
 8  30  0.03  0.10  0.16  0.32  0.63  0.93  1.52  2.85  4.06  4.89  6.37  7.99  8.50  8.47  7.51  6.85  4.45  1.94  0.81  0.59  0.23  0.09  0.06  0.06  0.06  0.06  0.05  0.05
 8  35  0.03  0.10  0.16  0.32  0.62  0.92  1.50  2.80  3.96  4.75  6.16  7.74  8.25  8.21  7.30  6.68  4.43  2.01  0.93  0.70  0.31  0.11  0.07  0.06  0.06  0.06  0.05  0.05
 8  40  0.03  0.09  0.16  0.31  0.61  0.91  1.47  2.75  3.89  4.63  6.02  7.52  7.98  7.96  7.11  6.49  4.38  2.07  1.03  0.79  0.39  0.14  0.09  0.07  0.07  0.06  0.06  0.05
 8  45  0.03  0.09  0.15  0.30  0.60  0.89  1.43  2.65  3.71  4.44  5.81  7.30  7.75  7.68  6.83  6.22  4.28  2.19  1.17  0.92  0.50  0.21  0.13  0.09  0.08  0.06  0.06  0.05
 8  50  0.03  0.09  0.15  0.29  0.58  0.85  1.38  2.58  3.59  4.28  5.64  7.09  7.51  7.38  6.55  5.95  4.18  2.31  1.32  1.06  0.62  0.28  0.18  0.12  0.09  0.07  0.06  0.05
 8  55  0.03  0.08  0.14  0.28  0.55  0.81  1.32  2.50  3.48  4.15  5.50  6.90  7.24  7.03  6.20  5.59  3.94  2.39  1.44  1.17  0.70  0.31  0.20  0.15  0.10  0.07  0.06  0.05
 8  60  0.03  0.08  0.14  0.27  0.53  0.79  1.30  2.47  3.46  4.14  5.46  6.73  6.96  6.62  5.84  5.27  3.75  2.52  1.61  1.30  0.78  0.34  0.24  0.17  0.11  0.07  0.06  0.05
 8  65  0.03  0.08  0.13  0.26  0.52  0.77  1.26  2.40  3.35  4.00  5.24  6.31  6.41  5.99  5.24  4.69  3.49  2.54  1.70  1.38  0.86  0.38  0.28  0.18  0.11  0.07  0.06  0.05
 8  70  0.03  0.08  0.13  0.25  0.50  0.75  1.22  2.32  3.24  3.87  5.02  5.89  5.86  5.37  4.63  4.11  3.23  2.56  1.78  1.46  0.93  0.43  0.32  0.20  0.12  0.08  0.06  0.05
 8  75  0.03  0.08  0.13  0.25  0.49  0.73  1.20  2.28  3.19  3.82  4.82  5.40  5.23  4.72  4.16  3.76  3.19  2.57  1.82  1.49  0.97  0.45  0.33  0.21  0.14  0.08  0.06  0.05
 8  80  0.02  0.07  0.12  0.24  0.48  0.72  1.18  2.24  3.15  3.77  4.61  4.91  4.61  4.07  3.69  3.42  3.14  2.57  1.86  1.53  1.01  0.47  0.34  0.22  0.15  0.08  0.06  0.05
 8  85  0.02  0.07  0.12  0.24  0.48  0.72  1.18  2.24  3.16  3.78  4.63  4.93  4.62  4.07  3.70  3.42  3.14  2.58  1.86  1.53  1.01  0.47  0.34  0.22  0.16  0.08  0.06  0.05
 8  90  0.02  0.07  0.12  0.24  0.49  0.72  1.18  2.25  3.17  3.80  4.64  4.94  4.63  4.08  3.70  3.43  3.15  2.58  1.86  1.53  1.01  0.47  0.34  0.22  0.16  0.09  0.07  0.05
 9 -90  0.04  0.11  0.18  0.35  0.68  0.98  1.51  2.41  3.33  4.08  4.67  5.31  5.33  4.93  3.98  3.34  1.82  1.15  0.80  0.69  0.50  0.31  0.11  0.06  0.05  0.04  0.03  0.03
 9 -85  0.04  0.11  0.18  0.35  0.68  0.98  1.51  2.42  3.34  4.08  4.66  5.30  5.33  4.93  3.98  3.34  1.82  1.15  0.80  0.69  0.50  0.31  0.12  0.06  0.05  0.04  0.03  0.03
 9 -80  0.04  0.11  0.18  0.35  0.68  0.98  1.51  2.42  3.34  4.08  4.66  5.30  5.33  4.93  3.98  3.34  1.82  1.15  0.80  0.69  0.50  0.31  0.13  0.07  0.05  0.04  0.03  0.03
 9 -75  0.04  0.11  0.17  0.34  0.67  0.97  1.51  2.52  3.41  4.12  4.93  5.60  5.60  5.19  4.26  3.63  2.10  1.29  0.90  0.78  0.55  0.34  0.14  0.07  0.05  0.04  0.03  0.03
 9 -70  0.03  0.10  0.17  0.34  0.65  0.96  1.51  2.62  3.50  4.17  5.21  5.90  5.88  5.44  4.53  3.92  2.43  1.49  1.02  0.88  0.62  0.37  0.16  0.07  0.05  0.04  0.03  0.03
 9 -65  0.03  0.10  0.17  0.33  0.65  0.96  1.54  2.77  3.75  4.47  5.58  6.31  6.32  5.92  5.22  4.75  3.31  2.04  1.29  1.08  0.72  0.41  0.22  0.08  0.05  0.04  0.03  0.03
 9 -60  0.03  0.10  0.17  0.34  0.67  0.98  1.58  2.89  3.98  4.76  5.95  6.73  6.77  6.38  5.91  5.57  4.15  2.58  1.57  1.29  0.83  0.45  0.25  0.09  0.06  0.04  0.03  0.03
 9 -55  0.04  0.10  0.17  0.35  0.68  1.01  1.64  3.06  4.27  5.10  6.30  7.09  7.14  6.83  6.33  5.90  4.59  2.90  1.75  1.41  0.84  0.44  0.25  0.09  0.06  0.04  0.04  0.03
 9 -50  0.04  0.11  0.18  0.35  0.69  1.03  1.68  3.17  4.45  5.34  6.60  7.46  7.54  7.24  6.68  6.20  4.98  3.20  1.87  1.49  0.84  0.43  0.25  0.09  0.06  0.04  0.04  0.03
 9 -45  0.04  0.11  0.18  0.35  0.69  1.03  1.66  3.09  4.37  5.29  6.60  7.60  7.69  7.31  6.60  6.04  4.89  3.13  1.81  1.43  0.79  0.40  0.25  0.09  0.06  0.04  0.04  0.04
 9 -40  0.04  0.11  0.18  0.35  0.69  1.02  1.65  3.05  4.38  5.26  6.67  7.79  7.93  7.51  6.61  5.93  4.80  3.05  1.73  1.36  0.73  0.37  0.24  0.09  0.06  0.04  0.04  0.04
 9 -35  0.03  0.10  0.17  0.34  0.67  0.99  1.60  2.96  4.26  5.14  6.62  7.91  8.10  7.70  6.70  5.96  4.72  2.75  1.44  1.11  0.55  0.28  0.19  0.09  0.06  0.05  0.04  0.04
 9 -30  0.03  0.10  0.17  0.33  0.65  0.96  1.55  2.88  4.12  4.97  6.54  7.99  8.28  7.94  6.82  6.00  4.62  2.44  1.16  0.87  0.38  0.18  0.09  0.07  0.06  0.05  0.05  0.04
 9 -25  0.03  0.10  0.17  0.33  0.65  0.95  1.53  2.78  3.98  4.79  6.38  8.10  8.50  8.26  7.09  6.23  4.59  2.23  0.95  0.70  0.29  0.08  0.06  0.05  0.05  0.05  0.05  0.05
 9 -20  0.03  0.10  0.16  0.32  0.64  0.94  1.50  2.69  3.81  4.59  6.22  8.19  8.75  8.51  7.35  6.46  4.58  1.98  0.74  0.54  0.21  0.06  0.04  0.04  0.04  0.05  0.05  0.05
 9 -15  0.03  0.09  0.16  0.31  0.61  0.90  1.46  2.68  3.76  4.47  6.07  8.18  8.91  8.82  7.62  6.80  4.36  1.69  0.64  0.46  0.18  0.05  0.04  0.04  0.04  0.04  0.05  0.05
 9 -10  0.03  0.09  0.15  0.30  0.60  0.88  1.43  2.66  3.71  4.42  6.03  8.19  9.16  9.31  7.99  7.12  4.09  1.39  0.54  0.39  0.15  0.04  0.04  0.04  0.04  0.04  0.04  0.04
 9  -5  0.03  0.09  0.15  0.30  0.60  0.88  1.42  2.62  3.69  4.42  6.01  8.16  9.31  9.59  8.06  7.11  4.01  1.34  0.54  0.39  0.15  0.04  0.03  0.03  0.03  0.04  0.04  0.04
 9   0  0.03  0.09  0.14  0.29  0.57  0.85  1.39  2.66  3.74  4.49  6.12  8.33  9.57  9.95  8.20  7.10  3.94  1.29  0.54  0.40  0.15  0.04  0.03  0.03  0.03  0.04  0.04  0.03
 9   5  0.03  0.09  0.15  0.30  0.59  0.87  1.42  2.65  3.76  4.51  6.16  8.30  9.45  9.83  8.27  7.27  4.21  1.44  0.61  0.45  0.17  0.04  0.03  0.03  0.03  0.03  0.03  0.03
 9  10  0.03  0.09  0.15  0.30  0.59  0.88  1.43  2.70  3.83  4.59  6.24  8.38  9.37  9.68  8.35  7.43  4.46  1.58  0.68  0.49  0.18  0.04  0.03  0.03  0.03  0.04  0.03  0.03
 9  15  0.03  0.09  0.15  0.31  0.61  0.90  1.46  2.71  3.92  4.68  6.33  8.30  9.09  9.25  8.12  7.28  4.44  1.60  0.68  0.49  0.18  0.04  0.03  0.03  0.04  0.04  0.04  0.03
 9  20  0.03  0.10  0.16  0.32  0.62  0.92  1.48  2.72  3.92  4.73  6.40  8.29  8.89  8.95  7.91  7.14  4.44  1.60  0.69  0.50  0.18  0.05  0.04  0.04  0.04  0.05  0.04  0.04
 9  25  0.03  0.09  0.16  0.31  0.62  0.91  1.48  2.78  4.01  4.82  6.38  8.12  8.67  8.65  7.78  7.14  4.48  1.67  0.70  0.51  0.19  0.06  0.05  0.05  0.05  0.05  0.05  0.04
 9  30  0.03  0.09  0.16  0.31  0.62  0.92  1.49  2.80  4.05  4.90  6.43  7.99  8.43  8.36  7.64  7.13  4.52  1.73  0.72  0.52  0.19  0.08  0.06  0.05  0.05  0.05  0.05  0.05
 9  35  0.03  0.10  0.16  0.32  0.63  0.93  1.50  2.81  4.03  4.86  6.31  7.76  8.15  8.04  7.27  6.76  4.43  1.90  0.90  0.67  0.28  0.10  0.07  0.06  0.06  0.05  0.05  0.05
 9  40  0.03  0.10  0.16  0.32  0.63  0.93  1.50  2.80  4.03  4.84  6.24  7.54  7.85  7.74  6.94  6.35  4.30  2.04  1.06  0.80  0.37  0.13  0.09  0.07  0.06  0.06  0.05  0.05
 9  45  0.03  0.10  0.16  0.32  0.63  0.93  1.50  2.77  3.97  4.79  6.18  7.36  7.57  7.38  6.62  6.06  4.20  2.16  1.18  0.92  0.47  0.18  0.12  0.09  0.07  0.06  0.05  0.05
 9  50  0.03  0.10  0.16  0.32  0.63  0.92  1.50  2.77  3.94  4.76  6.13  7.15  7.27  7.01  6.29  5.76  4.09  2.27  1.32  1.06  0.59  0.23  0.14  0.11  0.08  0.06  0.05  0.05
 9  55  0.03  0.09  0.15  0.31  0.61  0.90  1.47  2.77  3.94  4.76  6.09  6.96  6.95  6.59  5.88  5.34  3.89  2.34  1.45  1.16  0.68  0.27  0.18  0.14  0.09  0.06  0.05  0.05
 9  60  0.03  0.09  0.15  0.31  0.61  0.90  1.48  2.81  4.03  4.87  6.13  6.77  6.61  6.12  5.45  4.96  3.73  2.46  1.60  1.29  0.78  0.33  0.22  0.15  0.10  0.07  0.05  0.05
 9  65  0.03  0.09  0.16  0.31  0.61  0.91  1.49  2.83  4.01  4.84  5.90  6.30  6.05  5.52  4.86  4.37  3.48  2.45  1.70  1.38  0.86  0.38  0.25  0.16  0.11  0.07  0.05  0.05
 9  70  0.03  0.09  0.16  0.31  0.62  0.92  1.50  2.84  3.99  4.81  5.67  5.84  5.49  4.92  4.26  3.78  3.22  2.44  1.79  1.47  0.95  0.44  0.29  0.18  0.12  0.07  0.06  0.05
 9  75  0.03  0.10  0.16  0.31  0.62  0.92  1.51  2.84  3.78  4.46  5.00  5.11  4.86  4.41  4.03  3.75  3.17  2.45  1.79  1.47  0.96  0.44  0.30  0.19  0.12  0.07  0.06  0.05
 9  80  0.03  0.10  0.16  0.32  0.62  0.93  1.51  2.84  3.57  4.12  4.34  4.39  4.23  3.90  3.79  3.71  3.12  2.44  1.79  1.47  0.97  0.44  0.30  0.20  0.13  0.07  0.06  0.05
 9  85  0.03  0.10  0.16  0.32  0.62  0.93  1.51  2.85  3.58  4.13  4.35  4.40  4.24  3.90  3.80  3.71  3.12  2.44  1.79  1.47  0.97  0.44  0.30  0.20  0.13  0.07  0.06  0.05
 9  90  0.03  0.10  0.16  0.32  0.62  0.93  1.51  2.85  3.59  4.14  4.37  4.41  4.25  3.91  3.80  3.71  3.13  2.44  1.79  1.47  0.97  0.44  0.30  0.20  0.13  0.07  0.06  0.05
10 -90  0.03  0.09  0.14  0.28  0.56  0.82  1.31  2.37  3.18  3.75  4.90  5.76  5.88  5.49  4.62  3.99  2.44  0.39  0.08  0.11  0.13  0.28  0.10  0.06  0.05  0.04  0.03  0.03
10 -85  0.03  0.09  0.14  0.28  0.56  0.82  1.32  2.37  3.18  3.75  4.90  5.75  5.88  5.49  4.62  3.99  2.44  0.39  0.08  0.11  0.13  0.28  0.11  0.06  0.05  0.04  0.03  0.03
10 -80  0.03  0.09  0.14  0.28  0.56  0.82  1.32  2.37  3.19  3.75  4.89  5.75  5.88  5.50  4.62  3.99  2.44  0.39  0.08  0.11  0.13  0.28  0.12  0.06  0.05  0.04  0.03  0.03
10 -75  0.03  0.09  0.14  0.29  0.56  0.83  1.33  2.41  3.27  3.86  5.03  6.02  6.21  5.86  5.17  4.65  2.95  0.77  0.28  0.26  0.19  0.31  0.21  0.07  0.05  0.04  0.03  0.03
10 -70  0.03  0.09  0.14  0.29  0.56  0.83  1.34  2.44  3.36  3.97  5.18  6.28  6.54  6.22  5.73  5.31  3.48  1.21  0.52  0.44  0.28  0.35  0.23  0.08  0.05  0.04  0.03  0.03
10 -65  0.03  0.09  0.15  0.30  0.58  0.86  1.39  2.56  3.58  4.27  5.52  6.65  6.91  6.62  6.31  6.03  4.22  1.93  0.97  0.78  0.45  0.37  0.24  0.09  0.06  0.04  0.03  0.03
10 -60  0.03  0.09  0.15  0.30  0.60  0.89  1.44  2.67  3.79  4.55  5.85  7.02  7.29  7.02  6.89  6.73  4.89  2.62  1.42  1.12  0.63  0.39  0.25  0.10  0.06  0.04  0.03  0.03
10 -55  0.03  0.09  0.16  0.31  0.62  0.91  1.48  2.77  3.97  4.77  6.12  7.30  7.54  7.33  6.95  6.60  5.00  2.97  1.73  1.37  0.75  0.39  0.24  0.15  0.06  0.04  0.04  0.03
10 -50  0.03  0.09  0.16  0.31  0.62  0.92  1.50  2.83  4.08  4.92  6.34  7.58  7.84  7.60  6.96  6.44  5.08  3.24  1.95  1.55  0.86  0.38  0.23  0.14  0.06  0.04  0.04  0.03
10 -45  0.03  0.09  0.16  0.31  0.61  0.91  1.48  2.79  4.03  4.88  6.35  7.73  8.02  7.67  7.05  6.54  5.17  3.30  1.95  1.54  0.84  0.37  0.23  0.09  0.06  0.05  0.04  0.04
10 -40  0.03  0.09  0.16  0.31  0.61  0.91  1.48  2.78  4.02  4.84  6.41  7.92  8.27  7.88  7.20  6.68  5.28  3.35  1.92  1.51  0.81  0.36  0.22  0.09  0.06  0.05  0.04  0.04
10 -35  0.03  0.09  0.15  0.31  0.61  0.90  1.46  2.75  3.98  4.79  6.38  8.04  8.46  8.10  7.26  6.63  5.04  2.85  1.47  1.14  0.58  0.26  0.14  0.08  0.06  0.05  0.05  0.04
10 -30  0.03  0.09  0.15  0.30  0.60  0.88  1.44  2.73  3.90  4.69  6.32  8.12  8.64  8.38  7.35  6.59  4.79  2.34  1.04  0.78  0.34  0.15  0.10  0.07  0.06  0.05  0.05  0.04
10 -25  0.03  0.09  0.15  0.31  0.60  0.89  1.45  2.67  3.81  4.56  6.17  8.18  8.82  8.69  7.52  6.66  4.58  2.04  0.84  0.62  0.26  0.09  0.06  0.05  0.05  0.05  0.05  0.05
10 -20  0.03  0.09  0.15  0.30  0.60  0.88  1.43  2.65  3.72  4.46  6.05  8.22  9.00  8.94  7.67  6.72  4.37  1.69  0.65  0.47  0.18  0.06  0.05  0.04  0.05  0.05  0.05  0.05
10 -15  0.03  0.09  0.15  0.29  0.58  0.86  1.40  2.64  3.68  4.38  5.95  8.16  9.04  9.12  7.89  7.03  4.24  1.55  0.58  0.42  0.16  0.05  0.04  0.04  0.04  0.05  0.05  0.05
10 -10  0.03  0.09  0.14  0.28  0.56  0.84  1.38  2.65  3.68  4.37  5.94  8.14  9.21  9.48  8.19  7.32  4.07  1.40  0.51  0.37  0.13  0.04  0.04  0.04  0.04  0.04  0.04  0.04
10  -5  0.03  0.09  0.14  0.29  0.57  0.84  1.37  2.62  3.65  4.37  5.91  8.06  9.26  9.66  8.22  7.32  3.99  1.36  0.49  0.36  0.13  0.04  0.03  0.03  0.03  0.04  0.04  0.04
10   0  0.03  0.08  0.14  0.28  0.56  0.83  1.36  2.64  3.71  4.43  6.02  8.17  9.42  9.92  8.32  7.32  3.92  1.32  0.48  0.35  0.13  0.04  0.03  0.03  0.03  0.04  0.04  0.03
10   5  0.03  0.09  0.15  0.29  0.58  0.86  1.40  2.64  3.72  4.44  6.01  8.09  9.27  9.75  8.27  7.33  4.14  1.43  0.56  0.41  0.14  0.04  0.03  0.03  0.03  0.03  0.03  0.03
10  10  0.03  0.09  0.15  0.29  0.58  0.87  1.41  2.68  3.76  4.48  6.07  8.13  9.16  9.55  8.22  7.33  4.35  1.54  0.64  0.46  0.16  0.04  0.03  0.03  0.03  0.04  0.03  0.03
10  15  0.03  0.09  0.15  0.30  0.59  0.88  1.43  2.69  3.82  4.55  6.13  8.05  8.88  9.10  7.95  7.11  4.32  1.57  0.64  0.46  0.16  0.04  0.03  0.03  0.04  0.04  0.04  0.04
10  20  0.03  0.09  0.16  0.31  0.61  0.90  1.46  2.68  3.80  4.56  6.15  8.04  8.68  8.78  7.70  6.90  4.29  1.57  0.66  0.47  0.16  0.05  0.04  0.04  0.04  0.04  0.04  0.04
10  25  0.03  0.09  0.15  0.31  0.61  0.90  1.47  2.77  3.93  4.72  6.22  7.88  8.41  8.42  7.56  6.90  4.35  1.62  0.67  0.49  0.18  0.06  0.04  0.04  0.04  0.05  0.05  0.04
10  30  0.03  0.10  0.16  0.31  0.62  0.92  1.49  2.79  4.03  4.87  6.36  7.78  8.13  8.07  7.38  6.88  4.39  1.66  0.70  0.51  0.19  0.08  0.05  0.05  0.05  0.05  0.05  0.05
10  35  0.03  0.10  0.16  0.32  0.64  0.95  1.54  2.86  4.13  4.99  6.37  7.53  7.76  7.57  6.91  6.46  4.32  1.85  0.90  0.68  0.30  0.11  0.07  0.06  0.05  0.05  0.05  0.05
10  40  0.03  0.10  0.17  0.33  0.66  0.97  1.57  2.92  4.24  5.14  6.42  7.29  7.36  7.12  6.49  6.02  4.21  2.01  1.08  0.83  0.40  0.17  0.09  0.07  0.06  0.05  0.05  0.05
10  45  0.04  0.11  0.18  0.35  0.69  1.01  1.63  2.99  4.34  5.28  6.45  7.11  7.06  6.75  6.20  5.80  4.20  2.19  1.22  0.96  0.50  0.20  0.11  0.09  0.07  0.06  0.05  0.05
10  50  0.04  0.11  0.18  0.36  0.71  1.04  1.68  3.09  4.43  5.42  6.47  6.87  6.72  6.39  5.92  5.57  4.17  2.35  1.38  1.11  0.62  0.22  0.13  0.12  0.08  0.06  0.05  0.05
10  55  0.04  0.11  0.18  0.36  0.71  1.05  1.71  3.18  4.48  5.47  6.37  6.64  6.43  6.05  5.60  5.24  4.07  2.39  1.47  1.19  0.70  0.27  0.16  0.12  0.09  0.06  0.05  0.05
10  60  0.04  0.11  0.19  0.37  0.73  1.09  1.77  3.32  4.63  5.64  6.33  6.39  6.11  5.65  5.27  4.97  4.02  2.48  1.60  1.29  0.78  0.33  0.21  0.15  0.10  0.06  0.05  0.05
10  65  0.04  0.11  0.19  0.38  0.75  1.11  1.80  3.35  4.50  5.42  5.92  5.91  5.63  5.19  4.84  4.58  3.77  2.50  1.72  1.42  0.90  0.39  0.24  0.16  0.10  0.06  0.05  0.05
10  70  0.04  0.12  0.19  0.39  0.76  1.12  1.82  3.38  4.37  5.19  5.51  5.44  5.16  4.73  4.42  4.19  3.52  2.52  1.85  1.54  1.02  0.44  0.27  0.18  0.11  0.06  0.05  0.05
10  75  0.04  0.12  0.19  0.38  0.75  1.12  1.80  3.33  3.97  4.54  4.81  4.88  4.71  4.35  4.07  3.87  3.37  2.54  1.89  1.59  1.07  0.47  0.28  0.19  0.11  0.06  0.05  0.05
10  80  0.04  0.12  0.19  0.38  0.75  1.11  1.79  3.29  3.57  3.90  4.11  4.33  4.26  3.97  3.72  3.54  3.21  2.55  1.94  1.63  1.12  0.49  0.29  0.20  0.12  0.07  0.05  0.05
10  85  0.04  0.12  0.19  0.38  0.75  1.11  1.79  3.29  3.58  3.91  4.13  4.34  4.27  3.98  3.72  3.55  3.22  2.55  1.94  1.63  1.12  0.49  0.29  0.20  0.12  0.07  0.05  0.05
10  90  0.04  0.12  0.19  0.38  0.75  1.11  1.79  3.30  3.59  3.92  4.14  4.35  4.28  3.98  3.73  3.55  3.22  2.55  1.94  1.63  1.12  0.49  0.29  0.20  0.12  0.07  0.05  0.05
11 -90  0.02  0.07  0.12  0.25  0.49  0.72  1.16  2.15  2.98  3.53  4.77  5.92  6.22  6.07  5.79  5.48  4.15  1.67  0.77  0.62  0.36  0.33  0.24  0.15  0.05  0.04  0.03  0.02
11 -85  0.02  0.07  0.12  0.25  0.49  0.72  1.16  2.16  2.98  3.53  4.76  5.92  6.22  6.07  5.79  5.48  4.15  1.67  0.77  0.62  0.36  0.33  0.24  0.07  0.05  0.04  0.03  0.03
11 -80  0.02  0.07  0.12  0.25  0.49  0.72  1.16  2.16  2.98  3.53  4.76  5.92  6.22  6.07  5.79  5.48  4.15  1.67  0.77  0.62  0.36  0.33  0.24  0.15  0.05  0.04  0.03  0.03
11 -75  0.03  0.08  0.13  0.25  0.49  0.73  1.18  2.19  3.05  3.62  4.80  6.04  6.39  6.25  6.12  5.92  4.44  1.87  0.88  0.70  0.40  0.35  0.26  0.16  0.05  0.04  0.03  0.03
11 -70  0.03  0.08  0.13  0.25  0.50  0.74  1.19  2.22  3.11  3.70  4.85  6.16  6.56  6.42  6.44  6.38  4.75  2.11  1.02  0.82  0.47  0.38  0.27  0.17  0.06  0.04  0.03  0.03
11 -65  0.03  0.08  0.13  0.26  0.51  0.76  1.23  2.30  3.24  3.87  5.08  6.43  6.84  6.69  6.70  6.65  4.95  2.47  1.28  1.01  0.55  0.38  0.26  0.16  0.06  0.04  0.03  0.03
11 -60  0.03  0.08  0.14  0.27  0.53  0.78  1.27  2.37  3.37  4.03  5.30  6.71  7.13  6.95  6.96  6.91  5.14  2.82  1.55  1.21  0.64  0.39  0.25  0.16  0.07  0.04  0.03  0.03
11 -55  0.03  0.08  0.14  0.28  0.55  0.81  1.32  2.46  3.50  4.17  5.49  7.01  7.46  7.31  6.93  6.61  5.03  2.96  1.70  1.32  0.68  0.35  0.23  0.14  0.07  0.04  0.04  0.03
11 -50  0.03  0.08  0.14  0.28  0.55  0.82  1.33  2.50  3.56  4.25  5.66  7.30  7.82  7.63  6.88  6.30  4.88  3.04  1.77  1.37  0.70  0.32  0.21  0.10  0.06  0.05  0.04  0.03
11 -45  0.03  0.08  0.14  0.27  0.54  0.81  1.32  2.51  3.56  4.26  5.71  7.48  8.08  7.84  7.02  6.38  4.91  3.03  1.74  1.35  0.69  0.31  0.20  0.09  0.06  0.05  0.04  0.03
11 -40  0.03  0.08  0.14  0.27  0.54  0.81  1.33  2.54  3.57  4.25  5.75  7.67  8.38  8.18  7.21  6.50  4.96  3.01  1.68  1.30  0.66  0.31  0.19  0.08  0.06  0.05  0.04  0.04
11 -35  0.03  0.08  0.14  0.28  0.55  0.82  1.34  2.57  3.63  4.33  5.84  7.83  8.59  8.43  7.36  6.57  4.72  2.54  1.28  0.98  0.47  0.23  0.12  0.07  0.06  0.05  0.05  0.04
11 -30  0.03  0.08  0.14  0.28  0.55  0.83  1.35  2.61  3.65  4.34  5.88  7.93  8.77  8.74  7.52  6.64  4.47  2.06  0.87  0.65  0.27  0.15  0.09  0.06  0.06  0.05  0.05  0.04
11 -25  0.03  0.09  0.14  0.29  0.57  0.84  1.38  2.60  3.66  4.35  5.88  8.04  8.94  8.99  7.63  6.63  4.32  1.89  0.73  0.54  0.22  0.09  0.06  0.05  0.05  0.05  0.05  0.04
11 -20  0.03  0.09  0.14  0.29  0.57  0.84  1.38  2.64  3.69  4.40  5.93  8.14  9.07  9.19  7.71  6.62  4.17  1.68  0.60  0.44  0.16  0.07  0.05  0.04  0.05  0.05  0.05  0.04
11 -15  0.03  0.08  0.14  0.28  0.56  0.83  1.37  2.66  3.71  4.42  5.98  8.16  9.08  9.30  7.90  6.91  4.09  1.53  0.54  0.40  0.15  0.05  0.04  0.04  0.04  0.04  0.05  0.04
11 -10  0.03  0.08  0.14  0.28  0.55  0.82  1.37  2.70  3.78  4.51  6.09  8.22  9.25  9.56  8.16  7.18  3.99  1.38  0.49  0.36  0.14  0.05  0.04  0.04  0.04  0.04  0.04  0.04
11  -5  0.03  0.08  0.14  0.28  0.55  0.83  1.37  2.70  3.77  4.53  6.07  8.11  9.19  9.58  8.13  7.17  3.88  1.31  0.47  0.35  0.14  0.04  0.03  0.03  0.03  0.04  0.04  0.03
11   0  0.03  0.09  0.14  0.28  0.57  0.84  1.39  2.69  3.83  4.58  6.18  8.15  9.20  9.66  8.15  7.15  3.79  1.25  0.46  0.34  0.14  0.04  0.03  0.03  0.03  0.04  0.03  0.03
11   5  0.03  0.09  0.15  0.29  0.58  0.86  1.40  2.68  3.78  4.53  6.05  7.98  9.04  9.46  8.05  7.14  4.00  1.34  0.50  0.37  0.14  0.04  0.03  0.03  0.03  0.04  0.03  0.03
11  10  0.03  0.09  0.15  0.29  0.58  0.87  1.42  2.69  3.76  4.49  6.01  7.93  8.88  9.25  7.96  7.11  4.19  1.43  0.54  0.40  0.14  0.04  0.03  0.03  0.03  0.04  0.04  0.03
11  15  0.03  0.09  0.15  0.30  0.59  0.88  1.43  2.70  3.81  4.54  6.05  7.81  8.55  8.76  7.66  6.87  4.11  1.47  0.55  0.40  0.14  0.04  0.04  0.04  0.04  0.04  0.04  0.04
11  20  0.03  0.09  0.16  0.31  0.61  0.90  1.46  2.69  3.79  4.53  6.04  7.73  8.28  8.38  7.38  6.64  4.02  1.48  0.56  0.40  0.14  0.05  0.04  0.04  0.04  0.04  0.04  0.04
11  25  0.03  0.09  0.16  0.31  0.61  0.91  1.48  2.82  3.97  4.77  6.16  7.54  7.94  7.95  7.17  6.55  4.10  1.55  0.63  0.46  0.18  0.06  0.04  0.04  0.04  0.04  0.04  0.04
11  30  0.03  0.10  0.16  0.32  0.64  0.95  1.54  2.87  4.13  4.98  6.33  7.42  7.60  7.51  6.90  6.45  4.17  1.64  0.71  0.53  0.22  0.08  0.06  0.05  0.05  0.04  0.04  0.04
11  35  0.03  0.10  0.17  0.34  0.68  1.00  1.62  3.00  4.32  5.22  6.38  7.18  7.23  7.00  6.52  6.18  4.34  1.95  0.97  0.73  0.34  0.14  0.08  0.06  0.05  0.05  0.05  0.05
11  40  0.04  0.11  0.18  0.36  0.71  1.05  1.70  3.13  4.51  5.46  6.46  6.93  6.84  6.56  6.19  5.90  4.47  2.23  1.19  0.92  0.46  0.18  0.11  0.08  0.06  0.05  0.05  0.05
11  45  0.04  0.12  0.19  0.38  0.75  1.11  1.78  3.26  4.65  5.64  6.45  6.72  6.55  6.23  5.99  5.81  4.51  2.37  1.34  1.06  0.57  0.23  0.14  0.10  0.07  0.05  0.05  0.05
11  50  0.04  0.12  0.20  0.40  0.79  1.16  1.87  3.41  4.77  5.82  6.41  6.45  6.23  5.95  5.82  5.71  4.52  2.51  1.52  1.23  0.71  0.29  0.16  0.11  0.08  0.06  0.05  0.05
11  55  0.04  0.12  0.20  0.41  0.80  1.18  1.90  3.48  4.69  5.68  6.14  6.19  5.99  5.71  5.57  5.44  4.35  2.54  1.59  1.32  0.83  0.34  0.19  0.13  0.09  0.06  0.05  0.05
11  60  0.04  0.12  0.21  0.41  0.81  1.20  1.95  3.63  4.73  5.64  5.93  5.92  5.72  5.42  5.31  5.22  4.24  2.61  1.70  1.43  0.96  0.40  0.22  0.15  0.10  0.06  0.05  0.05
11  65  0.04  0.12  0.20  0.40  0.79  1.16  1.88  3.49  4.48  5.31  5.68  5.77  5.60  5.29  5.06  4.89  4.14  2.71  1.88  1.60  1.13  0.50  0.27  0.18  0.10  0.06  0.05  0.05
11  70  0.04  0.12  0.20  0.39  0.77  1.14  1.83  3.32  4.23  5.00  5.43  5.61  5.48  5.16  4.81  4.57  4.04  2.81  2.06  1.78  1.31  0.59  0.31  0.20  0.10  0.06  0.05  0.05
11  75  0.04  0.12  0.20  0.39  0.76  1.11  1.78  3.16  3.96  4.63  5.00  4.97  4.69  4.31  3.99  3.78  3.49  2.73  1.99  1.71  1.25  0.55  0.29  0.19  0.11  0.06  0.05  0.05
11  80  0.04  0.12  0.19  0.38  0.74  1.09  1.73  3.01  3.69  4.27  4.57  4.32  3.91  3.46  3.17  2.99  2.93  2.65  1.92  1.65  1.18  0.52  0.26  0.17  0.11  0.06  0.05  0.05
11  85  0.04  0.12  0.19  0.38  0.74  1.09  1.73  3.01  3.70  4.28  4.59  4.34  3.92  3.47  3.18  2.99  2.94  2.65  1.92  1.65  1.18  0.52  0.26  0.17  0.11  0.06  0.05  0.05
11  90  0.04  0.12  0.19  0.38  0.74  1.09  1.73  3.02  3.71  4.30  4.60  4.35  3.93  3.47  3.18  2.99  2.94  2.66  1.92  1.64  1.18  0.52  0.26  0.17  0.11  0.06  0.05  0.05
12 -90  0.02  0.07  0.11  0.22  0.43  0.63  1.02  1.87  2.68  3.23  4.46  5.64  5.85  5.52  5.35  5.19  4.51  3.01  1.64  1.29  0.71  0.36  0.29  0.18  0.09  0.05  0.03  0.02
12 -85  0.02  0.07  0.11  0.22  0.43  0.63  1.02  1.87  2.68  3.23  4.45  5.63  5.84  5.52  5.35  5.20  4.51  3.01  1.65  1.29  0.71  0.36  0.29  0.18  0.09  0.05  0.03  0.02
12 -80  0.02  0.07  0.11  0.22  0.43  0.63  1.02  1.87  2.68  3.23  4.45  5.63  5.84  5.52  5.35  5.20  4.51  3.01  1.65  1.29  0.71  0.36  0.29  0.18  0.09  0.04  0.03  0.02
12 -75  0.02  0.07  0.11  0.22  0.44  0.65  1.05  1.94  2.75  3.30  4.47  5.72  6.00  5.71  5.53  5.38  4.63  3.03  1.65  1.29  0.71  0.35  0.29  0.18  0.06  0.04  0.03  0.02
12 -70  0.02  0.07  0.12  0.23  0.45  0.67  1.09  2.00  2.82  3.37  4.50  5.80  6.16  5.89  5.71  5.56  4.77  3.05  1.67  1.31  0.72  0.36  0.29  0.17  0.06  0.04  0.03  0.03
12 -65  0.02  0.07  0.12  0.24  0.47  0.70  1.13  2.09  2.93  3.49  4.65  6.08  6.53  6.32  6.07  5.88  4.86  3.04  1.68  1.31  0.71  0.34  0.26  0.16  0.07  0.04  0.03  0.03
12 -60  0.03  0.08  0.13  0.25  0.49  0.73  1.17  2.17  3.03  3.61  4.80  6.35  6.90  6.74  6.43  6.19  4.95  3.02  1.68  1.31  0.69  0.32  0.24  0.14  0.07  0.04  0.03  0.03
12 -55  0.03  0.08  0.13  0.26  0.52  0.76  1.23  2.27  3.16  3.73  4.96  6.67  7.33  7.27  6.75  6.35  4.87  2.86  1.59  1.23  0.63  0.30  0.20  0.12  0.07  0.04  0.03  0.03
12 -50  0.03  0.08  0.13  0.26  0.52  0.77  1.25  2.33  3.23  3.80  5.10  6.99  7.78  7.76  7.04  6.50  4.75  2.68  1.45  1.12  0.55  0.27  0.17  0.10  0.07  0.05  0.04  0.03
12 -45  0.03  0.08  0.13  0.26  0.52  0.77  1.26  2.38  3.30  3.90  5.25  7.21  8.08  8.07  7.03  6.25  4.52  2.51  1.36  1.05  0.52  0.26  0.16  0.09  0.06  0.05  0.04  0.03
12 -40  0.03  0.08  0.13  0.26  0.52  0.78  1.28  2.47  3.37  3.97  5.34  7.41  8.39  8.47  7.04  6.02  4.31  2.34  1.24  0.96  0.47  0.24  0.12  0.07  0.06  0.05  0.04  0.04
12 -35  0.03  0.08  0.14  0.27  0.54  0.80  1.31  2.53  3.52  4.15  5.57  7.63  8.60  8.65  7.41  6.50  4.30  2.04  0.98  0.75  0.35  0.18  0.10  0.07  0.05  0.05  0.04  0.04
12 -30  0.03  0.08  0.14  0.27  0.54  0.81  1.34  2.60  3.61  4.27  5.73  7.80  8.77  8.89  7.77  6.97  4.30  1.75  0.71  0.53  0.23  0.12  0.07  0.06  0.05  0.05  0.05  0.04
12 -25  0.03  0.09  0.14  0.28  0.56  0.83  1.37  2.63  3.71  4.39  5.88  8.01  8.95  9.08  7.83  6.92  4.21  1.66  0.61  0.45  0.18  0.08  0.06  0.05  0.05  0.05  0.05  0.04
12 -20  0.03  0.08  0.14  0.28  0.56  0.83  1.38  2.70  3.81  4.55  6.09  8.22  9.09  9.22  7.86  6.87  4.11  1.54  0.51  0.38  0.13  0.06  0.04  0.04  0.04  0.05  0.05  0.04
12 -15  0.03  0.08  0.14  0.28  0.56  0.83  1.38  2.73  3.88  4.69  6.31  8.36  9.16  9.34  8.00  7.03  4.06  1.43  0.47  0.35  0.13  0.05  0.04  0.04  0.04  0.04  0.04  0.04
12 -10  0.03  0.08  0.14  0.28  0.55  0.83  1.39  2.80  4.03  4.86  6.56  8.55  9.40  9.57  8.19  7.18  3.98  1.33  0.43  0.32  0.13  0.04  0.03  0.03  0.03  0.04  0.04  0.03
12  -5  0.03  0.08  0.14  0.28  0.56  0.84  1.39  2.80  4.02  4.88  6.54  8.45  9.29  9.50  8.00  6.93  3.80  1.27  0.41  0.31  0.13  0.04  0.03  0.03  0.03  0.04  0.03  0.03
12   0  0.03  0.09  0.15  0.29  0.58  0.87  1.43  2.76  4.05  4.91  6.61  8.41  9.17  9.46  7.83  6.66  3.65  1.23  0.40  0.31  0.14  0.04  0.03  0.03  0.03  0.03  0.03  0.03
12   5  0.03  0.09  0.15  0.30  0.59  0.88  1.44  2.75  3.97  4.83  6.40  8.16  8.95  9.16  7.75  6.78  3.87  1.33  0.44  0.34  0.13  0.04  0.03  0.03  0.03  0.04  0.04  0.03
12  10  0.03  0.09  0.15  0.30  0.59  0.88  1.44  2.75  3.94  4.74  6.30  8.00  8.71  8.87  7.68  6.89  4.08  1.42  0.49  0.36  0.12  0.04  0.03  0.03  0.04  0.04  0.04  0.04
12  15  0.03  0.09  0.15  0.30  0.60  0.89  1.45  2.75  3.93  4.72  6.25  7.81  8.36  8.39  7.36  6.61  4.00  1.50  0.51  0.37  0.13  0.04  0.04  0.04  0.04  0.04  0.04  0.04
12  20  0.03  0.09  0.16  0.31  0.61  0.90  1.46  2.72  3.87  4.64  6.13  7.63  8.02  7.98  7.04  6.33  3.89  1.55  0.54  0.39  0.13  0.05  0.04  0.04  0.04  0.04  0.04  0.04
12  25  0.03  0.09  0.15  0.31  0.61  0.90  1.48  2.82  3.95  4.76  6.12  7.36  7.64  7.55  6.90  6.37  4.10  1.68  0.66  0.49  0.19  0.06  0.05  0.04  0.04  0.04  0.04  0.04
12  30  0.03  0.10  0.16  0.32  0.63  0.94  1.52  2.82  4.02  4.83  6.12  7.14  7.24  7.08  6.70  6.40  4.28  1.82  0.81  0.60  0.26  0.09  0.06  0.05  0.05  0.05  0.04  0.04
12  35  0.03  0.10  0.17  0.34  0.67  0.99  1.60  2.96  4.17  4.99  6.08  6.86  6.90  6.65  6.45  6.31  4.57  2.16  1.09  0.84  0.43  0.19  0.09  0.07  0.06  0.05  0.05  0.05
12  40  0.04  0.11  0.18  0.36  0.71  1.04  1.68  3.07  4.31  5.16  6.08  6.58  6.54  6.29  6.27  6.22  4.85  2.46  1.33  1.07  0.60  0.27  0.14  0.09  0.07  0.05  0.05  0.05
12  45  0.04  0.11  0.19  0.38  0.74  1.09  1.76  3.22  4.43  5.27  5.99  6.35  6.29  6.06  6.02  6.00  4.77  2.70  1.53  1.24  0.72  0.32  0.17  0.11  0.08  0.06  0.05  0.05
12  50  0.04  0.12  0.20  0.40  0.78  1.15  1.85  3.37  4.49  5.38  5.89  6.10  6.05  5.92  5.84  5.78  4.67  2.94  1.74  1.42  0.86  0.38  0.20  0.13  0.09  0.06  0.05  0.05
12  55  0.04  0.12  0.20  0.40  0.78  1.15  1.85  3.35  4.31  5.13  5.63  5.95  5.93  5.80  5.61  5.46  4.44  2.91  1.85  1.54  1.00  0.45  0.24  0.15  0.10  0.06  0.05  0.05
12  60  0.04  0.12  0.20  0.40  0.78  1.15  1.86  3.42  4.25  4.98  5.42  5.78  5.79  5.63  5.38  5.20  4.26  2.94  1.98  1.67  1.14  0.53  0.28  0.17  0.10  0.06  0.05  0.05
12  65  0.04  0.12  0.21  0.41  0.80  1.17  1.87  3.30  4.18  4.92  5.40  5.74  5.69  5.46  5.13  4.89  4.14  2.90  2.03  1.73  1.21  0.57  0.27  0.17  0.10  0.06  0.05  0.05
12  70  0.04  0.13  0.21  0.42  0.81  1.18  1.87  3.20  4.12  4.86  5.38  5.70  5.59  5.28  4.87  4.59  4.02  2.85  2.08  1.78  1.27  0.60  0.27  0.17  0.10  0.06  0.05  0.05
12  75  0.04  0.12  0.20  0.40  0.77  1.12  1.75  2.88  3.87  4.62  5.19  5.34  5.13  4.75  4.39  4.15  3.80  2.88  2.09  1.79  1.28  0.60  0.30  0.18  0.11  0.06  0.05  0.05
12  80  0.04  0.12  0.19  0.38  0.73  1.06  1.63  2.58  3.61  4.39  5.00  4.99  4.67  4.23  3.91  3.70  3.57  2.91  2.11  1.80  1.29  0.60  0.32  0.20  0.11  0.06  0.05  0.05
12  85  0.04  0.12  0.19  0.38  0.73  1.06  1.63  2.59  3.62  4.40  5.02  5.00  4.68  4.24  3.92  3.71  3.57  2.91  2.11  1.80  1.29  0.60  0.32  0.20  0.12  0.06  0.05  0.05
12  90  0.04  0.12  0.19  0.38  0.73  1.06  1.63  2.59  3.63  4.41  5.03  5.01  4.69  4.24  3.92  3.71  3.57  2.91  2.11  1.80  1.29  0.60  0.32  0.20  0.12  0.06  0.05  0.05
