     0.010
     0.030
     0.050
     0.100
     0.200
     0.300
     0.500
     1.000
     1.500
     2.000
     3.000
     5.000
     7.000
    10.000
    15.000
    20.000
    30.000
    50.000
    70.000
    80.000
   100.000
   150.000
   200.000
   250.000
   300.000
   400.000
   500.000
   600.000
 1 -90  0.02  0.07  0.11  0.22  0.45  0.68  1.14  2.32  3.36  4.16  5.84  6.77  6.47  5.52  4.63  4.01  3.40  2.81  2.25  1.92  1.29  0.66  0.34  0.19  0.08  0.06  0.03  0.02
 1 -85  0.02  0.07  0.11  0.23  0.45  0.68  1.14  2.33  3.36  4.16  5.83  6.77  6.46  5.52  4.64  4.01  3.40  2.81  2.25  1.92  1.29  0.66  0.34  0.19  0.08  0.05  0.03  0.02
 1 -80  0.02  0.07  0.11  0.23  0.45  0.68  1.14  2.33  3.37  4.15  5.83  6.76  6.46  5.52  4.64  4.01  3.40  2.81  2.25  1.92  1.29  0.66  0.34  0.19  0.08  0.05  0.03  0.02
 1 -75  0.02  0.07  0.12  0.23  0.47  0.70  1.18  2.40  3.45  4.23  5.84  6.88  6.69  5.81  4.98  4.40  3.70  2.87  2.24  1.91  1.27  0.66  0.35  0.18  0.08  0.05  0.03  0.02
 1 -70  0.02  0.07  0.12  0.24  0.48  0.72  1.21  2.47  3.54  4.32  5.85  7.00  6.92  6.10  5.32  4.78  4.02  2.95  2.21  1.87  1.23  0.64  0.35  0.18  0.08  0.05  0.03  0.02
 1 -65  0.02  0.07  0.12  0.25  0.50  0.75  1.26  2.56  3.67  4.45  6.01  7.31  7.38  6.66  5.94  5.43  4.29  2.96  2.06  1.74  1.11  0.56  0.33  0.19  0.11  0.05  0.03  0.02
 1 -60  0.03  0.08  0.13  0.26  0.52  0.78  1.31  2.67  3.80  4.61  6.20  7.63  7.84  7.22  6.55  6.07  4.57  2.97  1.92  1.61  1.00  0.49  0.32  0.19  0.11  0.05  0.03  0.02
 1 -55  0.03  0.08  0.14  0.27  0.55  0.82  1.39  2.83  4.02  4.87  6.46  7.94  8.25  7.81  6.98  6.36  4.49  2.75  1.61  1.35  0.79  0.37  0.26  0.17  0.11  0.05  0.03  0.02
 1 -50  0.03  0.08  0.14  0.28  0.56  0.84  1.41  2.89  4.11  5.01  6.63  8.24  8.69  8.31  7.34  6.65  4.45  2.55  1.32  1.08  0.57  0.25  0.19  0.16  0.09  0.05  0.03  0.03
 1 -45  0.03  0.08  0.14  0.27  0.55  0.83  1.39  2.80  4.01  4.87  6.63  8.55  9.08  8.72  7.43  6.62  4.53  2.59  1.32  1.05  0.53  0.19  0.15  0.11  0.07  0.04  0.03  0.03
 1 -40  0.03  0.08  0.14  0.27  0.55  0.82  1.37  2.76  4.06  4.99  6.85  8.84  9.42  8.98  7.61  6.62  4.51  2.59  1.36  1.07  0.53  0.18  0.12  0.07  0.05  0.04  0.03  0.03
 1 -35  0.03  0.08  0.14  0.28  0.56  0.84  1.40  2.82  3.90  4.78  6.70  8.81  9.42  9.23  7.72  6.77  4.45  2.35  1.09  0.83  0.38  0.14  0.08  0.05  0.04  0.04  0.03  0.03
 1 -30  0.03  0.08  0.14  0.28  0.56  0.85  1.41  2.84  4.02  4.88  6.80  8.96  9.58  9.26  7.86  6.94  4.38  2.07  0.84  0.60  0.24  0.09  0.06  0.04  0.04  0.03  0.03  0.03
 1 -25  0.03  0.09  0.14  0.29  0.57  0.86  1.44  2.88  4.11  5.10  7.08  9.20  9.70  9.34  7.83  6.88  4.28  1.87  0.74  0.52  0.19  0.06  0.04  0.03  0.03  0.03  0.03  0.03
 1 -20  0.03  0.08  0.14  0.28  0.56  0.83  1.39  2.76  4.17  5.20  7.13  9.45 10.13  9.62  7.97  6.86  4.24  1.68  0.62  0.42  0.13  0.05  0.03  0.03  0.03  0.03  0.03  0.03
 1 -15  0.03  0.08  0.14  0.28  0.55  0.83  1.37  2.73  4.20  5.14  7.02  9.56 10.41  9.84  8.02  6.88  4.11  1.64  0.56  0.37  0.13  0.04  0.03  0.02  0.03  0.03  0.03  0.03
 1 -10  0.03  0.08  0.14  0.27  0.54  0.81  1.35  2.66  4.03  5.16  7.13  9.37 10.11  9.88  8.04  6.93  4.01  1.57  0.48  0.32  0.08  0.03  0.02  0.02  0.02  0.02  0.02  0.02
 1  -5  0.03  0.08  0.14  0.27  0.54  0.81  1.35  2.65  4.17  5.33  7.61  9.29  9.92  9.71  7.90  6.74  3.89  1.51  0.45  0.30  0.06  0.03  0.02  0.02  0.02  0.02  0.02  0.02
 1   0  0.03  0.09  0.15  0.30  0.59  0.89  1.48  2.95  4.43  5.60  7.75  9.57 10.12  9.73  7.82  6.59  3.68  1.37  0.41  0.28  0.05  0.03  0.02  0.02  0.02  0.02  0.02  0.02
 1   5  0.03  0.09  0.15  0.30  0.59  0.89  1.48  2.96  4.58  5.69  7.87  9.31  9.55  9.49  7.80  6.56  3.86  1.48  0.47  0.31  0.05  0.03  0.02  0.02  0.02  0.02  0.03  0.02
 1  10  0.03  0.09  0.15  0.30  0.60  0.90  1.50  3.00  4.53  5.75  7.50  8.75  8.95  8.99  7.70  6.60  4.03  1.64  0.54  0.36  0.06  0.03  0.02  0.02  0.02  0.03  0.03  0.03
 1  15  0.03  0.09  0.15  0.30  0.60  0.91  1.51  3.03  4.69  5.90  7.32  8.39  8.56  8.59  7.25  6.35  3.95  1.62  0.58  0.40  0.06  0.03  0.02  0.02  0.02  0.03  0.03  0.03
 1  20  0.03  0.09  0.16  0.31  0.63  0.94  1.58  3.17  4.86  6.20  7.45  8.19  8.43  8.28  6.86  6.09  4.02  1.69  0.59  0.43  0.16  0.04  0.03  0.03  0.03  0.03  0.03  0.03
 1  25  0.03  0.09  0.16  0.31  0.62  0.94  1.57  3.14  4.98  6.15  7.42  8.11  8.18  7.69  6.65  6.26  4.32  2.05  0.78  0.60  0.26  0.05  0.03  0.03  0.03  0.03  0.03  0.03
 1  30  0.03  0.10  0.17  0.33  0.66  1.00  1.67  3.37  5.05  6.34  7.40  7.91  7.98  7.37  6.71  6.45  4.69  2.29  0.92  0.70  0.32  0.09  0.06  0.04  0.04  0.03  0.03  0.03
 1  35  0.03  0.10  0.17  0.35  0.70  1.05  1.76  3.55  5.34  6.57  7.59  7.81  7.64  7.21  6.72  6.38  5.02  2.58  1.22  0.95  0.49  0.24  0.15  0.07  0.05  0.03  0.03  0.03
 1  40  0.04  0.11  0.18  0.36  0.73  1.10  1.84  3.73  5.42  6.64  7.62  7.73  7.33  6.78  6.45  6.29  5.37  2.96  1.64  1.24  0.68  0.35  0.22  0.10  0.06  0.04  0.03  0.03
 1  45  0.04  0.11  0.19  0.37  0.75  1.13  1.88  3.81  5.36  6.54  7.42  7.29  6.82  6.54  6.36  6.21  5.49  3.35  1.88  1.53  0.95  0.50  0.31  0.20  0.07  0.04  0.03  0.03
 1  50  0.04  0.11  0.19  0.38  0.76  1.15  1.92  3.87  5.61  6.69  7.23  7.00  6.38  5.99  6.16  6.19  5.64  3.68  2.15  1.78  1.16  0.61  0.35  0.24  0.08  0.04  0.03  0.03
 1  55  0.04  0.12  0.19  0.39  0.77  1.16  1.94  3.93  5.55  6.36  6.79  6.50  6.05  5.83  5.90  5.91  5.38  3.71  2.33  1.94  1.34  0.68  0.39  0.26  0.08  0.04  0.03  0.03
 1  60  0.04  0.12  0.20  0.39  0.78  1.18  1.97  3.99  5.52  6.24  6.59  6.20  5.85  5.74  5.67  5.61  5.08  3.69  2.53  2.14  1.53  0.75  0.44  0.27  0.09  0.04  0.03  0.03
 1  65  0.04  0.12  0.19  0.39  0.77  1.16  1.95  3.94  5.55  6.23  6.62  6.22  5.98  5.94  5.75  5.59  4.90  3.64  2.54  2.16  1.55  0.74  0.41  0.25  0.09  0.04  0.03  0.03
 1  70  0.04  0.11  0.19  0.38  0.76  1.14  1.92  3.89  5.57  6.23  6.66  6.27  6.11  6.14  5.82  5.57  4.76  3.60  2.55  2.18  1.57  0.74  0.39  0.23  0.09  0.04  0.03  0.03
 1  75  0.04  0.11  0.18  0.36  0.73  1.10  1.84  3.74  5.40  5.98  6.41  5.89  5.66  5.64  5.30  5.02  4.54  3.51  2.64  2.32  1.76  0.78  0.40  0.23  0.09  0.04  0.04  0.03
 1  80  0.04  0.11  0.18  0.35  0.71  1.07  1.80  3.68  5.18  5.73  6.11  5.52  5.21  5.12  4.77  4.49  4.32  3.43  2.73  2.45  1.94  0.82  0.41  0.24  0.10  0.05  0.04  0.03
 1  85  0.04  0.11  0.18  0.35  0.71  1.07  1.80  3.69  5.19  5.75  6.14  5.54  5.23  5.13  4.78  4.49  4.32  3.43  2.73  2.45  1.94  0.82  0.41  0.24  0.10  0.05  0.04  0.03
 1  90  0.04  0.11  0.18  0.35  0.71  1.07  1.80  3.69  5.20  5.77  6.16  5.56  5.25  5.14  4.79  4.50  4.33  3.43  2.73  2.45  1.94  0.82  0.41  0.24  0.10  0.05  0.04  0.03
 2 -90  0.03  0.08  0.14  0.28  0.55  0.83  1.40  2.84  4.15  5.11  6.37  6.38  5.73  4.78  4.30  3.81  2.73  2.60  2.32  1.99  1.41  0.67  0.36  0.21  0.13  0.06  0.03  0.02
 2 -85  0.03  0.08  0.14  0.28  0.55  0.83  1.40  2.85  4.16  5.11  6.36  6.38  5.73  4.79  4.30  3.81  2.73  2.60  2.32  1.99  1.41  0.67  0.36  0.21  0.13  0.06  0.03  0.02
 2 -80  0.03  0.08  0.14  0.28  0.55  0.83  1.40  2.85  4.16  5.10  6.36  6.37  5.72  4.79  4.30  3.82  2.73  2.60  2.32  2.00  1.41  0.67  0.36  0.21  0.12  0.05  0.03  0.02
 2 -75  0.03  0.08  0.14  0.27  0.55  0.83  1.39  2.84  4.16  5.10  6.42  6.71  6.19  5.28  4.71  4.17  2.94  2.59  2.32  1.99  1.38  0.66  0.37  0.20  0.12  0.05  0.03  0.02
 2 -70  0.03  0.08  0.14  0.27  0.55  0.82  1.38  2.83  4.15  5.08  6.49  7.04  6.66  5.77  5.11  4.54  3.23  2.61  2.29  1.96  1.33  0.63  0.37  0.20  0.11  0.05  0.03  0.02
 2 -65  0.03  0.08  0.14  0.28  0.56  0.84  1.41  2.88  4.22  5.16  6.63  7.44  7.22  6.39  5.63  5.01  3.68  2.64  2.12  1.80  1.19  0.56  0.35  0.20  0.11  0.05  0.03  0.02
 2 -60  0.03  0.08  0.14  0.28  0.57  0.86  1.44  2.94  4.30  5.26  6.79  7.84  7.77  7.00  6.14  5.47  4.12  2.68  1.95  1.65  1.06  0.48  0.32  0.20  0.11  0.05  0.03  0.03
 2 -55  0.03  0.09  0.15  0.30  0.60  0.90  1.51  3.10  4.48  5.46  6.99  8.11  8.18  7.60  6.71  6.00  4.27  2.56  1.59  1.33  0.80  0.36  0.25  0.17  0.10  0.05  0.03  0.03
 2 -50  0.03  0.09  0.15  0.30  0.61  0.92  1.55  3.17  4.56  5.59  7.15  8.39  8.63  8.15  7.24  6.54  4.40  2.45  1.27  1.03  0.55  0.24  0.18  0.14  0.08  0.04  0.03  0.03
 2 -45  0.03  0.09  0.15  0.30  0.60  0.90  1.51  3.06  4.40  5.40  7.07  8.68  9.03  8.58  7.39  6.56  4.47  2.42  1.27  1.00  0.48  0.18  0.16  0.09  0.06  0.04  0.03  0.03
 2 -40  0.03  0.09  0.15  0.30  0.60  0.90  1.50  3.03  4.42  5.44  7.21  8.96  9.43  8.97  7.63  6.60  4.46  2.36  1.28  0.98  0.44  0.16  0.10  0.06  0.04  0.03  0.03  0.03
 2 -35  0.03  0.09  0.15  0.30  0.60  0.90  1.50  3.02  4.19  5.15  6.99  8.91  9.44  9.22  7.70  6.66  4.34  2.18  1.04  0.78  0.33  0.12  0.07  0.05  0.04  0.03  0.03  0.03
 2 -30  0.03  0.09  0.15  0.30  0.60  0.89  1.49  3.00  4.25  5.18  7.01  9.01  9.60  9.32  7.82  6.78  4.24  1.96  0.82  0.58  0.22  0.08  0.05  0.04  0.03  0.03  0.03  0.03
 2 -25  0.03  0.09  0.15  0.29  0.59  0.88  1.48  2.96  4.20  5.20  7.14  9.25  9.82  9.53  7.88  6.79  4.13  1.84  0.70  0.49  0.18  0.05  0.03  0.03  0.03  0.03  0.03  0.03
 2 -20  0.03  0.08  0.14  0.28  0.56  0.84  1.40  2.80  4.19  5.26  7.10  9.42 10.26  9.93  8.08  6.82  4.09  1.67  0.57  0.39  0.12  0.04  0.03  0.03  0.03  0.03  0.03  0.03
 2 -15  0.03  0.08  0.14  0.28  0.55  0.83  1.38  2.74  4.15  5.02  6.88  9.55 10.55 10.10  8.10  6.86  4.02  1.60  0.53  0.35  0.12  0.03  0.02  0.02  0.02  0.03  0.03  0.02
 2 -10  0.03  0.08  0.13  0.27  0.54  0.81  1.34  2.65  3.93  4.97  6.86  9.32 10.35 10.25  8.15  6.93  3.99  1.48  0.48  0.32  0.08  0.03  0.02  0.02  0.02  0.02  0.02  0.02
 2  -5  0.03  0.08  0.13  0.27  0.53  0.80  1.33  2.62  4.03  5.10  7.30  9.22 10.22 10.15  7.82  6.47  3.83  1.45  0.47  0.32  0.06  0.03  0.02  0.02  0.02  0.02  0.02  0.02
 2   0  0.03  0.09  0.15  0.29  0.59  0.88  1.47  2.95  4.30  5.44  7.58  9.75 10.70 10.37  7.62  6.00  3.55  1.31  0.45  0.31  0.05  0.03  0.02  0.02  0.02  0.02  0.02  0.02
 2   5  0.03  0.09  0.15  0.29  0.58  0.87  1.45  2.91  4.43  5.47  7.66  9.39 10.04 10.07  7.70  6.24  3.74  1.44  0.51  0.34  0.05  0.02  0.02  0.02  0.02  0.02  0.03  0.02
 2  10  0.03  0.09  0.14  0.29  0.58  0.87  1.45  2.89  4.31  5.40  7.28  8.83  9.31  9.38  7.76  6.58  3.94  1.62  0.59  0.40  0.06  0.03  0.02  0.02  0.02  0.03  0.03  0.03
 2  15  0.03  0.09  0.15  0.29  0.58  0.87  1.45  2.91  4.52  5.59  7.22  8.49  8.81  8.88  7.45  6.53  4.00  1.69  0.66  0.46  0.07  0.03  0.02  0.02  0.02  0.03  0.03  0.03
 2  20  0.03  0.09  0.15  0.30  0.61  0.91  1.52  3.06  4.63  5.87  7.33  8.38  8.73  8.62  7.25  6.53  4.26  1.81  0.70  0.51  0.09  0.04  0.03  0.03  0.03  0.03  0.03  0.03
 2  25  0.03  0.09  0.15  0.31  0.61  0.92  1.54  3.09  4.82  5.90  7.31  8.25  8.41  8.00  6.91  6.44  4.49  2.13  0.88  0.66  0.26  0.05  0.04  0.03  0.03  0.03  0.03  0.03
 2  30  0.03  0.10  0.16  0.32  0.65  0.98  1.63  3.30  4.95  6.20  7.42  8.08  8.21  7.68  6.84  6.41  4.80  2.30  0.99  0.75  0.31  0.18  0.07  0.05  0.04  0.03  0.03  0.03
 2  35  0.03  0.10  0.17  0.34  0.68  1.03  1.72  3.48  5.28  6.50  7.73  8.05  7.95  7.50  6.86  6.41  5.07  2.71  1.29  0.99  0.47  0.30  0.21  0.08  0.06  0.04  0.03  0.03
 2  40  0.04  0.11  0.18  0.36  0.72  1.08  1.81  3.67  5.36  6.61  7.78  8.03  7.72  7.09  6.60  6.34  5.34  3.16  1.69  1.26  0.66  0.42  0.29  0.13  0.07  0.04  0.03  0.03
 2  45  0.04  0.11  0.18  0.37  0.73  1.10  1.85  3.74  5.39  6.66  7.79  7.78  7.29  6.93  6.56  6.25  5.51  3.54  1.94  1.58  0.96  0.55  0.37  0.23  0.09  0.04  0.03  0.03
 2  50  0.04  0.11  0.19  0.37  0.75  1.12  1.88  3.78  5.64  6.92  7.68  7.53  6.87  6.41  6.34  6.19  5.68  3.85  2.26  1.87  1.19  0.65  0.40  0.28  0.10  0.05  0.04  0.03
 2  55  0.04  0.12  0.19  0.39  0.77  1.16  1.95  3.93  5.71  6.80  7.40  7.17  6.59  6.25  6.17  6.07  5.64  3.96  2.44  2.04  1.38  0.70  0.44  0.30  0.10  0.05  0.04  0.03
 2  60  0.04  0.12  0.20  0.40  0.81  1.21  2.03  4.10  5.82  6.86  7.31  6.92  6.38  6.11  6.01  5.93  5.58  4.04  2.65  2.23  1.57  0.77  0.48  0.31  0.11  0.05  0.04  0.03
 2  65  0.04  0.12  0.20  0.40  0.81  1.22  2.04  4.12  5.76  6.69  7.12  6.75  6.35  6.17  5.97  5.82  5.38  3.90  2.76  2.36  1.71  0.83  0.48  0.30  0.11  0.05  0.04  0.03
 2  70  0.04  0.12  0.20  0.40  0.81  1.22  2.04  4.13  5.73  6.55  6.95  6.58  6.31  6.24  5.94  5.71  5.23  3.79  2.86  2.48  1.85  0.90  0.47  0.29  0.11  0.05  0.04  0.03
 2  75  0.04  0.12  0.20  0.40  0.80  1.21  2.03  4.12  5.62  6.29  6.89  6.71  6.60  6.58  6.14  5.81  5.29  3.73  2.91  2.54  1.90  0.94  0.49  0.29  0.11  0.05  0.04  0.03
 2  80  0.04  0.12  0.20  0.40  0.80  1.20  2.02  4.11  5.50  6.02  6.83  6.87  6.89  6.90  6.33  5.92  5.34  3.66  2.94  2.58  1.93  0.97  0.51  0.29  0.11  0.05  0.04  0.03
 2  85  0.04  0.12  0.20  0.40  0.80  1.20  2.02  4.12  5.51  6.04  6.86  6.90  6.91  6.91  6.34  5.93  5.35  3.67  2.94  2.58  1.93  0.97  0.51  0.29  0.11  0.05  0.04  0.03
 2  90  0.04  0.12  0.20  0.40  0.80  1.20  2.02  4.12  5.53  6.06  6.89  6.92  6.93  6.92  6.35  5.94  5.36  3.67  2.94  2.57  1.93  0.97  0.51  0.29  0.11  0.05  0.04  0.04
 3 -90  0.04  0.12  0.20  0.40  0.81  1.22  2.05  4.19  5.60  6.46  6.53  5.92  5.20  4.51  3.87  3.14  2.54  2.60  2.45  2.12  1.52  0.60  0.33  0.19  0.11  0.05  0.03  0.02
 3 -85  0.04  0.12  0.20  0.40  0.81  1.22  2.05  4.19  5.61  6.46  6.52  5.91  5.20  4.51  3.88  3.14  2.54  2.60  2.46  2.13  1.52  0.60  0.33  0.19  0.11  0.05  0.03  0.02
 3 -80  0.04  0.12  0.20  0.40  0.81  1.22  2.05  4.20  5.61  6.46  6.51  5.90  5.19  4.52  3.88  3.14  2.54  2.60  2.46  2.13  1.52  0.60  0.33  0.19  0.11  0.05  0.03  0.02
 3 -75  0.04  0.11  0.19  0.38  0.77  1.16  1.95  4.01  5.55  6.51  6.91  6.42  5.68  4.93  4.21  3.45  2.66  2.57  2.43  2.09  1.47  0.59  0.33  0.18  0.11  0.05  0.03  0.02
 3 -70  0.04  0.11  0.18  0.36  0.73  1.10  1.86  3.81  5.48  6.56  7.29  6.94  6.18  5.33  4.55  3.79  2.87  2.55  2.35  2.02  1.40  0.57  0.32  0.18  0.10  0.05  0.03  0.03
 3 -65  0.04  0.11  0.18  0.35  0.71  1.07  1.80  3.70  5.39  6.51  7.46  7.40  6.75  5.90  5.16  4.51  3.32  2.58  2.13  1.83  1.24  0.51  0.31  0.18  0.11  0.05  0.03  0.03
 3 -60  0.03  0.10  0.17  0.34  0.69  1.04  1.75  3.59  5.31  6.48  7.64  7.86  7.32  6.47  5.76  5.20  3.74  2.63  1.92  1.64  1.09  0.45  0.29  0.18  0.11  0.05  0.03  0.03
 3 -55  0.03  0.10  0.17  0.35  0.69  1.05  1.76  3.61  5.35  6.51  7.74  8.16  7.78  7.05  6.34  5.80  4.20  2.60  1.61  1.36  0.85  0.34  0.23  0.16  0.09  0.05  0.03  0.03
 3 -50  0.03  0.10  0.17  0.34  0.69  1.04  1.75  3.59  5.33  6.53  7.87  8.46  8.28  7.62  6.92  6.41  4.60  2.56  1.33  1.10  0.62  0.24  0.17  0.11  0.07  0.04  0.03  0.03
 3 -45  0.03  0.10  0.17  0.33  0.67  1.00  1.69  3.43  5.05  6.24  7.73  8.77  8.76  8.15  7.07  6.25  4.48  2.49  1.29  1.02  0.52  0.17  0.13  0.07  0.05  0.03  0.03  0.03
 3 -40  0.03  0.10  0.16  0.33  0.65  0.98  1.65  3.35  4.93  6.12  7.75  9.05  9.26  8.71  7.22  6.08  4.32  2.40  1.22  0.94  0.45  0.14  0.09  0.05  0.04  0.03  0.03  0.03
 3 -35  0.03  0.10  0.16  0.32  0.64  0.96  1.61  3.25  4.65  5.73  7.47  9.01  9.36  9.03  7.62  6.60  4.32  2.22  0.99  0.74  0.32  0.12  0.07  0.04  0.03  0.03  0.03  0.03
 3 -30  0.03  0.09  0.16  0.31  0.63  0.94  1.58  3.19  4.60  5.65  7.38  9.08  9.54  9.29  8.07  7.18  4.35  2.03  0.78  0.56  0.19  0.08  0.05  0.03  0.03  0.03  0.03  0.03
 3 -25  0.03  0.09  0.15  0.31  0.61  0.92  1.54  3.09  4.43  5.48  7.31  9.26  9.82  9.61  8.17  7.21  4.21  1.83  0.63  0.44  0.15  0.05  0.03  0.03  0.03  0.03  0.03  0.03
 3 -20  0.03  0.09  0.15  0.29  0.58  0.87  1.46  2.92  4.38  5.51  7.20  9.30 10.21 10.12  8.41  7.25  4.14  1.54  0.48  0.32  0.09  0.04  0.03  0.02  0.02  0.03  0.03  0.02
 3 -15  0.03  0.09  0.14  0.29  0.57  0.86  1.43  2.86  4.23  5.11  6.83  9.36 10.42 10.27  8.30  7.05  4.07  1.53  0.48  0.31  0.10  0.03  0.02  0.02  0.02  0.02  0.02  0.02
 3 -10  0.03  0.08  0.14  0.28  0.56  0.84  1.40  2.79  3.97  4.93  6.63  9.02 10.27 10.49  8.23  6.89  4.07  1.49  0.48  0.31  0.12  0.03  0.02  0.02  0.02  0.02  0.02  0.02
 3  -5  0.03  0.08  0.14  0.28  0.55  0.83  1.37  2.73  3.98  4.95  6.92  8.85 10.12 10.43  8.06  6.70  3.97  1.47  0.47  0.32  0.06  0.02  0.02  0.02  0.02  0.02  0.02  0.02
 3   0  0.03  0.09  0.15  0.30  0.59  0.89  1.48  2.98  4.16  5.22  7.19  9.40 10.69 10.78  8.04  6.47  3.76  1.34  0.45  0.31  0.13  0.02  0.02  0.02  0.02  0.02  0.02  0.02
 3   5  0.03  0.09  0.15  0.29  0.58  0.87  1.46  2.93  4.31  5.21  7.24  9.09 10.12 10.47  7.99  6.59  3.91  1.44  0.50  0.33  0.05  0.02  0.02  0.02  0.02  0.02  0.02  0.02
 3  10  0.03  0.09  0.14  0.29  0.57  0.86  1.44  2.88  4.13  5.02  6.90  8.61  9.43  9.68  7.95  6.84  4.08  1.60  0.57  0.39  0.06  0.03  0.02  0.02  0.02  0.03  0.03  0.03
 3  15  0.03  0.09  0.14  0.29  0.58  0.87  1.45  2.89  4.38  5.30  7.03  8.43  8.93  9.11  7.53  6.54  4.07  1.68  0.64  0.45  0.07  0.03  0.02  0.02  0.02  0.03  0.03  0.03
 3  20  0.03  0.09  0.15  0.30  0.61  0.91  1.52  3.05  4.50  5.59  7.16  8.47  8.94  8.87  7.26  6.33  4.23  1.76  0.67  0.49  0.19  0.04  0.03  0.03  0.03  0.03  0.03  0.03
 3  25  0.03  0.09  0.15  0.31  0.61  0.92  1.54  3.09  4.67  5.69  7.18  8.35  8.62  8.33  7.04  6.34  4.44  2.18  0.89  0.68  0.31  0.06  0.04  0.04  0.03  0.03  0.03  0.03
 3  30  0.03  0.10  0.16  0.32  0.64  0.96  1.60  3.22  4.81  6.00  7.39  8.25  8.48  8.11  7.05  6.44  4.73  2.46  1.07  0.82  0.39  0.20  0.08  0.05  0.04  0.04  0.03  0.03
 3  35  0.03  0.10  0.16  0.33  0.66  0.99  1.66  3.36  5.11  6.29  7.80  8.38  8.41  7.97  7.10  6.50  4.86  2.80  1.36  1.07  0.57  0.31  0.22  0.08  0.06  0.04  0.03  0.03
 3  40  0.03  0.10  0.17  0.34  0.69  1.03  1.73  3.51  5.14  6.38  7.85  8.51  8.36  7.69  6.90  6.46  4.96  3.15  1.73  1.33  0.77  0.42  0.30  0.13  0.07  0.04  0.04  0.03
 3  45  0.03  0.10  0.17  0.34  0.69  1.03  1.73  3.50  5.23  6.54  8.10  8.43  8.01  7.52  6.82  6.31  5.25  3.49  1.92  1.58  1.00  0.55  0.39  0.24  0.09  0.05  0.04  0.03
 3  50  0.03  0.10  0.17  0.34  0.69  1.03  1.72  3.47  5.41  6.84  8.10  8.23  7.57  7.02  6.57  6.16  5.51  3.76  2.20  1.83  1.17  0.66  0.43  0.31  0.11  0.05  0.04  0.03
 3  55  0.04  0.11  0.18  0.35  0.71  1.07  1.79  3.61  5.52  6.82  7.91  7.92  7.30  6.79  6.40  6.11  5.51  3.93  2.43  2.04  1.36  0.75  0.48  0.33  0.12  0.05  0.04  0.04
 3  60  0.04  0.11  0.18  0.37  0.74  1.12  1.87  3.77  5.68  6.99  7.89  7.69  7.04  6.54  6.24  6.04  5.51  4.09  2.70  2.27  1.56  0.86  0.54  0.35  0.12  0.05  0.04  0.04
 3  65  0.04  0.11  0.19  0.38  0.76  1.15  1.93  3.89  5.72  6.96  7.71  7.44  6.83  6.39  6.06  5.83  5.32  4.10  2.85  2.44  1.76  0.95  0.60  0.37  0.13  0.05  0.04  0.04
 3  70  0.04  0.12  0.20  0.39  0.79  1.18  1.98  4.01  5.77  6.94  7.53  7.18  6.61  6.24  5.88  5.63  5.13  4.12  3.00  2.61  1.96  1.04  0.65  0.39  0.13  0.06  0.04  0.04
 3  75  0.04  0.12  0.20  0.39  0.79  1.19  1.99  4.03  5.70  6.79  7.35  7.09  6.67  6.38  5.84  5.45  5.07  4.14  3.06  2.67  2.02  1.09  0.65  0.38  0.19  0.06  0.04  0.04
 3  80  0.04  0.12  0.20  0.39  0.79  1.19  2.00  4.06  5.64  6.64  7.17  7.01  6.73  6.53  5.80  5.29  5.02  4.14  3.09  2.71  2.06  1.13  0.64  0.38  0.18  0.06  0.04  0.04
 3  85  0.04  0.12  0.20  0.39  0.79  1.19  2.00  4.06  5.65  6.66  7.20  7.03  6.75  6.54  5.81  5.30  5.03  4.15  3.09  2.71  2.06  1.13  0.64  0.38  0.18  0.06  0.04  0.04
 3  90  0.04  0.12  0.20  0.39  0.79  1.19  2.00  4.07  5.67  6.68  7.23  7.06  6.77  6.55  5.82  5.31  5.03  4.15  3.09  2.71  2.06  1.13  0.64  0.38  0.18  0.06  0.04  0.04
 4 -90  0.05  0.16  0.27  0.53  1.07  1.62  2.73  5.65  6.44  6.60  6.27  5.50  4.89  4.25  3.57  2.72  2.24  2.86  2.44  2.10  1.40  0.48  0.29  0.18  0.11  0.04  0.03  0.03
 4 -85  0.05  0.16  0.27  0.53  1.07  1.62  2.73  5.66  6.45  6.60  6.26  5.49  4.88  4.26  3.58  2.72  2.24  2.86  2.44  2.10  1.40  0.48  0.29  0.18  0.11  0.04  0.03  0.03
 4 -80  0.05  0.16  0.27  0.53  1.07  1.62  2.74  5.66  6.45  6.59  6.25  5.49  4.88  4.26  3.58  2.73  2.24  2.86  2.44  2.10  1.40  0.48  0.29  0.18  0.10  0.04  0.03  0.03
 4 -75  0.05  0.15  0.26  0.51  1.03  1.56  2.63  5.43  6.66  7.05  6.78  5.96  5.30  4.64  4.00  3.18  2.55  2.80  2.40  2.08  1.40  0.46  0.28  0.17  0.10  0.04  0.03  0.03
 4 -70  0.05  0.15  0.25  0.49  0.99  1.49  2.52  5.20  6.82  7.50  7.29  6.46  5.72  5.03  4.39  3.69  2.97  2.75  2.32  2.02  1.38  0.44  0.27  0.17  0.10  0.04  0.03  0.03
 4 -65  0.05  0.14  0.24  0.47  0.95  1.43  2.41  4.97  6.75  7.59  7.63  7.00  6.24  5.52  4.90  4.36  3.46  2.76  2.13  1.84  1.23  0.40  0.25  0.16  0.10  0.04  0.03  0.03
 4 -60  0.05  0.14  0.23  0.45  0.91  1.37  2.31  4.75  6.68  7.69  7.99  7.54  6.75  6.01  5.40  5.00  3.93  2.79  1.94  1.66  1.09  0.36  0.22  0.15  0.09  0.04  0.03  0.03
 4 -55  0.04  0.13  0.22  0.43  0.87  1.32  2.22  4.55  6.54  7.65  8.15  7.87  7.18  6.46  5.99  5.73  4.39  2.73  1.67  1.39  0.84  0.29  0.18  0.14  0.08  0.04  0.03  0.03
 4 -50  0.04  0.12  0.21  0.41  0.83  1.25  2.11  4.33  6.44  7.68  8.38  8.21  7.68  6.95  6.63  6.49  4.80  2.63  1.42  1.13  0.60  0.22  0.14  0.10  0.06  0.04  0.03  0.03
 4 -45  0.04  0.12  0.19  0.39  0.78  1.18  1.99  4.05  6.04  7.32  8.30  8.59  8.27  7.55  6.86  6.31  4.62  2.51  1.38  1.07  0.51  0.17  0.11  0.07  0.05  0.03  0.03  0.03
 4 -40  0.04  0.11  0.19  0.37  0.75  1.13  1.90  3.86  5.68  7.02  8.26  8.91  8.79  8.16  6.97  6.08  4.45  2.37  1.29  0.98  0.45  0.14  0.10  0.05  0.04  0.03  0.03  0.02
 4 -35  0.04  0.11  0.18  0.35  0.71  1.06  1.79  3.63  5.29  6.47  7.94  8.93  9.06  8.60  7.17  6.11  4.25  2.17  1.09  0.83  0.37  0.13  0.07  0.04  0.03  0.03  0.03  0.02
 4 -30  0.03  0.10  0.17  0.34  0.68  1.02  1.71  3.47  5.07  6.22  7.74  9.04  9.32  9.02  7.38  6.20  4.11  1.98  0.91  0.68  0.29  0.09  0.05  0.03  0.03  0.03  0.03  0.02
 4 -25  0.03  0.10  0.16  0.33  0.65  0.98  1.64  3.32  4.81  5.92  7.56  9.18  9.69  9.48  7.73  6.54  4.09  1.86  0.71  0.52  0.20  0.05  0.03  0.03  0.02  0.02  0.02  0.02
 4 -20  0.03  0.09  0.16  0.31  0.62  0.94  1.57  3.16  4.76  5.96  7.43  9.15 10.04 10.16  8.19  6.87  4.13  1.62  0.50  0.34  0.11  0.03  0.02  0.02  0.02  0.02  0.02  0.02
 4 -15  0.03  0.09  0.15  0.31  0.61  0.92  1.53  3.07  4.53  5.51  7.11  9.22 10.13 10.24  8.28  6.96  4.09  1.54  0.46  0.31  0.11  0.03  0.02  0.02  0.02  0.02  0.02  0.02
 4 -10  0.03  0.09  0.15  0.30  0.60  0.91  1.51  3.04  4.29  5.31  6.87  8.86  9.99 10.41  8.37  7.10  4.14  1.46  0.44  0.30  0.12  0.02  0.02  0.02  0.02  0.02  0.02  0.02
 4  -5  0.03  0.09  0.15  0.30  0.59  0.89  1.49  2.98  4.22  5.20  7.03  8.67  9.77 10.33  8.28  7.05  4.12  1.47  0.43  0.30  0.13  0.02  0.02  0.02  0.02  0.02  0.02  0.02
 4   0  0.03  0.09  0.15  0.31  0.61  0.92  1.53  3.08  4.29  5.32  7.21  9.13 10.26 10.67  8.32  6.93  4.00  1.36  0.42  0.29  0.13  0.02  0.02  0.02  0.02  0.02  0.02  0.02
 4   5  0.03  0.09  0.15  0.30  0.60  0.91  1.51  3.04  4.41  5.26  7.17  8.88  9.91 10.38  8.12  6.92  4.14  1.47  0.57  0.38  0.14  0.02  0.02  0.02  0.02  0.02  0.02  0.02
 4  10  0.03  0.09  0.15  0.29  0.59  0.88  1.48  2.96  4.12  4.95  6.81  8.48  9.35  9.60  7.96  7.03  4.32  1.63  0.76  0.51  0.17  0.02  0.02  0.02  0.02  0.02  0.03  0.03
 4  15  0.03  0.09  0.15  0.29  0.59  0.88  1.47  2.95  4.34  5.24  7.04  8.45  8.94  9.05  7.61  6.76  4.27  1.75  0.85  0.59  0.19  0.03  0.02  0.02  0.02  0.03  0.03  0.03
 4  20  0.03  0.09  0.15  0.31  0.61  0.92  1.53  3.08  4.46  5.50  7.12  8.58  9.02  8.82  7.41  6.61  4.35  1.84  0.91  0.64  0.21  0.04  0.03  0.03  0.03  0.03  0.03  0.03
 4  25  0.03  0.09  0.15  0.31  0.61  0.92  1.54  3.10  4.54  5.54  7.11  8.43  8.72  8.45  7.27  6.56  4.49  2.15  1.05  0.77  0.32  0.08  0.05  0.04  0.04  0.03  0.03  0.03
 4  30  0.03  0.09  0.15  0.31  0.62  0.93  1.55  3.13  4.63  5.74  7.26  8.33  8.63  8.37  7.29  6.62  4.71  2.36  1.16  0.89  0.41  0.15  0.08  0.05  0.04  0.04  0.04  0.03
 4  35  0.03  0.09  0.16  0.31  0.63  0.94  1.57  3.18  4.78  5.89  7.55  8.47  8.71  8.35  7.33  6.64  4.73  2.64  1.39  1.08  0.58  0.34  0.14  0.08  0.05  0.04  0.04  0.03
 4  40  0.03  0.09  0.16  0.32  0.64  0.96  1.60  3.24  4.66  5.78  7.36  8.58  8.80  8.25  7.19  6.55  4.74  2.90  1.67  1.30  0.77  0.44  0.30  0.11  0.07  0.04  0.04  0.03
 4  45  0.03  0.09  0.16  0.31  0.62  0.94  1.57  3.17  4.71  5.88  7.67  8.62  8.55  8.09  7.07  6.39  4.87  3.17  1.79  1.48  0.95  0.53  0.38  0.15  0.08  0.05  0.04  0.04
 4  50  0.03  0.09  0.15  0.30  0.61  0.92  1.53  3.09  4.73  6.03  7.65  8.47  8.18  7.68  6.84  6.21  4.95  3.38  2.02  1.68  1.06  0.61  0.42  0.30  0.10  0.05  0.04  0.04
 4  55  0.03  0.09  0.15  0.30  0.61  0.92  1.53  3.09  4.71  5.97  7.56  8.23  7.91  7.36  6.53  5.94  5.05  3.59  2.24  1.89  1.24  0.69  0.48  0.33  0.12  0.05  0.04  0.04
 4  60  0.03  0.09  0.16  0.31  0.63  0.94  1.57  3.17  4.81  6.10  7.60  8.07  7.64  7.02  6.22  5.67  5.16  3.81  2.50  2.12  1.43  0.79  0.55  0.36  0.13  0.06  0.04  0.04
 4  65  0.03  0.09  0.16  0.32  0.63  0.95  1.59  3.21  4.82  6.09  7.45  7.75  7.26  6.64  6.01  5.57  5.04  3.85  2.70  2.29  1.59  0.93  0.66  0.41  0.14  0.06  0.04  0.04
 4  70  0.03  0.10  0.16  0.32  0.64  0.96  1.60  3.24  4.83  6.09  7.30  7.43  6.89  6.26  5.81  5.47  4.92  3.89  2.90  2.47  1.74  1.07  0.76  0.46  0.24  0.06  0.04  0.04
 4  75  0.03  0.10  0.16  0.32  0.65  0.98  1.64  3.31  4.82  6.02  7.02  7.02  6.48  5.91  5.62  5.39  4.88  3.97  3.01  2.58  1.87  1.14  0.78  0.46  0.23  0.07  0.05  0.04
 4  80  0.03  0.10  0.17  0.33  0.66  1.00  1.67  3.38  4.82  5.97  6.75  6.61  6.08  5.57  5.44  5.32  4.86  4.03  3.08  2.67  1.97  1.20  0.78  0.46  0.22  0.07  0.05  0.04
 4  85  0.03  0.10  0.17  0.33  0.66  1.00  1.67  3.39  4.83  5.99  6.78  6.63  6.10  5.58  5.45  5.33  4.86  4.04  3.08  2.67  1.97  1.20  0.78  0.46  0.22  0.07  0.05  0.04
 4  90  0.03  0.10  0.17  0.33  0.66  1.00  1.68  3.40  4.85  6.01  6.81  6.66  6.12  5.59  5.46  5.34  4.87  4.04  3.08  2.66  1.97  1.20  0.78  0.46  0.22  0.07  0.05  0.04
 5 -90  0.06  0.17  0.29  0.58  1.18  1.78  3.02  6.30  6.94  7.13  6.39  4.93  4.08  3.39  3.09  2.77  3.00  2.99  2.33  1.97  1.32  0.47  0.25  0.15  0.08  0.04  0.03  0.03
 5 -85  0.06  0.17  0.29  0.58  1.18  1.78  3.02  6.30  6.95  7.13  6.38  4.92  4.08  3.39  3.10  2.78  3.00  2.98  2.34  1.98  1.32  0.47  0.25  0.15  0.08  0.04  0.03  0.03
 5 -80  0.06  0.17  0.29  0.58  1.18  1.78  3.02  6.31  6.96  7.12  6.38  4.92  4.08  3.40  3.10  2.78  3.00  2.98  2.34  1.98  1.32  0.47  0.25  0.15  0.08  0.04  0.03  0.03
 5 -75  0.06  0.17  0.28  0.57  1.15  1.74  2.95  6.14  7.02  7.34  6.81  5.55  4.79  4.13  3.67  3.16  3.04  2.84  2.18  1.86  1.25  0.44  0.23  0.14  0.08  0.04  0.03  0.03
 5 -70  0.05  0.16  0.27  0.55  1.11  1.68  2.84  5.91  7.06  7.52  7.21  6.20  5.52  4.87  4.28  3.61  3.11  2.67  2.00  1.71  1.15  0.41  0.22  0.14  0.08  0.04  0.03  0.03
 5 -65  0.05  0.17  0.28  0.55  1.11  1.68  2.84  5.88  7.28  7.83  7.48  6.55  5.88  5.25  4.88  4.39  3.67  2.77  1.93  1.63  1.04  0.40  0.22  0.14  0.08  0.04  0.03  0.03
 5 -60  0.06  0.17  0.28  0.55  1.12  1.68  2.84  5.84  7.50  8.15  7.77  6.91  6.24  5.62  5.34  5.12  4.32  2.90  1.87  1.55  0.92  0.38  0.21  0.14  0.08  0.04  0.03  0.03
 5 -55  0.05  0.16  0.26  0.53  1.07  1.61  2.71  5.58  7.44  8.28  8.04  7.35  6.61  5.96  5.68  5.60  4.62  2.76  1.68  1.37  0.76  0.35  0.20  0.14  0.07  0.04  0.03  0.03
 5 -50  0.05  0.15  0.25  0.51  1.03  1.55  2.61  5.37  7.48  8.57  8.42  7.77  7.08  6.37  6.09  6.11  4.86  2.55  1.52  1.20  0.61  0.33  0.18  0.10  0.06  0.03  0.03  0.03
 5 -45  0.05  0.14  0.23  0.47  0.94  1.42  2.39  4.90  7.05  8.24  8.54  8.26  7.77  7.05  6.50  6.10  4.72  2.48  1.45  1.11  0.50  0.28  0.15  0.08  0.05  0.03  0.03  0.02
 5 -40  0.04  0.13  0.21  0.43  0.86  1.30  2.18  4.46  6.50  7.82  8.55  8.60  8.25  7.62  6.67  6.04  4.62  2.39  1.33  1.00  0.43  0.24  0.12  0.06  0.04  0.03  0.02  0.02
 5 -35  0.04  0.12  0.20  0.39  0.79  1.19  2.00  4.07  5.95  7.16  8.22  8.68  8.61  8.06  7.11  6.43  4.50  2.17  1.11  0.82  0.34  0.19  0.09  0.05  0.03  0.03  0.02  0.02
 5 -30  0.04  0.11  0.18  0.36  0.73  1.10  1.85  3.76  5.56  6.78  7.97  8.78  8.85  8.49  7.52  6.83  4.45  2.00  0.89  0.65  0.22  0.09  0.05  0.04  0.03  0.03  0.02  0.02
 5 -25  0.03  0.10  0.17  0.35  0.70  1.05  1.76  3.58  5.23  6.36  7.72  8.91  9.29  9.03  7.72  6.86  4.33  1.94  0.72  0.52  0.18  0.05  0.03  0.03  0.02  0.02  0.02  0.02
 5 -20  0.03  0.10  0.17  0.33  0.67  1.01  1.69  3.42  5.14  6.36  7.61  8.90  9.63  9.81  8.02  6.87  4.23  1.76  0.56  0.39  0.12  0.03  0.02  0.02  0.02  0.02  0.02  0.02
 5 -15  0.03  0.10  0.16  0.32  0.65  0.97  1.63  3.29  4.85  5.98  7.46  9.07  9.73  9.96  8.24  7.02  4.20  1.64  0.48  0.33  0.11  0.03  0.02  0.02  0.02  0.02  0.02  0.02
 5 -10  0.03  0.10  0.16  0.32  0.64  0.97  1.62  3.27  4.66  5.79  7.28  8.85  9.70 10.11  8.39  7.22  4.29  1.53  0.41  0.29  0.11  0.02  0.02  0.02  0.02  0.02  0.02  0.02
 5  -5  0.03  0.10  0.16  0.32  0.64  0.96  1.60  3.23  4.53  5.58  7.37  8.73  9.44 10.00  8.22  6.97  4.08  1.39  0.36  0.26  0.11  0.02  0.02  0.02  0.02  0.02  0.02  0.02
 5   0  0.03  0.09  0.16  0.31  0.63  0.94  1.58  3.17  4.50  5.53  7.43  9.05  9.75 10.25  8.11  6.65  3.82  1.14  0.32  0.23  0.11  0.02  0.02  0.02  0.02  0.02  0.02  0.02
 5   5  0.03  0.09  0.16  0.31  0.62  0.94  1.57  3.15  4.55  5.44  7.29  8.86  9.69 10.12  8.05  6.87  4.13  1.40  0.46  0.33  0.16  0.02  0.02  0.02  0.02  0.02  0.02  0.02
 5  10  0.03  0.09  0.15  0.30  0.61  0.91  1.52  3.04  4.18  5.03  6.86  8.49  9.36  9.58  8.03  7.21  4.51  1.68  0.66  0.48  0.22  0.02  0.02  0.02  0.02  0.02  0.03  0.02
 5  15  0.03  0.09  0.15  0.30  0.60  0.90  1.51  3.03  4.32  5.25  7.07  8.55  9.09  9.13  7.78  7.03  4.42  1.84  0.76  0.56  0.25  0.03  0.02  0.02  0.02  0.03  0.03  0.03
 5  20  0.03  0.09  0.15  0.31  0.62  0.93  1.55  3.12  4.43  5.44  7.05  8.68  9.19  8.89  7.67  6.97  4.38  1.94  0.83  0.61  0.28  0.05  0.03  0.03  0.03  0.03  0.03  0.03
 5  25  0.03  0.09  0.15  0.31  0.61  0.92  1.54  3.09  4.40  5.39  7.00  8.47  8.83  8.62  7.52  6.79  4.56  2.16  0.97  0.74  0.37  0.08  0.04  0.04  0.03  0.03  0.03  0.03
 5  30  0.03  0.09  0.15  0.30  0.60  0.90  1.51  3.04  4.44  5.43  7.04  8.29  8.70  8.56  7.47  6.71  4.79  2.33  1.12  0.87  0.45  0.14  0.07  0.05  0.04  0.04  0.04  0.03
 5  35  0.03  0.09  0.15  0.30  0.60  0.91  1.52  3.06  4.49  5.52  7.20  8.35  8.77  8.55  7.45  6.67  4.80  2.58  1.30  1.02  0.57  0.32  0.11  0.06  0.05  0.04  0.04  0.03
 5  40  0.03  0.09  0.15  0.30  0.61  0.91  1.53  3.09  4.29  5.29  6.82  8.33  8.84  8.52  7.32  6.57  4.81  2.79  1.50  1.19  0.72  0.41  0.17  0.09  0.06  0.04  0.04  0.04
 5  45  0.03  0.09  0.15  0.29  0.59  0.88  1.47  2.97  4.29  5.29  7.04  8.33  8.60  8.28  7.14  6.42  4.82  2.97  1.62  1.36  0.89  0.49  0.35  0.13  0.07  0.05  0.04  0.04
 5  50  0.03  0.08  0.14  0.28  0.56  0.84  1.40  2.82  4.19  5.25  6.93  8.13  8.26  7.93  6.95  6.23  4.77  3.09  1.84  1.56  1.01  0.58  0.40  0.17  0.09  0.05  0.04  0.04
 5  55  0.03  0.08  0.14  0.27  0.54  0.82  1.37  2.74  4.04  5.06  6.74  7.88  7.97  7.55  6.58  5.91  4.74  3.23  2.01  1.72  1.12  0.64  0.46  0.30  0.11  0.06  0.04  0.04
 5  60  0.03  0.08  0.14  0.27  0.55  0.82  1.37  2.76  4.06  5.09  6.71  7.72  7.70  7.16  6.24  5.62  4.71  3.37  2.22  1.88  1.25  0.72  0.53  0.34  0.12  0.06  0.05  0.04
 5  65  0.03  0.08  0.13  0.27  0.54  0.80  1.34  2.71  3.98  4.98  6.56  7.40  7.27  6.66  5.76  5.13  4.35  3.36  2.39  2.05  1.41  0.83  0.62  0.41  0.13  0.06  0.05  0.04
 5  70  0.03  0.08  0.13  0.26  0.52  0.79  1.32  2.65  3.90  4.88  6.41  7.09  6.84  6.16  5.28  4.65  3.99  3.35  2.57  2.22  1.58  0.95  0.71  0.47  0.29  0.07  0.05  0.04
 5  75  0.03  0.08  0.13  0.26  0.52  0.79  1.32  2.66  3.95  4.96  6.44  6.87  6.47  5.73  5.08  4.61  4.09  3.43  2.62  2.27  1.63  0.98  0.72  0.47  0.29  0.07  0.05  0.04
 5  80  0.03  0.08  0.13  0.26  0.52  0.79  1.32  2.66  4.00  5.05  6.49  6.66  6.10  5.29  4.88  4.57  4.21  3.50  2.66  2.30  1.66  1.00  0.72  0.46  0.28  0.07  0.05  0.04
 5  85  0.03  0.08  0.13  0.26  0.52  0.79  1.32  2.67  4.02  5.07  6.52  6.69  6.12  5.30  4.89  4.58  4.21  3.51  2.66  2.30  1.66  1.00  0.72  0.46  0.28  0.08  0.05  0.04
 5  90  0.03  0.08  0.13  0.26  0.53  0.79  1.32  2.68  4.03  5.10  6.55  6.72  6.14  5.32  4.90  4.59  4.22  3.51  2.66  2.30  1.66  1.00  0.72  0.46  0.28  0.08  0.05  0.04
 6 -90  0.06  0.18  0.30  0.59  1.20  1.82  3.08  6.45  7.20  7.51  6.73  5.04  4.29  3.90  3.41  3.12  3.00  2.92  2.18  1.89  1.36  0.49  0.21  0.12  0.06  0.03  0.03  0.03
 6 -85  0.06  0.18  0.30  0.59  1.20  1.82  3.08  6.46  7.20  7.51  6.72  5.03  4.29  3.90  3.41  3.12  3.00  2.92  2.18  1.90  1.36  0.49  0.21  0.13  0.07  0.03  0.03  0.03
 6 -80  0.06  0.18  0.30  0.59  1.20  1.82  3.09  6.46  7.21  7.50  6.72  5.03  4.28  3.90  3.42  3.12  3.00  2.92  2.18  1.90  1.36  0.49  0.21  0.13  0.06  0.03  0.03  0.03
 6 -75  0.06  0.18  0.29  0.59  1.19  1.81  3.07  6.42  7.23  7.58  7.06  5.56  4.84  4.34  3.79  3.35  3.10  2.89  2.13  1.86  1.36  0.48  0.21  0.13  0.07  0.03  0.03  0.03
 6 -70  0.06  0.17  0.29  0.59  1.18  1.79  3.03  6.31  7.23  7.64  7.35  6.11  5.42  4.81  4.23  3.65  3.22  2.85  2.08  1.80  1.32  0.47  0.20  0.13  0.07  0.03  0.03  0.03
 6 -65  0.06  0.17  0.29  0.58  1.16  1.76  2.97  6.18  7.30  7.79  7.45  6.32  5.64  5.01  4.72  4.30  3.69  2.89  2.04  1.73  1.20  0.47  0.24  0.13  0.07  0.03  0.03  0.03
 6 -60  0.06  0.17  0.28  0.57  1.14  1.72  2.91  6.03  7.34  7.90  7.50  6.53  5.87  5.23  5.14  4.91  4.18  2.97  1.99  1.66  1.09  0.46  0.27  0.13  0.07  0.03  0.03  0.03
 6 -55  0.05  0.16  0.27  0.55  1.11  1.68  2.83  5.82  7.46  8.16  7.74  6.88  6.15  5.53  5.44  5.45  4.51  2.88  1.78  1.48  0.91  0.39  0.27  0.12  0.06  0.03  0.03  0.03
 6 -50  0.05  0.16  0.27  0.55  1.10  1.66  2.81  5.77  7.71  8.67  8.09  7.28  6.56  5.90  5.80  5.99  4.78  2.68  1.57  1.28  0.74  0.34  0.27  0.11  0.06  0.03  0.03  0.03
 6 -45  0.05  0.15  0.25  0.50  1.01  1.52  2.56  5.24  7.36  8.49  8.46  7.95  7.42  6.72  6.24  5.94  4.68  2.60  1.50  1.20  0.65  0.31  0.24  0.09  0.05  0.03  0.03  0.02
 6 -40  0.04  0.13  0.22  0.45  0.90  1.36  2.28  4.66  6.79  8.08  8.60  8.38  7.91  7.30  6.38  5.86  4.64  2.50  1.39  1.10  0.59  0.27  0.20  0.08  0.04  0.03  0.03  0.02
 6 -35  0.04  0.12  0.20  0.41  0.82  1.23  2.07  4.22  6.15  7.36  8.23  8.48  8.35  7.79  6.85  6.23  4.67  2.27  1.15  0.90  0.47  0.22  0.11  0.06  0.04  0.03  0.03  0.02
 6 -30  0.04  0.11  0.18  0.37  0.74  1.12  1.87  3.81  5.66  6.87  7.95  8.59  8.61  8.22  7.24  6.60  4.77  2.13  0.91  0.70  0.32  0.15  0.06  0.04  0.03  0.03  0.03  0.02
 6 -25  0.04  0.11  0.18  0.36  0.72  1.08  1.82  3.70  5.41  6.52  7.72  8.66  8.99  8.68  7.49  6.75  4.58  1.98  0.72  0.55  0.23  0.06  0.04  0.03  0.03  0.03  0.03  0.02
 6 -20  0.03  0.10  0.17  0.35  0.70  1.06  1.77  3.61  5.40  6.59  7.70  8.67  9.23  9.39  7.85  6.89  4.38  1.76  0.55  0.39  0.13  0.04  0.03  0.02  0.02  0.02  0.03  0.02
 6 -15  0.03  0.10  0.17  0.34  0.68  1.02  1.70  3.45  5.11  6.36  7.76  8.96  9.37  9.61  8.03  6.85  4.16  1.64  0.50  0.36  0.13  0.03  0.02  0.02  0.02  0.02  0.02  0.02
 6 -10  0.03  0.10  0.17  0.34  0.68  1.02  1.70  3.45  4.99  6.23  7.70  8.89  9.43  9.68  8.09  6.83  4.06  1.55  0.48  0.34  0.13  0.03  0.02  0.02  0.02  0.02  0.02  0.02
 6  -5  0.03  0.10  0.17  0.34  0.67  1.01  1.69  3.41  4.82  5.93  7.74  8.87  9.17  9.57  8.23  7.04  4.19  1.54  0.43  0.32  0.13  0.02  0.02  0.02  0.02  0.02  0.02  0.02
 6   0  0.03  0.10  0.16  0.32  0.64  0.96  1.61  3.22  4.65  5.69  7.62  9.00  9.23  9.67  8.36  7.20  4.29  1.45  0.39  0.29  0.14  0.02  0.02  0.02  0.02  0.02  0.02  0.02
 6   5  0.03  0.10  0.16  0.32  0.65  0.97  1.62  3.26  4.68  5.65  7.45  8.93  9.48  9.74  8.22  7.21  4.45  1.58  0.47  0.35  0.18  0.02  0.02  0.02  0.02  0.02  0.02  0.02
 6  10  0.03  0.09  0.16  0.31  0.62  0.93  1.56  3.13  4.33  5.24  7.03  8.61  9.38  9.52  8.10  7.34  4.67  1.72  0.62  0.46  0.22  0.03  0.02  0.02  0.02  0.02  0.02  0.02
 6  15  0.03  0.09  0.16  0.31  0.62  0.94  1.56  3.14  4.40  5.41  7.19  8.70  9.25  9.22  7.81  7.05  4.60  1.86  0.71  0.54  0.25  0.03  0.02  0.02  0.02  0.03  0.03  0.02
 6  20  0.03  0.10  0.16  0.32  0.64  0.96  1.60  3.23  4.53  5.56  7.14  8.77  9.31  8.96  7.61  6.84  4.52  1.94  0.77  0.57  0.28  0.05  0.03  0.03  0.03  0.03  0.03  0.03
 6  25  0.03  0.09  0.16  0.31  0.62  0.94  1.57  3.16  4.40  5.41  7.07  8.54  8.92  8.74  7.64  6.87  4.63  2.06  0.84  0.63  0.31  0.07  0.04  0.03  0.03  0.03  0.03  0.03
 6  30  0.03  0.09  0.15  0.30  0.61  0.91  1.52  3.06  4.40  5.33  6.98  8.29  8.74  8.65  7.70  6.98  4.76  2.19  0.92  0.72  0.36  0.11  0.05  0.04  0.04  0.04  0.03  0.03
 6  35  0.03  0.09  0.15  0.30  0.60  0.91  1.52  3.07  4.41  5.37  7.03  8.28  8.72  8.58  7.53  6.76  4.71  2.46  1.15  0.90  0.47  0.16  0.07  0.05  0.04  0.04  0.04  0.03
 6  40  0.03  0.09  0.15  0.30  0.60  0.90  1.50  3.04  4.17  5.10  6.60  8.14  8.71  8.54  7.32  6.51  4.71  2.72  1.39  1.11  0.60  0.33  0.12  0.07  0.05  0.04  0.04  0.03
 6  45  0.03  0.09  0.14  0.29  0.58  0.86  1.44  2.91  4.12  5.06  6.68  8.00  8.40  8.16  7.03  6.32  4.73  2.84  1.50  1.26  0.80  0.41  0.28  0.10  0.06  0.05  0.04  0.04
 6  50  0.03  0.08  0.13  0.27  0.54  0.81  1.35  2.71  3.97  4.93  6.50  7.74  8.05  7.81  6.83  6.11  4.69  2.93  1.70  1.45  0.94  0.51  0.35  0.14  0.08  0.05  0.04  0.04
 6  55  0.03  0.08  0.13  0.26  0.52  0.77  1.29  2.59  3.74  4.62  6.18  7.37  7.67  7.35  6.42  5.77  4.49  2.98  1.82  1.56  1.02  0.56  0.40  0.17  0.09  0.05  0.04  0.04
 6  60  0.03  0.08  0.13  0.26  0.51  0.77  1.28  2.57  3.68  4.55  6.05  7.15  7.35  6.91  6.06  5.48  4.27  3.03  1.96  1.67  1.10  0.62  0.47  0.29  0.10  0.06  0.05  0.04
 6  65  0.02  0.07  0.12  0.25  0.49  0.74  1.24  2.48  3.57  4.42  5.91  6.89  6.97  6.42  5.55  4.93  3.90  2.97  2.09  1.80  1.22  0.69  0.54  0.34  0.11  0.06  0.05  0.04
 6  70  0.02  0.07  0.12  0.24  0.48  0.71  1.19  2.39  3.46  4.29  5.78  6.64  6.59  5.94  5.03  4.38  3.53  2.90  2.23  1.93  1.35  0.76  0.62  0.38  0.13  0.06  0.05  0.04
 6  75  0.02  0.07  0.11  0.23  0.46  0.69  1.15  2.32  3.41  4.26  5.83  6.56  6.36  5.61  4.79  4.21  3.54  2.92  2.28  1.99  1.42  0.80  0.64  0.40  0.14  0.07  0.05  0.04
 6  80  0.02  0.07  0.11  0.22  0.44  0.67  1.11  2.24  3.36  4.24  5.89  6.48  6.12  5.27  4.56  4.05  3.59  2.95  2.32  2.03  1.47  0.82  0.66  0.42  0.25  0.07  0.05  0.04
 6  85  0.02  0.07  0.11  0.22  0.44  0.67  1.11  2.25  3.38  4.27  5.92  6.50  6.15  5.28  4.57  4.06  3.59  2.96  2.32  2.03  1.47  0.82  0.66  0.42  0.25  0.07  0.05  0.04
 6  90  0.02  0.07  0.11  0.22  0.44  0.67  1.12  2.26  3.39  4.29  5.95  6.53  6.17  5.30  4.58  4.07  3.60  2.96  2.32  2.03  1.47  0.82  0.66  0.42  0.25  0.08  0.05  0.04
 7 -90  0.05  0.16  0.27  0.54  1.08  1.64  2.79  5.87  6.70  7.11  6.57  5.21  4.49  4.19  3.55  3.24  3.16  2.78  2.15  1.85  1.27  0.50  0.27  0.12  0.06  0.03  0.03  0.02
 7 -85  0.05  0.16  0.27  0.54  1.08  1.64  2.79  5.88  6.71  7.10  6.56  5.20  4.48  4.19  3.56  3.24  3.16  2.78  2.15  1.86  1.27  0.50  0.28  0.12  0.06  0.03  0.03  0.02
 7 -80  0.05  0.16  0.27  0.54  1.08  1.64  2.79  5.88  6.71  7.10  6.56  5.20  4.48  4.19  3.56  3.25  3.16  2.77  2.15  1.86  1.27  0.50  0.28  0.12  0.06  0.03  0.03  0.03
 7 -75  0.05  0.15  0.25  0.50  1.01  1.53  2.61  5.50  6.46  6.93  6.76  5.65  5.06  4.69  3.88  3.36  3.04  2.75  2.14  1.86  1.30  0.51  0.29  0.12  0.06  0.03  0.03  0.03
 7 -70  0.05  0.14  0.23  0.46  0.93  1.41  2.40  5.04  6.17  6.73  6.90  6.13  5.67  5.14  4.26  3.54  2.97  2.71  2.10  1.83  1.31  0.51  0.29  0.12  0.06  0.03  0.03  0.03
 7 -65  0.05  0.14  0.23  0.47  0.95  1.43  2.43  5.07  6.44  7.07  7.18  6.31  5.72  5.07  4.73  4.28  3.64  2.80  2.03  1.75  1.24  0.49  0.25  0.13  0.06  0.03  0.03  0.03
 7 -60  0.05  0.14  0.24  0.47  0.96  1.45  2.44  5.07  6.66  7.36  7.39  6.50  5.78  5.06  5.14  5.00  4.29  2.93  1.97  1.69  1.18  0.46  0.28  0.13  0.06  0.03  0.03  0.03
 7 -55  0.05  0.14  0.23  0.46  0.92  1.39  2.34  4.82  6.68  7.51  7.62  6.93  6.10  5.38  5.51  5.61  4.62  2.92  1.81  1.52  0.97  0.39  0.27  0.13  0.06  0.03  0.03  0.03
 7 -50  0.05  0.14  0.23  0.46  0.92  1.39  2.34  4.79  6.82  7.93  7.96  7.37  6.55  5.76  5.87  6.23  4.91  2.79  1.63  1.34  0.78  0.33  0.27  0.12  0.06  0.03  0.03  0.03
 7 -45  0.04  0.13  0.22  0.44  0.89  1.34  2.25  4.60  6.72  7.91  8.35  8.03  7.49  6.73  6.35  6.18  4.89  2.80  1.60  1.29  0.69  0.30  0.23  0.11  0.06  0.03  0.03  0.03
 7 -40  0.04  0.12  0.21  0.42  0.84  1.26  2.11  4.31  6.32  7.64  8.41  8.37  7.94  7.35  6.52  6.13  4.91  2.79  1.56  1.24  0.64  0.26  0.20  0.10  0.05  0.03  0.03  0.03
 7 -35  0.04  0.12  0.19  0.39  0.78  1.18  1.98  4.04  5.90  7.10  8.10  8.44  8.34  7.79  6.81  6.21  4.80  2.54  1.35  1.05  0.52  0.22  0.16  0.08  0.05  0.03  0.03  0.03
 7 -30  0.04  0.11  0.18  0.37  0.73  1.11  1.86  3.78  5.59  6.78  7.88  8.52  8.55  8.14  6.97  6.26  4.75  2.41  1.12  0.86  0.38  0.16  0.07  0.05  0.04  0.03  0.03  0.03
 7 -25  0.04  0.11  0.18  0.36  0.73  1.09  1.84  3.74  5.50  6.61  7.75  8.57  8.85  8.50  7.25  6.52  4.59  2.16  0.89  0.67  0.27  0.06  0.04  0.03  0.03  0.03  0.03  0.03
 7 -20  0.04  0.11  0.18  0.36  0.72  1.09  1.82  3.72  5.58  6.74  7.85  8.65  9.05  9.10  7.64  6.78  4.40  1.88  0.65  0.47  0.16  0.04  0.03  0.02  0.02  0.02  0.03  0.03
 7 -15  0.03  0.10  0.17  0.34  0.69  1.04  1.74  3.52  5.27  6.62  8.03  9.01  9.28  9.46  8.02  6.89  4.09  1.67  0.58  0.41  0.16  0.03  0.02  0.02  0.02  0.02  0.02  0.03
 7 -10  0.03  0.10  0.17  0.34  0.68  1.03  1.73  3.50  5.16  6.48  8.04  9.09  9.42  9.50  8.20  7.03  3.91  1.50  0.51  0.38  0.15  0.03  0.02  0.02  0.02  0.02  0.02  0.02
 7  -5  0.03  0.10  0.17  0.34  0.68  1.02  1.71  3.46  4.94  6.10  8.02  9.14  9.17  9.38  8.25  6.99  4.10  1.54  0.49  0.37  0.16  0.03  0.02  0.02  0.02  0.02  0.02  0.02
 7   0  0.03  0.09  0.16  0.32  0.63  0.95  1.58  3.17  4.62  5.64  7.67  9.03  8.97  9.30  8.21  6.92  4.28  1.53  0.48  0.36  0.17  0.03  0.02  0.02  0.02  0.02  0.02  0.02
 7   5  0.03  0.10  0.16  0.32  0.65  0.97  1.63  3.28  4.71  5.74  7.56  9.12  9.46  9.54  8.24  7.13  4.47  1.71  0.56  0.42  0.20  0.03  0.02  0.02  0.02  0.02  0.02  0.02
 7  10  0.03  0.09  0.16  0.32  0.63  0.95  1.58  3.18  4.46  5.45  7.24  8.87  9.57  9.61  8.25  7.43  4.73  1.86  0.72  0.52  0.23  0.03  0.02  0.02  0.02  0.02  0.02  0.02
 7  15  0.03  0.10  0.16  0.32  0.64  0.96  1.60  3.22  4.52  5.62  7.36  8.95  9.52  9.44  8.02  7.26  4.77  1.96  0.78  0.59  0.24  0.03  0.02  0.02  0.02  0.03  0.02  0.02
 7  20  0.03  0.10  0.16  0.33  0.66  0.99  1.65  3.33  4.72  5.81  7.37  8.92  9.48  9.11  7.82  7.11  4.73  2.02  0.83  0.59  0.25  0.04  0.03  0.03  0.03  0.03  0.03  0.02
 7  25  0.03  0.10  0.16  0.32  0.64  0.97  1.61  3.26  4.54  5.62  7.35  8.72  9.08  8.90  7.69  6.86  4.65  2.12  0.89  0.64  0.27  0.06  0.04  0.03  0.03  0.03  0.03  0.03
 7  30  0.03  0.09  0.16  0.31  0.63  0.95  1.58  3.18  4.53  5.48  7.17  8.44  8.87  8.74  7.57  6.67  4.58  2.27  0.97  0.73  0.30  0.08  0.04  0.04  0.04  0.04  0.03  0.03
 7  35  0.03  0.09  0.16  0.31  0.62  0.94  1.57  3.17  4.54  5.49  7.14  8.37  8.75  8.59  7.45  6.55  4.54  2.42  1.12  0.87  0.39  0.11  0.06  0.04  0.04  0.04  0.04  0.03
 7  40  0.03  0.09  0.15  0.31  0.61  0.92  1.54  3.10  4.26  5.23  6.76  8.15  8.64  8.48  7.29  6.46  4.58  2.59  1.29  1.03  0.52  0.16  0.08  0.06  0.05  0.04  0.04  0.03
 7  45  0.03  0.09  0.15  0.29  0.59  0.89  1.48  2.99  4.20  5.15  6.69  7.85  8.21  7.98  6.89  6.20  4.59  2.69  1.40  1.17  0.72  0.33  0.13  0.08  0.06  0.04  0.04  0.03
 7  50  0.03  0.08  0.14  0.28  0.55  0.83  1.39  2.78  4.04  4.98  6.46  7.56  7.85  7.60  6.66  5.96  4.54  2.78  1.56  1.32  0.85  0.44  0.30  0.11  0.07  0.05  0.04  0.04
 7  55  0.03  0.08  0.13  0.26  0.52  0.78  1.31  2.62  3.76  4.61  6.08  7.14  7.40  7.08  6.15  5.50  4.31  2.77  1.66  1.43  0.95  0.50  0.36  0.14  0.08  0.05  0.04  0.04
 7  60  0.03  0.08  0.13  0.26  0.51  0.77  1.28  2.56  3.66  4.50  5.92  6.89  7.07  6.63  5.73  5.09  4.07  2.74  1.77  1.53  1.04  0.56  0.42  0.16  0.09  0.06  0.05  0.04
 7  65  0.02  0.07  0.12  0.24  0.49  0.73  1.23  2.46  3.51  4.33  5.74  6.59  6.64  6.10  5.16  4.49  3.61  2.64  1.85  1.62  1.13  0.60  0.47  0.29  0.10  0.06  0.05  0.04
 7  70  0.02  0.07  0.12  0.23  0.47  0.70  1.17  2.36  3.38  4.18  5.57  6.29  6.22  5.57  4.59  3.89  3.15  2.54  1.94  1.71  1.22  0.65  0.51  0.33  0.11  0.06  0.05  0.04
 7  75  0.02  0.07  0.11  0.22  0.45  0.67  1.12  2.26  3.31  4.14  5.58  6.15  5.94  5.20  4.33  3.71  3.09  2.54  2.00  1.76  1.25  0.65  0.54  0.34  0.12  0.06  0.05  0.04
 7  80  0.02  0.06  0.11  0.21  0.43  0.64  1.07  2.16  3.24  4.10  5.60  6.03  5.66  4.82  4.07  3.54  3.07  2.58  2.06  1.81  1.28  0.66  0.55  0.35  0.13  0.07  0.05  0.04
 7  85  0.02  0.06  0.11  0.21  0.43  0.64  1.08  2.17  3.26  4.12  5.63  6.05  5.68  4.84  4.08  3.55  3.08  2.58  2.06  1.80  1.28  0.66  0.55  0.35  0.15  0.07  0.05  0.04
 7  90  0.02  0.06  0.11  0.21  0.43  0.64  1.08  2.18  3.27  4.14  5.67  6.08  5.70  4.85  4.09  3.56  3.09  2.58  2.06  1.80  1.28  0.66  0.55  0.35  0.15  0.07  0.05  0.04
 8 -90  0.04  0.12  0.21  0.42  0.84  1.28  2.17  4.55  5.78  6.37  6.75  6.14  5.64  5.05  3.87  3.07  3.28  3.11  2.39  2.02  1.35  0.52  0.29  0.13  0.07  0.03  0.03  0.02
 8 -85  0.04  0.12  0.21  0.42  0.84  1.28  2.17  4.56  5.79  6.37  6.74  6.14  5.63  5.05  3.87  3.07  3.28  3.11  2.39  2.02  1.35  0.52  0.30  0.13  0.07  0.03  0.03  0.03
 8 -80  0.04  0.12  0.21  0.42  0.84  1.28  2.17  4.56  5.79  6.37  6.74  6.13  5.63  5.06  3.88  3.08  3.28  3.10  2.39  2.02  1.35  0.52  0.30  0.12  0.06  0.03  0.03  0.03
 8 -75  0.04  0.12  0.21  0.42  0.84  1.28  2.17  4.54  5.86  6.45  6.82  6.10  5.59  5.06  4.09  3.36  3.39  3.14  2.43  2.07  1.41  0.55  0.31  0.12  0.06  0.03  0.03  0.03
 8 -70  0.04  0.12  0.21  0.41  0.83  1.26  2.13  4.43  5.87  6.49  6.90  6.13  5.58  5.02  4.34  3.68  3.47  3.13  2.41  2.07  1.45  0.56  0.32  0.13  0.06  0.03  0.03  0.03
 8 -65  0.04  0.12  0.20  0.40  0.80  1.21  2.04  4.22  5.86  6.58  7.14  6.55  5.87  5.18  4.87  4.44  3.92  3.14  2.24  1.91  1.31  0.52  0.35  0.14  0.07  0.03  0.03  0.03
 8 -60  0.04  0.12  0.19  0.39  0.78  1.18  1.98  4.07  5.83  6.69  7.37  6.96  6.17  5.40  5.37  5.19  4.38  3.19  2.07  1.75  1.15  0.48  0.30  0.15  0.07  0.04  0.03  0.03
 8 -55  0.04  0.11  0.19  0.38  0.77  1.16  1.95  3.98  5.81  6.89  7.62  7.48  6.66  5.87  5.65  5.63  4.71  3.23  1.90  1.59  1.00  0.41  0.29  0.15  0.07  0.04  0.03  0.03
 8 -50  0.04  0.12  0.19  0.39  0.78  1.18  1.97  4.02  6.02  7.21  8.00  7.95  7.21  6.30  5.98  6.08  5.08  3.20  1.75  1.45  0.87  0.36  0.28  0.15  0.07  0.04  0.03  0.03
 8 -45  0.04  0.12  0.20  0.39  0.79  1.19  1.99  4.06  6.10  7.28  8.33  8.42  7.96  7.16  6.43  6.10  5.06  3.14  1.70  1.41  0.80  0.34  0.26  0.13  0.06  0.03  0.03  0.03
 8 -40  0.04  0.12  0.19  0.39  0.78  1.18  1.98  4.02  5.85  7.21  8.30  8.58  8.20  7.59  6.59  6.08  5.06  3.06  1.70  1.38  0.78  0.31  0.24  0.12  0.06  0.03  0.03  0.03
 8 -35  0.04  0.11  0.19  0.37  0.75  1.13  1.90  3.85  5.63  6.83  8.08  8.60  8.50  7.92  6.84  6.20  4.89  2.77  1.46  1.16  0.63  0.25  0.19  0.10  0.06  0.03  0.03  0.03
 8 -30  0.04  0.11  0.18  0.36  0.72  1.08  1.81  3.67  5.46  6.65  7.94  8.67  8.65  8.12  6.93  6.25  4.77  2.59  1.20  0.94  0.45  0.19  0.08  0.06  0.04  0.03  0.03  0.03
 8 -25  0.04  0.11  0.18  0.36  0.71  1.08  1.80  3.67  5.45  6.59  7.86  8.75  8.96  8.47  7.19  6.47  4.62  2.26  0.93  0.70  0.31  0.06  0.04  0.03  0.03  0.03  0.03  0.03
 8 -20  0.04  0.11  0.18  0.35  0.71  1.07  1.79  3.66  5.52  6.64  7.94  8.93  9.25  9.07  7.58  6.70  4.45  1.96  0.64  0.46  0.16  0.04  0.03  0.02  0.02  0.03  0.03  0.03
 8 -15  0.03  0.10  0.17  0.34  0.67  1.01  1.69  3.42  5.17  6.55  8.07  9.23  9.56  9.60  8.07  6.87  4.11  1.73  0.59  0.42  0.14  0.03  0.02  0.02  0.02  0.02  0.03  0.03
 8 -10  0.03  0.10  0.16  0.33  0.66  0.99  1.66  3.36  5.01  6.32  8.04  9.33  9.69  9.63  8.32  7.06  3.89  1.53  0.53  0.38  0.12  0.03  0.02  0.02  0.02  0.02  0.02  0.03
 8  -5  0.03  0.10  0.16  0.33  0.66  0.99  1.65  3.32  4.78  5.93  8.00  9.41  9.45  9.52  8.50  7.16  4.06  1.57  0.52  0.38  0.12  0.03  0.02  0.02  0.02  0.02  0.02  0.02
 8   0  0.03  0.09  0.15  0.30  0.61  0.91  1.51  3.02  4.38  5.34  7.45  9.08  9.03  9.30  8.53  7.27  4.23  1.60  0.51  0.38  0.14  0.03  0.02  0.02  0.02  0.02  0.02  0.02
 8   5  0.03  0.09  0.16  0.32  0.63  0.95  1.58  3.18  4.57  5.59  7.48  9.33  9.62  9.61  8.53  7.35  4.43  1.73  0.59  0.42  0.16  0.03  0.02  0.02  0.02  0.02  0.02  0.02
 8  10  0.03  0.09  0.16  0.31  0.62  0.93  1.56  3.13  4.48  5.50  7.31  9.13  9.85  9.85  8.47  7.49  4.70  1.83  0.72  0.51  0.20  0.02  0.02  0.02  0.02  0.02  0.02  0.02
 8  15  0.03  0.10  0.16  0.32  0.64  0.96  1.60  3.21  4.56  5.73  7.44  9.20  9.84  9.75  8.22  7.34  4.74  1.91  0.78  0.58  0.21  0.03  0.02  0.02  0.02  0.02  0.02  0.02
 8  20  0.03  0.10  0.16  0.33  0.66  0.99  1.66  3.35  4.86  6.04  7.60  9.10  9.67  9.33  7.94  7.17  4.68  1.97  0.83  0.59  0.23  0.03  0.03  0.02  0.03  0.03  0.03  0.02
 8  25  0.03  0.10  0.16  0.32  0.65  0.97  1.63  3.28  4.69  5.88  7.68  8.96  9.31  9.09  7.77  6.92  4.60  2.05  0.88  0.62  0.24  0.05  0.03  0.03  0.03  0.03  0.03  0.03
 8  30  0.03  0.10  0.16  0.32  0.65  0.97  1.62  3.26  4.71  5.74  7.48  8.69  9.07  8.84  7.61  6.70  4.53  2.20  0.93  0.70  0.28  0.06  0.04  0.03  0.03  0.03  0.03  0.03
 8  35  0.03  0.10  0.16  0.32  0.64  0.97  1.62  3.26  4.74  5.76  7.43  8.58  8.84  8.62  7.46  6.54  4.47  2.28  1.04  0.79  0.35  0.09  0.05  0.04  0.04  0.04  0.03  0.03
 8  40  0.03  0.09  0.16  0.32  0.63  0.95  1.59  3.20  4.48  5.56  7.15  8.32  8.66  8.41  7.26  6.44  4.51  2.41  1.17  0.93  0.46  0.12  0.07  0.05  0.04  0.04  0.04  0.03
 8  45  0.03  0.09  0.15  0.31  0.62  0.93  1.55  3.13  4.45  5.49  6.99  7.90  8.09  7.78  6.74  6.08  4.43  2.51  1.34  1.11  0.68  0.29  0.10  0.06  0.05  0.04  0.04  0.03
 8  50  0.03  0.09  0.15  0.30  0.59  0.89  1.49  2.99  4.35  5.38  6.77  7.62  7.71  7.36  6.45  5.80  4.30  2.63  1.53  1.29  0.82  0.40  0.25  0.09  0.06  0.05  0.04  0.04
 8  55  0.03  0.08  0.14  0.28  0.56  0.84  1.40  2.80  4.07  5.04  6.40  7.17  7.19  6.77  5.94  5.39  4.05  2.66  1.65  1.40  0.90  0.45  0.29  0.12  0.07  0.05  0.04  0.04
 8  60  0.03  0.08  0.14  0.27  0.54  0.82  1.36  2.73  3.97  4.94  6.28  6.94  6.86  6.30  5.54  5.03  3.76  2.65  1.77  1.50  0.97  0.47  0.32  0.14  0.08  0.05  0.04  0.04
 8  65  0.03  0.08  0.13  0.26  0.53  0.79  1.32  2.65  3.86  4.80  6.07  6.53  6.32  5.67  4.94  4.44  3.40  2.54  1.82  1.56  1.03  0.51  0.36  0.21  0.09  0.05  0.04  0.04
 8  70  0.03  0.08  0.13  0.26  0.51  0.77  1.28  2.57  3.75  4.66  5.86  6.13  5.78  5.05  4.35  3.86  3.04  2.42  1.87  1.62  1.09  0.54  0.40  0.24  0.10  0.05  0.04  0.04
 8  75  0.03  0.08  0.13  0.25  0.50  0.76  1.26  2.54  3.71  4.62  5.67  5.65  5.17  4.41  3.88  3.52  2.96  2.38  1.89  1.65  1.12  0.56  0.41  0.25  0.11  0.06  0.04  0.04
 8  80  0.02  0.07  0.12  0.25  0.50  0.74  1.24  2.50  3.67  4.58  5.48  5.18  4.56  3.77  3.42  3.18  2.91  2.39  1.93  1.69  1.16  0.58  0.42  0.26  0.12  0.06  0.05  0.04
 8  85  0.02  0.07  0.12  0.25  0.50  0.74  1.24  2.51  3.68  4.60  5.51  5.21  4.58  3.78  3.43  3.19  2.92  2.39  1.93  1.69  1.16  0.58  0.42  0.27  0.12  0.06  0.05  0.04
 8  90  0.02  0.07  0.12  0.25  0.50  0.75  1.25  2.52  3.70  4.62  5.54  5.23  4.60  3.79  3.44  3.20  2.93  2.39  1.93  1.69  1.16  0.58  0.42  0.27  0.13  0.07  0.05  0.04
 9 -90  0.04  0.11  0.18  0.37  0.74  1.11  1.88  3.90  5.61  6.45  6.74  5.84  5.29  4.82  4.17  3.57  3.80  3.32  2.44  2.04  1.39  0.56  0.32  0.13  0.06  0.03  0.03  0.03
 9 -85  0.04  0.11  0.18  0.37  0.74  1.11  1.88  3.90  5.62  6.45  6.73  5.84  5.28  4.83  4.17  3.57  3.80  3.32  2.44  2.04  1.39  0.56  0.33  0.13  0.07  0.03  0.03  0.03
 9 -80  0.04  0.11  0.18  0.37  0.74  1.11  1.88  3.91  5.63  6.45  6.72  5.83  5.28  4.83  4.17  3.57  3.80  3.32  2.45  2.04  1.39  0.56  0.34  0.14  0.07  0.03  0.03  0.03
 9 -75  0.04  0.11  0.18  0.36  0.72  1.08  1.83  3.77  5.49  6.33  6.94  6.28  5.62  5.00  4.43  3.85  3.84  3.47  2.59  2.16  1.49  0.60  0.35  0.14  0.07  0.04  0.03  0.03
 9 -70  0.03  0.10  0.17  0.35  0.69  1.05  1.77  3.63  5.30  6.19  7.13  6.75  5.98  5.23  4.67  4.12  3.65  3.44  2.62  2.19  1.53  0.63  0.37  0.15  0.07  0.04  0.03  0.03
 9 -65  0.03  0.10  0.17  0.34  0.69  1.03  1.74  3.56  5.27  6.31  7.37  7.32  6.54  5.73  5.32  4.92  3.94  3.42  2.49  2.10  1.43  0.60  0.31  0.16  0.07  0.04  0.03  0.03
 9 -60  0.03  0.10  0.17  0.35  0.69  1.05  1.76  3.59  5.33  6.43  7.60  7.82  7.10  6.32  5.95  5.71  4.39  3.47  2.34  1.98  1.30  0.57  0.32  0.17  0.08  0.04  0.03  0.03
 9 -55  0.04  0.11  0.18  0.35  0.71  1.06  1.78  3.63  5.39  6.53  7.74  8.16  7.53  6.72  6.14  5.97  4.73  3.41  2.07  1.72  1.04  0.48  0.30  0.17  0.08  0.04  0.03  0.03
 9 -50  0.04  0.11  0.18  0.36  0.71  1.07  1.80  3.65  5.54  6.70  7.95  8.46  7.95  7.03  6.40  6.25  5.17  3.38  1.89  1.53  0.84  0.40  0.27  0.16  0.08  0.04  0.03  0.03
 9 -45  0.04  0.11  0.18  0.36  0.72  1.08  1.81  3.67  5.57  6.74  8.24  8.82  8.48  7.69  6.70  6.26  5.15  3.30  1.83  1.48  0.77  0.37  0.25  0.15  0.07  0.04  0.03  0.03
 9 -40  0.04  0.11  0.18  0.36  0.72  1.08  1.81  3.67  5.38  6.74  8.22  8.87  8.55  7.84  6.78  6.21  5.10  3.19  1.84  1.46  0.76  0.34  0.25  0.13  0.07  0.04  0.03  0.03
 9 -35  0.03  0.10  0.17  0.35  0.69  1.05  1.75  3.55  5.22  6.40  8.00  8.86  8.81  8.19  6.98  6.29  4.93  2.85  1.57  1.22  0.59  0.26  0.20  0.10  0.06  0.04  0.03  0.03
 9 -30  0.03  0.10  0.17  0.33  0.67  1.01  1.69  3.41  5.11  6.26  7.88  8.96  8.99  8.35  7.04  6.29  4.79  2.61  1.29  0.97  0.40  0.17  0.08  0.06  0.05  0.04  0.03  0.03
 9 -25  0.03  0.10  0.17  0.34  0.67  1.01  1.70  3.45  5.14  6.27  7.80  8.98  9.21  8.65  7.26  6.49  4.72  2.32  1.08  0.79  0.30  0.06  0.04  0.04  0.03  0.03  0.03  0.03
 9 -20  0.03  0.10  0.17  0.33  0.67  1.00  1.68  3.41  5.15  6.21  7.77  9.16  9.53  9.19  7.64  6.71  4.62  2.11  0.85  0.60  0.19  0.04  0.03  0.03  0.03  0.03  0.03  0.03
 9 -15  0.03  0.09  0.16  0.32  0.63  0.95  1.59  3.20  4.83  6.12  7.76  9.30  9.81  9.75  8.12  6.86  4.26  1.85  0.72  0.50  0.16  0.03  0.02  0.02  0.02  0.03  0.03  0.03
 9 -10  0.03  0.09  0.15  0.31  0.62  0.93  1.54  3.10  4.61  5.84  7.66  9.28  9.79  9.71  8.34  7.04  4.00  1.59  0.58  0.41  0.13  0.03  0.02  0.02  0.02  0.02  0.03  0.03
 9  -5  0.03  0.09  0.15  0.31  0.62  0.92  1.54  3.09  4.44  5.51  7.65  9.37  9.56  9.60  8.50  7.05  4.12  1.62  0.57  0.41  0.13  0.02  0.02  0.02  0.02  0.02  0.02  0.02
 9   0  0.03  0.09  0.14  0.29  0.58  0.86  1.44  2.85  4.07  4.98  7.02  8.93  9.04  9.32  8.48  7.11  4.23  1.65  0.56  0.40  0.14  0.02  0.02  0.02  0.02  0.02  0.02  0.02
 9   5  0.03  0.09  0.15  0.30  0.61  0.91  1.52  3.04  4.33  5.34  7.21  9.29  9.61  9.63  8.60  7.29  4.42  1.75  0.61  0.43  0.15  0.02  0.02  0.02  0.02  0.02  0.02  0.02
 9  10  0.03  0.09  0.15  0.30  0.61  0.91  1.52  3.05  4.39  5.45  7.19  9.14  9.88  9.96  8.63  7.52  4.65  1.82  0.69  0.49  0.17  0.02  0.02  0.02  0.02  0.02  0.02  0.02
 9  15  0.03  0.09  0.16  0.31  0.62  0.94  1.56  3.14  4.49  5.69  7.33  9.19  9.92  9.92  8.37  7.40  4.68  1.82  0.73  0.53  0.18  0.02  0.02  0.02  0.02  0.02  0.02  0.02
 9  20  0.03  0.10  0.16  0.32  0.65  0.97  1.63  3.28  4.85  6.10  7.62  9.08  9.73  9.48  8.04  7.22  4.61  1.83  0.74  0.53  0.19  0.03  0.02  0.02  0.02  0.03  0.03  0.02
 9  25  0.03  0.09  0.16  0.32  0.63  0.95  1.59  3.19  4.70  5.96  7.77  9.02  9.43  9.20  7.88  7.14  4.61  1.87  0.77  0.55  0.19  0.04  0.03  0.03  0.03  0.03  0.03  0.03
 9  30  0.03  0.10  0.16  0.32  0.64  0.96  1.60  3.21  4.73  5.85  7.58  8.80  9.18  8.86  7.81  7.08  4.61  1.99  0.80  0.59  0.22  0.06  0.03  0.03  0.03  0.03  0.03  0.03
 9  35  0.03  0.10  0.16  0.32  0.64  0.97  1.62  3.26  4.85  5.97  7.62  8.68  8.83  8.56  7.51  6.68  4.47  2.11  0.96  0.72  0.31  0.07  0.04  0.03  0.03  0.03  0.03  0.03
 9  40  0.03  0.10  0.16  0.32  0.65  0.97  1.62  3.26  4.72  5.92  7.54  8.45  8.54  8.18  7.12  6.37  4.45  2.33  1.18  0.92  0.44  0.11  0.06  0.04  0.04  0.03  0.03  0.03
 9  45  0.03  0.10  0.16  0.32  0.65  0.98  1.63  3.29  4.76  5.93  7.33  7.89  7.81  7.41  6.49  5.93  4.35  2.45  1.39  1.14  0.67  0.28  0.09  0.06  0.05  0.04  0.03  0.03
 9  50  0.03  0.10  0.16  0.32  0.65  0.97  1.62  3.27  4.84  5.98  7.20  7.61  7.34  6.84  6.08  5.59  4.23  2.61  1.58  1.31  0.81  0.38  0.23  0.08  0.06  0.04  0.04  0.03
 9  55  0.03  0.09  0.16  0.31  0.62  0.93  1.56  3.12  4.65  5.78  6.89  7.09  6.68  6.15  5.52  5.16  4.04  2.65  1.69  1.41  0.89  0.45  0.27  0.11  0.07  0.04  0.04  0.03
 9  60  0.03  0.09  0.15  0.31  0.62  0.93  1.55  3.11  4.67  5.81  6.83  6.82  6.27  5.62  5.08  4.76  3.79  2.62  1.79  1.50  0.96  0.47  0.29  0.16  0.08  0.04  0.04  0.03
 9  65  0.03  0.09  0.16  0.31  0.63  0.94  1.57  3.15  4.70  5.80  6.59  6.34  5.70  5.02  4.48  4.15  3.43  2.48  1.83  1.56  1.01  0.50  0.31  0.18  0.08  0.05  0.04  0.03
 9  70  0.03  0.09  0.16  0.32  0.63  0.95  1.59  3.20  4.74  5.80  6.36  5.87  5.13  4.43  3.89  3.55  3.07  2.33  1.88  1.61  1.07  0.52  0.34  0.20  0.09  0.05  0.04  0.03
 9  75  0.03  0.10  0.16  0.32  0.64  0.96  1.60  3.22  4.59  5.47  5.70  5.14  4.49  3.92  3.65  3.50  2.99  2.28  1.86  1.60  1.06  0.52  0.34  0.21  0.09  0.05  0.04  0.03
 9  80  0.03  0.10  0.16  0.32  0.64  0.96  1.61  3.25  4.43  5.14  5.04  4.42  3.86  3.42  3.42  3.47  2.94  2.28  1.86  1.61  1.07  0.52  0.34  0.22  0.10  0.05  0.04  0.04
 9  85  0.03  0.10  0.16  0.32  0.64  0.96  1.61  3.26  4.44  5.16  5.07  4.45  3.88  3.43  3.43  3.48  2.94  2.28  1.87  1.61  1.07  0.52  0.34  0.22  0.10  0.05  0.04  0.04
 9  90  0.03  0.10  0.16  0.32  0.64  0.96  1.61  3.27  4.46  5.19  5.10  4.48  3.90  3.45  3.44  3.49  2.95  2.29  1.87  1.60  1.07  0.52  0.34  0.22  0.10  0.05  0.04  0.04
10 -90  0.03  0.09  0.14  0.29  0.58  0.88  1.48  3.01  4.44  5.51  6.83  7.02  6.26  5.41  4.97  4.68  4.32  3.49  2.38  1.99  1.39  0.61  0.36  0.15  0.07  0.04  0.03  0.03
10 -85  0.03  0.09  0.14  0.29  0.58  0.88  1.48  3.01  4.45  5.51  6.82  7.01  6.25  5.42  4.97  4.68  4.32  3.48  2.39  1.99  1.39  0.61  0.37  0.15  0.07  0.04  0.03  0.03
10 -80  0.03  0.09  0.14  0.29  0.58  0.88  1.48  3.02  4.46  5.50  6.81  7.00  6.25  5.42  4.98  4.68  4.32  3.48  2.39  1.99  1.39  0.61  0.38  0.16  0.07  0.04  0.03  0.03
10 -75  0.03  0.09  0.15  0.29  0.59  0.88  1.48  3.03  4.46  5.50  6.86  7.28  6.64  5.85  5.44  5.28  4.49  3.83  2.65  2.20  1.52  0.66  0.31  0.16  0.08  0.04  0.03  0.03
10 -70  0.03  0.09  0.15  0.29  0.59  0.88  1.48  3.03  4.45  5.49  6.89  7.56  7.05  6.30  5.86  5.82  4.57  3.90  2.74  2.28  1.56  0.69  0.33  0.17  0.08  0.04  0.03  0.03
10 -65  0.03  0.09  0.15  0.30  0.60  0.91  1.53  3.12  4.59  5.66  7.12  7.91  7.50  6.76  6.39  6.37  4.78  3.84  2.64  2.20  1.44  0.65  0.34  0.19  0.08  0.04  0.03  0.03
10 -60  0.03  0.09  0.15  0.31  0.62  0.94  1.58  3.21  4.76  5.87  7.37  8.25  7.93  7.18  6.92  6.95  5.23  3.87  2.50  2.08  1.30  0.59  0.34  0.20  0.09  0.04  0.03  0.03
10 -55  0.03  0.09  0.16  0.32  0.64  0.96  1.61  3.27  4.85  5.97  7.51  8.44  8.19  7.42  6.85  6.69  5.21  3.55  2.17  1.79  1.05  0.48  0.30  0.19  0.09  0.04  0.03  0.03
10 -50  0.03  0.09  0.16  0.32  0.64  0.96  1.61  3.27  4.92  6.06  7.68  8.66  8.43  7.56  6.79  6.47  5.29  3.43  2.00  1.61  0.88  0.38  0.26  0.19  0.09  0.04  0.03  0.03
10 -45  0.03  0.09  0.16  0.31  0.63  0.94  1.58  3.19  4.90  6.03  7.89  9.01  8.85  8.10  7.12  6.72  5.50  3.52  2.00  1.61  0.86  0.36  0.24  0.15  0.08  0.04  0.03  0.03
10 -40  0.03  0.09  0.16  0.31  0.63  0.95  1.58  3.19  4.79  6.07  7.92  9.09  8.92  8.12  7.33  6.92  5.64  3.56  2.10  1.68  0.89  0.35  0.25  0.11  0.06  0.04  0.03  0.03
10 -35  0.03  0.09  0.16  0.31  0.62  0.94  1.56  3.16  4.65  5.76  7.65  9.01  9.11  8.50  7.45  6.91  5.30  3.04  1.65  1.29  0.64  0.25  0.16  0.09  0.06  0.04  0.04  0.03
10 -30  0.03  0.09  0.15  0.30  0.61  0.92  1.54  3.10  4.62  5.67  7.52  9.10  9.30  8.65  7.47  6.83  4.99  2.58  1.19  0.89  0.37  0.14  0.09  0.06  0.05  0.04  0.04  0.03
10 -25  0.03  0.09  0.16  0.31  0.62  0.94  1.57  3.18  4.69  5.76  7.49  9.06  9.41  8.86  7.57  6.86  4.72  2.16  1.00  0.72  0.27  0.07  0.05  0.04  0.04  0.04  0.04  0.04
10 -20  0.03  0.09  0.15  0.31  0.62  0.93  1.55  3.14  4.69  5.66  7.37  9.21  9.73  9.32  7.84  6.92  4.46  1.85  0.78  0.54  0.16  0.04  0.03  0.03  0.03  0.03  0.04  0.04
10 -15  0.03  0.09  0.15  0.30  0.59  0.89  1.48  2.97  4.45  5.60  7.28  9.20  9.94  9.81  8.22  7.06  4.21  1.75  0.69  0.47  0.13  0.03  0.03  0.03  0.03  0.03  0.03  0.03
10 -10  0.03  0.09  0.14  0.29  0.57  0.86  1.43  2.85  4.22  5.34  7.17  9.05  9.72  9.68  8.39  7.21  4.03  1.62  0.57  0.39  0.11  0.03  0.02  0.02  0.02  0.03  0.03  0.03
10  -5  0.03  0.09  0.14  0.29  0.58  0.86  1.43  2.85  4.14  5.13  7.26  9.11  9.49  9.54  8.52  7.21  4.13  1.65  0.55  0.37  0.11  0.03  0.02  0.02  0.02  0.02  0.03  0.02
10   0  0.03  0.08  0.14  0.28  0.56  0.84  1.40  2.77  3.87  4.77  6.70  8.69  8.99  9.22  8.50  7.29  4.21  1.67  0.51  0.36  0.11  0.02  0.02  0.02  0.02  0.02  0.02  0.02
10   5  0.03  0.09  0.15  0.29  0.59  0.88  1.47  2.94  4.18  5.16  6.98  9.06  9.39  9.49  8.59  7.33  4.36  1.74  0.58  0.39  0.13  0.02  0.02  0.02  0.02  0.02  0.02  0.02
10  10  0.03  0.09  0.15  0.30  0.60  0.89  1.49  2.99  4.33  5.39  7.03  8.88  9.57  9.78  8.56  7.40  4.53  1.79  0.67  0.46  0.15  0.02  0.02  0.02  0.02  0.02  0.02  0.02
10  15  0.03  0.09  0.15  0.30  0.61  0.91  1.53  3.06  4.44  5.60  7.09  8.87  9.63  9.76  8.25  7.23  4.52  1.75  0.70  0.50  0.16  0.02  0.02  0.02  0.02  0.02  0.02  0.02
10  20  0.03  0.09  0.16  0.32  0.63  0.95  1.59  3.20  4.79  6.05  7.41  8.75  9.45  9.37  7.86  6.99  4.45  1.77  0.71  0.51  0.17  0.03  0.02  0.02  0.02  0.03  0.03  0.03
10  25  0.03  0.09  0.15  0.31  0.62  0.93  1.56  3.13  4.73  6.00  7.66  8.81  9.24  9.02  7.65  6.96  4.48  1.82  0.73  0.53  0.18  0.04  0.03  0.02  0.03  0.03  0.03  0.03
10  30  0.03  0.10  0.16  0.32  0.64  0.96  1.60  3.23  4.81  6.01  7.56  8.67  9.03  8.62  7.58  6.94  4.52  1.91  0.75  0.55  0.21  0.06  0.03  0.03  0.03  0.03  0.03  0.03
10  35  0.03  0.10  0.16  0.33  0.66  0.99  1.66  3.35  5.07  6.31  7.77  8.53  8.51  8.16  7.20  6.49  4.40  2.01  0.92  0.69  0.32  0.08  0.05  0.04  0.03  0.03  0.03  0.03
10  40  0.03  0.10  0.17  0.34  0.68  1.02  1.70  3.43  5.16  6.47  7.89  8.34  8.04  7.53  6.70  6.13  4.39  2.24  1.18  0.92  0.47  0.22  0.07  0.05  0.04  0.03  0.03  0.03
10  45  0.04  0.11  0.18  0.35  0.71  1.07  1.79  3.61  5.29  6.56  7.64  7.65  7.23  6.78  6.11  5.74  4.37  2.46  1.44  1.18  0.70  0.31  0.17  0.06  0.05  0.03  0.03  0.03
10  50  0.04  0.11  0.18  0.36  0.73  1.10  1.84  3.71  5.60  6.76  7.56  7.33  6.71  6.13  5.70  5.45  4.38  2.72  1.66  1.36  0.85  0.39  0.22  0.09  0.06  0.04  0.03  0.03
10  55  0.04  0.11  0.18  0.37  0.73  1.10  1.84  3.71  5.55  6.58  7.11  6.70  6.04  5.54  5.26  5.17  4.31  2.75  1.74  1.43  0.91  0.45  0.26  0.15  0.07  0.04  0.03  0.03
10  60  0.04  0.11  0.19  0.38  0.75  1.13  1.89  3.81  5.64  6.63  6.95  6.34  5.62  5.13  4.94  4.91  4.17  2.71  1.81  1.50  0.96  0.48  0.27  0.16  0.07  0.04  0.03  0.03
10  65  0.04  0.12  0.19  0.38  0.77  1.16  1.94  3.91  5.60  6.41  6.51  5.82  5.12  4.68  4.53  4.49  3.84  2.61  1.90  1.59  1.05  0.49  0.28  0.17  0.08  0.04  0.03  0.03
10  70  0.04  0.12  0.20  0.39  0.78  1.18  1.97  3.99  5.55  6.22  6.09  5.28  4.62  4.23  4.13  4.07  3.50  2.50  1.99  1.68  1.14  0.51  0.29  0.17  0.08  0.04  0.03  0.03
10  75  0.04  0.12  0.19  0.39  0.78  1.17  1.96  3.98  5.20  5.60  5.36  4.66  4.15  3.87  3.80  3.74  3.31  2.48  2.02  1.72  1.17  0.52  0.29  0.18  0.08  0.04  0.04  0.03
10  80  0.04  0.12  0.19  0.39  0.78  1.17  1.95  3.96  4.85  4.99  4.63  4.05  3.68  3.51  3.48  3.42  3.16  2.49  2.07  1.76  1.22  0.54  0.30  0.19  0.09  0.04  0.04  0.03
10  85  0.04  0.12  0.19  0.39  0.78  1.17  1.96  3.97  4.87  5.01  4.66  4.08  3.70  3.52  3.49  3.43  3.17  2.50  2.07  1.76  1.22  0.54  0.30  0.19  0.11  0.05  0.04  0.03
10  90  0.04  0.12  0.19  0.39  0.78  1.17  1.96  3.98  4.88  5.03  4.69  4.11  3.72  3.53  3.50  3.44  3.17  2.50  2.07  1.76  1.22  0.54  0.30  0.19  0.11  0.05  0.04  0.03
11 -90  0.02  0.07  0.12  0.25  0.50  0.75  1.27  2.57  3.67  4.56  6.30  7.29  7.13  6.40  5.95  6.05  5.16  3.94  2.76  2.29  1.53  0.65  0.31  0.16  0.09  0.04  0.03  0.02
11 -85  0.02  0.07  0.12  0.25  0.50  0.76  1.27  2.57  3.67  4.56  6.29  7.28  7.13  6.41  5.96  6.05  5.16  3.93  2.76  2.29  1.53  0.65  0.31  0.20  0.09  0.04  0.03  0.02
11 -80  0.02  0.07  0.12  0.25  0.50  0.76  1.27  2.58  3.68  4.56  6.28  7.28  7.12  6.41  5.96  6.05  5.16  3.93  2.76  2.29  1.53  0.65  0.31  0.16  0.09  0.04  0.03  0.02
11 -75  0.03  0.08  0.13  0.25  0.51  0.76  1.28  2.61  3.75  4.64  6.30  7.38  7.30  6.59  6.29  6.44  5.40  4.09  2.89  2.40  1.61  0.70  0.32  0.17  0.09  0.04  0.03  0.02
11 -70  0.03  0.08  0.13  0.26  0.51  0.77  1.30  2.65  3.82  4.71  6.32  7.47  7.47  6.77  6.60  6.80  5.58  4.07  2.87  2.40  1.60  0.72  0.34  0.18  0.09  0.04  0.03  0.03
11 -65  0.03  0.08  0.13  0.26  0.53  0.80  1.34  2.73  3.96  4.88  6.52  7.73  7.75  7.04  6.85  6.95  5.55  3.86  2.67  2.21  1.42  0.66  0.34  0.19  0.09  0.04  0.03  0.03
11 -60  0.03  0.08  0.14  0.27  0.55  0.83  1.39  2.83  4.11  5.06  6.74  7.98  8.03  7.31  7.10  7.13  5.55  3.69  2.43  2.01  1.22  0.60  0.33  0.19  0.10  0.04  0.03  0.03
11 -55  0.03  0.08  0.14  0.28  0.57  0.85  1.43  2.92  4.24  5.21  6.90  8.22  8.31  7.63  7.02  6.74  5.27  3.38  2.06  1.69  0.96  0.47  0.29  0.19  0.10  0.04  0.03  0.03
11 -50  0.03  0.08  0.14  0.28  0.57  0.86  1.44  2.93  4.29  5.28  7.03  8.48  8.59  7.84  6.88  6.37  5.11  3.24  1.84  1.47  0.76  0.35  0.24  0.18  0.09  0.04  0.03  0.03
11 -45  0.03  0.08  0.14  0.28  0.56  0.84  1.40  2.83  4.23  5.19  7.14  8.82  8.99  8.33  7.12  6.53  5.28  3.29  1.84  1.46  0.74  0.31  0.22  0.13  0.07  0.04  0.03  0.03
11 -40  0.03  0.08  0.14  0.28  0.55  0.83  1.39  2.79  4.21  5.27  7.23  8.97  9.15  8.40  7.34  6.69  5.34  3.30  1.93  1.53  0.77  0.31  0.22  0.10  0.06  0.04  0.03  0.03
11 -35  0.03  0.08  0.14  0.28  0.56  0.85  1.41  2.85  4.07  5.02  7.01  8.86  9.24  8.80  7.50  6.78  5.01  2.82  1.50  1.15  0.54  0.23  0.13  0.07  0.05  0.04  0.04  0.03
11 -30  0.03  0.08  0.14  0.28  0.56  0.85  1.41  2.84  4.14  5.04  6.96  8.95  9.43  8.94  7.59  6.82  4.68  2.36  1.05  0.76  0.30  0.14  0.08  0.06  0.04  0.04  0.04  0.03
11 -25  0.03  0.09  0.15  0.29  0.58  0.88  1.46  2.95  4.28  5.27  7.10  8.98  9.47  9.04  7.60  6.77  4.47  2.06  0.91  0.64  0.23  0.08  0.05  0.04  0.04  0.04  0.04  0.03
11 -20  0.03  0.09  0.14  0.29  0.58  0.87  1.45  2.91  4.32  5.23  7.04  9.17  9.79  9.36  7.78  6.76  4.28  1.87  0.75  0.51  0.14  0.05  0.04  0.03  0.03  0.03  0.04  0.03
11 -15  0.03  0.09  0.14  0.28  0.57  0.85  1.41  2.81  4.21  5.23  6.93  9.12 10.00  9.75  8.06  6.89  4.12  1.77  0.68  0.45  0.13  0.04  0.03  0.03  0.03  0.03  0.03  0.03
11 -10  0.03  0.08  0.14  0.28  0.55  0.83  1.37  2.72  4.00  5.07  6.90  8.93  9.66  9.61  8.18  7.04  4.00  1.63  0.57  0.39  0.12  0.03  0.03  0.02  0.02  0.03  0.03  0.03
11  -5  0.03  0.08  0.14  0.28  0.56  0.83  1.38  2.73  4.03  5.03  7.15  8.94  9.42  9.42  8.23  6.99  4.03  1.59  0.55  0.37  0.12  0.03  0.02  0.02  0.02  0.02  0.02  0.02
11   0  0.03  0.09  0.14  0.29  0.57  0.86  1.42  2.82  3.93  4.89  6.79  8.66  9.06  9.13  8.18  7.04  4.01  1.55  0.51  0.35  0.12  0.03  0.02  0.02  0.02  0.02  0.02  0.02
11   5  0.03  0.09  0.15  0.29  0.59  0.88  1.47  2.92  4.22  5.19  7.04  8.89  9.16  9.30  8.30  7.06  4.18  1.61  0.54  0.36  0.12  0.03  0.02  0.02  0.02  0.02  0.02  0.02
11  10  0.03  0.09  0.15  0.30  0.59  0.89  1.49  2.98  4.36  5.41  6.98  8.60  9.15  9.42  8.29  7.12  4.34  1.67  0.59  0.41  0.13  0.03  0.02  0.02  0.02  0.02  0.02  0.02
11  15  0.03  0.09  0.15  0.30  0.60  0.91  1.51  3.03  4.49  5.63  6.98  8.49  9.11  9.32  7.92  6.95  4.24  1.61  0.62  0.44  0.15  0.03  0.02  0.02  0.02  0.02  0.03  0.02
11  20  0.03  0.09  0.16  0.31  0.63  0.94  1.58  3.18  4.81  6.09  7.29  8.34  8.93  8.94  7.50  6.70  4.17  1.64  0.62  0.45  0.16  0.03  0.02  0.02  0.02  0.03  0.03  0.03
11  25  0.03  0.09  0.16  0.31  0.62  0.94  1.57  3.14  4.88  6.16  7.57  8.44  8.75  8.47  7.20  6.65  4.24  1.78  0.70  0.52  0.19  0.04  0.03  0.03  0.03  0.03  0.03  0.03
11  30  0.03  0.10  0.16  0.33  0.66  0.99  1.66  3.34  5.04  6.33  7.58  8.34  8.55  8.05  7.11  6.61  4.34  1.89  0.75  0.56  0.23  0.06  0.04  0.03  0.03  0.03  0.03  0.03
11  35  0.03  0.10  0.17  0.35  0.70  1.05  1.76  3.56  5.42  6.76  7.87  8.20  8.01  7.64  6.87  6.32  4.47  2.08  0.96  0.73  0.36  0.16  0.06  0.04  0.03  0.03  0.03  0.03
11  40  0.04  0.11  0.18  0.37  0.74  1.11  1.85  3.73  5.68  7.07  8.07  8.05  7.51  6.97  6.44  6.11  4.69  2.41  1.28  0.98  0.51  0.22  0.09  0.05  0.04  0.03  0.03  0.03
11  45  0.04  0.12  0.19  0.39  0.78  1.17  1.96  3.95  5.81  7.12  7.71  7.32  6.75  6.36  6.02  5.86  4.73  2.65  1.54  1.26  0.76  0.34  0.20  0.08  0.05  0.03  0.03  0.03
11  50  0.04  0.12  0.20  0.41  0.82  1.24  2.07  4.19  6.20  7.28  7.59  6.94  6.21  5.70  5.68  5.69  4.81  2.91  1.78  1.46  0.92  0.45  0.25  0.15  0.06  0.04  0.03  0.03
11  55  0.04  0.12  0.21  0.41  0.83  1.25  2.09  4.22  6.07  6.88  6.96  6.22  5.60  5.28  5.39  5.52  4.70  2.96  1.85  1.54  1.03  0.51  0.27  0.17  0.07  0.04  0.03  0.03
11  60  0.04  0.13  0.21  0.42  0.84  1.26  2.10  4.24  6.00  6.74  6.62  5.80  5.24  5.02  5.18  5.33  4.52  2.94  1.93  1.63  1.14  0.53  0.28  0.17  0.07  0.04  0.03  0.03
11  65  0.04  0.12  0.20  0.41  0.81  1.22  2.04  4.13  5.80  6.47  6.35  5.57  5.10  4.92  4.96  4.98  4.35  2.93  2.09  1.79  1.30  0.59  0.30  0.18  0.07  0.04  0.03  0.03
11  70  0.04  0.12  0.20  0.40  0.80  1.21  2.02  4.10  5.61  6.19  6.08  5.35  4.96  4.83  4.74  4.63  4.18  2.93  2.25  1.95  1.46  0.65  0.32  0.19  0.08  0.04  0.03  0.03
11  75  0.04  0.12  0.20  0.40  0.80  1.20  2.01  4.09  5.36  5.83  5.65  4.67  4.16  4.01  3.94  3.83  3.61  2.82  2.17  1.87  1.38  0.60  0.29  0.17  0.08  0.04  0.03  0.03
11  80  0.04  0.12  0.20  0.39  0.79  1.18  1.99  4.07  5.11  5.48  5.20  4.00  3.37  3.19  3.14  3.05  3.06  2.74  2.10  1.80  1.32  0.56  0.26  0.15  0.08  0.04  0.03  0.03
11  85  0.04  0.12  0.20  0.39  0.79  1.18  1.99  4.08  5.13  5.50  5.23  4.03  3.39  3.20  3.15  3.06  3.07  2.74  2.10  1.80  1.32  0.56  0.26  0.15  0.09  0.04  0.03  0.03
11  90  0.04  0.12  0.20  0.39  0.79  1.19  1.99  4.08  5.14  5.52  5.26  4.06  3.41  3.21  3.16  3.07  3.08  2.74  2.10  1.80  1.32  0.56  0.26  0.15  0.09  0.04  0.03  0.03
12 -90  0.02  0.07  0.11  0.22  0.45  0.67  1.13  2.29  3.29  4.08  5.78  6.98  6.87  6.06  5.61  5.40  4.99  3.62  2.57  2.15  1.38  0.65  0.33  0.18  0.08  0.05  0.03  0.02
12 -85  0.02  0.07  0.11  0.22  0.45  0.67  1.13  2.30  3.30  4.08  5.77  6.97  6.87  6.06  5.62  5.41  4.99  3.62  2.57  2.15  1.38  0.65  0.33  0.18  0.08  0.05  0.03  0.02
12 -80  0.02  0.07  0.11  0.22  0.45  0.67  1.13  2.31  3.30  4.08  5.76  6.97  6.86  6.06  5.62  5.41  4.99  3.62  2.57  2.15  1.38  0.65  0.33  0.18  0.08  0.04  0.03  0.02
12 -75  0.02  0.07  0.11  0.23  0.46  0.69  1.16  2.37  3.39  4.16  5.79  7.05  7.01  6.25  5.80  5.59  5.11  3.61  2.56  2.15  1.38  0.65  0.34  0.17  0.11  0.04  0.03  0.02
12 -70  0.02  0.07  0.12  0.23  0.47  0.71  1.19  2.44  3.48  4.25  5.82  7.13  7.16  6.43  5.98  5.77  5.20  3.56  2.49  2.10  1.34  0.63  0.34  0.18  0.10  0.04  0.03  0.02
12 -65  0.02  0.07  0.12  0.24  0.49  0.74  1.24  2.53  3.61  4.40  6.00  7.40  7.53  6.84  6.34  6.08  5.21  3.43  2.27  1.91  1.19  0.56  0.33  0.18  0.11  0.04  0.03  0.02
12 -60  0.03  0.08  0.13  0.25  0.51  0.77  1.29  2.64  3.76  4.56  6.19  7.66  7.89  7.26  6.71  6.40  5.23  3.31  2.07  1.73  1.03  0.49  0.31  0.18  0.11  0.04  0.03  0.02
12 -55  0.03  0.08  0.13  0.27  0.53  0.80  1.35  2.76  3.93  4.78  6.42  7.96  8.29  7.77  7.02  6.53  5.07  3.07  1.78  1.47  0.82  0.41  0.27  0.18  0.10  0.05  0.03  0.02
12 -50  0.03  0.08  0.13  0.27  0.54  0.81  1.37  2.79  4.00  4.90  6.57  8.26  8.69  8.19  7.25  6.66  5.00  2.89  1.55  1.24  0.64  0.32  0.22  0.17  0.09  0.04  0.03  0.03
12 -45  0.03  0.08  0.13  0.27  0.53  0.80  1.34  2.71  3.93  4.78  6.62  8.60  9.07  8.64  7.21  6.40  4.89  2.80  1.51  1.19  0.60  0.27  0.18  0.12  0.07  0.04  0.03  0.03
12 -40  0.03  0.08  0.13  0.26  0.53  0.80  1.33  2.67  3.96  4.90  6.82  8.83  9.32  8.79  7.24  6.17  4.67  2.67  1.53  1.21  0.61  0.24  0.16  0.08  0.05  0.04  0.03  0.03
12 -35  0.03  0.08  0.14  0.27  0.54  0.82  1.37  2.74  3.83  4.70  6.67  8.74  9.32  9.08  7.55  6.64  4.58  2.40  1.21  0.93  0.42  0.19  0.10  0.06  0.05  0.04  0.03  0.03
12 -30  0.03  0.08  0.14  0.27  0.55  0.83  1.38  2.76  3.96  4.81  6.73  8.87  9.47  9.12  7.85  7.08  4.49  2.10  0.90  0.64  0.25  0.12  0.07  0.05  0.04  0.04  0.03  0.03
12 -25  0.03  0.09  0.14  0.28  0.57  0.85  1.43  2.86  4.12  5.10  7.02  9.02  9.50  9.12  7.78  6.99  4.34  1.90  0.80  0.55  0.19  0.07  0.05  0.04  0.04  0.03  0.03  0.03
12 -20  0.03  0.08  0.14  0.28  0.56  0.84  1.40  2.80  4.19  5.16  7.05  9.26  9.85  9.34  7.89  6.94  4.23  1.76  0.67  0.45  0.12  0.05  0.03  0.03  0.03  0.03  0.03  0.03
12 -15  0.03  0.08  0.14  0.28  0.56  0.84  1.39  2.76  4.20  5.18  6.96  9.29 10.11  9.65  8.02  6.97  4.12  1.70  0.61  0.40  0.11  0.04  0.03  0.03  0.03  0.03  0.03  0.03
12 -10  0.03  0.08  0.14  0.28  0.55  0.82  1.37  2.70  4.04  5.15  7.04  9.10  9.76  9.59  8.06  7.02  4.03  1.59  0.53  0.35  0.11  0.03  0.02  0.02  0.02  0.03  0.03  0.02
12  -5  0.03  0.08  0.14  0.28  0.55  0.83  1.37  2.70  4.14  5.24  7.43  9.05  9.53  9.41  7.89  6.70  3.93  1.54  0.51  0.34  0.13  0.03  0.02  0.02  0.02  0.02  0.02  0.02
12   0  0.03  0.09  0.15  0.30  0.59  0.89  1.47  2.92  4.23  5.32  7.30  9.02  9.44  9.26  7.71  6.44  3.76  1.45  0.47  0.32  0.13  0.03  0.02  0.02  0.02  0.02  0.02  0.02
12   5  0.03  0.09  0.15  0.30  0.60  0.90  1.49  2.97  4.47  5.51  7.49  9.00  9.16  9.21  7.87  6.61  3.98  1.53  0.51  0.34  0.12  0.03  0.02  0.02  0.02  0.02  0.02  0.02
12  10  0.03  0.09  0.15  0.30  0.61  0.91  1.51  3.03  4.52  5.66  7.27  8.56  8.84  9.01  7.91  6.82  4.19  1.63  0.56  0.38  0.13  0.03  0.02  0.02  0.02  0.03  0.03  0.03
12  15  0.03  0.09  0.15  0.30  0.61  0.91  1.52  3.05  4.64  5.82  7.14  8.32  8.65  8.77  7.49  6.60  4.06  1.62  0.61  0.42  0.14  0.03  0.02  0.02  0.02  0.03  0.03  0.03
12  20  0.03  0.09  0.16  0.31  0.63  0.95  1.58  3.18  4.86  6.20  7.34  8.13  8.50  8.43  7.07  6.33  4.04  1.70  0.63  0.46  0.16  0.04  0.03  0.03  0.03  0.03  0.03  0.03
12  25  0.03  0.09  0.15  0.31  0.62  0.93  1.55  3.11  4.92  6.16  7.45  8.16  8.32  7.90  6.85  6.47  4.23  1.94  0.77  0.58  0.22  0.05  0.03  0.03  0.03  0.03  0.03  0.03
12  30  0.03  0.10  0.16  0.33  0.65  0.98  1.64  3.31  5.00  6.29  7.41  8.01  8.14  7.54  6.89  6.61  4.48  2.09  0.86  0.65  0.27  0.07  0.05  0.04  0.03  0.03  0.03  0.03
12  35  0.03  0.10  0.17  0.35  0.69  1.04  1.74  3.53  5.34  6.63  7.64  7.88  7.67  7.26  6.84  6.55  4.76  2.29  1.08  0.84  0.44  0.21  0.07  0.05  0.04  0.03  0.03  0.03
12  40  0.04  0.11  0.18  0.37  0.73  1.10  1.84  3.73  5.55  6.85  7.77  7.74  7.24  6.70  6.56  6.52  5.10  2.62  1.42  1.10  0.63  0.29  0.16  0.07  0.05  0.03  0.03  0.03
12  45  0.04  0.11  0.19  0.38  0.77  1.15  1.93  3.90  5.61  6.82  7.42  7.11  6.60  6.33  6.21  6.16  5.06  3.00  1.69  1.39  0.87  0.41  0.24  0.15  0.06  0.04  0.03  0.03
12  50  0.04  0.12  0.20  0.41  0.81  1.22  2.05  4.14  5.99  6.95  7.25  6.71  6.11  5.76  5.86  5.88  5.05  3.35  1.95  1.61  1.04  0.51  0.28  0.19  0.07  0.04  0.03  0.03
12  55  0.04  0.12  0.20  0.41  0.81  1.22  2.05  4.15  5.84  6.52  6.67  6.10  5.70  5.55  5.64  5.70  4.89  3.38  2.08  1.73  1.19  0.58  0.31  0.20  0.07  0.04  0.03  0.03
12  60  0.04  0.12  0.20  0.40  0.81  1.22  2.04  4.12  5.73  6.32  6.35  5.77  5.48  5.47  5.48  5.49  4.67  3.33  2.21  1.87  1.33  0.64  0.33  0.20  0.08  0.04  0.03  0.03
12  65  0.04  0.12  0.21  0.42  0.84  1.26  2.11  4.30  5.72  6.30  6.33  5.66  5.37  5.35  5.26  5.17  4.51  3.22  2.27  1.93  1.40  0.65  0.31  0.18  0.08  0.04  0.03  0.03
12  70  0.04  0.13  0.21  0.43  0.86  1.30  2.18  4.46  5.69  6.26  6.28  5.58  5.25  5.24  5.04  4.85  4.38  3.12  2.32  2.00  1.47  0.67  0.29  0.16  0.08  0.04  0.03  0.03
12  75  0.04  0.12  0.21  0.41  0.83  1.25  2.12  4.35  5.47  6.05  6.05  5.19  4.78  4.76  4.58  4.41  4.16  3.12  2.34  2.01  1.47  0.66  0.30  0.17  0.08  0.04  0.03  0.03
12  80  0.04  0.12  0.20  0.40  0.80  1.20  2.03  4.20  5.27  5.84  5.83  4.80  4.32  4.25  4.12  3.98  3.96  3.15  2.35  2.03  1.48  0.65  0.32  0.19  0.09  0.04  0.03  0.03
12  85  0.04  0.12  0.20  0.40  0.80  1.20  2.04  4.21  5.29  5.86  5.86  4.83  4.34  4.26  4.13  3.99  3.97  3.15  2.35  2.02  1.48  0.65  0.32  0.19  0.09  0.04  0.03  0.03
12  90  0.04  0.12  0.20  0.40  0.80  1.20  2.04  4.22  5.31  5.88  5.89  4.86  4.36  4.27  4.14  4.00  3.97  3.15  2.35  2.02  1.48  0.65  0.32  0.19  0.09  0.04  0.04  0.03
