     0.010
     0.030
     0.050
     0.100
     0.200
     0.300
     0.500
     1.000
     1.500
     2.000
     3.000
     5.000
     7.000
    10.000
    15.000
    20.000
    30.000
    50.000
    70.000
    80.000
   100.000
   150.000
   200.000
   250.000
   300.000
   400.000
   500.000
   600.000
 1 -90  0.02  0.07  0.11  0.22  0.44  0.65  1.07  2.02  2.89  3.52  4.91  5.89  5.79  5.12  4.39  3.87  3.53  2.84  2.03  1.67  1.06  0.47  0.30  0.18  0.09  0.06  0.03  0.02
 1 -85  0.02  0.07  0.11  0.22  0.44  0.65  1.07  2.03  2.90  3.52  4.91  5.88  5.79  5.13  4.39  3.87  3.53  2.84  2.03  1.67  1.06  0.47  0.30  0.18  0.09  0.06  0.03  0.02
 1 -80  0.02  0.07  0.11  0.22  0.44  0.65  1.07  2.03  2.90  3.52  4.90  5.88  5.79  5.13  4.39  3.87  3.53  2.84  2.03  1.67  1.06  0.47  0.30  0.18  0.09  0.05  0.03  0.02
 1 -75  0.02  0.07  0.11  0.23  0.45  0.67  1.10  2.10  2.98  3.60  4.91  6.00  6.02  5.41  4.73  4.25  3.82  2.91  2.02  1.66  1.04  0.46  0.30  0.18  0.09  0.05  0.03  0.03
 1 -70  0.02  0.07  0.12  0.24  0.47  0.69  1.14  2.17  3.05  3.67  4.92  6.13  6.26  5.70  5.08  4.63  4.12  2.98  2.01  1.64  1.01  0.46  0.30  0.17  0.08  0.05  0.03  0.03
 1 -65  0.02  0.07  0.12  0.24  0.48  0.72  1.18  2.25  3.16  3.79  5.08  6.45  6.72  6.26  5.69  5.28  4.34  2.95  1.90  1.55  0.93  0.42  0.28  0.17  0.09  0.05  0.03  0.03
 1 -60  0.03  0.08  0.13  0.25  0.50  0.75  1.22  2.34  3.27  3.92  5.25  6.77  7.19  6.83  6.30  5.93  4.55  2.93  1.80  1.46  0.86  0.38  0.26  0.16  0.09  0.05  0.03  0.03
 1 -55  0.03  0.08  0.13  0.27  0.53  0.79  1.29  2.47  3.44  4.09  5.44  7.07  7.61  7.42  6.72  6.21  4.42  2.68  1.53  1.23  0.68  0.29  0.21  0.13  0.09  0.05  0.04  0.03
 1 -50  0.03  0.08  0.14  0.27  0.54  0.81  1.32  2.52  3.52  4.19  5.58  7.38  8.07  7.94  7.09  6.48  4.29  2.42  1.24  0.98  0.50  0.21  0.15  0.13  0.08  0.05  0.04  0.03
 1 -45  0.03  0.08  0.14  0.27  0.54  0.80  1.32  2.55  3.55  4.24  5.71  7.65  8.41  8.31  7.24  6.50  4.30  2.40  1.20  0.94  0.47  0.19  0.14  0.09  0.06  0.05  0.04  0.03
 1 -40  0.03  0.08  0.14  0.27  0.54  0.81  1.33  2.60  3.63  4.35  5.87  7.89  8.72  8.66  7.42  6.54  4.30  2.36  1.16  0.90  0.45  0.17  0.11  0.07  0.05  0.05  0.04  0.03
 1 -35  0.03  0.08  0.14  0.28  0.55  0.83  1.37  2.67  3.69  4.42  6.00  8.05  8.89  8.87  7.60  6.72  4.29  2.10  0.94  0.72  0.34  0.14  0.08  0.06  0.05  0.05  0.04  0.04
 1 -30  0.03  0.08  0.14  0.28  0.56  0.84  1.39  2.72  3.80  4.54  6.16  8.25  9.08  9.04  7.77  6.90  4.28  1.83  0.71  0.53  0.23  0.10  0.06  0.05  0.05  0.04  0.04  0.04
 1 -25  0.03  0.09  0.14  0.29  0.57  0.85  1.40  2.75  3.90  4.70  6.38  8.50  9.29  9.24  7.84  6.87  4.22  1.67  0.62  0.45  0.18  0.07  0.05  0.04  0.04  0.04  0.04  0.04
 1 -20  0.03  0.08  0.14  0.28  0.56  0.83  1.39  2.75  3.99  4.83  6.55  8.77  9.58  9.47  7.93  6.85  4.17  1.51  0.52  0.37  0.14  0.05  0.04  0.04  0.04  0.04  0.04  0.04
 1 -15  0.03  0.08  0.14  0.28  0.55  0.83  1.38  2.74  4.03  4.92  6.70  8.95  9.77  9.66  8.06  6.95  4.07  1.46  0.47  0.34  0.14  0.04  0.03  0.03  0.03  0.04  0.04  0.03
 1 -10  0.03  0.08  0.14  0.27  0.55  0.82  1.37  2.73  4.06  5.03  6.93  9.07  9.86  9.82  8.19  7.05  3.96  1.40  0.41  0.30  0.09  0.04  0.03  0.03  0.03  0.03  0.03  0.03
 1  -5  0.03  0.08  0.14  0.27  0.55  0.82  1.36  2.73  4.10  5.10  7.08  9.01  9.72  9.69  8.07  6.92  3.84  1.35  0.39  0.29  0.07  0.04  0.03  0.03  0.03  0.03  0.03  0.03
 1   0  0.03  0.09  0.15  0.30  0.59  0.87  1.44  2.78  4.18  5.19  7.16  9.05  9.67  9.60  7.97  6.80  3.71  1.28  0.37  0.27  0.06  0.03  0.03  0.03  0.03  0.03  0.03  0.03
 1   5  0.03  0.09  0.15  0.30  0.59  0.87  1.44  2.80  4.21  5.19  7.07  8.80  9.31  9.29  7.82  6.74  3.86  1.40  0.42  0.31  0.06  0.03  0.03  0.03  0.03  0.03  0.04  0.03
 1  10  0.03  0.09  0.15  0.30  0.59  0.88  1.45  2.82  4.19  5.18  6.90  8.48  8.94  8.92  7.65  6.69  3.99  1.51  0.48  0.34  0.07  0.04  0.03  0.03  0.03  0.04  0.04  0.04
 1  15  0.03  0.09  0.15  0.30  0.60  0.89  1.47  2.84  4.23  5.20  6.76  8.19  8.57  8.49  7.28  6.42  3.95  1.55  0.50  0.36  0.07  0.04  0.03  0.03  0.04  0.04  0.04  0.04
 1  20  0.03  0.09  0.16  0.31  0.62  0.92  1.50  2.89  4.25  5.24  6.69  7.94  8.25  8.10  6.92  6.14  3.93  1.59  0.51  0.37  0.14  0.05  0.04  0.04  0.04  0.04  0.04  0.04
 1  25  0.03  0.09  0.16  0.31  0.62  0.92  1.52  2.94  4.33  5.28  6.64  7.69  7.88  7.61  6.76  6.23  4.23  1.86  0.69  0.52  0.23  0.06  0.05  0.04  0.04  0.04  0.04  0.04
 1  30  0.03  0.10  0.16  0.33  0.65  0.97  1.59  3.03  4.39  5.36  6.58  7.42  7.51  7.17  6.64  6.31  4.54  2.11  0.86  0.66  0.31  0.10  0.07  0.06  0.05  0.05  0.04  0.04
 1  35  0.03  0.10  0.17  0.34  0.68  1.01  1.66  3.17  4.54  5.49  6.57  7.20  7.19  6.87  6.47  6.19  4.86  2.48  1.21  0.95  0.49  0.24  0.15  0.08  0.06  0.05  0.05  0.04
 1  40  0.04  0.11  0.18  0.36  0.71  1.06  1.73  3.29  4.63  5.58  6.54  6.99  6.86  6.53  6.26  6.07  5.19  2.87  1.58  1.24  0.67  0.34  0.21  0.11  0.08  0.05  0.05  0.05
 1  45  0.04  0.11  0.19  0.37  0.73  1.09  1.78  3.38  4.66  5.58  6.39  6.68  6.53  6.28  6.15  6.05  5.26  3.15  1.81  1.47  0.88  0.45  0.26  0.17  0.09  0.06  0.05  0.05
 1  50  0.04  0.11  0.19  0.38  0.75  1.11  1.82  3.48  4.77  5.65  6.26  6.42  6.23  6.01  6.05  6.06  5.33  3.41  2.05  1.69  1.08  0.56  0.30  0.19  0.10  0.06  0.05  0.05
 1  55  0.04  0.12  0.19  0.38  0.75  1.12  1.83  3.49  4.64  5.40  5.95  6.14  6.02  5.86  5.76  5.68  5.03  3.40  2.20  1.84  1.24  0.62  0.36  0.22  0.10  0.06  0.05  0.05
 1  60  0.04  0.12  0.19  0.39  0.77  1.14  1.86  3.55  4.62  5.31  5.78  5.94  5.85  5.71  5.49  5.33  4.75  3.40  2.37  2.01  1.40  0.69  0.41  0.24  0.11  0.06  0.05  0.05
 1  65  0.04  0.11  0.19  0.38  0.75  1.12  1.83  3.48  4.55  5.24  5.78  6.03  5.99  5.86  5.54  5.31  4.57  3.37  2.36  2.00  1.40  0.69  0.39  0.23  0.11  0.06  0.05  0.05
 1  70  0.04  0.11  0.19  0.37  0.74  1.10  1.80  3.40  4.49  5.17  5.79  6.12  6.14  6.02  5.60  5.29  4.40  3.34  2.34  1.99  1.40  0.68  0.37  0.22  0.11  0.06  0.05  0.05
 1  75  0.04  0.11  0.18  0.36  0.71  1.05  1.70  3.20  4.24  4.87  5.51  5.76  5.69  5.48  5.05  4.74  4.15  3.26  2.43  2.12  1.59  0.72  0.38  0.23  0.11  0.06  0.05  0.05
 1  80  0.04  0.10  0.17  0.35  0.68  1.01  1.63  3.02  3.98  4.57  5.22  5.39  5.24  4.94  4.51  4.19  3.89  3.17  2.53  2.25  1.78  0.76  0.39  0.24  0.12  0.06  0.05  0.05
 1  85  0.04  0.10  0.17  0.35  0.68  1.01  1.63  3.03  3.99  4.58  5.24  5.41  5.25  4.94  4.51  4.20  3.90  3.17  2.53  2.25  1.78  0.76  0.39  0.24  0.12  0.06  0.05  0.05
 1  90  0.04  0.10  0.17  0.35  0.68  1.01  1.64  3.03  3.99  4.59  5.25  5.42  5.27  4.95  4.52  4.20  3.90  3.17  2.53  2.25  1.78  0.76  0.39  0.24  0.12  0.06  0.05  0.05
 2 -90  0.03  0.08  0.14  0.27  0.54  0.80  1.30  2.47  3.48  4.21  5.28  5.51  5.10  4.41  4.04  3.76  3.22  2.68  2.02  1.68  1.10  0.47  0.29  0.19  0.12  0.06  0.03  0.02
 2 -85  0.03  0.08  0.14  0.27  0.54  0.80  1.30  2.47  3.49  4.21  5.28  5.51  5.10  4.41  4.04  3.76  3.22  2.67  2.02  1.68  1.10  0.47  0.29  0.19  0.12  0.05  0.03  0.02
 2 -80  0.03  0.08  0.14  0.27  0.54  0.80  1.30  2.47  3.49  4.21  5.28  5.51  5.09  4.41  4.05  3.76  3.22  2.67  2.02  1.68  1.10  0.47  0.29  0.19  0.11  0.05  0.03  0.03
 2 -75  0.03  0.08  0.14  0.27  0.53  0.79  1.30  2.46  3.49  4.21  5.35  5.85  5.56  4.90  4.45  4.10  3.42  2.68  2.03  1.68  1.08  0.45  0.29  0.18  0.10  0.05  0.03  0.03
 2 -70  0.03  0.08  0.13  0.27  0.53  0.79  1.29  2.45  3.49  4.21  5.43  6.19  6.04  5.39  4.85  4.45  3.63  2.70  2.03  1.67  1.06  0.44  0.29  0.18  0.10  0.05  0.03  0.03
 2 -65  0.03  0.08  0.14  0.27  0.54  0.80  1.31  2.50  3.56  4.29  5.58  6.59  6.59  6.00  5.36  4.90  3.94  2.68  1.92  1.57  0.97  0.40  0.28  0.17  0.10  0.05  0.03  0.03
 2 -60  0.03  0.08  0.14  0.28  0.55  0.82  1.34  2.56  3.63  4.37  5.74  6.99  7.15  6.61  5.88  5.35  4.24  2.68  1.80  1.47  0.89  0.37  0.26  0.16  0.10  0.05  0.04  0.03
 2 -55  0.03  0.09  0.15  0.29  0.58  0.86  1.41  2.67  3.76  4.50  5.87  7.26  7.57  7.21  6.42  5.85  4.24  2.50  1.50  1.21  0.68  0.29  0.20  0.13  0.09  0.05  0.04  0.03
 2 -50  0.03  0.09  0.15  0.30  0.59  0.88  1.43  2.71  3.81  4.55  5.96  7.54  8.02  7.74  6.93  6.34  4.24  2.32  1.18  0.93  0.48  0.20  0.14  0.11  0.07  0.05  0.04  0.03
 2 -45  0.03  0.09  0.15  0.30  0.59  0.87  1.43  2.73  3.82  4.58  6.05  7.77  8.36  8.13  7.13  6.42  4.27  2.24  1.14  0.88  0.43  0.18  0.13  0.08  0.06  0.04  0.04  0.03
 2 -40  0.03  0.09  0.15  0.29  0.59  0.87  1.44  2.77  3.88  4.65  6.16  7.99  8.68  8.53  7.36  6.52  4.29  2.15  1.10  0.84  0.39  0.16  0.10  0.06  0.05  0.04  0.04  0.03
 2 -35  0.03  0.09  0.15  0.30  0.59  0.88  1.44  2.80  3.89  4.66  6.22  8.12  8.85  8.77  7.51  6.63  4.23  1.94  0.90  0.68  0.30  0.13  0.08  0.05  0.05  0.04  0.04  0.04
 2 -30  0.03  0.09  0.15  0.30  0.59  0.88  1.45  2.83  3.96  4.73  6.32  8.28  9.04  8.99  7.67  6.75  4.17  1.73  0.71  0.52  0.21  0.09  0.06  0.05  0.04  0.04  0.04  0.04
 2 -25  0.03  0.09  0.15  0.29  0.58  0.87  1.44  2.81  3.96  4.77  6.41  8.51  9.30  9.28  7.81  6.79  4.09  1.62  0.60  0.44  0.17  0.06  0.04  0.04  0.04  0.04  0.04  0.04
 2 -20  0.03  0.08  0.14  0.28  0.56  0.84  1.39  2.76  3.96  4.80  6.48  8.74  9.63  9.61  7.99  6.84  4.04  1.50  0.49  0.35  0.13  0.05  0.04  0.03  0.03  0.04  0.04  0.03
 2 -15  0.03  0.08  0.14  0.28  0.55  0.83  1.37  2.70  3.92  4.76  6.51  8.91  9.88  9.85  8.13  6.94  4.00  1.42  0.45  0.33  0.13  0.04  0.03  0.03  0.03  0.03  0.03  0.03
 2 -10  0.03  0.08  0.13  0.27  0.54  0.81  1.34  2.65  3.87  4.77  6.63  9.02 10.04 10.09  8.29  7.04  3.95  1.32  0.41  0.30  0.09  0.04  0.03  0.03  0.03  0.03  0.03  0.03
 2  -5  0.03  0.08  0.13  0.27  0.53  0.80  1.33  2.62  3.88  4.79  6.75  8.99  9.96 10.01  8.03  6.65  3.81  1.30  0.41  0.30  0.07  0.03  0.03  0.03  0.03  0.03  0.03  0.03
 2   0  0.03  0.09  0.15  0.29  0.58  0.86  1.40  2.67  3.93  4.86  6.83  9.10 10.02 10.01  7.80  6.26  3.65  1.27  0.40  0.30  0.06  0.03  0.03  0.03  0.03  0.03  0.03  0.03
 2   5  0.03  0.09  0.14  0.29  0.57  0.85  1.40  2.69  3.99  4.90  6.81  8.89  9.68  9.71  7.82  6.48  3.79  1.39  0.46  0.34  0.06  0.03  0.03  0.03  0.03  0.03  0.04  0.03
 2  10  0.03  0.09  0.14  0.29  0.57  0.85  1.40  2.72  4.00  4.91  6.70  8.63  9.32  9.33  7.81  6.72  3.93  1.51  0.53  0.38  0.06  0.04  0.03  0.03  0.03  0.04  0.04  0.04
 2  15  0.03  0.09  0.15  0.29  0.58  0.86  1.42  2.75  4.06  4.96  6.61  8.35  8.93  8.91  7.59  6.67  4.03  1.60  0.57  0.41  0.07  0.04  0.03  0.03  0.04  0.04  0.04  0.04
 2  20  0.03  0.09  0.15  0.30  0.60  0.89  1.46  2.81  4.09  5.02  6.57  8.14  8.63  8.55  7.39  6.62  4.17  1.69  0.61  0.44  0.09  0.05  0.04  0.04  0.04  0.04  0.04  0.04
 2  25  0.03  0.09  0.15  0.30  0.60  0.90  1.48  2.88  4.20  5.11  6.58  7.91  8.25  8.05  7.08  6.46  4.40  1.91  0.76  0.56  0.22  0.06  0.05  0.05  0.05  0.05  0.05  0.04
 2  30  0.03  0.10  0.16  0.32  0.64  0.95  1.55  2.97  4.30  5.25  6.60  7.68  7.89  7.60  6.82  6.31  4.64  2.10  0.91  0.68  0.29  0.16  0.08  0.06  0.06  0.05  0.05  0.05
 2  35  0.03  0.10  0.17  0.34  0.67  0.99  1.62  3.09  4.48  5.44  6.69  7.50  7.56  7.24  6.65  6.23  4.88  2.57  1.26  0.97  0.48  0.29  0.20  0.10  0.07  0.05  0.05  0.05
 2  40  0.04  0.11  0.18  0.35  0.70  1.04  1.69  3.20  4.60  5.59  6.74  7.33  7.22  6.85  6.43  6.13  5.13  3.05  1.62  1.26  0.67  0.42  0.28  0.14  0.09  0.06  0.05  0.05
 2  45  0.04  0.11  0.18  0.36  0.72  1.07  1.74  3.31  4.70  5.69  6.70  7.08  6.91  6.60  6.28  6.05  5.24  3.33  1.90  1.53  0.91  0.52  0.33  0.20  0.10  0.06  0.05  0.05
 2  50  0.04  0.11  0.19  0.37  0.73  1.09  1.79  3.43  4.85  5.85  6.65  6.85  6.62  6.31  6.13  5.99  5.35  3.59  2.19  1.81  1.14  0.62  0.37  0.23  0.11  0.06  0.05  0.05
 2  55  0.04  0.12  0.19  0.38  0.76  1.13  1.84  3.52  4.86  5.79  6.45  6.61  6.39  6.14  5.94  5.79  5.28  3.65  2.32  1.94  1.29  0.67  0.41  0.25  0.12  0.06  0.05  0.05
 2  60  0.04  0.12  0.20  0.40  0.79  1.17  1.92  3.67  4.98  5.87  6.38  6.42  6.20  5.96  5.76  5.62  5.24  3.73  2.48  2.10  1.45  0.72  0.45  0.27  0.12  0.06  0.05  0.05
 2  65  0.04  0.12  0.20  0.40  0.79  1.17  1.92  3.65  4.85  5.66  6.17  6.30  6.17  5.99  5.71  5.51  5.04  3.59  2.55  2.17  1.55  0.77  0.44  0.27  0.12  0.06  0.05  0.05
 2  70  0.04  0.12  0.20  0.40  0.79  1.17  1.91  3.63  4.73  5.46  5.96  6.17  6.14  6.02  5.66  5.40  4.86  3.45  2.61  2.25  1.65  0.82  0.43  0.27  0.12  0.07  0.05  0.05
 2  75  0.04  0.12  0.20  0.40  0.78  1.16  1.90  3.59  4.53  5.13  5.86  6.34  6.43  6.32  5.84  5.49  4.86  3.39  2.65  2.29  1.69  0.86  0.45  0.27  0.13  0.07  0.05  0.05
 2  80  0.04  0.12  0.20  0.39  0.78  1.15  1.88  3.55  4.33  4.80  5.76  6.51  6.71  6.61  6.01  5.59  4.86  3.32  2.69  2.33  1.72  0.90  0.47  0.27  0.13  0.07  0.05  0.05
 2  85  0.04  0.12  0.20  0.39  0.78  1.15  1.88  3.55  4.33  4.81  5.77  6.52  6.72  6.61  6.02  5.60  4.86  3.32  2.69  2.33  1.72  0.90  0.47  0.27  0.13  0.07  0.05  0.05
 2  90  0.04  0.12  0.20  0.39  0.78  1.15  1.88  3.55  4.34  4.82  5.79  6.53  6.74  6.62  6.02  5.60  4.87  3.33  2.69  2.33  1.72  0.90  0.47  0.27  0.13  0.07  0.05  0.05
 3 -90  0.04  0.12  0.20  0.39  0.78  1.15  1.87  3.48  4.48  5.17  5.31  5.06  4.68  4.19  3.69  3.29  3.15  2.63  2.09  1.75  1.17  0.47  0.27  0.17  0.09  0.05  0.03  0.02
 3 -85  0.04  0.12  0.20  0.39  0.78  1.15  1.87  3.48  4.49  5.17  5.30  5.06  4.68  4.19  3.69  3.29  3.15  2.63  2.10  1.75  1.17  0.47  0.27  0.17  0.09  0.05  0.03  0.03
 3 -80  0.04  0.12  0.20  0.39  0.78  1.15  1.87  3.49  4.49  5.17  5.30  5.05  4.67  4.20  3.70  3.29  3.15  2.63  2.10  1.76  1.17  0.47  0.27  0.17  0.09  0.05  0.03  0.03
 3 -75  0.04  0.11  0.19  0.38  0.74  1.10  1.79  3.34  4.48  5.25  5.70  5.58  5.16  4.60  4.02  3.57  3.25  2.63  2.08  1.73  1.13  0.46  0.26  0.16  0.09  0.05  0.03  0.03
 3 -70  0.04  0.11  0.18  0.36  0.71  1.05  1.71  3.19  4.46  5.33  6.10  6.10  5.65  5.01  4.35  3.85  3.36  2.63  2.04  1.69  1.08  0.44  0.26  0.16  0.08  0.05  0.03  0.03
 3 -65  0.04  0.11  0.18  0.35  0.69  1.02  1.66  3.12  4.43  5.33  6.29  6.57  6.22  5.58  4.96  4.50  3.62  2.62  1.90  1.57  0.99  0.41  0.25  0.15  0.10  0.05  0.03  0.03
 3 -60  0.03  0.10  0.17  0.34  0.67  0.99  1.62  3.05  4.39  5.32  6.48  7.03  6.78  6.14  5.56  5.14  3.88  2.62  1.76  1.45  0.90  0.38  0.23  0.14  0.10  0.05  0.04  0.03
 3 -55  0.03  0.10  0.17  0.34  0.67  1.00  1.63  3.07  4.40  5.31  6.55  7.33  7.24  6.71  6.11  5.67  4.17  2.54  1.51  1.23  0.73  0.30  0.19  0.12  0.08  0.05  0.04  0.03
 3 -50  0.03  0.10  0.17  0.34  0.67  0.99  1.61  3.03  4.35  5.24  6.59  7.64  7.73  7.23  6.64  6.21  4.45  2.43  1.24  1.00  0.55  0.21  0.14  0.10  0.07  0.04  0.04  0.03
 3 -45  0.03  0.10  0.16  0.33  0.65  0.96  1.57  2.97  4.26  5.16  6.59  7.88  8.11  7.69  6.76  6.09  4.32  2.33  1.16  0.92  0.49  0.18  0.12  0.07  0.05  0.04  0.04  0.03
 3 -40  0.03  0.10  0.16  0.32  0.64  0.95  1.55  2.96  4.22  5.12  6.61  8.08  8.48  8.16  6.89  5.99  4.19  2.22  1.08  0.84  0.42  0.15  0.09  0.06  0.05  0.04  0.04  0.03
 3 -35  0.03  0.10  0.16  0.32  0.63  0.93  1.53  2.93  4.17  5.04  6.59  8.20  8.70  8.50  7.36  6.56  4.24  2.02  0.88  0.67  0.31  0.13  0.07  0.05  0.04  0.04  0.04  0.03
 3 -30  0.03  0.09  0.16  0.31  0.62  0.92  1.51  2.92  4.16  5.03  6.61  8.34  8.94  8.84  7.84  7.14  4.30  1.82  0.69  0.50  0.20  0.09  0.05  0.04  0.04  0.04  0.04  0.03
 3 -25  0.03  0.09  0.15  0.30  0.60  0.90  1.48  2.86  4.08  4.93  6.54  8.48  9.21  9.20  8.02  7.20  4.20  1.61  0.55  0.40  0.15  0.06  0.04  0.04  0.03  0.04  0.04  0.03
 3 -20  0.03  0.09  0.15  0.29  0.58  0.86  1.42  2.79  4.00  4.85  6.46  8.62  9.52  9.59  8.23  7.27  4.12  1.37  0.41  0.29  0.10  0.04  0.03  0.03  0.03  0.04  0.04  0.03
 3 -15  0.03  0.09  0.14  0.28  0.57  0.85  1.39  2.71  3.87  4.67  6.30  8.67  9.73  9.88  8.25  7.13  4.08  1.36  0.41  0.29  0.11  0.04  0.03  0.03  0.03  0.03  0.03  0.03
 3 -10  0.03  0.08  0.14  0.28  0.55  0.83  1.36  2.65  3.74  4.54  6.22  8.65  9.88 10.18  8.30  7.00  4.04  1.35  0.41  0.30  0.12  0.03  0.03  0.03  0.03  0.03  0.03  0.03
 3  -5  0.03  0.08  0.14  0.27  0.55  0.82  1.34  2.61  3.70  4.50  6.26  8.58  9.82 10.17  8.22  6.87  3.98  1.34  0.41  0.30  0.07  0.03  0.03  0.03  0.03  0.03  0.03  0.02
 3   0  0.03  0.09  0.15  0.29  0.58  0.86  1.40  2.63  3.70  4.50  6.28  8.67  9.91 10.24  8.18  6.74  3.90  1.31  0.41  0.30  0.13  0.03  0.03  0.03  0.03  0.03  0.03  0.03
 3   5  0.03  0.09  0.15  0.29  0.57  0.85  1.39  2.66  3.80  4.59  6.34  8.57  9.67  9.98  8.13  6.86  3.99  1.41  0.46  0.33  0.06  0.03  0.03  0.03  0.03  0.03  0.04  0.03
 3  10  0.03  0.09  0.14  0.29  0.57  0.85  1.39  2.69  3.83  4.63  6.33  8.44  9.40  9.63  8.08  6.98  4.08  1.51  0.51  0.37  0.07  0.04  0.03  0.03  0.03  0.04  0.04  0.04
 3  15  0.03  0.09  0.14  0.29  0.57  0.85  1.41  2.74  3.94  4.76  6.37  8.28  9.08  9.22  7.74  6.71  4.10  1.57  0.54  0.39  0.08  0.04  0.04  0.03  0.04  0.04  0.05  0.04
 3  20  0.03  0.09  0.15  0.30  0.60  0.89  1.46  2.81  4.02  4.89  6.42  8.18  8.85  8.89  7.44  6.45  4.14  1.62  0.57  0.42  0.16  0.05  0.04  0.04  0.04  0.05  0.05  0.05
 3  25  0.03  0.09  0.15  0.30  0.60  0.90  1.48  2.86  4.12  4.99  6.50  8.05  8.56  8.47  7.24  6.42  4.34  1.95  0.76  0.58  0.26  0.07  0.06  0.05  0.05  0.05  0.05  0.05
 3  30  0.03  0.09  0.16  0.31  0.62  0.93  1.52  2.92  4.21  5.12  6.59  7.92  8.29  8.11  7.09  6.40  4.55  2.25  0.95  0.73  0.36  0.18  0.09  0.07  0.06  0.05  0.05  0.05
 3  35  0.03  0.10  0.16  0.33  0.64  0.96  1.57  2.98  4.35  5.30  6.77  7.88  8.08  7.79  6.95  6.35  4.65  2.62  1.30  1.02  0.56  0.31  0.22  0.10  0.07  0.06  0.05  0.05
 3  40  0.03  0.10  0.17  0.34  0.67  0.99  1.61  3.03  4.43  5.42  6.89  7.85  7.86  7.44  6.76  6.29  4.74  3.00  1.65  1.32  0.77  0.43  0.29  0.15  0.09  0.06  0.05  0.05
 3  45  0.03  0.10  0.17  0.34  0.67  1.00  1.63  3.08  4.53  5.56  6.97  7.68  7.55  7.15  6.54  6.11  4.97  3.27  1.88  1.54  0.96  0.54  0.36  0.21  0.11  0.07  0.06  0.05
 3  50  0.03  0.10  0.17  0.34  0.67  1.00  1.64  3.13  4.66  5.74  7.02  7.52  7.26  6.82  6.31  5.93  5.18  3.53  2.14  1.77  1.14  0.66  0.41  0.25  0.12  0.07  0.06  0.05
 3  55  0.04  0.11  0.18  0.35  0.70  1.03  1.69  3.22  4.72  5.78  6.90  7.27  6.99  6.57  6.14  5.82  5.17  3.64  2.32  1.94  1.29  0.73  0.46  0.28  0.13  0.07  0.06  0.05
 3  60  0.04  0.11  0.18  0.37  0.73  1.08  1.76  3.36  4.89  5.96  6.91  7.08  6.74  6.30  5.98  5.75  5.19  3.78  2.53  2.12  1.44  0.82  0.51  0.30  0.14  0.07  0.06  0.05
 3  65  0.04  0.11  0.19  0.38  0.75  1.11  1.81  3.45  4.89  5.90  6.71  6.83  6.52  6.13  5.79  5.55  5.02  3.77  2.62  2.24  1.59  0.88  0.55  0.33  0.15  0.07  0.06  0.05
 3  70  0.04  0.12  0.19  0.39  0.77  1.14  1.87  3.55  4.91  5.85  6.51  6.57  6.30  5.97  5.60  5.34  4.85  3.76  2.72  2.35  1.75  0.95  0.59  0.36  0.15  0.07  0.06  0.05
 3  75  0.04  0.12  0.20  0.39  0.77  1.14  1.87  3.55  4.80  5.67  6.30  6.50  6.35  6.09  5.55  5.17  4.75  3.76  2.75  2.40  1.79  0.98  0.59  0.35  0.15  0.08  0.06  0.05
 3  80  0.04  0.12  0.20  0.39  0.77  1.15  1.87  3.55  4.69  5.48  6.09  6.42  6.40  6.22  5.50  4.99  4.64  3.76  2.78  2.43  1.83  1.02  0.58  0.34  0.14  0.08  0.06  0.05
 3  85  0.04  0.12  0.20  0.39  0.77  1.15  1.87  3.55  4.70  5.50  6.10  6.44  6.41  6.22  5.51  5.00  4.64  3.76  2.78  2.43  1.83  1.02  0.58  0.34  0.14  0.08  0.06  0.05
 3  90  0.04  0.12  0.20  0.39  0.77  1.15  1.87  3.56  4.71  5.51  6.12  6.45  6.43  6.23  5.51  5.00  4.65  3.76  2.78  2.43  1.83  1.02  0.58  0.34  0.15  0.08  0.06  0.05
 4 -90  0.05  0.16  0.26  0.52  1.02  1.50  2.39  4.30  4.77  5.04  5.07  4.85  4.52  4.04  3.49  3.03  2.71  2.80  2.14  1.77  1.13  0.43  0.26  0.16  0.09  0.04  0.03  0.03
 4 -85  0.05  0.16  0.26  0.52  1.02  1.50  2.40  4.30  4.77  5.03  5.06  4.85  4.52  4.05  3.49  3.03  2.71  2.80  2.14  1.77  1.13  0.43  0.26  0.16  0.09  0.04  0.03  0.03
 4 -80  0.05  0.16  0.26  0.52  1.02  1.50  2.40  4.30  4.77  5.03  5.06  4.84  4.51  4.05  3.49  3.03  2.71  2.80  2.14  1.77  1.13  0.43  0.26  0.16  0.09  0.04  0.03  0.03
 4 -75  0.05  0.15  0.25  0.50  0.98  1.45  2.32  4.21  5.04  5.54  5.59  5.30  4.92  4.43  3.89  3.44  3.05  2.78  2.11  1.75  1.13  0.41  0.25  0.16  0.08  0.04  0.03  0.03
 4 -70  0.05  0.15  0.24  0.48  0.95  1.40  2.25  4.13  5.30  6.05  6.12  5.76  5.32  4.80  4.28  3.86  3.41  2.75  2.07  1.73  1.12  0.40  0.24  0.15  0.09  0.05  0.03  0.03
 4 -65  0.05  0.14  0.23  0.46  0.91  1.35  2.18  4.02  5.35  6.21  6.47  6.25  5.82  5.29  4.79  4.42  3.73  2.74  1.94  1.61  1.03  0.37  0.22  0.14  0.09  0.05  0.03  0.03
 4 -60  0.04  0.13  0.22  0.44  0.88  1.30  2.11  3.92  5.39  6.36  6.83  6.74  6.32  5.77  5.30  4.97  4.04  2.74  1.82  1.49  0.93  0.33  0.19  0.12  0.09  0.05  0.04  0.03
 4 -55  0.04  0.13  0.21  0.43  0.84  1.25  2.03  3.79  5.31  6.30  6.98  7.10  6.76  6.23  5.88  5.64  4.36  2.64  1.59  1.28  0.73  0.27  0.15  0.10  0.07  0.04  0.04  0.03
 4 -50  0.04  0.12  0.20  0.41  0.80  1.19  1.93  3.61  5.17  6.20  7.11  7.46  7.22  6.66  6.44  6.30  4.66  2.51  1.34  1.05  0.54  0.22  0.11  0.09  0.06  0.04  0.03  0.03
 4 -45  0.04  0.12  0.19  0.38  0.76  1.13  1.83  3.43  4.95  5.98  7.09  7.73  7.63  7.10  6.54  6.13  4.50  2.38  1.27  0.99  0.50  0.19  0.10  0.07  0.05  0.04  0.03  0.03
 4 -40  0.04  0.11  0.18  0.37  0.73  1.08  1.75  3.29  4.75  5.77  7.06  7.98  8.02  7.55  6.63  5.98  4.35  2.23  1.19  0.93  0.46  0.17  0.10  0.06  0.04  0.04  0.03  0.03
 4 -35  0.04  0.11  0.17  0.35  0.69  1.02  1.67  3.17  4.57  5.54  6.96  8.13  8.35  8.02  6.86  6.05  4.21  2.02  1.02  0.78  0.38  0.14  0.08  0.05  0.04  0.04  0.03  0.03
 4 -30  0.03  0.10  0.17  0.33  0.66  0.98  1.61  3.06  4.42  5.36  6.87  8.30  8.68  8.48  7.09  6.12  4.08  1.81  0.84  0.64  0.30  0.09  0.05  0.04  0.04  0.03  0.03  0.03
 4 -25  0.03  0.10  0.16  0.32  0.64  0.95  1.56  2.97  4.27  5.17  6.70  8.40  8.98  8.93  7.49  6.49  4.10  1.65  0.64  0.48  0.21  0.06  0.04  0.03  0.03  0.03  0.03  0.03
 4 -20  0.03  0.09  0.16  0.31  0.61  0.91  1.50  2.88  4.15  5.02  6.54  8.49  9.31  9.42  7.92  6.86  4.14  1.45  0.44  0.32  0.12  0.04  0.03  0.03  0.03  0.03  0.03  0.03
 4 -15  0.03  0.09  0.15  0.30  0.60  0.89  1.46  2.81  3.99  4.81  6.34  8.47  9.44  9.68  8.12  7.02  4.14  1.39  0.42  0.30  0.12  0.03  0.03  0.03  0.03  0.03  0.03  0.03
 4 -10  0.03  0.09  0.15  0.30  0.59  0.88  1.44  2.76  3.85  4.65  6.20  8.37  9.52  9.96  8.33  7.19  4.14  1.33  0.39  0.28  0.12  0.03  0.03  0.03  0.03  0.03  0.03  0.03
 4  -5  0.03  0.09  0.15  0.29  0.58  0.87  1.42  2.71  3.78  4.56  6.19  8.29  9.46  9.97  8.33  7.19  4.15  1.34  0.39  0.29  0.12  0.03  0.03  0.02  0.03  0.03  0.03  0.02
 4   0  0.03  0.09  0.15  0.30  0.60  0.88  1.44  2.71  3.75  4.51  6.17  8.35  9.54 10.07  8.37  7.18  4.14  1.34  0.39  0.29  0.13  0.03  0.03  0.03  0.03  0.03  0.03  0.03
 4   5  0.03  0.09  0.15  0.30  0.59  0.88  1.43  2.73  3.83  4.59  6.24  8.33  9.42  9.84  8.25  7.16  4.23  1.44  0.54  0.39  0.14  0.03  0.03  0.03  0.03  0.03  0.03  0.03
 4  10  0.03  0.09  0.15  0.29  0.58  0.87  1.42  2.75  3.85  4.62  6.25  8.28  9.25  9.52  8.13  7.17  4.32  1.55  0.71  0.50  0.16  0.03  0.03  0.03  0.03  0.04  0.04  0.04
 4  15  0.03  0.09  0.15  0.29  0.58  0.87  1.43  2.77  3.95  4.74  6.34  8.23  9.02  9.16  7.85  6.95  4.28  1.62  0.76  0.54  0.17  0.04  0.03  0.03  0.04  0.04  0.05  0.04
 4  20  0.03  0.09  0.15  0.30  0.60  0.90  1.47  2.82  4.02  4.87  6.42  8.22  8.88  8.88  7.60  6.74  4.26  1.68  0.80  0.57  0.18  0.05  0.04  0.04  0.04  0.05  0.05  0.05
 4  25  0.03  0.09  0.15  0.30  0.60  0.90  1.48  2.84  4.05  4.90  6.45  8.12  8.69  8.62  7.47  6.70  4.40  1.92  0.92  0.68  0.27  0.09  0.06  0.05  0.05  0.05  0.05  0.05
 4  30  0.03  0.09  0.15  0.31  0.61  0.90  1.48  2.85  4.09  4.96  6.48  8.03  8.53  8.41  7.37  6.66  4.54  2.14  1.03  0.78  0.37  0.16  0.10  0.07  0.06  0.06  0.05  0.05
 4  35  0.03  0.09  0.15  0.31  0.61  0.91  1.49  2.83  4.11  4.98  6.53  8.01  8.42  8.21  7.24  6.56  4.54  2.43  1.30  1.02  0.56  0.32  0.16  0.10  0.07  0.06  0.05  0.05
 4  40  0.03  0.09  0.16  0.31  0.62  0.92  1.49  2.81  4.05  4.94  6.51  7.97  8.30  8.00  7.09  6.45  4.53  2.71  1.57  1.27  0.77  0.45  0.30  0.13  0.09  0.06  0.06  0.05
 4  45  0.03  0.09  0.15  0.31  0.61  0.90  1.47  2.79  4.06  4.98  6.58  7.88  8.07  7.73  6.83  6.21  4.60  2.94  1.76  1.45  0.91  0.53  0.36  0.17  0.11  0.07  0.06  0.06
 4  50  0.03  0.09  0.15  0.30  0.60  0.89  1.45  2.77  4.09  5.04  6.61  7.77  7.84  7.43  6.59  5.99  4.65  3.16  1.97  1.63  1.04  0.62  0.42  0.26  0.13  0.07  0.06  0.06
 4  55  0.03  0.09  0.15  0.30  0.60  0.89  1.45  2.77  4.09  5.04  6.56  7.58  7.56  7.11  6.29  5.70  4.76  3.34  2.13  1.78  1.17  0.68  0.47  0.28  0.14  0.08  0.06  0.06
 4  60  0.03  0.09  0.16  0.31  0.61  0.91  1.49  2.84  4.21  5.19  6.64  7.44  7.30  6.77  6.00  5.46  4.89  3.54  2.33  1.95  1.31  0.74  0.52  0.31  0.15  0.08  0.06  0.06
 4  65  0.03  0.09  0.16  0.31  0.62  0.92  1.50  2.87  4.22  5.19  6.49  7.12  6.92  6.39  5.79  5.37  4.82  3.56  2.47  2.08  1.41  0.85  0.61  0.36  0.16  0.08  0.06  0.06
 4  70  0.03  0.10  0.16  0.31  0.62  0.93  1.52  2.90  4.23  5.19  6.34  6.79  6.54  6.01  5.58  5.28  4.74  3.58  2.61  2.20  1.52  0.96  0.69  0.41  0.19  0.08  0.06  0.06
 4  75  0.03  0.10  0.16  0.32  0.64  0.95  1.55  2.97  4.22  5.13  6.05  6.37  6.12  5.66  5.39  5.20  4.71  3.64  2.69  2.29  1.62  1.01  0.69  0.41  0.18  0.09  0.06  0.06
 4  80  0.03  0.10  0.16  0.33  0.65  0.97  1.59  3.04  4.22  5.07  5.77  5.95  5.70  5.31  5.21  5.13  4.69  3.70  2.76  2.37  1.72  1.07  0.70  0.41  0.17  0.09  0.07  0.06
 4  85  0.03  0.10  0.16  0.33  0.65  0.97  1.59  3.05  4.22  5.08  5.79  5.97  5.72  5.31  5.21  5.14  4.69  3.70  2.76  2.37  1.72  1.07  0.70  0.41  0.17  0.09  0.07  0.06
 4  90  0.03  0.10  0.16  0.33  0.65  0.97  1.59  3.05  4.23  5.09  5.81  5.98  5.73  5.32  5.22  5.14  4.70  3.70  2.76  2.37  1.72  1.07  0.70  0.41  0.17  0.09  0.07  0.06
 5 -90  0.06  0.17  0.29  0.57  1.10  1.61  2.55  4.41  5.05  5.45  5.13  4.47  3.90  3.37  3.28  3.20  3.21  2.78  2.07  1.71  1.09  0.42  0.24  0.15  0.07  0.04  0.03  0.03
 5 -85  0.06  0.17  0.29  0.57  1.10  1.61  2.55  4.42  5.05  5.45  5.13  4.47  3.90  3.37  3.29  3.21  3.21  2.78  2.08  1.71  1.09  0.42  0.24  0.15  0.07  0.04  0.03  0.03
 5 -80  0.06  0.17  0.29  0.57  1.10  1.61  2.55  4.42  5.05  5.45  5.12  4.46  3.90  3.38  3.29  3.21  3.21  2.78  2.08  1.71  1.09  0.42  0.24  0.15  0.08  0.04  0.03  0.03
 5 -75  0.06  0.17  0.28  0.55  1.08  1.58  2.51  4.38  5.18  5.69  5.57  5.07  4.59  4.09  3.79  3.54  3.30  2.66  1.93  1.60  1.02  0.39  0.22  0.13  0.08  0.04  0.03  0.03
 5 -70  0.05  0.16  0.27  0.54  1.05  1.54  2.45  4.33  5.30  5.92  6.02  5.68  5.29  4.80  4.29  3.89  3.40  2.53  1.79  1.47  0.94  0.36  0.20  0.13  0.08  0.04  0.03  0.03
 5 -65  0.05  0.16  0.27  0.54  1.06  1.56  2.50  4.51  5.62  6.33  6.34  6.00  5.62  5.16  4.80  4.51  3.91  2.66  1.77  1.44  0.87  0.36  0.20  0.12  0.08  0.04  0.03  0.03
 5 -60  0.06  0.16  0.27  0.54  1.07  1.58  2.55  4.68  5.94  6.74  6.66  6.31  5.95  5.51  5.29  5.13  4.43  2.79  1.76  1.41  0.80  0.36  0.19  0.12  0.07  0.04  0.03  0.03
 5 -55  0.05  0.16  0.26  0.52  1.03  1.52  2.46  4.55  5.98  6.88  6.97  6.72  6.33  5.88  5.67  5.53  4.59  2.63  1.62  1.29  0.69  0.35  0.18  0.12  0.07  0.04  0.03  0.03
 5 -50  0.05  0.15  0.25  0.50  0.99  1.46  2.37  4.39  5.98  7.01  7.27  7.12  6.75  6.22  6.03  5.92  4.73  2.44  1.45  1.13  0.57  0.35  0.16  0.09  0.06  0.04  0.03  0.03
 5 -45  0.05  0.14  0.23  0.46  0.91  1.35  2.18  4.04  5.65  6.72  7.32  7.45  7.17  6.62  6.20  5.91  4.63  2.37  1.38  1.06  0.52  0.31  0.15  0.07  0.05  0.04  0.03  0.03
 5 -40  0.04  0.13  0.21  0.42  0.83  1.23  2.00  3.71  5.32  6.42  7.35  7.74  7.54  7.00  6.36  5.91  4.54  2.29  1.29  0.99  0.46  0.27  0.13  0.06  0.04  0.03  0.03  0.03
 5 -35  0.04  0.12  0.19  0.39  0.77  1.14  1.85  3.47  5.00  6.04  7.18  7.90  7.88  7.45  6.78  6.31  4.48  2.08  1.06  0.80  0.35  0.21  0.09  0.05  0.04  0.03  0.03  0.03
 5 -30  0.04  0.11  0.18  0.36  0.71  1.06  1.72  3.25  4.71  5.70  7.03  8.05  8.20  7.90  7.20  6.71  4.43  1.87  0.83  0.61  0.24  0.10  0.06  0.04  0.04  0.03  0.03  0.03
 5 -25  0.03  0.10  0.17  0.34  0.68  1.01  1.65  3.11  4.48  5.41  6.79  8.15  8.54  8.40  7.43  6.76  4.34  1.76  0.67  0.49  0.19  0.06  0.04  0.03  0.03  0.03  0.03  0.03
 5 -20  0.03  0.10  0.17  0.33  0.65  0.97  1.58  2.98  4.28  5.16  6.58  8.25  8.89  8.94  7.69  6.81  4.26  1.62  0.52  0.37  0.13  0.04  0.03  0.03  0.03  0.03  0.03  0.03
 5 -15  0.03  0.10  0.16  0.32  0.63  0.94  1.53  2.90  4.12  4.98  6.43  8.27  9.04  9.24  7.96  7.05  4.29  1.52  0.45  0.32  0.12  0.03  0.03  0.03  0.03  0.03  0.03  0.03
 5 -10  0.03  0.10  0.16  0.32  0.63  0.93  1.52  2.86  4.00  4.84  6.33  8.22  9.17  9.54  8.23  7.30  4.32  1.42  0.38  0.27  0.11  0.03  0.03  0.03  0.03  0.03  0.03  0.03
 5  -5  0.03  0.10  0.16  0.31  0.62  0.92  1.50  2.82  3.94  4.76  6.35  8.19  9.15  9.60  8.14  7.08  4.12  1.26  0.34  0.25  0.10  0.03  0.03  0.03  0.03  0.03  0.03  0.03
 5   0  0.03  0.09  0.16  0.31  0.61  0.91  1.48  2.80  3.91  4.71  6.33  8.27  9.24  9.74  8.07  6.85  3.90  1.09  0.30  0.22  0.10  0.03  0.03  0.03  0.03  0.03  0.03  0.03
 5   5  0.03  0.09  0.16  0.31  0.61  0.91  1.48  2.81  3.95  4.73  6.34  8.28  9.23  9.64  8.13  7.07  4.19  1.34  0.45  0.34  0.16  0.03  0.03  0.03  0.03  0.03  0.03  0.03
 5  10  0.03  0.09  0.15  0.30  0.60  0.89  1.46  2.81  3.92  4.70  6.31  8.25  9.16  9.45  8.18  7.31  4.48  1.60  0.62  0.47  0.22  0.03  0.03  0.03  0.03  0.04  0.04  0.03
 5  15  0.03  0.09  0.15  0.30  0.59  0.88  1.45  2.81  3.96  4.77  6.35  8.23  9.02  9.16  8.00  7.20  4.38  1.69  0.68  0.51  0.24  0.04  0.03  0.03  0.04  0.04  0.04  0.04
 5  20  0.03  0.09  0.15  0.31  0.61  0.90  1.48  2.83  3.99  4.83  6.38  8.24  8.94  8.93  7.83  7.09  4.28  1.77  0.73  0.55  0.25  0.06  0.04  0.04  0.05  0.05  0.05  0.05
 5  25  0.03  0.09  0.15  0.30  0.60  0.89  1.46  2.81  3.97  4.79  6.33  8.10  8.76  8.74  7.68  6.95  4.47  1.95  0.85  0.65  0.33  0.10  0.06  0.05  0.05  0.05  0.05  0.05
 5  30  0.03  0.09  0.15  0.30  0.59  0.88  1.44  2.78  3.95  4.77  6.29  7.98  8.61  8.59  7.55  6.82  4.66  2.13  0.98  0.76  0.40  0.16  0.09  0.07  0.06  0.06  0.05  0.05
 5  35  0.03  0.09  0.15  0.30  0.59  0.88  1.44  2.74  3.91  4.72  6.23  7.89  8.49  8.42  7.40  6.69  4.65  2.35  1.18  0.95  0.55  0.30  0.13  0.09  0.07  0.06  0.06  0.05
 5  40  0.03  0.09  0.15  0.30  0.59  0.88  1.43  2.69  3.80  4.60  6.09  7.79  8.37  8.25  7.24  6.54  4.63  2.57  1.39  1.13  0.70  0.41  0.20  0.11  0.08  0.07  0.06  0.05
 5  45  0.03  0.09  0.15  0.29  0.57  0.85  1.39  2.63  3.73  4.52  6.05  7.65  8.14  7.97  6.98  6.30  4.59  2.73  1.58  1.31  0.84  0.49  0.33  0.15  0.10  0.07  0.06  0.06
 5  50  0.03  0.08  0.14  0.28  0.55  0.82  1.34  2.56  3.67  4.46  5.96  7.50  7.92  7.70  6.75  6.07  4.54  2.88  1.78  1.49  0.97  0.58  0.40  0.20  0.12  0.08  0.06  0.06
 5  55  0.03  0.08  0.14  0.27  0.53  0.80  1.30  2.50  3.57  4.35  5.85  7.31  7.64  7.34  6.42  5.77  4.52  3.01  1.91  1.60  1.05  0.62  0.44  0.27  0.13  0.08  0.07  0.06
 5  60  0.03  0.08  0.14  0.27  0.54  0.80  1.31  2.51  3.61  4.40  5.86  7.18  7.39  6.97  6.12  5.52  4.54  3.15  2.07  1.72  1.13  0.66  0.50  0.30  0.15  0.08  0.07  0.06
 5  65  0.03  0.08  0.13  0.27  0.53  0.78  1.28  2.46  3.53  4.30  5.71  6.85  6.95  6.47  5.63  5.04  4.23  3.15  2.19  1.85  1.25  0.74  0.56  0.36  0.16  0.08  0.07  0.06
 5  70  0.03  0.08  0.13  0.26  0.51  0.77  1.26  2.41  3.45  4.21  5.56  6.53  6.51  5.97  5.15  4.56  3.92  3.14  2.32  1.97  1.37  0.82  0.63  0.41  0.24  0.09  0.07  0.06
 5  75  0.03  0.08  0.13  0.26  0.51  0.77  1.26  2.41  3.50  4.29  5.59  6.30  6.12  5.53  4.94  4.52  4.03  3.22  2.36  2.00  1.40  0.85  0.63  0.41  0.24  0.09  0.07  0.06
 5  80  0.03  0.08  0.13  0.26  0.51  0.77  1.26  2.42  3.56  4.37  5.62  6.08  5.74  5.09  4.73  4.48  4.15  3.29  2.39  2.03  1.43  0.86  0.62  0.40  0.23  0.10  0.07  0.06
 5  85  0.03  0.08  0.13  0.26  0.52  0.77  1.26  2.43  3.57  4.39  5.64  6.09  5.75  5.09  4.74  4.49  4.15  3.29  2.39  2.03  1.43  0.86  0.62  0.40  0.23  0.10  0.07  0.06
 5  90  0.03  0.08  0.13  0.26  0.52  0.77  1.26  2.43  3.57  4.40  5.66  6.11  5.77  5.10  4.75  4.49  4.16  3.29  2.39  2.03  1.43  0.86  0.62  0.40  0.23  0.10  0.07  0.06
 6 -90  0.06  0.18  0.29  0.57  1.11  1.62  2.55  4.32  5.23  5.83  5.53  4.78  4.32  3.93  3.74  3.61  3.22  2.78  2.02  1.69  1.14  0.40  0.19  0.11  0.06  0.04  0.03  0.03
 6 -85  0.06  0.18  0.29  0.57  1.11  1.62  2.55  4.32  5.23  5.83  5.52  4.78  4.31  3.94  3.74  3.61  3.22  2.78  2.02  1.70  1.14  0.40  0.19  0.11  0.06  0.04  0.03  0.03
 6 -80  0.06  0.18  0.29  0.57  1.11  1.62  2.55  4.33  5.23  5.83  5.52  4.77  4.31  3.94  3.74  3.61  3.22  2.78  2.02  1.70  1.14  0.40  0.19  0.11  0.06  0.04  0.03  0.03
 6 -75  0.06  0.17  0.29  0.57  1.11  1.63  2.57  4.40  5.32  5.94  5.83  5.27  4.84  4.42  4.06  3.80  3.35  2.75  1.99  1.67  1.13  0.39  0.18  0.12  0.06  0.04  0.03  0.03
 6 -70  0.06  0.17  0.29  0.57  1.11  1.62  2.57  4.46  5.41  6.04  6.14  5.77  5.37  4.90  4.39  4.00  3.49  2.73  1.95  1.64  1.11  0.39  0.18  0.12  0.06  0.04  0.03  0.03
 6 -65  0.06  0.17  0.28  0.56  1.10  1.61  2.56  4.52  5.56  6.24  6.26  5.92  5.55  5.09  4.75  4.48  3.88  2.79  1.93  1.61  1.05  0.41  0.21  0.12  0.06  0.04  0.03  0.03
 6 -60  0.06  0.17  0.28  0.55  1.08  1.59  2.55  4.58  5.70  6.43  6.38  6.07  5.72  5.27  5.11  4.96  4.27  2.86  1.92  1.58  1.00  0.43  0.24  0.12  0.06  0.04  0.03  0.03
 6 -55  0.05  0.16  0.27  0.54  1.06  1.57  2.53  4.63  5.96  6.80  6.71  6.39  6.02  5.61  5.48  5.40  4.48  2.74  1.74  1.42  0.86  0.40  0.25  0.11  0.06  0.04  0.03  0.03
 6 -50  0.05  0.16  0.27  0.54  1.06  1.56  2.53  4.66  6.18  7.16  7.04  6.72  6.36  5.92  5.84  5.82  4.67  2.58  1.53  1.24  0.73  0.37  0.26  0.10  0.06  0.04  0.03  0.03
 6 -45  0.05  0.15  0.25  0.49  0.97  1.43  2.31  4.25  5.86  6.92  7.25  7.18  6.86  6.35  5.99  5.75  4.61  2.52  1.46  1.17  0.68  0.34  0.23  0.09  0.05  0.04  0.03  0.03
 6 -40  0.04  0.13  0.22  0.44  0.87  1.28  2.08  3.86  5.52  6.65  7.42  7.59  7.30  6.74  6.11  5.69  4.56  2.44  1.38  1.10  0.63  0.31  0.21  0.08  0.05  0.04  0.03  0.03
 6 -35  0.04  0.12  0.20  0.40  0.79  1.17  1.90  3.56  5.10  6.14  7.18  7.74  7.66  7.20  6.52  6.06  4.64  2.22  1.11  0.88  0.48  0.24  0.12  0.07  0.05  0.04  0.03  0.03
 6 -30  0.04  0.11  0.18  0.36  0.72  1.07  1.73  3.26  4.70  5.68  6.95  7.89  7.98  7.64  6.92  6.43  4.74  2.03  0.85  0.66  0.33  0.16  0.07  0.05  0.04  0.04  0.03  0.03
 6 -25  0.04  0.11  0.18  0.35  0.70  1.03  1.68  3.15  4.51  5.43  6.74  7.95  8.25  8.04  7.19  6.61  4.58  1.85  0.68  0.51  0.24  0.07  0.05  0.04  0.04  0.04  0.03  0.03
 6 -20  0.03  0.10  0.17  0.34  0.68  1.00  1.63  3.04  4.34  5.22  6.56  8.03  8.53  8.49  7.48  6.79  4.41  1.64  0.51  0.37  0.14  0.05  0.04  0.03  0.03  0.03  0.04  0.03
 6 -15  0.03  0.10  0.17  0.33  0.66  0.97  1.58  2.97  4.23  5.13  6.53  8.12  8.70  8.80  7.66  6.84  4.27  1.54  0.48  0.35  0.14  0.04  0.03  0.03  0.03  0.03  0.03  0.03
 6 -10  0.03  0.10  0.17  0.33  0.66  0.97  1.58  2.95  4.16  5.05  6.52  8.15  8.87  9.09  7.82  6.89  4.13  1.45  0.45  0.33  0.13  0.04  0.03  0.03  0.03  0.03  0.03  0.03
 6  -5  0.03  0.10  0.17  0.33  0.65  0.96  1.57  2.92  4.11  4.98  6.56  8.18  8.90  9.21  8.01  7.11  4.21  1.40  0.41  0.31  0.13  0.03  0.03  0.03  0.03  0.03  0.03  0.03
 6   0  0.03  0.10  0.16  0.32  0.63  0.93  1.52  2.88  4.07  4.92  6.56  8.28  9.00  9.38  8.22  7.32  4.29  1.34  0.38  0.29  0.14  0.03  0.03  0.03  0.03  0.03  0.03  0.03
 6   5  0.03  0.10  0.16  0.32  0.63  0.94  1.53  2.89  4.09  4.93  6.53  8.31  9.09  9.39  8.21  7.35  4.45  1.48  0.48  0.37  0.18  0.04  0.03  0.03  0.03  0.03  0.03  0.03
 6  10  0.03  0.09  0.15  0.31  0.61  0.91  1.50  2.88  4.04  4.87  6.47  8.29  9.10  9.34  8.19  7.39  4.60  1.62  0.60  0.45  0.22  0.04  0.03  0.03  0.03  0.04  0.04  0.03
 6  15  0.03  0.09  0.15  0.31  0.61  0.91  1.50  2.88  4.05  4.89  6.47  8.27  9.00  9.12  7.95  7.16  4.51  1.70  0.64  0.49  0.24  0.04  0.04  0.04  0.04  0.04  0.04  0.04
 6  20  0.03  0.10  0.16  0.31  0.62  0.93  1.52  2.89  4.07  4.92  6.46  8.27  8.94  8.91  7.73  6.93  4.42  1.76  0.68  0.52  0.26  0.06  0.05  0.04  0.05  0.05  0.05  0.04
 6  25  0.03  0.09  0.15  0.31  0.61  0.91  1.49  2.85  4.00  4.83  6.36  8.11  8.76  8.75  7.73  7.03  4.54  1.88  0.73  0.56  0.28  0.09  0.06  0.05  0.05  0.05  0.05  0.04
 6  30  0.03  0.09  0.15  0.30  0.60  0.89  1.46  2.80  3.95  4.75  6.25  7.95  8.60  8.61  7.75  7.13  4.67  2.00  0.78  0.61  0.31  0.13  0.07  0.06  0.06  0.06  0.05  0.05
 6  35  0.03  0.09  0.15  0.30  0.59  0.88  1.44  2.75  3.88  4.66  6.13  7.80  8.44  8.43  7.50  6.84  4.62  2.23  1.03  0.81  0.44  0.19  0.10  0.07  0.06  0.06  0.06  0.05
 6  40  0.03  0.09  0.15  0.29  0.58  0.87  1.41  2.68  3.74  4.50  5.93  7.63  8.27  8.25  7.25  6.54  4.57  2.47  1.27  1.02  0.58  0.32  0.15  0.10  0.08  0.06  0.06  0.05
 6  45  0.03  0.09  0.14  0.28  0.56  0.84  1.36  2.59  3.62  4.36  5.79  7.41  8.00  7.93  6.96  6.29  4.56  2.60  1.44  1.18  0.73  0.40  0.26  0.13  0.09  0.07  0.06  0.06
 6  50  0.03  0.08  0.13  0.27  0.53  0.79  1.30  2.49  3.51  4.23  5.63  7.21  7.75  7.64  6.71  6.04  4.53  2.72  1.63  1.35  0.87  0.49  0.34  0.16  0.10  0.07  0.06  0.06
 6  55  0.03  0.08  0.13  0.26  0.51  0.76  1.24  2.40  3.35  4.03  5.41  6.94  7.42  7.24  6.37  5.75  4.34  2.79  1.72  1.43  0.92  0.52  0.38  0.19  0.12  0.08  0.07  0.06
 6  60  0.03  0.08  0.13  0.25  0.50  0.75  1.23  2.37  3.32  4.00  5.33  6.74  7.12  6.83  6.05  5.50  4.18  2.88  1.84  1.52  0.97  0.55  0.42  0.26  0.13  0.08  0.07  0.06
 6  65  0.02  0.07  0.12  0.24  0.49  0.72  1.19  2.29  3.22  3.88  5.19  6.47  6.73  6.34  5.53  4.95  3.87  2.85  1.95  1.63  1.07  0.60  0.48  0.30  0.14  0.08  0.07  0.06
 6  70  0.02  0.07  0.12  0.24  0.47  0.70  1.15  2.21  3.12  3.77  5.06  6.20  6.34  5.86  5.01  4.40  3.56  2.83  2.05  1.73  1.17  0.65  0.53  0.33  0.16  0.09  0.07  0.06
 6  75  0.02  0.07  0.11  0.23  0.45  0.67  1.11  2.14  3.07  3.75  5.10  6.11  6.10  5.52  4.77  4.23  3.59  2.86  2.09  1.78  1.23  0.67  0.55  0.35  0.17  0.09  0.07  0.06
 6  80  0.02  0.07  0.11  0.22  0.44  0.65  1.07  2.07  3.03  3.73  5.15  6.01  5.85  5.18  4.53  4.06  3.63  2.89  2.14  1.82  1.28  0.70  0.56  0.36  0.20  0.10  0.07  0.06
 6  85  0.02  0.07  0.11  0.22  0.44  0.65  1.07  2.07  3.04  3.74  5.17  6.03  5.86  5.18  4.53  4.07  3.64  2.89  2.14  1.82  1.28  0.70  0.56  0.36  0.20  0.10  0.07  0.06
 6  90  0.02  0.07  0.11  0.22  0.44  0.65  1.07  2.08  3.05  3.76  5.18  6.04  5.88  5.19  4.54  4.07  3.64  2.89  2.14  1.82  1.28  0.70  0.56  0.36  0.20  0.10  0.07  0.06
 7 -90  0.05  0.16  0.26  0.51  1.00  1.45  2.25  3.71  4.71  5.39  5.48  5.10  4.68  4.19  3.85  3.64  3.42  2.70  2.00  1.66  1.07  0.41  0.23  0.10  0.06  0.04  0.03  0.03
 7 -85  0.05  0.16  0.26  0.51  1.00  1.45  2.25  3.71  4.71  5.39  5.48  5.10  4.68  4.19  3.86  3.64  3.42  2.70  2.01  1.66  1.07  0.41  0.23  0.10  0.06  0.04  0.03  0.03
 7 -80  0.05  0.16  0.26  0.51  1.00  1.45  2.25  3.71  4.72  5.39  5.47  5.09  4.68  4.19  3.86  3.64  3.42  2.70  2.01  1.66  1.07  0.41  0.23  0.10  0.06  0.04  0.03  0.03
 7 -75  0.05  0.15  0.24  0.48  0.93  1.35  2.11  3.50  4.55  5.25  5.57  5.50  5.22  4.74  4.15  3.73  3.30  2.68  2.00  1.67  1.09  0.42  0.24  0.10  0.06  0.04  0.03  0.03
 7 -70  0.05  0.14  0.22  0.44  0.86  1.25  1.95  3.27  4.37  5.11  5.67  5.91  5.76  5.28  4.44  3.83  3.18  2.66  2.00  1.67  1.11  0.42  0.25  0.11  0.06  0.04  0.03  0.03
 7 -65  0.05  0.14  0.23  0.45  0.89  1.30  2.05  3.55  4.74  5.51  5.95  5.99  5.74  5.24  4.79  4.43  3.76  2.77  1.96  1.64  1.11  0.43  0.22  0.11  0.06  0.04  0.03  0.03
 7 -60  0.05  0.14  0.23  0.46  0.91  1.33  2.13  3.82  5.09  5.91  6.23  6.08  5.72  5.21  5.13  5.03  4.34  2.88  1.92  1.61  1.10  0.44  0.25  0.12  0.06  0.04  0.03  0.03
 7 -55  0.05  0.14  0.23  0.45  0.89  1.31  2.12  3.91  5.34  6.24  6.59  6.44  6.05  5.57  5.57  5.56  4.58  2.80  1.78  1.47  0.94  0.40  0.25  0.12  0.06  0.04  0.03  0.03
 7 -50  0.05  0.14  0.23  0.45  0.89  1.32  2.14  3.99  5.55  6.57  6.94  6.81  6.41  5.91  5.99  6.09  4.81  2.69  1.61  1.31  0.78  0.36  0.26  0.11  0.06  0.04  0.03  0.03
 7 -45  0.04  0.13  0.22  0.43  0.86  1.26  2.05  3.80  5.39  6.44  7.13  7.26  6.96  6.43  6.16  6.00  4.80  2.72  1.58  1.27  0.72  0.33  0.23  0.10  0.06  0.04  0.03  0.03
 7 -40  0.04  0.12  0.21  0.41  0.81  1.20  1.94  3.63  5.20  6.29  7.26  7.65  7.42  6.90  6.31  5.93  4.80  2.74  1.55  1.23  0.67  0.30  0.20  0.09  0.06  0.04  0.03  0.03
 7 -35  0.04  0.12  0.19  0.38  0.76  1.13  1.83  3.44  4.92  5.93  7.06  7.74  7.71  7.28  6.51  5.99  4.74  2.53  1.31  1.02  0.53  0.24  0.16  0.08  0.06  0.04  0.03  0.03
 7 -30  0.04  0.11  0.18  0.36  0.71  1.06  1.72  3.24  4.65  5.60  6.87  7.84  7.97  7.64  6.69  6.05  4.70  2.33  1.06  0.81  0.38  0.17  0.08  0.06  0.05  0.04  0.04  0.03
 7 -25  0.04  0.11  0.18  0.36  0.70  1.04  1.69  3.16  4.53  5.45  6.76  7.92  8.18  7.93  6.98  6.34  4.56  2.06  0.84  0.63  0.28  0.07  0.05  0.04  0.04  0.04  0.04  0.04
 7 -20  0.04  0.11  0.18  0.35  0.70  1.03  1.66  3.08  4.43  5.33  6.68  8.02  8.40  8.27  7.30  6.63  4.43  1.77  0.61  0.45  0.17  0.05  0.04  0.03  0.03  0.04  0.04  0.04
 7 -15  0.03  0.10  0.17  0.34  0.67  0.99  1.61  3.00  4.32  5.26  6.70  8.18  8.64  8.63  7.60  6.85  4.21  1.59  0.55  0.40  0.16  0.04  0.03  0.03  0.03  0.03  0.04  0.04
 7 -10  0.03  0.10  0.17  0.34  0.66  0.98  1.59  2.97  4.26  5.20  6.74  8.30  8.88  8.96  7.89  7.08  3.99  1.40  0.49  0.36  0.16  0.04  0.03  0.03  0.03  0.03  0.03  0.03
 7  -5  0.03  0.10  0.17  0.33  0.66  0.97  1.58  2.94  4.19  5.11  6.76  8.35  8.94  9.11  7.95  7.02  4.09  1.39  0.48  0.36  0.16  0.04  0.03  0.03  0.03  0.03  0.03  0.03
 7   0  0.03  0.09  0.16  0.31  0.62  0.92  1.51  2.88  4.12  5.00  6.71  8.42  9.03  9.29  8.01  6.98  4.19  1.37  0.47  0.36  0.17  0.04  0.03  0.03  0.03  0.03  0.03  0.03
 7   5  0.03  0.10  0.16  0.32  0.63  0.94  1.54  2.91  4.15  5.03  6.70  8.48  9.17  9.37  8.14  7.20  4.41  1.56  0.58  0.44  0.20  0.04  0.03  0.03  0.03  0.03  0.03  0.03
 7  10  0.03  0.09  0.16  0.31  0.62  0.92  1.51  2.91  4.13  5.00  6.65  8.47  9.23  9.41  8.25  7.44  4.63  1.74  0.70  0.52  0.23  0.04  0.03  0.03  0.03  0.03  0.03  0.03
 7  15  0.03  0.10  0.16  0.32  0.63  0.93  1.53  2.93  4.16  5.04  6.65  8.43  9.11  9.18  8.06  7.29  4.64  1.80  0.73  0.55  0.24  0.04  0.03  0.03  0.04  0.04  0.04  0.03
 7  20  0.03  0.10  0.16  0.32  0.64  0.95  1.56  2.96  4.20  5.09  6.65  8.39  9.00  8.95  7.87  7.14  4.62  1.84  0.76  0.56  0.24  0.06  0.04  0.04  0.05  0.05  0.04  0.04
 7  25  0.03  0.10  0.16  0.32  0.63  0.94  1.54  2.94  4.14  5.01  6.57  8.22  8.80  8.78  7.71  6.98  4.57  1.96  0.80  0.59  0.25  0.08  0.06  0.05  0.05  0.05  0.05  0.04
 7  30  0.03  0.09  0.16  0.31  0.62  0.92  1.51  2.91  4.10  4.94  6.45  8.04  8.62  8.61  7.56  6.82  4.52  2.08  0.86  0.64  0.26  0.11  0.07  0.06  0.06  0.06  0.05  0.05
 7  35  0.03  0.09  0.15  0.31  0.61  0.91  1.49  2.86  4.02  4.82  6.29  7.86  8.42  8.39  7.39  6.66  4.49  2.21  1.02  0.78  0.37  0.14  0.08  0.07  0.06  0.06  0.05  0.05
 7  40  0.03  0.09  0.15  0.30  0.60  0.89  1.46  2.78  3.87  4.66  6.08  7.65  8.21  8.18  7.21  6.51  4.48  2.34  1.18  0.93  0.48  0.19  0.11  0.08  0.07  0.06  0.06  0.05
 7  45  0.03  0.09  0.15  0.29  0.58  0.86  1.40  2.67  3.72  4.48  5.88  7.38  7.90  7.83  6.89  6.25  4.46  2.46  1.31  1.06  0.62  0.30  0.16  0.10  0.08  0.07  0.06  0.05
 7  50  0.03  0.08  0.14  0.27  0.54  0.81  1.33  2.55  3.58  4.30  5.67  7.14  7.63  7.53  6.64  6.00  4.43  2.57  1.45  1.20  0.75  0.39  0.27  0.13  0.09  0.07  0.06  0.05
 7  55  0.03  0.08  0.13  0.26  0.52  0.77  1.26  2.44  3.39  4.07  5.41  6.84  7.28  7.12  6.22  5.58  4.22  2.60  1.55  1.29  0.83  0.44  0.32  0.16  0.10  0.07  0.06  0.05
 7  60  0.03  0.08  0.13  0.25  0.50  0.75  1.24  2.39  3.33  4.01  5.30  6.62  6.98  6.70  5.83  5.21  4.04  2.64  1.66  1.39  0.91  0.48  0.37  0.19  0.12  0.08  0.06  0.05
 7  65  0.02  0.07  0.12  0.24  0.48  0.72  1.18  2.29  3.20  3.86  5.12  6.31  6.54  6.17  5.26  4.61  3.64  2.61  1.75  1.48  0.99  0.52  0.40  0.25  0.13  0.08  0.06  0.05
 7  70  0.02  0.07  0.12  0.23  0.46  0.69  1.13  2.20  3.08  3.71  4.94  6.00  6.11  5.64  4.68  4.00  3.25  2.58  1.84  1.56  1.08  0.55  0.44  0.28  0.14  0.08  0.07  0.05
 7  75  0.02  0.07  0.11  0.22  0.44  0.66  1.08  2.10  3.01  3.67  4.95  5.85  5.81  5.26  4.42  3.82  3.22  2.61  1.90  1.61  1.11  0.55  0.46  0.29  0.15  0.09  0.07  0.05
 7  80  0.02  0.06  0.11  0.21  0.42  0.63  1.03  2.01  2.95  3.64  4.96  5.70  5.52  4.88  4.16  3.65  3.19  2.64  1.96  1.66  1.14  0.56  0.48  0.31  0.17  0.09  0.07  0.05
 7  85  0.02  0.06  0.11  0.21  0.42  0.63  1.04  2.01  2.96  3.65  4.98  5.72  5.53  4.88  4.16  3.65  3.20  2.65  1.96  1.66  1.14  0.56  0.48  0.31  0.18  0.09  0.07  0.05
 7  90  0.02  0.06  0.11  0.21  0.42  0.63  1.04  2.01  2.97  3.66  4.99  5.73  5.55  4.89  4.17  3.66  3.20  2.65  1.96  1.65  1.14  0.56  0.48  0.31  0.18  0.09  0.07  0.05
 8 -90  0.04  0.12  0.20  0.40  0.78  1.13  1.77  2.94  3.96  4.64  5.45  6.01  5.86  5.06  3.99  3.24  2.95  2.61  1.92  1.59  1.04  0.42  0.21  0.10  0.06  0.04  0.03  0.03
 8 -85  0.04  0.12  0.20  0.40  0.78  1.13  1.77  2.94  3.96  4.64  5.44  6.00  5.85  5.07  3.99  3.24  2.95  2.61  1.92  1.59  1.04  0.42  0.22  0.10  0.06  0.04  0.03  0.03
 8 -80  0.04  0.12  0.20  0.40  0.78  1.13  1.77  2.94  3.97  4.64  5.44  6.00  5.85  5.07  4.00  3.24  2.95  2.61  1.92  1.60  1.04  0.42  0.23  0.10  0.06  0.04  0.03  0.03
 8 -75  0.04  0.12  0.20  0.40  0.79  1.15  1.81  3.09  4.12  4.79  5.52  5.91  5.75  5.14  4.19  3.51  3.08  2.65  1.95  1.64  1.09  0.44  0.24  0.11  0.06  0.04  0.03  0.03
 8 -70  0.04  0.12  0.20  0.40  0.78  1.15  1.83  3.22  4.26  4.93  5.59  5.82  5.65  5.20  4.39  3.79  3.22  2.69  1.98  1.67  1.14  0.46  0.25  0.11  0.06  0.04  0.03  0.03
 8 -65  0.04  0.12  0.20  0.39  0.76  1.12  1.81  3.28  4.43  5.17  5.90  6.10  5.86  5.37  4.87  4.48  3.77  2.83  1.92  1.61  1.07  0.45  0.27  0.12  0.06  0.04  0.03  0.03
 8 -60  0.04  0.12  0.19  0.38  0.75  1.11  1.80  3.36  4.60  5.41  6.21  6.39  6.07  5.55  5.34  5.17  4.31  2.98  1.86  1.55  1.00  0.44  0.26  0.12  0.07  0.04  0.03  0.03
 8 -55  0.04  0.11  0.19  0.38  0.75  1.12  1.82  3.48  4.86  5.77  6.63  6.86  6.53  6.04  5.77  5.58  4.64  3.05  1.81  1.50  0.94  0.42  0.27  0.12  0.07  0.04  0.03  0.03
 8 -50  0.04  0.12  0.19  0.38  0.76  1.14  1.86  3.57  5.09  6.10  7.03  7.33  7.02  6.48  6.17  5.99  4.96  3.10  1.73  1.43  0.88  0.39  0.27  0.12  0.07  0.04  0.04  0.03
 8 -45  0.04  0.12  0.20  0.39  0.77  1.14  1.86  3.52  5.05  6.08  7.15  7.63  7.44  6.90  6.31  5.93  4.93  3.06  1.70  1.39  0.83  0.37  0.26  0.11  0.06  0.04  0.04  0.03
 8 -40  0.04  0.12  0.19  0.38  0.76  1.13  1.84  3.48  4.98  6.04  7.22  7.87  7.76  7.26  6.43  5.88  4.90  3.01  1.66  1.35  0.79  0.34  0.24  0.11  0.06  0.04  0.04  0.03
 8 -35  0.04  0.11  0.19  0.37  0.73  1.08  1.77  3.35  4.80  5.80  7.09  7.94  7.96  7.50  6.59  5.96  4.79  2.75  1.40  1.11  0.62  0.27  0.20  0.10  0.06  0.04  0.04  0.04
 8 -30  0.04  0.11  0.18  0.35  0.70  1.04  1.69  3.21  4.63  5.59  6.97  8.02  8.13  7.72  6.71  6.04  4.69  2.51  1.13  0.88  0.45  0.20  0.09  0.07  0.05  0.04  0.04  0.04
 8 -25  0.04  0.11  0.18  0.35  0.69  1.03  1.67  3.13  4.52  5.46  6.88  8.14  8.38  8.05  6.99  6.28  4.57  2.19  0.86  0.65  0.31  0.07  0.05  0.05  0.04  0.04  0.04  0.04
 8 -20  0.04  0.11  0.17  0.35  0.68  1.01  1.64  3.04  4.41  5.32  6.80  8.30  8.66  8.41  7.30  6.53  4.46  1.87  0.58  0.43  0.17  0.05  0.04  0.04  0.04  0.04  0.04  0.04
 8 -15  0.03  0.10  0.17  0.33  0.65  0.97  1.57  2.95  4.28  5.23  6.77  8.44  8.94  8.84  7.67  6.82  4.21  1.64  0.55  0.40  0.15  0.04  0.03  0.03  0.03  0.04  0.04  0.04
 8 -10  0.03  0.10  0.16  0.32  0.64  0.95  1.55  2.90  4.19  5.12  6.77  8.54  9.20  9.21  8.01  7.11  3.98  1.41  0.51  0.37  0.13  0.04  0.03  0.03  0.03  0.04  0.04  0.04
 8  -5  0.03  0.10  0.16  0.32  0.64  0.94  1.53  2.87  4.10  5.00  6.76  8.58  9.26  9.37  8.17  7.19  4.02  1.40  0.51  0.37  0.14  0.04  0.03  0.03  0.03  0.03  0.04  0.03
 8   0  0.03  0.09  0.15  0.30  0.60  0.89  1.46  2.81  4.01  4.86  6.65  8.60  9.32  9.55  8.31  7.29  4.07  1.39  0.51  0.37  0.14  0.04  0.03  0.03  0.03  0.03  0.03  0.03
 8   5  0.03  0.09  0.16  0.31  0.62  0.92  1.50  2.85  4.08  4.95  6.68  8.67  9.44  9.61  8.35  7.37  4.32  1.54  0.60  0.44  0.17  0.04  0.03  0.03  0.03  0.03  0.03  0.03
 8  10  0.03  0.09  0.15  0.31  0.61  0.91  1.49  2.87  4.10  4.98  6.69  8.67  9.49  9.65  8.37  7.45  4.58  1.69  0.71  0.52  0.20  0.04  0.03  0.03  0.03  0.03  0.03  0.03
 8  15  0.03  0.09  0.16  0.31  0.62  0.93  1.52  2.91  4.18  5.09  6.75  8.61  9.32  9.37  8.15  7.31  4.58  1.75  0.75  0.55  0.21  0.04  0.03  0.03  0.04  0.04  0.04  0.03
 8  20  0.03  0.10  0.16  0.33  0.64  0.96  1.56  2.96  4.27  5.21  6.83  8.55  9.14  9.06  7.92  7.15  4.57  1.81  0.78  0.57  0.22  0.05  0.04  0.04  0.04  0.04  0.04  0.04
 8  25  0.03  0.10  0.16  0.32  0.64  0.95  1.55  2.97  4.26  5.19  6.82  8.40  8.91  8.84  7.73  6.98  4.53  1.91  0.81  0.59  0.23  0.07  0.05  0.05  0.05  0.05  0.05  0.04
 8  30  0.03  0.10  0.16  0.32  0.63  0.94  1.55  2.98  4.27  5.18  6.74  8.23  8.70  8.61  7.55  6.81  4.48  2.03  0.85  0.63  0.25  0.09  0.06  0.05  0.05  0.05  0.05  0.04
 8  35  0.03  0.10  0.16  0.32  0.63  0.94  1.54  2.95  4.22  5.09  6.59  8.03  8.46  8.36  7.36  6.64  4.45  2.10  0.96  0.73  0.33  0.11  0.07  0.06  0.06  0.06  0.05  0.05
 8  40  0.03  0.09  0.16  0.31  0.62  0.92  1.51  2.90  4.09  4.95  6.41  7.80  8.22  8.11  7.16  6.48  4.43  2.19  1.08  0.83  0.41  0.15  0.09  0.07  0.06  0.06  0.05  0.05
 8  45  0.03  0.09  0.15  0.31  0.61  0.90  1.47  2.81  3.96  4.79  6.21  7.52  7.87  7.72  6.81  6.18  4.33  2.30  1.23  0.98  0.56  0.23  0.13  0.09  0.07  0.06  0.06  0.05
 8  50  0.03  0.09  0.15  0.29  0.58  0.87  1.42  2.72  3.85  4.65  6.03  7.28  7.59  7.38  6.52  5.91  4.22  2.41  1.39  1.13  0.69  0.32  0.20  0.12  0.09  0.07  0.06  0.05
 8  55  0.03  0.08  0.14  0.28  0.55  0.82  1.35  2.60  3.68  4.45  5.81  7.01  7.24  6.95  6.12  5.53  3.98  2.48  1.51  1.24  0.77  0.35  0.23  0.14  0.10  0.07  0.06  0.05
 8  60  0.03  0.08  0.14  0.27  0.54  0.80  1.32  2.56  3.64  4.41  5.74  6.81  6.94  6.52  5.75  5.20  3.75  2.57  1.66  1.36  0.84  0.38  0.26  0.17  0.11  0.07  0.06  0.05
 8  65  0.03  0.08  0.13  0.26  0.52  0.78  1.28  2.48  3.52  4.27  5.52  6.40  6.39  5.90  5.15  4.61  3.46  2.54  1.74  1.44  0.91  0.42  0.30  0.19  0.11  0.07  0.06  0.05
 8  70  0.03  0.08  0.13  0.25  0.51  0.75  1.24  2.40  3.41  4.14  5.31  5.98  5.84  5.27  4.54  4.03  3.17  2.52  1.81  1.51  0.98  0.46  0.34  0.21  0.13  0.08  0.06  0.05
 8  75  0.03  0.08  0.13  0.25  0.50  0.74  1.22  2.36  3.37  4.09  5.10  5.49  5.22  4.62  4.07  3.69  3.12  2.51  1.85  1.55  1.02  0.49  0.35  0.23  0.14  0.08  0.06  0.05
 8  80  0.02  0.07  0.12  0.25  0.49  0.73  1.20  2.33  3.32  4.04  4.90  5.00  4.60  3.97  3.60  3.34  3.07  2.51  1.88  1.58  1.06  0.51  0.36  0.24  0.15  0.08  0.06  0.05
 8  85  0.02  0.07  0.12  0.25  0.49  0.73  1.20  2.33  3.33  4.05  4.92  5.02  4.61  3.98  3.61  3.35  3.07  2.52  1.88  1.58  1.06  0.51  0.36  0.24  0.15  0.08  0.06  0.05
 8  90  0.02  0.07  0.12  0.25  0.49  0.73  1.20  2.34  3.34  4.06  4.93  5.04  4.62  3.99  3.62  3.36  3.08  2.52  1.88  1.58  1.06  0.51  0.36  0.24  0.16  0.08  0.06  0.05
 9 -90  0.04  0.11  0.18  0.36  0.70  1.02  1.63  2.89  4.07  4.85  5.34  5.48  5.32  4.89  4.04  3.41  2.46  1.85  1.33  1.12  0.79  0.39  0.20  0.10  0.06  0.04  0.03  0.03
 9 -85  0.04  0.11  0.18  0.36  0.70  1.02  1.63  2.89  4.07  4.85  5.33  5.48  5.32  4.89  4.04  3.41  2.46  1.85  1.33  1.13  0.79  0.39  0.21  0.10  0.06  0.04  0.03  0.03
 9 -80  0.04  0.11  0.18  0.36  0.70  1.02  1.63  2.90  4.07  4.85  5.33  5.47  5.31  4.90  4.04  3.42  2.46  1.85  1.33  1.13  0.79  0.39  0.21  0.10  0.06  0.04  0.03  0.03
 9 -75  0.04  0.11  0.18  0.35  0.68  1.01  1.61  2.92  4.08  4.84  5.58  5.83  5.61  5.13  4.31  3.70  2.66  2.00  1.44  1.22  0.85  0.43  0.22  0.10  0.06  0.04  0.03  0.03
 9 -70  0.03  0.10  0.17  0.34  0.67  0.99  1.60  2.95  4.08  4.83  5.83  6.18  5.91  5.37  4.58  3.99  2.82  2.12  1.53  1.30  0.92  0.46  0.24  0.11  0.06  0.04  0.03  0.03
 9 -65  0.03  0.10  0.17  0.34  0.66  0.99  1.60  3.02  4.24  5.06  6.16  6.64  6.39  5.86  5.25  4.80  3.51  2.49  1.68  1.41  0.95  0.47  0.25  0.11  0.06  0.04  0.04  0.03
 9 -60  0.03  0.10  0.17  0.34  0.67  1.00  1.64  3.11  4.41  5.30  6.49  7.09  6.88  6.36  5.92  5.62  4.23  2.87  1.81  1.51  0.98  0.49  0.27  0.13  0.07  0.04  0.04  0.03
 9 -55  0.04  0.10  0.17  0.35  0.69  1.03  1.69  3.24  4.63  5.56  6.77  7.44  7.27  6.79  6.27  5.92  4.63  3.07  1.85  1.51  0.90  0.45  0.27  0.13  0.07  0.04  0.04  0.03
 9 -50  0.04  0.11  0.18  0.35  0.70  1.04  1.72  3.32  4.80  5.78  7.04  7.79  7.68  7.17  6.59  6.22  5.04  3.26  1.87  1.50  0.84  0.42  0.26  0.13  0.07  0.04  0.04  0.03
 9 -45  0.04  0.11  0.18  0.35  0.70  1.04  1.71  3.27  4.76  5.76  7.14  8.00  7.95  7.43  6.64  6.12  4.97  3.19  1.82  1.44  0.78  0.39  0.25  0.12  0.07  0.04  0.04  0.04
 9 -40  0.04  0.11  0.18  0.35  0.70  1.04  1.70  3.25  4.71  5.75  7.19  8.15  8.13  7.62  6.67  6.03  4.90  3.09  1.76  1.39  0.74  0.36  0.24  0.11  0.06  0.05  0.04  0.04
 9 -35  0.03  0.10  0.17  0.34  0.68  1.01  1.65  3.15  4.57  5.56  7.08  8.23  8.33  7.86  6.80  6.07  4.79  2.79  1.48  1.15  0.57  0.27  0.19  0.09  0.06  0.05  0.04  0.04
 9 -30  0.03  0.10  0.17  0.33  0.65  0.97  1.60  3.05  4.45  5.40  6.99  8.32  8.52  8.08  6.89  6.10  4.68  2.50  1.20  0.90  0.39  0.18  0.10  0.07  0.06  0.05  0.04  0.04
 9 -25  0.03  0.10  0.17  0.33  0.66  0.97  1.59  3.00  4.36  5.28  6.86  8.40  8.74  8.39  7.15  6.32  4.64  2.26  0.99  0.73  0.30  0.08  0.06  0.05  0.05  0.05  0.05  0.04
 9 -20  0.03  0.10  0.16  0.33  0.65  0.96  1.56  2.93  4.25  5.13  6.74  8.51  9.00  8.74  7.44  6.55  4.60  2.02  0.77  0.56  0.20  0.05  0.04  0.04  0.04  0.04  0.05  0.05
 9 -15  0.03  0.09  0.16  0.31  0.62  0.92  1.50  2.85  4.11  5.02  6.63  8.55  9.20  9.12  7.78  6.82  4.33  1.74  0.66  0.48  0.17  0.04  0.04  0.04  0.04  0.04  0.04  0.04
 9 -10  0.03  0.09  0.15  0.30  0.60  0.90  1.47  2.81  4.01  4.89  6.56  8.55  9.36  9.43  8.10  7.10  4.06  1.46  0.55  0.40  0.14  0.04  0.03  0.03  0.03  0.04  0.04  0.04
 9  -5  0.03  0.09  0.15  0.30  0.60  0.89  1.46  2.78  3.94  4.78  6.54  8.56  9.40  9.59  8.20  7.09  4.05  1.43  0.55  0.40  0.15  0.04  0.03  0.03  0.03  0.04  0.04  0.04
 9   0  0.03  0.09  0.14  0.29  0.57  0.85  1.40  2.73  3.86  4.66  6.41  8.53  9.41  9.74  8.29  7.11  4.03  1.41  0.55  0.40  0.15  0.04  0.03  0.03  0.03  0.03  0.03  0.03
 9   5  0.03  0.09  0.15  0.30  0.60  0.89  1.45  2.79  3.95  4.79  6.50  8.62  9.51  9.77  8.38  7.28  4.28  1.54  0.61  0.44  0.16  0.04  0.03  0.03  0.03  0.03  0.03  0.03
 9  10  0.03  0.09  0.15  0.30  0.60  0.89  1.46  2.82  4.02  4.87  6.56  8.64  9.55  9.78  8.45  7.46  4.52  1.66  0.68  0.49  0.18  0.03  0.03  0.03  0.03  0.03  0.03  0.03
 9  15  0.03  0.09  0.15  0.31  0.61  0.91  1.49  2.86  4.11  5.01  6.66  8.60  9.38  9.48  8.21  7.32  4.52  1.67  0.70  0.51  0.18  0.04  0.03  0.03  0.03  0.04  0.04  0.03
 9  20  0.03  0.10  0.16  0.32  0.63  0.94  1.53  2.91  4.22  5.18  6.81  8.56  9.18  9.14  7.96  7.17  4.50  1.68  0.71  0.51  0.19  0.05  0.04  0.04  0.04  0.04  0.04  0.04
 9  25  0.03  0.09  0.16  0.31  0.62  0.92  1.52  2.92  4.24  5.19  6.84  8.43  8.93  8.84  7.83  7.15  4.53  1.74  0.72  0.52  0.19  0.06  0.05  0.04  0.05  0.05  0.05  0.04
 9  30  0.03  0.09  0.16  0.32  0.63  0.93  1.53  2.94  4.27  5.22  6.82  8.27  8.69  8.54  7.70  7.13  4.56  1.82  0.75  0.54  0.20  0.08  0.05  0.05  0.05  0.05  0.05  0.04
 9  35  0.03  0.10  0.16  0.32  0.63  0.94  1.54  2.96  4.30  5.23  6.75  8.07  8.39  8.22  7.36  6.74  4.45  1.97  0.92  0.69  0.29  0.10  0.07  0.06  0.05  0.05  0.05  0.05
 9  40  0.03  0.10  0.16  0.32  0.63  0.94  1.54  2.96  4.26  5.20  6.68  7.85  8.09  7.89  7.01  6.37  4.35  2.14  1.10  0.84  0.39  0.13  0.09  0.07  0.06  0.06  0.05  0.05
 9  45  0.03  0.10  0.16  0.32  0.64  0.94  1.54  2.94  4.24  5.17  6.57  7.55  7.66  7.40  6.58  6.03  4.25  2.26  1.25  0.99  0.53  0.22  0.12  0.09  0.07  0.06  0.05  0.05
 9  50  0.03  0.10  0.16  0.32  0.63  0.94  1.54  2.93  4.24  5.17  6.49  7.31  7.30  6.96  6.23  5.71  4.14  2.38  1.41  1.14  0.66  0.28  0.17  0.11  0.08  0.06  0.05  0.05
 9  55  0.03  0.09  0.15  0.31  0.61  0.91  1.50  2.89  4.18  5.10  6.36  7.02  6.88  6.46  5.77  5.28  3.94  2.44  1.52  1.24  0.75  0.33  0.21  0.14  0.09  0.06  0.05  0.05
 9  60  0.03  0.09  0.15  0.31  0.61  0.91  1.50  2.91  4.24  5.19  6.38  6.80  6.52  5.96  5.34  4.90  3.76  2.52  1.66  1.36  0.83  0.37  0.24  0.15  0.10  0.07  0.05  0.05
 9  65  0.03  0.09  0.16  0.31  0.62  0.92  1.52  2.94  4.24  5.16  6.14  6.33  5.95  5.36  4.74  4.31  3.47  2.46  1.74  1.44  0.91  0.42  0.27  0.17  0.11  0.07  0.05  0.05
 9  70  0.03  0.09  0.16  0.31  0.62  0.93  1.53  2.96  4.24  5.14  5.91  5.86  5.38  4.76  4.15  3.71  3.18  2.41  1.82  1.51  0.99  0.47  0.31  0.19  0.12  0.07  0.06  0.05
 9  75  0.03  0.10  0.16  0.32  0.63  0.93  1.54  2.97  4.05  4.80  5.24  5.13  4.75  4.26  3.91  3.67  3.12  2.40  1.81  1.51  0.99  0.47  0.31  0.20  0.12  0.07  0.06  0.05
 9  80  0.03  0.10  0.16  0.32  0.63  0.94  1.54  2.98  3.85  4.45  4.57  4.40  4.11  3.75  3.68  3.63  3.06  2.39  1.81  1.52  1.00  0.47  0.32  0.20  0.13  0.07  0.06  0.05
 9  85  0.03  0.10  0.16  0.32  0.63  0.94  1.54  2.98  3.86  4.46  4.59  4.42  4.12  3.75  3.68  3.64  3.07  2.39  1.81  1.51  1.00  0.47  0.32  0.21  0.13  0.07  0.06  0.05
 9  90  0.03  0.10  0.16  0.32  0.63  0.94  1.54  2.98  3.87  4.48  4.60  4.43  4.14  3.76  3.69  3.64  3.07  2.39  1.81  1.51  1.00  0.47  0.32  0.21  0.14  0.07  0.06  0.05
10 -90  0.03  0.09  0.14  0.29  0.57  0.84  1.37  2.57  3.59  4.31  5.52  6.16  6.00  5.47  4.73  4.21  3.04  1.39  0.82  0.71  0.53  0.38  0.19  0.09  0.06  0.04  0.03  0.03
10 -85  0.03  0.09  0.14  0.29  0.57  0.84  1.37  2.57  3.59  4.31  5.52  6.16  6.00  5.47  4.73  4.21  3.04  1.38  0.82  0.71  0.53  0.38  0.19  0.09  0.06  0.04  0.03  0.03
10 -80  0.03  0.09  0.14  0.29  0.57  0.84  1.37  2.58  3.59  4.31  5.51  6.15  6.00  5.47  4.73  4.21  3.04  1.38  0.82  0.71  0.53  0.38  0.21  0.09  0.06  0.04  0.03  0.03
10 -75  0.03  0.09  0.14  0.29  0.57  0.84  1.38  2.60  3.65  4.39  5.62  6.43  6.35  5.86  5.25  4.85  3.44  1.75  1.04  0.88  0.62  0.42  0.24  0.10  0.06  0.04  0.03  0.03
10 -70  0.03  0.09  0.14  0.29  0.57  0.85  1.38  2.63  3.70  4.46  5.73  6.70  6.71  6.24  5.77  5.47  3.83  2.08  1.23  1.03  0.69  0.46  0.26  0.11  0.06  0.04  0.03  0.03
10 -65  0.03  0.09  0.15  0.30  0.59  0.88  1.43  2.73  3.90  4.72  6.04  7.06  7.10  6.66  6.33  6.13  4.40  2.54  1.50  1.23  0.77  0.46  0.27  0.13  0.07  0.04  0.03  0.03
10 -60  0.03  0.09  0.15  0.31  0.61  0.90  1.48  2.84  4.10  4.98  6.35  7.42  7.50  7.07  6.90  6.80  5.00  3.02  1.76  1.43  0.84  0.46  0.28  0.14  0.07  0.04  0.04  0.03
10 -55  0.03  0.09  0.16  0.31  0.62  0.93  1.52  2.93  4.25  5.16  6.57  7.67  7.75  7.36  6.91  6.63  5.07  3.16  1.87  1.50  0.85  0.42  0.26  0.16  0.07  0.05  0.04  0.03
10 -50  0.03  0.09  0.16  0.31  0.62  0.93  1.53  2.96  4.35  5.28  6.77  7.93  8.03  7.58  6.90  6.45  5.15  3.30  1.97  1.57  0.86  0.38  0.24  0.16  0.07  0.05  0.04  0.03
10 -45  0.03  0.09  0.16  0.31  0.62  0.92  1.51  2.92  4.31  5.26  6.86  8.15  8.29  7.81  7.07  6.60  5.28  3.37  1.96  1.56  0.85  0.37  0.23  0.11  0.07  0.05  0.04  0.04
10 -40  0.03  0.09  0.16  0.31  0.62  0.92  1.51  2.91  4.27  5.25  6.90  8.31  8.48  7.96  7.25  6.76  5.40  3.42  1.97  1.56  0.84  0.36  0.23  0.10  0.06  0.05  0.04  0.04
10 -35  0.03  0.09  0.15  0.31  0.61  0.91  1.50  2.88  4.20  5.11  6.81  8.36  8.67  8.24  7.33  6.72  5.13  2.91  1.53  1.19  0.60  0.26  0.15  0.09  0.06  0.05  0.04  0.04
10 -30  0.03  0.09  0.15  0.30  0.60  0.90  1.47  2.85  4.14  5.02  6.72  8.45  8.86  8.47  7.39  6.67  4.86  2.42  1.08  0.81  0.35  0.15  0.10  0.07  0.06  0.05  0.05  0.04
10 -25  0.03  0.09  0.15  0.31  0.61  0.91  1.49  2.84  4.10  4.96  6.62  8.47  9.02  8.75  7.54  6.73  4.63  2.08  0.89  0.65  0.26  0.09  0.06  0.05  0.05  0.05  0.05  0.04
10 -20  0.03  0.09  0.15  0.30  0.60  0.90  1.47  2.81  4.04  4.85  6.50  8.54  9.24  9.07  7.73  6.79  4.41  1.75  0.69  0.49  0.17  0.06  0.05  0.04  0.04  0.05  0.05  0.05
10 -15  0.03  0.09  0.15  0.29  0.58  0.87  1.43  2.75  3.94  4.78  6.40  8.50  9.33  9.34  8.00  7.04  4.23  1.61  0.61  0.43  0.15  0.05  0.04  0.04  0.04  0.04  0.05  0.04
10 -10  0.03  0.09  0.14  0.28  0.57  0.85  1.40  2.72  3.86  4.69  6.34  8.44  9.37  9.54  8.25  7.29  4.06  1.47  0.53  0.37  0.12  0.04  0.04  0.03  0.04  0.04  0.04  0.04
10  -5  0.03  0.09  0.14  0.29  0.57  0.85  1.40  2.71  3.82  4.63  6.35  8.40  9.34  9.62  8.32  7.29  4.04  1.45  0.51  0.36  0.12  0.04  0.03  0.03  0.03  0.04  0.04  0.03
10   0  0.03  0.08  0.14  0.28  0.56  0.83  1.38  2.69  3.77  4.55  6.24  8.34  9.29  9.69  8.38  7.32  4.01  1.43  0.49  0.35  0.12  0.04  0.03  0.03  0.03  0.03  0.03  0.03
10   5  0.03  0.09  0.15  0.29  0.58  0.86  1.42  2.74  3.87  4.68  6.33  8.40  9.31  9.67  8.37  7.34  4.22  1.53  0.56  0.40  0.14  0.03  0.03  0.03  0.03  0.03  0.03  0.03
10  10  0.03  0.09  0.15  0.30  0.59  0.88  1.44  2.78  3.95  4.78  6.38  8.38  9.30  9.63  8.33  7.36  4.41  1.62  0.65  0.46  0.15  0.03  0.03  0.03  0.03  0.03  0.03  0.03
10  15  0.03  0.09  0.15  0.30  0.60  0.89  1.46  2.81  4.02  4.89  6.45  8.33  9.14  9.33  8.05  7.16  4.38  1.63  0.66  0.47  0.16  0.04  0.03  0.03  0.03  0.04  0.04  0.04
10  20  0.03  0.09  0.16  0.31  0.62  0.92  1.50  2.86  4.12  5.04  6.57  8.29  8.95  8.98  7.77  6.94  4.35  1.64  0.67  0.48  0.16  0.04  0.04  0.04  0.04  0.04  0.04  0.04
10  25  0.03  0.09  0.15  0.31  0.61  0.91  1.50  2.89  4.20  5.14  6.70  8.20  8.70  8.63  7.60  6.93  4.39  1.69  0.69  0.50  0.18  0.06  0.04  0.04  0.04  0.04  0.04  0.04
10  30  0.03  0.10  0.16  0.32  0.63  0.93  1.53  2.94  4.29  5.24  6.76  8.08  8.44  8.26  7.46  6.91  4.44  1.74  0.71  0.52  0.20  0.08  0.05  0.05  0.04  0.05  0.05  0.04
10  35  0.03  0.10  0.16  0.33  0.65  0.96  1.58  3.02  4.44  5.43  6.84  7.87  8.01  7.77  7.02  6.48  4.35  1.90  0.91  0.68  0.31  0.11  0.07  0.05  0.05  0.05  0.05  0.04
10  40  0.03  0.10  0.17  0.33  0.66  0.99  1.62  3.09  4.54  5.58  6.91  7.65  7.59  7.26  6.56  6.06  4.27  2.08  1.11  0.86  0.42  0.18  0.09  0.07  0.06  0.05  0.05  0.05
10  45  0.04  0.11  0.18  0.35  0.69  1.03  1.68  3.19  4.66  5.70  6.86  7.30  7.13  6.77  6.18  5.79  4.26  2.28  1.29  1.03  0.57  0.23  0.13  0.09  0.07  0.05  0.05  0.05
10  50  0.04  0.11  0.18  0.36  0.71  1.06  1.73  3.29  4.82  5.86  6.84  7.04  6.73  6.32  5.86  5.53  4.24  2.47  1.47  1.19  0.70  0.28  0.15  0.11  0.08  0.06  0.05  0.05
10  55  0.04  0.11  0.18  0.36  0.72  1.07  1.75  3.35  4.83  5.84  6.63  6.68  6.32  5.90  5.50  5.23  4.15  2.51  1.56  1.27  0.77  0.33  0.19  0.13  0.09  0.06  0.05  0.05
10  60  0.04  0.11  0.19  0.37  0.74  1.10  1.81  3.48  4.97  5.98  6.56  6.40  5.97  5.49  5.17  4.96  4.07  2.56  1.67  1.36  0.84  0.38  0.23  0.15  0.10  0.06  0.05  0.05
10  65  0.04  0.11  0.19  0.38  0.76  1.12  1.84  3.53  4.87  5.75  6.13  5.90  5.48  5.03  4.75  4.56  3.79  2.53  1.78  1.47  0.95  0.42  0.25  0.16  0.10  0.06  0.05  0.05
10  70  0.04  0.12  0.19  0.39  0.77  1.14  1.87  3.58  4.76  5.54  5.71  5.40  5.00  4.58  4.33  4.16  3.52  2.51  1.89  1.58  1.06  0.47  0.28  0.18  0.11  0.06  0.05  0.05
10  75  0.04  0.12  0.19  0.38  0.76  1.13  1.86  3.54  4.37  4.89  5.00  4.82  4.54  4.20  3.99  3.83  3.35  2.52  1.94  1.63  1.10  0.49  0.28  0.19  0.11  0.06  0.05  0.05
10  80  0.04  0.12  0.19  0.38  0.76  1.13  1.84  3.51  3.99  4.25  4.29  4.25  4.08  3.83  3.64  3.51  3.20  2.53  1.98  1.67  1.15  0.51  0.29  0.20  0.11  0.06  0.05  0.05
10  85  0.04  0.12  0.19  0.38  0.76  1.13  1.84  3.51  3.99  4.26  4.30  4.26  4.09  3.83  3.65  3.51  3.20  2.53  1.98  1.67  1.15  0.51  0.29  0.20  0.12  0.06  0.05  0.05
10  90  0.04  0.12  0.19  0.38  0.76  1.13  1.84  3.52  4.00  4.28  4.32  4.27  4.10  3.84  3.65  3.52  3.20  2.54  1.98  1.67  1.15  0.51  0.29  0.20  0.12  0.06  0.05  0.05
11 -90  0.02  0.07  0.12  0.25  0.49  0.73  1.19  2.29  3.20  3.86  5.25  6.36  6.51  6.18  5.84  5.66  4.47  2.40  1.40  1.15  0.73  0.43  0.26  0.15  0.06  0.04  0.03  0.03
11 -85  0.02  0.07  0.12  0.25  0.49  0.73  1.20  2.29  3.20  3.86  5.25  6.36  6.51  6.18  5.84  5.66  4.47  2.40  1.40  1.15  0.73  0.43  0.26  0.11  0.06  0.04  0.03  0.03
11 -80  0.02  0.07  0.12  0.25  0.49  0.73  1.20  2.29  3.20  3.86  5.25  6.35  6.51  6.18  5.84  5.66  4.47  2.39  1.41  1.15  0.73  0.43  0.26  0.15  0.06  0.04  0.03  0.03
11 -75  0.03  0.08  0.13  0.25  0.50  0.74  1.21  2.32  3.27  3.94  5.29  6.47  6.68  6.35  6.17  6.09  4.75  2.58  1.52  1.24  0.79  0.46  0.28  0.16  0.07  0.04  0.03  0.03
11 -70  0.03  0.08  0.13  0.25  0.50  0.75  1.23  2.35  3.33  4.02  5.32  6.58  6.85  6.53  6.49  6.51  5.01  2.73  1.61  1.32  0.83  0.49  0.29  0.17  0.07  0.04  0.03  0.03
11 -65  0.03  0.08  0.13  0.26  0.52  0.77  1.27  2.43  3.46  4.19  5.54  6.85  7.14  6.80  6.74  6.74  5.14  2.91  1.72  1.39  0.83  0.47  0.29  0.17  0.08  0.04  0.03  0.03
11 -60  0.03  0.08  0.14  0.27  0.54  0.80  1.31  2.51  3.60  4.36  5.77  7.12  7.42  7.06  7.00  6.98  5.27  3.10  1.83  1.46  0.83  0.45  0.28  0.17  0.08  0.05  0.03  0.03
11 -55  0.03  0.08  0.14  0.28  0.56  0.83  1.36  2.60  3.73  4.51  5.95  7.40  7.73  7.41  6.96  6.65  5.11  3.10  1.82  1.44  0.77  0.39  0.25  0.16  0.08  0.05  0.04  0.03
11 -50  0.03  0.08  0.14  0.28  0.56  0.83  1.37  2.63  3.79  4.58  6.10  7.68  8.07  7.69  6.88  6.32  4.95  3.10  1.79  1.40  0.72  0.33  0.22  0.13  0.07  0.05  0.04  0.03
11 -45  0.03  0.08  0.14  0.28  0.55  0.82  1.35  2.61  3.77  4.57  6.17  7.91  8.37  8.00  7.06  6.43  5.03  3.11  1.77  1.38  0.70  0.31  0.21  0.11  0.07  0.05  0.04  0.03
11 -40  0.03  0.08  0.14  0.27  0.55  0.82  1.35  2.63  3.78  4.59  6.24  8.10  8.63  8.25  7.26  6.56  5.09  3.11  1.76  1.37  0.69  0.31  0.20  0.09  0.06  0.05  0.04  0.04
11 -35  0.03  0.08  0.14  0.28  0.56  0.83  1.37  2.66  3.78  4.56  6.23  8.17  8.81  8.55  7.41  6.64  4.81  2.63  1.35  1.03  0.49  0.23  0.13  0.08  0.06  0.05  0.04  0.04
11 -30  0.03  0.08  0.14  0.28  0.56  0.83  1.37  2.68  3.81  4.58  6.24  8.27  9.00  8.81  7.55  6.70  4.54  2.16  0.93  0.69  0.28  0.15  0.09  0.06  0.05  0.05  0.05  0.04
11 -25  0.03  0.09  0.14  0.29  0.57  0.85  1.41  2.72  3.87  4.65  6.29  8.36  9.12  9.02  7.63  6.68  4.37  1.95  0.79  0.57  0.22  0.09  0.06  0.05  0.05  0.05  0.05  0.04
11 -20  0.03  0.09  0.14  0.29  0.57  0.85  1.40  2.73  3.89  4.68  6.31  8.48  9.30  9.25  7.73  6.67  4.21  1.74  0.65  0.46  0.15  0.06  0.05  0.04  0.04  0.05  0.05  0.04
11 -15  0.03  0.08  0.14  0.28  0.56  0.84  1.39  2.71  3.88  4.69  6.30  8.48  9.38  9.44  7.96  6.91  4.10  1.61  0.59  0.42  0.14  0.05  0.04  0.04  0.04  0.04  0.04  0.04
11 -10  0.03  0.08  0.14  0.28  0.55  0.82  1.37  2.72  3.86  4.70  6.36  8.45  9.38  9.57  8.17  7.14  3.99  1.46  0.52  0.37  0.13  0.04  0.04  0.03  0.03  0.04  0.04  0.04
11  -5  0.03  0.08  0.14  0.28  0.55  0.83  1.37  2.72  3.87  4.70  6.42  8.39  9.27  9.53  8.16  7.12  3.93  1.40  0.50  0.36  0.13  0.04  0.03  0.03  0.03  0.04  0.03  0.03
11   0  0.03  0.09  0.14  0.28  0.57  0.85  1.40  2.74  3.87  4.69  6.37  8.32  9.17  9.48  8.16  7.12  3.86  1.34  0.47  0.34  0.13  0.04  0.03  0.03  0.03  0.03  0.03  0.03
11   5  0.03  0.09  0.15  0.29  0.58  0.87  1.43  2.77  3.93  4.75  6.37  8.28  9.08  9.41  8.13  7.12  4.06  1.43  0.51  0.37  0.13  0.04  0.03  0.03  0.03  0.03  0.03  0.03
11  10  0.03  0.09  0.15  0.30  0.59  0.87  1.44  2.79  3.96  4.79  6.33  8.15  8.98  9.31  8.07  7.12  4.24  1.51  0.56  0.40  0.14  0.04  0.03  0.03  0.03  0.04  0.04  0.03
11  15  0.03  0.09  0.15  0.30  0.59  0.89  1.46  2.82  4.03  4.90  6.36  8.04  8.75  8.95  7.75  6.90  4.16  1.52  0.57  0.41  0.14  0.04  0.03  0.03  0.03  0.04  0.04  0.04
11  20  0.03  0.09  0.16  0.31  0.62  0.91  1.50  2.86  4.12  5.04  6.46  7.94  8.51  8.58  7.44  6.67  4.07  1.53  0.58  0.42  0.15  0.05  0.04  0.04  0.04  0.04  0.04  0.04
11  25  0.03  0.09  0.16  0.31  0.62  0.92  1.51  2.93  4.27  5.22  6.63  7.85  8.22  8.14  7.19  6.59  4.15  1.63  0.65  0.48  0.18  0.06  0.04  0.04  0.04  0.04  0.04  0.04
11  30  0.03  0.10  0.16  0.33  0.65  0.96  1.58  3.02  4.43  5.42  6.75  7.73  7.92  7.70  6.98  6.51  4.23  1.73  0.72  0.54  0.22  0.08  0.05  0.05  0.04  0.04  0.04  0.04
11  35  0.03  0.10  0.17  0.35  0.69  1.02  1.67  3.19  4.68  5.72  6.87  7.52  7.50  7.22  6.64  6.24  4.38  2.00  0.96  0.73  0.35  0.15  0.08  0.06  0.05  0.05  0.04  0.04
11  40  0.04  0.11  0.18  0.36  0.72  1.07  1.75  3.33  4.89  5.99  7.00  7.30  7.07  6.71  6.28  5.98  4.55  2.29  1.21  0.94  0.47  0.19  0.11  0.07  0.06  0.05  0.05  0.05
11  45  0.04  0.12  0.19  0.38  0.76  1.13  1.84  3.49  5.04  6.13  6.88  6.93  6.63  6.29  6.01  5.83  4.58  2.46  1.41  1.12  0.63  0.27  0.16  0.10  0.07  0.05  0.05  0.05
11  50  0.04  0.12  0.20  0.40  0.80  1.19  1.94  3.66  5.24  6.30  6.81  6.62  6.24  5.88  5.78  5.71  4.62  2.64  1.60  1.30  0.78  0.34  0.19  0.13  0.08  0.06  0.05  0.05
11  55  0.04  0.12  0.20  0.41  0.81  1.20  1.96  3.72  5.14  6.07  6.42  6.22  5.89  5.59  5.52  5.47  4.47  2.67  1.67  1.39  0.90  0.39  0.22  0.14  0.09  0.06  0.05  0.05
11  60  0.04  0.12  0.21  0.41  0.82  1.22  2.00  3.83  5.15  6.01  6.18  5.91  5.59  5.30  5.28  5.26  4.34  2.72  1.77  1.49  1.01  0.44  0.24  0.15  0.10  0.06  0.05  0.05
11  65  0.04  0.12  0.20  0.40  0.80  1.18  1.94  3.70  4.91  5.70  5.92  5.73  5.46  5.18  5.04  4.93  4.21  2.78  1.94  1.66  1.19  0.52  0.28  0.18  0.10  0.06  0.05  0.05
11  70  0.04  0.12  0.20  0.39  0.78  1.16  1.89  3.57  4.68  5.39  5.66  5.55  5.33  5.07  4.80  4.60  4.09  2.85  2.12  1.83  1.36  0.61  0.32  0.20  0.10  0.06  0.05  0.05
11  75  0.04  0.12  0.20  0.39  0.77  1.14  1.85  3.46  4.42  5.03  5.22  4.89  4.54  4.22  3.98  3.80  3.53  2.76  2.05  1.76  1.29  0.57  0.29  0.18  0.10  0.06  0.05  0.05
11  80  0.04  0.12  0.19  0.38  0.76  1.12  1.81  3.35  4.15  4.67  4.79  4.23  3.74  3.38  3.17  3.01  2.98  2.68  1.98  1.70  1.23  0.53  0.26  0.16  0.11  0.06  0.05  0.05
11  85  0.04  0.12  0.19  0.38  0.76  1.12  1.81  3.36  4.16  4.68  4.80  4.24  3.75  3.39  3.17  3.01  2.98  2.68  1.98  1.70  1.23  0.53  0.26  0.16  0.11  0.06  0.05  0.05
11  90  0.04  0.12  0.19  0.38  0.76  1.12  1.81  3.36  4.17  4.69  4.81  4.26  3.76  3.39  3.18  3.02  2.98  2.68  1.98  1.69  1.23  0.53  0.26  0.16  0.11  0.06  0.05  0.05
12 -90  0.02  0.07  0.11  0.22  0.43  0.65  1.05  2.00  2.87  3.50  4.88  6.06  6.17  5.69  5.43  5.26  4.66  3.21  1.94  1.56  0.92  0.45  0.30  0.18  0.09  0.05  0.03  0.02
12 -85  0.02  0.07  0.11  0.22  0.43  0.65  1.06  2.00  2.88  3.50  4.87  6.06  6.17  5.69  5.43  5.26  4.66  3.21  1.94  1.56  0.92  0.45  0.30  0.18  0.09  0.05  0.03  0.03
12 -80  0.02  0.07  0.11  0.22  0.44  0.65  1.06  2.01  2.88  3.50  4.87  6.06  6.17  5.69  5.43  5.26  4.66  3.20  1.94  1.56  0.92  0.45  0.30  0.18  0.09  0.05  0.03  0.03
12 -75  0.02  0.07  0.11  0.23  0.45  0.67  1.09  2.07  2.95  3.58  4.90  6.14  6.32  5.87  5.61  5.44  4.79  3.21  1.94  1.56  0.92  0.45  0.30  0.18  0.08  0.04  0.03  0.03
12 -70  0.02  0.07  0.12  0.23  0.46  0.68  1.12  2.14  3.03  3.65  4.92  6.23  6.48  6.06  5.80  5.62  4.91  3.22  1.93  1.56  0.92  0.44  0.30  0.17  0.08  0.04  0.03  0.03
12 -65  0.02  0.07  0.12  0.24  0.48  0.71  1.16  2.22  3.14  3.78  5.09  6.50  6.85  6.48  6.16  5.94  4.97  3.16  1.87  1.50  0.86  0.41  0.28  0.16  0.08  0.04  0.03  0.03
12 -60  0.03  0.08  0.13  0.25  0.50  0.74  1.21  2.31  3.25  3.91  5.25  6.78  7.22  6.90  6.52  6.25  5.04  3.11  1.80  1.44  0.80  0.37  0.26  0.15  0.09  0.05  0.03  0.03
12 -55  0.03  0.08  0.13  0.26  0.52  0.78  1.27  2.43  3.40  4.07  5.43  7.09  7.63  7.43  6.83  6.41  4.93  2.93  1.65  1.31  0.69  0.33  0.23  0.14  0.09  0.05  0.04  0.03
12 -50  0.03  0.08  0.13  0.27  0.53  0.79  1.29  2.47  3.47  4.15  5.58  7.40  8.07  7.89  7.10  6.55  4.83  2.75  1.48  1.16  0.58  0.29  0.19  0.13  0.08  0.05  0.04  0.03
12 -45  0.03  0.08  0.13  0.26  0.53  0.78  1.29  2.49  3.50  4.19  5.69  7.65  8.40  8.25  7.09  6.30  4.64  2.60  1.40  1.09  0.54  0.26  0.17  0.10  0.07  0.05  0.04  0.03
12 -40  0.03  0.08  0.13  0.26  0.52  0.78  1.29  2.54  3.56  4.27  5.83  7.87  8.69  8.58  7.11  6.07  4.43  2.45  1.33  1.04  0.52  0.24  0.14  0.08  0.06  0.05  0.04  0.04
12 -35  0.03  0.08  0.14  0.27  0.54  0.80  1.33  2.60  3.62  4.34  5.93  8.00  8.84  8.79  7.46  6.55  4.40  2.16  1.05  0.80  0.37  0.19  0.10  0.07  0.05  0.05  0.04  0.04
12 -30  0.03  0.08  0.14  0.27  0.55  0.82  1.35  2.65  3.73  4.46  6.07  8.16  9.00  8.97  7.81  7.01  4.37  1.87  0.77  0.57  0.24  0.13  0.08  0.06  0.05  0.05  0.04  0.04
12 -25  0.03  0.09  0.14  0.28  0.56  0.84  1.39  2.71  3.84  4.63  6.26  8.34  9.13  9.10  7.82  6.95  4.25  1.74  0.67  0.48  0.18  0.08  0.06  0.05  0.05  0.05  0.05  0.04
12 -20  0.03  0.08  0.14  0.28  0.56  0.84  1.39  2.74  3.94  4.76  6.42  8.56  9.34  9.26  7.87  6.89  4.15  1.61  0.56  0.40  0.13  0.06  0.04  0.04  0.04  0.04  0.04  0.04
12 -15  0.03  0.08  0.14  0.28  0.56  0.84  1.39  2.75  3.99  4.86  6.54  8.66  9.47  9.44  8.01  7.02  4.08  1.52  0.52  0.36  0.12  0.05  0.04  0.04  0.04  0.04  0.04  0.04
12 -10  0.03  0.08  0.14  0.28  0.55  0.83  1.38  2.77  4.04  4.96  6.72  8.73  9.52  9.58  8.15  7.14  4.00  1.41  0.46  0.33  0.12  0.04  0.03  0.03  0.03  0.04  0.04  0.03
12  -5  0.03  0.08  0.14  0.28  0.56  0.83  1.39  2.78  4.07  5.01  6.82  8.65  9.37  9.47  7.96  6.86  3.85  1.36  0.44  0.32  0.13  0.04  0.03  0.03  0.03  0.03  0.03  0.03
12   0  0.03  0.09  0.15  0.29  0.59  0.88  1.44  2.82  4.12  5.05  6.83  8.61  9.26  9.39  7.79  6.60  3.69  1.30  0.42  0.31  0.13  0.04  0.03  0.03  0.03  0.03  0.03  0.03
12   5  0.03  0.09  0.15  0.30  0.59  0.88  1.45  2.83  4.14  5.05  6.75  8.43  9.02  9.17  7.79  6.73  3.91  1.39  0.47  0.34  0.13  0.04  0.03  0.03  0.03  0.03  0.03  0.03
12  10  0.03  0.09  0.15  0.30  0.60  0.89  1.47  2.85  4.13  5.04  6.62  8.19  8.77  8.92  7.76  6.87  4.12  1.49  0.52  0.37  0.13  0.04  0.03  0.03  0.03  0.04  0.04  0.04
12  15  0.03  0.09  0.15  0.30  0.60  0.89  1.47  2.85  4.16  5.08  6.54  7.99  8.47  8.53  7.41  6.61  4.03  1.54  0.54  0.39  0.13  0.04  0.04  0.04  0.04  0.04  0.04  0.04
12  20  0.03  0.09  0.16  0.31  0.62  0.92  1.50  2.87  4.19  5.14  6.53  7.81  8.20  8.14  7.06  6.34  3.95  1.60  0.57  0.41  0.14  0.05  0.04  0.04  0.04  0.04  0.04  0.04
12  25  0.03  0.09  0.15  0.31  0.61  0.91  1.50  2.91  4.26  5.21  6.56  7.63  7.87  7.68  6.90  6.41  4.15  1.76  0.70  0.51  0.20  0.06  0.05  0.04  0.04  0.04  0.04  0.04
12  30  0.03  0.10  0.16  0.32  0.64  0.95  1.56  2.98  4.34  5.31  6.55  7.44  7.55  7.24  6.77  6.47  4.35  1.91  0.82  0.62  0.26  0.09  0.06  0.05  0.05  0.04  0.04  0.04
12  35  0.03  0.10  0.17  0.34  0.68  1.01  1.65  3.14  4.55  5.52  6.60  7.20  7.16  6.86  6.59  6.40  4.64  2.20  1.09  0.84  0.44  0.20  0.09  0.07  0.05  0.05  0.05  0.04
12  40  0.04  0.11  0.18  0.36  0.71  1.06  1.73  3.29  4.71  5.71  6.63  6.97  6.78  6.43  6.37  6.32  4.93  2.52  1.36  1.08  0.61  0.27  0.15  0.09  0.07  0.05  0.05  0.05
12  45  0.04  0.11  0.19  0.38  0.75  1.11  1.82  3.44  4.81  5.78  6.47  6.61  6.41  6.16  6.09  6.06  4.86  2.80  1.58  1.28  0.77  0.35  0.19  0.13  0.08  0.05  0.05  0.05
12  50  0.04  0.12  0.20  0.40  0.79  1.17  1.91  3.62  4.98  5.89  6.34  6.31  6.08  5.88  5.85  5.82  4.79  3.07  1.81  1.48  0.92  0.42  0.23  0.15  0.09  0.06  0.05  0.05
12  55  0.04  0.12  0.20  0.40  0.79  1.17  1.91  3.61  4.81  5.58  5.98  6.02  5.87  5.73  5.63  5.54  4.59  3.06  1.92  1.60  1.06  0.49  0.26  0.16  0.09  0.06  0.05  0.05
12  60  0.04  0.12  0.20  0.40  0.79  1.17  1.92  3.65  4.74  5.43  5.75  5.81  5.71  5.59  5.42  5.30  4.40  3.07  2.05  1.74  1.20  0.57  0.29  0.18  0.10  0.06  0.05  0.05
12  65  0.04  0.12  0.21  0.41  0.81  1.20  1.95  3.63  4.69  5.38  5.72  5.74  5.61  5.44  5.18  4.99  4.27  3.00  2.10  1.79  1.27  0.59  0.28  0.17  0.10  0.06  0.05  0.05
12  70  0.04  0.13  0.21  0.42  0.83  1.22  1.97  3.61  4.63  5.32  5.69  5.69  5.50  5.28  4.93  4.68  4.14  2.94  2.15  1.85  1.33  0.62  0.28  0.17  0.10  0.06  0.05  0.05
12  75  0.04  0.12  0.20  0.40  0.79  1.17  1.87  3.36  4.39  5.09  5.48  5.31  5.03  4.76  4.46  4.24  3.92  2.96  2.17  1.86  1.34  0.62  0.30  0.18  0.11  0.06  0.05  0.05
12  80  0.04  0.12  0.19  0.38  0.75  1.10  1.76  3.10  4.15  4.86  5.28  4.94  4.57  4.24  3.98  3.79  3.70  2.98  2.19  1.87  1.35  0.62  0.32  0.20  0.11  0.06  0.05  0.05
12  85  0.04  0.12  0.19  0.38  0.75  1.10  1.76  3.10  4.15  4.87  5.29  4.95  4.58  4.25  3.99  3.80  3.70  2.99  2.19  1.87  1.35  0.62  0.32  0.20  0.11  0.06  0.05  0.05
12  90  0.04  0.12  0.19  0.38  0.75  1.10  1.76  3.11  4.16  4.88  5.30  4.96  4.58  4.25  3.99  3.80  3.70  2.99  2.19  1.87  1.35  0.62  0.32  0.20  0.11  0.06  0.05  0.05
