     0.010
     0.030
     0.050
     0.100
     0.200
     0.300
     0.500
     1.000
     1.500
     2.000
     3.000
     5.000
     7.000
    10.000
    15.000
    20.000
    30.000
    50.000
    70.000
    80.000
   100.000
   150.000
   200.000
   250.000
   300.000
   400.000
   500.000
   600.000
 1 -90  0.02  0.07  0.12  0.25  0.49  0.72  1.17  2.16  3.25  4.06  5.54  6.26  5.94  5.03  4.04  3.51  3.51  3.33  2.57  2.19  1.53  0.76  0.44  0.25  0.12  0.05  0.03  0.02
 1 -85  0.02  0.07  0.12  0.25  0.49  0.72  1.17  2.16  3.28  4.05  5.49  6.26  5.98  5.13  4.18  3.61  3.51  3.16  2.40  2.04  1.41  0.68  0.41  0.24  0.11  0.05  0.03  0.02
 1 -80  0.03  0.08  0.12  0.25  0.49  0.72  1.17  2.18  3.29  4.05  5.48  6.25  5.98  5.15  4.21  3.64  3.51  3.13  2.38  2.02  1.39  0.67  0.41  0.23  0.11  0.04  0.03  0.02
 1 -75  0.03  0.08  0.13  0.26  0.51  0.75  1.21  2.26  3.36  4.10  5.48  6.38  6.23  5.47  4.60  4.07  3.80  3.16  2.33  1.97  1.34  0.65  0.40  0.23  0.11  0.04  0.03  0.02
 1 -70  0.03  0.08  0.13  0.26  0.52  0.77  1.25  2.34  3.42  4.16  5.50  6.53  6.50  5.80  5.01  4.51  4.10  3.19  2.26  1.90  1.27  0.63  0.38  0.22  0.10  0.04  0.03  0.02
 1 -65  0.03  0.08  0.14  0.27  0.54  0.79  1.29  2.42  3.52  4.29  5.69  6.91  7.03  6.44  5.71  5.24  4.33  3.11  2.11  1.76  1.16  0.58  0.36  0.20  0.07  0.04  0.03  0.02
 1 -60  0.03  0.08  0.14  0.28  0.55  0.82  1.33  2.49  3.62  4.41  5.88  7.30  7.57  7.09  6.41  5.96  4.56  3.04  1.96  1.62  1.04  0.53  0.33  0.18  0.08  0.04  0.03  0.02
 1 -55  0.03  0.09  0.15  0.30  0.58  0.86  1.40  2.61  3.80  4.58  6.08  7.64  8.04  7.79  6.92  6.30  4.43  2.77  1.69  1.39  0.84  0.43  0.26  0.15  0.08  0.04  0.03  0.03
 1 -50  0.03  0.09  0.15  0.30  0.59  0.88  1.42  2.66  3.84  4.62  6.21  8.00  8.57  8.37  7.34  6.60  4.27  2.46  1.36  1.11  0.64  0.32  0.19  0.10  0.07  0.04  0.04  0.03
 1 -45  0.03  0.09  0.15  0.30  0.59  0.87  1.43  2.71  3.89  4.73  6.40  8.29  8.95  8.75  7.50  6.61  4.25  2.40  1.28  1.03  0.57  0.27  0.16  0.08  0.06  0.04  0.04  0.03
 1 -40  0.03  0.09  0.15  0.30  0.59  0.88  1.45  2.80  3.97  4.83  6.55  8.53  9.27  9.12  7.66  6.64  4.23  2.32  1.17  0.93  0.49  0.22  0.10  0.06  0.05  0.04  0.04  0.03
 1 -35  0.03  0.09  0.15  0.30  0.60  0.90  1.48  2.87  4.12  5.01  6.80  8.77  9.47  9.26  7.81  6.81  4.22  2.01  0.93  0.72  0.36  0.14  0.08  0.06  0.05  0.04  0.04  0.04
 1 -30  0.03  0.09  0.15  0.31  0.61  0.91  1.51  2.95  4.24  5.16  7.01  8.98  9.65  9.45  7.94  6.94  4.19  1.71  0.69  0.52  0.23  0.10  0.06  0.05  0.05  0.05  0.04  0.04
 1 -25  0.03  0.09  0.16  0.31  0.62  0.93  1.53  2.98  4.36  5.33  7.21  9.26  9.89  9.69  8.01  6.88  4.08  1.55  0.57  0.43  0.19  0.07  0.05  0.04  0.04  0.05  0.04  0.04
 1 -20  0.03  0.09  0.15  0.31  0.61  0.92  1.53  3.04  4.47  5.49  7.44  9.56 10.16  9.91  8.08  6.82  3.99  1.37  0.46  0.35  0.15  0.05  0.04  0.04  0.04  0.04  0.04  0.04
 1 -15  0.03  0.09  0.15  0.31  0.61  0.92  1.53  3.03  4.53  5.65  7.70  9.76 10.32 10.08  8.19  6.91  3.89  1.29  0.41  0.31  0.14  0.05  0.04  0.04  0.04  0.04  0.04  0.03
 1 -10  0.03  0.09  0.15  0.30  0.61  0.91  1.53  3.06  4.64  5.83  8.03 10.01 10.56 10.30  8.36  7.01  3.77  1.22  0.35  0.27  0.09  0.04  0.03  0.03  0.03  0.04  0.04  0.03
 1  -5  0.03  0.09  0.15  0.30  0.61  0.91  1.53  3.05  4.65  5.85  8.08  9.95 10.43 10.17  8.24  6.89  3.64  1.16  0.32  0.26  0.07  0.04  0.03  0.03  0.03  0.04  0.03  0.03
 1   0  0.03  0.10  0.16  0.33  0.65  0.96  1.57  3.01  4.66  5.88  8.12  9.91 10.29 10.08  8.15  6.79  3.54  1.12  0.30  0.25  0.06  0.04  0.03  0.03  0.03  0.04  0.04  0.03
 1   5  0.03  0.10  0.16  0.33  0.65  0.96  1.58  3.04  4.66  5.86  7.93  9.62 10.01  9.74  7.96  6.73  3.67  1.23  0.35  0.28  0.06  0.04  0.03  0.03  0.03  0.04  0.04  0.04
 1  10  0.03  0.10  0.16  0.33  0.65  0.97  1.59  3.06  4.68  5.84  7.81  9.34  9.66  9.37  7.77  6.67  3.81  1.34  0.41  0.32  0.06  0.04  0.04  0.04  0.04  0.04  0.04  0.04
 1  15  0.03  0.10  0.17  0.33  0.66  0.98  1.60  3.07  4.68  5.84  7.67  9.00  9.21  8.86  7.42  6.42  3.83  1.40  0.42  0.32  0.07  0.04  0.04  0.04  0.04  0.04  0.05  0.05
 1  20  0.03  0.10  0.17  0.34  0.67  1.00  1.63  3.08  4.67  5.82  7.53  8.69  8.76  8.36  7.07  6.18  3.86  1.42  0.43  0.33  0.13  0.05  0.04  0.04  0.04  0.05  0.05  0.05
 1  25  0.03  0.10  0.17  0.34  0.68  1.01  1.66  3.18  4.75  5.92  7.48  8.36  8.32  7.90  6.96  6.34  4.24  1.66  0.60  0.46  0.21  0.06  0.05  0.05  0.05  0.05  0.05  0.05
 1  30  0.04  0.11  0.18  0.36  0.71  1.06  1.72  3.24  4.87  6.01  7.41  8.05  7.89  7.43  6.85  6.47  4.60  1.96  0.79  0.61  0.30  0.11  0.08  0.07  0.06  0.05  0.05  0.05
 1  35  0.04  0.12  0.19  0.38  0.75  1.12  1.82  3.40  5.05  6.17  7.31  7.78  7.57  7.12  6.68  6.39  4.99  2.43  1.19  0.94  0.50  0.26  0.17  0.09  0.07  0.05  0.05  0.05
 1  40  0.04  0.12  0.20  0.40  0.80  1.18  1.92  3.56  5.22  6.29  7.24  7.50  7.26  6.85  6.53  6.30  5.36  2.90  1.60  1.28  0.73  0.39  0.23  0.13  0.08  0.06  0.05  0.05
 1  45  0.04  0.13  0.21  0.42  0.83  1.23  2.00  3.74  5.33  6.33  7.07  7.23  7.01  6.65  6.45  6.34  5.46  3.22  1.89  1.54  0.95  0.51  0.28  0.17  0.09  0.06  0.05  0.05
 1  50  0.04  0.13  0.22  0.44  0.86  1.28  2.08  3.92  5.42  6.35  6.94  7.01  6.83  6.56  6.46  6.40  5.54  3.53  2.17  1.81  1.18  0.62  0.33  0.19  0.10  0.06  0.05  0.05
 1  55  0.04  0.13  0.22  0.44  0.88  1.30  2.11  3.95  5.23  6.06  6.65  6.87  6.75  6.52  6.24  6.03  5.26  3.54  2.34  1.98  1.36  0.69  0.38  0.22  0.10  0.06  0.05  0.05
 1  60  0.05  0.14  0.23  0.45  0.89  1.33  2.16  4.05  5.25  6.05  6.59  6.83  6.73  6.46  6.06  5.77  5.05  3.60  2.55  2.17  1.52  0.76  0.43  0.24  0.10  0.06  0.05  0.05
 1  65  0.05  0.13  0.22  0.45  0.88  1.30  2.11  3.95  5.14  5.95  6.61  7.02  6.97  6.70  6.20  5.82  4.91  3.60  2.54  2.16  1.51  0.75  0.41  0.23  0.10  0.06  0.05  0.05
 1  70  0.04  0.13  0.22  0.44  0.86  1.28  2.07  3.85  5.03  5.86  6.63  7.19  7.20  6.94  6.34  5.88  4.77  3.60  2.53  2.14  1.50  0.75  0.40  0.23  0.11  0.06  0.05  0.05
 1  75  0.04  0.13  0.21  0.42  0.83  1.22  1.97  3.62  4.75  5.54  6.35  6.88  6.82  6.46  5.87  5.39  4.53  3.53  2.62  2.27  1.69  0.79  0.41  0.24  0.11  0.06  0.05  0.05
 1  80  0.04  0.12  0.21  0.41  0.80  1.17  1.88  3.38  4.48  5.24  6.09  6.55  6.41  5.98  5.38  4.89  4.28  3.45  2.72  2.40  1.88  0.83  0.42  0.25  0.11  0.06  0.05  0.05
 1  85  0.04  0.12  0.20  0.41  0.80  1.17  1.88  3.38  4.48  5.25  6.13  6.60  6.46  6.02  5.43  4.93  4.30  3.45  2.72  2.40  1.88  0.83  0.42  0.25  0.11  0.06  0.05  0.05
 1  90  0.04  0.12  0.21  0.41  0.80  1.17  1.88  3.38  4.48  5.24  6.10  6.64  6.53  6.17  5.59  5.03  4.31  3.45  2.72  2.40  1.89  0.85  0.42  0.25  0.11  0.06  0.05  0.05
 2 -90  0.03  0.09  0.15  0.31  0.61  0.90  1.45  2.70  3.96  4.78  5.71  5.60  5.03  4.25  3.81  3.61  3.34  2.91  2.26  1.93  1.35  0.67  0.42  0.26  0.15  0.05  0.03  0.02
 2 -85  0.03  0.09  0.16  0.31  0.61  0.90  1.46  2.71  3.98  4.80  5.75  5.70  5.16  4.40  3.98  3.76  3.41  2.83  2.14  1.82  1.26  0.61  0.38  0.24  0.14  0.04  0.03  0.02
 2 -80  0.03  0.09  0.16  0.31  0.61  0.90  1.46  2.71  3.97  4.79  5.79  5.75  5.20  4.43  4.01  3.77  3.41  2.82  2.13  1.81  1.25  0.60  0.38  0.24  0.14  0.04  0.03  0.02
 2 -75  0.03  0.09  0.15  0.31  0.60  0.89  1.45  2.69  3.95  4.81  5.95  6.18  5.74  4.96  4.43  4.12  3.61  2.82  2.13  1.80  1.21  0.57  0.37  0.23  0.12  0.04  0.03  0.02
 2 -70  0.03  0.09  0.15  0.30  0.60  0.89  1.44  2.67  3.95  4.85  6.13  6.63  6.29  5.50  4.87  4.48  3.81  2.83  2.12  1.78  1.18  0.55  0.36  0.22  0.11  0.04  0.03  0.02
 2 -65  0.03  0.09  0.16  0.31  0.61  0.90  1.46  2.72  4.02  4.95  6.37  7.13  6.92  6.17  5.43  4.95  4.07  2.80  2.02  1.68  1.10  0.52  0.34  0.20  0.09  0.04  0.03  0.02
 2 -60  0.03  0.09  0.16  0.31  0.62  0.91  1.48  2.76  4.07  5.02  6.56  7.59  7.54  6.84  5.99  5.42  4.33  2.77  1.92  1.59  1.02  0.49  0.32  0.19  0.09  0.05  0.03  0.03
 2 -55  0.03  0.10  0.16  0.33  0.64  0.95  1.54  2.85  4.20  5.12  6.68  7.90  8.00  7.52  6.58  5.93  4.28  2.59  1.64  1.35  0.81  0.40  0.25  0.15  0.08  0.05  0.03  0.03
 2 -50  0.03  0.10  0.17  0.33  0.65  0.96  1.55  2.87  4.19  5.08  6.71  8.20  8.51  8.07  7.08  6.40  4.22  2.36  1.28  1.04  0.59  0.30  0.18  0.09  0.06  0.04  0.04  0.03
 2 -45  0.03  0.10  0.16  0.32  0.64  0.95  1.54  2.89  4.20  5.12  6.82  8.43  8.85  8.46  7.27  6.47  4.22  2.25  1.20  0.96  0.51  0.25  0.12  0.07  0.05  0.04  0.04  0.03
 2 -40  0.03  0.10  0.16  0.32  0.64  0.95  1.56  2.96  4.24  5.16  6.89  8.61  9.14  8.85  7.49  6.58  4.22  2.10  1.11  0.87  0.43  0.20  0.09  0.06  0.05  0.04  0.04  0.03
 2 -35  0.03  0.10  0.16  0.32  0.64  0.95  1.56  3.00  4.32  5.26  7.02  8.78  9.36  9.09  7.66  6.69  4.14  1.86  0.90  0.69  0.32  0.12  0.07  0.05  0.05  0.04  0.04  0.03
 2 -30  0.03  0.10  0.16  0.32  0.64  0.96  1.57  3.04  4.38  5.32  7.12  8.94  9.55  9.36  7.81  6.77  4.05  1.62  0.69  0.52  0.23  0.09  0.06  0.05  0.04  0.04  0.04  0.04
 2 -25  0.03  0.10  0.16  0.32  0.64  0.95  1.56  3.02  4.41  5.37  7.18  9.19  9.86  9.72  7.97  6.78  3.93  1.49  0.57  0.42  0.18  0.06  0.04  0.04  0.04  0.04  0.04  0.04
 2 -20  0.03  0.09  0.15  0.31  0.62  0.92  1.53  3.02  4.41  5.37  7.26  9.49 10.21 10.04  8.12  6.79  3.84  1.35  0.44  0.33  0.14  0.05  0.04  0.04  0.04  0.04  0.04  0.03
 2 -15  0.03  0.09  0.15  0.30  0.61  0.91  1.50  2.95  4.35  5.41  7.41  9.70 10.45 10.30  8.29  6.90  3.80  1.25  0.40  0.30  0.13  0.04  0.03  0.03  0.03  0.04  0.04  0.03
 2 -10  0.03  0.09  0.15  0.30  0.59  0.89  1.47  2.91  4.35  5.44  7.63  9.95 10.75 10.59  8.49  7.02  3.75  1.14  0.36  0.28  0.08  0.04  0.03  0.03  0.03  0.03  0.03  0.03
 2  -5  0.03  0.09  0.15  0.29  0.59  0.88  1.46  2.88  4.30  5.41  7.67  9.94 10.69 10.52  8.25  6.64  3.62  1.12  0.35  0.28  0.07  0.04  0.03  0.03  0.03  0.03  0.03  0.03
 2   0  0.03  0.10  0.16  0.32  0.62  0.93  1.50  2.80  4.28  5.36  7.67  9.91 10.58 10.44  8.02  6.27  3.51  1.12  0.34  0.28  0.06  0.04  0.03  0.03  0.03  0.04  0.04  0.03
 2   5  0.03  0.09  0.16  0.31  0.62  0.92  1.51  2.86  4.32  5.42  7.57  9.71 10.33 10.11  7.98  6.48  3.63  1.24  0.40  0.32  0.06  0.04  0.03  0.03  0.03  0.04  0.04  0.04
 2  10  0.03  0.09  0.16  0.31  0.62  0.93  1.52  2.91  4.41  5.50  7.54  9.52 10.06  9.78  7.95  6.70  3.75  1.34  0.46  0.35  0.06  0.04  0.04  0.04  0.04  0.04  0.05  0.04
 2  15  0.03  0.10  0.16  0.32  0.63  0.94  1.54  2.96  4.45  5.54  7.45  9.22  9.66  9.34  7.76  6.69  3.93  1.44  0.49  0.37  0.07  0.04  0.04  0.04  0.04  0.05  0.05  0.05
 2  20  0.03  0.10  0.17  0.33  0.65  0.97  1.58  2.98  4.48  5.58  7.37  8.94  9.24  8.90  7.57  6.68  4.10  1.50  0.52  0.39  0.09  0.05  0.04  0.05  0.05  0.05  0.05  0.05
 2  25  0.03  0.10  0.17  0.33  0.66  0.98  1.61  3.09  4.60  5.73  7.44  8.67  8.83  8.44  7.32  6.59  4.41  1.69  0.65  0.49  0.21  0.07  0.06  0.05  0.05  0.05  0.05  0.05
 2  30  0.04  0.11  0.18  0.35  0.70  1.03  1.68  3.15  4.73  5.85  7.45  8.42  8.40  7.94  7.05  6.47  4.70  1.94  0.83  0.63  0.29  0.18  0.10  0.08  0.06  0.05  0.05  0.05
 2  35  0.04  0.11  0.19  0.37  0.73  1.08  1.76  3.28  4.93  6.09  7.48  8.18  8.04  7.54  6.85  6.42  5.02  2.51  1.25  0.98  0.52  0.33  0.23  0.11  0.08  0.06  0.05  0.05
 2  40  0.04  0.12  0.20  0.39  0.77  1.14  1.85  3.41  5.13  6.32  7.54  7.93  7.67  7.19  6.69  6.35  5.32  3.08  1.66  1.34  0.76  0.50  0.31  0.16  0.10  0.06  0.05  0.05
 2  45  0.04  0.12  0.20  0.41  0.80  1.19  1.93  3.59  5.32  6.48  7.45  7.67  7.40  6.94  6.53  6.31  5.45  3.41  2.01  1.65  1.03  0.61  0.36  0.21  0.10  0.06  0.05  0.05
 2  50  0.04  0.13  0.21  0.42  0.83  1.24  2.01  3.80  5.52  6.63  7.42  7.47  7.20  6.79  6.47  6.29  5.56  3.73  2.35  1.96  1.29  0.72  0.41  0.23  0.11  0.06  0.06  0.05
 2  55  0.04  0.13  0.22  0.44  0.87  1.29  2.09  3.93  5.53  6.56  7.24  7.29  7.04  6.68  6.33  6.10  5.52  3.82  2.50  2.11  1.45  0.77  0.45  0.25  0.12  0.07  0.06  0.05
 2  60  0.05  0.14  0.23  0.46  0.91  1.35  2.20  4.14  5.75  6.77  7.29  7.23  6.94  6.56  6.24  6.04  5.57  3.96  2.70  2.29  1.60  0.82  0.49  0.27  0.12  0.07  0.06  0.05
 2  65  0.05  0.14  0.23  0.46  0.92  1.36  2.21  4.13  5.61  6.55  7.08  7.16  6.97  6.66  6.28  6.01  5.44  3.87  2.78  2.38  1.70  0.86  0.47  0.27  0.12  0.07  0.06  0.05
 2  70  0.05  0.14  0.23  0.46  0.92  1.36  2.20  4.10  5.45  6.32  6.87  7.10  7.00  6.76  6.31  5.98  5.31  3.75  2.84  2.45  1.79  0.91  0.46  0.28  0.12  0.07  0.06  0.05
 2  75  0.05  0.14  0.23  0.46  0.91  1.34  2.17  4.03  5.19  5.96  6.77  7.32  7.35  7.10  6.55  6.15  5.33  3.71  2.88  2.48  1.82  0.94  0.48  0.28  0.13  0.07  0.06  0.05
 2  80  0.05  0.14  0.23  0.45  0.90  1.33  2.14  3.96  4.95  5.60  6.68  7.54  7.68  7.43  6.79  6.30  5.35  3.65  2.92  2.52  1.85  0.98  0.50  0.28  0.14  0.07  0.06  0.05
 2  85  0.05  0.14  0.23  0.45  0.89  1.32  2.13  3.94  4.94  5.60  6.69  7.58  7.73  7.47  6.84  6.35  5.37  3.65  2.92  2.52  1.85  0.98  0.50  0.28  0.14  0.07  0.06  0.05
 2  90  0.05  0.14  0.23  0.45  0.88  1.31  2.12  3.91  4.94  5.64  6.78  7.74  7.90  7.63  7.02  6.52  5.47  3.66  2.95  2.55  1.89  1.02  0.51  0.28  0.14  0.07  0.06  0.05
 3 -90  0.05  0.14  0.23  0.45  0.89  1.31  2.10  3.81  4.90  5.56  5.56  5.19  4.80  4.28  3.75  3.42  3.35  2.70  2.18  1.88  1.31  0.64  0.38  0.23  0.11  0.04  0.03  0.02
 3 -85  0.05  0.14  0.23  0.46  0.90  1.33  2.14  3.87  5.04  5.74  5.78  5.38  4.95  4.41  3.86  3.52  3.44  2.72  2.13  1.82  1.26  0.60  0.35  0.21  0.11  0.04  0.03  0.02
 3 -80  0.05  0.14  0.23  0.46  0.90  1.32  2.13  3.86  5.11  5.84  5.88  5.41  4.96  4.41  3.85  3.52  3.45  2.73  2.13  1.81  1.25  0.60  0.35  0.21  0.11  0.04  0.03  0.02
 3 -75  0.04  0.13  0.22  0.44  0.86  1.26  2.03  3.70  5.15  6.04  6.40  5.99  5.46  4.81  4.17  3.78  3.55  2.74  2.11  1.78  1.20  0.58  0.33  0.20  0.10  0.04  0.03  0.02
 3 -70  0.04  0.13  0.21  0.41  0.81  1.20  1.93  3.53  5.16  6.20  6.92  6.58  5.96  5.21  4.50  4.04  3.64  2.76  2.09  1.75  1.15  0.56  0.32  0.19  0.10  0.04  0.03  0.02
 3 -65  0.04  0.12  0.20  0.40  0.79  1.16  1.87  3.43  5.11  6.22  7.20  7.09  6.55  5.78  5.11  4.67  3.85  2.75  1.98  1.65  1.08  0.52  0.31  0.18  0.09  0.05  0.03  0.03
 3 -60  0.04  0.12  0.19  0.39  0.76  1.12  1.81  3.34  5.04  6.20  7.45  7.62  7.16  6.36  5.72  5.30  4.06  2.74  1.86  1.54  1.00  0.49  0.29  0.17  0.08  0.05  0.03  0.03
 3 -55  0.04  0.12  0.19  0.38  0.76  1.12  1.80  3.32  5.01  6.15  7.52  7.96  7.64  6.98  6.28  5.83  4.30  2.63  1.64  1.35  0.82  0.39  0.23  0.14  0.07  0.04  0.04  0.03
 3 -50  0.04  0.11  0.19  0.38  0.74  1.09  1.76  3.22  4.84  5.94  7.48  8.31  8.17  7.49  6.76  6.29  4.50  2.47  1.33  1.09  0.64  0.29  0.17  0.08  0.06  0.04  0.04  0.03
 3 -45  0.04  0.11  0.18  0.36  0.72  1.06  1.71  3.16  4.73  5.82  7.47  8.53  8.55  7.92  6.82  6.12  4.32  2.34  1.22  0.99  0.56  0.25  0.11  0.06  0.05  0.04  0.04  0.03
 3 -40  0.04  0.11  0.18  0.36  0.70  1.04  1.69  3.14  4.64  5.71  7.41  8.69  8.88  8.38  6.95  6.00  4.13  2.17  1.09  0.88  0.48  0.20  0.09  0.06  0.05  0.04  0.04  0.03
 3 -35  0.03  0.10  0.17  0.35  0.68  1.02  1.66  3.13  4.62  5.67  7.42  8.83  9.15  8.77  7.47  6.59  4.15  1.93  0.88  0.69  0.34  0.14  0.07  0.05  0.04  0.04  0.04  0.03
 3 -30  0.03  0.10  0.17  0.34  0.68  1.00  1.64  3.12  4.60  5.62  7.40  8.96  9.40  9.17  7.97  7.14  4.16  1.70  0.67  0.51  0.22  0.09  0.05  0.04  0.04  0.04  0.04  0.04
 3 -25  0.03  0.10  0.17  0.33  0.66  0.98  1.60  3.06  4.52  5.52  7.28  9.12  9.70  9.58  8.18  7.18  4.02  1.46  0.52  0.38  0.15  0.06  0.04  0.04  0.04  0.04  0.04  0.03
 3 -20  0.03  0.10  0.16  0.32  0.63  0.94  1.55  3.01  4.40  5.35  7.17  9.34 10.06  9.96  8.36  7.23  3.90  1.21  0.37  0.27  0.10  0.05  0.03  0.03  0.04  0.04  0.04  0.03
 3 -15  0.03  0.09  0.16  0.31  0.62  0.92  1.51  2.91  4.23  5.22  7.07  9.41 10.30 10.33  8.43  7.10  3.87  1.18  0.36  0.27  0.11  0.04  0.03  0.03  0.03  0.04  0.04  0.03
 3 -10  0.03  0.09  0.15  0.30  0.61  0.90  1.48  2.86  4.13  5.08  7.07  9.52 10.59 10.70  8.53  6.98  3.83  1.16  0.35  0.27  0.11  0.03  0.03  0.03  0.03  0.03  0.03  0.03
 3  -5  0.03  0.09  0.15  0.30  0.60  0.89  1.46  2.81  4.05  4.99  7.04  9.48 10.56 10.70  8.47  6.87  3.78  1.15  0.35  0.27  0.06  0.03  0.03  0.03  0.03  0.03  0.03  0.03
 3   0  0.03  0.10  0.16  0.32  0.62  0.92  1.49  2.73  3.98  4.89  6.97  9.42 10.47 10.69  8.41  6.76  3.74  1.15  0.35  0.28  0.13  0.03  0.03  0.03  0.03  0.03  0.03  0.03
 3   5  0.03  0.10  0.16  0.31  0.62  0.92  1.49  2.80  4.07  5.02  7.01  9.37 10.33 10.41  8.33  6.85  3.81  1.25  0.40  0.31  0.06  0.03  0.03  0.03  0.03  0.04  0.04  0.04
 3  10  0.03  0.09  0.16  0.31  0.62  0.92  1.51  2.88  4.21  5.19  7.10  9.33 10.16 10.14  8.24  6.95  3.88  1.32  0.44  0.34  0.06  0.04  0.03  0.03  0.04  0.04  0.05  0.04
 3  15  0.03  0.09  0.16  0.31  0.62  0.93  1.53  2.94  4.30  5.30  7.11  9.14  9.85  9.71  7.92  6.72  3.96  1.37  0.45  0.35  0.07  0.04  0.04  0.04  0.04  0.05  0.05  0.05
 3  20  0.03  0.10  0.16  0.33  0.65  0.96  1.57  2.98  4.39  5.42  7.17  8.97  9.48  9.28  7.59  6.48  4.03  1.40  0.46  0.36  0.15  0.05  0.05  0.05  0.05  0.05  0.05  0.05
 3  25  0.03  0.10  0.17  0.33  0.66  0.98  1.60  3.05  4.49  5.57  7.33  8.83  9.19  8.89  7.43  6.51  4.31  1.70  0.64  0.50  0.25  0.07  0.07  0.06  0.06  0.06  0.05  0.05
 3  30  0.03  0.10  0.17  0.34  0.68  1.01  1.64  3.09  4.60  5.70  7.43  8.70  8.87  8.47  7.27  6.52  4.58  2.06  0.85  0.68  0.36  0.21  0.11  0.08  0.07  0.06  0.05  0.05
 3  35  0.04  0.11  0.18  0.36  0.70  1.04  1.69  3.15  4.74  5.89  7.56  8.61  8.59  8.10  7.11  6.49  4.75  2.54  1.27  1.04  0.63  0.37  0.25  0.12  0.08  0.06  0.05  0.05
 3  40  0.04  0.11  0.19  0.37  0.73  1.08  1.74  3.18  4.87  6.09  7.75  8.50  8.31  7.76  6.98  6.46  4.89  3.02  1.69  1.41  0.90  0.53  0.33  0.17  0.10  0.06  0.06  0.05
 3  45  0.04  0.11  0.19  0.38  0.74  1.09  1.77  3.28  5.02  6.27  7.77  8.27  8.01  7.44  6.72  6.29  5.13  3.35  2.01  1.69  1.12  0.67  0.40  0.23  0.11  0.07  0.06  0.05
 3  50  0.04  0.11  0.19  0.38  0.75  1.11  1.81  3.40  5.20  6.45  7.83  8.12  7.79  7.22  6.56  6.14  5.36  3.67  2.32  1.96  1.33  0.79  0.46  0.26  0.13  0.07  0.06  0.05
 3  55  0.04  0.12  0.20  0.39  0.78  1.15  1.87  3.49  5.26  6.49  7.70  7.92  7.55  7.00  6.42  6.04  5.38  3.81  2.51  2.14  1.49  0.87  0.51  0.28  0.14  0.07  0.06  0.06
 3  60  0.04  0.13  0.21  0.41  0.82  1.21  1.96  3.67  5.55  6.79  7.81  7.83  7.39  6.77  6.32  6.05  5.48  4.02  2.75  2.34  1.63  0.94  0.55  0.31  0.14  0.07  0.06  0.06
 3  65  0.04  0.13  0.22  0.43  0.85  1.25  2.03  3.80  5.57  6.73  7.61  7.62  7.20  6.63  6.18  5.91  5.39  4.06  2.87  2.47  1.78  0.99  0.59  0.33  0.14  0.07  0.06  0.06
 3  70  0.04  0.13  0.22  0.44  0.87  1.29  2.10  3.92  5.58  6.67  7.42  7.41  7.02  6.50  6.05  5.79  5.32  4.11  2.99  2.59  1.92  1.05  0.62  0.36  0.14  0.07  0.06  0.06
 3  75  0.04  0.13  0.22  0.44  0.88  1.30  2.11  3.93  5.46  6.46  7.21  7.37  7.10  6.66  6.06  5.68  5.27  4.16  3.05  2.64  1.97  1.08  0.62  0.35  0.15  0.08  0.06  0.06
 3  80  0.05  0.14  0.22  0.45  0.88  1.30  2.11  3.93  5.32  6.25  7.00  7.32  7.18  6.81  6.05  5.56  5.21  4.20  3.10  2.69  2.01  1.12  0.61  0.35  0.14  0.08  0.06  0.06
 3  85  0.05  0.13  0.22  0.45  0.88  1.30  2.11  3.93  5.31  6.24  7.00  7.35  7.21  6.84  6.08  5.60  5.25  4.22  3.11  2.70  2.01  1.11  0.61  0.35  0.14  0.08  0.06  0.06
 3  90  0.04  0.13  0.22  0.44  0.87  1.28  2.08  3.87  5.18  6.09  6.88  7.35  7.31  7.00  6.25  5.77  5.42  4.32  3.18  2.76  2.06  1.16  0.63  0.35  0.14  0.08  0.06  0.06
 4 -90  0.06  0.17  0.28  0.56  1.09  1.59  2.50  4.25  4.98  5.41  5.56  5.24  4.81  4.21  3.57  3.22  2.90  2.85  2.22  1.87  1.26  0.59  0.34  0.19  0.09  0.04  0.03  0.02
 4 -85  0.06  0.18  0.29  0.58  1.13  1.64  2.59  4.42  5.20  5.66  5.81  5.46  4.98  4.35  3.68  3.31  2.99  2.88  2.20  1.84  1.23  0.56  0.33  0.19  0.10  0.04  0.03  0.03
 4 -80  0.06  0.18  0.30  0.59  1.14  1.67  2.63  4.50  5.30  5.74  5.85  5.47  4.98  4.35  3.69  3.31  2.99  2.89  2.21  1.84  1.22  0.56  0.33  0.19  0.10  0.04  0.03  0.03
 4 -75  0.06  0.18  0.29  0.57  1.12  1.64  2.60  4.54  5.69  6.37  6.45  5.95  5.40  4.74  4.09  3.72  3.37  2.89  2.18  1.82  1.22  0.54  0.32  0.19  0.09  0.04  0.03  0.03
 4 -70  0.06  0.17  0.28  0.56  1.09  1.60  2.55  4.51  6.04  6.96  7.03  6.41  5.81  5.14  4.52  4.15  3.74  2.89  2.15  1.80  1.21  0.52  0.31  0.18  0.08  0.04  0.03  0.03
 4 -65  0.05  0.16  0.27  0.54  1.05  1.54  2.47  4.42  6.13  7.17  7.41  6.87  6.31  5.64  5.07  4.71  4.02  2.89  2.04  1.70  1.12  0.49  0.28  0.17  0.08  0.04  0.03  0.03
 4 -60  0.05  0.16  0.26  0.51  1.01  1.48  2.38  4.31  6.18  7.35  7.78  7.33  6.79  6.11  5.61  5.26  4.30  2.87  1.92  1.59  1.03  0.45  0.25  0.15  0.08  0.04  0.03  0.03
 4 -55  0.05  0.15  0.25  0.49  0.96  1.41  2.27  4.14  6.09  7.29  7.92  7.68  7.19  6.60  6.20  5.90  4.56  2.73  1.71  1.40  0.83  0.38  0.19  0.12  0.07  0.04  0.03  0.03
 4 -50  0.05  0.14  0.23  0.46  0.90  1.33  2.14  3.90  5.83  7.06  7.98  8.05  7.63  6.96  6.68  6.49  4.78  2.56  1.42  1.13  0.62  0.30  0.14  0.08  0.05  0.04  0.03  0.03
 4 -45  0.04  0.13  0.22  0.43  0.85  1.25  2.01  3.67  5.53  6.77  7.96  8.30  8.00  7.32  6.66  6.24  4.57  2.39  1.32  1.05  0.57  0.26  0.13  0.06  0.05  0.04  0.03  0.03
 4 -40  0.04  0.12  0.21  0.41  0.80  1.18  1.91  3.48  5.26  6.48  7.90  8.52  8.34  7.71  6.71  6.05  4.36  2.19  1.22  0.97  0.52  0.22  0.09  0.06  0.04  0.04  0.03  0.03
 4 -35  0.04  0.12  0.19  0.38  0.76  1.12  1.82  3.37  5.07  6.26  7.82  8.72  8.72  8.22  6.95  6.10  4.16  1.94  1.02  0.80  0.42  0.18  0.08  0.05  0.04  0.04  0.03  0.03
 4 -30  0.04  0.11  0.18  0.37  0.73  1.07  1.74  3.25  4.88  6.00  7.69  8.90  9.09  8.74  7.20  6.14  3.96  1.70  0.82  0.64  0.32  0.10  0.06  0.04  0.04  0.04  0.04  0.03
 4 -25  0.04  0.11  0.18  0.35  0.70  1.04  1.68  3.16  4.71  5.76  7.44  9.00  9.41  9.25  7.64  6.50  3.94  1.50  0.61  0.47  0.22  0.06  0.04  0.04  0.04  0.04  0.04  0.03
 4 -20  0.03  0.10  0.17  0.34  0.67  1.00  1.63  3.08  4.50  5.46  7.18  9.16  9.80  9.71  8.07  6.86  3.94  1.29  0.40  0.30  0.12  0.04  0.03  0.03  0.03  0.04  0.04  0.03
 4 -15  0.03  0.10  0.17  0.33  0.65  0.97  1.58  2.98  4.32  5.28  6.99  9.12  9.97 10.07  8.30  7.02  3.94  1.21  0.37  0.28  0.11  0.04  0.03  0.03  0.03  0.03  0.03  0.03
 4 -10  0.03  0.10  0.16  0.33  0.65  0.96  1.56  2.92  4.19  5.11  6.91  9.13 10.18 10.44  8.56  7.19  3.92  1.13  0.33  0.26  0.11  0.03  0.03  0.03  0.03  0.03  0.03  0.03
 4  -5  0.03  0.10  0.16  0.32  0.64  0.94  1.53  2.87  4.11  5.02  6.87  9.08 10.17 10.50  8.59  7.19  3.93  1.14  0.33  0.26  0.12  0.03  0.03  0.03  0.03  0.03  0.03  0.03
 4   0  0.03  0.10  0.17  0.33  0.65  0.95  1.54  2.82  4.04  4.91  6.78  9.02 10.10 10.52  8.61  7.20  3.95  1.16  0.33  0.26  0.12  0.03  0.03  0.03  0.03  0.03  0.03  0.03
 4   5  0.03  0.10  0.16  0.32  0.64  0.95  1.54  2.86  4.12  5.05  6.88  9.08 10.04 10.25  8.47  7.16  4.03  1.26  0.48  0.37  0.14  0.03  0.03  0.03  0.03  0.04  0.04  0.03
 4  10  0.03  0.10  0.16  0.32  0.63  0.94  1.54  2.93  4.25  5.21  7.03  9.15  9.96 10.01  8.32  7.13  4.10  1.35  0.64  0.47  0.16  0.04  0.03  0.03  0.03  0.04  0.04  0.04
 4  15  0.03  0.10  0.16  0.32  0.63  0.94  1.55  2.97  4.31  5.30  7.09  9.07  9.75  9.66  8.05  6.95  4.10  1.41  0.67  0.49  0.16  0.04  0.04  0.04  0.04  0.05  0.05  0.05
 4  20  0.03  0.10  0.17  0.33  0.65  0.97  1.58  2.98  4.37  5.40  7.19  9.00  9.50  9.31  7.76  6.75  4.11  1.46  0.70  0.52  0.17  0.05  0.04  0.05  0.05  0.05  0.05  0.05
 4  25  0.03  0.10  0.17  0.33  0.65  0.97  1.58  3.00  4.40  5.45  7.26  8.92  9.35  9.07  7.64  6.75  4.32  1.68  0.80  0.61  0.27  0.09  0.07  0.06  0.06  0.06  0.06  0.05
 4  30  0.03  0.10  0.17  0.33  0.66  0.98  1.59  3.00  4.42  5.47  7.28  8.86  9.16  8.79  7.52  6.72  4.51  1.96  0.93  0.73  0.38  0.18  0.11  0.08  0.07  0.06  0.06  0.05
 4  35  0.03  0.10  0.17  0.33  0.66  0.98  1.59  2.97  4.42  5.47  7.29  8.80  8.98  8.52  7.34  6.62  4.57  2.31  1.26  1.03  0.63  0.39  0.18  0.11  0.08  0.06  0.06  0.05
 4  40  0.03  0.10  0.17  0.34  0.67  0.99  1.59  2.91  4.40  5.49  7.37  8.71  8.78  8.25  7.20  6.53  4.60  2.68  1.59  1.34  0.89  0.55  0.33  0.14  0.09  0.06  0.06  0.05
 4  45  0.03  0.10  0.17  0.34  0.66  0.98  1.58  2.92  4.42  5.53  7.36  8.52  8.51  7.93  6.90  6.29  4.70  2.98  1.86  1.57  1.06  0.67  0.39  0.18  0.11  0.07  0.06  0.05
 4  50  0.03  0.10  0.17  0.33  0.66  0.97  1.58  2.95  4.49  5.61  7.42  8.41  8.32  7.70  6.70  6.08  4.76  3.27  2.12  1.80  1.23  0.76  0.46  0.26  0.12  0.07  0.06  0.05
 4  55  0.03  0.10  0.17  0.33  0.66  0.98  1.58  2.96  4.50  5.63  7.37  8.22  8.04  7.41  6.43  5.80  4.90  3.48  2.30  1.96  1.37  0.82  0.51  0.29  0.14  0.07  0.06  0.05
 4  60  0.03  0.10  0.17  0.34  0.68  1.01  1.64  3.06  4.75  5.94  7.54  8.13  7.83  7.10  6.20  5.63  5.10  3.75  2.54  2.15  1.50  0.88  0.56  0.31  0.15  0.08  0.06  0.05
 4  65  0.04  0.11  0.18  0.35  0.69  1.02  1.66  3.12  4.80  5.96  7.35  7.78  7.45  6.74  6.02  5.58  5.09  3.82  2.70  2.30  1.61  0.97  0.64  0.37  0.16  0.08  0.06  0.05
 4  70  0.04  0.11  0.18  0.36  0.70  1.04  1.69  3.18  4.85  5.97  7.16  7.44  7.07  6.38  5.85  5.54  5.09  3.89  2.87  2.44  1.71  1.07  0.72  0.42  0.19  0.08  0.06  0.05
 4  75  0.04  0.11  0.18  0.36  0.72  1.07  1.74  3.28  4.87  5.90  6.84  7.00  6.66  6.04  5.68  5.51  5.12  4.01  2.98  2.55  1.82  1.12  0.73  0.42  0.18  0.08  0.06  0.05
 4  80  0.04  0.11  0.19  0.37  0.74  1.10  1.79  3.38  4.89  5.83  6.52  6.57  6.24  5.70  5.51  5.46  5.13  4.13  3.10  2.66  1.93  1.18  0.73  0.41  0.17  0.08  0.06  0.05
 4  85  0.04  0.11  0.19  0.38  0.75  1.11  1.81  3.42  4.92  5.84  6.50  6.58  6.26  5.71  5.53  5.48  5.16  4.16  3.12  2.68  1.94  1.18  0.73  0.42  0.17  0.09  0.06  0.05
 4  90  0.04  0.11  0.19  0.37  0.74  1.10  1.80  3.40  4.90  5.83  6.47  6.58  6.31  5.78  5.61  5.58  5.28  4.27  3.20  2.75  1.98  1.19  0.74  0.42  0.17  0.09  0.06  0.05
 5 -90  0.06  0.18  0.29  0.58  1.12  1.61  2.47  3.90  4.74  5.35  5.38  5.18  4.60  3.90  3.62  3.52  3.38  2.78  2.13  1.78  1.17  0.53  0.28  0.16  0.06  0.04  0.03  0.03
 5 -85  0.06  0.18  0.30  0.60  1.15  1.66  2.56  4.06  5.02  5.67  5.68  5.35  4.73  4.01  3.71  3.60  3.46  2.82  2.13  1.77  1.16  0.52  0.28  0.16  0.06  0.04  0.03  0.03
 5 -80  0.06  0.19  0.31  0.60  1.16  1.68  2.60  4.14  5.15  5.80  5.79  5.37  4.73  4.01  3.71  3.60  3.46  2.83  2.14  1.78  1.17  0.52  0.29  0.17  0.06  0.04  0.03  0.03
 5 -75  0.06  0.18  0.31  0.60  1.17  1.69  2.62  4.28  5.47  6.23  6.38  5.99  5.41  4.70  4.19  3.93  3.59  2.74  2.00  1.67  1.10  0.49  0.27  0.16  0.06  0.04  0.03  0.03
 5 -70  0.06  0.18  0.30  0.60  1.17  1.70  2.65  4.44  5.82  6.67  6.93  6.58  6.06  5.38  4.67  4.27  3.72  2.65  1.88  1.56  1.03  0.47  0.26  0.15  0.07  0.04  0.03  0.03
 5 -65  0.06  0.19  0.31  0.61  1.20  1.75  2.77  4.80  6.31  7.23  7.29  6.82  6.31  5.68  5.17  4.88  4.24  2.80  1.89  1.55  0.98  0.47  0.25  0.15  0.07  0.04  0.03  0.03
 5 -60  0.06  0.19  0.31  0.62  1.22  1.79  2.85  5.07  6.72  7.72  7.60  7.04  6.55  5.99  5.68  5.48  4.73  2.93  1.89  1.53  0.92  0.47  0.24  0.14  0.07  0.04  0.03  0.03
 5 -55  0.06  0.18  0.30  0.59  1.17  1.72  2.75  4.95  6.81  7.90  7.89  7.34  6.86  6.38  6.09  5.87  4.84  2.74  1.76  1.42  0.80  0.46  0.22  0.13  0.06  0.04  0.03  0.03
 5 -50  0.06  0.17  0.29  0.57  1.11  1.63  2.62  4.70  6.70  7.89  8.11  7.69  7.21  6.64  6.41  6.21  4.92  2.52  1.55  1.23  0.67  0.44  0.20  0.08  0.05  0.04  0.03  0.03
 5 -45  0.05  0.16  0.26  0.52  1.01  1.49  2.38  4.28  6.27  7.53  8.10  7.94  7.51  6.88  6.44  6.14  4.79  2.42  1.44  1.14  0.61  0.39  0.18  0.07  0.05  0.04  0.03  0.03
 5 -40  0.05  0.14  0.24  0.47  0.92  1.35  2.17  3.91  5.87  7.16  8.10  8.20  7.83  7.16  6.54  6.10  4.63  2.29  1.33  1.05  0.54  0.34  0.16  0.06  0.04  0.04  0.03  0.03
 5 -35  0.04  0.13  0.22  0.43  0.84  1.24  2.00  3.66  5.52  6.76  7.96  8.39  8.17  7.62  6.93  6.46  4.53  2.03  1.07  0.82  0.39  0.25  0.09  0.06  0.04  0.04  0.03  0.03
 5 -30  0.04  0.12  0.20  0.40  0.78  1.15  1.86  3.43  5.17  6.34  7.80  8.57  8.54  8.11  7.33  6.81  4.40  1.77  0.80  0.60  0.26  0.10  0.06  0.05  0.04  0.04  0.03  0.03
 5 -25  0.04  0.11  0.19  0.38  0.75  1.10  1.78  3.28  4.91  6.02  7.52  8.69  8.89  8.64  7.59  6.83  4.25  1.62  0.63  0.47  0.19  0.06  0.04  0.04  0.04  0.04  0.03  0.03
 5 -20  0.04  0.11  0.18  0.36  0.71  1.06  1.71  3.15  4.62  5.62  7.21  8.86  9.32  9.15  7.85  6.86  4.11  1.46  0.47  0.35  0.13  0.04  0.03  0.03  0.03  0.03  0.03  0.03
 5 -15  0.04  0.11  0.18  0.35  0.69  1.03  1.66  3.07  4.47  5.46  7.05  8.84  9.52  9.54  8.12  7.09  4.12  1.35  0.40  0.30  0.12  0.04  0.03  0.03  0.03  0.03  0.03  0.03
 5 -10  0.04  0.11  0.18  0.35  0.69  1.02  1.64  3.02  4.36  5.32  7.01  8.87  9.73  9.95  8.44  7.32  4.12  1.22  0.32  0.24  0.10  0.03  0.03  0.03  0.03  0.03  0.03  0.03
 5  -5  0.04  0.10  0.17  0.35  0.68  1.00  1.62  2.97  4.30  5.26  7.02  8.88  9.78 10.07  8.37  7.10  3.91  1.05  0.27  0.22  0.10  0.03  0.03  0.03  0.03  0.03  0.03  0.03
 5   0  0.03  0.10  0.17  0.34  0.67  0.99  1.60  2.95  4.27  5.21  7.01  8.92  9.80 10.16  8.28  6.88  3.71  0.90  0.24  0.20  0.10  0.03  0.03  0.03  0.03  0.03  0.03  0.03
 5   5  0.03  0.10  0.17  0.34  0.67  0.99  1.60  2.97  4.30  5.28  7.07  9.02  9.81 10.01  8.34  7.09  4.00  1.16  0.40  0.33  0.16  0.03  0.03  0.03  0.03  0.03  0.03  0.03
 5  10  0.03  0.10  0.17  0.33  0.65  0.97  1.58  3.01  4.38  5.37  7.17  9.11  9.82  9.89  8.38  7.29  4.26  1.41  0.57  0.45  0.22  0.04  0.03  0.03  0.03  0.04  0.04  0.03
 5  15  0.03  0.10  0.16  0.33  0.65  0.96  1.58  3.00  4.39  5.38  7.15  9.05  9.68  9.60  8.19  7.21  4.18  1.49  0.60  0.48  0.24  0.04  0.04  0.04  0.04  0.05  0.05  0.04
 5  20  0.03  0.10  0.17  0.33  0.66  0.98  1.59  2.98  4.37  5.39  7.18  9.01  9.51  9.33  7.99  7.10  4.11  1.56  0.65  0.52  0.26  0.06  0.05  0.05  0.05  0.05  0.05  0.04
 5  25  0.03  0.10  0.17  0.33  0.65  0.97  1.57  2.97  4.33  5.34  7.14  8.90  9.40  9.17  7.85  7.00  4.36  1.74  0.76  0.61  0.33  0.10  0.07  0.06  0.06  0.06  0.05  0.05
 5  30  0.03  0.10  0.16  0.32  0.64  0.95  1.55  2.94  4.29  5.29  7.07  8.80  9.25  8.98  7.69  6.87  4.59  1.96  0.90  0.73  0.42  0.17  0.09  0.07  0.06  0.06  0.05  0.05
 5  35  0.03  0.10  0.16  0.32  0.64  0.95  1.54  2.88  4.23  5.19  6.95  8.68  9.08  8.75  7.51  6.72  4.62  2.22  1.15  0.96  0.60  0.34  0.14  0.09  0.07  0.06  0.05  0.05
 5  40  0.03  0.10  0.16  0.32  0.64  0.94  1.53  2.81  4.14  5.11  6.92  8.55  8.89  8.53  7.33  6.56  4.64  2.51  1.40  1.19  0.79  0.48  0.22  0.12  0.08  0.06  0.06  0.05
 5  45  0.03  0.10  0.16  0.32  0.62  0.92  1.49  2.76  4.05  5.01  6.77  8.34  8.65  8.23  7.02  6.29  4.62  2.73  1.65  1.40  0.95  0.60  0.35  0.15  0.10  0.07  0.06  0.05
 5  50  0.03  0.09  0.15  0.30  0.60  0.89  1.45  2.74  4.02  4.96  6.71  8.19  8.45  7.98  6.79  6.06  4.57  2.94  1.89  1.61  1.11  0.70  0.43  0.19  0.11  0.07  0.06  0.05
 5  55  0.03  0.09  0.15  0.30  0.59  0.87  1.42  2.69  3.91  4.85  6.59  8.00  8.15  7.63  6.49  5.77  4.58  3.10  2.02  1.71  1.19  0.75  0.49  0.28  0.13  0.07  0.06  0.05
 5  60  0.03  0.09  0.15  0.30  0.60  0.88  1.44  2.71  4.05  5.03  6.72  7.89  7.91  7.25  6.21  5.58  4.66  3.30  2.21  1.85  1.27  0.79  0.53  0.31  0.14  0.08  0.06  0.05
 5  65  0.03  0.09  0.15  0.30  0.58  0.87  1.41  2.67  3.99  4.94  6.52  7.50  7.40  6.71  5.72  5.11  4.39  3.33  2.35  1.98  1.39  0.86  0.60  0.36  0.15  0.08  0.06  0.05
 5  70  0.03  0.09  0.15  0.29  0.58  0.85  1.39  2.63  3.93  4.86  6.33  7.12  6.91  6.17  5.22  4.64  4.12  3.36  2.48  2.12  1.50  0.94  0.66  0.42  0.24  0.08  0.06  0.05
 5  75  0.03  0.09  0.15  0.29  0.58  0.86  1.40  2.64  4.00  4.97  6.36  6.87  6.50  5.70  5.00  4.61  4.26  3.47  2.53  2.16  1.54  0.96  0.67  0.42  0.23  0.09  0.06  0.05
 5  80  0.03  0.09  0.15  0.29  0.57  0.85  1.39  2.64  4.07  5.09  6.40  6.64  6.10  5.25  4.78  4.56  4.40  3.59  2.59  2.21  1.58  0.98  0.67  0.42  0.23  0.09  0.06  0.05
 5  85  0.03  0.09  0.14  0.29  0.57  0.85  1.38  2.62  4.07  5.12  6.43  6.65  6.11  5.25  4.78  4.57  4.42  3.62  2.61  2.23  1.59  0.99  0.67  0.42  0.23  0.09  0.07  0.06
 5  90  0.03  0.09  0.14  0.28  0.56  0.83  1.36  2.57  4.01  5.08  6.44  6.67  6.12  5.25  4.74  4.54  4.45  3.69  2.65  2.24  1.57  0.97  0.68  0.43  0.23  0.09  0.07  0.05
 6 -90  0.06  0.18  0.29  0.57  1.10  1.57  2.39  3.59  4.67  5.44  5.45  5.52  5.26  4.71  4.26  4.03  3.42  2.82  2.07  1.74  1.19  0.46  0.20  0.09  0.05  0.04  0.03  0.03
 6 -85  0.06  0.18  0.30  0.59  1.12  1.61  2.45  3.73  4.91  5.75  5.79  5.69  5.36  4.82  4.37  4.11  3.49  2.86  2.09  1.75  1.19  0.46  0.21  0.09  0.05  0.04  0.03  0.03
 6 -80  0.06  0.18  0.30  0.59  1.13  1.62  2.47  3.76  4.97  5.81  5.88  5.76  5.39  4.83  4.37  4.12  3.50  2.87  2.10  1.76  1.19  0.46  0.21  0.09  0.06  0.04  0.03  0.03
 6 -75  0.06  0.18  0.30  0.59  1.14  1.65  2.53  3.95  5.21  6.07  6.34  6.31  5.93  5.33  4.69  4.31  3.66  2.86  2.07  1.74  1.18  0.45  0.21  0.09  0.06  0.04  0.03  0.03
 6 -70  0.06  0.19  0.31  0.60  1.17  1.69  2.61  4.21  5.54  6.42  6.82  6.79  6.40  5.79  4.99  4.51  3.85  2.87  2.05  1.73  1.18  0.45  0.20  0.09  0.06  0.04  0.03  0.03
 6 -65  0.06  0.19  0.31  0.62  1.19  1.74  2.71  4.52  5.98  6.90  7.08  6.85  6.44  5.86  5.30  4.96  4.26  2.98  2.07  1.73  1.15  0.48  0.24  0.10  0.06  0.04  0.03  0.03
 6 -60  0.06  0.19  0.31  0.62  1.21  1.77  2.79  4.78  6.33  7.29  7.27  6.86  6.44  5.90  5.58  5.39  4.64  3.05  2.07  1.72  1.12  0.52  0.28  0.10  0.06  0.04  0.03  0.03
 6 -55  0.06  0.19  0.31  0.61  1.20  1.76  2.80  4.95  6.73  7.80  7.64  7.06  6.60  6.19  5.96  5.78  4.79  2.89  1.90  1.57  0.99  0.50  0.29  0.10  0.06  0.04  0.03  0.03
 6 -50  0.06  0.18  0.30  0.60  1.18  1.73  2.77  4.94  6.88  8.05  7.91  7.30  6.85  6.40  6.28  6.15  4.91  2.69  1.65  1.36  0.85  0.47  0.30  0.09  0.05  0.04  0.03  0.03
 6 -45  0.06  0.17  0.28  0.55  1.07  1.58  2.51  4.48  6.45  7.70  8.02  7.66  7.21  6.64  6.29  6.03  4.82  2.59  1.54  1.27  0.79  0.44  0.27  0.08  0.05  0.04  0.03  0.03
 6 -40  0.05  0.15  0.25  0.49  0.96  1.41  2.26  4.07  6.07  7.38  8.15  8.04  7.60  6.94  6.37  5.94  4.71  2.46  1.43  1.18  0.72  0.39  0.24  0.08  0.05  0.04  0.03  0.03
 6 -35  0.05  0.13  0.22  0.44  0.87  1.29  2.07  3.76  5.63  6.87  7.94  8.20  7.92  7.37  6.73  6.28  4.77  2.20  1.12  0.91  0.53  0.29  0.12  0.07  0.05  0.04  0.03  0.03
 6 -30  0.04  0.12  0.20  0.40  0.79  1.17  1.89  3.45  5.18  6.34  7.72  8.37  8.28  7.83  7.11  6.61  4.81  1.95  0.82  0.65  0.35  0.19  0.08  0.06  0.05  0.04  0.04  0.03
 6 -25  0.04  0.12  0.20  0.39  0.76  1.13  1.81  3.31  4.96  6.08  7.51  8.49  8.56  8.25  7.37  6.74  4.58  1.72  0.63  0.49  0.24  0.07  0.05  0.04  0.04  0.04  0.04  0.04
 6 -20  0.04  0.11  0.19  0.38  0.74  1.09  1.76  3.17  4.69  5.73  7.27  8.64  8.92  8.64  7.64  6.87  4.35  1.49  0.45  0.34  0.14  0.05  0.04  0.04  0.04  0.04  0.04  0.04
 6 -15  0.04  0.11  0.18  0.37  0.72  1.06  1.71  3.13  4.60  5.65  7.20  8.70  9.15  9.01  7.78  6.89  4.16  1.39  0.43  0.33  0.14  0.04  0.03  0.03  0.03  0.04  0.04  0.04
 6 -10  0.04  0.11  0.18  0.37  0.72  1.06  1.70  3.09  4.54  5.58  7.24  8.79  9.39  9.42  7.98  6.93  3.97  1.27  0.40  0.30  0.13  0.04  0.03  0.03  0.03  0.03  0.04  0.03
 6  -5  0.04  0.11  0.18  0.36  0.71  1.05  1.69  3.06  4.50  5.56  7.30  8.86  9.53  9.63  8.18  7.12  4.03  1.20  0.36  0.28  0.14  0.03  0.03  0.03  0.03  0.03  0.03  0.03
 6   0  0.04  0.11  0.18  0.35  0.69  1.02  1.65  3.06  4.50  5.55  7.35  8.99  9.67  9.83  8.39  7.35  4.12  1.16  0.33  0.27  0.14  0.03  0.03  0.03  0.03  0.03  0.03  0.03
 6   5  0.04  0.11  0.18  0.35  0.69  1.02  1.65  3.06  4.51  5.56  7.37  9.06  9.68  9.78  8.39  7.38  4.28  1.31  0.45  0.36  0.19  0.04  0.03  0.03  0.03  0.03  0.03  0.03
 6  10  0.03  0.10  0.17  0.34  0.67  1.00  1.63  3.09  4.55  5.60  7.42  9.15  9.71  9.74  8.39  7.40  4.41  1.46  0.56  0.45  0.23  0.04  0.03  0.03  0.03  0.04  0.04  0.03
 6  15  0.03  0.10  0.17  0.34  0.67  1.00  1.63  3.07  4.53  5.56  7.34  9.07  9.60  9.49  8.13  7.17  4.32  1.53  0.59  0.48  0.25  0.05  0.04  0.04  0.04  0.05  0.04  0.04
 6  20  0.03  0.10  0.17  0.34  0.68  1.00  1.63  3.05  4.47  5.52  7.31  9.03  9.47  9.27  7.87  6.92  4.25  1.60  0.63  0.51  0.27  0.06  0.05  0.05  0.05  0.05  0.05  0.04
 6  25  0.03  0.10  0.17  0.34  0.67  0.99  1.60  3.02  4.41  5.43  7.20  8.89  9.36  9.13  7.86  7.05  4.41  1.72  0.68  0.54  0.30  0.09  0.06  0.06  0.05  0.05  0.05  0.04
 6  30  0.03  0.10  0.16  0.33  0.65  0.96  1.57  2.98  4.33  5.33  7.08  8.77  9.22  8.97  7.87  7.17  4.57  1.86  0.73  0.58  0.32  0.13  0.07  0.06  0.06  0.05  0.05  0.04
 6  35  0.03  0.10  0.16  0.33  0.64  0.95  1.55  2.90  4.23  5.19  6.90  8.59  9.03  8.75  7.60  6.86  4.56  2.12  1.00  0.81  0.47  0.20  0.10  0.07  0.06  0.06  0.05  0.05
 6  40  0.03  0.10  0.16  0.32  0.63  0.94  1.52  2.81  4.11  5.05  6.79  8.41  8.80  8.53  7.34  6.54  4.54  2.38  1.27  1.04  0.63  0.36  0.16  0.10  0.08  0.06  0.05  0.05
 6  45  0.03  0.09  0.16  0.31  0.61  0.91  1.47  2.73  3.96  4.87  6.55  8.14  8.52  8.22  7.02  6.27  4.55  2.57  1.47  1.23  0.79  0.47  0.27  0.13  0.09  0.06  0.06  0.05
 6  50  0.03  0.09  0.15  0.30  0.59  0.87  1.42  2.69  3.87  4.74  6.39  7.93  8.28  7.95  6.77  6.02  4.54  2.74  1.68  1.41  0.95  0.58  0.36  0.15  0.09  0.07  0.06  0.05
 6  55  0.03  0.09  0.14  0.28  0.56  0.84  1.37  2.60  3.70  4.54  6.16  7.67  7.95  7.57  6.45  5.73  4.36  2.83  1.77  1.48  1.00  0.62  0.40  0.18  0.10  0.07  0.06  0.05
 6  60  0.03  0.09  0.14  0.28  0.56  0.83  1.36  2.59  3.77  4.62  6.16  7.48  7.66  7.15  6.16  5.54  4.24  2.97  1.91  1.58  1.05  0.65  0.45  0.26  0.12  0.07  0.06  0.05
 6  65  0.03  0.08  0.14  0.27  0.54  0.81  1.32  2.51  3.67  4.49  5.95  7.12  7.19  6.61  5.61  4.98  3.94  2.96  2.01  1.68  1.14  0.69  0.50  0.29  0.14  0.08  0.06  0.05
 6  70  0.03  0.08  0.13  0.27  0.53  0.78  1.28  2.43  3.58  4.37  5.77  6.79  6.75  6.09  5.07  4.43  3.65  2.96  2.12  1.78  1.23  0.73  0.55  0.33  0.15  0.08  0.06  0.05
 6  75  0.03  0.08  0.13  0.25  0.50  0.75  1.23  2.34  3.53  4.35  5.79  6.66  6.47  5.73  4.83  4.25  3.68  3.00  2.17  1.83  1.29  0.75  0.57  0.35  0.17  0.09  0.06  0.05
 6  80  0.02  0.07  0.12  0.24  0.48  0.72  1.18  2.25  3.48  4.33  5.82  6.54  6.21  5.38  4.58  4.07  3.72  3.04  2.21  1.88  1.34  0.78  0.59  0.37  0.20  0.09  0.06  0.05
 6  85  0.02  0.07  0.12  0.24  0.48  0.72  1.18  2.25  3.48  4.34  5.83  6.55  6.21  5.38  4.58  4.07  3.73  3.05  2.21  1.89  1.35  0.78  0.60  0.37  0.20  0.09  0.07  0.05
 6  90  0.02  0.07  0.12  0.24  0.48  0.71  1.16  2.23  3.42  4.27  5.76  6.48  6.20  5.39  4.55  4.04  3.67  3.03  2.19  1.85  1.32  0.77  0.61  0.38  0.21  0.09  0.07  0.05
 7 -90  0.05  0.16  0.26  0.51  0.97  1.38  2.07  2.94  4.11  4.94  5.31  5.62  5.57  5.11  4.54  4.13  3.67  2.79  2.06  1.70  1.11  0.46  0.18  0.08  0.05  0.03  0.03  0.03
 7 -85  0.05  0.16  0.27  0.53  1.00  1.43  2.15  3.10  4.37  5.23  5.64  5.84  5.70  5.18  4.65  4.26  3.79  2.87  2.10  1.73  1.12  0.45  0.19  0.08  0.05  0.03  0.03  0.03
 7 -80  0.06  0.16  0.27  0.53  1.01  1.45  2.18  3.17  4.45  5.30  5.69  5.90  5.76  5.21  4.67  4.28  3.81  2.89  2.11  1.73  1.12  0.45  0.19  0.08  0.05  0.03  0.03  0.03
 7 -75  0.05  0.16  0.26  0.51  0.97  1.39  2.10  3.10  4.44  5.32  5.90  6.40  6.34  5.78  4.97  4.40  3.73  2.90  2.13  1.75  1.15  0.45  0.19  0.08  0.05  0.03  0.03  0.03
 7 -70  0.05  0.15  0.25  0.48  0.93  1.33  2.03  3.09  4.51  5.44  6.25  6.94  6.87  6.29  5.24  4.51  3.67  2.94  2.16  1.79  1.18  0.46  0.20  0.09  0.05  0.04  0.03  0.03
 7 -65  0.05  0.16  0.26  0.51  0.98  1.42  2.20  3.57  5.12  6.13  6.80  7.09  6.78  6.14  5.47  5.05  4.26  3.10  2.16  1.80  1.21  0.49  0.23  0.09  0.06  0.04  0.03  0.03
 7 -60  0.05  0.16  0.26  0.52  1.01  1.48  2.34  4.00  5.63  6.71  7.22  7.11  6.61  5.95  5.67  5.53  4.79  3.20  2.14  1.80  1.24  0.53  0.28  0.10  0.06  0.04  0.03  0.03
 7 -55  0.05  0.15  0.26  0.51  1.00  1.47  2.35  4.22  6.02  7.17  7.63  7.33  6.79  6.23  6.06  5.97  4.95  3.06  2.01  1.68  1.09  0.51  0.29  0.10  0.06  0.04  0.03  0.03
 7 -50  0.05  0.15  0.26  0.51  1.00  1.47  2.36  4.30  6.20  7.40  7.91  7.57  7.03  6.44  6.44  6.42  5.10  2.87  1.79  1.48  0.93  0.47  0.30  0.09  0.05  0.04  0.03  0.03
 7 -45  0.05  0.15  0.24  0.48  0.95  1.40  2.25  4.05  5.94  7.17  7.97  7.89  7.39  6.75  6.47  6.28  5.04  2.84  1.71  1.40  0.86  0.44  0.27  0.08  0.05  0.04  0.03  0.03
 7 -40  0.05  0.14  0.23  0.45  0.89  1.32  2.12  3.85  5.75  7.00  8.09  8.24  7.82  7.14  6.58  6.18  4.98  2.78  1.62  1.31  0.77  0.39  0.24  0.09  0.05  0.04  0.04  0.03
 7 -35  0.04  0.13  0.21  0.43  0.84  1.24  1.99  3.64  5.44  6.66  7.92  8.35  8.07  7.48  6.74  6.22  4.90  2.52  1.32  1.05  0.58  0.29  0.19  0.09  0.06  0.04  0.04  0.03
 7 -30  0.04  0.12  0.20  0.40  0.78  1.16  1.87  3.43  5.14  6.29  7.74  8.46  8.34  7.84  6.90  6.26  4.80  2.26  1.03  0.79  0.40  0.20  0.09  0.07  0.05  0.04  0.04  0.04
 7 -25  0.04  0.12  0.20  0.39  0.77  1.13  1.82  3.30  4.97  6.12  7.63  8.57  8.54  8.14  7.17  6.50  4.62  1.94  0.78  0.60  0.28  0.07  0.06  0.05  0.04  0.04  0.04  0.04
 7 -20  0.04  0.12  0.19  0.39  0.76  1.11  1.78  3.18  4.76  5.87  7.46  8.71  8.82  8.40  7.41  6.71  4.44  1.64  0.55  0.41  0.18  0.05  0.04  0.04  0.04  0.04  0.04  0.04
 7 -15  0.04  0.11  0.19  0.37  0.73  1.08  1.73  3.14  4.68  5.78  7.41  8.81  9.10  8.80  7.65  6.89  4.17  1.45  0.50  0.38  0.17  0.05  0.04  0.03  0.03  0.04  0.04  0.04
 7 -10  0.04  0.11  0.19  0.37  0.72  1.07  1.71  3.10  4.62  5.72  7.47  8.95  9.42  9.29  7.99  7.10  3.88  1.24  0.44  0.34  0.16  0.04  0.03  0.03  0.03  0.04  0.04  0.04
 7  -5  0.04  0.11  0.18  0.37  0.72  1.06  1.70  3.07  4.58  5.68  7.50  9.01  9.60  9.56  8.04  7.01  3.93  1.20  0.43  0.34  0.17  0.04  0.03  0.03  0.03  0.03  0.04  0.03
 7   0  0.04  0.10  0.17  0.35  0.69  1.02  1.65  3.09  4.59  5.68  7.57  9.18  9.79  9.83  8.14  6.97  4.01  1.18  0.43  0.34  0.18  0.04  0.03  0.03  0.03  0.03  0.03  0.03
 7   5  0.04  0.11  0.18  0.35  0.70  1.03  1.67  3.09  4.59  5.68  7.58  9.23  9.79  9.82  8.29  7.22  4.25  1.38  0.55  0.43  0.21  0.04  0.03  0.03  0.03  0.03  0.03  0.03
 7  10  0.03  0.10  0.17  0.34  0.68  1.01  1.65  3.12  4.63  5.72  7.61  9.31  9.81  9.79  8.42  7.44  4.45  1.58  0.67  0.51  0.23  0.04  0.03  0.03  0.03  0.04  0.03  0.03
 7  15  0.03  0.10  0.17  0.35  0.69  1.02  1.65  3.12  4.63  5.69  7.54  9.19  9.64  9.50  8.21  7.29  4.44  1.64  0.69  0.52  0.23  0.05  0.04  0.04  0.04  0.04  0.04  0.03
 7  20  0.04  0.11  0.18  0.35  0.70  1.03  1.67  3.10  4.59  5.67  7.50  9.13  9.49  9.27  8.00  7.12  4.44  1.69  0.71  0.55  0.24  0.06  0.05  0.05  0.05  0.05  0.04  0.04
 7  25  0.03  0.10  0.17  0.35  0.68  1.01  1.65  3.10  4.55  5.60  7.38  8.96  9.35  9.11  7.83  6.99  4.43  1.82  0.75  0.58  0.26  0.09  0.06  0.06  0.06  0.05  0.05  0.04
 7  30  0.03  0.10  0.17  0.34  0.67  1.00  1.63  3.09  4.50  5.54  7.28  8.83  9.19  8.94  7.68  6.85  4.41  1.95  0.80  0.61  0.27  0.11  0.07  0.06  0.06  0.06  0.05  0.04
 7  35  0.03  0.10  0.17  0.34  0.67  0.99  1.61  3.02  4.40  5.39  7.09  8.62  8.97  8.70  7.49  6.69  4.42  2.09  0.98  0.76  0.38  0.14  0.08  0.06  0.06  0.06  0.05  0.04
 7  40  0.03  0.10  0.17  0.33  0.65  0.97  1.57  2.94  4.28  5.25  6.95  8.41  8.73  8.45  7.29  6.51  4.41  2.23  1.16  0.92  0.50  0.19  0.11  0.08  0.07  0.06  0.05  0.04
 7  45  0.03  0.10  0.16  0.32  0.63  0.94  1.52  2.83  4.10  5.03  6.69  8.13  8.44  8.14  6.97  6.23  4.41  2.39  1.31  1.06  0.63  0.32  0.16  0.10  0.08  0.06  0.05  0.04
 7  50  0.03  0.09  0.15  0.30  0.60  0.89  1.46  2.76  3.98  4.87  6.50  7.89  8.18  7.85  6.70  5.97  4.39  2.54  1.46  1.21  0.78  0.43  0.27  0.13  0.09  0.07  0.06  0.05
 7  55  0.03  0.09  0.15  0.29  0.57  0.85  1.40  2.67  3.80  4.66  6.26  7.64  7.86  7.48  6.32  5.56  4.19  2.59  1.55  1.29  0.86  0.49  0.32  0.16  0.10  0.07  0.06  0.05
 7  60  0.03  0.09  0.14  0.29  0.57  0.84  1.38  2.64  3.85  4.73  6.25  7.45  7.57  7.06  5.96  5.25  4.06  2.70  1.70  1.41  0.95  0.55  0.38  0.19  0.11  0.07  0.06  0.05
 7  65  0.03  0.08  0.14  0.28  0.55  0.81  1.33  2.54  3.73  4.56  5.99  7.04  7.05  6.48  5.38  4.66  3.72  2.72  1.79  1.50  1.03  0.58  0.42  0.25  0.12  0.07  0.06  0.05
 7  70  0.03  0.08  0.13  0.26  0.52  0.78  1.28  2.45  3.59  4.38  5.73  6.64  6.55  5.91  4.80  4.08  3.37  2.73  1.89  1.59  1.11  0.62  0.46  0.28  0.13  0.08  0.06  0.05
 7  75  0.03  0.08  0.13  0.25  0.50  0.75  1.22  2.34  3.53  4.34  5.69  6.43  6.21  5.50  4.54  3.91  3.36  2.78  1.96  1.64  1.15  0.63  0.48  0.29  0.15  0.08  0.06  0.05
 7  80  0.02  0.07  0.12  0.24  0.48  0.71  1.16  2.22  3.46  4.30  5.67  6.24  5.88  5.10  4.28  3.74  3.33  2.83  2.02  1.70  1.18  0.63  0.50  0.31  0.16  0.08  0.06  0.05
 7  85  0.02  0.07  0.12  0.24  0.47  0.70  1.16  2.22  3.46  4.32  5.68  6.24  5.87  5.10  4.28  3.75  3.34  2.83  2.03  1.70  1.18  0.63  0.51  0.31  0.17  0.09  0.06  0.05
 7  90  0.02  0.07  0.12  0.24  0.47  0.70  1.15  2.21  3.40  4.26  5.64  6.16  5.81  5.07  4.26  3.73  3.28  2.78  2.00  1.67  1.16  0.63  0.51  0.31  0.18  0.09  0.06  0.05
 8 -90  0.04  0.13  0.21  0.41  0.78  1.12  1.69  2.50  3.52  4.22  5.19  6.45  6.47  5.85  4.77  3.78  3.06  2.62  1.91  1.58  1.06  0.45  0.15  0.07  0.05  0.04  0.03  0.03
 8 -85  0.04  0.13  0.22  0.43  0.82  1.18  1.79  2.69  3.87  4.64  5.61  6.64  6.65  5.93  4.84  3.94  3.25  2.75  1.98  1.63  1.08  0.44  0.16  0.07  0.05  0.04  0.03  0.03
 8 -80  0.05  0.14  0.22  0.44  0.84  1.21  1.84  2.79  4.02  4.81  5.74  6.70  6.70  5.98  4.90  4.00  3.31  2.80  2.01  1.66  1.09  0.44  0.16  0.07  0.05  0.04  0.03  0.03
 8 -75  0.05  0.14  0.23  0.45  0.87  1.26  1.95  3.11  4.41  5.22  6.05  6.72  6.68  6.12  5.14  4.35  3.57  2.94  2.11  1.75  1.16  0.47  0.16  0.07  0.05  0.04  0.03  0.03
 8 -70  0.05  0.14  0.23  0.46  0.89  1.29  2.02  3.39  4.76  5.63  6.38  6.80  6.69  6.21  5.27  4.62  3.82  3.11  2.23  1.86  1.25  0.50  0.16  0.07  0.05  0.04  0.03  0.03
 8 -65  0.05  0.13  0.22  0.44  0.86  1.27  2.01  3.52  5.01  6.00  6.86  7.17  6.93  6.32  5.58  5.16  4.38  3.35  2.27  1.88  1.25  0.52  0.17  0.08  0.05  0.04  0.03  0.03
 8 -60  0.04  0.13  0.22  0.43  0.85  1.25  2.01  3.65  5.22  6.28  7.21  7.39  7.05  6.36  5.88  5.66  4.82  3.46  2.24  1.86  1.22  0.54  0.28  0.09  0.05  0.04  0.03  0.03
 8 -55  0.04  0.13  0.22  0.43  0.85  1.26  2.05  3.84  5.59  6.70  7.65  7.75  7.35  6.75  6.26  5.96  5.02  3.41  2.16  1.80  1.17  0.54  0.30  0.09  0.06  0.04  0.03  0.03
 8 -50  0.04  0.13  0.22  0.44  0.86  1.28  2.08  3.94  5.79  6.98  8.01  8.13  7.72  7.08  6.62  6.31  5.25  3.33  1.98  1.66  1.08  0.52  0.31  0.10  0.06  0.04  0.04  0.03
 8 -45  0.04  0.13  0.22  0.44  0.86  1.27  2.06  3.81  5.65  6.88  8.04  8.34  7.97  7.28  6.62  6.18  5.17  3.20  1.84  1.53  0.99  0.48  0.30  0.10  0.06  0.04  0.04  0.03
 8 -40  0.04  0.13  0.22  0.43  0.84  1.25  2.02  3.73  5.58  6.82  8.12  8.58  8.28  7.58  6.69  6.09  5.09  3.07  1.72  1.41  0.88  0.44  0.28  0.10  0.06  0.04  0.04  0.04
 8 -35  0.04  0.12  0.21  0.41  0.80  1.19  1.92  3.56  5.35  6.58  8.03  8.66  8.43  7.78  6.79  6.15  4.96  2.75  1.39  1.12  0.66  0.33  0.23  0.10  0.06  0.05  0.04  0.04
 8 -30  0.04  0.12  0.19  0.39  0.76  1.13  1.83  3.40  5.11  6.30  7.90  8.73  8.60  7.99  6.91  6.20  4.81  2.44  1.08  0.85  0.46  0.22  0.10  0.07  0.06  0.05  0.04  0.04
 8 -25  0.04  0.12  0.19  0.38  0.75  1.11  1.78  3.25  4.92  6.09  7.78  8.89  8.85  8.31  7.17  6.42  4.65  2.09  0.79  0.61  0.31  0.08  0.06  0.05  0.05  0.05  0.05  0.04
 8 -20  0.04  0.11  0.19  0.38  0.74  1.09  1.74  3.12  4.70  5.83  7.61  9.06  9.17  8.61  7.41  6.60  4.49  1.74  0.51  0.39  0.17  0.06  0.04  0.04  0.04  0.04  0.05  0.04
 8 -15  0.04  0.11  0.18  0.36  0.71  1.04  1.68  3.06  4.59  5.67  7.47  9.14  9.46  9.04  7.68  6.83  4.21  1.52  0.49  0.37  0.16  0.05  0.04  0.04  0.04  0.04  0.04  0.04
 8 -10  0.04  0.11  0.18  0.35  0.70  1.03  1.65  3.02  4.49  5.57  7.47  9.24  9.80  9.58  8.06  7.09  3.88  1.27  0.46  0.34  0.14  0.04  0.03  0.03  0.03  0.04  0.04  0.04
 8  -5  0.04  0.11  0.18  0.35  0.69  1.02  1.64  2.98  4.43  5.51  7.46  9.24  9.95  9.87  8.22  7.15  3.85  1.22  0.46  0.35  0.14  0.04  0.03  0.03  0.03  0.04  0.04  0.04
 8   0  0.03  0.10  0.17  0.33  0.65  0.97  1.58  3.00  4.44  5.50  7.51  9.41 10.16 10.18  8.43  7.26  3.87  1.19  0.46  0.35  0.15  0.04  0.03  0.03  0.03  0.04  0.04  0.03
 8   5  0.03  0.10  0.17  0.34  0.67  0.99  1.61  3.00  4.46  5.52  7.53  9.42 10.11 10.13  8.49  7.37  4.16  1.35  0.56  0.42  0.17  0.04  0.03  0.03  0.03  0.03  0.03  0.03
 8  10  0.03  0.10  0.17  0.34  0.67  0.99  1.61  3.05  4.52  5.59  7.57  9.47 10.08 10.06  8.53  7.46  4.40  1.52  0.66  0.49  0.19  0.04  0.03  0.03  0.03  0.04  0.03  0.03
 8  15  0.03  0.10  0.17  0.34  0.68  1.00  1.63  3.07  4.60  5.66  7.58  9.33  9.81  9.67  8.28  7.30  4.39  1.59  0.69  0.50  0.19  0.04  0.04  0.04  0.04  0.04  0.04  0.03
 8  20  0.04  0.11  0.18  0.35  0.70  1.03  1.67  3.09  4.62  5.73  7.62  9.26  9.59  9.37  8.04  7.12  4.38  1.66  0.72  0.53  0.20  0.05  0.04  0.04  0.05  0.05  0.04  0.04
 8  25  0.04  0.11  0.18  0.35  0.69  1.02  1.67  3.14  4.67  5.76  7.58  9.09  9.41  9.14  7.85  6.97  4.36  1.77  0.75  0.56  0.22  0.07  0.05  0.05  0.05  0.05  0.05  0.04
 8  30  0.04  0.11  0.17  0.35  0.69  1.02  1.67  3.16  4.69  5.80  7.56  8.96  9.21  8.91  7.67  6.83  4.35  1.88  0.79  0.59  0.23  0.09  0.06  0.06  0.06  0.06  0.05  0.04
 8  35  0.04  0.10  0.17  0.35  0.69  1.02  1.66  3.13  4.62  5.69  7.39  8.74  8.96  8.64  7.46  6.67  4.35  1.97  0.92  0.70  0.32  0.11  0.07  0.06  0.06  0.06  0.05  0.04
 8  40  0.03  0.10  0.17  0.34  0.68  1.00  1.64  3.08  4.54  5.58  7.27  8.52  8.70  8.37  7.25  6.47  4.32  2.07  1.04  0.81  0.41  0.15  0.09  0.07  0.06  0.06  0.05  0.04
 8  45  0.03  0.10  0.17  0.34  0.67  0.99  1.60  2.99  4.39  5.42  7.10  8.28  8.41  8.03  6.91  6.18  4.23  2.23  1.20  0.96  0.54  0.24  0.13  0.09  0.07  0.06  0.05  0.04
 8  50  0.03  0.10  0.16  0.33  0.65  0.96  1.56  2.94  4.31  5.32  6.97  8.07  8.15  7.71  6.61  5.88  4.13  2.38  1.37  1.12  0.69  0.33  0.20  0.11  0.08  0.06  0.05  0.05
 8  55  0.03  0.09  0.16  0.31  0.62  0.92  1.50  2.87  4.17  5.16  6.82  7.87  7.85  7.33  6.23  5.50  3.92  2.48  1.50  1.23  0.77  0.38  0.23  0.14  0.09  0.06  0.05  0.05
 8  60  0.03  0.09  0.15  0.31  0.61  0.91  1.49  2.86  4.27  5.29  6.87  7.72  7.57  6.89  5.88  5.24  3.78  2.64  1.69  1.37  0.86  0.43  0.27  0.16  0.10  0.06  0.05  0.05
 8  65  0.03  0.09  0.15  0.30  0.60  0.89  1.46  2.80  4.17  5.16  6.61  7.23  6.96  6.23  5.29  4.70  3.57  2.67  1.78  1.46  0.94  0.48  0.32  0.20  0.10  0.06  0.05  0.05
 8  70  0.03  0.09  0.15  0.29  0.58  0.87  1.42  2.72  4.06  4.99  6.29  6.71  6.34  5.57  4.70  4.15  3.34  2.70  1.88  1.55  1.02  0.53  0.37  0.22  0.11  0.07  0.05  0.05
 8  75  0.03  0.09  0.15  0.29  0.58  0.86  1.40  2.70  4.01  4.91  5.97  6.11  5.64  4.89  4.24  3.84  3.34  2.73  1.93  1.59  1.07  0.55  0.38  0.23  0.13  0.07  0.06  0.05
 8  80  0.03  0.09  0.14  0.29  0.57  0.85  1.39  2.67  3.98  4.85  5.68  5.53  4.96  4.22  3.79  3.54  3.33  2.75  1.97  1.63  1.10  0.58  0.39  0.24  0.14  0.08  0.06  0.05
 8  85  0.03  0.09  0.14  0.29  0.57  0.85  1.39  2.68  4.01  4.87  5.65  5.49  4.93  4.22  3.82  3.58  3.37  2.76  1.97  1.64  1.10  0.58  0.39  0.24  0.15  0.08  0.06  0.05
 8  90  0.03  0.09  0.14  0.28  0.57  0.84  1.38  2.67  3.98  4.84  5.58  5.38  4.82  4.13  3.76  3.53  3.32  2.73  1.95  1.62  1.10  0.58  0.40  0.23  0.15  0.08  0.06  0.05
 9 -90  0.04  0.12  0.20  0.40  0.77  1.13  1.77  2.99  4.35  5.29  5.86  6.18  5.95  5.51  4.86  4.17  2.62  1.92  1.46  1.25  0.87  0.43  0.10  0.06  0.04  0.04  0.03  0.03
 9 -85  0.04  0.12  0.21  0.41  0.79  1.15  1.81  3.07  4.51  5.50  6.11  6.39  6.15  5.66  4.92  4.32  2.90  2.16  1.55  1.30  0.88  0.43  0.10  0.06  0.04  0.04  0.03  0.03
 9 -80  0.04  0.12  0.21  0.41  0.79  1.15  1.81  3.08  4.58  5.61  6.27  6.51  6.23  5.71  4.95  4.37  2.99  2.25  1.62  1.35  0.91  0.44  0.12  0.06  0.05  0.04  0.03  0.03
 9 -75  0.04  0.12  0.20  0.39  0.77  1.13  1.79  3.12  4.62  5.68  6.67  6.97  6.65  6.05  5.20  4.65  3.31  2.50  1.80  1.51  1.02  0.48  0.14  0.07  0.05  0.04  0.03  0.03
 9 -70  0.04  0.12  0.19  0.38  0.74  1.10  1.75  3.15  4.58  5.62  6.90  7.30  7.02  6.38  5.38  4.80  3.54  2.72  1.98  1.67  1.13  0.53  0.16  0.07  0.05  0.04  0.03  0.03
 9 -65  0.04  0.11  0.19  0.38  0.74  1.09  1.77  3.26  4.74  5.80  7.15  7.62  7.42  6.83  5.92  5.40  4.14  3.10  2.18  1.83  1.23  0.57  0.26  0.08  0.05  0.04  0.03  0.03
 9 -60  0.04  0.12  0.19  0.38  0.75  1.11  1.81  3.37  4.94  6.04  7.43  7.94  7.74  7.16  6.47  6.04  4.69  3.34  2.27  1.91  1.28  0.61  0.30  0.09  0.06  0.04  0.03  0.03
 9 -55  0.04  0.12  0.20  0.39  0.77  1.14  1.87  3.54  5.25  6.39  7.74  8.22  8.00  7.50  6.76  6.26  4.95  3.41  2.24  1.87  1.19  0.60  0.30  0.09  0.06  0.04  0.04  0.03
 9 -50  0.04  0.12  0.20  0.39  0.78  1.16  1.90  3.63  5.40  6.60  8.00  8.55  8.34  7.77  7.02  6.50  5.28  3.50  2.15  1.76  1.08  0.57  0.31  0.10  0.06  0.04  0.04  0.03
 9 -45  0.04  0.12  0.20  0.39  0.78  1.15  1.88  3.53  5.31  6.55  8.04  8.71  8.50  7.83  6.91  6.32  5.16  3.33  1.98  1.60  0.95  0.52  0.30  0.09  0.06  0.04  0.04  0.04
 9 -40  0.04  0.12  0.20  0.39  0.77  1.14  1.85  3.47  5.26  6.50  8.11  8.88  8.70  7.99  6.89  6.18  5.04  3.17  1.82  1.46  0.83  0.46  0.29  0.09  0.06  0.05  0.04  0.04
 9 -35  0.04  0.11  0.19  0.38  0.74  1.10  1.79  3.36  5.10  6.32  8.05  8.99  8.87  8.18  6.97  6.20  4.91  2.80  1.48  1.15  0.60  0.33  0.23  0.09  0.06  0.05  0.04  0.04
 9 -30  0.04  0.11  0.18  0.36  0.72  1.06  1.73  3.25  4.92  6.11  7.95  9.09  9.05  8.40  7.06  6.20  4.77  2.43  1.15  0.87  0.40  0.21  0.10  0.08  0.06  0.05  0.05  0.04
 9 -25  0.04  0.11  0.18  0.36  0.71  1.05  1.70  3.14  4.75  5.89  7.78  9.21  9.29  8.72  7.31  6.40  4.68  2.16  0.91  0.69  0.30  0.08  0.06  0.05  0.05  0.05  0.05  0.05
 9 -20  0.04  0.11  0.18  0.36  0.70  1.03  1.66  3.05  4.56  5.64  7.55  9.32  9.58  9.01  7.54  6.57  4.60  1.89  0.69  0.52  0.21  0.06  0.04  0.04  0.04  0.05  0.05  0.05
 9 -15  0.03  0.10  0.17  0.34  0.67  0.99  1.61  3.00  4.43  5.47  7.34  9.29  9.77  9.36  7.77  6.79  4.30  1.60  0.59  0.44  0.18  0.05  0.04  0.04  0.04  0.04  0.05  0.05
 9 -10  0.03  0.10  0.17  0.33  0.66  0.97  1.58  2.97  4.34  5.34  7.26  9.30 10.03  9.86  8.12  7.04  3.94  1.29  0.49  0.36  0.15  0.04  0.04  0.04  0.04  0.04  0.04  0.04
 9  -5  0.03  0.10  0.17  0.33  0.65  0.97  1.57  2.92  4.27  5.27  7.22  9.26 10.14 10.15  8.24  7.02  3.85  1.24  0.48  0.36  0.15  0.04  0.03  0.03  0.03  0.04  0.04  0.04
 9   0  0.03  0.10  0.16  0.32  0.63  0.93  1.53  2.93  4.28  5.26  7.25  9.37 10.31 10.46  8.41  7.05  3.80  1.19  0.48  0.36  0.14  0.04  0.03  0.03  0.03  0.04  0.04  0.03
 9   5  0.03  0.10  0.16  0.33  0.65  0.96  1.56  2.95  4.32  5.31  7.28  9.35 10.22 10.36  8.52  7.27  4.09  1.33  0.54  0.41  0.16  0.04  0.03  0.03  0.03  0.03  0.03  0.03
 9  10  0.03  0.10  0.17  0.33  0.65  0.97  1.58  2.99  4.40  5.40  7.35  9.38 10.14 10.22  8.60  7.46  4.34  1.47  0.61  0.45  0.17  0.04  0.03  0.03  0.03  0.04  0.03  0.03
 9  15  0.03  0.10  0.17  0.34  0.66  0.98  1.60  3.02  4.50  5.52  7.44  9.28  9.85  9.77  8.33  7.30  4.32  1.51  0.62  0.45  0.17  0.04  0.03  0.03  0.04  0.04  0.04  0.03
 9  20  0.04  0.10  0.17  0.35  0.68  1.01  1.64  3.03  4.55  5.64  7.55  9.25  9.62  9.42  8.08  7.14  4.31  1.52  0.64  0.47  0.17  0.05  0.04  0.04  0.04  0.05  0.04  0.04
 9  25  0.03  0.10  0.17  0.34  0.68  1.00  1.64  3.10  4.64  5.74  7.58  9.07  9.38  9.12  7.95  7.13  4.36  1.60  0.66  0.48  0.18  0.06  0.05  0.05  0.05  0.05  0.05  0.04
 9  30  0.03  0.10  0.17  0.34  0.68  1.01  1.65  3.13  4.71  5.85  7.63  8.94  9.13  8.82  7.82  7.13  4.41  1.67  0.69  0.51  0.19  0.08  0.06  0.05  0.05  0.05  0.05  0.04
 9  35  0.04  0.11  0.18  0.35  0.69  1.03  1.67  3.16  4.74  5.88  7.58  8.73  8.84  8.47  7.45  6.75  4.32  1.85  0.88  0.66  0.29  0.10  0.07  0.06  0.05  0.05  0.05  0.04
 9  40  0.04  0.11  0.18  0.35  0.70  1.03  1.68  3.17  4.77  5.91  7.57  8.52  8.52  8.13  7.07  6.34  4.21  2.03  1.05  0.80  0.38  0.13  0.09  0.07  0.06  0.05  0.05  0.04
 9  45  0.04  0.11  0.18  0.36  0.70  1.04  1.69  3.16  4.77  5.93  7.54  8.30  8.17  7.69  6.68  6.02  4.15  2.20  1.21  0.95  0.50  0.21  0.12  0.08  0.07  0.05  0.05  0.04
 9  50  0.04  0.11  0.18  0.36  0.71  1.05  1.70  3.19  4.82  5.99  7.53  8.08  7.84  7.28  6.34  5.72  4.08  2.36  1.38  1.11  0.65  0.28  0.17  0.10  0.07  0.06  0.05  0.04
 9  55  0.04  0.11  0.18  0.35  0.69  1.03  1.69  3.21  4.83  6.01  7.48  7.85  7.48  6.83  5.91  5.31  3.93  2.45  1.51  1.23  0.75  0.34  0.21  0.13  0.09  0.06  0.05  0.04
 9  60  0.04  0.11  0.18  0.36  0.70  1.05  1.72  3.30  5.07  6.29  7.62  7.69  7.15  6.34  5.52  5.01  3.85  2.60  1.70  1.38  0.86  0.40  0.25  0.16  0.10  0.06  0.05  0.04
 9  65  0.04  0.11  0.18  0.36  0.72  1.07  1.76  3.37  5.12  6.29  7.36  7.17  6.55  5.73  4.97  4.48  3.63  2.60  1.81  1.48  0.95  0.46  0.29  0.18  0.10  0.06  0.05  0.04
 9  70  0.04  0.11  0.19  0.37  0.74  1.10  1.80  3.44  5.15  6.26  7.05  6.64  5.96  5.15  4.41  3.93  3.40  2.60  1.91  1.58  1.04  0.52  0.33  0.20  0.10  0.06  0.05  0.04
 9  75  0.04  0.11  0.19  0.38  0.75  1.11  1.82  3.49  4.95  5.85  6.26  5.85  5.30  4.65  4.20  3.91  3.36  2.61  1.91  1.59  1.06  0.53  0.34  0.21  0.11  0.06  0.05  0.04
 9  80  0.04  0.12  0.19  0.38  0.76  1.13  1.85  3.53  4.71  5.40  5.47  5.07  4.66  4.16  3.98  3.88  3.30  2.61  1.92  1.59  1.07  0.53  0.35  0.21  0.12  0.06  0.05  0.04
 9  85  0.04  0.12  0.19  0.39  0.77  1.14  1.87  3.57  4.67  5.32  5.38  5.06  4.67  4.18  4.00  3.90  3.30  2.61  1.92  1.60  1.07  0.53  0.35  0.21  0.12  0.06  0.05  0.04
 9  90  0.04  0.12  0.19  0.38  0.76  1.13  1.85  3.55  4.58  5.18  5.23  4.93  4.58  4.10  3.94  3.85  3.24  2.55  1.90  1.58  1.06  0.53  0.35  0.21  0.12  0.06  0.05  0.04
10 -90  0.03  0.10  0.16  0.32  0.63  0.94  1.51  2.79  4.04  4.94  6.51  7.46  7.35  6.58  5.65  5.14  3.66  1.67  1.29  1.18  0.88  0.48  0.11  0.06  0.05  0.04  0.03  0.03
10 -85  0.03  0.10  0.16  0.32  0.64  0.94  1.52  2.81  4.05  4.93  6.41  7.26  7.16  6.48  5.57  5.10  3.83  1.88  1.28  1.11  0.80  0.47  0.12  0.06  0.05  0.04  0.03  0.03
10 -80  0.03  0.10  0.16  0.32  0.63  0.93  1.51  2.78  4.00  4.86  6.34  7.21  7.15  6.51  5.55  5.06  3.82  1.94  1.34  1.17  0.83  0.48  0.12  0.06  0.05  0.04  0.03  0.03
10 -75  0.03  0.10  0.16  0.32  0.63  0.93  1.51  2.80  4.04  4.92  6.40  7.38  7.42  6.88  6.06  5.60  4.21  2.35  1.60  1.37  0.95  0.53  0.26  0.06  0.05  0.04  0.03  0.03
10 -70  0.03  0.10  0.16  0.32  0.63  0.94  1.52  2.84  4.11  5.01  6.49  7.54  7.62  7.16  6.53  6.09  4.50  2.67  1.81  1.55  1.06  0.59  0.29  0.07  0.05  0.04  0.03  0.03
10 -65  0.03  0.10  0.17  0.33  0.65  0.97  1.57  2.95  4.34  5.31  6.81  7.81  7.86  7.42  6.96  6.60  4.92  3.06  2.05  1.74  1.17  0.62  0.31  0.08  0.05  0.04  0.03  0.03
10 -60  0.03  0.10  0.17  0.34  0.67  1.00  1.62  3.06  4.56  5.62  7.15  8.13  8.15  7.69  7.38  7.14  5.34  3.38  2.19  1.83  1.20  0.64  0.32  0.08  0.05  0.04  0.03  0.03
10 -55  0.03  0.10  0.17  0.35  0.69  1.02  1.67  3.17  4.79  5.90  7.45  8.38  8.34  7.92  7.32  6.90  5.31  3.42  2.21  1.83  1.14  0.59  0.31  0.18  0.06  0.04  0.04  0.03
10 -50  0.03  0.10  0.17  0.35  0.69  1.02  1.67  3.20  4.87  6.02  7.68  8.66  8.61  8.09  7.23  6.66  5.32  3.50  2.21  1.80  1.09  0.54  0.29  0.17  0.06  0.04  0.04  0.03
10 -45  0.03  0.10  0.17  0.34  0.68  1.01  1.65  3.14  4.79  5.97  7.74  8.85  8.82  8.16  7.28  6.72  5.39  3.49  2.10  1.69  0.99  0.49  0.28  0.09  0.06  0.05  0.04  0.04
10 -40  0.03  0.10  0.17  0.34  0.67  1.00  1.64  3.11  4.75  5.91  7.80  9.05  9.05  8.34  7.41  6.84  5.47  3.47  2.02  1.61  0.91  0.45  0.27  0.09  0.06  0.05  0.04  0.04
10 -35  0.03  0.10  0.17  0.34  0.67  0.99  1.62  3.07  4.66  5.81  7.76  9.16  9.25  8.57  7.46  6.78  5.19  2.91  1.53  1.20  0.64  0.32  0.15  0.09  0.06  0.05  0.05  0.04
10 -30  0.03  0.10  0.17  0.33  0.65  0.97  1.59  3.04  4.57  5.67  7.67  9.25  9.44  8.83  7.53  6.71  4.89  2.35  1.05  0.80  0.37  0.17  0.10  0.07  0.06  0.05  0.05  0.04
10 -25  0.03  0.10  0.17  0.34  0.66  0.98  1.60  2.99  4.48  5.53  7.49  9.31  9.63  9.14  7.69  6.75  4.61  1.99  0.83  0.62  0.27  0.09  0.07  0.06  0.05  0.05  0.05  0.05
10 -20  0.03  0.10  0.17  0.33  0.66  0.97  1.58  2.96  4.37  5.39  7.30  9.35  9.84  9.42  7.83  6.78  4.34  1.61  0.61  0.45  0.18  0.06  0.05  0.04  0.05  0.05  0.05  0.05
10 -15  0.03  0.10  0.16  0.32  0.64  0.94  1.54  2.93  4.29  5.28  7.14  9.26  9.90  9.64  8.01  6.99  4.14  1.45  0.54  0.39  0.15  0.05  0.04  0.04  0.04  0.05  0.05  0.04
10 -10  0.03  0.09  0.16  0.31  0.62  0.92  1.52  2.92  4.25  5.21  7.10  9.21 10.05 10.00  8.28  7.21  3.91  1.28  0.46  0.33  0.12  0.04  0.03  0.03  0.04  0.04  0.04  0.04
10  -5  0.03  0.09  0.16  0.31  0.62  0.92  1.51  2.89  4.20  5.16  7.06  9.12 10.07 10.18  8.36  7.21  3.81  1.24  0.43  0.32  0.12  0.04  0.03  0.03  0.03  0.04  0.04  0.03
10   0  0.03  0.09  0.15  0.31  0.61  0.91  1.50  2.89  4.22  5.16  7.08  9.17 10.15 10.41  8.51  7.25  3.76  1.20  0.41  0.31  0.12  0.04  0.03  0.03  0.03  0.04  0.03  0.03
10   5  0.03  0.10  0.16  0.32  0.63  0.94  1.53  2.92  4.26  5.21  7.08  9.09 10.02 10.28  8.51  7.31  4.00  1.31  0.48  0.36  0.13  0.04  0.03  0.03  0.03  0.03  0.03  0.03
10  10  0.03  0.10  0.16  0.32  0.64  0.95  1.56  2.96  4.32  5.28  7.12  9.08  9.89 10.10  8.47  7.34  4.22  1.42  0.57  0.42  0.14  0.03  0.03  0.03  0.03  0.04  0.03  0.03
10  15  0.03  0.10  0.17  0.33  0.65  0.97  1.58  2.99  4.41  5.39  7.19  8.97  9.60  9.63  8.18  7.13  4.19  1.46  0.58  0.43  0.14  0.04  0.03  0.03  0.04  0.04  0.04  0.04
10  20  0.03  0.10  0.17  0.34  0.67  0.99  1.61  3.00  4.45  5.49  7.27  8.94  9.37  9.26  7.90  6.92  4.16  1.48  0.61  0.44  0.15  0.05  0.04  0.04  0.04  0.05  0.05  0.04
10  25  0.03  0.10  0.17  0.34  0.67  0.99  1.63  3.10  4.61  5.69  7.41  8.79  9.09  8.88  7.74  6.91  4.22  1.54  0.63  0.46  0.17  0.06  0.05  0.04  0.05  0.05  0.05  0.04
10  30  0.04  0.11  0.17  0.35  0.69  1.02  1.66  3.15  4.76  5.91  7.58  8.69  8.81  8.50  7.56  6.90  4.29  1.60  0.65  0.48  0.19  0.08  0.06  0.05  0.05  0.05  0.05  0.04
10  35  0.04  0.11  0.18  0.36  0.71  1.06  1.73  3.25  4.95  6.14  7.68  8.46  8.40  7.97  7.08  6.48  4.24  1.80  0.87  0.66  0.30  0.10  0.07  0.06  0.05  0.05  0.05  0.04
10  40  0.04  0.11  0.19  0.37  0.74  1.09  1.78  3.35  5.14  6.39  7.80  8.22  7.97  7.47  6.64  6.06  4.19  2.01  1.07  0.83  0.41  0.19  0.09  0.07  0.06  0.05  0.05  0.04
10  45  0.04  0.12  0.20  0.39  0.78  1.15  1.87  3.47  5.33  6.62  7.83  7.97  7.59  7.05  6.33  5.85  4.24  2.24  1.25  0.99  0.54  0.23  0.14  0.09  0.07  0.05  0.05  0.04
10  50  0.04  0.12  0.21  0.41  0.81  1.20  1.95  3.64  5.55  6.84  7.85  7.71  7.23  6.67  6.06  5.65  4.26  2.46  1.45  1.18  0.69  0.28  0.16  0.11  0.08  0.05  0.05  0.04
10  55  0.04  0.13  0.21  0.42  0.83  1.23  2.01  3.79  5.63  6.88  7.69  7.44  6.91  6.33  5.76  5.36  4.19  2.52  1.56  1.27  0.78  0.34  0.20  0.14  0.09  0.06  0.05  0.04
10  60  0.04  0.13  0.22  0.44  0.87  1.29  2.11  4.00  5.91  7.15  7.73  7.25  6.64  5.96  5.48  5.16  4.19  2.64  1.72  1.40  0.87  0.41  0.24  0.16  0.09  0.06  0.05  0.04
10  65  0.05  0.14  0.23  0.45  0.89  1.32  2.16  4.09  5.81  6.91  7.31  6.79  6.19  5.55  5.10  4.80  3.96  2.67  1.86  1.54  1.00  0.46  0.27  0.18  0.09  0.06  0.05  0.04
10  70  0.05  0.14  0.23  0.46  0.91  1.35  2.20  4.16  5.68  6.68  6.89  6.34  5.76  5.13  4.71  4.43  3.73  2.69  1.99  1.66  1.12  0.51  0.30  0.19  0.09  0.06  0.05  0.04
10  75  0.05  0.14  0.23  0.46  0.90  1.34  2.19  4.12  5.28  6.02  6.21  5.83  5.36  4.79  4.37  4.12  3.59  2.72  2.05  1.72  1.17  0.54  0.31  0.20  0.10  0.06  0.05  0.04
10  80  0.05  0.14  0.23  0.45  0.90  1.33  2.16  4.07  4.87  5.39  5.55  5.33  4.97  4.45  4.04  3.80  3.44  2.73  2.09  1.77  1.22  0.56  0.32  0.21  0.11  0.06  0.05  0.04
10  85  0.05  0.14  0.23  0.45  0.89  1.32  2.15  4.05  4.87  5.41  5.61  5.41  5.04  4.49  4.05  3.81  3.44  2.74  2.10  1.77  1.22  0.57  0.32  0.21  0.13  0.06  0.05  0.04
10  90  0.05  0.14  0.23  0.45  0.89  1.32  2.15  4.05  4.87  5.43  5.68  5.47  5.11  4.53  4.03  3.77  3.42  2.72  2.09  1.76  1.21  0.56  0.33  0.21  0.12  0.06  0.05  0.04
11 -90  0.03  0.08  0.14  0.27  0.54  0.80  1.30  2.45  3.60  4.41  5.84  6.83  7.17  7.13  6.95  6.62  5.23  3.00  2.14  1.90  1.32  0.64  0.31  0.17  0.05  0.04  0.03  0.02
11 -85  0.03  0.08  0.14  0.28  0.55  0.81  1.32  2.48  3.64  4.45  5.90  6.92  7.15  6.96  6.67  6.39  5.21  3.09  2.08  1.78  1.19  0.60  0.31  0.07  0.05  0.04  0.03  0.02
11 -80  0.03  0.08  0.14  0.28  0.55  0.81  1.32  2.50  3.65  4.45  5.89  6.89  7.09  6.88  6.60  6.31  5.14  3.06  2.08  1.78  1.20  0.61  0.31  0.18  0.05  0.04  0.03  0.02
11 -75  0.03  0.08  0.14  0.28  0.56  0.82  1.34  2.54  3.71  4.52  5.93  7.00  7.20  6.94  6.79  6.63  5.30  3.16  2.15  1.85  1.26  0.65  0.33  0.18  0.05  0.04  0.03  0.02
11 -70  0.03  0.09  0.14  0.28  0.56  0.83  1.36  2.57  3.75  4.60  5.99  7.14  7.34  7.01  6.97  6.92  5.42  3.20  2.17  1.88  1.30  0.69  0.35  0.20  0.05  0.04  0.03  0.03
11 -65  0.03  0.09  0.15  0.29  0.57  0.85  1.39  2.63  3.87  4.77  6.25  7.44  7.61  7.19  7.08  7.02  5.42  3.28  2.18  1.86  1.26  0.69  0.35  0.19  0.06  0.04  0.03  0.03
11 -60  0.03  0.09  0.15  0.30  0.59  0.87  1.42  2.70  4.00  4.95  6.51  7.75  7.89  7.41  7.22  7.13  5.44  3.36  2.15  1.79  1.16  0.67  0.35  0.19  0.06  0.04  0.03  0.03
11 -55  0.03  0.09  0.15  0.31  0.61  0.90  1.47  2.78  4.16  5.12  6.74  8.05  8.20  7.78  7.16  6.76  5.22  3.29  2.07  1.69  1.01  0.57  0.32  0.18  0.06  0.04  0.03  0.03
11 -50  0.03  0.09  0.15  0.31  0.61  0.90  1.47  2.81  4.19  5.15  6.89  8.37  8.58  8.07  7.06  6.39  5.01  3.24  1.98  1.59  0.91  0.47  0.27  0.10  0.06  0.04  0.04  0.03
11 -45  0.03  0.09  0.15  0.30  0.60  0.89  1.45  2.79  4.15  5.13  6.96  8.60  8.89  8.32  7.19  6.45  5.03  3.18  1.89  1.50  0.83  0.42  0.25  0.09  0.06  0.04  0.04  0.03
11 -40  0.03  0.09  0.15  0.30  0.59  0.89  1.46  2.81  4.14  5.11  7.02  8.83  9.22  8.65  7.37  6.56  5.07  3.12  1.79  1.42  0.76  0.38  0.22  0.08  0.06  0.05  0.04  0.04
11 -35  0.03  0.09  0.15  0.30  0.60  0.90  1.48  2.84  4.19  5.16  7.09  8.99  9.45  8.95  7.54  6.64  4.79  2.60  1.34  1.04  0.53  0.28  0.12  0.07  0.06  0.05  0.04  0.04
11 -30  0.03  0.09  0.15  0.31  0.61  0.91  1.49  2.88  4.22  5.18  7.12  9.09  9.64  9.26  7.72  6.71  4.50  2.07  0.89  0.68  0.30  0.15  0.09  0.06  0.05  0.05  0.05  0.04
11 -25  0.03  0.10  0.16  0.32  0.62  0.93  1.52  2.89  4.26  5.22  7.12  9.19  9.78  9.50  7.83  6.71  4.29  1.85  0.73  0.55  0.23  0.09  0.06  0.05  0.05  0.05  0.05  0.04
11 -20  0.03  0.09  0.16  0.31  0.62  0.93  1.52  2.93  4.29  5.26  7.13  9.27  9.91  9.70  7.91  6.67  4.08  1.60  0.58  0.43  0.16  0.06  0.05  0.05  0.05  0.05  0.05  0.04
11 -15  0.03  0.09  0.16  0.31  0.62  0.92  1.51  2.93  4.29  5.28  7.13  9.25  9.92  9.81  8.05  6.88  3.96  1.44  0.52  0.38  0.15  0.05  0.04  0.04  0.04  0.04  0.04  0.04
11 -10  0.03  0.09  0.15  0.30  0.61  0.91  1.51  2.97  4.34  5.34  7.24  9.26 10.04 10.03  8.26  7.09  3.82  1.27  0.45  0.34  0.14  0.04  0.04  0.04  0.04  0.04  0.04  0.04
11  -5  0.03  0.09  0.15  0.31  0.61  0.91  1.51  2.97  4.33  5.34  7.23  9.14  9.95 10.04  8.25  7.07  3.71  1.20  0.42  0.32  0.13  0.04  0.03  0.03  0.03  0.04  0.04  0.03
11   0  0.03  0.09  0.16  0.31  0.62  0.93  1.53  2.96  4.38  5.36  7.27  9.14  9.92 10.12  8.31  7.08  3.63  1.13  0.40  0.31  0.13  0.04  0.03  0.03  0.03  0.04  0.03  0.03
11   5  0.03  0.10  0.16  0.32  0.64  0.95  1.55  2.98  4.37  5.35  7.15  8.95  9.75  9.97  8.27  7.11  3.84  1.21  0.43  0.33  0.13  0.04  0.03  0.03  0.03  0.04  0.03  0.03
11  10  0.03  0.10  0.16  0.32  0.64  0.96  1.57  3.00  4.38  5.35  7.09  8.82  9.55  9.75  8.20  7.11  4.04  1.30  0.48  0.36  0.13  0.04  0.03  0.03  0.03  0.04  0.04  0.03
11  15  0.03  0.10  0.17  0.33  0.65  0.97  1.59  3.02  4.46  5.46  7.12  8.64  9.19  9.24  7.89  6.90  3.97  1.35  0.50  0.37  0.13  0.04  0.04  0.04  0.04  0.04  0.04  0.04
11  20  0.03  0.10  0.17  0.34  0.67  1.00  1.62  3.03  4.51  5.54  7.16  8.54  8.89  8.82  7.59  6.68  3.91  1.38  0.51  0.38  0.13  0.05  0.04  0.04  0.04  0.04  0.04  0.04
11  25  0.03  0.10  0.17  0.34  0.68  1.01  1.65  3.17  4.72  5.82  7.32  8.36  8.55  8.38  7.37  6.61  4.02  1.48  0.58  0.43  0.17  0.06  0.05  0.04  0.04  0.04  0.04  0.04
11  30  0.04  0.11  0.18  0.36  0.71  1.06  1.73  3.25  4.94  6.10  7.52  8.24  8.21  7.91  7.12  6.55  4.14  1.59  0.67  0.50  0.21  0.08  0.06  0.05  0.05  0.05  0.05  0.04
11  35  0.04  0.12  0.19  0.38  0.76  1.13  1.83  3.44  5.25  6.47  7.64  8.01  7.82  7.40  6.77  6.33  4.36  1.92  0.94  0.72  0.34  0.15  0.08  0.06  0.05  0.05  0.05  0.04
11  40  0.04  0.12  0.21  0.41  0.81  1.19  1.94  3.63  5.55  6.82  7.79  7.79  7.42  6.96  6.47  6.10  4.57  2.25  1.19  0.93  0.47  0.20  0.12  0.08  0.06  0.05  0.05  0.05
11  45  0.04  0.13  0.22  0.44  0.86  1.27  2.07  3.85  5.80  7.06  7.76  7.52  7.09  6.62  6.28  6.04  4.66  2.46  1.39  1.11  0.62  0.28  0.16  0.10  0.07  0.05  0.05  0.04
11  50  0.05  0.14  0.23  0.47  0.92  1.36  2.20  4.08  6.02  7.28  7.72  7.27  6.79  6.35  6.14  5.97  4.71  2.65  1.61  1.31  0.78  0.35  0.19  0.13  0.08  0.06  0.05  0.04
11  55  0.05  0.14  0.24  0.48  0.94  1.39  2.26  4.22  5.94  7.07  7.41  7.03  6.59  6.16  5.91  5.71  4.57  2.71  1.70  1.42  0.93  0.41  0.23  0.15  0.09  0.06  0.05  0.04
11  60  0.05  0.15  0.24  0.49  0.96  1.43  2.33  4.40  6.04  7.11  7.31  6.88  6.42  5.93  5.70  5.55  4.50  2.82  1.85  1.56  1.06  0.48  0.26  0.16  0.09  0.06  0.05  0.04
11  65  0.05  0.14  0.24  0.47  0.93  1.38  2.25  4.25  5.77  6.79  7.09  6.79  6.37  5.86  5.48  5.24  4.40  2.93  2.04  1.75  1.25  0.57  0.30  0.19  0.09  0.06  0.05  0.04
11  70  0.05  0.14  0.23  0.46  0.91  1.35  2.19  4.07  5.51  6.47  6.87  6.69  6.31  5.78  5.25  4.92  4.31  3.03  2.24  1.94  1.43  0.66  0.34  0.21  0.10  0.06  0.05  0.04
11  75  0.05  0.14  0.23  0.46  0.90  1.32  2.13  3.91  5.22  6.09  6.45  6.10  5.58  4.98  4.46  4.14  3.77  2.96  2.17  1.88  1.37  0.62  0.32  0.20  0.10  0.06  0.05  0.04
11  80  0.05  0.14  0.23  0.45  0.88  1.29  2.08  3.75  4.95  5.72  6.03  5.50  4.85  4.17  3.66  3.36  3.22  2.88  2.11  1.81  1.31  0.59  0.29  0.18  0.10  0.06  0.05  0.04
11  85  0.05  0.14  0.23  0.45  0.88  1.29  2.07  3.75  4.94  5.72  6.05  5.54  4.90  4.21  3.68  3.38  3.23  2.88  2.11  1.81  1.31  0.58  0.29  0.18  0.11  0.06  0.05  0.04
11  90  0.05  0.14  0.23  0.45  0.89  1.30  2.09  3.80  5.00  5.79  6.14  5.60  4.96  4.24  3.65  3.35  3.23  2.86  2.09  1.80  1.30  0.58  0.29  0.17  0.10  0.06  0.05  0.04
12 -90  0.02  0.07  0.12  0.25  0.48  0.72  1.16  2.17  3.28  4.12  5.69  6.61  6.44  5.72  5.49  5.57  5.29  4.12  2.81  2.40  1.64  0.79  0.42  0.23  0.11  0.04  0.03  0.02
12 -85  0.02  0.07  0.12  0.24  0.48  0.71  1.16  2.17  3.28  4.09  5.61  6.61  6.49  5.80  5.43  5.36  5.01  3.93  2.66  2.25  1.50  0.72  0.41  0.23  0.11  0.04  0.03  0.02
12 -80  0.02  0.07  0.12  0.24  0.48  0.72  1.16  2.17  3.27  4.07  5.58  6.59  6.49  5.80  5.42  5.32  4.94  3.86  2.62  2.21  1.47  0.72  0.41  0.23  0.11  0.04  0.03  0.02
12 -75  0.03  0.08  0.13  0.25  0.50  0.74  1.20  2.25  3.34  4.12  5.57  6.66  6.64  6.00  5.59  5.45  4.97  3.76  2.52  2.13  1.43  0.70  0.41  0.22  0.06  0.04  0.03  0.02
12 -70  0.03  0.08  0.13  0.26  0.51  0.76  1.23  2.32  3.40  4.16  5.56  6.74  6.81  6.20  5.78  5.60  4.99  3.62  2.39  2.02  1.35  0.68  0.40  0.21  0.06  0.04  0.03  0.02
12 -65  0.03  0.08  0.13  0.27  0.53  0.78  1.27  2.40  3.48  4.27  5.71  7.03  7.21  6.68  6.19  5.92  4.99  3.43  2.20  1.84  1.20  0.63  0.37  0.20  0.06  0.04  0.03  0.02
12 -60  0.03  0.08  0.14  0.27  0.54  0.81  1.31  2.47  3.58  4.39  5.89  7.35  7.65  7.19  6.62  6.26  5.03  3.27  2.02  1.67  1.05  0.56  0.34  0.18  0.07  0.04  0.03  0.03
12 -55  0.03  0.09  0.14  0.29  0.57  0.84  1.37  2.57  3.76  4.56  6.09  7.70  8.11  7.84  7.02  6.46  4.92  3.04  1.84  1.49  0.88  0.49  0.29  0.16  0.07  0.04  0.03  0.03
12 -50  0.03  0.09  0.15  0.29  0.57  0.85  1.39  2.63  3.80  4.60  6.23  8.06  8.63  8.36  7.34  6.63  4.80  2.81  1.61  1.30  0.73  0.41  0.24  0.11  0.07  0.04  0.03  0.03
12 -45  0.03  0.09  0.14  0.29  0.57  0.85  1.39  2.66  3.84  4.69  6.40  8.34  9.01  8.73  7.33  6.36  4.57  2.62  1.49  1.19  0.65  0.35  0.20  0.09  0.06  0.05  0.04  0.03
12 -40  0.03  0.09  0.14  0.29  0.57  0.85  1.41  2.73  3.91  4.77  6.54  8.59  9.34  9.12  7.33  6.11  4.35  2.41  1.34  1.06  0.57  0.30  0.12  0.07  0.06  0.05  0.04  0.03
12 -35  0.03  0.09  0.15  0.30  0.59  0.88  1.44  2.80  4.05  4.95  6.77  8.79  9.51  9.28  7.69  6.60  4.34  2.08  1.04  0.81  0.40  0.19  0.10  0.07  0.05  0.05  0.04  0.04
12 -30  0.03  0.09  0.15  0.30  0.60  0.89  1.47  2.87  4.17  5.09  6.96  8.95  9.62  9.44  8.03  7.07  4.31  1.76  0.74  0.56  0.25  0.13  0.08  0.06  0.05  0.05  0.05  0.04
12 -25  0.03  0.09  0.16  0.31  0.62  0.92  1.51  2.92  4.30  5.27  7.15  9.16  9.77  9.58  8.05  7.00  4.16  1.63  0.62  0.46  0.19  0.09  0.06  0.05  0.05  0.05  0.05  0.04
12 -20  0.03  0.09  0.16  0.31  0.62  0.92  1.52  2.99  4.42  5.44  7.35  9.37  9.93  9.71  8.06  6.90  4.01  1.48  0.50  0.37  0.13  0.06  0.04  0.04  0.04  0.05  0.04  0.04
12 -15  0.03  0.09  0.16  0.31  0.62  0.93  1.53  3.02  4.50  5.59  7.53  9.48 10.01  9.83  8.14  7.00  3.93  1.36  0.45  0.33  0.13  0.05  0.04  0.04  0.04  0.04  0.04  0.04
12 -10  0.03  0.09  0.15  0.31  0.62  0.93  1.54  3.09  4.63  5.75  7.78  9.64 10.19 10.03  8.29  7.11  3.84  1.24  0.40  0.30  0.13  0.04  0.03  0.03  0.04  0.04  0.04  0.03
12  -5  0.03  0.09  0.16  0.31  0.62  0.93  1.55  3.09  4.64  5.78  7.79  9.52 10.06  9.96  8.09  6.84  3.66  1.17  0.37  0.29  0.13  0.04  0.03  0.03  0.03  0.04  0.03  0.03
12   0  0.03  0.10  0.16  0.33  0.65  0.97  1.59  3.07  4.68  5.82  7.83  9.47  9.95  9.93  7.95  6.58  3.50  1.11  0.35  0.28  0.14  0.04  0.03  0.03  0.03  0.04  0.03  0.03
12   5  0.03  0.10  0.17  0.33  0.66  0.98  1.60  3.08  4.65  5.77  7.63  9.20  9.70  9.65  7.92  6.73  3.72  1.21  0.39  0.31  0.13  0.04  0.03  0.03  0.04  0.04  0.04  0.03
12  10  0.03  0.10  0.17  0.33  0.66  0.99  1.62  3.10  4.63  5.73  7.50  8.95  9.37  9.32  7.87  6.86  3.93  1.31  0.45  0.34  0.12  0.04  0.04  0.04  0.04  0.04  0.04  0.04
12  15  0.03  0.10  0.17  0.34  0.66  0.99  1.62  3.09  4.65  5.75  7.43  8.68  8.98  8.81  7.54  6.63  3.88  1.40  0.48  0.36  0.13  0.04  0.04  0.04  0.04  0.04  0.05  0.04
12  20  0.03  0.10  0.17  0.34  0.68  1.01  1.64  3.08  4.64  5.75  7.34  8.46  8.61  8.37  7.22  6.39  3.84  1.46  0.51  0.37  0.13  0.05  0.04  0.04  0.04  0.05  0.05  0.05
12  25  0.03  0.10  0.17  0.34  0.68  1.01  1.66  3.18  4.76  5.89  7.34  8.18  8.22  7.92  7.10  6.50  4.11  1.61  0.62  0.46  0.19  0.06  0.05  0.05  0.05  0.05  0.05  0.05
12  30  0.04  0.11  0.18  0.36  0.71  1.05  1.72  3.23  4.89  6.03  7.35  7.94  7.83  7.47  6.98  6.61  4.36  1.79  0.76  0.57  0.25  0.09  0.07  0.06  0.05  0.05  0.05  0.05
12  35  0.04  0.12  0.19  0.38  0.76  1.12  1.83  3.42  5.14  6.28  7.33  7.67  7.48  7.08  6.80  6.59  4.72  2.16  1.07  0.83  0.44  0.21  0.10  0.07  0.06  0.05  0.05  0.05
12  40  0.04  0.12  0.21  0.41  0.81  1.20  1.94  3.62  5.37  6.49  7.33  7.41  7.14  6.75  6.66  6.56  5.05  2.52  1.36  1.09  0.63  0.30  0.16  0.10  0.07  0.05  0.05  0.05
12  45  0.04  0.13  0.22  0.43  0.86  1.27  2.06  3.84  5.54  6.60  7.21  7.16  6.88  6.54  6.44  6.36  5.03  2.83  1.61  1.31  0.80  0.38  0.20  0.13  0.08  0.06  0.05  0.05
12  50  0.05  0.14  0.23  0.46  0.91  1.35  2.18  4.05  5.67  6.69  7.10  6.94  6.67  6.42  6.28  6.16  4.97  3.13  1.87  1.54  0.97  0.45  0.24  0.15  0.09  0.06  0.05  0.05
12  55  0.05  0.14  0.23  0.46  0.91  1.35  2.19  4.06  5.43  6.37  6.80  6.82  6.62  6.38  6.08  5.86  4.76  3.14  2.00  1.68  1.13  0.54  0.28  0.17  0.09  0.06  0.05  0.05
12  60  0.05  0.14  0.23  0.46  0.91  1.35  2.19  4.10  5.40  6.29  6.72  6.79  6.60  6.29  5.92  5.66  4.62  3.20  2.17  1.84  1.28  0.61  0.31  0.18  0.09  0.06  0.05  0.05
12  65  0.05  0.14  0.24  0.47  0.92  1.35  2.18  3.97  5.30  6.20  6.71  6.82  6.60  6.21  5.71  5.38  4.51  3.17  2.23  1.91  1.35  0.64  0.30  0.18  0.10  0.06  0.05  0.05
12  70  0.05  0.14  0.24  0.47  0.92  1.36  2.16  3.85  5.19  6.10  6.68  6.84  6.59  6.13  5.52  5.10  4.41  3.13  2.29  1.97  1.41  0.67  0.30  0.18  0.10  0.06  0.05  0.05
12  75  0.05  0.14  0.23  0.45  0.88  1.29  2.04  3.52  4.90  5.83  6.47  6.52  6.20  5.69  5.09  4.69  4.19  3.17  2.32  1.98  1.42  0.67  0.32  0.19  0.11  0.06  0.05  0.04
12  80  0.04  0.13  0.22  0.43  0.83  1.21  1.90  3.20  4.61  5.57  6.27  6.20  5.79  5.23  4.65  4.26  3.97  3.20  2.34  1.99  1.43  0.67  0.34  0.21  0.11  0.06  0.05  0.04
12  85  0.04  0.13  0.22  0.43  0.83  1.21  1.89  3.18  4.59  5.55  6.28  6.24  5.84  5.27  4.67  4.27  3.97  3.20  2.34  2.00  1.43  0.67  0.34  0.21  0.11  0.06  0.05  0.04
12  90  0.04  0.13  0.22  0.43  0.83  1.21  1.90  3.20  4.58  5.52  6.22  6.28  5.92  5.37  4.72  4.28  3.96  3.17  2.29  1.95  1.40  0.68  0.34  0.20  0.11  0.06  0.05  0.04
