     0.010
     0.030
     0.050
     0.100
     0.200
     0.300
     0.500
     1.000
     1.500
     2.000
     3.000
     5.000
     7.000
    10.000
    15.000
    20.000
    30.000
    50.000
    70.000
    80.000
   100.000
   150.000
   200.000
   250.000
   300.000
   400.000
   500.000
   600.000
 1 -90  0.02  0.07  0.11  0.22  0.43  0.64  1.02  1.86  2.64  3.17  4.41  5.40  5.42  4.91  4.25  3.79  3.60  2.85  1.91  1.53  0.93  0.36  0.27  0.18  0.09  0.05  0.03  0.02
 1 -85  0.02  0.07  0.11  0.22  0.43  0.64  1.02  1.86  2.64  3.17  4.40  5.40  5.42  4.91  4.25  3.79  3.60  2.85  1.91  1.53  0.93  0.36  0.27  0.18  0.09  0.05  0.03  0.02
 1 -80  0.02  0.07  0.11  0.22  0.43  0.64  1.03  1.86  2.64  3.17  4.40  5.40  5.42  4.91  4.25  3.79  3.60  2.85  1.91  1.53  0.93  0.36  0.27  0.18  0.09  0.05  0.03  0.02
 1 -75  0.02  0.07  0.11  0.23  0.45  0.66  1.06  1.93  2.71  3.25  4.42  5.53  5.66  5.19  4.60  4.17  3.89  2.92  1.90  1.52  0.91  0.36  0.27  0.18  0.09  0.04  0.03  0.02
 1 -70  0.02  0.07  0.12  0.23  0.46  0.68  1.09  1.99  2.78  3.32  4.43  5.66  5.90  5.48  4.94  4.55  4.18  2.99  1.90  1.51  0.90  0.36  0.27  0.17  0.08  0.04  0.03  0.03
 1 -65  0.02  0.07  0.12  0.24  0.48  0.70  1.13  2.08  2.88  3.43  4.58  5.98  6.36  6.04  5.55  5.20  4.36  2.95  1.81  1.44  0.84  0.34  0.25  0.16  0.07  0.04  0.03  0.03
 1 -60  0.03  0.08  0.13  0.25  0.50  0.73  1.18  2.15  2.97  3.55  4.74  6.30  6.83  6.61  6.16  5.85  4.55  2.91  1.73  1.37  0.78  0.32  0.23  0.14  0.08  0.04  0.03  0.03
 1 -55  0.03  0.08  0.13  0.26  0.51  0.76  1.22  2.22  3.06  3.64  4.88  6.62  7.29  7.15  6.54  6.11  4.38  2.64  1.46  1.14  0.62  0.25  0.18  0.11  0.07  0.05  0.03  0.03
 1 -50  0.03  0.08  0.14  0.27  0.53  0.78  1.26  2.30  3.16  3.75  5.05  6.94  7.75  7.71  6.93  6.38  4.20  2.35  1.18  0.91  0.47  0.19  0.13  0.10  0.07  0.05  0.04  0.03
 1 -45  0.03  0.08  0.14  0.27  0.54  0.79  1.29  2.41  3.32  3.94  5.27  7.19  8.07  8.09  7.15  6.46  4.19  2.30  1.12  0.86  0.44  0.18  0.13  0.08  0.06  0.04  0.04  0.03
 1 -40  0.03  0.08  0.14  0.27  0.54  0.80  1.32  2.53  3.44  4.07  5.43  7.43  8.38  8.52  7.35  6.53  4.20  2.24  1.04  0.80  0.40  0.17  0.10  0.07  0.05  0.05  0.04  0.03
 1 -35  0.03  0.08  0.14  0.28  0.55  0.82  1.35  2.60  3.62  4.30  5.72  7.72  8.66  8.72  7.57  6.73  4.23  1.97  0.84  0.64  0.31  0.14  0.08  0.06  0.05  0.05  0.04  0.04
 1 -30  0.03  0.08  0.14  0.28  0.56  0.84  1.38  2.68  3.72  4.44  5.94  7.96  8.89  8.97  7.78  6.92  4.25  1.70  0.64  0.48  0.22  0.10  0.06  0.05  0.05  0.05  0.04  0.04
 1 -25  0.03  0.09  0.14  0.29  0.57  0.85  1.40  2.70  3.82  4.57  6.14  8.21  9.13  9.22  7.88  6.90  4.22  1.57  0.55  0.41  0.18  0.07  0.05  0.04  0.04  0.05  0.04  0.04
 1 -20  0.03  0.08  0.14  0.28  0.56  0.84  1.40  2.78  3.93  4.72  6.40  8.45  9.30  9.42  7.94  6.87  4.16  1.43  0.46  0.35  0.15  0.05  0.04  0.04  0.04  0.04  0.04  0.04
 1 -15  0.03  0.08  0.14  0.28  0.56  0.84  1.40  2.79  4.00  4.88  6.65  8.66  9.44  9.57  8.10  7.01  4.06  1.36  0.41  0.32  0.14  0.05  0.04  0.03  0.04  0.04  0.04  0.03
 1 -10  0.03  0.08  0.14  0.28  0.56  0.83  1.40  2.82  4.13  5.02  6.87  8.95  9.74  9.78  8.27  7.14  3.95  1.30  0.37  0.29  0.09  0.04  0.03  0.03  0.03  0.04  0.04  0.03
 1  -5  0.03  0.08  0.14  0.28  0.56  0.84  1.40  2.83  4.13  5.04  6.81  8.91  9.65  9.66  8.16  7.05  3.83  1.26  0.35  0.28  0.07  0.04  0.03  0.03  0.03  0.03  0.03  0.03
 1   0  0.03  0.09  0.15  0.30  0.59  0.88  1.45  2.76  4.11  5.03  6.83  8.79  9.46  9.50  8.04  6.96  3.74  1.23  0.34  0.27  0.06  0.04  0.03  0.03  0.03  0.03  0.03  0.03
 1   5  0.03  0.09  0.15  0.30  0.59  0.88  1.44  2.77  4.06  4.98  6.67  8.56  9.24  9.18  7.84  6.88  3.87  1.35  0.40  0.31  0.06  0.04  0.03  0.03  0.03  0.04  0.04  0.04
 1  10  0.03  0.09  0.15  0.30  0.59  0.88  1.45  2.77  4.06  4.93  6.64  8.41  9.02  8.94  7.65  6.78  4.01  1.45  0.45  0.34  0.07  0.04  0.03  0.03  0.04  0.04  0.04  0.04
 1  15  0.03  0.09  0.15  0.30  0.60  0.89  1.46  2.79  4.02  4.87  6.55  8.18  8.68  8.54  7.36  6.50  3.98  1.51  0.46  0.34  0.07  0.04  0.04  0.04  0.04  0.04  0.04  0.04
 1  20  0.03  0.09  0.16  0.31  0.62  0.91  1.48  2.77  3.97  4.77  6.39  7.92  8.28  8.12  7.05  6.22  3.91  1.55  0.47  0.34  0.12  0.05  0.04  0.04  0.04  0.04  0.05  0.04
 1  25  0.03  0.09  0.16  0.31  0.62  0.92  1.50  2.87  4.02  4.87  6.32  7.59  7.84  7.69  6.91  6.26  4.21  1.77  0.64  0.48  0.21  0.06  0.05  0.05  0.05  0.05  0.05  0.04
 1  30  0.03  0.10  0.17  0.33  0.65  0.96  1.55  2.89  4.08  4.89  6.25  7.29  7.38  7.18  6.69  6.29  4.49  2.03  0.84  0.63  0.30  0.10  0.07  0.06  0.05  0.05  0.05  0.05
 1  35  0.03  0.10  0.17  0.34  0.68  1.00  1.62  2.99  4.15  4.97  6.14  7.00  7.04  6.79  6.41  6.15  4.80  2.45  1.21  0.94  0.49  0.23  0.15  0.08  0.07  0.05  0.05  0.05
 1  40  0.04  0.11  0.18  0.36  0.71  1.05  1.69  3.08  4.27  5.09  6.08  6.70  6.70  6.47  6.21  6.01  5.11  2.84  1.55  1.23  0.67  0.34  0.20  0.12  0.08  0.06  0.05  0.05
 1  45  0.04  0.11  0.19  0.37  0.73  1.08  1.74  3.19  4.36  5.17  5.97  6.48  6.48  6.22  6.10  6.02  5.16  3.06  1.78  1.43  0.84  0.42  0.23  0.15  0.09  0.06  0.05  0.05
 1  50  0.04  0.11  0.19  0.38  0.74  1.10  1.78  3.30  4.38  5.18  5.87  6.23  6.25  6.07  6.03  6.03  5.20  3.28  1.99  1.63  1.03  0.52  0.28  0.17  0.10  0.06  0.05  0.05
 1  55  0.04  0.12  0.19  0.38  0.76  1.12  1.80  3.31  4.26  5.02  5.65  6.06  6.08  5.90  5.72  5.60  4.88  3.26  2.14  1.79  1.18  0.59  0.34  0.19  0.11  0.06  0.05  0.05
 1  60  0.04  0.12  0.19  0.38  0.76  1.12  1.81  3.33  4.14  4.82  5.37  5.83  5.88  5.70  5.40  5.19  4.58  3.25  2.29  1.94  1.34  0.66  0.39  0.22  0.11  0.06  0.05  0.05
 1  65  0.04  0.11  0.19  0.38  0.74  1.10  1.77  3.23  4.03  4.71  5.36  5.95  6.03  5.83  5.44  5.17  4.40  3.23  2.26  1.91  1.32  0.65  0.37  0.22  0.11  0.06  0.05  0.05
 1  70  0.04  0.11  0.19  0.37  0.73  1.08  1.73  3.14  3.91  4.61  5.35  6.07  6.18  5.96  5.48  5.15  4.21  3.20  2.23  1.89  1.31  0.65  0.36  0.21  0.11  0.06  0.05  0.05
 1  75  0.04  0.11  0.18  0.35  0.69  1.02  1.63  2.92  3.61  4.27  5.04  5.70  5.73  5.40  4.92  4.59  3.94  3.12  2.32  2.01  1.50  0.69  0.37  0.22  0.12  0.06  0.05  0.05
 1  80  0.04  0.10  0.17  0.34  0.67  0.98  1.54  2.67  3.33  3.94  4.75  5.34  5.27  4.85  4.37  4.04  3.66  3.03  2.41  2.14  1.69  0.74  0.39  0.23  0.12  0.06  0.05  0.05
 1  85  0.04  0.10  0.17  0.34  0.67  0.98  1.54  2.67  3.33  3.94  4.75  5.34  5.28  4.85  4.37  4.04  3.66  3.03  2.41  2.14  1.69  0.74  0.39  0.23  0.12  0.06  0.05  0.05
 1  90  0.04  0.10  0.17  0.34  0.67  0.98  1.54  2.67  3.33  3.94  4.75  5.34  5.28  4.85  4.37  4.04  3.66  3.03  2.41  2.14  1.69  0.74  0.39  0.23  0.12  0.06  0.05  0.05
 2 -90  0.03  0.08  0.14  0.27  0.53  0.78  1.25  2.27  3.12  3.72  4.70  5.04  4.76  4.20  3.90  3.73  3.49  2.72  1.85  1.51  0.94  0.35  0.25  0.18  0.11  0.05  0.03  0.02
 2 -85  0.03  0.08  0.14  0.27  0.53  0.78  1.25  2.27  3.12  3.72  4.70  5.04  4.76  4.20  3.90  3.73  3.49  2.72  1.85  1.51  0.94  0.35  0.25  0.18  0.11  0.05  0.03  0.02
 2 -80  0.03  0.08  0.14  0.27  0.53  0.78  1.25  2.27  3.12  3.72  4.70  5.04  4.76  4.20  3.90  3.73  3.49  2.72  1.85  1.51  0.94  0.35  0.25  0.18  0.11  0.05  0.03  0.02
 2 -75  0.03  0.08  0.14  0.27  0.53  0.77  1.24  2.25  3.12  3.73  4.78  5.39  5.23  4.69  4.30  4.06  3.68  2.73  1.87  1.51  0.92  0.34  0.25  0.17  0.10  0.04  0.03  0.02
 2 -70  0.03  0.08  0.13  0.27  0.52  0.77  1.24  2.24  3.12  3.74  4.87  5.73  5.70  5.17  4.70  4.39  3.86  2.75  1.89  1.51  0.91  0.33  0.25  0.17  0.09  0.04  0.03  0.03
 2 -65  0.03  0.08  0.14  0.27  0.53  0.79  1.26  2.29  3.19  3.82  5.02  6.13  6.26  5.79  5.22  4.83  4.08  2.71  1.80  1.44  0.86  0.32  0.24  0.15  0.08  0.04  0.03  0.03
 2 -60  0.03  0.08  0.14  0.28  0.54  0.80  1.29  2.34  3.25  3.90  5.18  6.54  6.82  6.40  5.73  5.28  4.30  2.68  1.72  1.37  0.80  0.31  0.23  0.14  0.08  0.05  0.03  0.03
 2 -55  0.03  0.09  0.14  0.29  0.56  0.83  1.32  2.39  3.31  3.94  5.27  6.82  7.27  6.95  6.24  5.75  4.22  2.47  1.43  1.12  0.62  0.25  0.17  0.11  0.08  0.05  0.03  0.03
 2 -50  0.03  0.09  0.15  0.29  0.58  0.85  1.36  2.44  3.37  4.00  5.36  7.11  7.72  7.50  6.74  6.22  4.15  2.25  1.12  0.85  0.44  0.18  0.12  0.09  0.06  0.04  0.04  0.03
 2 -45  0.03  0.09  0.15  0.29  0.58  0.86  1.38  2.55  3.52  4.18  5.55  7.32  8.02  7.90  7.00  6.36  4.17  2.15  1.05  0.81  0.40  0.18  0.11  0.07  0.05  0.04  0.04  0.03
 2 -40  0.03  0.09  0.15  0.29  0.58  0.86  1.41  2.65  3.62  4.29  5.69  7.53  8.31  8.32  7.25  6.51  4.22  2.04  0.99  0.75  0.36  0.16  0.09  0.06  0.05  0.04  0.04  0.03
 2 -35  0.03  0.09  0.15  0.30  0.58  0.87  1.42  2.70  3.77  4.48  5.92  7.78  8.58  8.57  7.45  6.65  4.19  1.82  0.82  0.62  0.29  0.12  0.07  0.05  0.05  0.04  0.04  0.04
 2 -30  0.03  0.09  0.15  0.30  0.59  0.87  1.43  2.75  3.84  4.58  6.08  7.98  8.81  8.86  7.64  6.77  4.15  1.61  0.64  0.48  0.21  0.09  0.06  0.05  0.04  0.04  0.04  0.04
 2 -25  0.03  0.09  0.15  0.29  0.58  0.87  1.42  2.74  3.87  4.62  6.17  8.19  9.09  9.19  7.82  6.82  4.11  1.50  0.53  0.40  0.17  0.06  0.04  0.04  0.04  0.04  0.04  0.04
 2 -20  0.03  0.08  0.14  0.28  0.56  0.84  1.40  2.77  3.88  4.64  6.30  8.42  9.33  9.47  7.96  6.87  4.05  1.41  0.43  0.33  0.14  0.05  0.04  0.04  0.04  0.04  0.04  0.03
 2 -15  0.03  0.08  0.14  0.28  0.56  0.83  1.38  2.72  3.86  4.70  6.44  8.61  9.54  9.73  8.16  7.01  4.00  1.32  0.40  0.31  0.14  0.04  0.03  0.03  0.03  0.04  0.04  0.03
 2 -10  0.03  0.08  0.14  0.27  0.55  0.82  1.36  2.70  3.90  4.72  6.56  8.90  9.88  9.99  8.37  7.14  3.94  1.24  0.37  0.29  0.09  0.04  0.03  0.03  0.03  0.03  0.03  0.03
 2  -5  0.03  0.08  0.14  0.27  0.54  0.82  1.36  2.69  3.87  4.69  6.47  8.91  9.87  9.93  8.14  6.78  3.82  1.22  0.37  0.29  0.07  0.04  0.03  0.03  0.03  0.03  0.03  0.03
 2   0  0.03  0.09  0.15  0.29  0.58  0.86  1.39  2.59  3.80  4.61  6.42  8.78  9.69  9.78  7.89  6.44  3.73  1.24  0.37  0.30  0.06  0.03  0.03  0.03  0.03  0.03  0.03  0.03
 2   5  0.03  0.09  0.15  0.29  0.58  0.86  1.39  2.63  3.81  4.64  6.37  8.65  9.54  9.52  7.88  6.65  3.84  1.36  0.44  0.34  0.06  0.04  0.03  0.03  0.03  0.04  0.04  0.04
 2  10  0.03  0.09  0.15  0.29  0.57  0.85  1.40  2.67  3.88  4.71  6.45  8.59  9.40  9.35  7.87  6.83  3.95  1.46  0.50  0.37  0.07  0.04  0.03  0.03  0.03  0.04  0.04  0.04
 2  15  0.03  0.09  0.15  0.29  0.58  0.86  1.41  2.71  3.85  4.68  6.38  8.38  9.12  9.02  7.73  6.78  4.07  1.56  0.52  0.38  0.07  0.04  0.04  0.04  0.04  0.04  0.05  0.04
 2  20  0.03  0.09  0.15  0.30  0.60  0.89  1.44  2.71  3.85  4.63  6.28  8.13  8.72  8.64  7.55  6.72  4.15  1.64  0.56  0.40  0.09  0.05  0.04  0.04  0.04  0.05  0.05  0.05
 2  25  0.03  0.09  0.15  0.31  0.60  0.90  1.47  2.79  3.91  4.75  6.30  7.86  8.29  8.19  7.26  6.53  4.37  1.81  0.70  0.51  0.20  0.07  0.06  0.05  0.05  0.05  0.05  0.05
 2  30  0.03  0.10  0.16  0.32  0.63  0.94  1.52  2.82  4.00  4.80  6.29  7.60  7.83  7.66  6.90  6.31  4.57  2.02  0.87  0.64  0.28  0.16  0.09  0.07  0.06  0.05  0.05  0.05
 2  35  0.03  0.10  0.17  0.34  0.66  0.98  1.58  2.91  4.09  4.94  6.26  7.33  7.45  7.20  6.60  6.18  4.81  2.53  1.24  0.96  0.48  0.29  0.20  0.10  0.07  0.06  0.05  0.05
 2  40  0.04  0.11  0.18  0.35  0.70  1.02  1.65  2.98  4.25  5.13  6.32  7.06  7.06  6.79  6.39  6.08  5.04  3.02  1.59  1.26  0.67  0.42  0.27  0.14  0.09  0.06  0.05  0.05
 2  45  0.04  0.11  0.18  0.36  0.71  1.06  1.70  3.12  4.40  5.28  6.25  6.84  6.81  6.50  6.20  6.00  5.12  3.23  1.88  1.51  0.88  0.51  0.31  0.19  0.11  0.06  0.05  0.05
 2  50  0.04  0.11  0.19  0.37  0.73  1.08  1.75  3.27  4.50  5.38  6.23  6.62  6.58  6.31  6.07  5.93  5.20  3.47  2.15  1.76  1.11  0.60  0.36  0.20  0.12  0.07  0.06  0.05
 2  55  0.04  0.12  0.19  0.38  0.76  1.12  1.81  3.35  4.52  5.38  6.09  6.41  6.36  6.10  5.86  5.69  5.12  3.51  2.28  1.89  1.25  0.65  0.40  0.22  0.12  0.07  0.06  0.05
 2  60  0.04  0.12  0.20  0.40  0.78  1.15  1.87  3.45  4.55  5.37  5.93  6.19  6.13  5.89  5.64  5.47  5.06  3.56  2.40  2.02  1.38  0.69  0.44  0.25  0.13  0.07  0.06  0.05
 2  65  0.04  0.12  0.20  0.40  0.78  1.15  1.86  3.40  4.38  5.14  5.69  6.09  6.10  5.90  5.58  5.35  4.87  3.42  2.44  2.07  1.46  0.74  0.42  0.25  0.13  0.07  0.06  0.05
 2  70  0.04  0.12  0.20  0.40  0.78  1.15  1.85  3.36  4.21  4.89  5.46  5.98  6.07  5.92  5.52  5.24  4.66  3.28  2.48  2.13  1.55  0.78  0.41  0.26  0.13  0.07  0.06  0.05
 2  75  0.04  0.12  0.20  0.39  0.77  1.14  1.82  3.31  3.96  4.52  5.32  6.16  6.35  6.19  5.68  5.33  4.63  3.21  2.51  2.16  1.58  0.82  0.43  0.26  0.13  0.07  0.06  0.05
 2  80  0.04  0.12  0.20  0.39  0.76  1.13  1.80  3.25  3.70  4.15  5.19  6.32  6.63  6.46  5.85  5.42  4.60  3.14  2.55  2.19  1.61  0.85  0.45  0.26  0.14  0.07  0.06  0.05
 2  85  0.04  0.12  0.20  0.39  0.76  1.13  1.80  3.25  3.70  4.15  5.19  6.32  6.63  6.46  5.85  5.42  4.60  3.14  2.55  2.19  1.61  0.85  0.45  0.26  0.14  0.07  0.06  0.05
 2  90  0.04  0.12  0.20  0.39  0.76  1.13  1.80  3.25  3.70  4.15  5.19  6.32  6.63  6.46  5.85  5.42  4.60  3.14  2.55  2.19  1.61  0.85  0.45  0.26  0.13  0.07  0.06  0.05
 3 -90  0.04  0.12  0.20  0.39  0.76  1.12  1.78  3.10  3.88  4.48  4.65  4.60  4.40  4.02  3.60  3.37  3.47  2.64  1.90  1.56  0.99  0.40  0.24  0.16  0.08  0.04  0.03  0.02
 3 -85  0.04  0.12  0.20  0.39  0.76  1.12  1.78  3.10  3.88  4.48  4.65  4.60  4.40  4.02  3.60  3.37  3.47  2.64  1.90  1.56  0.99  0.40  0.24  0.16  0.08  0.04  0.03  0.02
 3 -80  0.04  0.12  0.20  0.39  0.76  1.12  1.77  3.10  3.88  4.48  4.65  4.60  4.40  4.02  3.60  3.37  3.47  2.64  1.90  1.56  0.99  0.40  0.24  0.16  0.08  0.04  0.03  0.02
 3 -75  0.04  0.11  0.19  0.37  0.73  1.07  1.70  2.98  3.90  4.58  5.06  5.13  4.89  4.43  3.92  3.63  3.56  2.66  1.88  1.53  0.95  0.39  0.23  0.15  0.08  0.04  0.03  0.02
 3 -70  0.04  0.11  0.18  0.36  0.69  1.02  1.62  2.85  3.91  4.68  5.48  5.67  5.37  4.83  4.24  3.88  3.63  2.67  1.88  1.51  0.91  0.38  0.23  0.15  0.07  0.04  0.03  0.03
 3 -65  0.04  0.10  0.17  0.34  0.68  0.99  1.58  2.80  3.90  4.70  5.68  6.13  5.94  5.40  4.84  4.48  3.79  2.65  1.78  1.42  0.85  0.36  0.21  0.14  0.08  0.04  0.03  0.03
 3 -60  0.03  0.10  0.17  0.34  0.66  0.97  1.54  2.75  3.89  4.70  5.88  6.60  6.50  5.96  5.44  5.09  3.96  2.62  1.68  1.34  0.80  0.34  0.21  0.13  0.08  0.04  0.03  0.03
 3 -55  0.03  0.10  0.17  0.33  0.65  0.96  1.53  2.73  3.84  4.64  5.92  6.92  6.98  6.49  5.96  5.59  4.16  2.50  1.44  1.14  0.66  0.27  0.16  0.10  0.07  0.04  0.03  0.03
 3 -50  0.03  0.10  0.17  0.33  0.65  0.96  1.52  2.70  3.79  4.56  5.94  7.23  7.45  7.01  6.47  6.08  4.37  2.37  1.18  0.93  0.52  0.20  0.12  0.08  0.06  0.04  0.04  0.03
 3 -45  0.03  0.10  0.16  0.33  0.64  0.94  1.51  2.74  3.85  4.62  6.04  7.43  7.78  7.45  6.61  6.02  4.25  2.25  1.08  0.85  0.47  0.18  0.11  0.07  0.05  0.04  0.04  0.03
 3 -40  0.03  0.10  0.16  0.32  0.63  0.93  1.51  2.76  3.88  4.64  6.09  7.63  8.10  7.89  6.76  5.97  4.14  2.13  0.99  0.77  0.41  0.16  0.09  0.06  0.05  0.04  0.04  0.03
 3 -35  0.03  0.10  0.16  0.31  0.62  0.92  1.49  2.78  3.96  4.76  6.24  7.85  8.40  8.26  7.26  6.57  4.23  1.92  0.81  0.62  0.31  0.12  0.07  0.05  0.04  0.04  0.04  0.03
 3 -30  0.03  0.09  0.16  0.31  0.61  0.91  1.48  2.79  3.97  4.78  6.33  8.05  8.69  8.64  7.76  7.15  4.30  1.71  0.63  0.47  0.20  0.08  0.05  0.04  0.04  0.04  0.04  0.03
 3 -25  0.03  0.09  0.15  0.30  0.60  0.89  1.45  2.75  3.93  4.72  6.27  8.16  8.95  9.02  7.98  7.22  4.23  1.48  0.50  0.37  0.15  0.06  0.04  0.04  0.04  0.04  0.04  0.03
 3 -20  0.03  0.09  0.15  0.29  0.58  0.86  1.42  2.74  3.85  4.59  6.23  8.32  9.19  9.34  8.16  7.30  4.14  1.28  0.37  0.27  0.10  0.04  0.03  0.03  0.03  0.04  0.04  0.03
 3 -15  0.03  0.09  0.14  0.29  0.57  0.85  1.39  2.68  3.75  4.52  6.16  8.35  9.39  9.68  8.25  7.20  4.10  1.27  0.37  0.28  0.11  0.04  0.03  0.03  0.03  0.03  0.03  0.03
 3 -10  0.03  0.08  0.14  0.28  0.56  0.83  1.37  2.63  3.68  4.40  6.06  8.49  9.68 10.00  8.34  7.09  4.04  1.27  0.38  0.29  0.12  0.03  0.03  0.03  0.03  0.03  0.03  0.03
 3  -5  0.03  0.08  0.14  0.28  0.55  0.82  1.35  2.61  3.63  4.32  5.93  8.49  9.70 10.02  8.31  7.00  4.00  1.27  0.38  0.29  0.07  0.03  0.03  0.03  0.03  0.03  0.03  0.03
 3   0  0.03  0.09  0.15  0.29  0.58  0.86  1.38  2.52  3.53  4.18  5.79  8.31  9.53  9.92  8.24  6.93  4.00  1.30  0.39  0.30  0.13  0.03  0.03  0.03  0.03  0.03  0.03  0.03
 3   5  0.03  0.09  0.15  0.29  0.57  0.85  1.38  2.58  3.58  4.31  5.88  8.34  9.48  9.73  8.22  7.03  4.06  1.39  0.44  0.34  0.06  0.03  0.03  0.03  0.03  0.04  0.04  0.03
 3  10  0.03  0.09  0.14  0.29  0.57  0.85  1.38  2.64  3.73  4.49  6.09  8.41  9.47  9.65  8.18  7.10  4.11  1.46  0.49  0.36  0.07  0.04  0.03  0.03  0.03  0.04  0.04  0.04
 3  15  0.03  0.09  0.15  0.29  0.58  0.86  1.40  2.70  3.75  4.53  6.11  8.31  9.28  9.38  7.92  6.85  4.14  1.52  0.49  0.37  0.08  0.04  0.04  0.04  0.04  0.04  0.05  0.05
 3  20  0.03  0.09  0.15  0.30  0.60  0.89  1.44  2.72  3.81  4.57  6.15  8.15  8.95  9.02  7.62  6.57  4.12  1.56  0.51  0.38  0.14  0.05  0.04  0.04  0.04  0.05  0.05  0.05
 3  25  0.03  0.09  0.15  0.30  0.60  0.90  1.46  2.77  3.87  4.68  6.25  8.02  8.66  8.67  7.44  6.52  4.32  1.84  0.70  0.52  0.24  0.07  0.06  0.05  0.05  0.05  0.05  0.05
 3  30  0.03  0.10  0.16  0.32  0.62  0.92  1.50  2.79  3.94  4.73  6.29  7.88  8.31  8.22  7.20  6.44  4.49  2.16  0.89  0.69  0.34  0.17  0.10  0.08  0.06  0.06  0.05  0.05
 3  35  0.03  0.10  0.16  0.32  0.64  0.95  1.53  2.81  3.99  4.84  6.35  7.75  8.01  7.78  6.94  6.34  4.57  2.56  1.26  1.00  0.56  0.30  0.22  0.11  0.08  0.06  0.05  0.05
 3  40  0.03  0.10  0.17  0.34  0.66  0.97  1.56  2.81  4.11  5.01  6.52  7.61  7.69  7.39  6.75  6.26  4.65  2.95  1.61  1.31  0.78  0.43  0.29  0.15  0.10  0.06  0.06  0.05
 3  45  0.03  0.10  0.17  0.34  0.67  0.99  1.59  2.90  4.23  5.15  6.51  7.42  7.43  7.03  6.45  6.05  4.84  3.17  1.87  1.53  0.94  0.54  0.34  0.20  0.11  0.07  0.06  0.05
 3  50  0.03  0.10  0.17  0.34  0.67  0.99  1.61  2.99  4.33  5.26  6.59  7.27  7.20  6.77  6.22  5.85  5.03  3.41  2.11  1.74  1.12  0.65  0.41  0.23  0.13  0.07  0.06  0.06
 3  55  0.04  0.11  0.18  0.35  0.70  1.03  1.66  3.06  4.40  5.36  6.52  7.04  6.91  6.48  6.04  5.73  5.03  3.51  2.28  1.89  1.25  0.72  0.46  0.25  0.14  0.07  0.06  0.06
 3  60  0.04  0.11  0.18  0.36  0.72  1.06  1.71  3.15  4.49  5.45  6.44  6.80  6.62  6.19  5.86  5.61  5.03  3.62  2.44  2.04  1.37  0.79  0.50  0.28  0.14  0.07  0.06  0.06
 3  65  0.04  0.11  0.19  0.37  0.74  1.09  1.76  3.23  4.48  5.38  6.22  6.54  6.40  6.02  5.66  5.41  4.87  3.60  2.50  2.13  1.50  0.84  0.53  0.31  0.14  0.07  0.06  0.06
 3  70  0.04  0.12  0.19  0.39  0.76  1.12  1.81  3.31  4.47  5.30  6.00  6.29  6.17  5.84  5.47  5.21  4.71  3.57  2.57  2.22  1.63  0.89  0.56  0.34  0.15  0.07  0.06  0.06
 3  75  0.04  0.12  0.19  0.39  0.76  1.12  1.81  3.30  4.33  5.09  5.77  6.21  6.21  5.95  5.41  5.02  4.58  3.56  2.59  2.24  1.67  0.93  0.56  0.33  0.14  0.08  0.06  0.06
 3  80  0.04  0.12  0.19  0.39  0.76  1.12  1.80  3.28  4.20  4.88  5.53  6.13  6.25  6.06  5.35  4.84  4.44  3.56  2.62  2.28  1.71  0.96  0.55  0.32  0.13  0.08  0.06  0.06
 3  85  0.04  0.12  0.19  0.39  0.76  1.12  1.80  3.28  4.20  4.88  5.53  6.13  6.24  6.06  5.35  4.84  4.44  3.56  2.62  2.28  1.71  0.96  0.55  0.32  0.13  0.08  0.06  0.06
 3  90  0.04  0.12  0.19  0.39  0.76  1.12  1.80  3.28  4.20  4.88  5.53  6.13  6.24  6.06  5.35  4.84  4.44  3.56  2.62  2.28  1.71  0.96  0.55  0.32  0.13  0.08  0.06  0.06
 4 -90  0.05  0.16  0.26  0.51  0.99  1.43  2.22  3.58  3.88  4.21  4.43  4.51  4.32  3.93  3.44  3.19  2.95  2.77  1.98  1.60  0.99  0.41  0.25  0.16  0.08  0.04  0.03  0.03
 4 -85  0.05  0.16  0.26  0.51  0.99  1.43  2.22  3.58  3.88  4.21  4.43  4.51  4.32  3.93  3.44  3.19  2.95  2.77  1.98  1.60  0.99  0.41  0.25  0.16  0.08  0.04  0.03  0.03
 4 -80  0.05  0.16  0.26  0.51  0.99  1.43  2.22  3.58  3.88  4.21  4.43  4.51  4.32  3.93  3.44  3.19  2.95  2.77  1.98  1.60  0.99  0.41  0.25  0.16  0.08  0.04  0.03  0.03
 4 -75  0.05  0.15  0.25  0.49  0.96  1.39  2.16  3.57  4.18  4.75  4.97  4.96  4.72  4.31  3.82  3.58  3.32  2.76  1.95  1.58  0.99  0.39  0.24  0.15  0.07  0.04  0.03  0.03
 4 -70  0.05  0.15  0.24  0.48  0.92  1.35  2.11  3.55  4.50  5.29  5.51  5.40  5.12  4.68  4.21  3.95  3.65  2.76  1.93  1.56  0.99  0.37  0.23  0.14  0.08  0.04  0.03  0.03
 4 -65  0.05  0.14  0.23  0.46  0.89  1.30  2.05  3.51  4.60  5.48  5.88  5.86  5.61  5.15  4.72  4.44  3.87  2.74  1.84  1.48  0.92  0.34  0.20  0.12  0.08  0.04  0.03  0.03
 4 -60  0.04  0.13  0.22  0.44  0.86  1.26  1.99  3.47  4.70  5.66  6.24  6.33  6.11  5.63  5.24  4.95  4.10  2.72  1.74  1.40  0.85  0.32  0.17  0.11  0.07  0.04  0.03  0.03
 4 -55  0.04  0.13  0.21  0.42  0.82  1.20  1.91  3.35  4.60  5.57  6.37  6.71  6.55  6.07  5.79  5.57  4.34  2.59  1.52  1.20  0.68  0.27  0.13  0.08  0.06  0.04  0.03  0.03
 4 -50  0.04  0.12  0.20  0.40  0.78  1.15  1.83  3.21  4.47  5.43  6.47  7.09  6.99  6.49  6.32  6.17  4.58  2.46  1.28  0.99  0.51  0.21  0.09  0.08  0.06  0.04  0.03  0.03
 4 -45  0.04  0.12  0.19  0.38  0.75  1.10  1.75  3.11  4.38  5.31  6.50  7.31  7.32  6.87  6.38  6.06  4.45  2.31  1.20  0.93  0.49  0.20  0.10  0.07  0.05  0.04  0.03  0.03
 4 -40  0.04  0.11  0.18  0.37  0.72  1.05  1.68  2.99  4.28  5.18  6.52  7.55  7.65  7.25  6.49  5.96  4.32  2.16  1.13  0.88  0.46  0.18  0.09  0.06  0.04  0.04  0.03  0.03
 4 -35  0.04  0.11  0.17  0.35  0.68  1.00  1.62  2.94  4.23  5.13  6.55  7.79  8.03  7.74  6.74  6.04  4.21  1.95  0.96  0.75  0.38  0.15  0.07  0.05  0.04  0.04  0.03  0.03
 4 -30  0.03  0.10  0.17  0.33  0.65  0.97  1.56  2.86  4.12  5.00  6.54  8.01  8.41  8.24  6.99  6.11  4.09  1.73  0.79  0.61  0.30  0.09  0.05  0.04  0.04  0.04  0.03  0.03
 4 -25  0.03  0.10  0.16  0.32  0.63  0.94  1.52  2.81  4.02  4.86  6.40  8.08  8.68  8.68  7.41  6.49  4.14  1.53  0.60  0.46  0.21  0.06  0.04  0.03  0.03  0.03  0.03  0.03
 4 -20  0.03  0.09  0.16  0.31  0.61  0.91  1.47  2.76  3.86  4.62  6.24  8.20  8.96  9.07  7.80  6.87  4.18  1.37  0.41  0.31  0.12  0.04  0.03  0.03  0.03  0.03  0.03  0.03
 4 -15  0.03  0.09  0.15  0.30  0.60  0.89  1.45  2.72  3.76  4.52  6.07  8.12  9.09  9.39  8.05  7.08  4.18  1.32  0.39  0.29  0.12  0.03  0.03  0.03  0.03  0.03  0.03  0.03
 4 -10  0.03  0.09  0.15  0.30  0.59  0.88  1.42  2.66  3.67  4.35  5.91  8.15  9.29  9.70  8.31  7.28  4.16  1.27  0.36  0.28  0.12  0.03  0.03  0.03  0.03  0.03  0.03  0.03
 4  -5  0.03  0.09  0.15  0.30  0.59  0.87  1.41  2.64  3.62  4.29  5.77  8.14  9.34  9.77  8.37  7.30  4.18  1.28  0.37  0.28  0.12  0.03  0.03  0.03  0.03  0.03  0.03  0.03
 4   0  0.03  0.09  0.15  0.30  0.60  0.88  1.42  2.58  3.53  4.16  5.61  7.97  9.21  9.72  8.39  7.35  4.23  1.32  0.37  0.28  0.12  0.03  0.03  0.03  0.03  0.03  0.03  0.03
 4   5  0.03  0.09  0.15  0.30  0.59  0.88  1.42  2.62  3.59  4.30  5.77  8.09  9.22  9.56  8.33  7.33  4.30  1.42  0.53  0.39  0.14  0.03  0.03  0.03  0.03  0.03  0.03  0.03
 4  10  0.03  0.09  0.15  0.29  0.58  0.86  1.41  2.68  3.75  4.50  6.01  8.25  9.28  9.52  8.25  7.28  4.35  1.51  0.69  0.50  0.16  0.03  0.03  0.03  0.03  0.04  0.04  0.04
 4  15  0.03  0.09  0.15  0.29  0.58  0.87  1.42  2.72  3.78  4.55  6.07  8.22  9.18  9.32  8.05  7.09  4.31  1.56  0.71  0.51  0.16  0.04  0.03  0.03  0.04  0.04  0.05  0.05
 4  20  0.03  0.09  0.15  0.30  0.60  0.89  1.45  2.73  3.83  4.60  6.17  8.15  8.95  9.04  7.80  6.86  4.24  1.61  0.75  0.53  0.16  0.06  0.04  0.04  0.05  0.05  0.05  0.05
 4  25  0.03  0.09  0.15  0.30  0.60  0.89  1.45  2.74  3.84  4.63  6.21  8.09  8.81  8.84  7.67  6.82  4.37  1.82  0.85  0.63  0.25  0.09  0.07  0.06  0.06  0.06  0.05  0.05
 4  30  0.03  0.09  0.15  0.31  0.61  0.90  1.46  2.73  3.85  4.63  6.20  8.01  8.60  8.55  7.51  6.75  4.48  2.06  0.96  0.73  0.34  0.17  0.10  0.08  0.07  0.06  0.06  0.05
 4  35  0.03  0.09  0.16  0.31  0.61  0.90  1.45  2.68  3.79  4.58  6.14  7.89  8.38  8.23  7.27  6.59  4.46  2.35  1.25  0.99  0.56  0.31  0.17  0.10  0.08  0.06  0.06  0.05
 4  40  0.03  0.09  0.16  0.31  0.61  0.90  1.45  2.62  3.80  4.60  6.21  7.78  8.15  7.94  7.09  6.45  4.44  2.64  1.53  1.25  0.76  0.45  0.30  0.13  0.09  0.07  0.06  0.06
 4  45  0.03  0.09  0.16  0.31  0.61  0.89  1.44  2.63  3.80  4.62  6.16  7.62  7.93  7.61  6.78  6.18  4.48  2.84  1.75  1.43  0.89  0.53  0.35  0.18  0.11  0.07  0.06  0.06
 4  50  0.03  0.09  0.15  0.30  0.60  0.88  1.43  2.64  3.83  4.63  6.20  7.53  7.76  7.36  6.51  5.92  4.52  3.06  1.94  1.60  1.03  0.62  0.41  0.23  0.13  0.07  0.06  0.06
 4  55  0.03  0.09  0.15  0.30  0.60  0.89  1.44  2.66  3.87  4.69  6.20  7.35  7.46  7.01  6.21  5.63  4.64  3.22  2.09  1.73  1.14  0.67  0.46  0.26  0.14  0.08  0.06  0.06
 4  60  0.03  0.09  0.15  0.31  0.61  0.90  1.45  2.68  3.92  4.76  6.20  7.17  7.16  6.66  5.91  5.36  4.77  3.40  2.24  1.87  1.25  0.72  0.50  0.29  0.15  0.08  0.06  0.06
 4  65  0.03  0.09  0.16  0.31  0.61  0.91  1.46  2.71  3.93  4.76  6.04  6.84  6.77  6.28  5.69  5.28  4.71  3.41  2.35  1.96  1.32  0.80  0.58  0.34  0.16  0.08  0.06  0.06
 4  70  0.03  0.09  0.16  0.31  0.62  0.91  1.48  2.74  3.94  4.75  5.88  6.50  6.38  5.89  5.48  5.19  4.66  3.41  2.46  2.06  1.40  0.89  0.65  0.39  0.17  0.08  0.06  0.06
 4  75  0.03  0.10  0.16  0.32  0.63  0.93  1.51  2.81  3.93  4.68  5.58  6.06  5.96  5.54  5.29  5.12  4.63  3.47  2.52  2.14  1.49  0.94  0.65  0.38  0.16  0.08  0.06  0.06
 4  80  0.03  0.10  0.16  0.33  0.64  0.95  1.54  2.87  3.91  4.61  5.29  5.63  5.53  5.18  5.09  5.04  4.61  3.53  2.59  2.22  1.59  1.00  0.65  0.38  0.15  0.09  0.07  0.06
 4  85  0.03  0.10  0.16  0.33  0.64  0.95  1.54  2.87  3.91  4.61  5.28  5.62  5.52  5.18  5.09  5.04  4.60  3.53  2.59  2.22  1.59  1.00  0.65  0.38  0.15  0.09  0.07  0.06
 4  90  0.03  0.10  0.16  0.33  0.64  0.95  1.54  2.87  3.91  4.61  5.28  5.62  5.52  5.18  5.09  5.03  4.60  3.53  2.59  2.22  1.59  1.00  0.65  0.38  0.15  0.09  0.07  0.06
 5 -90  0.06  0.17  0.28  0.56  1.06  1.52  2.30  3.43  4.06  4.58  4.48  4.23  3.81  3.36  3.38  3.43  3.32  2.67  1.94  1.57  0.97  0.40  0.23  0.14  0.06  0.04  0.03  0.03
 5 -85  0.06  0.17  0.28  0.56  1.06  1.52  2.30  3.43  4.06  4.58  4.48  4.23  3.81  3.36  3.38  3.43  3.32  2.67  1.94  1.57  0.97  0.40  0.23  0.14  0.06  0.04  0.03  0.03
 5 -80  0.06  0.17  0.28  0.56  1.06  1.52  2.30  3.43  4.05  4.58  4.48  4.23  3.81  3.36  3.38  3.43  3.32  2.67  1.94  1.57  0.97  0.40  0.23  0.14  0.06  0.04  0.03  0.03
 5 -75  0.06  0.17  0.28  0.54  1.04  1.50  2.28  3.46  4.21  4.83  4.94  4.83  4.50  4.06  3.84  3.74  3.44  2.57  1.80  1.45  0.89  0.37  0.21  0.13  0.07  0.04  0.03  0.03
 5 -70  0.05  0.16  0.27  0.53  1.02  1.46  2.24  3.50  4.37  5.09  5.41  5.42  5.18  4.76  4.29  4.03  3.56  2.46  1.67  1.34  0.82  0.34  0.20  0.12  0.07  0.04  0.03  0.03
 5 -65  0.05  0.16  0.27  0.53  1.03  1.49  2.32  3.78  4.75  5.55  5.76  5.72  5.49  5.10  4.76  4.57  4.03  2.60  1.69  1.34  0.78  0.34  0.19  0.12  0.07  0.04  0.03  0.03
 5 -60  0.05  0.16  0.27  0.54  1.04  1.52  2.39  4.07  5.12  6.00  6.10  6.02  5.81  5.44  5.26  5.13  4.48  2.73  1.70  1.33  0.74  0.35  0.18  0.11  0.06  0.04  0.03  0.03
 5 -55  0.05  0.16  0.26  0.51  1.00  1.46  2.31  3.98  5.17  6.14  6.42  6.41  6.21  5.81  5.64  5.48  4.57  2.56  1.57  1.22  0.65  0.35  0.16  0.10  0.06  0.04  0.03  0.03
 5 -50  0.05  0.15  0.25  0.49  0.97  1.41  2.23  3.85  5.17  6.20  6.71  6.81  6.59  6.13  5.98  5.81  4.67  2.39  1.41  1.09  0.55  0.35  0.15  0.08  0.05  0.04  0.03  0.03
 5 -45  0.05  0.14  0.23  0.46  0.89  1.31  2.07  3.59  4.93  5.97  6.75  7.07  6.88  6.40  6.07  5.83  4.60  2.32  1.32  1.02  0.52  0.32  0.14  0.07  0.05  0.04  0.03  0.03
 5 -40  0.04  0.13  0.21  0.42  0.82  1.20  1.90  3.33  4.73  5.76  6.81  7.35  7.21  6.71  6.23  5.88  4.52  2.25  1.25  0.96  0.48  0.29  0.13  0.06  0.04  0.03  0.03  0.03
 5 -35  0.04  0.12  0.19  0.39  0.76  1.11  1.78  3.17  4.54  5.53  6.75  7.57  7.56  7.17  6.65  6.28  4.49  2.04  1.02  0.77  0.36  0.22  0.09  0.05  0.04  0.03  0.03  0.03
 5 -30  0.04  0.11  0.18  0.36  0.70  1.03  1.66  2.99  4.30  5.23  6.67  7.78  7.94  7.64  7.08  6.68  4.44  1.81  0.78  0.58  0.25  0.10  0.06  0.04  0.04  0.03  0.03  0.03
 5 -25  0.03  0.10  0.17  0.34  0.67  0.99  1.59  2.89  4.12  4.99  6.46  7.85  8.22  8.11  7.32  6.74  4.38  1.66  0.64  0.47  0.19  0.06  0.04  0.04  0.03  0.03  0.03  0.03
 5 -20  0.03  0.10  0.17  0.33  0.65  0.95  1.53  2.78  3.87  4.63  6.20  7.97  8.54  8.52  7.54  6.80  4.31  1.55  0.49  0.36  0.14  0.04  0.03  0.03  0.03  0.03  0.03  0.03
 5 -15  0.03  0.10  0.16  0.32  0.63  0.93  1.50  2.75  3.80  4.54  6.04  7.89  8.71  8.87  7.83  7.09  4.35  1.46  0.43  0.32  0.12  0.04  0.03  0.03  0.03  0.03  0.03  0.03
 5 -10  0.03  0.10  0.16  0.32  0.62  0.92  1.48  2.70  3.72  4.41  5.90  7.93  8.91  9.24  8.15  7.37  4.36  1.37  0.36  0.27  0.11  0.03  0.03  0.03  0.03  0.03  0.03  0.03
 5  -5  0.03  0.10  0.16  0.32  0.62  0.92  1.47  2.68  3.70  4.40  5.83  7.96  9.04  9.38  8.10  7.17  4.16  1.20  0.32  0.24  0.10  0.03  0.03  0.03  0.03  0.03  0.03  0.03
 5   0  0.03  0.09  0.16  0.31  0.61  0.91  1.46  2.68  3.67  4.35  5.75  7.88  9.02  9.44  8.03  7.00  3.97  1.06  0.29  0.22  0.10  0.03  0.03  0.03  0.03  0.03  0.03  0.03
 5   5  0.03  0.09  0.16  0.31  0.61  0.90  1.46  2.69  3.69  4.43  5.88  8.02  9.05  9.38  8.17  7.22  4.24  1.31  0.45  0.35  0.16  0.03  0.03  0.03  0.03  0.03  0.03  0.03
 5  10  0.03  0.09  0.15  0.30  0.60  0.88  1.44  2.73  3.83  4.59  6.08  8.19  9.15  9.43  8.30  7.41  4.50  1.56  0.60  0.47  0.22  0.04  0.03  0.03  0.03  0.04  0.04  0.04
 5  15  0.03  0.09  0.15  0.30  0.59  0.88  1.44  2.74  3.82  4.58  6.08  8.17  9.10  9.28  8.17  7.33  4.39  1.62  0.64  0.48  0.23  0.04  0.04  0.04  0.04  0.05  0.05  0.04
 5  20  0.03  0.09  0.15  0.31  0.60  0.90  1.45  2.72  3.82  4.58  6.14  8.13  8.96  9.08  8.02  7.21  4.26  1.69  0.67  0.52  0.24  0.06  0.05  0.05  0.05  0.05  0.05  0.05
 5  25  0.03  0.09  0.15  0.30  0.60  0.89  1.44  2.69  3.79  4.55  6.10  8.05  8.86  8.93  7.86  7.09  4.45  1.86  0.79  0.61  0.31  0.10  0.06  0.06  0.06  0.06  0.05  0.05
 5  30  0.03  0.09  0.15  0.30  0.59  0.87  1.42  2.68  3.74  4.50  6.03  7.96  8.70  8.72  7.68  6.94  4.62  2.04  0.91  0.70  0.37  0.16  0.09  0.07  0.06  0.06  0.06  0.05
 5  35  0.03  0.09  0.15  0.30  0.59  0.87  1.40  2.60  3.65  4.38  5.87  7.79  8.47  8.45  7.46  6.75  4.59  2.26  1.13  0.91  0.53  0.29  0.14  0.09  0.07  0.06  0.06  0.05
 5  40  0.03  0.09  0.15  0.30  0.59  0.86  1.39  2.53  3.61  4.33  5.86  7.63  8.23  8.18  7.27  6.59  4.56  2.48  1.34  1.10  0.69  0.41  0.21  0.12  0.09  0.07  0.06  0.06
 5  45  0.03  0.09  0.15  0.29  0.57  0.84  1.36  2.49  3.53  4.24  5.69  7.44  8.02  7.89  6.97  6.30  4.50  2.63  1.56  1.28  0.81  0.49  0.32  0.16  0.10  0.07  0.06  0.06
 5  50  0.03  0.08  0.14  0.28  0.55  0.81  1.32  2.47  3.48  4.17  5.62  7.31  7.85  7.64  6.70  6.03  4.45  2.78  1.76  1.45  0.95  0.58  0.39  0.20  0.12  0.08  0.07  0.06
 5  55  0.03  0.08  0.14  0.27  0.54  0.80  1.30  2.43  3.44  4.12  5.55  7.14  7.56  7.27  6.39  5.75  4.45  2.91  1.87  1.54  1.01  0.61  0.44  0.26  0.13  0.08  0.07  0.06
 5  60  0.03  0.08  0.14  0.27  0.53  0.79  1.28  2.40  3.41  4.10  5.50  6.96  7.28  6.90  6.08  5.49  4.46  3.05  1.99  1.64  1.06  0.63  0.48  0.28  0.15  0.08  0.07  0.06
 5  65  0.03  0.08  0.13  0.26  0.52  0.77  1.26  2.35  3.33  4.00  5.34  6.63  6.83  6.39  5.59  5.01  4.18  3.04  2.09  1.74  1.16  0.70  0.53  0.33  0.16  0.08  0.07  0.06
 5  70  0.03  0.08  0.13  0.26  0.51  0.76  1.23  2.30  3.25  3.90  5.17  6.29  6.37  5.89  5.10  4.54  3.89  3.04  2.20  1.84  1.26  0.76  0.58  0.39  0.22  0.09  0.07  0.06
 5  75  0.03  0.08  0.13  0.26  0.51  0.76  1.23  2.30  3.30  3.98  5.19  6.04  5.98  5.44  4.88  4.49  4.01  3.11  2.22  1.86  1.28  0.78  0.58  0.38  0.21  0.09  0.07  0.06
 5  80  0.03  0.08  0.13  0.26  0.51  0.76  1.23  2.31  3.34  4.05  5.20  5.80  5.58  4.99  4.67  4.45  4.13  3.18  2.25  1.89  1.31  0.79  0.57  0.37  0.20  0.09  0.07  0.06
 5  85  0.03  0.08  0.13  0.26  0.51  0.76  1.23  2.31  3.34  4.04  5.20  5.80  5.58  4.99  4.67  4.44  4.12  3.18  2.25  1.89  1.31  0.79  0.57  0.37  0.20  0.10  0.07  0.06
 5  90  0.03  0.08  0.13  0.26  0.51  0.76  1.23  2.30  3.34  4.04  5.19  5.79  5.57  4.99  4.67  4.44  4.12  3.18  2.25  1.89  1.31  0.79  0.57  0.37  0.20  0.10  0.07  0.06
 6 -90  0.06  0.17  0.29  0.56  1.07  1.52  2.28  3.22  4.21  4.97  4.91  4.65  4.33  3.95  3.91  3.86  3.32  2.70  1.94  1.59  1.02  0.36  0.18  0.09  0.05  0.03  0.03  0.03
 6 -85  0.06  0.17  0.29  0.56  1.07  1.52  2.28  3.22  4.21  4.97  4.91  4.65  4.33  3.95  3.91  3.86  3.32  2.70  1.94  1.59  1.02  0.36  0.18  0.09  0.05  0.03  0.03  0.03
 6 -80  0.06  0.17  0.29  0.56  1.07  1.52  2.27  3.22  4.21  4.97  4.91  4.65  4.33  3.95  3.91  3.86  3.32  2.70  1.94  1.59  1.02  0.36  0.18  0.09  0.05  0.03  0.03  0.03
 6 -75  0.06  0.17  0.29  0.56  1.07  1.53  2.30  3.35  4.33  5.09  5.22  5.13  4.85  4.45  4.20  4.03  3.48  2.68  1.91  1.56  1.01  0.35  0.17  0.10  0.06  0.04  0.03  0.03
 6 -70  0.06  0.17  0.28  0.56  1.07  1.53  2.32  3.50  4.47  5.22  5.54  5.61  5.36  4.95  4.47  4.17  3.63  2.67  1.87  1.55  1.00  0.34  0.16  0.10  0.06  0.04  0.03  0.03
 6 -65  0.06  0.17  0.28  0.55  1.06  1.53  2.34  3.66  4.65  5.44  5.67  5.73  5.51  5.11  4.76  4.57  3.98  2.75  1.87  1.54  0.98  0.38  0.20  0.10  0.06  0.04  0.03  0.03
 6 -60  0.06  0.17  0.28  0.54  1.05  1.52  2.36  3.82  4.85  5.68  5.82  5.85  5.65  5.28  5.08  4.98  4.32  2.81  1.87  1.53  0.95  0.42  0.23  0.10  0.06  0.04  0.03  0.03
 6 -55  0.05  0.16  0.27  0.53  1.03  1.50  2.36  3.98  5.14  6.09  6.20  6.15  5.97  5.62  5.48  5.35  4.46  2.66  1.69  1.37  0.84  0.40  0.24  0.10  0.06  0.04  0.03  0.03
 6 -50  0.05  0.16  0.27  0.53  1.03  1.51  2.38  4.07  5.37  6.39  6.53  6.45  6.27  5.91  5.84  5.72  4.61  2.54  1.49  1.20  0.72  0.38  0.25  0.09  0.05  0.04  0.03  0.03
 6 -45  0.05  0.15  0.25  0.49  0.95  1.38  2.18  3.75  5.10  6.15  6.69  6.82  6.60  6.17  5.88  5.67  4.58  2.47  1.42  1.14  0.69  0.36  0.23  0.08  0.05  0.04  0.03  0.03
 6 -40  0.04  0.13  0.22  0.44  0.85  1.25  1.98  3.46  4.90  5.97  6.90  7.25  7.02  6.49  6.01  5.64  4.53  2.41  1.35  1.09  0.65  0.33  0.21  0.07  0.05  0.04  0.03  0.03
 6 -35  0.04  0.12  0.20  0.40  0.78  1.14  1.82  3.23  4.59  5.60  6.75  7.44  7.35  6.93  6.40  6.01  4.65  2.21  1.08  0.86  0.49  0.25  0.11  0.06  0.05  0.04  0.03  0.03
 6 -30  0.04  0.11  0.18  0.36  0.71  1.04  1.67  2.99  4.25  5.16  6.57  7.63  7.73  7.39  6.80  6.38  4.75  1.99  0.81  0.63  0.33  0.17  0.07  0.05  0.04  0.04  0.03  0.03
 6 -25  0.04  0.11  0.18  0.35  0.69  1.01  1.61  2.88  4.08  4.95  6.38  7.68  7.94  7.76  7.07  6.56  4.61  1.77  0.65  0.49  0.24  0.07  0.05  0.04  0.04  0.04  0.04  0.03
 6 -20  0.03  0.10  0.17  0.34  0.67  0.98  1.56  2.77  3.84  4.61  6.14  7.76  8.20  8.06  7.32  6.75  4.47  1.58  0.48  0.36  0.15  0.05  0.04  0.03  0.03  0.04  0.04  0.04
 6 -15  0.03  0.10  0.17  0.33  0.65  0.96  1.54  2.77  3.84  4.57  6.03  7.74  8.39  8.39  7.48  6.86  4.34  1.50  0.46  0.34  0.14  0.04  0.03  0.03  0.03  0.03  0.04  0.04
 6 -10  0.03  0.10  0.17  0.33  0.65  0.96  1.53  2.74  3.80  4.51  5.98  7.81  8.60  8.77  7.69  6.95  4.18  1.40  0.44  0.33  0.14  0.04  0.03  0.03  0.03  0.03  0.03  0.03
 6  -5  0.03  0.10  0.17  0.33  0.65  0.95  1.52  2.73  3.82  4.56  5.97  7.88  8.80  9.01  7.91  7.18  4.24  1.33  0.41  0.30  0.14  0.03  0.03  0.03  0.03  0.03  0.03  0.03
 6   0  0.03  0.10  0.16  0.32  0.63  0.93  1.50  2.77  3.84  4.59  6.00  7.93  8.93  9.20  8.13  7.43  4.31  1.29  0.37  0.28  0.13  0.04  0.03  0.03  0.03  0.03  0.03  0.03
 6   5  0.03  0.10  0.16  0.32  0.63  0.93  1.50  2.76  3.84  4.62  6.09  8.03  8.94  9.21  8.21  7.46  4.47  1.43  0.49  0.38  0.18  0.04  0.03  0.03  0.03  0.03  0.03  0.03
 6  10  0.03  0.09  0.16  0.31  0.61  0.91  1.48  2.79  3.94  4.74  6.24  8.20  9.05  9.31  8.27  7.46  4.60  1.58  0.59  0.45  0.22  0.04  0.03  0.03  0.03  0.04  0.04  0.03
 6  15  0.03  0.09  0.16  0.31  0.61  0.91  1.48  2.78  3.92  4.69  6.20  8.16  9.00  9.16  8.09  7.26  4.50  1.62  0.61  0.47  0.23  0.05  0.04  0.04  0.04  0.05  0.04  0.04
 6  20  0.03  0.10  0.16  0.31  0.62  0.92  1.49  2.76  3.88  4.65  6.22  8.14  8.90  9.02  7.88  7.03  4.40  1.68  0.64  0.50  0.25  0.06  0.05  0.05  0.05  0.05  0.05  0.04
 6  25  0.03  0.09  0.16  0.31  0.61  0.90  1.46  2.73  3.85  4.60  6.12  8.02  8.81  8.89  7.88  7.16  4.53  1.80  0.68  0.53  0.27  0.09  0.06  0.06  0.06  0.06  0.05  0.05
 6  30  0.03  0.09  0.15  0.30  0.59  0.88  1.44  2.71  3.77  4.53  6.01  7.91  8.66  8.72  7.86  7.27  4.65  1.93  0.72  0.55  0.28  0.13  0.08  0.06  0.06  0.06  0.05  0.05
 6  35  0.03  0.09  0.15  0.30  0.59  0.87  1.41  2.62  3.65  4.37  5.81  7.69  8.41  8.45  7.56  6.94  4.59  2.15  0.97  0.77  0.43  0.19  0.10  0.08  0.07  0.06  0.06  0.05
 6  40  0.03  0.09  0.15  0.29  0.58  0.86  1.38  2.53  3.58  4.29  5.74  7.49  8.15  8.18  7.28  6.62  4.53  2.37  1.22  0.97  0.56  0.31  0.16  0.10  0.08  0.07  0.06  0.05
 6  45  0.03  0.09  0.14  0.28  0.56  0.83  1.34  2.47  3.45  4.12  5.50  7.26  7.92  7.89  6.99  6.33  4.50  2.49  1.41  1.14  0.69  0.40  0.25  0.13  0.09  0.07  0.06  0.06
 6  50  0.03  0.08  0.13  0.27  0.53  0.79  1.28  2.42  3.35  3.98  5.34  7.08  7.70  7.61  6.70  6.06  4.48  2.63  1.59  1.30  0.83  0.48  0.33  0.16  0.10  0.07  0.07  0.06
 6  55  0.03  0.08  0.13  0.26  0.51  0.76  1.24  2.35  3.25  3.87  5.18  6.84  7.39  7.23  6.39  5.79  4.31  2.71  1.68  1.37  0.87  0.50  0.37  0.19  0.12  0.08  0.07  0.06
 6  60  0.03  0.08  0.13  0.25  0.50  0.74  1.21  2.30  3.18  3.78  5.05  6.60  7.07  6.83  6.07  5.54  4.15  2.81  1.78  1.44  0.91  0.52  0.40  0.25  0.13  0.08  0.07  0.06
 6  65  0.02  0.07  0.12  0.24  0.48  0.72  1.17  2.22  3.08  3.67  4.90  6.32  6.67  6.34  5.55  4.99  3.87  2.80  1.87  1.53  0.99  0.56  0.45  0.28  0.14  0.08  0.07  0.06
 6  70  0.02  0.07  0.12  0.24  0.47  0.69  1.13  2.14  2.98  3.55  4.75  6.04  6.26  5.84  5.02  4.44  3.59  2.79  1.96  1.62  1.08  0.59  0.49  0.30  0.16  0.09  0.07  0.06
 6  75  0.02  0.07  0.11  0.23  0.45  0.67  1.09  2.06  2.93  3.52  4.78  5.92  6.00  5.49  4.77  4.26  3.63  2.83  2.00  1.67  1.13  0.61  0.50  0.32  0.17  0.09  0.07  0.06
 6  80  0.02  0.07  0.11  0.22  0.43  0.64  1.05  1.99  2.88  3.50  4.80  5.81  5.74  5.14  4.52  4.08  3.66  2.86  2.04  1.71  1.18  0.63  0.52  0.34  0.18  0.10  0.07  0.06
 6  85  0.02  0.07  0.11  0.22  0.43  0.64  1.05  1.98  2.88  3.49  4.80  5.80  5.73  5.14  4.52  4.08  3.66  2.86  2.04  1.71  1.18  0.63  0.52  0.34  0.18  0.10  0.07  0.06
 6  90  0.02  0.07  0.11  0.22  0.43  0.64  1.05  1.98  2.88  3.48  4.79  5.79  5.73  5.14  4.51  4.07  3.66  2.86  2.04  1.71  1.18  0.63  0.52  0.34  0.18  0.10  0.07  0.06
 7 -90  0.05  0.16  0.26  0.50  0.95  1.35  1.97  2.60  3.70  4.52  4.92  5.04  4.78  4.19  4.01  3.84  3.55  2.67  1.93  1.56  0.96  0.37  0.19  0.08  0.05  0.03  0.03  0.03
 7 -85  0.05  0.16  0.26  0.50  0.95  1.35  1.97  2.60  3.69  4.52  4.93  5.05  4.79  4.19  4.01  3.84  3.55  2.67  1.93  1.56  0.96  0.37  0.19  0.08  0.05  0.03  0.03  0.03
 7 -80  0.05  0.16  0.26  0.50  0.95  1.35  1.97  2.60  3.69  4.52  4.93  5.05  4.79  4.19  4.01  3.84  3.55  2.67  1.93  1.56  0.96  0.37  0.19  0.08  0.05  0.03  0.03  0.03
 7 -75  0.05  0.15  0.24  0.47  0.89  1.26  1.86  2.47  3.56  4.40  4.99  5.43  5.31  4.76  4.27  3.91  3.43  2.65  1.93  1.57  0.98  0.37  0.20  0.08  0.05  0.03  0.03  0.03
 7 -70  0.05  0.13  0.22  0.43  0.82  1.17  1.73  2.36  3.45  4.29  5.06  5.81  5.82  5.34  4.52  3.97  3.29  2.65  1.94  1.59  1.01  0.38  0.20  0.09  0.05  0.04  0.03  0.03
 7 -65  0.05  0.14  0.23  0.45  0.85  1.22  1.85  2.76  3.85  4.73  5.35  5.85  5.76  5.32  4.81  4.50  3.83  2.75  1.91  1.58  1.04  0.40  0.20  0.09  0.05  0.04  0.03  0.03
 7 -60  0.05  0.14  0.23  0.46  0.88  1.27  1.97  3.17  4.28  5.18  5.66  5.88  5.71  5.28  5.11  5.04  4.37  2.85  1.88  1.57  1.06  0.43  0.24  0.10  0.06  0.04  0.03  0.03
 7 -55  0.05  0.14  0.22  0.44  0.86  1.26  1.99  3.41  4.61  5.59  6.09  6.22  6.05  5.65  5.58  5.53  4.56  2.74  1.74  1.43  0.92  0.41  0.25  0.10  0.06  0.04  0.03  0.03
 7 -50  0.05  0.14  0.22  0.44  0.87  1.27  2.03  3.56  4.87  5.88  6.46  6.56  6.37  5.96  6.03  6.00  4.75  2.64  1.58  1.28  0.78  0.38  0.25  0.09  0.05  0.04  0.03  0.03
 7 -45  0.04  0.13  0.22  0.43  0.84  1.23  1.95  3.41  4.73  5.74  6.57  6.91  6.72  6.28  6.09  5.92  4.77  2.68  1.56  1.25  0.74  0.35  0.23  0.09  0.05  0.04  0.03  0.03
 7 -40  0.04  0.12  0.21  0.41  0.79  1.17  1.86  3.29  4.67  5.67  6.77  7.34  7.20  6.70  6.24  5.86  4.77  2.72  1.54  1.22  0.69  0.32  0.21  0.09  0.05  0.04  0.03  0.03
 7 -35  0.04  0.12  0.19  0.38  0.75  1.10  1.76  3.14  4.46  5.41  6.65  7.48  7.45  7.05  6.40  5.92  4.74  2.53  1.28  1.00  0.53  0.25  0.16  0.08  0.05  0.04  0.04  0.03
 7 -30  0.04  0.11  0.18  0.36  0.70  1.04  1.66  2.99  4.22  5.10  6.49  7.61  7.75  7.43  6.60  5.99  4.69  2.30  1.02  0.78  0.38  0.18  0.08  0.06  0.05  0.04  0.04  0.04
 7 -25  0.04  0.11  0.18  0.35  0.69  1.02  1.63  2.89  4.08  4.95  6.40  7.68  7.90  7.69  6.89  6.28  4.58  2.01  0.80  0.60  0.28  0.07  0.05  0.04  0.04  0.04  0.04  0.04
 7 -20  0.04  0.11  0.18  0.35  0.68  1.00  1.59  2.78  3.89  4.71  6.24  7.76  8.09  7.88  7.15  6.58  4.48  1.73  0.58  0.43  0.18  0.05  0.04  0.04  0.04  0.04  0.04  0.04
 7 -15  0.03  0.10  0.17  0.34  0.66  0.97  1.56  2.79  3.90  4.66  6.16  7.81  8.34  8.23  7.41  6.86  4.29  1.54  0.53  0.40  0.17  0.04  0.03  0.03  0.03  0.04  0.04  0.04
 7 -10  0.03  0.10  0.17  0.34  0.66  0.97  1.54  2.76  3.87  4.62  6.14  7.93  8.62  8.67  7.73  7.13  4.05  1.34  0.48  0.36  0.16  0.04  0.03  0.03  0.03  0.03  0.04  0.04
 7  -5  0.03  0.10  0.17  0.33  0.65  0.96  1.54  2.74  3.89  4.67  6.14  8.00  8.87  8.96  7.79  7.08  4.11  1.31  0.47  0.36  0.17  0.04  0.03  0.03  0.03  0.03  0.03  0.03
 7   0  0.03  0.10  0.16  0.31  0.62  0.92  1.50  2.80  3.94  4.74  6.21  8.13  9.11  9.25  7.89  7.05  4.17  1.29  0.47  0.36  0.17  0.04  0.03  0.03  0.03  0.03  0.03  0.03
 7   5  0.03  0.10  0.16  0.32  0.63  0.93  1.51  2.78  3.93  4.74  6.29  8.19  9.08  9.29  8.09  7.28  4.40  1.48  0.59  0.45  0.20  0.04  0.03  0.03  0.03  0.03  0.03  0.03
 7  10  0.03  0.09  0.16  0.31  0.62  0.92  1.49  2.82  4.01  4.84  6.41  8.35  9.15  9.36  8.29  7.48  4.62  1.68  0.69  0.52  0.23  0.04  0.03  0.03  0.03  0.04  0.03  0.03
 7  15  0.03  0.10  0.16  0.32  0.62  0.93  1.50  2.82  4.02  4.81  6.39  8.27  9.03  9.16  8.14  7.36  4.60  1.72  0.71  0.53  0.23  0.04  0.04  0.04  0.04  0.04  0.04  0.03
 7  20  0.03  0.10  0.16  0.32  0.64  0.94  1.52  2.81  3.98  4.78  6.40  8.24  8.91  9.00  7.99  7.22  4.60  1.77  0.72  0.55  0.24  0.06  0.05  0.05  0.05  0.05  0.05  0.04
 7  25  0.03  0.10  0.16  0.32  0.63  0.93  1.51  2.81  3.98  4.77  6.29  8.10  8.79  8.84  7.82  7.10  4.56  1.90  0.76  0.57  0.24  0.08  0.06  0.06  0.06  0.06  0.05  0.04
 7  30  0.03  0.09  0.16  0.31  0.62  0.91  1.49  2.81  3.94  4.74  6.22  7.98  8.63  8.66  7.65  6.96  4.52  2.02  0.80  0.59  0.24  0.11  0.07  0.06  0.06  0.06  0.05  0.05
 7  35  0.03  0.09  0.16  0.31  0.61  0.90  1.46  2.73  3.80  4.57  6.00  7.73  8.37  8.39  7.44  6.78  4.50  2.13  0.97  0.74  0.35  0.14  0.08  0.07  0.07  0.06  0.06  0.05
 7  40  0.03  0.09  0.15  0.30  0.60  0.88  1.43  2.66  3.74  4.46  5.88  7.52  8.10  8.11  7.23  6.60  4.45  2.25  1.14  0.88  0.46  0.19  0.11  0.08  0.07  0.07  0.06  0.05
 7  45  0.03  0.09  0.15  0.29  0.58  0.85  1.38  2.55  3.56  4.25  5.63  7.28  7.87  7.84  6.97  6.34  4.43  2.36  1.28  1.01  0.57  0.28  0.17  0.11  0.08  0.07  0.06  0.05
 7  50  0.03  0.08  0.14  0.27  0.54  0.81  1.31  2.48  3.42  4.08  5.42  7.06  7.63  7.55  6.68  6.06  4.41  2.48  1.40  1.13  0.69  0.36  0.25  0.14  0.10  0.07  0.06  0.05
 7  55  0.03  0.08  0.13  0.26  0.52  0.77  1.26  2.40  3.30  3.94  5.24  6.83  7.32  7.18  6.30  5.68  4.22  2.53  1.50  1.22  0.77  0.40  0.29  0.16  0.11  0.07  0.06  0.05
 7  60  0.03  0.08  0.13  0.25  0.50  0.75  1.22  2.33  3.22  3.83  5.09  6.58  7.01  6.78  5.92  5.31  4.04  2.60  1.61  1.31  0.84  0.45  0.34  0.19  0.12  0.08  0.06  0.05
 7  65  0.02  0.07  0.12  0.24  0.48  0.71  1.17  2.23  3.09  3.69  4.89  6.25  6.56  6.24  5.34  4.70  3.68  2.60  1.70  1.40  0.92  0.47  0.37  0.24  0.13  0.08  0.06  0.05
 7  70  0.02  0.07  0.12  0.23  0.46  0.68  1.12  2.14  2.97  3.53  4.70  5.92  6.11  5.70  4.76  4.09  3.32  2.60  1.79  1.48  1.00  0.50  0.40  0.26  0.14  0.08  0.07  0.05
 7  75  0.02  0.07  0.11  0.22  0.44  0.65  1.07  2.04  2.90  3.48  4.68  5.75  5.79  5.31  4.49  3.90  3.30  2.65  1.85  1.53  1.03  0.50  0.42  0.27  0.15  0.09  0.07  0.05
 7  80  0.02  0.06  0.11  0.21  0.42  0.62  1.02  1.94  2.83  3.43  4.67  5.57  5.48  4.92  4.21  3.71  3.27  2.68  1.91  1.58  1.06  0.51  0.44  0.28  0.16  0.09  0.07  0.05
 7  85  0.02  0.06  0.11  0.21  0.42  0.62  1.02  1.93  2.82  3.43  4.66  5.57  5.47  4.92  4.21  3.71  3.26  2.68  1.91  1.58  1.06  0.51  0.44  0.28  0.17  0.09  0.07  0.05
 7  90  0.02  0.06  0.11  0.21  0.42  0.62  1.02  1.93  2.82  3.42  4.65  5.56  5.47  4.91  4.21  3.71  3.26  2.68  1.91  1.58  1.06  0.51  0.44  0.28  0.17  0.09  0.07  0.05
 8 -90  0.04  0.12  0.20  0.39  0.74  1.06  1.56  2.13  3.05  3.78  4.79  5.94  5.97  5.07  4.05  3.32  2.78  2.36  1.68  1.38  0.89  0.36  0.15  0.07  0.05  0.03  0.03  0.03
 8 -85  0.04  0.12  0.20  0.39  0.74  1.06  1.56  2.12  3.04  3.78  4.79  5.94  5.97  5.07  4.05  3.32  2.78  2.36  1.68  1.38  0.89  0.36  0.16  0.07  0.05  0.03  0.03  0.03
 8 -80  0.04  0.12  0.20  0.39  0.74  1.06  1.56  2.12  3.04  3.78  4.80  5.94  5.97  5.07  4.05  3.32  2.78  2.36  1.68  1.38  0.89  0.36  0.16  0.08  0.05  0.03  0.03  0.03
 8 -75  0.04  0.12  0.20  0.40  0.76  1.08  1.62  2.35  3.23  3.96  4.87  5.82  5.84  5.17  4.23  3.58  2.93  2.41  1.71  1.41  0.93  0.38  0.17  0.08  0.05  0.04  0.03  0.03
 8 -70  0.04  0.12  0.20  0.39  0.76  1.09  1.67  2.60  3.44  4.15  4.96  5.68  5.70  5.29  4.41  3.83  3.09  2.48  1.75  1.46  0.99  0.41  0.18  0.08  0.05  0.04  0.03  0.03
 8 -65  0.04  0.12  0.19  0.38  0.74  1.08  1.69  2.80  3.70  4.46  5.30  5.90  5.86  5.46  4.86  4.49  3.69  2.68  1.75  1.45  0.96  0.41  0.20  0.09  0.05  0.04  0.03  0.03
 8 -60  0.04  0.11  0.19  0.38  0.74  1.08  1.71  2.98  3.96  4.77  5.66  6.12  6.03  5.61  5.32  5.15  4.28  2.88  1.75  1.44  0.93  0.42  0.24  0.09  0.06  0.04  0.03  0.03
 8 -55  0.04  0.11  0.19  0.37  0.74  1.09  1.75  3.19  4.34  5.20  6.15  6.57  6.49  6.10  5.80  5.55  4.60  2.96  1.75  1.43  0.91  0.42  0.26  0.10  0.06  0.04  0.03  0.03
 8 -50  0.04  0.12  0.19  0.38  0.75  1.11  1.80  3.32  4.60  5.55  6.58  7.04  6.95  6.56  6.25  5.93  4.91  3.05  1.71  1.40  0.88  0.41  0.27  0.09  0.06  0.04  0.04  0.03
 8 -45  0.04  0.12  0.19  0.39  0.76  1.12  1.79  3.26  4.54  5.51  6.63  7.27  7.19  6.78  6.27  5.86  4.88  3.02  1.68  1.36  0.85  0.38  0.26  0.09  0.06  0.04  0.04  0.03
 8 -40  0.04  0.12  0.19  0.38  0.75  1.11  1.78  3.22  4.58  5.52  6.77  7.58  7.58  7.12  6.38  5.80  4.85  2.99  1.64  1.32  0.80  0.36  0.24  0.10  0.06  0.04  0.04  0.04
 8 -35  0.04  0.11  0.19  0.37  0.72  1.06  1.71  3.10  4.42  5.36  6.70  7.70  7.74  7.33  6.50  5.88  4.77  2.74  1.36  1.08  0.62  0.28  0.20  0.09  0.06  0.04  0.04  0.04
 8 -30  0.04  0.11  0.18  0.35  0.69  1.02  1.64  2.99  4.25  5.15  6.62  7.80  7.94  7.58  6.66  5.96  4.67  2.47  1.08  0.84  0.44  0.20  0.09  0.07  0.06  0.05  0.04  0.04
 8 -25  0.04  0.11  0.18  0.35  0.68  1.00  1.61  2.87  4.09  4.97  6.53  7.93  8.16  7.88  6.94  6.22  4.58  2.16  0.82  0.62  0.31  0.08  0.06  0.05  0.05  0.04  0.04  0.04
 8 -20  0.04  0.11  0.17  0.34  0.67  0.99  1.57  2.76  3.90  4.75  6.39  8.04  8.40  8.11  7.18  6.47  4.49  1.83  0.55  0.41  0.17  0.06  0.04  0.04  0.04  0.04  0.04  0.04
 8 -15  0.03  0.10  0.17  0.33  0.65  0.95  1.53  2.76  3.89  4.65  6.26  8.08  8.65  8.47  7.49  6.82  4.28  1.60  0.53  0.39  0.15  0.05  0.04  0.04  0.04  0.04  0.04  0.04
 8 -10  0.03  0.10  0.16  0.32  0.64  0.94  1.51  2.73  3.83  4.58  6.19  8.19  8.96  8.98  7.87  7.16  4.04  1.36  0.50  0.36  0.14  0.04  0.03  0.03  0.03  0.04  0.04  0.04
 8  -5  0.03  0.10  0.16  0.32  0.63  0.93  1.50  2.71  3.84  4.61  6.15  8.22  9.21  9.29  8.00  7.25  4.02  1.32  0.50  0.37  0.14  0.04  0.03  0.03  0.03  0.04  0.04  0.04
 8   0  0.03  0.09  0.15  0.30  0.60  0.89  1.46  2.78  3.90  4.69  6.24  8.38  9.51  9.64  8.18  7.33  4.00  1.28  0.50  0.37  0.15  0.04  0.03  0.03  0.03  0.04  0.04  0.03
 8   5  0.03  0.09  0.16  0.31  0.62  0.91  1.48  2.75  3.89  4.69  6.31  8.39  9.41  9.62  8.27  7.41  4.29  1.45  0.61  0.45  0.17  0.04  0.03  0.03  0.03  0.03  0.03  0.03
 8  10  0.03  0.09  0.15  0.31  0.61  0.90  1.47  2.78  3.96  4.78  6.44  8.51  9.40  9.60  8.36  7.47  4.55  1.62  0.71  0.52  0.20  0.04  0.03  0.03  0.03  0.03  0.03  0.03
 8  15  0.03  0.10  0.16  0.31  0.62  0.92  1.50  2.80  4.03  4.83  6.50  8.43  9.18  9.28  8.18  7.34  4.53  1.68  0.73  0.53  0.21  0.04  0.04  0.04  0.04  0.04  0.04  0.03
 8  20  0.03  0.10  0.16  0.32  0.64  0.94  1.53  2.80  4.02  4.86  6.56  8.40  9.01  9.06  8.01  7.20  4.54  1.74  0.76  0.56  0.22  0.05  0.04  0.04  0.05  0.05  0.04  0.04
 8  25  0.03  0.10  0.16  0.32  0.63  0.94  1.52  2.85  4.09  4.92  6.50  8.25  8.84  8.83  7.81  7.07  4.52  1.86  0.79  0.58  0.23  0.07  0.05  0.05  0.05  0.05  0.05  0.04
 8  30  0.03  0.10  0.16  0.32  0.63  0.94  1.53  2.88  4.11  4.97  6.51  8.14  8.64  8.60  7.61  6.92  4.49  1.96  0.81  0.59  0.23  0.09  0.06  0.06  0.06  0.06  0.05  0.05
 8  35  0.03  0.10  0.16  0.32  0.63  0.93  1.51  2.83  3.99  4.82  6.31  7.88  8.38  8.32  7.39  6.75  4.46  2.04  0.93  0.70  0.31  0.11  0.07  0.06  0.06  0.06  0.05  0.05
 8  40  0.03  0.09  0.16  0.31  0.62  0.91  1.49  2.78  3.95  4.73  6.17  7.66  8.10  8.05  7.18  6.56  4.41  2.11  1.04  0.79  0.39  0.14  0.09  0.07  0.07  0.06  0.06  0.05
 8  45  0.03  0.09  0.15  0.31  0.60  0.89  1.45  2.69  3.80  4.56  5.98  7.46  7.88  7.77  6.92  6.29  4.31  2.21  1.18  0.92  0.49  0.21  0.13  0.09  0.08  0.06  0.06  0.05
 8  50  0.03  0.09  0.15  0.29  0.58  0.86  1.40  2.62  3.67  4.40  5.80  7.25  7.63  7.45  6.61  6.01  4.21  2.32  1.32  1.05  0.62  0.28  0.17  0.12  0.09  0.07  0.06  0.05
 8  55  0.03  0.08  0.14  0.28  0.55  0.82  1.34  2.55  3.58  4.28  5.67  7.05  7.36  7.09  6.25  5.65  3.98  2.41  1.45  1.16  0.70  0.30  0.20  0.15  0.10  0.07  0.06  0.05
 8  60  0.03  0.08  0.14  0.27  0.54  0.80  1.31  2.50  3.52  4.22  5.57  6.84  7.05  6.68  5.89  5.32  3.77  2.53  1.61  1.29  0.78  0.34  0.24  0.17  0.11  0.07  0.06  0.05
 8  65  0.03  0.08  0.13  0.26  0.52  0.77  1.27  2.42  3.40  4.08  5.34  6.41  6.49  6.04  5.28  4.73  3.51  2.55  1.70  1.37  0.85  0.38  0.28  0.18  0.11  0.07  0.06  0.05
 8  70  0.03  0.08  0.13  0.25  0.50  0.75  1.22  2.34  3.28  3.93  5.10  5.98  5.93  5.41  4.67  4.14  3.25  2.57  1.78  1.45  0.93  0.43  0.32  0.20  0.12  0.08  0.06  0.05
 8  75  0.03  0.08  0.13  0.25  0.49  0.73  1.20  2.29  3.23  3.86  4.88  5.47  5.29  4.75  4.19  3.79  3.21  2.58  1.82  1.49  0.97  0.45  0.33  0.21  0.13  0.08  0.06  0.05
 8  80  0.02  0.07  0.12  0.24  0.49  0.72  1.18  2.25  3.17  3.80  4.65  4.96  4.65  4.09  3.71  3.44  3.16  2.58  1.86  1.53  1.01  0.47  0.34  0.22  0.14  0.08  0.06  0.05
 8  85  0.02  0.07  0.12  0.24  0.49  0.72  1.18  2.25  3.16  3.79  4.64  4.95  4.64  4.09  3.71  3.44  3.15  2.58  1.86  1.53  1.01  0.47  0.34  0.22  0.15  0.08  0.06  0.05
 8  90  0.02  0.07  0.12  0.24  0.48  0.72  1.18  2.24  3.16  3.78  4.63  4.93  4.63  4.08  3.71  3.43  3.15  2.58  1.86  1.53  1.01  0.47  0.34  0.22  0.16  0.09  0.07  0.05
 9 -90  0.04  0.11  0.18  0.35  0.68  0.98  1.51  2.39  3.30  4.05  4.64  5.30  5.33  4.93  3.98  3.34  1.80  1.12  0.78  0.67  0.49  0.31  0.11  0.06  0.04  0.04  0.03  0.03
 9 -85  0.04  0.11  0.18  0.35  0.68  0.98  1.51  2.39  3.30  4.06  4.64  5.30  5.33  4.93  3.97  3.33  1.80  1.12  0.78  0.67  0.49  0.31  0.12  0.06  0.05  0.04  0.03  0.03
 9 -80  0.04  0.11  0.18  0.35  0.68  0.98  1.50  2.39  3.30  4.06  4.65  5.31  5.34  4.92  3.97  3.33  1.80  1.12  0.78  0.67  0.49  0.31  0.13  0.07  0.05  0.04  0.03  0.03
 9 -75  0.04  0.11  0.17  0.34  0.67  0.97  1.51  2.49  3.37  4.10  4.93  5.61  5.62  5.19  4.24  3.62  2.08  1.27  0.87  0.75  0.54  0.34  0.14  0.07  0.05  0.04  0.03  0.03
 9 -70  0.03  0.10  0.17  0.34  0.65  0.95  1.51  2.59  3.46  4.15  5.21  5.91  5.89  5.43  4.52  3.91  2.42  1.47  0.99  0.85  0.61  0.37  0.16  0.08  0.05  0.04  0.03  0.03
 9 -65  0.03  0.10  0.17  0.33  0.65  0.96  1.53  2.74  3.71  4.45  5.59  6.32  6.34  5.91  5.20  4.73  3.31  2.03  1.27  1.06  0.71  0.41  0.22  0.08  0.05  0.04  0.03  0.03
 9 -60  0.03  0.10  0.17  0.34  0.66  0.98  1.58  2.86  3.94  4.75  5.97  6.74  6.78  6.36  5.90  5.56  4.15  2.58  1.55  1.27  0.82  0.44  0.25  0.09  0.06  0.04  0.03  0.03
 9 -55  0.03  0.10  0.17  0.34  0.68  1.01  1.63  3.02  4.21  5.08  6.32  7.10  7.16  6.81  6.30  5.88  4.58  2.90  1.73  1.39  0.83  0.44  0.25  0.09  0.06  0.04  0.04  0.03
 9 -50  0.04  0.11  0.18  0.35  0.69  1.02  1.67  3.13  4.40  5.34  6.62  7.48  7.56  7.23  6.67  6.18  4.98  3.21  1.85  1.47  0.84  0.43  0.25  0.09  0.06  0.04  0.04  0.03
 9 -45  0.04  0.11  0.18  0.35  0.69  1.03  1.66  3.09  4.37  5.32  6.65  7.63  7.71  7.31  6.62  6.06  4.90  3.13  1.80  1.41  0.79  0.40  0.25  0.09  0.06  0.04  0.04  0.04
 9 -40  0.04  0.11  0.18  0.35  0.69  1.02  1.66  3.05  4.41  5.32  6.76  7.85  7.97  7.54  6.65  5.97  4.82  3.06  1.72  1.34  0.73  0.37  0.24  0.09  0.06  0.05  0.04  0.04
 9 -35  0.03  0.10  0.17  0.34  0.67  0.99  1.61  2.97  4.29  5.21  6.73  7.99  8.15  7.74  6.74  5.99  4.74  2.76  1.43  1.10  0.55  0.28  0.19  0.09  0.06  0.05  0.04  0.04
 9 -30  0.03  0.10  0.17  0.33  0.65  0.96  1.56  2.89  4.16  5.06  6.67  8.11  8.36  7.99  6.87  6.03  4.65  2.44  1.14  0.86  0.38  0.18  0.10  0.07  0.06  0.05  0.05  0.04
 9 -25  0.03  0.10  0.17  0.33  0.65  0.96  1.54  2.79  4.00  4.87  6.54  8.20  8.57  8.30  7.14  6.26  4.63  2.23  0.94  0.70  0.29  0.08  0.06  0.05  0.05  0.05  0.05  0.05
 9 -20  0.03  0.10  0.16  0.33  0.64  0.94  1.51  2.72  3.85  4.68  6.39  8.25  8.77  8.54  7.37  6.49  4.62  1.98  0.73  0.54  0.21  0.06  0.04  0.04  0.04  0.05  0.05  0.05
 9 -15  0.03  0.09  0.16  0.31  0.61  0.91  1.47  2.73  3.82  4.55  6.21  8.22  8.93  8.83  7.64  6.83  4.38  1.69  0.63  0.46  0.18  0.05  0.04  0.04  0.04  0.04  0.05  0.05
 9 -10  0.03  0.09  0.15  0.30  0.60  0.89  1.45  2.71  3.77  4.47  6.08  8.23  9.16  9.28  7.99  7.16  4.11  1.39  0.53  0.39  0.15  0.04  0.04  0.04  0.04  0.04  0.04  0.04
 9  -5  0.03  0.09  0.15  0.30  0.60  0.89  1.44  2.70  3.76  4.49  6.01  8.21  9.35  9.57  8.06  7.16  4.03  1.34  0.53  0.39  0.15  0.04  0.03  0.03  0.03  0.04  0.04  0.04
 9   0  0.03  0.09  0.14  0.29  0.57  0.86  1.41  2.74  3.82  4.56  6.10  8.35  9.63  9.92  8.18  7.14  3.95  1.29  0.54  0.39  0.15  0.04  0.03  0.03  0.03  0.04  0.04  0.03
 9   5  0.03  0.09  0.15  0.30  0.59  0.88  1.44  2.72  3.82  4.57  6.17  8.33  9.51  9.83  8.27  7.31  4.23  1.44  0.61  0.45  0.17  0.04  0.03  0.03  0.03  0.03  0.03  0.03
 9  10  0.03  0.09  0.15  0.30  0.60  0.89  1.45  2.75  3.88  4.65  6.30  8.46  9.47  9.74  8.39  7.47  4.49  1.59  0.68  0.49  0.18  0.04  0.03  0.03  0.03  0.04  0.03  0.03
 9  15  0.03  0.09  0.15  0.31  0.61  0.90  1.47  2.76  3.96  4.74  6.43  8.41  9.22  9.36  8.19  7.33  4.47  1.61  0.68  0.49  0.18  0.04  0.03  0.03  0.04  0.04  0.04  0.03
 9  20  0.03  0.10  0.16  0.32  0.63  0.93  1.50  2.76  3.96  4.78  6.52  8.42  9.05  9.09  8.02  7.20  4.47  1.62  0.69  0.50  0.18  0.05  0.04  0.04  0.04  0.05  0.04  0.04
 9  25  0.03  0.09  0.16  0.31  0.62  0.92  1.49  2.82  4.06  4.88  6.50  8.26  8.82  8.78  7.89  7.21  4.51  1.70  0.71  0.52  0.19  0.07  0.05  0.05  0.05  0.05  0.05  0.04
 9  30  0.03  0.10  0.16  0.31  0.62  0.92  1.50  2.84  4.10  4.97  6.56  8.14  8.57  8.49  7.74  7.21  4.56  1.76  0.72  0.52  0.19  0.08  0.06  0.05  0.05  0.05  0.05  0.05
 9  35  0.03  0.10  0.16  0.32  0.63  0.93  1.51  2.83  4.07  4.94  6.46  7.89  8.27  8.15  7.36  6.83  4.46  1.93  0.90  0.67  0.28  0.10  0.07  0.06  0.06  0.06  0.05  0.05
 9  40  0.03  0.10  0.16  0.32  0.63  0.93  1.51  2.84  4.09  4.94  6.39  7.67  7.96  7.83  7.01  6.42  4.33  2.07  1.06  0.80  0.36  0.13  0.09  0.07  0.06  0.06  0.05  0.05
 9  45  0.03  0.10  0.16  0.32  0.63  0.93  1.51  2.81  4.06  4.91  6.34  7.52  7.71  7.48  6.70  6.13  4.23  2.18  1.19  0.92  0.47  0.18  0.12  0.09  0.07  0.06  0.05  0.05
 9  50  0.03  0.10  0.16  0.32  0.63  0.93  1.51  2.81  4.02  4.88  6.28  7.30  7.39  7.08  6.35  5.82  4.13  2.28  1.32  1.05  0.59  0.23  0.14  0.11  0.08  0.06  0.06  0.05
 9  55  0.03  0.09  0.15  0.31  0.61  0.91  1.48  2.81  4.03  4.88  6.25  7.10  7.07  6.66  5.93  5.40  3.93  2.36  1.45  1.16  0.68  0.27  0.18  0.14  0.09  0.06  0.06  0.05
 9  60  0.03  0.09  0.15  0.31  0.61  0.91  1.48  2.84  4.09  4.96  6.25  6.89  6.71  6.17  5.50  5.00  3.76  2.47  1.60  1.29  0.78  0.33  0.21  0.15  0.10  0.07  0.06  0.05
 9  65  0.03  0.09  0.16  0.31  0.61  0.91  1.50  2.86  4.06  4.92  6.00  6.41  6.14  5.57  4.90  4.41  3.50  2.46  1.70  1.37  0.86  0.38  0.25  0.17  0.11  0.07  0.05  0.05
 9  70  0.03  0.09  0.16  0.31  0.62  0.92  1.51  2.87  4.04  4.88  5.76  5.93  5.57  4.96  4.30  3.82  3.24  2.45  1.79  1.46  0.95  0.44  0.29  0.18  0.11  0.07  0.06  0.05
 9  75  0.03  0.10  0.16  0.31  0.62  0.92  1.51  2.86  3.81  4.51  5.07  5.18  4.92  4.44  4.06  3.77  3.19  2.46  1.79  1.47  0.96  0.44  0.30  0.19  0.12  0.07  0.06  0.05
 9  80  0.03  0.10  0.16  0.32  0.62  0.93  1.51  2.85  3.59  4.14  4.38  4.43  4.27  3.92  3.82  3.73  3.13  2.45  1.79  1.47  0.97  0.44  0.30  0.20  0.12  0.07  0.06  0.05
 9  85  0.03  0.10  0.16  0.32  0.62  0.93  1.51  2.85  3.58  4.13  4.37  4.42  4.26  3.92  3.81  3.72  3.13  2.45  1.79  1.47  0.97  0.44  0.30  0.20  0.13  0.07  0.06  0.05
 9  90  0.03  0.10  0.16  0.32  0.62  0.93  1.51  2.85  3.57  4.12  4.36  4.41  4.25  3.92  3.81  3.72  3.13  2.45  1.78  1.47  0.97  0.44  0.30  0.20  0.13  0.07  0.06  0.05
10 -90  0.03  0.09  0.14  0.28  0.56  0.82  1.31  2.36  3.17  3.73  4.88  5.74  5.88  5.49  4.61  3.98  2.42  0.36  0.06  0.09  0.12  0.27  0.10  0.06  0.05  0.04  0.03  0.03
10 -85  0.03  0.09  0.14  0.28  0.56  0.82  1.31  2.36  3.16  3.73  4.89  5.75  5.88  5.49  4.61  3.98  2.42  0.36  0.06  0.08  0.12  0.27  0.11  0.06  0.05  0.04  0.03  0.03
10 -80  0.03  0.09  0.14  0.28  0.56  0.82  1.31  2.35  3.16  3.73  4.89  5.75  5.88  5.49  4.61  3.98  2.42  0.36  0.05  0.08  0.12  0.27  0.12  0.06  0.05  0.04  0.03  0.03
10 -75  0.03  0.09  0.14  0.29  0.56  0.82  1.32  2.39  3.24  3.84  5.04  6.02  6.22  5.85  5.16  4.63  2.94  0.74  0.25  0.23  0.18  0.30  0.21  0.07  0.05  0.04  0.03  0.03
10 -70  0.03  0.09  0.14  0.29  0.56  0.83  1.33  2.42  3.32  3.96  5.19  6.29  6.55  6.21  5.72  5.30  3.47  1.19  0.49  0.41  0.27  0.34  0.23  0.07  0.05  0.04  0.03  0.03
10 -65  0.03  0.09  0.15  0.29  0.58  0.86  1.38  2.53  3.54  4.26  5.53  6.66  6.92  6.60  6.29  6.01  4.21  1.91  0.94  0.75  0.44  0.36  0.24  0.08  0.06  0.04  0.03  0.03
10 -60  0.03  0.09  0.15  0.30  0.60  0.89  1.43  2.64  3.75  4.55  5.87  7.03  7.30  7.00  6.87  6.72  4.89  2.62  1.39  1.10  0.62  0.39  0.25  0.09  0.06  0.04  0.03  0.03
10 -55  0.03  0.09  0.16  0.31  0.61  0.91  1.47  2.74  3.93  4.76  6.14  7.32  7.56  7.30  6.92  6.58  5.00  2.97  1.70  1.34  0.75  0.39  0.24  0.15  0.06  0.04  0.04  0.03
10 -50  0.03  0.09  0.16  0.31  0.62  0.92  1.49  2.79  4.04  4.91  6.37  7.60  7.85  7.58  6.94  6.43  5.08  3.25  1.94  1.53  0.86  0.38  0.23  0.14  0.06  0.04  0.04  0.03
10 -45  0.03  0.09  0.16  0.31  0.61  0.91  1.48  2.80  4.03  4.92  6.41  7.76  8.04  7.67  7.07  6.56  5.18  3.30  1.93  1.52  0.84  0.37  0.23  0.09  0.06  0.05  0.04  0.04
10 -40  0.03  0.09  0.16  0.31  0.61  0.91  1.48  2.79  4.05  4.91  6.50  7.98  8.31  7.92  7.24  6.72  5.30  3.36  1.90  1.49  0.81  0.36  0.22  0.09  0.06  0.05  0.04  0.04
10 -35  0.03  0.09  0.15  0.31  0.61  0.90  1.46  2.76  4.01  4.88  6.50  8.13  8.51  8.14  7.31  6.66  5.06  2.86  1.46  1.13  0.58  0.26  0.14  0.08  0.06  0.05  0.05  0.04
10 -30  0.03  0.09  0.15  0.30  0.60  0.89  1.45  2.74  3.94  4.79  6.46  8.23  8.72  8.43  7.40  6.62  4.82  2.34  1.02  0.77  0.34  0.15  0.10  0.07  0.06  0.05  0.05  0.04
10 -25  0.03  0.09  0.15  0.31  0.61  0.90  1.45  2.69  3.84  4.65  6.33  8.27  8.90  8.73  7.57  6.69  4.61  2.04  0.83  0.62  0.26  0.09  0.06  0.06  0.05  0.05  0.05  0.05
10 -20  0.03  0.09  0.15  0.30  0.60  0.89  1.44  2.68  3.76  4.55  6.22  8.27  9.03  8.97  7.69  6.75  4.41  1.70  0.64  0.47  0.18  0.06  0.05  0.05  0.05  0.05  0.05  0.05
10 -15  0.03  0.09  0.15  0.29  0.58  0.86  1.41  2.69  3.74  4.46  6.10  8.21  9.06  9.13  7.91  7.06  4.27  1.55  0.57  0.42  0.16  0.05  0.04  0.04  0.04  0.05  0.05  0.05
10 -10  0.03  0.09  0.14  0.29  0.57  0.85  1.39  2.70  3.74  4.43  6.00  8.17  9.21  9.46  8.19  7.36  4.10  1.39  0.51  0.37  0.13  0.04  0.04  0.04  0.04  0.04  0.04  0.04
10  -5  0.03  0.09  0.14  0.29  0.57  0.85  1.40  2.70  3.73  4.44  5.92  8.11  9.30  9.65  8.23  7.37  4.01  1.36  0.49  0.36  0.13  0.04  0.03  0.03  0.03  0.04  0.04  0.04
10   0  0.03  0.08  0.14  0.28  0.56  0.84  1.39  2.72  3.78  4.50  6.00  8.19  9.47  9.89  8.31  7.36  3.94  1.32  0.47  0.35  0.13  0.04  0.03  0.03  0.03  0.04  0.04  0.03
10   5  0.03  0.09  0.15  0.29  0.58  0.86  1.41  2.71  3.77  4.50  6.03  8.13  9.34  9.75  8.27  7.37  4.16  1.43  0.56  0.41  0.14  0.04  0.03  0.03  0.03  0.03  0.03  0.03
10  10  0.03  0.09  0.15  0.30  0.59  0.87  1.43  2.72  3.81  4.54  6.13  8.20  9.25  9.61  8.25  7.37  4.39  1.55  0.64  0.46  0.16  0.04  0.03  0.03  0.03  0.04  0.04  0.03
10  15  0.03  0.09  0.15  0.30  0.60  0.88  1.44  2.73  3.86  4.61  6.23  8.17  9.01  9.21  8.02  7.16  4.35  1.58  0.64  0.46  0.16  0.04  0.03  0.03  0.04  0.04  0.04  0.04
10  20  0.03  0.09  0.16  0.31  0.61  0.91  1.47  2.73  3.85  4.61  6.28  8.18  8.84  8.92  7.81  6.97  4.32  1.59  0.66  0.47  0.16  0.05  0.04  0.04  0.04  0.04  0.04  0.04
10  25  0.03  0.09  0.15  0.31  0.61  0.90  1.48  2.80  3.98  4.78  6.34  8.02  8.55  8.55  7.66  6.96  4.37  1.64  0.68  0.49  0.18  0.06  0.04  0.04  0.04  0.05  0.05  0.04
10  30  0.03  0.10  0.16  0.32  0.62  0.92  1.50  2.83  4.08  4.94  6.49  7.93  8.27  8.19  7.48  6.95  4.42  1.69  0.70  0.51  0.19  0.08  0.05  0.05  0.05  0.05  0.05  0.05
10  35  0.03  0.10  0.16  0.33  0.64  0.95  1.55  2.89  4.17  5.07  6.51  7.67  7.88  7.67  7.00  6.53  4.35  1.88  0.90  0.68  0.30  0.10  0.07  0.06  0.05  0.05  0.05  0.05
10  40  0.03  0.10  0.17  0.33  0.66  0.98  1.58  2.96  4.30  5.23  6.57  7.42  7.47  7.20  6.55  6.08  4.24  2.04  1.08  0.83  0.40  0.17  0.09  0.07  0.06  0.05  0.05  0.05
10  45  0.04  0.11  0.18  0.35  0.69  1.02  1.64  3.03  4.42  5.39  6.61  7.27  7.19  6.84  6.28  5.86  4.23  2.21  1.23  0.95  0.50  0.19  0.11  0.09  0.07  0.06  0.05  0.05
10  50  0.04  0.11  0.18  0.36  0.71  1.05  1.69  3.13  4.50  5.53  6.62  7.02  6.84  6.46  5.98  5.62  4.21  2.36  1.38  1.10  0.62  0.22  0.13  0.12  0.08  0.06  0.05  0.05
10  55  0.04  0.11  0.18  0.36  0.71  1.06  1.72  3.22  4.56  5.59  6.53  6.78  6.55  6.12  5.66  5.30  4.11  2.40  1.48  1.19  0.70  0.27  0.16  0.12  0.09  0.06  0.05  0.05
10  60  0.04  0.11  0.19  0.37  0.74  1.09  1.78  3.35  4.69  5.73  6.46  6.52  6.21  5.71  5.32  5.02  4.05  2.49  1.60  1.29  0.78  0.33  0.21  0.15  0.10  0.06  0.05  0.05
10  65  0.04  0.11  0.19  0.38  0.75  1.11  1.80  3.37  4.55  5.50  6.04  6.02  5.72  5.24  4.89  4.62  3.80  2.51  1.72  1.41  0.90  0.39  0.24  0.16  0.10  0.06  0.05  0.05
10  70  0.04  0.12  0.19  0.39  0.76  1.13  1.83  3.40  4.42  5.26  5.61  5.53  5.24  4.78  4.45  4.22  3.54  2.53  1.85  1.53  1.02  0.44  0.27  0.18  0.10  0.06  0.05  0.05
10  75  0.04  0.12  0.19  0.38  0.76  1.12  1.81  3.35  4.00  4.59  4.89  4.96  4.77  4.39  4.10  3.90  3.39  2.55  1.89  1.58  1.07  0.47  0.28  0.19  0.11  0.06  0.05  0.05
10  80  0.04  0.12  0.19  0.38  0.75  1.11  1.79  3.30  3.59  3.93  4.16  4.38  4.31  4.00  3.74  3.56  3.23  2.56  1.94  1.63  1.12  0.49  0.29  0.20  0.11  0.06  0.05  0.05
10  85  0.04  0.12  0.19  0.38  0.75  1.11  1.79  3.29  3.58  3.92  4.15  4.37  4.30  3.99  3.73  3.56  3.22  2.55  1.94  1.63  1.12  0.49  0.29  0.20  0.12  0.07  0.05  0.05
10  90  0.04  0.12  0.19  0.38  0.75  1.11  1.79  3.29  3.57  3.91  4.14  4.36  4.29  3.99  3.73  3.56  3.22  2.55  1.94  1.63  1.12  0.49  0.29  0.20  0.12  0.06  0.05  0.05
11 -90  0.02  0.07  0.12  0.25  0.48  0.72  1.16  2.15  2.97  3.52  4.75  5.91  6.22  6.07  5.78  5.47  4.14  1.65  0.75  0.60  0.35  0.32  0.24  0.15  0.05  0.04  0.03  0.02
11 -85  0.02  0.07  0.12  0.25  0.48  0.72  1.16  2.15  2.97  3.52  4.76  5.91  6.22  6.06  5.78  5.47  4.14  1.66  0.75  0.60  0.35  0.32  0.24  0.07  0.05  0.04  0.03  0.02
11 -80  0.02  0.07  0.12  0.25  0.48  0.72  1.16  2.14  2.97  3.53  4.76  5.92  6.22  6.06  5.78  5.47  4.14  1.66  0.75  0.60  0.35  0.32  0.24  0.15  0.05  0.04  0.03  0.03
11 -75  0.03  0.08  0.13  0.25  0.49  0.72  1.17  2.17  3.02  3.61  4.82  6.04  6.39  6.24  6.10  5.91  4.43  1.85  0.85  0.68  0.39  0.35  0.25  0.16  0.05  0.04  0.03  0.03
11 -70  0.03  0.08  0.13  0.25  0.50  0.73  1.19  2.20  3.08  3.70  4.87  6.17  6.57  6.41  6.43  6.36  4.74  2.09  0.99  0.79  0.46  0.38  0.26  0.17  0.06  0.04  0.03  0.03
11 -65  0.03  0.08  0.13  0.26  0.51  0.76  1.23  2.27  3.21  3.87  5.10  6.45  6.86  6.67  6.68  6.63  4.94  2.46  1.26  0.99  0.55  0.38  0.26  0.16  0.06  0.04  0.03  0.03
11 -60  0.03  0.08  0.14  0.27  0.53  0.78  1.27  2.34  3.33  4.03  5.33  6.73  7.14  6.93  6.94  6.89  5.14  2.82  1.53  1.19  0.64  0.39  0.25  0.16  0.07  0.04  0.03  0.03
11 -55  0.03  0.08  0.14  0.28  0.55  0.81  1.31  2.42  3.45  4.17  5.53  7.03  7.47  7.29  6.91  6.59  5.03  2.97  1.68  1.30  0.68  0.35  0.23  0.14  0.07  0.04  0.04  0.03
11 -50  0.03  0.08  0.14  0.28  0.55  0.82  1.32  2.46  3.52  4.25  5.69  7.33  7.83  7.61  6.86  6.28  4.88  3.04  1.75  1.36  0.70  0.31  0.21  0.10  0.06  0.05  0.04  0.03
11 -45  0.03  0.08  0.14  0.27  0.54  0.81  1.32  2.51  3.56  4.30  5.77  7.51  8.10  7.85  7.04  6.40  4.92  3.03  1.72  1.33  0.69  0.31  0.20  0.09  0.06  0.05  0.04  0.04
11 -40  0.03  0.08  0.14  0.27  0.54  0.81  1.33  2.56  3.60  4.32  5.85  7.74  8.42  8.21  7.25  6.54  4.98  3.02  1.67  1.28  0.66  0.31  0.19  0.08  0.06  0.05  0.04  0.04
11 -35  0.03  0.08  0.14  0.28  0.55  0.82  1.35  2.58  3.67  4.42  5.96  7.92  8.65  8.47  7.41  6.60  4.74  2.55  1.26  0.96  0.47  0.23  0.12  0.07  0.06  0.05  0.05  0.04
11 -30  0.03  0.08  0.14  0.28  0.56  0.83  1.36  2.62  3.69  4.44  6.02  8.04  8.86  8.80  7.58  6.68  4.50  2.07  0.86  0.64  0.27  0.15  0.09  0.06  0.06  0.05  0.05  0.04
11 -25  0.03  0.09  0.14  0.29  0.57  0.85  1.38  2.62  3.70  4.44  6.04  8.14  9.01  9.04  7.68  6.67  4.35  1.89  0.72  0.54  0.22  0.09  0.06  0.05  0.05  0.05  0.05  0.04
11 -20  0.03  0.09  0.14  0.29  0.57  0.85  1.39  2.67  3.73  4.50  6.11  8.20  9.10  9.23  7.73  6.65  4.21  1.69  0.59  0.43  0.16  0.07  0.05  0.05  0.05  0.05  0.05  0.04
11 -15  0.03  0.08  0.14  0.28  0.56  0.84  1.39  2.71  3.77  4.51  6.13  8.21  9.10  9.31  7.93  6.94  4.12  1.53  0.54  0.40  0.15  0.05  0.04  0.04  0.04  0.05  0.05  0.04
11 -10  0.03  0.08  0.14  0.28  0.55  0.83  1.38  2.76  3.85  4.57  6.15  8.25  9.26  9.54  8.17  7.22  4.01  1.38  0.49  0.36  0.14  0.05  0.04  0.04  0.04  0.04  0.04  0.04
11  -5  0.03  0.08  0.14  0.28  0.56  0.84  1.39  2.77  3.85  4.60  6.08  8.17  9.24  9.56  8.14  7.22  3.90  1.31  0.47  0.35  0.14  0.04  0.03  0.03  0.03  0.04  0.04  0.03
11   0  0.03  0.09  0.14  0.29  0.57  0.85  1.41  2.77  3.90  4.66  6.17  8.18  9.26  9.62  8.14  7.20  3.81  1.25  0.46  0.34  0.14  0.04  0.03  0.03  0.03  0.04  0.03  0.03
11   5  0.03  0.09  0.15  0.29  0.58  0.86  1.42  2.75  3.84  4.60  6.08  8.02  9.10  9.46  8.05  7.18  4.02  1.34  0.50  0.37  0.14  0.04  0.03  0.03  0.03  0.04  0.03  0.03
11  10  0.03  0.09  0.15  0.29  0.59  0.87  1.43  2.74  3.81  4.55  6.07  8.00  8.97  9.30  7.99  7.15  4.22  1.43  0.55  0.40  0.14  0.04  0.03  0.03  0.03  0.04  0.04  0.03
11  15  0.03  0.09  0.15  0.30  0.59  0.88  1.44  2.75  3.85  4.60  6.15  7.92  8.68  8.87  7.73  6.92  4.14  1.48  0.55  0.40  0.14  0.04  0.04  0.04  0.04  0.04  0.04  0.04
11  20  0.03  0.09  0.16  0.31  0.61  0.90  1.47  2.74  3.84  4.58  6.16  7.87  8.44  8.52  7.49  6.70  4.05  1.49  0.56  0.40  0.14  0.05  0.04  0.04  0.04  0.04  0.04  0.04
11  25  0.03  0.09  0.16  0.31  0.61  0.91  1.49  2.86  4.02  4.83  6.28  7.69  8.09  8.08  7.27  6.61  4.13  1.58  0.63  0.46  0.18  0.06  0.04  0.04  0.04  0.04  0.04  0.04
11  30  0.03  0.10  0.16  0.33  0.64  0.95  1.55  2.90  4.18  5.05  6.46  7.56  7.74  7.63  7.00  6.51  4.20  1.67  0.71  0.53  0.22  0.08  0.06  0.05  0.05  0.05  0.05  0.04
11  35  0.03  0.10  0.17  0.34  0.68  1.01  1.63  3.03  4.36  5.29  6.52  7.31  7.35  7.11  6.60  6.25  4.37  1.98  0.97  0.73  0.34  0.14  0.08  0.06  0.05  0.05  0.05  0.05
11  40  0.04  0.11  0.18  0.36  0.71  1.05  1.71  3.16  4.57  5.55  6.61  7.05  6.95  6.65  6.26  5.96  4.50  2.26  1.19  0.92  0.46  0.18  0.11  0.08  0.06  0.05  0.05  0.05
11  45  0.04  0.12  0.19  0.38  0.75  1.11  1.79  3.30  4.73  5.75  6.61  6.86  6.67  6.32  6.07  5.87  4.54  2.39  1.35  1.06  0.57  0.23  0.14  0.10  0.07  0.06  0.05  0.05
11  50  0.04  0.12  0.20  0.40  0.79  1.17  1.88  3.44  4.84  5.92  6.56  6.58  6.35  6.02  5.87  5.77  4.55  2.52  1.52  1.22  0.71  0.29  0.16  0.11  0.09  0.06  0.05  0.05
11  55  0.04  0.12  0.20  0.41  0.80  1.18  1.91  3.52  4.76  5.79  6.29  6.33  6.10  5.78  5.62  5.49  4.39  2.55  1.60  1.31  0.83  0.34  0.19  0.13  0.09  0.06  0.05  0.05
11  60  0.04  0.12  0.21  0.41  0.81  1.21  1.96  3.66  4.79  5.73  6.06  6.05  5.82  5.48  5.36  5.27  4.27  2.63  1.70  1.42  0.95  0.40  0.22  0.15  0.10  0.06  0.05  0.05
11  65  0.04  0.12  0.20  0.40  0.79  1.17  1.89  3.52  4.53  5.40  5.80  5.88  5.69  5.34  5.10  4.94  4.16  2.72  1.88  1.60  1.13  0.49  0.27  0.18  0.10  0.06  0.05  0.05
11  70  0.04  0.12  0.20  0.39  0.77  1.14  1.83  3.34  4.27  5.07  5.53  5.71  5.56  5.21  4.85  4.61  4.06  2.82  2.06  1.78  1.31  0.59  0.31  0.20  0.10  0.06  0.05  0.05
11  75  0.04  0.12  0.20  0.39  0.76  1.12  1.78  3.18  3.99  4.69  5.08  5.05  4.76  4.35  4.02  3.81  3.51  2.74  1.99  1.71  1.25  0.55  0.29  0.19  0.10  0.06  0.05  0.05
11  80  0.04  0.12  0.19  0.38  0.74  1.09  1.73  3.02  3.71  4.31  4.63  4.38  3.95  3.49  3.19  3.00  2.94  2.66  1.92  1.64  1.18  0.52  0.26  0.17  0.11  0.06  0.05  0.05
11  85  0.04  0.12  0.19  0.38  0.74  1.09  1.73  3.01  3.70  4.30  4.61  4.37  3.94  3.48  3.19  3.00  2.94  2.66  1.92  1.64  1.18  0.52  0.26  0.17  0.11  0.06  0.05  0.05
11  90  0.04  0.12  0.19  0.38  0.74  1.09  1.73  3.01  3.70  4.28  4.60  4.35  3.93  3.48  3.18  2.99  2.94  2.65  1.92  1.64  1.18  0.52  0.26  0.17  0.11  0.06  0.05  0.05
12 -90  0.02  0.07  0.11  0.22  0.43  0.63  1.02  1.86  2.67  3.23  4.45  5.63  5.84  5.51  5.34  5.19  4.51  3.01  1.64  1.28  0.70  0.36  0.29  0.18  0.09  0.04  0.03  0.02
12 -85  0.02  0.07  0.11  0.22  0.43  0.63  1.02  1.86  2.67  3.23  4.45  5.63  5.84  5.51  5.34  5.19  4.51  3.01  1.64  1.28  0.70  0.36  0.29  0.18  0.09  0.04  0.03  0.02
12 -80  0.02  0.07  0.11  0.22  0.43  0.63  1.02  1.86  2.67  3.23  4.46  5.64  5.84  5.51  5.34  5.19  4.51  3.01  1.64  1.28  0.70  0.36  0.29  0.19  0.09  0.04  0.03  0.02
12 -75  0.02  0.07  0.11  0.22  0.44  0.65  1.05  1.92  2.73  3.30  4.49  5.73  6.01  5.69  5.52  5.37  4.63  3.03  1.64  1.28  0.70  0.35  0.29  0.18  0.06  0.04  0.03  0.02
12 -70  0.02  0.07  0.12  0.23  0.45  0.67  1.08  1.98  2.79  3.37  4.52  5.82  6.17  5.87  5.69  5.55  4.77  3.06  1.66  1.29  0.72  0.35  0.29  0.17  0.07  0.04  0.03  0.03
12 -65  0.02  0.07  0.12  0.24  0.47  0.70  1.12  2.06  2.90  3.49  4.68  6.10  6.54  6.29  6.05  5.86  4.86  3.04  1.66  1.29  0.71  0.34  0.26  0.16  0.07  0.04  0.03  0.03
12 -60  0.03  0.08  0.13  0.25  0.49  0.72  1.17  2.14  2.99  3.61  4.83  6.38  6.92  6.72  6.41  6.17  4.95  3.02  1.67  1.29  0.69  0.32  0.24  0.14  0.07  0.04  0.03  0.03
12 -55  0.03  0.08  0.13  0.26  0.51  0.76  1.22  2.24  3.12  3.73  5.00  6.70  7.34  7.25  6.73  6.33  4.87  2.87  1.58  1.22  0.63  0.29  0.20  0.12  0.07  0.05  0.03  0.03
12 -50  0.03  0.08  0.13  0.26  0.52  0.77  1.25  2.29  3.19  3.80  5.14  7.02  7.80  7.74  7.02  6.48  4.75  2.69  1.44  1.10  0.55  0.27  0.17  0.10  0.07  0.05  0.04  0.03
12 -45  0.03  0.08  0.13  0.26  0.52  0.77  1.26  2.39  3.31  3.95  5.31  7.24  8.10  8.08  7.05  6.27  4.52  2.51  1.34  1.03  0.52  0.26  0.16  0.09  0.06  0.05  0.04  0.03
12 -40  0.03  0.08  0.13  0.26  0.52  0.78  1.28  2.48  3.40  4.04  5.44  7.48  8.43  8.51  7.08  6.06  4.33  2.34  1.23  0.94  0.47  0.24  0.12  0.07  0.06  0.05  0.04  0.04
12 -35  0.03  0.08  0.14  0.27  0.54  0.80  1.31  2.54  3.56  4.25  5.69  7.72  8.66  8.69  7.45  6.53  4.33  2.05  0.96  0.73  0.35  0.18  0.10  0.07  0.05  0.05  0.04  0.04
12 -30  0.03  0.08  0.14  0.27  0.54  0.81  1.34  2.61  3.65  4.37  5.88  7.91  8.85  8.94  7.83  7.01  4.33  1.76  0.70  0.52  0.23  0.12  0.08  0.06  0.05  0.05  0.05  0.04
12 -25  0.03  0.09  0.14  0.28  0.56  0.83  1.37  2.65  3.74  4.48  6.04  8.10  9.02  9.13  7.88  6.96  4.24  1.66  0.60  0.45  0.18  0.08  0.06  0.05  0.05  0.05  0.05  0.04
12 -20  0.03  0.08  0.14  0.28  0.56  0.84  1.39  2.73  3.86  4.65  6.27  8.28  9.12  9.26  7.89  6.89  4.15  1.54  0.51  0.37  0.13  0.06  0.04  0.04  0.04  0.05  0.05  0.04
12 -15  0.03  0.08  0.14  0.28  0.56  0.84  1.40  2.78  3.95  4.78  6.46  8.41  9.18  9.35  8.03  7.06  4.08  1.43  0.46  0.35  0.13  0.05  0.04  0.04  0.04  0.04  0.04  0.04
12 -10  0.03  0.08  0.14  0.28  0.56  0.84  1.40  2.85  4.09  4.93  6.63  8.59  9.41  9.55  8.20  7.22  4.00  1.33  0.42  0.32  0.13  0.04  0.03  0.03  0.03  0.04  0.04  0.03
12  -5  0.03  0.08  0.14  0.28  0.56  0.84  1.41  2.87  4.10  4.95  6.55  8.51  9.33  9.49  8.00  6.97  3.83  1.27  0.41  0.31  0.13  0.04  0.03  0.03  0.03  0.04  0.03  0.03
12   0  0.03  0.09  0.15  0.29  0.59  0.88  1.45  2.84  4.12  4.99  6.60  8.43  9.22  9.42  7.82  6.71  3.67  1.23  0.40  0.31  0.14  0.04  0.03  0.03  0.03  0.03  0.03  0.03
12   5  0.03  0.09  0.15  0.30  0.59  0.88  1.45  2.82  4.03  4.89  6.42  8.20  9.01  9.16  7.75  6.83  3.89  1.33  0.45  0.34  0.13  0.04  0.03  0.03  0.03  0.04  0.04  0.03
12  10  0.03  0.09  0.15  0.30  0.60  0.89  1.46  2.80  3.99  4.81  6.36  8.08  8.80  8.93  7.71  6.93  4.12  1.43  0.50  0.36  0.12  0.04  0.04  0.03  0.04  0.04  0.04  0.04
12  15  0.03  0.09  0.15  0.30  0.60  0.89  1.46  2.80  3.97  4.78  6.35  7.93  8.49  8.50  7.43  6.66  4.04  1.51  0.52  0.37  0.13  0.04  0.04  0.04  0.04  0.04  0.04  0.04
12  20  0.03  0.09  0.16  0.31  0.61  0.91  1.48  2.77  3.92  4.69  6.25  7.77  8.18  8.12  7.14  6.39  3.93  1.57  0.54  0.39  0.13  0.05  0.04  0.04  0.04  0.04  0.04  0.04
12  25  0.03  0.09  0.15  0.31  0.61  0.91  1.48  2.85  4.00  4.82  6.24  7.50  7.78  7.68  7.00  6.43  4.13  1.70  0.67  0.49  0.19  0.06  0.05  0.04  0.04  0.04  0.04  0.04
12  30  0.03  0.10  0.16  0.32  0.64  0.94  1.53  2.86  4.07  4.90  6.26  7.28  7.38  7.21  6.80  6.46  4.31  1.85  0.81  0.60  0.26  0.09  0.06  0.05  0.05  0.05  0.05  0.04
12  35  0.03  0.10  0.17  0.34  0.67  0.99  1.61  2.98  4.21  5.07  6.22  7.00  7.02  6.75  6.53  6.37  4.60  2.19  1.09  0.84  0.43  0.19  0.09  0.07  0.06  0.05  0.05  0.05
12  40  0.04  0.11  0.18  0.36  0.71  1.04  1.69  3.11  4.37  5.26  6.22  6.71  6.65  6.38  6.33  6.28  4.87  2.50  1.34  1.07  0.60  0.27  0.14  0.09  0.07  0.05  0.05  0.05
12  45  0.04  0.11  0.19  0.38  0.74  1.10  1.77  3.26  4.51  5.39  6.15  6.50  6.42  6.15  6.10  6.06  4.79  2.72  1.54  1.23  0.72  0.32  0.17  0.11  0.08  0.06  0.05  0.05
12  50  0.04  0.12  0.20  0.40  0.78  1.15  1.86  3.40  4.57  5.48  6.03  6.23  6.16  5.99  5.89  5.83  4.70  2.95  1.75  1.42  0.86  0.38  0.20  0.13  0.09  0.06  0.05  0.05
12  55  0.04  0.12  0.20  0.40  0.78  1.15  1.86  3.39  4.38  5.24  5.77  6.08  6.04  5.86  5.66  5.51  4.47  2.92  1.85  1.54  1.00  0.45  0.24  0.15  0.10  0.06  0.05  0.05
12  60  0.04  0.12  0.20  0.40  0.78  1.16  1.87  3.45  4.32  5.09  5.56  5.91  5.90  5.69  5.43  5.25  4.29  2.95  1.98  1.67  1.14  0.53  0.28  0.17  0.10  0.06  0.05  0.05
12  65  0.04  0.12  0.21  0.41  0.80  1.17  1.87  3.33  4.24  5.01  5.52  5.86  5.79  5.51  5.17  4.93  4.17  2.91  2.03  1.72  1.21  0.57  0.27  0.17  0.10  0.06  0.05  0.05
12  70  0.04  0.13  0.21  0.42  0.81  1.18  1.87  3.22  4.17  4.93  5.49  5.81  5.67  5.33  4.91  4.63  4.05  2.86  2.08  1.78  1.27  0.60  0.27  0.17  0.10  0.06  0.05  0.05
12  75  0.04  0.12  0.20  0.40  0.77  1.12  1.75  2.90  3.91  4.68  5.27  5.42  5.20  4.79  4.42  4.17  3.81  2.89  2.09  1.79  1.28  0.60  0.30  0.18  0.11  0.06  0.05  0.05
12  80  0.04  0.12  0.19  0.38  0.73  1.06  1.63  2.59  3.63  4.43  5.06  5.04  4.71  4.26  3.93  3.72  3.58  2.91  2.11  1.80  1.29  0.60  0.32  0.20  0.11  0.06  0.05  0.05
12  85  0.04  0.12  0.19  0.38  0.73  1.06  1.63  2.58  3.62  4.42  5.04  5.03  4.70  4.25  3.93  3.71  3.57  2.91  2.11  1.80  1.29  0.60  0.32  0.20  0.11  0.06  0.05  0.05
12  90  0.04  0.12  0.19  0.38  0.73  1.06  1.63  2.58  3.62  4.40  5.02  5.01  4.69  4.24  3.92  3.71  3.57  2.91  2.11  1.80  1.29  0.60  0.32  0.20  0.11  0.06  0.05  0.05
