     3    64     3
        .000  1.00000000        .000
        .000   .99467117        .000
        .345   .98862660        .435
       3.445   .98174226       4.347
      12.910   .97386760      16.291
      33.427   .96482760      42.182
      70.139   .95443410      88.508
     128.409   .94249105     162.038
     213.734   .92879730     269.709
     331.632   .91315103     418.484
     487.493   .89535499     615.164
     686.393   .87522358     866.154
     932.873   .85259068    1177.186
    1230.690   .82731885    1552.999
    1582.532   .79930973    1996.985
    1989.730   .76851469    2510.826
    2451.969   .73494524    3094.121
    2967.017   .69868290    3744.057
    3530.524   .65988702    4455.142
    4135.871   .61879963    5219.025
    4774.145   .57574666    6024.459
    5434.230   .53113484    6857.416
    6103.027   .48544332    7701.366
    6765.809   .43921080    8537.725
    7406.694   .39301825    9346.453
    8009.203   .34746850   10106.755
    8556.861   .30316412   10797.841
    9033.806   .26068544   11399.692
    9425.336   .22057019   11893.763
    9718.390   .18329623   12263.564
    9901.887   .14926878   12495.118
    9966.963   .11881219   12577.237
    9907.042   .09216691   12501.624
    9718.780   .06947458   12264.059
    9410.094   .05064684   11874.529
    8995.845   .03544162   11351.791
    8492.590   .02355588   10716.737
    7918.240   .01463712    9991.968
    7291.762   .00829402    9201.421
    6632.912   .00410671    8370.023
    5961.969   .00163591    7523.365
    5299.522   .00043106    6687.429
    4666.290   .00003697    5888.357
    4082.925   .00000000    5152.212
    3562.230   .00000000    4495.152
    3100.288   .00000000    3912.230
    2691.296   .00000000    3396.127
    2329.831   .00000000    2939.997
    2010.876   .00000000    2537.510
    1729.823   .00000000    2182.851
    1482.473   .00000000    1870.722
    1265.020   .00000000    1596.319
    1074.031   .00000000    1355.311
     906.427   .00000000    1143.813
     759.451   .00000000     958.346
     630.648   .00000000     795.810
     517.835   .00000000     653.452
     419.074   .00000000     528.827
     332.654   .00000000     419.774
     257.060   .00000000     324.383
     190.960   .00000000     240.971
     133.175   .00000000     168.052
      82.674   .00000000     104.326
      38.548   .00000000      48.644
        .000   .00000000        .000
