     0.010
     0.030
     0.050
     0.100
     0.200
     0.300
     0.500
     1.000
     1.500
     2.000
     3.000
     5.000
     7.000
    10.000
    15.000
    20.000
    30.000
    50.000
    70.000
    80.000
   100.000
   150.000
   200.000
   250.000
   300.000
   400.000
   500.000
   600.000
 1 -90  0.02  0.07  0.11  0.22  0.43  0.64  1.03  1.87  2.65  3.19  4.43  5.43  5.44  4.92  4.26  3.79  3.60  2.85  1.91  1.54  0.94  0.37  0.28  0.18  0.09  0.05  0.03  0.02
 1 -85  0.02  0.07  0.11  0.22  0.43  0.64  1.03  1.86  2.64  3.19  4.44  5.43  5.44  4.91  4.26  3.79  3.60  2.86  1.91  1.54  0.94  0.37  0.28  0.18  0.09  0.05  0.03  0.02
 1 -80  0.02  0.07  0.11  0.22  0.43  0.64  1.02  1.85  2.64  3.20  4.45  5.44  5.45  4.91  4.25  3.78  3.60  2.86  1.90  1.53  0.94  0.37  0.28  0.18  0.10  0.05  0.03  0.02
 1 -75  0.02  0.07  0.11  0.23  0.45  0.66  1.06  1.91  2.70  3.27  4.47  5.58  5.69  5.19  4.59  4.16  3.89  2.93  1.89  1.52  0.92  0.36  0.27  0.18  0.09  0.04  0.03  0.02
 1 -70  0.02  0.07  0.12  0.23  0.46  0.68  1.09  1.98  2.76  3.34  4.49  5.71  5.93  5.47  4.92  4.54  4.18  3.00  1.89  1.50  0.90  0.37  0.27  0.17  0.08  0.04  0.03  0.02
 1 -65  0.02  0.07  0.12  0.24  0.48  0.70  1.13  2.05  2.86  3.46  4.66  6.04  6.41  6.03  5.53  5.18  4.36  2.96  1.80  1.43  0.84  0.34  0.25  0.16  0.07  0.04  0.03  0.03
 1 -60  0.03  0.08  0.13  0.25  0.49  0.73  1.17  2.13  2.95  3.57  4.81  6.36  6.88  6.60  6.14  5.83  4.55  2.92  1.72  1.35  0.78  0.32  0.23  0.15  0.08  0.04  0.03  0.03
 1 -55  0.03  0.08  0.13  0.26  0.51  0.76  1.21  2.19  3.03  3.67  4.97  6.68  7.34  7.14  6.52  6.10  4.38  2.65  1.45  1.12  0.63  0.25  0.18  0.11  0.07  0.05  0.03  0.03
 1 -50  0.03  0.08  0.14  0.27  0.53  0.78  1.25  2.27  3.14  3.78  5.13  7.00  7.80  7.70  6.91  6.36  4.20  2.37  1.17  0.89  0.47  0.19  0.13  0.10  0.07  0.05  0.04  0.03
 1 -45  0.03  0.08  0.14  0.27  0.54  0.79  1.29  2.43  3.34  4.01  5.39  7.26  8.11  8.12  7.18  6.49  4.21  2.30  1.10  0.84  0.44  0.18  0.13  0.08  0.06  0.04  0.04  0.03
 1 -40  0.03  0.08  0.14  0.27  0.54  0.80  1.32  2.55  3.49  4.18  5.59  7.54  8.46  8.57  7.41  6.58  4.24  2.26  1.02  0.78  0.41  0.17  0.10  0.06  0.05  0.05  0.04  0.03
 1 -35  0.03  0.08  0.14  0.28  0.55  0.82  1.35  2.62  3.67  4.42  5.90  7.86  8.75  8.78  7.63  6.77  4.26  1.99  0.83  0.63  0.31  0.14  0.08  0.06  0.05  0.05  0.04  0.04
 1 -30  0.03  0.08  0.14  0.28  0.56  0.84  1.38  2.70  3.78  4.58  6.14  8.13  9.00  9.04  7.85  6.96  4.29  1.71  0.63  0.48  0.22  0.10  0.06  0.05  0.05  0.05  0.04  0.04
 1 -25  0.03  0.09  0.14  0.29  0.57  0.85  1.40  2.73  3.88  4.69  6.35  8.35  9.23  9.28  7.93  6.94  4.26  1.57  0.54  0.41  0.18  0.07  0.05  0.04  0.04  0.05  0.04  0.04
 1 -20  0.03  0.08  0.14  0.28  0.56  0.84  1.40  2.81  3.99  4.85  6.63  8.55  9.36  9.46  7.97  6.90  4.21  1.44  0.46  0.35  0.15  0.05  0.04  0.04  0.04  0.04  0.04  0.04
 1 -15  0.03  0.08  0.14  0.28  0.56  0.85  1.42  2.86  4.09  5.00  6.85  8.74  9.49  9.59  8.13  7.04  4.09  1.36  0.41  0.32  0.14  0.05  0.04  0.03  0.04  0.04  0.04  0.03
 1 -10  0.03  0.08  0.14  0.28  0.56  0.84  1.41  2.89  4.21  5.11  6.96  9.01  9.76  9.76  8.27  7.18  3.98  1.31  0.37  0.29  0.09  0.04  0.03  0.03  0.03  0.04  0.04  0.03
 1  -5  0.03  0.08  0.14  0.28  0.56  0.85  1.42  2.92  4.23  5.13  6.84  8.98  9.71  9.64  8.16  7.10  3.86  1.26  0.35  0.28  0.07  0.04  0.03  0.03  0.03  0.03  0.03  0.03
 1   0  0.03  0.09  0.15  0.30  0.60  0.89  1.47  2.86  4.20  5.13  6.84  8.83  9.53  9.46  8.02  7.00  3.76  1.24  0.34  0.27  0.06  0.04  0.03  0.03  0.03  0.03  0.03  0.03
 1   5  0.03  0.09  0.15  0.30  0.60  0.89  1.47  2.85  4.14  5.07  6.72  8.63  9.32  9.19  7.84  6.92  3.90  1.35  0.40  0.31  0.06  0.04  0.03  0.03  0.03  0.04  0.04  0.04
 1  10  0.03  0.09  0.15  0.30  0.60  0.89  1.46  2.83  4.13  5.03  6.73  8.51  9.13  9.00  7.70  6.83  4.05  1.46  0.46  0.34  0.07  0.04  0.03  0.03  0.04  0.04  0.04  0.04
 1  15  0.03  0.09  0.15  0.30  0.60  0.90  1.47  2.85  4.09  4.97  6.69  8.33  8.84  8.67  7.44  6.56  4.02  1.52  0.46  0.34  0.07  0.04  0.04  0.04  0.04  0.04  0.04  0.04
 1  20  0.03  0.09  0.16  0.31  0.62  0.92  1.50  2.84  4.05  4.88  6.56  8.09  8.47  8.30  7.16  6.29  3.95  1.57  0.47  0.34  0.12  0.05  0.04  0.04  0.04  0.04  0.05  0.04
 1  25  0.03  0.09  0.16  0.31  0.62  0.92  1.51  2.92  4.10  4.98  6.50  7.78  8.02  7.85  7.02  6.33  4.25  1.80  0.65  0.48  0.21  0.06  0.05  0.05  0.05  0.05  0.05  0.04
 1  30  0.03  0.10  0.17  0.33  0.65  0.96  1.57  2.94  4.16  5.01  6.44  7.49  7.56  7.34  6.81  6.37  4.53  2.07  0.84  0.64  0.30  0.11  0.08  0.06  0.05  0.05  0.05  0.05
 1  35  0.03  0.10  0.17  0.34  0.68  1.01  1.63  3.03  4.23  5.10  6.35  7.18  7.21  6.92  6.52  6.23  4.84  2.49  1.22  0.94  0.49  0.23  0.15  0.08  0.07  0.05  0.05  0.05
 1  40  0.04  0.11  0.18  0.36  0.71  1.05  1.70  3.14  4.37  5.24  6.29  6.88  6.85  6.58  6.30  6.09  5.15  2.89  1.56  1.23  0.67  0.34  0.20  0.12  0.08  0.06  0.05  0.05
 1  45  0.04  0.11  0.19  0.37  0.73  1.08  1.75  3.26  4.48  5.34  6.20  6.68  6.64  6.33  6.20  6.10  5.20  3.09  1.79  1.43  0.84  0.43  0.23  0.15  0.09  0.06  0.05  0.05
 1  50  0.04  0.11  0.19  0.38  0.75  1.11  1.80  3.36  4.50  5.35  6.08  6.42  6.39  6.14  6.10  6.09  5.25  3.31  2.00  1.63  1.03  0.52  0.28  0.17  0.10  0.06  0.05  0.05
 1  55  0.04  0.12  0.19  0.38  0.76  1.12  1.82  3.37  4.38  5.18  5.85  6.23  6.21  5.97  5.79  5.67  4.93  3.28  2.15  1.79  1.19  0.59  0.34  0.19  0.11  0.06  0.05  0.05
 1  60  0.04  0.12  0.19  0.38  0.76  1.12  1.82  3.38  4.26  4.98  5.57  6.00  6.00  5.77  5.47  5.26  4.63  3.28  2.30  1.94  1.34  0.66  0.39  0.22  0.11  0.06  0.05  0.05
 1  65  0.04  0.11  0.19  0.38  0.75  1.10  1.78  3.29  4.14  4.86  5.54  6.10  6.14  5.90  5.50  5.23  4.45  3.25  2.27  1.91  1.33  0.66  0.38  0.22  0.11  0.06  0.05  0.05
 1  70  0.04  0.11  0.19  0.37  0.73  1.08  1.74  3.19  4.01  4.73  5.50  6.19  6.27  6.02  5.53  5.20  4.25  3.22  2.24  1.89  1.32  0.65  0.36  0.21  0.11  0.06  0.05  0.05
 1  75  0.04  0.11  0.18  0.35  0.70  1.02  1.64  2.96  3.70  4.38  5.17  5.80  5.80  5.44  4.97  4.64  3.97  3.13  2.33  2.01  1.50  0.69  0.37  0.23  0.11  0.06  0.05  0.05
 1  80  0.04  0.10  0.17  0.34  0.67  0.98  1.55  2.70  3.40  4.03  4.85  5.41  5.33  4.88  4.40  4.07  3.69  3.04  2.42  2.14  1.69  0.74  0.39  0.24  0.12  0.06  0.05  0.05
 1  85  0.04  0.10  0.17  0.34  0.67  0.98  1.55  2.69  3.38  4.00  4.81  5.38  5.30  4.87  4.39  4.06  3.68  3.04  2.42  2.14  1.69  0.74  0.39  0.24  0.12  0.06  0.05  0.05
 1  90  0.04  0.10  0.17  0.34  0.67  0.98  1.55  2.68  3.36  3.97  4.78  5.35  5.28  4.85  4.38  4.05  3.67  3.04  2.42  2.14  1.69  0.74  0.39  0.24  0.12  0.06  0.05  0.05
 2 -90  0.03  0.08  0.14  0.27  0.53  0.78  1.25  2.28  3.14  3.75  4.73  5.07  4.77  4.21  3.91  3.73  3.47  2.71  1.86  1.52  0.95  0.36  0.25  0.18  0.11  0.05  0.03  0.02
 2 -85  0.03  0.08  0.14  0.27  0.53  0.78  1.25  2.27  3.13  3.75  4.74  5.07  4.78  4.21  3.91  3.73  3.47  2.72  1.86  1.51  0.95  0.36  0.25  0.18  0.11  0.05  0.03  0.02
 2 -80  0.03  0.08  0.14  0.27  0.53  0.78  1.25  2.26  3.13  3.75  4.75  5.08  4.78  4.20  3.90  3.72  3.48  2.72  1.86  1.51  0.95  0.36  0.25  0.18  0.11  0.04  0.03  0.02
 2 -75  0.03  0.08  0.13  0.27  0.53  0.77  1.24  2.24  3.12  3.76  4.84  5.43  5.26  4.68  4.30  4.05  3.67  2.74  1.86  1.50  0.93  0.35  0.25  0.18  0.10  0.04  0.03  0.02
 2 -70  0.03  0.08  0.13  0.27  0.52  0.77  1.23  2.22  3.11  3.77  4.94  5.79  5.74  5.17  4.69  4.38  3.85  2.75  1.88  1.51  0.92  0.34  0.25  0.17  0.09  0.04  0.03  0.02
 2 -65  0.03  0.08  0.14  0.27  0.53  0.78  1.26  2.27  3.17  3.85  5.10  6.19  6.30  5.77  5.20  4.82  4.07  2.72  1.80  1.43  0.86  0.32  0.24  0.16  0.08  0.04  0.03  0.03
 2 -60  0.03  0.08  0.14  0.28  0.54  0.80  1.28  2.32  3.24  3.93  5.26  6.60  6.87  6.38  5.72  5.26  4.30  2.69  1.71  1.36  0.81  0.31  0.23  0.15  0.08  0.05  0.03  0.03
 2 -55  0.03  0.09  0.14  0.29  0.56  0.83  1.32  2.37  3.29  3.98  5.35  6.89  7.31  6.94  6.22  5.74  4.23  2.48  1.41  1.10  0.62  0.25  0.17  0.11  0.07  0.05  0.03  0.03
 2 -50  0.03  0.09  0.15  0.29  0.58  0.85  1.36  2.42  3.35  4.04  5.45  7.17  7.76  7.49  6.72  6.20  4.16  2.27  1.10  0.84  0.44  0.19  0.12  0.09  0.06  0.04  0.04  0.03
 2 -45  0.03  0.09  0.15  0.29  0.58  0.86  1.39  2.57  3.55  4.26  5.67  7.39  8.06  7.93  7.04  6.39  4.19  2.15  1.04  0.79  0.40  0.18  0.11  0.07  0.05  0.04  0.04  0.03
 2 -40  0.03  0.09  0.15  0.29  0.58  0.87  1.41  2.67  3.68  4.41  5.84  7.64  8.38  8.37  7.30  6.56  4.25  2.05  0.98  0.73  0.36  0.16  0.09  0.06  0.05  0.04  0.04  0.03
 2 -35  0.03  0.09  0.15  0.30  0.59  0.87  1.43  2.72  3.83  4.61  6.09  7.91  8.67  8.63  7.51  6.69  4.22  1.84  0.80  0.61  0.29  0.12  0.07  0.05  0.05  0.04  0.04  0.04
 2 -30  0.03  0.09  0.15  0.30  0.59  0.88  1.44  2.78  3.90  4.72  6.28  8.15  8.93  8.93  7.71  6.82  4.19  1.62  0.63  0.47  0.21  0.09  0.06  0.05  0.04  0.04  0.04  0.04
 2 -25  0.03  0.09  0.15  0.29  0.58  0.87  1.43  2.77  3.92  4.74  6.38  8.33  9.20  9.26  7.87  6.86  4.15  1.51  0.53  0.40  0.17  0.06  0.04  0.04  0.04  0.04  0.04  0.04
 2 -20  0.03  0.08  0.14  0.28  0.56  0.85  1.41  2.80  3.95  4.77  6.54  8.52  9.39  9.52  7.99  6.90  4.09  1.42  0.43  0.33  0.14  0.05  0.04  0.04  0.04  0.04  0.04  0.04
 2 -15  0.03  0.08  0.14  0.28  0.56  0.84  1.40  2.79  3.95  4.82  6.64  8.69  9.59  9.75  8.19  7.04  4.03  1.32  0.40  0.31  0.14  0.04  0.03  0.03  0.03  0.04  0.04  0.03
 2 -10  0.03  0.08  0.14  0.27  0.55  0.82  1.37  2.76  3.98  4.81  6.64  8.95  9.91  9.97  8.37  7.17  3.97  1.24  0.37  0.29  0.09  0.04  0.03  0.03  0.03  0.03  0.03  0.03
 2  -5  0.03  0.08  0.14  0.27  0.55  0.82  1.38  2.78  3.97  4.79  6.51  8.99  9.93  9.91  8.14  6.83  3.85  1.23  0.37  0.29  0.07  0.04  0.03  0.03  0.03  0.03  0.03  0.03
 2   0  0.03  0.09  0.15  0.30  0.59  0.87  1.42  2.70  3.90  4.71  6.43  8.83  9.77  9.75  7.87  6.48  3.75  1.25  0.37  0.30  0.06  0.03  0.03  0.03  0.03  0.03  0.03  0.03
 2   5  0.03  0.09  0.15  0.29  0.58  0.86  1.42  2.72  3.89  4.74  6.43  8.72  9.62  9.53  7.88  6.69  3.86  1.36  0.44  0.34  0.06  0.04  0.03  0.03  0.03  0.04  0.04  0.04
 2  10  0.03  0.09  0.15  0.29  0.58  0.86  1.41  2.73  3.95  4.81  6.54  8.69  9.51  9.41  7.91  6.87  3.99  1.47  0.51  0.37  0.07  0.04  0.03  0.03  0.03  0.04  0.04  0.04
 2  15  0.03  0.09  0.15  0.29  0.58  0.87  1.43  2.77  3.92  4.78  6.53  8.53  9.27  9.15  7.81  6.83  4.11  1.57  0.53  0.39  0.07  0.04  0.04  0.04  0.04  0.04  0.05  0.04
 2  20  0.03  0.09  0.15  0.30  0.60  0.89  1.46  2.77  3.93  4.73  6.45  8.30  8.90  8.81  7.67  6.79  4.19  1.67  0.56  0.40  0.09  0.05  0.04  0.04  0.04  0.05  0.05  0.05
 2  25  0.03  0.09  0.15  0.31  0.61  0.90  1.48  2.84  4.00  4.86  6.48  8.04  8.47  8.35  7.38  6.60  4.41  1.85  0.71  0.52  0.20  0.07  0.06  0.05  0.05  0.05  0.05  0.05
 2  30  0.03  0.10  0.16  0.32  0.64  0.94  1.53  2.88  4.08  4.92  6.48  7.79  8.01  7.82  7.02  6.39  4.61  2.06  0.87  0.65  0.28  0.16  0.09  0.07  0.06  0.05  0.05  0.05
 2  35  0.03  0.10  0.17  0.34  0.66  0.98  1.59  2.95  4.17  5.07  6.48  7.52  7.61  7.33  6.71  6.27  4.84  2.57  1.25  0.96  0.48  0.29  0.20  0.10  0.07  0.06  0.05  0.05
 2  40  0.04  0.11  0.18  0.35  0.70  1.03  1.66  3.04  4.35  5.28  6.53  7.24  7.21  6.90  6.48  6.16  5.08  3.06  1.60  1.26  0.67  0.42  0.27  0.14  0.09  0.06  0.05  0.05
 2  45  0.04  0.11  0.18  0.36  0.72  1.06  1.72  3.19  4.53  5.45  6.48  7.04  6.98  6.61  6.30  6.08  5.16  3.27  1.89  1.51  0.88  0.51  0.31  0.19  0.11  0.06  0.05  0.05
 2  50  0.04  0.11  0.19  0.37  0.73  1.09  1.77  3.33  4.62  5.55  6.44  6.81  6.72  6.39  6.14  5.99  5.25  3.49  2.16  1.76  1.11  0.60  0.36  0.20  0.12  0.07  0.06  0.05
 2  55  0.04  0.12  0.19  0.39  0.76  1.13  1.83  3.41  4.63  5.55  6.30  6.60  6.50  6.18  5.92  5.76  5.17  3.53  2.28  1.89  1.25  0.65  0.40  0.22  0.12  0.07  0.06  0.05
 2  60  0.04  0.12  0.20  0.40  0.78  1.16  1.88  3.51  4.66  5.53  6.13  6.37  6.26  5.96  5.71  5.54  5.11  3.59  2.40  2.02  1.38  0.70  0.44  0.25  0.13  0.07  0.06  0.05
 2  65  0.04  0.12  0.20  0.40  0.78  1.16  1.87  3.46  4.49  5.28  5.88  6.25  6.22  5.97  5.64  5.42  4.91  3.45  2.45  2.07  1.47  0.74  0.43  0.25  0.12  0.07  0.06  0.05
 2  70  0.04  0.12  0.20  0.40  0.78  1.15  1.86  3.42  4.31  5.03  5.62  6.12  6.17  5.98  5.57  5.29  4.70  3.30  2.49  2.13  1.55  0.78  0.41  0.26  0.13  0.07  0.06  0.05
 2  75  0.04  0.12  0.20  0.39  0.77  1.14  1.84  3.35  4.04  4.63  5.46  6.27  6.43  6.23  5.73  5.37  4.67  3.23  2.52  2.16  1.58  0.82  0.43  0.26  0.13  0.07  0.06  0.05
 2  80  0.04  0.12  0.20  0.39  0.77  1.13  1.81  3.28  3.77  4.24  5.30  6.40  6.69  6.49  5.88  5.45  4.63  3.16  2.56  2.20  1.62  0.85  0.45  0.26  0.13  0.07  0.05  0.05
 2  85  0.04  0.12  0.20  0.39  0.77  1.13  1.81  3.27  3.75  4.22  5.26  6.37  6.66  6.48  5.87  5.44  4.63  3.15  2.55  2.20  1.62  0.85  0.45  0.26  0.13  0.07  0.05  0.05
 2  90  0.04  0.12  0.20  0.39  0.77  1.13  1.81  3.26  3.74  4.19  5.22  6.33  6.64  6.46  5.86  5.43  4.62  3.15  2.55  2.20  1.62  0.85  0.45  0.26  0.13  0.07  0.05  0.05
 3 -90  0.04  0.12  0.20  0.39  0.76  1.12  1.78  3.13  3.92  4.51  4.69  4.63  4.42  4.03  3.60  3.37  3.46  2.64  1.91  1.57  1.00  0.40  0.24  0.16  0.08  0.04  0.03  0.02
 3 -85  0.04  0.12  0.20  0.39  0.76  1.12  1.78  3.12  3.91  4.52  4.70  4.64  4.42  4.03  3.60  3.36  3.46  2.65  1.91  1.56  1.00  0.40  0.24  0.16  0.08  0.04  0.03  0.02
 3 -80  0.04  0.12  0.20  0.39  0.76  1.12  1.78  3.11  3.90  4.52  4.71  4.65  4.43  4.02  3.59  3.36  3.46  2.65  1.91  1.56  1.00  0.40  0.24  0.16  0.08  0.04  0.03  0.02
 3 -75  0.04  0.11  0.19  0.37  0.73  1.07  1.70  2.98  3.91  4.62  5.13  5.18  4.92  4.42  3.91  3.62  3.55  2.66  1.88  1.53  0.96  0.39  0.23  0.15  0.08  0.04  0.03  0.02
 3 -70  0.04  0.11  0.18  0.35  0.69  1.02  1.62  2.85  3.91  4.73  5.55  5.72  5.41  4.82  4.23  3.86  3.61  2.68  1.87  1.50  0.92  0.38  0.23  0.15  0.07  0.04  0.03  0.03
 3 -65  0.04  0.10  0.17  0.34  0.67  0.99  1.58  2.79  3.90  4.74  5.76  6.19  5.98  5.38  4.83  4.46  3.78  2.66  1.77  1.41  0.86  0.36  0.22  0.14  0.08  0.04  0.03  0.03
 3 -60  0.03  0.10  0.17  0.34  0.66  0.96  1.54  2.74  3.88  4.75  5.97  6.66  6.55  5.94  5.42  5.07  3.96  2.63  1.66  1.33  0.81  0.34  0.21  0.13  0.08  0.04  0.03  0.03
 3 -55  0.03  0.10  0.17  0.33  0.65  0.96  1.53  2.71  3.84  4.69  6.01  6.98  7.02  6.48  5.94  5.58  4.16  2.51  1.43  1.12  0.66  0.27  0.16  0.11  0.07  0.04  0.03  0.03
 3 -50  0.03  0.10  0.17  0.33  0.65  0.96  1.52  2.68  3.78  4.61  6.03  7.30  7.50  7.00  6.45  6.07  4.38  2.39  1.17  0.91  0.52  0.20  0.12  0.08  0.06  0.04  0.04  0.03
 3 -45  0.03  0.10  0.16  0.33  0.64  0.94  1.52  2.76  3.89  4.71  6.16  7.50  7.83  7.48  6.64  6.05  4.27  2.26  1.06  0.83  0.47  0.18  0.11  0.06  0.05  0.04  0.04  0.03
 3 -40  0.03  0.10  0.16  0.32  0.63  0.94  1.51  2.79  3.95  4.76  6.25  7.74  8.17  7.95  6.81  6.02  4.17  2.14  0.97  0.75  0.41  0.16  0.09  0.06  0.05  0.04  0.04  0.03
 3 -35  0.03  0.10  0.16  0.31  0.62  0.92  1.50  2.81  4.02  4.88  6.41  7.99  8.50  8.32  7.32  6.61  4.26  1.93  0.80  0.61  0.31  0.12  0.07  0.05  0.04  0.04  0.04  0.03
 3 -30  0.03  0.09  0.16  0.31  0.61  0.91  1.49  2.81  4.04  4.92  6.53  8.21  8.81  8.72  7.83  7.19  4.34  1.73  0.61  0.46  0.20  0.08  0.05  0.04  0.04  0.04  0.04  0.03
 3 -25  0.03  0.09  0.15  0.30  0.60  0.89  1.46  2.79  3.99  4.84  6.49  8.30  9.06  9.09  8.03  7.26  4.27  1.49  0.49  0.36  0.15  0.06  0.04  0.04  0.04  0.04  0.04  0.03
 3 -20  0.03  0.09  0.15  0.29  0.58  0.86  1.43  2.78  3.91  4.73  6.47  8.42  9.25  9.40  8.19  7.33  4.19  1.29  0.36  0.27  0.10  0.04  0.03  0.03  0.03  0.04  0.04  0.03
 3 -15  0.03  0.09  0.14  0.29  0.57  0.85  1.41  2.75  3.84  4.64  6.36  8.43  9.44  9.71  8.28  7.23  4.13  1.28  0.37  0.28  0.11  0.04  0.03  0.03  0.03  0.04  0.03  0.03
 3 -10  0.03  0.08  0.14  0.28  0.56  0.84  1.38  2.70  3.77  4.49  6.16  8.55  9.71  9.99  8.35  7.13  4.07  1.28  0.38  0.29  0.12  0.03  0.03  0.03  0.03  0.03  0.03  0.03
 3  -5  0.03  0.08  0.14  0.28  0.56  0.83  1.38  2.71  3.73  4.43  5.97  8.57  9.76 10.01  8.31  7.05  4.03  1.27  0.38  0.29  0.07  0.03  0.03  0.03  0.03  0.03  0.03  0.03
 3   0  0.03  0.09  0.15  0.30  0.58  0.86  1.40  2.62  3.63  4.29  5.80  8.36  9.61  9.89  8.22  6.97  4.02  1.31  0.39  0.30  0.13  0.03  0.03  0.03  0.03  0.03  0.03  0.03
 3   5  0.03  0.09  0.15  0.29  0.58  0.86  1.40  2.67  3.67  4.41  5.94  8.41  9.57  9.74  8.22  7.07  4.08  1.39  0.45  0.34  0.06  0.03  0.03  0.03  0.03  0.04  0.04  0.03
 3  10  0.03  0.09  0.14  0.29  0.57  0.85  1.40  2.70  3.80  4.58  6.18  8.51  9.58  9.72  8.22  7.14  4.15  1.47  0.49  0.37  0.07  0.04  0.03  0.03  0.03  0.04  0.04  0.04
 3  15  0.03  0.09  0.15  0.29  0.58  0.86  1.42  2.76  3.82  4.63  6.26  8.45  9.43  9.51  8.00  6.90  4.18  1.53  0.50  0.37  0.08  0.04  0.04  0.04  0.04  0.04  0.05  0.05
 3  20  0.03  0.09  0.15  0.30  0.60  0.89  1.46  2.79  3.89  4.66  6.32  8.32  9.14  9.19  7.74  6.64  4.17  1.59  0.52  0.37  0.14  0.05  0.04  0.04  0.05  0.05  0.05  0.05
 3  25  0.03  0.09  0.15  0.31  0.61  0.90  1.47  2.82  3.95  4.78  6.42  8.20  8.83  8.82  7.56  6.59  4.36  1.88  0.71  0.53  0.24  0.08  0.06  0.05  0.05  0.05  0.05  0.05
 3  30  0.03  0.10  0.16  0.32  0.62  0.93  1.51  2.84  4.02  4.85  6.48  8.07  8.49  8.37  7.32  6.52  4.53  2.20  0.90  0.69  0.34  0.18  0.10  0.08  0.06  0.06  0.05  0.05
 3  35  0.03  0.10  0.16  0.33  0.64  0.95  1.54  2.85  4.07  4.97  6.57  7.93  8.16  7.92  7.04  6.42  4.60  2.60  1.27  1.00  0.56  0.30  0.22  0.11  0.08  0.06  0.05  0.05
 3  40  0.03  0.10  0.17  0.34  0.66  0.98  1.58  2.87  4.22  5.16  6.73  7.79  7.84  7.50  6.83  6.34  4.69  3.00  1.62  1.31  0.78  0.43  0.29  0.15  0.10  0.06  0.06  0.05
 3  45  0.03  0.10  0.17  0.34  0.67  0.99  1.60  2.96  4.36  5.33  6.75  7.62  7.59  7.14  6.56  6.14  4.88  3.21  1.88  1.53  0.94  0.54  0.34  0.20  0.11  0.07  0.06  0.05
 3  50  0.03  0.10  0.17  0.34  0.67  1.00  1.62  3.05  4.45  5.44  6.81  7.46  7.34  6.85  6.29  5.92  5.08  3.44  2.12  1.74  1.12  0.65  0.41  0.23  0.13  0.07  0.06  0.06
 3  55  0.04  0.11  0.18  0.35  0.70  1.03  1.68  3.13  4.52  5.53  6.73  7.22  7.05  6.56  6.11  5.79  5.08  3.54  2.28  1.89  1.25  0.73  0.46  0.25  0.14  0.07  0.06  0.06
 3  60  0.04  0.11  0.18  0.36  0.72  1.07  1.73  3.21  4.61  5.62  6.65  6.98  6.76  6.27  5.93  5.68  5.08  3.65  2.45  2.04  1.38  0.79  0.50  0.28  0.14  0.07  0.06  0.06
 3  65  0.04  0.11  0.19  0.38  0.74  1.10  1.77  3.29  4.59  5.53  6.41  6.71  6.52  6.09  5.72  5.47  4.92  3.62  2.51  2.13  1.51  0.84  0.53  0.31  0.14  0.07  0.06  0.06
 3  70  0.04  0.12  0.19  0.39  0.76  1.12  1.82  3.37  4.56  5.44  6.17  6.43  6.28  5.90  5.52  5.26  4.75  3.60  2.58  2.22  1.64  0.90  0.56  0.34  0.14  0.07  0.06  0.05
 3  75  0.04  0.12  0.19  0.39  0.76  1.12  1.82  3.34  4.42  5.21  5.90  6.33  6.29  6.00  5.45  5.07  4.61  3.58  2.60  2.25  1.67  0.93  0.56  0.33  0.14  0.07  0.06  0.05
 3  80  0.04  0.12  0.20  0.39  0.76  1.12  1.81  3.32  4.27  4.97  5.64  6.22  6.31  6.10  5.38  4.87  4.47  3.58  2.63  2.29  1.72  0.97  0.55  0.32  0.13  0.08  0.06  0.05
 3  85  0.04  0.12  0.20  0.39  0.76  1.12  1.81  3.31  4.25  4.94  5.60  6.18  6.28  6.08  5.37  4.86  4.46  3.57  2.63  2.29  1.72  0.97  0.55  0.32  0.13  0.08  0.06  0.05
 3  90  0.04  0.12  0.20  0.39  0.76  1.12  1.81  3.30  4.23  4.91  5.56  6.15  6.25  6.07  5.36  4.85  4.45  3.57  2.63  2.29  1.72  0.97  0.55  0.32  0.13  0.08  0.06  0.05
 4 -90  0.05  0.16  0.26  0.51  0.99  1.44  2.23  3.62  3.93  4.26  4.47  4.53  4.33  3.94  3.44  3.18  2.94  2.77  1.99  1.61  1.00  0.41  0.25  0.16  0.08  0.04  0.03  0.02
 4 -85  0.05  0.16  0.26  0.51  0.99  1.43  2.22  3.61  3.93  4.26  4.48  4.54  4.34  3.94  3.44  3.18  2.94  2.77  1.99  1.60  1.00  0.41  0.25  0.16  0.08  0.04  0.03  0.02
 4 -80  0.05  0.16  0.26  0.51  0.99  1.43  2.22  3.61  3.92  4.26  4.49  4.55  4.35  3.93  3.43  3.17  2.94  2.78  1.98  1.60  1.00  0.41  0.25  0.16  0.08  0.04  0.03  0.03
 4 -75  0.05  0.15  0.25  0.49  0.96  1.39  2.17  3.58  4.21  4.80  5.04  5.00  4.75  4.30  3.81  3.56  3.30  2.77  1.95  1.57  0.99  0.39  0.24  0.15  0.07  0.04  0.03  0.03
 4 -70  0.05  0.15  0.24  0.48  0.92  1.35  2.11  3.56  4.52  5.34  5.59  5.45  5.15  4.67  4.20  3.93  3.63  2.76  1.93  1.56  0.99  0.37  0.23  0.14  0.07  0.04  0.03  0.03
 4 -65  0.05  0.14  0.23  0.46  0.89  1.30  2.05  3.52  4.61  5.53  5.96  5.92  5.65  5.14  4.71  4.42  3.86  2.75  1.83  1.47  0.92  0.35  0.20  0.13  0.07  0.04  0.03  0.03
 4 -60  0.04  0.13  0.22  0.44  0.86  1.26  1.99  3.47  4.70  5.71  6.32  6.39  6.14  5.62  5.22  4.93  4.10  2.73  1.73  1.38  0.85  0.32  0.17  0.11  0.07  0.04  0.03  0.03
 4 -55  0.04  0.13  0.21  0.42  0.82  1.20  1.91  3.34  4.61  5.62  6.46  6.77  6.59  6.06  5.77  5.55  4.34  2.60  1.51  1.19  0.68  0.27  0.13  0.09  0.06  0.04  0.03  0.03
 4 -50  0.04  0.12  0.20  0.40  0.78  1.15  1.82  3.20  4.48  5.49  6.56  7.15  7.03  6.47  6.30  6.16  4.59  2.47  1.27  0.97  0.51  0.21  0.09  0.08  0.06  0.04  0.03  0.03
 4 -45  0.04  0.12  0.19  0.38  0.75  1.10  1.76  3.14  4.43  5.41  6.62  7.38  7.36  6.90  6.42  6.09  4.47  2.31  1.18  0.91  0.49  0.20  0.10  0.07  0.05  0.04  0.03  0.03
 4 -40  0.04  0.11  0.18  0.37  0.72  1.05  1.69  3.03  4.36  5.31  6.68  7.66  7.73  7.31  6.54  6.00  4.35  2.18  1.12  0.86  0.46  0.18  0.09  0.06  0.04  0.04  0.03  0.03
 4 -35  0.04  0.11  0.17  0.35  0.68  1.01  1.62  2.97  4.30  5.26  6.73  7.92  8.13  7.81  6.80  6.08  4.24  1.96  0.95  0.73  0.38  0.15  0.07  0.05  0.04  0.04  0.03  0.03
 4 -30  0.03  0.10  0.17  0.33  0.66  0.97  1.57  2.89  4.19  5.14  6.74  8.17  8.53  8.32  7.06  6.16  4.12  1.74  0.78  0.60  0.30  0.09  0.05  0.04  0.04  0.04  0.03  0.03
 4 -25  0.03  0.10  0.16  0.32  0.64  0.94  1.53  2.85  4.09  4.99  6.61  8.22  8.79  8.75  7.47  6.53  4.18  1.54  0.59  0.45  0.21  0.06  0.04  0.03  0.03  0.03  0.03  0.03
 4 -20  0.03  0.09  0.16  0.31  0.61  0.91  1.48  2.81  3.94  4.77  6.48  8.30  9.03  9.14  7.84  6.90  4.22  1.38  0.41  0.30  0.12  0.04  0.03  0.03  0.03  0.03  0.03  0.03
 4 -15  0.03  0.09  0.15  0.30  0.60  0.90  1.46  2.79  3.86  4.65  6.28  8.20  9.15  9.43  8.09  7.11  4.21  1.32  0.39  0.29  0.12  0.03  0.03  0.03  0.03  0.03  0.03  0.03
 4 -10  0.03  0.09  0.15  0.30  0.59  0.88  1.44  2.74  3.76  4.46  6.01  8.22  9.32  9.69  8.32  7.31  4.19  1.27  0.36  0.28  0.12  0.03  0.03  0.03  0.03  0.03  0.03  0.03
 4  -5  0.03  0.09  0.15  0.30  0.59  0.88  1.44  2.74  3.73  4.40  5.81  8.22  9.41  9.76  8.37  7.35  4.21  1.28  0.37  0.28  0.12  0.03  0.03  0.03  0.03  0.03  0.03  0.03
 4   0  0.03  0.09  0.15  0.30  0.60  0.89  1.44  2.69  3.64  4.27  5.64  8.02  9.29  9.70  8.37  7.39  4.25  1.33  0.37  0.28  0.12  0.03  0.03  0.03  0.03  0.03  0.03  0.03
 4   5  0.03  0.09  0.15  0.30  0.59  0.88  1.44  2.71  3.68  4.40  5.83  8.16  9.31  9.58  8.33  7.37  4.32  1.43  0.54  0.40  0.14  0.03  0.03  0.03  0.03  0.03  0.03  0.03
 4  10  0.03  0.09  0.15  0.29  0.58  0.87  1.43  2.74  3.82  4.60  6.11  8.35  9.39  9.59  8.29  7.32  4.39  1.52  0.69  0.50  0.16  0.03  0.03  0.03  0.03  0.04  0.04  0.04
 4  15  0.03  0.09  0.15  0.29  0.59  0.87  1.44  2.79  3.85  4.64  6.22  8.37  9.33  9.45  8.12  7.14  4.35  1.57  0.72  0.51  0.16  0.04  0.03  0.03  0.04  0.04  0.05  0.05
 4  20  0.03  0.09  0.15  0.30  0.60  0.90  1.47  2.79  3.91  4.69  6.34  8.33  9.14  9.21  7.91  6.93  4.28  1.64  0.75  0.53  0.17  0.06  0.04  0.04  0.05  0.05  0.05  0.05
 4  25  0.03  0.09  0.15  0.30  0.60  0.90  1.47  2.79  3.92  4.74  6.39  8.27  8.98  8.99  7.79  6.89  4.41  1.86  0.86  0.63  0.25  0.09  0.07  0.06  0.06  0.06  0.05  0.05
 4  30  0.03  0.09  0.15  0.31  0.61  0.90  1.47  2.79  3.93  4.75  6.40  8.20  8.77  8.70  7.62  6.82  4.53  2.10  0.97  0.73  0.34  0.17  0.10  0.08  0.07  0.06  0.06  0.05
 4  35  0.03  0.09  0.16  0.31  0.61  0.90  1.46  2.73  3.87  4.71  6.36  8.07  8.54  8.37  7.38  6.66  4.50  2.39  1.26  0.99  0.56  0.31  0.17  0.10  0.08  0.06  0.06  0.05
 4  40  0.03  0.09  0.16  0.31  0.62  0.91  1.46  2.68  3.90  4.75  6.42  7.96  8.30  8.05  7.18  6.53  4.48  2.69  1.54  1.25  0.76  0.45  0.30  0.13  0.09  0.07  0.06  0.06
 4  45  0.03  0.09  0.16  0.31  0.61  0.90  1.46  2.69  3.93  4.80  6.39  7.83  8.10  7.73  6.88  6.26  4.52  2.87  1.76  1.43  0.89  0.53  0.35  0.18  0.11  0.07  0.06  0.06
 4  50  0.03  0.09  0.15  0.30  0.60  0.89  1.44  2.71  3.95  4.80  6.43  7.73  7.91  7.44  6.58  5.99  4.57  3.08  1.95  1.59  1.03  0.62  0.41  0.23  0.13  0.08  0.06  0.06
 4  55  0.03  0.09  0.15  0.30  0.60  0.89  1.45  2.72  3.98  4.86  6.41  7.54  7.60  7.10  6.28  5.70  4.69  3.25  2.10  1.73  1.14  0.67  0.46  0.26  0.14  0.08  0.06  0.06
 4  60  0.03  0.09  0.15  0.31  0.61  0.90  1.47  2.74  4.04  4.94  6.42  7.36  7.31  6.74  5.97  5.43  4.82  3.43  2.25  1.87  1.25  0.72  0.51  0.29  0.15  0.08  0.06  0.06
 4  65  0.03  0.09  0.16  0.31  0.61  0.91  1.48  2.77  4.04  4.91  6.24  7.01  6.90  6.35  5.76  5.34  4.76  3.43  2.36  1.97  1.33  0.81  0.58  0.34  0.16  0.08  0.06  0.06
 4  70  0.03  0.09  0.16  0.31  0.62  0.92  1.49  2.79  4.03  4.89  6.05  6.65  6.50  5.96  5.53  5.25  4.69  3.44  2.47  2.06  1.40  0.90  0.65  0.39  0.17  0.08  0.06  0.06
 4  75  0.03  0.10  0.16  0.32  0.63  0.94  1.52  2.85  4.00  4.80  5.72  6.19  6.05  5.59  5.33  5.16  4.66  3.49  2.53  2.14  1.50  0.95  0.65  0.38  0.16  0.08  0.06  0.06
 4  80  0.03  0.10  0.16  0.33  0.64  0.96  1.55  2.90  3.97  4.70  5.39  5.72  5.59  5.22  5.13  5.07  4.63  3.55  2.61  2.23  1.60  1.00  0.66  0.38  0.15  0.08  0.06  0.06
 4  85  0.03  0.10  0.16  0.33  0.64  0.95  1.55  2.89  3.95  4.67  5.35  5.68  5.56  5.20  5.11  5.05  4.62  3.54  2.61  2.23  1.60  1.00  0.66  0.38  0.15  0.08  0.06  0.06
 4  90  0.03  0.10  0.16  0.33  0.64  0.95  1.55  2.88  3.93  4.64  5.31  5.64  5.53  5.19  5.10  5.04  4.61  3.54  2.60  2.23  1.60  1.00  0.66  0.38  0.15  0.09  0.06  0.06
 5 -90  0.06  0.17  0.28  0.56  1.07  1.53  2.32  3.49  4.12  4.63  4.52  4.24  3.82  3.37  3.38  3.41  3.31  2.68  1.95  1.58  0.98  0.40  0.23  0.14  0.06  0.03  0.03  0.03
 5 -85  0.06  0.17  0.28  0.56  1.07  1.53  2.32  3.48  4.11  4.64  4.53  4.25  3.82  3.36  3.37  3.41  3.31  2.68  1.94  1.58  0.98  0.40  0.23  0.14  0.06  0.03  0.03  0.03
 5 -80  0.06  0.17  0.28  0.56  1.07  1.53  2.32  3.48  4.10  4.64  4.54  4.26  3.83  3.36  3.37  3.41  3.31  2.68  1.94  1.57  0.98  0.40  0.23  0.14  0.06  0.04  0.03  0.03
 5 -75  0.06  0.17  0.28  0.54  1.04  1.50  2.29  3.50  4.25  4.89  5.01  4.87  4.52  4.05  3.83  3.71  3.43  2.58  1.80  1.45  0.90  0.37  0.21  0.13  0.06  0.04  0.03  0.03
 5 -70  0.05  0.16  0.27  0.53  1.02  1.47  2.25  3.53  4.41  5.15  5.49  5.47  5.21  4.75  4.27  4.00  3.55  2.48  1.66  1.34  0.83  0.34  0.20  0.12  0.07  0.04  0.03  0.03
 5 -65  0.05  0.16  0.27  0.53  1.03  1.49  2.32  3.80  4.77  5.61  5.84  5.77  5.52  5.08  4.74  4.55  4.02  2.62  1.68  1.33  0.79  0.35  0.19  0.12  0.06  0.04  0.03  0.03
 5 -60  0.05  0.16  0.27  0.54  1.04  1.52  2.40  4.07  5.13  6.06  6.18  6.07  5.84  5.42  5.23  5.12  4.48  2.74  1.69  1.32  0.75  0.35  0.18  0.11  0.06  0.04  0.03  0.03
 5 -55  0.05  0.16  0.26  0.51  1.00  1.46  2.31  3.98  5.19  6.20  6.51  6.46  6.24  5.79  5.61  5.46  4.57  2.57  1.55  1.20  0.65  0.35  0.17  0.11  0.06  0.04  0.03  0.03
 5 -50  0.05  0.15  0.25  0.50  0.97  1.41  2.23  3.85  5.18  6.26  6.79  6.86  6.62  6.11  5.96  5.79  4.67  2.41  1.39  1.07  0.55  0.35  0.15  0.08  0.05  0.04  0.03  0.03
 5 -45  0.05  0.14  0.23  0.46  0.89  1.31  2.08  3.63  4.99  6.07  6.87  7.13  6.92  6.43  6.10  5.86  4.61  2.33  1.30  1.00  0.52  0.32  0.14  0.07  0.05  0.04  0.03  0.03
 5 -40  0.04  0.13  0.21  0.42  0.82  1.20  1.91  3.37  4.82  5.89  6.97  7.46  7.29  6.77  6.28  5.92  4.55  2.26  1.24  0.94  0.48  0.29  0.13  0.06  0.04  0.03  0.03  0.03
 5 -35  0.04  0.12  0.19  0.39  0.76  1.11  1.78  3.21  4.62  5.67  6.93  7.70  7.66  7.24  6.71  6.33  4.52  2.05  1.00  0.76  0.36  0.21  0.09  0.05  0.04  0.03  0.03  0.03
 5 -30  0.04  0.11  0.18  0.36  0.70  1.04  1.67  3.03  4.38  5.38  6.87  7.94  8.06  7.72  7.15  6.73  4.48  1.82  0.77  0.57  0.25  0.10  0.06  0.04  0.04  0.03  0.03  0.03
 5 -25  0.03  0.10  0.17  0.34  0.67  0.99  1.60  2.93  4.19  5.13  6.67  7.99  8.33  8.18  7.38  6.78  4.42  1.67  0.63  0.46  0.19  0.06  0.04  0.04  0.03  0.03  0.03  0.03
 5 -20  0.03  0.10  0.17  0.33  0.65  0.96  1.54  2.83  3.96  4.79  6.45  8.07  8.61  8.59  7.58  6.84  4.35  1.56  0.49  0.36  0.14  0.04  0.03  0.03  0.03  0.03  0.03  0.03
 5 -15  0.03  0.10  0.16  0.32  0.63  0.94  1.52  2.82  3.91  4.69  6.25  7.98  8.76  8.92  7.87  7.12  4.38  1.47  0.42  0.32  0.12  0.04  0.03  0.03  0.03  0.03  0.03  0.03
 5 -10  0.03  0.10  0.16  0.32  0.63  0.93  1.50  2.77  3.82  4.52  6.01  8.00  8.94  9.23  8.16  7.41  4.39  1.37  0.36  0.27  0.11  0.03  0.03  0.03  0.03  0.03  0.03  0.03
 5  -5  0.03  0.10  0.16  0.32  0.62  0.92  1.50  2.78  3.82  4.51  5.88  8.05  9.10  9.38  8.10  7.22  4.18  1.21  0.32  0.24  0.10  0.03  0.03  0.03  0.03  0.03  0.03  0.03
 5   0  0.03  0.09  0.16  0.31  0.62  0.92  1.49  2.79  3.78  4.46  5.78  7.94  9.10  9.41  8.01  7.04  3.99  1.07  0.28  0.22  0.10  0.03  0.03  0.03  0.03  0.03  0.03  0.03
 5   5  0.03  0.09  0.16  0.31  0.61  0.91  1.48  2.78  3.79  4.53  5.94  8.09  9.14  9.40  8.17  7.26  4.27  1.32  0.46  0.35  0.16  0.03  0.03  0.03  0.03  0.03  0.03  0.03
 5  10  0.03  0.09  0.15  0.30  0.60  0.89  1.46  2.79  3.90  4.69  6.18  8.29  9.27  9.50  8.33  7.45  4.54  1.56  0.61  0.47  0.22  0.04  0.03  0.03  0.03  0.04  0.04  0.04
 5  15  0.03  0.09  0.15  0.30  0.60  0.89  1.46  2.80  3.89  4.67  6.23  8.32  9.26  9.41  8.25  7.38  4.43  1.63  0.64  0.49  0.23  0.04  0.04  0.04  0.04  0.05  0.05  0.04
 5  20  0.03  0.09  0.15  0.31  0.61  0.90  1.47  2.78  3.90  4.67  6.32  8.31  9.15  9.25  8.13  7.28  4.30  1.72  0.68  0.52  0.24  0.06  0.05  0.05  0.05  0.05  0.05  0.05
 5  25  0.03  0.09  0.15  0.30  0.60  0.89  1.45  2.75  3.87  4.66  6.28  8.24  9.03  9.09  7.98  7.16  4.49  1.90  0.80  0.62  0.31  0.10  0.06  0.06  0.06  0.06  0.05  0.05
 5  30  0.03  0.09  0.15  0.30  0.59  0.88  1.44  2.73  3.83  4.62  6.23  8.15  8.87  8.88  7.80  7.02  4.66  2.08  0.92  0.71  0.37  0.16  0.09  0.07  0.06  0.06  0.06  0.05
 5  35  0.03  0.09  0.15  0.30  0.59  0.87  1.42  2.65  3.72  4.50  6.09  7.97  8.63  8.59  7.56  6.83  4.63  2.30  1.13  0.91  0.54  0.29  0.14  0.09  0.07  0.06  0.06  0.05
 5  40  0.03  0.09  0.15  0.30  0.59  0.87  1.40  2.59  3.71  4.49  6.07  7.82  8.39  8.30  7.35  6.66  4.60  2.53  1.35  1.10  0.69  0.41  0.21  0.12  0.09  0.07  0.06  0.06
 5  45  0.03  0.09  0.15  0.29  0.57  0.85  1.37  2.56  3.66  4.42  5.93  7.65  8.19  8.01  7.07  6.38  4.54  2.66  1.57  1.28  0.82  0.49  0.32  0.16  0.10  0.07  0.06  0.06
 5  50  0.03  0.08  0.14  0.28  0.55  0.82  1.33  2.53  3.60  4.34  5.84  7.51  8.00  7.72  6.77  6.10  4.50  2.81  1.76  1.45  0.95  0.58  0.39  0.20  0.12  0.08  0.07  0.06
 5  55  0.03  0.08  0.14  0.27  0.54  0.80  1.31  2.49  3.55  4.29  5.77  7.33  7.71  7.35  6.45  5.82  4.50  2.93  1.88  1.54  1.01  0.61  0.44  0.26  0.13  0.08  0.07  0.06
 5  60  0.03  0.08  0.14  0.27  0.54  0.80  1.30  2.46  3.53  4.26  5.72  7.15  7.42  6.98  6.14  5.55  4.51  3.07  2.00  1.64  1.07  0.64  0.48  0.29  0.14  0.08  0.07  0.06
 5  65  0.03  0.08  0.13  0.26  0.52  0.78  1.27  2.40  3.44  4.15  5.54  6.80  6.96  6.47  5.65  5.07  4.22  3.07  2.10  1.74  1.17  0.70  0.53  0.34  0.15  0.08  0.07  0.06
 5  70  0.03  0.08  0.13  0.26  0.51  0.76  1.24  2.34  3.34  4.03  5.35  6.44  6.49  5.95  5.15  4.59  3.93  3.06  2.21  1.84  1.27  0.77  0.59  0.39  0.23  0.09  0.07  0.06
 5  75  0.03  0.08  0.13  0.26  0.51  0.76  1.24  2.34  3.37  4.08  5.33  6.17  6.07  5.49  4.93  4.53  4.04  3.13  2.23  1.87  1.29  0.78  0.58  0.39  0.22  0.09  0.07  0.06
 5  80  0.03  0.08  0.13  0.26  0.51  0.76  1.24  2.34  3.40  4.13  5.31  5.89  5.65  5.03  4.70  4.47  4.14  3.20  2.26  1.90  1.31  0.80  0.58  0.38  0.21  0.09  0.07  0.06
 5  85  0.03  0.08  0.13  0.26  0.51  0.76  1.23  2.32  3.37  4.10  5.27  5.85  5.62  5.01  4.69  4.46  4.14  3.19  2.26  1.90  1.31  0.80  0.58  0.38  0.21  0.09  0.07  0.06
 5  90  0.03  0.08  0.13  0.26  0.51  0.76  1.23  2.31  3.35  4.06  5.22  5.81  5.58  4.99  4.67  4.45  4.13  3.19  2.26  1.90  1.31  0.80  0.58  0.38  0.21  0.09  0.07  0.06
 6 -90  0.06  0.17  0.29  0.56  1.07  1.53  2.29  3.29  4.28  5.03  4.95  4.65  4.33  3.95  3.90  3.84  3.32  2.71  1.95  1.60  1.03  0.36  0.18  0.09  0.05  0.03  0.03  0.03
 6 -85  0.06  0.17  0.29  0.56  1.07  1.53  2.29  3.29  4.27  5.03  4.96  4.66  4.33  3.95  3.89  3.84  3.32  2.71  1.94  1.59  1.03  0.36  0.18  0.09  0.05  0.03  0.03  0.03
 6 -80  0.06  0.17  0.29  0.56  1.07  1.53  2.29  3.28  4.26  5.03  4.97  4.67  4.34  3.94  3.88  3.83  3.32  2.71  1.94  1.59  1.03  0.36  0.18  0.09  0.05  0.03  0.03  0.03
 6 -75  0.06  0.17  0.29  0.56  1.07  1.54  2.32  3.40  4.38  5.16  5.28  5.16  4.86  4.44  4.17  4.00  3.47  2.69  1.90  1.56  1.01  0.35  0.17  0.09  0.05  0.03  0.03  0.03
 6 -70  0.06  0.17  0.28  0.56  1.07  1.54  2.33  3.54  4.50  5.28  5.61  5.65  5.38  4.93  4.44  4.15  3.62  2.68  1.87  1.54  1.01  0.34  0.16  0.10  0.05  0.04  0.03  0.03
 6 -65  0.06  0.17  0.28  0.55  1.06  1.53  2.35  3.69  4.68  5.50  5.75  5.77  5.53  5.09  4.74  4.55  3.97  2.76  1.86  1.52  0.98  0.38  0.20  0.10  0.06  0.04  0.03  0.03
 6 -60  0.06  0.17  0.28  0.54  1.05  1.53  2.36  3.84  4.87  5.74  5.90  5.90  5.68  5.26  5.06  4.96  4.32  2.82  1.86  1.51  0.96  0.42  0.23  0.10  0.06  0.04  0.03  0.03
 6 -55  0.05  0.16  0.27  0.53  1.03  1.51  2.36  3.99  5.17  6.15  6.28  6.21  6.00  5.60  5.45  5.34  4.46  2.68  1.68  1.35  0.84  0.40  0.24  0.10  0.06  0.04  0.03  0.03
 6 -50  0.05  0.16  0.27  0.53  1.03  1.51  2.38  4.08  5.39  6.45  6.61  6.51  6.30  5.89  5.82  5.71  4.62  2.55  1.48  1.18  0.72  0.38  0.26  0.09  0.05  0.04  0.03  0.03
 6 -45  0.05  0.15  0.25  0.49  0.95  1.39  2.19  3.79  5.17  6.25  6.80  6.89  6.64  6.19  5.91  5.70  4.60  2.48  1.40  1.12  0.69  0.36  0.23  0.08  0.05  0.04  0.03  0.03
 6 -40  0.04  0.13  0.22  0.44  0.85  1.25  1.99  3.50  4.98  6.10  7.06  7.36  7.09  6.55  6.06  5.68  4.56  2.42  1.34  1.07  0.65  0.33  0.21  0.07  0.05  0.04  0.03  0.03
 6 -35  0.04  0.12  0.20  0.40  0.78  1.15  1.83  3.27  4.68  5.74  6.92  7.57  7.45  7.00  6.46  6.05  4.68  2.23  1.06  0.84  0.49  0.25  0.11  0.06  0.05  0.04  0.03  0.03
 6 -30  0.04  0.11  0.18  0.36  0.71  1.05  1.68  3.02  4.33  5.32  6.77  7.79  7.85  7.47  6.88  6.43  4.79  2.00  0.80  0.62  0.33  0.17  0.07  0.05  0.04  0.04  0.03  0.03
 6 -25  0.04  0.11  0.18  0.35  0.69  1.01  1.63  2.93  4.16  5.09  6.61  7.82  8.05  7.83  7.14  6.61  4.65  1.78  0.64  0.49  0.24  0.07  0.05  0.04  0.04  0.04  0.04  0.03
 6 -20  0.03  0.10  0.17  0.34  0.67  0.99  1.58  2.83  3.94  4.78  6.39  7.86  8.26  8.13  7.36  6.79  4.51  1.59  0.48  0.36  0.15  0.05  0.04  0.03  0.03  0.04  0.04  0.04
 6 -15  0.03  0.10  0.17  0.33  0.65  0.97  1.56  2.85  3.95  4.72  6.25  7.83  8.44  8.44  7.53  6.89  4.37  1.50  0.46  0.34  0.14  0.04  0.03  0.03  0.03  0.03  0.04  0.04
 6 -10  0.03  0.10  0.17  0.33  0.65  0.96  1.55  2.82  3.90  4.64  6.10  7.89  8.63  8.77  7.71  6.99  4.21  1.41  0.44  0.33  0.14  0.04  0.03  0.03  0.03  0.03  0.03  0.03
 6  -5  0.03  0.10  0.17  0.33  0.65  0.96  1.55  2.83  3.94  4.68  6.03  7.97  8.87  9.00  7.92  7.23  4.27  1.34  0.41  0.30  0.14  0.03  0.03  0.03  0.03  0.03  0.03  0.03
 6   0  0.03  0.10  0.16  0.32  0.63  0.94  1.52  2.88  3.95  4.71  6.03  7.98  9.00  9.16  8.12  7.47  4.34  1.29  0.37  0.28  0.13  0.04  0.03  0.03  0.03  0.03  0.03  0.03
 6   5  0.03  0.10  0.16  0.32  0.63  0.94  1.52  2.85  3.93  4.72  6.15  8.11  9.03  9.23  8.21  7.50  4.49  1.44  0.49  0.38  0.18  0.04  0.03  0.03  0.03  0.03  0.03  0.03
 6  10  0.03  0.09  0.16  0.31  0.61  0.91  1.49  2.86  4.02  4.83  6.34  8.31  9.17  9.38  8.31  7.51  4.64  1.59  0.59  0.46  0.22  0.04  0.03  0.03  0.03  0.04  0.04  0.03
 6  15  0.03  0.09  0.16  0.31  0.61  0.91  1.49  2.85  3.99  4.79  6.35  8.32  9.16  9.30  8.17  7.31  4.54  1.64  0.61  0.47  0.23  0.05  0.04  0.04  0.04  0.05  0.04  0.04
 6  20  0.03  0.10  0.16  0.32  0.62  0.92  1.50  2.82  3.96  4.75  6.40  8.32  9.09  9.19  8.00  7.10  4.44  1.71  0.64  0.50  0.25  0.06  0.05  0.05  0.05  0.05  0.05  0.04
 6  25  0.03  0.09  0.16  0.31  0.61  0.91  1.48  2.78  3.92  4.71  6.30  8.21  8.99  9.05  7.99  7.23  4.57  1.84  0.69  0.53  0.27  0.09  0.06  0.06  0.06  0.06  0.05  0.05
 6  30  0.03  0.09  0.15  0.30  0.60  0.89  1.45  2.76  3.85  4.65  6.21  8.10  8.83  8.87  7.98  7.34  4.69  1.97  0.73  0.56  0.29  0.13  0.08  0.06  0.06  0.06  0.05  0.05
 6  35  0.03  0.09  0.15  0.30  0.59  0.87  1.42  2.67  3.72  4.50  6.02  7.87  8.57  8.59  7.66  7.02  4.63  2.19  0.98  0.77  0.43  0.19  0.10  0.08  0.07  0.06  0.06  0.05
 6  40  0.03  0.09  0.15  0.29  0.58  0.86  1.40  2.59  3.68  4.44  5.95  7.67  8.31  8.29  7.36  6.69  4.57  2.42  1.23  0.97  0.56  0.31  0.16  0.10  0.08  0.07  0.06  0.05
 6  45  0.03  0.09  0.14  0.28  0.56  0.83  1.35  2.54  3.57  4.30  5.74  7.47  8.09  8.01  7.09  6.41  4.54  2.53  1.43  1.14  0.69  0.40  0.25  0.13  0.09  0.07  0.06  0.06
 6  50  0.03  0.08  0.13  0.27  0.53  0.79  1.30  2.49  3.47  4.16  5.57  7.27  7.86  7.70  6.77  6.12  4.53  2.65  1.60  1.30  0.83  0.48  0.33  0.16  0.10  0.07  0.06  0.06
 6  55  0.03  0.08  0.13  0.26  0.51  0.76  1.25  2.41  3.36  4.03  5.40  7.04  7.54  7.31  6.46  5.85  4.35  2.73  1.69  1.36  0.87  0.50  0.37  0.19  0.12  0.08  0.07  0.06
 6  60  0.03  0.08  0.13  0.25  0.50  0.75  1.23  2.36  3.29  3.94  5.26  6.79  7.22  6.91  6.14  5.60  4.19  2.83  1.79  1.44  0.91  0.52  0.40  0.25  0.13  0.08  0.07  0.06
 6  65  0.02  0.07  0.12  0.24  0.48  0.72  1.18  2.27  3.18  3.82  5.10  6.49  6.80  6.41  5.60  5.04  3.91  2.82  1.88  1.53  1.00  0.56  0.45  0.28  0.14  0.08  0.07  0.06
 6  70  0.02  0.07  0.12  0.24  0.47  0.70  1.14  2.19  3.07  3.68  4.93  6.19  6.38  5.90  5.07  4.48  3.62  2.81  1.97  1.63  1.09  0.60  0.49  0.31  0.15  0.09  0.07  0.06
 6  75  0.02  0.07  0.11  0.23  0.45  0.67  1.10  2.10  3.00  3.63  4.92  6.04  6.09  5.54  4.81  4.29  3.65  2.84  2.01  1.67  1.13  0.61  0.51  0.32  0.17  0.09  0.07  0.06
 6  80  0.02  0.07  0.11  0.22  0.43  0.65  1.06  2.01  2.94  3.57  4.91  5.90  5.80  5.18  4.55  4.10  3.68  2.87  2.05  1.72  1.19  0.64  0.52  0.34  0.18  0.09  0.07  0.06
 6  85  0.02  0.07  0.11  0.22  0.43  0.64  1.05  2.00  2.91  3.54  4.86  5.85  5.77  5.16  4.53  4.09  3.67  2.87  2.05  1.72  1.19  0.64  0.52  0.34  0.18  0.10  0.07  0.06
 6  90  0.02  0.07  0.11  0.22  0.43  0.64  1.05  1.99  2.89  3.50  4.81  5.81  5.74  5.14  4.52  4.07  3.66  2.86  2.05  1.72  1.19  0.64  0.52  0.34  0.18  0.10  0.07  0.06
 7 -90  0.05  0.16  0.26  0.50  0.95  1.35  1.99  2.68  3.77  4.58  4.96  5.05  4.78  4.19  4.00  3.83  3.55  2.67  1.94  1.57  0.97  0.37  0.18  0.08  0.05  0.03  0.03  0.03
 7 -85  0.05  0.16  0.26  0.50  0.95  1.35  1.99  2.67  3.76  4.59  4.98  5.06  4.78  4.19  3.99  3.82  3.55  2.67  1.93  1.56  0.97  0.37  0.19  0.08  0.05  0.03  0.03  0.03
 7 -80  0.05  0.16  0.26  0.50  0.95  1.35  1.99  2.67  3.75  4.59  4.99  5.07  4.79  4.18  3.99  3.82  3.55  2.67  1.93  1.56  0.97  0.37  0.19  0.08  0.05  0.03  0.03  0.03
 7 -75  0.05  0.15  0.24  0.47  0.89  1.27  1.87  2.52  3.61  4.47  5.06  5.46  5.32  4.74  4.25  3.89  3.42  2.66  1.93  1.56  0.99  0.37  0.19  0.08  0.05  0.03  0.03  0.03
 7 -70  0.05  0.13  0.22  0.43  0.82  1.17  1.74  2.40  3.48  4.35  5.14  5.85  5.84  5.32  4.50  3.95  3.29  2.65  1.93  1.58  1.02  0.38  0.20  0.09  0.05  0.04  0.03  0.03
 7 -65  0.05  0.14  0.23  0.45  0.85  1.23  1.86  2.79  3.88  4.79  5.44  5.89  5.79  5.29  4.79  4.48  3.82  2.76  1.90  1.56  1.04  0.40  0.20  0.09  0.05  0.04  0.03  0.03
 7 -60  0.05  0.14  0.23  0.46  0.88  1.28  1.97  3.18  4.30  5.24  5.75  5.93  5.73  5.25  5.09  5.02  4.37  2.86  1.87  1.55  1.06  0.43  0.24  0.10  0.06  0.04  0.03  0.03
 7 -55  0.05  0.14  0.22  0.44  0.86  1.26  1.99  3.42  4.63  5.65  6.17  6.27  6.07  5.62  5.56  5.51  4.56  2.75  1.73  1.41  0.92  0.41  0.25  0.10  0.06  0.04  0.03  0.03
 7 -50  0.05  0.14  0.22  0.44  0.87  1.27  2.03  3.56  4.88  5.94  6.54  6.61  6.40  5.94  6.00  5.98  4.76  2.66  1.57  1.26  0.78  0.38  0.25  0.09  0.05  0.04  0.03  0.03
 7 -45  0.04  0.13  0.22  0.43  0.84  1.23  1.96  3.44  4.79  5.84  6.69  6.98  6.76  6.30  6.12  5.95  4.78  2.69  1.54  1.23  0.74  0.35  0.23  0.09  0.05  0.04  0.03  0.03
 7 -40  0.04  0.12  0.21  0.41  0.80  1.17  1.87  3.33  4.75  5.80  6.93  7.44  7.27  6.75  6.29  5.91  4.80  2.74  1.52  1.20  0.69  0.32  0.21  0.09  0.05  0.04  0.03  0.03
 7 -35  0.04  0.12  0.19  0.38  0.75  1.10  1.77  3.18  4.54  5.56  6.83  7.61  7.54  7.12  6.46  5.97  4.77  2.54  1.26  0.98  0.53  0.25  0.16  0.08  0.05  0.04  0.04  0.03
 7 -30  0.04  0.11  0.18  0.36  0.71  1.04  1.67  3.03  4.30  5.26  6.70  7.77  7.87  7.51  6.67  6.04  4.73  2.31  1.01  0.77  0.38  0.18  0.08  0.06  0.05  0.04  0.04  0.04
 7 -25  0.04  0.11  0.18  0.35  0.70  1.02  1.64  2.94  4.16  5.10  6.63  7.82  8.02  7.76  6.95  6.33  4.63  2.02  0.79  0.60  0.28  0.07  0.05  0.04  0.04  0.04  0.04  0.04
 7 -20  0.04  0.11  0.18  0.35  0.69  1.01  1.61  2.84  3.99  4.88  6.49  7.86  8.16  7.95  7.19  6.61  4.53  1.74  0.58  0.43  0.18  0.05  0.04  0.04  0.04  0.04  0.04  0.04
 7 -15  0.03  0.10  0.17  0.34  0.67  0.98  1.58  2.87  4.02  4.82  6.39  7.90  8.39  8.28  7.45  6.89  4.31  1.55  0.53  0.40  0.17  0.05  0.04  0.03  0.03  0.04  0.04  0.04
 7 -10  0.03  0.10  0.17  0.34  0.66  0.97  1.56  2.84  3.98  4.75  6.27  8.01  8.65  8.67  7.75  7.17  4.07  1.35  0.48  0.36  0.16  0.04  0.03  0.03  0.03  0.03  0.04  0.04
 7  -5  0.03  0.10  0.17  0.33  0.66  0.97  1.56  2.85  4.01  4.79  6.20  8.10  8.93  8.96  7.81  7.13  4.14  1.32  0.47  0.36  0.17  0.04  0.03  0.03  0.03  0.03  0.03  0.03
 7   0  0.03  0.10  0.16  0.32  0.62  0.93  1.52  2.91  4.04  4.85  6.24  8.19  9.17  9.21  7.88  7.09  4.19  1.30  0.47  0.36  0.17  0.04  0.03  0.03  0.03  0.03  0.03  0.03
 7   5  0.03  0.10  0.16  0.32  0.63  0.94  1.53  2.87  4.02  4.84  6.35  8.27  9.16  9.30  8.10  7.32  4.43  1.49  0.59  0.45  0.20  0.04  0.03  0.03  0.03  0.03  0.03  0.03
 7  10  0.03  0.09  0.16  0.31  0.62  0.92  1.51  2.88  4.09  4.93  6.51  8.45  9.27  9.44  8.33  7.53  4.66  1.69  0.70  0.53  0.23  0.04  0.03  0.03  0.03  0.04  0.03  0.03
 7  15  0.03  0.10  0.16  0.32  0.63  0.93  1.52  2.89  4.09  4.91  6.54  8.43  9.20  9.30  8.22  7.41  4.64  1.73  0.71  0.53  0.23  0.04  0.04  0.04  0.04  0.04  0.04  0.03
 7  20  0.03  0.10  0.16  0.32  0.64  0.95  1.54  2.88  4.07  4.89  6.58  8.42  9.11  9.18  8.11  7.29  4.64  1.79  0.72  0.54  0.24  0.06  0.05  0.05  0.05  0.05  0.05  0.04
 7  25  0.03  0.10  0.16  0.32  0.63  0.93  1.52  2.87  4.06  4.87  6.47  8.29  8.98  9.00  7.94  7.16  4.60  1.93  0.77  0.58  0.24  0.08  0.06  0.06  0.06  0.06  0.05  0.04
 7  30  0.03  0.09  0.16  0.31  0.62  0.92  1.50  2.87  4.02  4.85  6.41  8.18  8.81  8.82  7.77  7.03  4.56  2.06  0.81  0.59  0.24  0.11  0.07  0.06  0.06  0.06  0.05  0.05
 7  35  0.03  0.09  0.16  0.31  0.61  0.90  1.47  2.78  3.88  4.69  6.22  7.92  8.53  8.53  7.54  6.86  4.53  2.18  0.98  0.74  0.35  0.14  0.08  0.07  0.07  0.06  0.06  0.05
 7  40  0.03  0.09  0.15  0.30  0.60  0.89  1.44  2.71  3.84  4.61  6.10  7.70  8.26  8.23  7.32  6.68  4.49  2.30  1.15  0.88  0.46  0.19  0.11  0.08  0.07  0.07  0.06  0.05
 7  45  0.03  0.09  0.15  0.29  0.58  0.86  1.39  2.62  3.69  4.43  5.86  7.49  8.04  7.96  7.07  6.41  4.46  2.40  1.29  1.01  0.57  0.28  0.16  0.11  0.08  0.07  0.06  0.05
 7  50  0.03  0.08  0.14  0.27  0.55  0.81  1.33  2.54  3.55  4.25  5.65  7.26  7.78  7.63  6.74  6.13  4.46  2.50  1.41  1.13  0.70  0.36  0.25  0.14  0.10  0.07  0.06  0.05
 7  55  0.03  0.08  0.13  0.26  0.52  0.77  1.27  2.45  3.42  4.10  5.46  7.01  7.47  7.26  6.37  5.74  4.26  2.55  1.51  1.22  0.77  0.40  0.29  0.16  0.11  0.07  0.06  0.05
 7  60  0.03  0.08  0.13  0.25  0.50  0.75  1.24  2.39  3.33  4.00  5.30  6.76  7.15  6.85  5.98  5.36  4.09  2.62  1.62  1.31  0.85  0.45  0.34  0.19  0.12  0.08  0.06  0.05
 7  65  0.02  0.07  0.12  0.24  0.48  0.72  1.18  2.29  3.20  3.83  5.09  6.41  6.68  6.31  5.39  4.75  3.72  2.62  1.71  1.40  0.93  0.48  0.37  0.24  0.12  0.08  0.06  0.05
 7  70  0.02  0.07  0.12  0.23  0.46  0.69  1.13  2.18  3.05  3.66  4.87  6.06  6.22  5.76  4.80  4.13  3.35  2.61  1.80  1.49  1.01  0.51  0.41  0.27  0.13  0.08  0.06  0.05
 7  75  0.02  0.07  0.11  0.22  0.44  0.66  1.08  2.07  2.97  3.59  4.82  5.86  5.88  5.35  4.52  3.93  3.32  2.66  1.85  1.53  1.04  0.51  0.42  0.28  0.14  0.08  0.07  0.05
 7  80  0.02  0.06  0.11  0.21  0.42  0.63  1.02  1.96  2.88  3.51  4.77  5.66  5.54  4.95  4.24  3.74  3.28  2.69  1.91  1.58  1.07  0.51  0.44  0.29  0.16  0.09  0.07  0.05
 7  85  0.02  0.06  0.11  0.21  0.42  0.62  1.02  1.95  2.85  3.47  4.72  5.61  5.51  4.93  4.22  3.72  3.27  2.68  1.91  1.58  1.07  0.51  0.44  0.28  0.17  0.09  0.07  0.05
 7  90  0.02  0.06  0.11  0.21  0.42  0.62  1.02  1.94  2.83  3.44  4.67  5.57  5.47  4.91  4.20  3.70  3.26  2.68  1.91  1.58  1.07  0.51  0.44  0.28  0.17  0.09  0.07  0.05
 8 -90  0.04  0.12  0.20  0.39  0.75  1.06  1.58  2.18  3.11  3.84  4.84  5.94  5.96  5.07  4.05  3.31  2.79  2.38  1.70  1.39  0.90  0.37  0.14  0.07  0.04  0.03  0.03  0.03
 8 -85  0.04  0.12  0.20  0.39  0.75  1.06  1.57  2.18  3.10  3.84  4.85  5.95  5.97  5.06  4.04  3.31  2.79  2.38  1.70  1.39  0.90  0.37  0.15  0.07  0.05  0.03  0.03  0.03
 8 -80  0.04  0.12  0.20  0.39  0.75  1.06  1.57  2.17  3.10  3.85  4.86  5.96  5.97  5.06  4.04  3.30  2.79  2.38  1.69  1.38  0.90  0.37  0.16  0.07  0.05  0.03  0.03  0.03
 8 -75  0.04  0.12  0.20  0.40  0.76  1.08  1.63  2.39  3.28  4.03  4.95  5.85  5.84  5.16  4.22  3.56  2.94  2.43  1.72  1.42  0.94  0.39  0.17  0.08  0.05  0.04  0.03  0.03
 8 -70  0.04  0.12  0.20  0.39  0.76  1.10  1.68  2.62  3.47  4.21  5.04  5.71  5.71  5.27  4.39  3.81  3.10  2.50  1.76  1.46  1.00  0.41  0.18  0.08  0.05  0.04  0.03  0.03
 8 -65  0.04  0.12  0.19  0.38  0.74  1.08  1.69  2.81  3.72  4.52  5.39  5.94  5.89  5.43  4.84  4.47  3.69  2.70  1.75  1.44  0.97  0.42  0.20  0.09  0.05  0.04  0.03  0.03
 8 -60  0.04  0.11  0.19  0.38  0.74  1.08  1.71  2.98  3.97  4.83  5.75  6.18  6.06  5.59  5.29  5.13  4.29  2.90  1.74  1.42  0.93  0.43  0.24  0.10  0.06  0.04  0.03  0.03
 8 -55  0.04  0.11  0.19  0.37  0.74  1.09  1.75  3.18  4.34  5.26  6.24  6.63  6.52  6.07  5.77  5.53  4.61  2.98  1.74  1.41  0.91  0.42  0.26  0.10  0.06  0.04  0.03  0.03
 8 -50  0.04  0.12  0.19  0.38  0.75  1.11  1.79  3.31  4.60  5.60  6.67  7.10  6.98  6.53  6.21  5.92  4.91  3.06  1.70  1.38  0.88  0.40  0.27  0.09  0.06  0.04  0.04  0.03
 8 -45  0.04  0.12  0.19  0.39  0.76  1.12  1.80  3.28  4.59  5.61  6.75  7.35  7.24  6.80  6.30  5.89  4.90  3.02  1.66  1.34  0.85  0.38  0.26  0.09  0.06  0.04  0.04  0.03
 8 -40  0.04  0.12  0.19  0.38  0.75  1.11  1.79  3.26  4.66  5.65  6.92  7.68  7.64  7.17  6.43  5.86  4.88  3.00  1.62  1.30  0.80  0.36  0.24  0.10  0.06  0.04  0.04  0.04
 8 -35  0.04  0.11  0.19  0.37  0.72  1.07  1.72  3.14  4.50  5.50  6.88  7.83  7.83  7.39  6.56  5.93  4.80  2.76  1.34  1.06  0.62  0.28  0.20  0.09  0.06  0.04  0.04  0.04
 8 -30  0.04  0.11  0.18  0.35  0.69  1.02  1.65  3.02  4.33  5.31  6.82  7.96  8.06  7.65  6.73  6.02  4.71  2.48  1.07  0.83  0.44  0.20  0.09  0.07  0.06  0.05  0.04  0.04
 8 -25  0.04  0.11  0.18  0.35  0.68  1.01  1.62  2.92  4.17  5.12  6.76  8.07  8.27  7.95  7.00  6.26  4.62  2.16  0.81  0.62  0.31  0.08  0.06  0.05  0.05  0.04  0.04  0.04
 8 -20  0.04  0.11  0.17  0.35  0.68  0.99  1.59  2.82  4.00  4.92  6.65  8.14  8.46  8.18  7.22  6.51  4.54  1.84  0.55  0.41  0.17  0.06  0.04  0.04  0.04  0.04  0.04  0.04
 8 -15  0.03  0.10  0.17  0.33  0.65  0.96  1.55  2.84  4.00  4.80  6.49  8.17  8.71  8.52  7.53  6.86  4.31  1.60  0.52  0.39  0.15  0.05  0.04  0.04  0.04  0.04  0.04  0.04
 8 -10  0.03  0.10  0.16  0.32  0.64  0.94  1.53  2.81  3.94  4.70  6.32  8.26  8.99  8.97  7.88  7.20  4.06  1.36  0.50  0.36  0.13  0.04  0.03  0.03  0.03  0.04  0.04  0.04
 8  -5  0.03  0.10  0.16  0.32  0.64  0.94  1.52  2.82  3.96  4.73  6.22  8.32  9.27  9.28  8.02  7.30  4.05  1.33  0.50  0.37  0.14  0.04  0.03  0.03  0.03  0.04  0.04  0.04
 8   0  0.03  0.09  0.15  0.30  0.60  0.90  1.48  2.88  4.00  4.79  6.26  8.43  9.55  9.59  8.17  7.38  4.03  1.29  0.50  0.37  0.15  0.04  0.03  0.03  0.03  0.04  0.04  0.03
 8   5  0.03  0.09  0.16  0.31  0.62  0.92  1.50  2.84  3.98  4.79  6.37  8.47  9.49  9.62  8.28  7.46  4.32  1.46  0.62  0.45  0.17  0.04  0.03  0.03  0.03  0.03  0.03  0.03
 8  10  0.03  0.09  0.15  0.31  0.61  0.91  1.49  2.85  4.04  4.88  6.54  8.62  9.52  9.67  8.41  7.52  4.59  1.63  0.71  0.52  0.20  0.04  0.03  0.03  0.03  0.03  0.03  0.03
 8  15  0.03  0.10  0.16  0.32  0.62  0.93  1.51  2.87  4.10  4.93  6.65  8.59  9.35  9.43  8.26  7.39  4.57  1.69  0.73  0.53  0.21  0.04  0.04  0.04  0.04  0.04  0.04  0.03
 8  20  0.03  0.10  0.16  0.33  0.64  0.95  1.54  2.87  4.11  4.96  6.74  8.58  9.21  9.24  8.12  7.27  4.59  1.76  0.76  0.56  0.22  0.05  0.04  0.04  0.05  0.05  0.04  0.04
 8  25  0.03  0.10  0.16  0.32  0.63  0.94  1.54  2.91  4.17  5.03  6.68  8.45  9.03  9.00  7.93  7.14  4.55  1.89  0.79  0.59  0.23  0.07  0.05  0.05  0.05  0.05  0.05  0.04
 8  30  0.03  0.10  0.16  0.32  0.63  0.94  1.54  2.94  4.19  5.08  6.70  8.33  8.82  8.76  7.73  6.99  4.52  2.00  0.82  0.60  0.23  0.09  0.06  0.06  0.06  0.06  0.05  0.05
 8  35  0.03  0.10  0.16  0.32  0.63  0.93  1.52  2.87  4.07  4.95  6.52  8.06  8.54  8.46  7.49  6.82  4.50  2.09  0.93  0.70  0.32  0.11  0.07  0.06  0.06  0.06  0.05  0.05
 8  40  0.03  0.09  0.16  0.31  0.62  0.92  1.50  2.84  4.05  4.88  6.39  7.84  8.25  8.16  7.26  6.63  4.44  2.15  1.04  0.79  0.39  0.14  0.09  0.07  0.07  0.06  0.06  0.05
 8  45  0.03  0.09  0.15  0.31  0.61  0.90  1.46  2.76  3.93  4.73  6.21  7.66  8.05  7.88  7.01  6.37  4.34  2.25  1.19  0.92  0.50  0.21  0.13  0.09  0.08  0.06  0.06  0.05
 8  50  0.03  0.09  0.15  0.29  0.58  0.86  1.41  2.68  3.79  4.57  6.02  7.43  7.77  7.53  6.67  6.07  4.26  2.34  1.33  1.05  0.63  0.28  0.18  0.12  0.09  0.07  0.06  0.05
 8  55  0.03  0.08  0.14  0.28  0.55  0.82  1.35  2.61  3.69  4.45  5.88  7.23  7.49  7.16  6.31  5.71  4.02  2.43  1.46  1.16  0.70  0.31  0.20  0.15  0.10  0.07  0.06  0.05
 8  60  0.03  0.08  0.14  0.27  0.54  0.80  1.32  2.56  3.63  4.38  5.77  7.02  7.18  6.74  5.94  5.37  3.81  2.55  1.62  1.29  0.78  0.34  0.24  0.17  0.11  0.07  0.06  0.05
 8  65  0.03  0.08  0.13  0.26  0.52  0.78  1.28  2.47  3.50  4.22  5.53  6.57  6.61  6.10  5.33  4.78  3.55  2.57  1.70  1.37  0.86  0.39  0.28  0.18  0.11  0.07  0.06  0.05
 8  70  0.03  0.08  0.13  0.25  0.50  0.75  1.24  2.38  3.37  4.06  5.27  6.11  6.03  5.46  4.71  4.18  3.28  2.58  1.79  1.45  0.93  0.43  0.32  0.21  0.12  0.07  0.06  0.05
 8  75  0.03  0.08  0.13  0.25  0.50  0.74  1.21  2.33  3.30  3.97  5.01  5.57  5.37  4.79  4.22  3.82  3.23  2.59  1.83  1.49  0.97  0.45  0.33  0.21  0.13  0.08  0.06  0.05
 8  80  0.02  0.07  0.12  0.25  0.49  0.72  1.19  2.28  3.22  3.88  4.75  5.03  4.70  4.12  3.73  3.46  3.17  2.58  1.86  1.53  1.01  0.47  0.34  0.22  0.14  0.08  0.06  0.05
 8  85  0.02  0.07  0.12  0.24  0.49  0.72  1.18  2.26  3.20  3.84  4.70  4.99  4.67  4.10  3.72  3.44  3.16  2.58  1.86  1.53  1.01  0.47  0.34  0.22  0.15  0.08  0.06  0.05
 8  90  0.02  0.07  0.12  0.24  0.49  0.72  1.18  2.25  3.17  3.80  4.65  4.94  4.63  4.08  3.70  3.43  3.15  2.57  1.86  1.53  1.01  0.47  0.34  0.22  0.15  0.08  0.06  0.05
 9 -90  0.04  0.11  0.18  0.35  0.68  0.98  1.52  2.43  3.36  4.11  4.69  5.31  5.33  4.92  3.98  3.34  1.85  1.18  0.82  0.71  0.51  0.32  0.10  0.05  0.04  0.03  0.03  0.03
 9 -85  0.04  0.11  0.18  0.35  0.68  0.98  1.51  2.42  3.35  4.12  4.71  5.32  5.34  4.92  3.97  3.34  1.85  1.18  0.82  0.70  0.51  0.32  0.11  0.06  0.04  0.03  0.03  0.03
 9 -80  0.04  0.11  0.18  0.35  0.68  0.98  1.51  2.42  3.34  4.12  4.72  5.33  5.34  4.91  3.97  3.33  1.85  1.18  0.81  0.70  0.51  0.32  0.12  0.06  0.05  0.04  0.03  0.03
 9 -75  0.04  0.11  0.17  0.34  0.67  0.97  1.51  2.51  3.40  4.16  5.01  5.65  5.63  5.17  4.23  3.61  2.12  1.33  0.90  0.77  0.57  0.34  0.14  0.07  0.05  0.04  0.03  0.03
 9 -70  0.03  0.10  0.17  0.34  0.65  0.95  1.51  2.60  3.48  4.21  5.30  5.96  5.91  5.41  4.50  3.90  2.45  1.52  1.02  0.87  0.63  0.38  0.16  0.08  0.05  0.04  0.03  0.03
 9 -65  0.03  0.10  0.17  0.33  0.65  0.96  1.53  2.74  3.72  4.51  5.68  6.37  6.36  5.88  5.19  4.72  3.32  2.07  1.28  1.06  0.73  0.41  0.22  0.08  0.06  0.04  0.03  0.03
 9 -60  0.03  0.10  0.17  0.34  0.66  0.98  1.57  2.85  3.94  4.80  6.05  6.80  6.81  6.34  5.87  5.54  4.16  2.61  1.55  1.26  0.83  0.45  0.25  0.09  0.06  0.04  0.03  0.03
 9 -55  0.03  0.10  0.17  0.34  0.68  1.00  1.63  3.00  4.21  5.13  6.41  7.17  7.19  6.78  6.28  5.86  4.59  2.93  1.72  1.38  0.84  0.44  0.25  0.09  0.06  0.04  0.04  0.03
 9 -50  0.04  0.11  0.18  0.35  0.69  1.02  1.66  3.11  4.39  5.38  6.71  7.55  7.60  7.20  6.64  6.17  4.99  3.22  1.84  1.45  0.84  0.43  0.25  0.09  0.06  0.04  0.04  0.03
 9 -45  0.04  0.11  0.18  0.35  0.70  1.03  1.67  3.11  4.41  5.41  6.77  7.70  7.75  7.33  6.65  6.09  4.92  3.14  1.78  1.39  0.79  0.40  0.25  0.09  0.06  0.04  0.04  0.04
 9 -40  0.04  0.11  0.18  0.35  0.69  1.03  1.66  3.08  4.47  5.44  6.92  7.95  8.03  7.59  6.69  6.02  4.85  3.07  1.70  1.33  0.73  0.37  0.24  0.09  0.06  0.05  0.04  0.04
 9 -35  0.03  0.10  0.17  0.34  0.67  1.00  1.61  3.00  4.36  5.35  6.91  8.12  8.24  7.80  6.80  6.04  4.77  2.78  1.41  1.09  0.55  0.28  0.19  0.09  0.06  0.05  0.04  0.04
 9 -30  0.03  0.10  0.17  0.33  0.65  0.96  1.56  2.92  4.23  5.21  6.87  8.26  8.47  8.06  6.94  6.09  4.69  2.46  1.13  0.85  0.38  0.18  0.10  0.07  0.06  0.05  0.05  0.04
 9 -25  0.03  0.10  0.17  0.33  0.65  0.96  1.55  2.84  4.08  5.01  6.76  8.33  8.68  8.36  7.20  6.31  4.68  2.23  0.93  0.69  0.29  0.08  0.06  0.05  0.05  0.05  0.05  0.05
 9 -20  0.03  0.10  0.16  0.33  0.64  0.94  1.52  2.77  3.94  4.84  6.63  8.35  8.83  8.60  7.41  6.52  4.66  1.99  0.73  0.53  0.21  0.06  0.04  0.04  0.04  0.05  0.05  0.05
 9 -15  0.03  0.09  0.16  0.31  0.62  0.92  1.49  2.80  3.92  4.70  6.43  8.31  8.98  8.87  7.68  6.86  4.41  1.69  0.63  0.46  0.18  0.05  0.04  0.04  0.04  0.04  0.05  0.05
 9 -10  0.03  0.09  0.15  0.31  0.60  0.90  1.47  2.79  3.87  4.59  6.20  8.30  9.19  9.27  8.00  7.20  4.14  1.40  0.53  0.39  0.15  0.04  0.04  0.04  0.04  0.04  0.04  0.04
 9  -5  0.03  0.09  0.15  0.31  0.60  0.90  1.47  2.79  3.87  4.60  6.07  8.30  9.41  9.56  8.07  7.20  4.06  1.35  0.54  0.39  0.15  0.04  0.03  0.03  0.03  0.04  0.04  0.04
 9   0  0.03  0.09  0.14  0.29  0.58  0.86  1.44  2.84  3.91  4.66  6.12  8.39  9.68  9.86  8.17  7.19  3.99  1.30  0.54  0.39  0.15  0.04  0.03  0.03  0.03  0.04  0.04  0.03
 9   5  0.03  0.09  0.15  0.30  0.60  0.89  1.46  2.81  3.90  4.67  6.23  8.41  9.59  9.83  8.29  7.36  4.26  1.45  0.62  0.45  0.17  0.04  0.03  0.03  0.03  0.03  0.03  0.03
 9  10  0.03  0.09  0.15  0.30  0.60  0.89  1.46  2.81  3.96  4.75  6.40  8.57  9.58  9.81  8.44  7.52  4.53  1.60  0.68  0.50  0.18  0.04  0.03  0.03  0.03  0.04  0.03  0.03
 9  15  0.03  0.09  0.15  0.31  0.61  0.91  1.49  2.83  4.03  4.84  6.57  8.57  9.39  9.50  8.28  7.39  4.51  1.62  0.69  0.49  0.18  0.04  0.03  0.03  0.04  0.04  0.04  0.03
 9  20  0.03  0.10  0.16  0.32  0.63  0.93  1.51  2.83  4.05  4.89  6.69  8.60  9.25  9.27  8.13  7.27  4.51  1.64  0.69  0.50  0.18  0.05  0.04  0.04  0.04  0.05  0.04  0.04
 9  25  0.03  0.09  0.16  0.31  0.62  0.92  1.51  2.87  4.14  4.99  6.68  8.45  9.00  8.95  8.01  7.28  4.55  1.73  0.71  0.52  0.19  0.07  0.05  0.05  0.05  0.05  0.05  0.04
 9  30  0.03  0.10  0.16  0.32  0.62  0.93  1.52  2.89  4.18  5.09  6.76  8.34  8.75  8.65  7.86  7.28  4.59  1.80  0.73  0.53  0.19  0.08  0.06  0.05  0.05  0.05  0.05  0.05
 9  35  0.03  0.10  0.16  0.32  0.63  0.93  1.52  2.88  4.14  5.06  6.67  8.08  8.43  8.29  7.47  6.90  4.49  1.97  0.91  0.67  0.28  0.10  0.07  0.06  0.06  0.06  0.05  0.05
 9  40  0.03  0.10  0.16  0.32  0.63  0.94  1.53  2.89  4.19  5.08  6.60  7.85  8.11  7.94  7.09  6.50  4.37  2.12  1.07  0.80  0.37  0.13  0.09  0.07  0.06  0.06  0.05  0.05
 9  45  0.03  0.10  0.16  0.32  0.63  0.94  1.53  2.88  4.18  5.08  6.57  7.71  7.86  7.58  6.79  6.20  4.26  2.22  1.20  0.92  0.47  0.18  0.12  0.09  0.07  0.06  0.05  0.05
 9  50  0.03  0.10  0.16  0.32  0.63  0.94  1.52  2.87  4.14  5.05  6.49  7.47  7.52  7.14  6.41  5.88  4.17  2.31  1.34  1.05  0.60  0.23  0.15  0.11  0.08  0.06  0.06  0.05
 9  55  0.03  0.09  0.15  0.31  0.61  0.91  1.49  2.87  4.14  5.05  6.45  7.27  7.19  6.72  5.98  5.45  3.97  2.38  1.46  1.16  0.69  0.28  0.18  0.14  0.09  0.06  0.06  0.05
 9  60  0.03  0.09  0.15  0.31  0.61  0.91  1.50  2.90  4.19  5.11  6.44  7.05  6.83  6.23  5.55  5.06  3.80  2.49  1.61  1.29  0.78  0.33  0.22  0.15  0.10  0.07  0.06  0.05
 9  65  0.03  0.09  0.16  0.31  0.62  0.92  1.51  2.91  4.16  5.06  6.18  6.55  6.24  5.62  4.94  4.46  3.54  2.48  1.71  1.37  0.87  0.38  0.25  0.17  0.11  0.07  0.05  0.05
 9  70  0.03  0.09  0.16  0.31  0.62  0.93  1.52  2.91  4.12  5.00  5.91  6.05  5.65  5.00  4.33  3.86  3.27  2.46  1.80  1.46  0.95  0.44  0.29  0.19  0.11  0.07  0.05  0.05
 9  75  0.03  0.10  0.16  0.32  0.62  0.93  1.52  2.90  3.89  4.61  5.19  5.28  4.98  4.47  4.08  3.80  3.21  2.46  1.79  1.47  0.96  0.44  0.30  0.19  0.12  0.07  0.06  0.05
 9  80  0.03  0.10  0.16  0.32  0.63  0.93  1.52  2.88  3.65  4.22  4.47  4.50  4.31  3.94  3.83  3.74  3.15  2.45  1.79  1.47  0.97  0.44  0.30  0.20  0.12  0.07  0.05  0.05
 9  85  0.03  0.10  0.16  0.32  0.63  0.93  1.52  2.87  3.62  4.19  4.42  4.46  4.28  3.92  3.81  3.73  3.13  2.45  1.79  1.47  0.97  0.44  0.30  0.20  0.12  0.07  0.05  0.05
 9  90  0.03  0.10  0.16  0.32  0.62  0.93  1.51  2.86  3.60  4.15  4.38  4.41  4.24  3.90  3.80  3.71  3.12  2.44  1.79  1.47  0.97  0.44  0.30  0.20  0.12  0.07  0.05  0.05
10 -90  0.03  0.09  0.14  0.28  0.56  0.82  1.32  2.37  3.20  3.78  4.93  5.78  5.89  5.49  4.62  4.00  2.47  0.44  0.12  0.13  0.15  0.28  0.10  0.06  0.05  0.04  0.03  0.03
10 -85  0.03  0.09  0.14  0.28  0.56  0.82  1.31  2.37  3.19  3.78  4.95  5.79  5.89  5.48  4.62  4.00  2.47  0.44  0.11  0.13  0.15  0.28  0.11  0.06  0.05  0.04  0.03  0.03
10 -80  0.03  0.09  0.14  0.28  0.56  0.82  1.31  2.36  3.18  3.78  4.96  5.79  5.90  5.48  4.61  3.99  2.47  0.45  0.11  0.12  0.15  0.28  0.12  0.06  0.05  0.04  0.03  0.03
10 -75  0.03  0.09  0.14  0.29  0.56  0.82  1.32  2.38  3.25  3.89  5.11  6.07  6.25  5.84  5.15  4.64  2.98  0.82  0.30  0.27  0.22  0.31  0.21  0.07  0.05  0.04  0.03  0.03
10 -70  0.03  0.09  0.14  0.29  0.56  0.83  1.33  2.41  3.33  4.01  5.27  6.35  6.58  6.19  5.70  5.30  3.50  1.27  0.54  0.44  0.30  0.35  0.23  0.07  0.05  0.04  0.03  0.03
10 -65  0.03  0.09  0.15  0.29  0.58  0.86  1.38  2.52  3.54  4.30  5.62  6.72  6.96  6.59  6.28  6.00  4.23  1.97  0.97  0.77  0.47  0.37  0.24  0.08  0.05  0.04  0.03  0.03
10 -60  0.03  0.09  0.15  0.30  0.60  0.89  1.43  2.63  3.75  4.59  5.96  7.10  7.34  6.99  6.85  6.70  4.90  2.66  1.41  1.10  0.64  0.40  0.25  0.09  0.06  0.04  0.03  0.03
10 -55  0.03  0.09  0.16  0.31  0.61  0.91  1.47  2.72  3.91  4.80  6.22  7.38  7.60  7.28  6.90  6.57  5.01  2.99  1.70  1.33  0.76  0.39  0.24  0.15  0.06  0.04  0.04  0.03
10 -50  0.03  0.09  0.16  0.31  0.62  0.91  1.48  2.77  4.02  4.95  6.45  7.67  7.89  7.55  6.91  6.41  5.09  3.26  1.92  1.51  0.86  0.38  0.23  0.14  0.06  0.04  0.04  0.03
10 -45  0.03  0.09  0.16  0.31  0.61  0.91  1.48  2.81  4.07  5.00  6.53  7.84  8.08  7.70  7.09  6.59  5.20  3.31  1.91  1.50  0.84  0.37  0.23  0.09  0.06  0.05  0.04  0.04
10 -40  0.03  0.09  0.16  0.31  0.61  0.91  1.49  2.81  4.12  5.02  6.65  8.09  8.37  7.96  7.28  6.76  5.33  3.37  1.89  1.47  0.81  0.36  0.22  0.09  0.06  0.05  0.04  0.04
10 -35  0.03  0.09  0.15  0.31  0.61  0.90  1.47  2.79  4.08  5.00  6.67  8.26  8.60  8.20  7.36  6.71  5.10  2.87  1.45  1.12  0.58  0.26  0.14  0.08  0.06  0.05  0.05  0.04
10 -30  0.03  0.09  0.15  0.30  0.60  0.89  1.45  2.77  4.01  4.93  6.66  8.39  8.83  8.50  7.47  6.67  4.86  2.36  1.01  0.76  0.34  0.15  0.10  0.07  0.06  0.05  0.05  0.04
10 -25  0.03  0.09  0.15  0.31  0.61  0.90  1.46  2.73  3.91  4.78  6.55  8.41  9.00  8.79  7.62  6.73  4.66  2.04  0.82  0.61  0.26  0.09  0.06  0.06  0.05  0.05  0.05  0.05
10 -20  0.03  0.09  0.15  0.30  0.60  0.89  1.45  2.72  3.84  4.69  6.46  8.37  9.09  9.02  7.73  6.78  4.46  1.71  0.64  0.47  0.18  0.06  0.05  0.05  0.05  0.05  0.05  0.05
10 -15  0.03  0.09  0.15  0.29  0.58  0.87  1.43  2.76  3.84  4.59  6.30  8.29  9.11  9.17  7.95  7.09  4.29  1.55  0.57  0.42  0.16  0.05  0.04  0.04  0.04  0.05  0.05  0.05
10 -10  0.03  0.09  0.14  0.29  0.57  0.85  1.41  2.77  3.83  4.53  6.10  8.25  9.24  9.45  8.20  7.39  4.12  1.40  0.51  0.37  0.13  0.04  0.04  0.04  0.04  0.04  0.04  0.04
10  -5  0.03  0.09  0.14  0.29  0.57  0.86  1.42  2.79  3.83  4.55  5.97  8.20  9.36  9.63  8.24  7.42  4.04  1.37  0.49  0.36  0.13  0.04  0.03  0.03  0.03  0.04  0.04  0.04
10   0  0.03  0.08  0.14  0.28  0.56  0.85  1.41  2.81  3.87  4.60  6.01  8.23  9.52  9.83  8.30  7.41  3.97  1.33  0.47  0.35  0.13  0.04  0.03  0.03  0.03  0.04  0.04  0.03
10   5  0.03  0.09  0.15  0.29  0.58  0.87  1.43  2.79  3.86  4.60  6.09  8.20  9.41  9.74  8.28  7.42  4.19  1.44  0.56  0.41  0.14  0.04  0.03  0.03  0.03  0.03  0.03  0.03
10  10  0.03  0.09  0.15  0.30  0.59  0.88  1.44  2.79  3.88  4.64  6.22  8.31  9.36  9.68  8.30  7.42  4.43  1.56  0.64  0.46  0.16  0.04  0.03  0.03  0.03  0.04  0.04  0.03
10  15  0.03  0.09  0.15  0.30  0.60  0.89  1.46  2.80  3.93  4.71  6.37  8.33  9.17  9.35  8.11  7.21  4.39  1.59  0.65  0.46  0.16  0.04  0.03  0.03  0.04  0.04  0.04  0.04
10  20  0.03  0.09  0.16  0.31  0.62  0.91  1.49  2.79  3.94  4.72  6.45  8.35  9.03  9.09  7.92  7.04  4.36  1.61  0.66  0.47  0.16  0.05  0.04  0.04  0.04  0.04  0.04  0.04
10  25  0.03  0.09  0.15  0.31  0.61  0.91  1.49  2.85  4.06  4.89  6.52  8.21  8.74  8.71  7.78  7.03  4.41  1.67  0.68  0.49  0.18  0.06  0.04  0.04  0.04  0.05  0.05  0.04
10  30  0.03  0.10  0.16  0.32  0.63  0.93  1.52  2.88  4.16  5.06  6.68  8.12  8.45  8.35  7.59  7.02  4.46  1.72  0.71  0.51  0.19  0.08  0.05  0.05  0.05  0.05  0.05  0.05
10  35  0.03  0.10  0.16  0.33  0.64  0.96  1.56  2.94  4.25  5.20  6.72  7.85  8.03  7.81  7.10  6.60  4.38  1.92  0.91  0.68  0.30  0.10  0.07  0.06  0.05  0.05  0.05  0.05
10  40  0.03  0.10  0.17  0.33  0.66  0.98  1.60  3.01  4.40  5.38  6.77  7.60  7.62  7.31  6.63  6.16  4.27  2.09  1.09  0.83  0.40  0.17  0.09  0.07  0.06  0.05  0.05  0.05
10  45  0.04  0.11  0.18  0.35  0.69  1.02  1.66  3.10  4.55  5.56  6.83  7.45  7.33  6.94  6.37  5.93  4.26  2.24  1.24  0.96  0.50  0.20  0.12  0.09  0.07  0.06  0.05  0.05
10  50  0.04  0.11  0.18  0.36  0.71  1.05  1.71  3.19  4.63  5.70  6.83  7.19  6.96  6.52  6.03  5.68  4.25  2.39  1.40  1.10  0.63  0.23  0.13  0.12  0.08  0.06  0.05  0.05
10  55  0.04  0.11  0.18  0.36  0.72  1.06  1.74  3.28  4.68  5.75  6.72  6.94  6.66  6.17  5.71  5.35  4.15  2.43  1.49  1.19  0.71  0.28  0.17  0.13  0.09  0.06  0.05  0.05
10  60  0.04  0.11  0.19  0.37  0.74  1.10  1.79  3.41  4.81  5.88  6.64  6.66  6.31  5.76  5.36  5.07  4.09  2.51  1.61  1.29  0.78  0.34  0.21  0.15  0.10  0.06  0.05  0.05
10  65  0.04  0.11  0.19  0.38  0.75  1.12  1.82  3.43  4.66  5.63  6.19  6.15  5.81  5.29  4.93  4.67  3.83  2.52  1.73  1.41  0.90  0.39  0.24  0.17  0.10  0.06  0.05  0.05
10  70  0.04  0.12  0.19  0.39  0.76  1.13  1.84  3.45  4.51  5.38  5.74  5.64  5.31  4.81  4.49  4.26  3.57  2.54  1.86  1.53  1.02  0.45  0.27  0.18  0.10  0.06  0.05  0.05
10  75  0.04  0.12  0.19  0.38  0.76  1.12  1.82  3.39  4.08  4.69  5.00  5.04  4.83  4.41  4.12  3.93  3.41  2.55  1.90  1.58  1.07  0.47  0.28  0.19  0.11  0.06  0.05  0.05
10  80  0.04  0.12  0.19  0.38  0.75  1.11  1.80  3.33  3.65  4.00  4.24  4.43  4.34  4.01  3.75  3.58  3.24  2.56  1.94  1.63  1.12  0.49  0.29  0.20  0.11  0.06  0.05  0.05
10  85  0.04  0.12  0.19  0.38  0.75  1.11  1.79  3.32  3.63  3.97  4.20  4.39  4.31  3.99  3.74  3.57  3.23  2.56  1.94  1.63  1.12  0.49  0.29  0.20  0.12  0.06  0.05  0.05
10  90  0.04  0.12  0.19  0.38  0.75  1.11  1.79  3.31  3.61  3.93  4.15  4.35  4.27  3.98  3.72  3.55  3.22  2.55  1.94  1.63  1.12  0.49  0.29  0.20  0.12  0.06  0.05  0.05
11 -90  0.02  0.07  0.12  0.25  0.49  0.72  1.16  2.16  2.99  3.55  4.79  5.95  6.24  6.08  5.79  5.49  4.17  1.71  0.80  0.65  0.38  0.33  0.25  0.15  0.05  0.04  0.03  0.02
11 -85  0.02  0.07  0.12  0.25  0.49  0.72  1.16  2.15  2.98  3.55  4.81  5.96  6.25  6.07  5.78  5.48  4.17  1.72  0.80  0.64  0.38  0.33  0.25  0.08  0.05  0.04  0.03  0.02
11 -80  0.02  0.07  0.12  0.25  0.48  0.72  1.16  2.14  2.97  3.56  4.82  5.97  6.25  6.06  5.78  5.48  4.17  1.72  0.80  0.64  0.38  0.33  0.25  0.15  0.05  0.04  0.03  0.03
11 -75  0.03  0.08  0.13  0.25  0.49  0.72  1.17  2.16  3.02  3.64  4.88  6.10  6.43  6.23  6.10  5.91  4.46  1.92  0.90  0.71  0.43  0.36  0.26  0.16  0.05  0.04  0.03  0.03
11 -70  0.03  0.08  0.13  0.25  0.50  0.73  1.18  2.19  3.08  3.73  4.94  6.23  6.61  6.40  6.42  6.36  4.77  2.15  1.03  0.82  0.49  0.38  0.27  0.17  0.06  0.04  0.03  0.03
11 -65  0.03  0.08  0.13  0.26  0.51  0.76  1.22  2.26  3.20  3.90  5.18  6.52  6.90  6.66  6.67  6.62  4.96  2.51  1.28  1.00  0.57  0.39  0.26  0.17  0.06  0.04  0.03  0.03
11 -60  0.03  0.08  0.14  0.27  0.53  0.78  1.26  2.32  3.32  4.07  5.41  6.80  7.19  6.92  6.92  6.88  5.15  2.86  1.54  1.19  0.65  0.39  0.26  0.16  0.07  0.04  0.03  0.03
11 -55  0.03  0.08  0.14  0.28  0.55  0.81  1.30  2.40  3.44  4.20  5.61  7.10  7.52  7.27  6.89  6.58  5.04  2.99  1.68  1.29  0.69  0.35  0.23  0.14  0.07  0.04  0.04  0.03
11 -50  0.03  0.08  0.14  0.28  0.55  0.81  1.32  2.44  3.51  4.29  5.78  7.39  7.88  7.59  6.83  6.26  4.89  3.06  1.74  1.34  0.70  0.32  0.21  0.10  0.06  0.05  0.04  0.03
11 -45  0.03  0.08  0.14  0.28  0.55  0.81  1.33  2.53  3.60  4.38  5.89  7.59  8.15  7.87  7.07  6.43  4.94  3.04  1.71  1.31  0.69  0.31  0.20  0.09  0.06  0.05  0.04  0.03
11 -40  0.03  0.08  0.14  0.27  0.55  0.81  1.34  2.58  3.66  4.43  6.00  7.85  8.49  8.25  7.29  6.58  5.02  3.04  1.66  1.27  0.66  0.31  0.19  0.08  0.06  0.05  0.04  0.04
11 -35  0.03  0.08  0.14  0.28  0.55  0.82  1.35  2.60  3.73  4.54  6.13  8.05  8.74  8.52  7.46  6.64  4.78  2.57  1.25  0.95  0.47  0.23  0.12  0.07  0.06  0.05  0.05  0.04
11 -30  0.03  0.08  0.14  0.28  0.56  0.83  1.36  2.64  3.75  4.57  6.21  8.20  8.96  8.86  7.64  6.72  4.53  2.08  0.85  0.64  0.27  0.15  0.09  0.06  0.06  0.05  0.05  0.04
11 -25  0.03  0.09  0.14  0.29  0.57  0.85  1.39  2.66  3.76  4.56  6.25  8.28  9.11  9.09  7.73  6.70  4.40  1.90  0.72  0.53  0.22  0.09  0.06  0.05  0.05  0.05  0.05  0.04
11 -20  0.03  0.09  0.14  0.29  0.57  0.85  1.40  2.71  3.80  4.63  6.33  8.30  9.16  9.27  7.77  6.68  4.25  1.70  0.59  0.43  0.16  0.07  0.05  0.05  0.05  0.05  0.05  0.04
11 -15  0.03  0.08  0.14  0.28  0.56  0.84  1.40  2.77  3.86  4.63  6.32  8.29  9.16  9.34  7.96  6.97  4.14  1.53  0.54  0.40  0.15  0.05  0.04  0.04  0.04  0.05  0.05  0.04
11 -10  0.03  0.08  0.14  0.28  0.56  0.84  1.40  2.82  3.92  4.67  6.25  8.32  9.28  9.52  8.17  7.25  4.03  1.38  0.49  0.36  0.14  0.05  0.04  0.04  0.04  0.04  0.04  0.04
11  -5  0.03  0.08  0.14  0.28  0.56  0.84  1.41  2.86  3.95  4.70  6.13  8.25  9.29  9.54  8.14  7.26  3.93  1.32  0.47  0.35  0.14  0.04  0.03  0.03  0.03  0.04  0.04  0.03
11   0  0.03  0.09  0.14  0.29  0.57  0.86  1.43  2.86  3.99  4.75  6.17  8.22  9.31  9.57  8.12  7.24  3.84  1.26  0.46  0.34  0.14  0.04  0.03  0.03  0.03  0.04  0.03  0.03
11   5  0.03  0.09  0.15  0.29  0.58  0.87  1.44  2.83  3.92  4.69  6.13  8.10  9.18  9.46  8.06  7.22  4.05  1.35  0.51  0.37  0.14  0.04  0.03  0.03  0.03  0.04  0.03  0.03
11  10  0.03  0.09  0.15  0.30  0.59  0.88  1.44  2.80  3.89  4.65  6.17  8.11  9.08  9.37  8.04  7.20  4.26  1.45  0.55  0.40  0.14  0.04  0.03  0.03  0.03  0.04  0.04  0.03
11  15  0.03  0.09  0.15  0.30  0.60  0.89  1.46  2.81  3.93  4.70  6.29  8.07  8.84  9.01  7.82  6.97  4.18  1.49  0.55  0.40  0.14  0.04  0.04  0.04  0.04  0.04  0.04  0.04
11  20  0.03  0.09  0.16  0.31  0.61  0.91  1.48  2.80  3.93  4.69  6.34  8.03  8.63  8.69  7.60  6.77  4.09  1.51  0.56  0.40  0.14  0.05  0.04  0.04  0.04  0.04  0.04  0.04
11  25  0.03  0.09  0.16  0.31  0.62  0.92  1.51  2.90  4.10  4.95  6.46  7.87  8.26  8.24  7.38  6.67  4.17  1.61  0.64  0.46  0.18  0.06  0.04  0.04  0.04  0.04  0.04  0.04
11  30  0.03  0.10  0.16  0.33  0.64  0.96  1.56  2.96  4.26  5.17  6.65  7.75  7.91  7.78  7.11  6.59  4.24  1.71  0.72  0.53  0.22  0.08  0.06  0.05  0.05  0.05  0.05  0.04
11  35  0.03  0.10  0.17  0.34  0.68  1.01  1.64  3.08  4.44  5.42  6.72  7.49  7.50  7.24  6.70  6.32  4.40  2.02  0.97  0.73  0.34  0.14  0.08  0.06  0.05  0.05  0.05  0.05
11  40  0.04  0.11  0.18  0.36  0.71  1.06  1.72  3.22  4.67  5.71  6.81  7.23  7.09  6.75  6.34  6.04  4.54  2.30  1.20  0.92  0.46  0.18  0.11  0.08  0.06  0.05  0.05  0.05
11  45  0.04  0.12  0.19  0.38  0.75  1.12  1.81  3.37  4.86  5.92  6.82  7.04  6.82  6.42  6.16  5.94  4.57  2.43  1.37  1.06  0.58  0.23  0.14  0.10  0.07  0.06  0.05  0.05
11  50  0.04  0.12  0.20  0.40  0.79  1.17  1.90  3.51  4.96  6.08  6.75  6.75  6.46  6.08  5.93  5.82  4.60  2.55  1.53  1.22  0.71  0.29  0.16  0.11  0.08  0.06  0.05  0.05
11  55  0.04  0.12  0.20  0.41  0.80  1.19  1.93  3.59  4.89  5.95  6.47  6.48  6.21  5.83  5.67  5.55  4.43  2.58  1.61  1.31  0.84  0.34  0.19  0.13  0.09  0.06  0.05  0.05
11  60  0.04  0.12  0.21  0.41  0.82  1.21  1.97  3.72  4.90  5.87  6.22  6.18  5.91  5.52  5.40  5.32  4.31  2.65  1.71  1.42  0.96  0.40  0.22  0.15  0.09  0.06  0.05  0.05
11  65  0.04  0.12  0.20  0.40  0.79  1.17  1.90  3.57  4.64  5.53  5.94  5.99  5.77  5.39  5.14  4.98  4.20  2.74  1.89  1.60  1.14  0.50  0.27  0.18  0.10  0.06  0.05  0.05
11  70  0.04  0.12  0.20  0.39  0.77  1.14  1.85  3.40  4.37  5.18  5.66  5.81  5.63  5.24  4.88  4.64  4.09  2.83  2.07  1.78  1.31  0.59  0.31  0.20  0.10  0.06  0.05  0.05
11  75  0.04  0.12  0.20  0.39  0.76  1.12  1.79  3.23  4.08  4.78  5.18  5.12  4.81  4.38  4.05  3.84  3.53  2.75  2.00  1.71  1.25  0.55  0.29  0.19  0.10  0.06  0.05  0.05
11  80  0.04  0.12  0.19  0.38  0.75  1.09  1.74  3.06  3.78  4.38  4.70  4.43  3.98  3.50  3.21  3.03  2.96  2.67  1.93  1.64  1.18  0.52  0.26  0.17  0.11  0.06  0.05  0.05
11  85  0.04  0.12  0.19  0.38  0.74  1.09  1.74  3.05  3.76  4.35  4.66  4.39  3.95  3.49  3.20  3.01  2.95  2.66  1.92  1.65  1.18  0.52  0.26  0.17  0.11  0.06  0.05  0.05
11  90  0.04  0.12  0.19  0.38  0.74  1.09  1.73  3.04  3.73  4.32  4.61  4.35  3.92  3.47  3.18  3.00  2.94  2.66  1.92  1.65  1.18  0.52  0.26  0.17  0.11  0.06  0.05  0.04
12 -90  0.02  0.07  0.11  0.22  0.43  0.63  1.02  1.88  2.69  3.25  4.48  5.66  5.87  5.53  5.35  5.20  4.52  3.03  1.66  1.30  0.72  0.36  0.29  0.18  0.09  0.04  0.03  0.02
12 -85  0.02  0.07  0.11  0.22  0.43  0.63  1.02  1.87  2.68  3.25  4.50  5.68  5.87  5.52  5.34  5.19  4.52  3.03  1.66  1.30  0.72  0.36  0.29  0.19  0.09  0.04  0.03  0.02
12 -80  0.02  0.07  0.11  0.22  0.43  0.63  1.02  1.86  2.67  3.25  4.51  5.69  5.88  5.52  5.34  5.19  4.52  3.03  1.66  1.29  0.72  0.36  0.29  0.19  0.09  0.04  0.03  0.02
12 -75  0.02  0.07  0.11  0.22  0.44  0.65  1.05  1.91  2.73  3.33  4.55  5.78  6.05  5.69  5.51  5.36  4.65  3.05  1.65  1.29  0.72  0.36  0.29  0.18  0.06  0.04  0.03  0.02
12 -70  0.02  0.07  0.12  0.23  0.45  0.67  1.08  1.97  2.79  3.40  4.59  5.88  6.21  5.87  5.69  5.54  4.78  3.08  1.67  1.30  0.74  0.36  0.29  0.18  0.07  0.04  0.03  0.03
12 -65  0.02  0.07  0.12  0.24  0.47  0.69  1.12  2.05  2.89  3.53  4.75  6.16  6.59  6.29  6.04  5.85  4.87  3.06  1.67  1.29  0.72  0.34  0.26  0.16  0.07  0.04  0.03  0.03
12 -60  0.03  0.08  0.13  0.25  0.49  0.72  1.16  2.12  2.98  3.65  4.91  6.44  6.97  6.72  6.40  6.16  4.96  3.04  1.66  1.28  0.70  0.32  0.24  0.15  0.07  0.04  0.03  0.03
12 -55  0.03  0.08  0.13  0.26  0.51  0.76  1.22  2.22  3.10  3.77  5.08  6.77  7.40  7.24  6.71  6.32  4.88  2.89  1.57  1.20  0.63  0.30  0.21  0.13  0.07  0.05  0.03  0.03
12 -50  0.03  0.08  0.13  0.26  0.52  0.77  1.24  2.28  3.18  3.84  5.23  7.09  7.85  7.73  7.00  6.47  4.76  2.70  1.42  1.08  0.55  0.27  0.18  0.10  0.07  0.05  0.04  0.03
12 -45  0.03  0.08  0.13  0.26  0.52  0.78  1.27  2.41  3.34  4.02  5.43  7.32  8.16  8.11  7.08  6.30  4.55  2.52  1.33  1.01  0.52  0.26  0.16  0.09  0.06  0.05  0.04  0.03
12 -40  0.03  0.08  0.13  0.26  0.52  0.78  1.29  2.51  3.46  4.15  5.60  7.59  8.51  8.55  7.13  6.10  4.36  2.36  1.22  0.93  0.48  0.24  0.12  0.07  0.06  0.05  0.04  0.04
12 -35  0.03  0.08  0.14  0.27  0.54  0.80  1.32  2.56  3.61  4.36  5.86  7.86  8.75  8.75  7.51  6.57  4.36  2.07  0.95  0.72  0.35  0.18  0.10  0.07  0.05  0.05  0.04  0.04
12 -30  0.03  0.08  0.14  0.27  0.54  0.81  1.34  2.63  3.71  4.50  6.06  8.07  8.96  9.01  7.89  7.05  4.36  1.78  0.69  0.52  0.23  0.12  0.08  0.06  0.05  0.05  0.05  0.04
12 -25  0.03  0.09  0.14  0.28  0.56  0.84  1.38  2.68  3.80  4.60  6.25  8.24  9.12  9.18  7.93  6.99  4.28  1.67  0.60  0.44  0.18  0.08  0.06  0.05  0.05  0.05  0.05  0.04
12 -20  0.03  0.08  0.14  0.28  0.56  0.84  1.39  2.77  3.92  4.78  6.49  8.38  9.18  9.30  7.92  6.92  4.19  1.56  0.51  0.37  0.13  0.06  0.04  0.04  0.04  0.05  0.05  0.04
12 -15  0.03  0.08  0.14  0.28  0.56  0.85  1.41  2.84  4.03  4.89  6.64  8.49  9.24  9.38  8.05  7.09  4.11  1.44  0.46  0.35  0.13  0.05  0.04  0.04  0.04  0.04  0.04  0.04
12 -10  0.03  0.08  0.14  0.28  0.56  0.84  1.42  2.91  4.16  5.01  6.71  8.65  9.43  9.54  8.20  7.25  4.02  1.34  0.43  0.32  0.13  0.04  0.03  0.03  0.03  0.04  0.04  0.03
12  -5  0.03  0.08  0.14  0.28  0.56  0.85  1.43  2.95  4.19  5.04  6.59  8.58  9.38  9.47  8.00  7.01  3.85  1.28  0.41  0.31  0.13  0.04  0.03  0.03  0.03  0.04  0.03  0.03
12   0  0.03  0.09  0.15  0.30  0.59  0.89  1.47  2.93  4.20  5.08  6.61  8.48  9.28  9.38  7.80  6.74  3.70  1.24  0.40  0.31  0.14  0.04  0.03  0.03  0.03  0.03  0.03  0.03
12   5  0.03  0.09  0.15  0.30  0.60  0.89  1.47  2.90  4.11  4.98  6.48  8.28  9.08  9.16  7.76  6.86  3.92  1.34  0.45  0.34  0.13  0.04  0.03  0.03  0.03  0.04  0.04  0.03
12  10  0.03  0.09  0.15  0.30  0.60  0.89  1.47  2.86  4.06  4.91  6.46  8.18  8.91  8.99  7.76  6.97  4.15  1.44  0.50  0.36  0.12  0.04  0.04  0.03  0.04  0.04  0.04  0.04
12  15  0.03  0.09  0.15  0.30  0.60  0.90  1.48  2.86  4.04  4.88  6.48  8.07  8.64  8.63  7.51  6.70  4.07  1.52  0.52  0.37  0.13  0.04  0.04  0.04  0.04  0.04  0.04  0.04
12  20  0.03  0.09  0.16  0.31  0.62  0.91  1.49  2.83  4.00  4.80  6.42  7.93  8.36  8.28  7.25  6.46  3.97  1.59  0.54  0.39  0.13  0.05  0.04  0.04  0.04  0.04  0.04  0.04
12  25  0.03  0.09  0.15  0.31  0.61  0.91  1.50  2.90  4.08  4.94  6.41  7.68  7.95  7.84  7.11  6.49  4.16  1.73  0.68  0.49  0.19  0.06  0.05  0.04  0.04  0.04  0.04  0.04
12  30  0.03  0.10  0.16  0.32  0.64  0.95  1.54  2.91  4.16  5.03  6.45  7.47  7.55  7.35  6.91  6.53  4.35  1.89  0.82  0.61  0.26  0.09  0.06  0.05  0.05  0.05  0.05  0.04
12  35  0.03  0.10  0.17  0.34  0.67  1.00  1.62  3.03  4.29  5.20  6.43  7.18  7.17  6.88  6.63  6.45  4.63  2.23  1.09  0.84  0.43  0.19  0.09  0.07  0.06  0.05  0.05  0.05
12  40  0.04  0.11  0.18  0.36  0.71  1.05  1.70  3.17  4.48  5.41  6.43  6.88  6.79  6.48  6.41  6.35  4.91  2.54  1.35  1.07  0.60  0.27  0.14  0.09  0.07  0.05  0.05  0.05
12  45  0.04  0.11  0.19  0.38  0.75  1.10  1.79  3.33  4.63  5.56  6.36  6.68  6.56  6.25  6.19  6.13  4.83  2.75  1.55  1.24  0.72  0.32  0.17  0.11  0.08  0.06  0.05  0.05
12  50  0.04  0.12  0.20  0.40  0.79  1.16  1.88  3.47  4.69  5.65  6.23  6.40  6.28  6.04  5.94  5.89  4.75  2.98  1.76  1.42  0.87  0.38  0.20  0.13  0.09  0.06  0.05  0.05
12  55  0.04  0.12  0.20  0.40  0.79  1.16  1.88  3.46  4.51  5.40  5.96  6.23  6.14  5.92  5.71  5.57  4.52  2.95  1.86  1.54  1.01  0.46  0.24  0.15  0.09  0.06  0.05  0.05
12  60  0.04  0.12  0.20  0.40  0.78  1.16  1.88  3.51  4.43  5.23  5.72  6.04  5.99  5.74  5.48  5.30  4.33  2.98  1.99  1.67  1.15  0.54  0.28  0.17  0.10  0.06  0.05  0.05
12  65  0.04  0.12  0.21  0.41  0.80  1.18  1.89  3.40  4.35  5.14  5.67  5.97  5.87  5.55  5.21  4.98  4.21  2.93  2.04  1.72  1.21  0.57  0.27  0.17  0.10  0.06  0.05  0.05
12  70  0.04  0.13  0.21  0.42  0.81  1.19  1.89  3.29  4.27  5.05  5.62  5.90  5.74  5.37  4.95  4.67  4.08  2.88  2.09  1.78  1.27  0.60  0.27  0.17  0.10  0.06  0.05  0.05
12  75  0.04  0.12  0.20  0.40  0.78  1.13  1.77  2.96  3.99  4.78  5.38  5.50  5.24  4.82  4.45  4.21  3.84  2.90  2.10  1.79  1.28  0.60  0.30  0.18  0.11  0.06  0.05  0.05
12  80  0.04  0.12  0.19  0.38  0.73  1.06  1.64  2.65  3.71  4.51  5.13  5.09  4.74  4.28  3.96  3.75  3.60  2.92  2.12  1.80  1.29  0.60  0.32  0.20  0.11  0.06  0.05  0.05
12  85  0.04  0.12  0.19  0.38  0.73  1.06  1.64  2.64  3.68  4.48  5.09  5.05  4.71  4.26  3.94  3.73  3.59  2.92  2.12  1.81  1.29  0.60  0.32  0.20  0.11  0.06  0.05  0.05
12  90  0.04  0.12  0.19  0.38  0.73  1.06  1.64  2.62  3.66  4.44  5.05  5.01  4.68  4.24  3.93  3.72  3.58  2.91  2.12  1.81  1.29  0.60  0.32  0.20  0.11  0.06  0.05  0.04
