     0.010
     0.030
     0.050
     0.100
     0.200
     0.300
     0.500
     1.000
     1.500
     2.000
     3.000
     5.000
     7.000
    10.000
    15.000
    20.000
    30.000
    50.000
    70.000
    80.000
   100.000
   150.000
   200.000
   250.000
   300.000
   400.000
   500.000
   600.000
 1 -90  0.02  0.07  0.12  0.24  0.47  0.70  1.13  2.08  3.10  3.83  5.26  6.05  5.81  5.01  4.13  3.64  3.63  3.23  2.40  2.02  1.36  0.65  0.41  0.24  0.12  0.05  0.03  0.02
 1 -85  0.02  0.07  0.12  0.24  0.47  0.69  1.12  2.07  3.10  3.81  5.22  6.05  5.84  5.07  4.21  3.67  3.59  3.12  2.28  1.91  1.28  0.60  0.38  0.23  0.11  0.05  0.03  0.02
 1 -80  0.02  0.07  0.12  0.24  0.47  0.70  1.12  2.07  3.09  3.81  5.22  6.05  5.85  5.09  4.23  3.69  3.58  3.10  2.26  1.89  1.27  0.59  0.38  0.22  0.11  0.04  0.03  0.02
 1 -75  0.02  0.07  0.12  0.25  0.49  0.72  1.16  2.15  3.16  3.87  5.23  6.19  6.10  5.39  4.59  4.09  3.86  3.13  2.21  1.84  1.23  0.58  0.37  0.22  0.10  0.04  0.03  0.02
 1 -70  0.03  0.08  0.13  0.25  0.50  0.74  1.20  2.21  3.21  3.93  5.25  6.33  6.36  5.70  4.97  4.51  4.14  3.15  2.15  1.78  1.17  0.56  0.36  0.21  0.10  0.04  0.03  0.02
 1 -65  0.03  0.08  0.13  0.26  0.52  0.76  1.23  2.29  3.31  4.05  5.43  6.70  6.87  6.31  5.64  5.21  4.35  3.08  2.01  1.65  1.06  0.52  0.34  0.19  0.07  0.04  0.03  0.02
 1 -60  0.03  0.08  0.14  0.27  0.53  0.79  1.28  2.36  3.40  4.17  5.61  7.07  7.40  6.93  6.32  5.91  4.55  3.01  1.87  1.52  0.96  0.47  0.31  0.18  0.07  0.04  0.03  0.02
 1 -55  0.03  0.09  0.14  0.29  0.56  0.83  1.34  2.48  3.57  4.34  5.79  7.40  7.86  7.61  6.81  6.24  4.41  2.74  1.61  1.30  0.77  0.38  0.25  0.14  0.07  0.04  0.03  0.03
 1 -50  0.03  0.09  0.15  0.29  0.57  0.84  1.37  2.52  3.61  4.37  5.92  7.74  8.37  8.17  7.21  6.52  4.25  2.43  1.29  1.03  0.58  0.28  0.18  0.10  0.07  0.04  0.04  0.03
 1 -45  0.03  0.09  0.14  0.29  0.57  0.85  1.38  2.62  3.73  4.53  6.13  8.03  8.73  8.57  7.41  6.58  4.25  2.38  1.22  0.96  0.53  0.24  0.16  0.08  0.06  0.04  0.04  0.03
 1 -40  0.03  0.09  0.14  0.29  0.57  0.85  1.41  2.72  3.85  4.67  6.32  8.29  9.07  8.98  7.60  6.64  4.26  2.31  1.13  0.88  0.47  0.21  0.10  0.06  0.05  0.04  0.04  0.03
 1 -35  0.03  0.09  0.15  0.29  0.59  0.87  1.44  2.79  4.00  4.87  6.59  8.57  9.31  9.16  7.79  6.83  4.26  2.02  0.90  0.69  0.34  0.14  0.08  0.06  0.05  0.05  0.04  0.04
 1 -30  0.03  0.09  0.15  0.30  0.59  0.89  1.47  2.87  4.11  5.03  6.82  8.81  9.53  9.37  7.96  6.99  4.25  1.73  0.67  0.51  0.23  0.10  0.06  0.05  0.05  0.05  0.04  0.04
 1 -25  0.03  0.09  0.15  0.30  0.60  0.90  1.49  2.90  4.23  5.18  7.05  9.07  9.76  9.61  8.02  6.93  4.17  1.57  0.57  0.43  0.19  0.07  0.05  0.05  0.05  0.05  0.04  0.04
 1 -20  0.03  0.09  0.15  0.30  0.59  0.89  1.48  2.97  4.34  5.34  7.30  9.33  9.97  9.82  8.07  6.86  4.08  1.41  0.47  0.35  0.15  0.05  0.04  0.04  0.04  0.04  0.04  0.04
 1 -15  0.03  0.09  0.15  0.30  0.59  0.89  1.49  2.99  4.42  5.49  7.52  9.52 10.12  9.96  8.19  6.96  3.97  1.33  0.41  0.32  0.14  0.05  0.04  0.04  0.04  0.04  0.04  0.03
 1 -10  0.03  0.09  0.15  0.29  0.59  0.88  1.48  3.02  4.53  5.63  7.75  9.76 10.36 10.15  8.33  7.07  3.85  1.26  0.36  0.28  0.09  0.04  0.03  0.03  0.04  0.04  0.04  0.03
 1  -5  0.03  0.09  0.15  0.29  0.59  0.89  1.49  3.03  4.55  5.67  7.75  9.74 10.28 10.03  8.21  6.96  3.73  1.21  0.34  0.27  0.07  0.04  0.03  0.03  0.03  0.04  0.03  0.03
 1   0  0.03  0.09  0.16  0.31  0.63  0.93  1.54  2.99  4.56  5.69  7.77  9.67 10.15  9.91  8.10  6.85  3.62  1.17  0.32  0.26  0.06  0.04  0.03  0.03  0.03  0.04  0.04  0.03
 1   5  0.03  0.09  0.16  0.31  0.63  0.93  1.54  3.00  4.54  5.67  7.62  9.42  9.89  9.61  7.92  6.78  3.75  1.28  0.38  0.29  0.06  0.04  0.03  0.03  0.03  0.04  0.04  0.04
 1  10  0.03  0.10  0.16  0.32  0.63  0.94  1.55  3.01  4.54  5.64  7.55  9.18  9.59  9.32  7.77  6.72  3.90  1.39  0.44  0.33  0.06  0.04  0.04  0.04  0.04  0.04  0.05  0.04
 1  15  0.03  0.10  0.16  0.32  0.64  0.95  1.56  3.02  4.53  5.63  7.46  8.90  9.20  8.88  7.46  6.48  3.91  1.45  0.44  0.33  0.07  0.04  0.04  0.04  0.04  0.05  0.05  0.05
 1  20  0.03  0.10  0.17  0.33  0.65  0.97  1.59  3.02  4.51  5.59  7.33  8.61  8.78  8.43  7.14  6.25  3.92  1.50  0.45  0.34  0.13  0.05  0.04  0.04  0.04  0.05  0.05  0.05
 1  25  0.03  0.10  0.17  0.33  0.66  0.98  1.61  3.11  4.59  5.69  7.28  8.28  8.32  7.95  7.02  6.37  4.28  1.75  0.63  0.47  0.22  0.07  0.06  0.05  0.05  0.05  0.05  0.05
 1  30  0.04  0.11  0.18  0.35  0.69  1.03  1.67  3.16  4.69  5.76  7.21  7.98  7.88  7.47  6.88  6.47  4.62  2.04  0.82  0.63  0.31  0.11  0.08  0.07  0.06  0.05  0.05  0.05
 1  35  0.04  0.11  0.19  0.37  0.73  1.08  1.76  3.30  4.83  5.90  7.12  7.68  7.54  7.12  6.67  6.38  4.99  2.50  1.22  0.95  0.51  0.26  0.17  0.09  0.07  0.06  0.05  0.05
 1  40  0.04  0.12  0.20  0.39  0.77  1.14  1.85  3.46  5.00  6.04  7.04  7.39  7.21  6.82  6.50  6.28  5.34  2.95  1.62  1.29  0.72  0.38  0.23  0.13  0.09  0.06  0.05  0.05
 1  45  0.04  0.12  0.20  0.40  0.80  1.18  1.93  3.62  5.13  6.10  6.90  7.15  6.97  6.61  6.42  6.31  5.43  3.23  1.88  1.53  0.93  0.49  0.27  0.17  0.10  0.06  0.05  0.05
 1  50  0.04  0.13  0.21  0.42  0.82  1.22  2.00  3.78  5.19  6.12  6.76  6.91  6.75  6.46  6.38  6.34  5.50  3.51  2.15  1.77  1.15  0.61  0.32  0.19  0.10  0.06  0.05  0.05
 1  55  0.04  0.13  0.21  0.42  0.84  1.24  2.02  3.79  5.01  5.84  6.47  6.76  6.65  6.40  6.14  5.96  5.21  3.50  2.30  1.93  1.32  0.68  0.38  0.22  0.11  0.06  0.05  0.05
 1  60  0.04  0.13  0.22  0.43  0.85  1.27  2.06  3.88  5.04  5.84  6.41  6.70  6.60  6.31  5.94  5.68  4.97  3.55  2.50  2.12  1.49  0.75  0.43  0.24  0.11  0.06  0.05  0.05
 1  65  0.04  0.13  0.21  0.42  0.84  1.24  2.02  3.78  4.92  5.73  6.41  6.85  6.81  6.52  6.05  5.71  4.83  3.53  2.49  2.11  1.49  0.74  0.42  0.24  0.11  0.06  0.05  0.05
 1  70  0.04  0.13  0.21  0.42  0.82  1.22  1.98  3.68  4.81  5.63  6.42  6.98  7.00  6.72  6.16  5.74  4.67  3.52  2.47  2.10  1.48  0.74  0.40  0.23  0.11  0.06  0.05  0.05
 1  75  0.04  0.12  0.20  0.40  0.79  1.16  1.88  3.45  4.53  5.31  6.13  6.64  6.59  6.21  5.66  5.23  4.42  3.45  2.57  2.23  1.67  0.78  0.41  0.24  0.12  0.07  0.06  0.05
 1  80  0.04  0.12  0.20  0.39  0.76  1.12  1.79  3.21  4.25  5.00  5.85  6.29  6.16  5.70  5.14  4.70  4.16  3.36  2.66  2.36  1.86  0.82  0.42  0.25  0.12  0.07  0.06  0.05
 1  85  0.04  0.12  0.20  0.39  0.76  1.12  1.79  3.21  4.25  5.00  5.86  6.30  6.17  5.73  5.16  4.72  4.17  3.36  2.66  2.36  1.86  0.82  0.42  0.25  0.12  0.07  0.06  0.05
 1  90  0.04  0.12  0.20  0.39  0.77  1.14  1.82  3.26  4.32  5.07  5.90  6.36  6.27  5.89  5.32  4.83  4.22  3.37  2.66  2.37  1.88  0.85  0.43  0.25  0.12  0.07  0.06  0.05
 2 -90  0.03  0.09  0.15  0.30  0.58  0.86  1.40  2.58  3.75  4.52  5.47  5.44  4.93  4.20  3.80  3.60  3.40  2.90  2.18  1.84  1.26  0.59  0.38  0.24  0.14  0.05  0.03  0.02
 2 -85  0.03  0.09  0.15  0.30  0.58  0.86  1.39  2.58  3.74  4.51  5.49  5.53  5.04  4.32  3.93  3.71  3.41  2.82  2.08  1.75  1.19  0.54  0.35  0.23  0.13  0.05  0.03  0.02
 2 -80  0.03  0.09  0.15  0.30  0.58  0.86  1.39  2.57  3.72  4.50  5.52  5.58  5.09  4.35  3.95  3.72  3.41  2.81  2.07  1.74  1.18  0.54  0.35  0.23  0.13  0.04  0.03  0.02
 2 -75  0.03  0.09  0.15  0.29  0.58  0.85  1.38  2.54  3.70  4.52  5.67  6.00  5.62  4.86  4.36  4.07  3.61  2.82  2.07  1.72  1.14  0.51  0.34  0.22  0.12  0.04  0.03  0.02
 2 -70  0.03  0.09  0.15  0.29  0.57  0.85  1.37  2.52  3.69  4.55  5.83  6.43  6.16  5.39  4.79  4.42  3.80  2.82  2.06  1.70  1.11  0.49  0.34  0.21  0.11  0.04  0.03  0.02
 2 -65  0.03  0.09  0.15  0.30  0.58  0.86  1.39  2.57  3.76  4.64  6.05  6.91  6.78  6.05  5.34  4.89  4.05  2.79  1.95  1.60  1.03  0.46  0.32  0.19  0.08  0.04  0.03  0.02
 2 -60  0.03  0.09  0.15  0.30  0.59  0.88  1.42  2.61  3.81  4.72  6.23  7.36  7.39  6.70  5.89  5.36  4.31  2.76  1.85  1.51  0.96  0.44  0.30  0.18  0.08  0.04  0.03  0.03
 2 -55  0.03  0.10  0.16  0.31  0.62  0.91  1.47  2.70  3.94  4.82  6.34  7.65  7.83  7.37  6.48  5.87  4.27  2.57  1.57  1.27  0.76  0.36  0.23  0.14  0.07  0.04  0.03  0.03
 2 -50  0.03  0.10  0.16  0.32  0.63  0.92  1.49  2.72  3.93  4.79  6.38  7.94  8.32  7.91  6.98  6.35  4.22  2.34  1.22  0.97  0.54  0.27  0.16  0.09  0.06  0.04  0.04  0.03
 2 -45  0.03  0.09  0.16  0.31  0.62  0.92  1.49  2.80  4.02  4.90  6.53  8.17  8.65  8.33  7.23  6.48  4.24  2.23  1.15  0.90  0.48  0.23  0.12  0.07  0.05  0.04  0.04  0.03
 2 -40  0.03  0.09  0.16  0.31  0.62  0.92  1.51  2.87  4.10  4.99  6.65  8.38  8.96  8.74  7.47  6.61  4.26  2.10  1.07  0.82  0.41  0.19  0.09  0.06  0.05  0.04  0.04  0.03
 2 -35  0.03  0.09  0.16  0.31  0.62  0.93  1.52  2.91  4.19  5.11  6.82  8.60  9.21  8.99  7.66  6.73  4.20  1.87  0.87  0.66  0.31  0.12  0.07  0.05  0.05  0.04  0.04  0.04
 2 -30  0.03  0.09  0.16  0.31  0.62  0.93  1.53  2.96  4.26  5.19  6.95  8.79  9.43  9.27  7.84  6.83  4.12  1.64  0.67  0.51  0.22  0.09  0.06  0.05  0.04  0.04  0.04  0.04
 2 -25  0.03  0.09  0.16  0.31  0.62  0.92  1.52  2.95  4.28  5.22  7.03  9.01  9.72  9.62  7.99  6.85  4.04  1.51  0.56  0.41  0.18  0.06  0.04  0.04  0.04  0.04  0.04  0.04
 2 -20  0.03  0.09  0.15  0.30  0.60  0.89  1.49  2.96  4.28  5.24  7.14  9.25 10.00  9.92  8.13  6.86  3.95  1.39  0.44  0.33  0.14  0.05  0.04  0.04  0.04  0.04  0.04  0.04
 2 -15  0.03  0.09  0.15  0.29  0.59  0.88  1.46  2.91  4.25  5.26  7.24  9.43 10.22 10.16  8.29  6.97  3.89  1.29  0.40  0.31  0.13  0.04  0.03  0.03  0.03  0.04  0.04  0.03
 2 -10  0.03  0.09  0.14  0.29  0.57  0.86  1.43  2.87  4.25  5.26  7.34  9.67 10.52 10.41  8.46  7.09  3.84  1.19  0.37  0.28  0.09  0.04  0.03  0.03  0.03  0.04  0.03  0.03
 2  -5  0.03  0.09  0.14  0.28  0.57  0.85  1.42  2.86  4.22  5.24  7.32  9.69 10.50 10.35  8.22  6.72  3.72  1.17  0.36  0.29  0.07  0.04  0.03  0.03  0.03  0.03  0.03  0.03
 2   0  0.03  0.09  0.15  0.31  0.61  0.90  1.47  2.79  4.19  5.20  7.30  9.62 10.39 10.25  7.96  6.34  3.60  1.17  0.36  0.29  0.06  0.04  0.03  0.03  0.03  0.04  0.04  0.03
 2   5  0.03  0.09  0.15  0.30  0.60  0.90  1.47  2.83  4.21  5.25  7.25  9.46 10.18  9.97  7.96  6.55  3.72  1.29  0.42  0.33  0.06  0.04  0.03  0.03  0.03  0.04  0.04  0.04
 2  10  0.03  0.09  0.15  0.30  0.60  0.90  1.48  2.87  4.28  5.31  7.27  9.32  9.96  9.73  7.97  6.77  3.85  1.40  0.48  0.36  0.06  0.04  0.04  0.04  0.04  0.04  0.05  0.04
 2  15  0.03  0.09  0.15  0.31  0.61  0.91  1.50  2.91  4.31  5.34  7.22  9.08  9.62  9.37  7.82  6.76  4.01  1.49  0.51  0.38  0.07  0.04  0.04  0.04  0.04  0.05  0.05  0.05
 2  20  0.03  0.10  0.16  0.32  0.63  0.94  1.54  2.93  4.34  5.35  7.16  8.83  9.25  8.98  7.67  6.75  4.16  1.58  0.54  0.40  0.09  0.05  0.05  0.05  0.05  0.05  0.05  0.05
 2  25  0.03  0.10  0.16  0.32  0.64  0.96  1.57  3.03  4.44  5.49  7.21  8.57  8.82  8.51  7.40  6.63  4.44  1.77  0.69  0.51  0.21  0.07  0.06  0.05  0.05  0.05  0.05  0.05
 2  30  0.03  0.10  0.17  0.34  0.67  1.00  1.63  3.08  4.56  5.61  7.23  8.33  8.39  8.00  7.10  6.49  4.71  2.02  0.86  0.65  0.29  0.18  0.09  0.08  0.06  0.06  0.05  0.05
 2  35  0.04  0.11  0.18  0.36  0.71  1.05  1.70  3.19  4.73  5.82  7.26  8.09  8.02  7.57  6.87  6.42  5.00  2.57  1.27  0.98  0.51  0.33  0.23  0.11  0.08  0.06  0.05  0.05
 2  40  0.04  0.11  0.19  0.38  0.74  1.10  1.78  3.31  4.93  6.06  7.33  7.84  7.64  7.18  6.68  6.34  5.27  3.13  1.67  1.33  0.74  0.48  0.31  0.16  0.10  0.06  0.06  0.05
 2  45  0.04  0.12  0.20  0.39  0.77  1.14  1.86  3.48  5.12  6.25  7.29  7.61  7.38  6.91  6.53  6.29  5.39  3.42  2.00  1.63  1.00  0.59  0.35  0.21  0.11  0.07  0.06  0.05
 2  50  0.04  0.12  0.20  0.40  0.80  1.18  1.93  3.67  5.31  6.42  7.27  7.39  7.14  6.71  6.42  6.25  5.51  3.70  2.32  1.92  1.25  0.70  0.40  0.23  0.12  0.07  0.06  0.06
 2  55  0.04  0.13  0.21  0.42  0.83  1.23  2.01  3.79  5.33  6.36  7.09  7.20  6.96  6.59  6.27  6.05  5.46  3.76  2.45  2.05  1.40  0.75  0.44  0.25  0.12  0.07  0.06  0.06
 2  60  0.04  0.13  0.22  0.44  0.88  1.30  2.12  4.01  5.56  6.57  7.12  7.10  6.84  6.45  6.16  5.96  5.48  3.89  2.63  2.22  1.55  0.80  0.48  0.27  0.13  0.07  0.06  0.06
 2  65  0.05  0.14  0.23  0.45  0.89  1.31  2.14  4.01  5.42  6.33  6.88  7.00  6.84  6.52  6.16  5.90  5.34  3.78  2.70  2.31  1.65  0.85  0.48  0.28  0.12  0.07  0.06  0.05
 2  70  0.05  0.14  0.23  0.45  0.89  1.31  2.13  3.99  5.25  6.08  6.63  6.90  6.84  6.59  6.15  5.84  5.18  3.67  2.77  2.38  1.75  0.90  0.47  0.28  0.13  0.07  0.06  0.05
 2  75  0.05  0.13  0.22  0.45  0.88  1.30  2.11  3.92  4.98  5.68  6.49  7.08  7.14  6.90  6.36  5.98  5.20  3.62  2.82  2.43  1.79  0.94  0.49  0.28  0.13  0.07  0.06  0.05
 2  80  0.04  0.13  0.22  0.44  0.87  1.28  2.08  3.84  4.71  5.29  6.34  7.24  7.44  7.20  6.56  6.10  5.22  3.56  2.86  2.47  1.83  0.98  0.51  0.29  0.14  0.07  0.06  0.06
 2  85  0.04  0.13  0.22  0.44  0.86  1.28  2.07  3.81  4.68  5.26  6.31  7.24  7.46  7.22  6.58  6.12  5.23  3.57  2.86  2.47  1.83  0.98  0.51  0.29  0.15  0.08  0.06  0.05
 2  90  0.04  0.13  0.22  0.44  0.86  1.27  2.05  3.79  4.69  5.30  6.39  7.37  7.60  7.35  6.72  6.27  5.34  3.61  2.89  2.50  1.86  1.02  0.53  0.29  0.15  0.08  0.06  0.05
 3 -90  0.04  0.13  0.22  0.43  0.85  1.25  2.00  3.61  4.59  5.20  5.25  5.01  4.68  4.21  3.68  3.36  3.34  2.71  2.14  1.82  1.25  0.58  0.35  0.21  0.11  0.04  0.03  0.02
 3 -85  0.04  0.13  0.22  0.44  0.86  1.26  2.02  3.64  4.69  5.35  5.44  5.16  4.79  4.29  3.76  3.43  3.40  2.70  2.09  1.77  1.21  0.55  0.33  0.20  0.10  0.04  0.03  0.02
 3 -80  0.04  0.13  0.22  0.44  0.86  1.26  2.02  3.63  4.75  5.45  5.53  5.20  4.81  4.28  3.75  3.43  3.41  2.71  2.09  1.76  1.20  0.55  0.32  0.20  0.10  0.04  0.03  0.02
 3 -75  0.04  0.13  0.21  0.42  0.82  1.20  1.93  3.48  4.79  5.64  6.06  5.78  5.31  4.68  4.07  3.69  3.51  2.73  2.06  1.72  1.15  0.53  0.31  0.19  0.10  0.04  0.03  0.02
 3 -70  0.04  0.12  0.20  0.39  0.78  1.14  1.83  3.31  4.79  5.79  6.56  6.36  5.82  5.08  4.39  3.95  3.61  2.75  2.04  1.68  1.10  0.51  0.30  0.18  0.09  0.04  0.03  0.02
 3 -65  0.04  0.12  0.19  0.38  0.75  1.11  1.78  3.22  4.75  5.81  6.84  6.88  6.41  5.65  5.00  4.58  3.82  2.74  1.92  1.58  1.02  0.48  0.29  0.17  0.09  0.04  0.03  0.03
 3 -60  0.04  0.11  0.19  0.37  0.73  1.07  1.72  3.14  4.69  5.80  7.09  7.39  7.01  6.23  5.61  5.21  4.02  2.72  1.80  1.47  0.94  0.45  0.27  0.16  0.08  0.05  0.03  0.03
 3 -55  0.04  0.11  0.19  0.37  0.73  1.07  1.72  3.13  4.68  5.77  7.15  7.73  7.49  6.84  6.18  5.74  4.26  2.61  1.58  1.28  0.78  0.36  0.22  0.13  0.07  0.04  0.03  0.03
 3 -50  0.04  0.11  0.18  0.36  0.71  1.05  1.68  3.05  4.53  5.58  7.12  8.06  8.01  7.34  6.66  6.22  4.47  2.46  1.28  1.03  0.60  0.26  0.16  0.08  0.06  0.04  0.04  0.03
 3 -45  0.04  0.11  0.18  0.35  0.69  1.02  1.65  3.05  4.50  5.54  7.15  8.28  8.37  7.81  6.79  6.12  4.32  2.33  1.17  0.93  0.53  0.22  0.11  0.07  0.05  0.04  0.04  0.03
 3 -40  0.03  0.10  0.17  0.34  0.68  1.00  1.63  3.04  4.47  5.49  7.16  8.48  8.72  8.28  6.94  6.04  4.17  2.18  1.06  0.84  0.46  0.19  0.09  0.06  0.05  0.04  0.04  0.03
 3 -35  0.03  0.10  0.17  0.34  0.66  0.98  1.61  3.04  4.47  5.50  7.21  8.66  9.01  8.67  7.47  6.64  4.22  1.95  0.86  0.66  0.33  0.13  0.07  0.05  0.04  0.04  0.04  0.03
 3 -30  0.03  0.10  0.17  0.33  0.65  0.97  1.59  3.03  4.46  5.48  7.25  8.83  9.29  9.08  7.98  7.21  4.26  1.73  0.66  0.49  0.21  0.09  0.05  0.04  0.04  0.04  0.04  0.03
 3 -25  0.03  0.10  0.16  0.32  0.64  0.95  1.56  2.98  4.38  5.37  7.16  8.95  9.57  9.47  8.18  7.26  4.14  1.49  0.51  0.38  0.15  0.06  0.04  0.04  0.04  0.04  0.04  0.03
 3 -20  0.03  0.09  0.15  0.31  0.61  0.91  1.51  2.95  4.28  5.23  7.08  9.11  9.85  9.83  8.35  7.30  4.03  1.25  0.37  0.27  0.10  0.05  0.03  0.03  0.04  0.04  0.04  0.03
 3 -15  0.03  0.09  0.15  0.30  0.60  0.90  1.48  2.89  4.15  5.09  6.94  9.15 10.07 10.17  8.42  7.18  3.98  1.23  0.37  0.28  0.11  0.04  0.03  0.03  0.03  0.04  0.04  0.03
 3 -10  0.03  0.09  0.15  0.29  0.59  0.88  1.45  2.83  4.04  4.93  6.81  9.24 10.33 10.49  8.49  7.06  3.94  1.21  0.36  0.28  0.12  0.03  0.03  0.03  0.03  0.03  0.03  0.03
 3  -5  0.03  0.09  0.15  0.29  0.58  0.87  1.43  2.81  3.98  4.85  6.72  9.23 10.35 10.51  8.43  6.96  3.90  1.20  0.36  0.28  0.07  0.03  0.03  0.03  0.03  0.03  0.03  0.03
 3   0  0.03  0.09  0.15  0.31  0.61  0.90  1.46  2.74  3.91  4.75  6.62  9.13 10.27 10.46  8.36  6.85  3.86  1.21  0.37  0.29  0.13  0.03  0.03  0.03  0.03  0.03  0.03  0.03
 3   5  0.03  0.09  0.15  0.30  0.60  0.90  1.47  2.79  3.98  4.87  6.71  9.12 10.16 10.24  8.31  6.95  3.93  1.30  0.42  0.32  0.06  0.03  0.03  0.03  0.03  0.04  0.04  0.04
 3  10  0.03  0.09  0.15  0.30  0.60  0.89  1.47  2.84  4.11  5.03  6.86  9.12 10.04 10.06  8.27  7.04  4.00  1.38  0.46  0.35  0.07  0.04  0.03  0.03  0.04  0.04  0.05  0.05
 3  15  0.03  0.09  0.15  0.30  0.61  0.90  1.49  2.90  4.18  5.13  6.91  9.00  9.79  9.72  8.00  6.82  4.07  1.44  0.47  0.36  0.07  0.04  0.04  0.04  0.04  0.05  0.05  0.05
 3  20  0.03  0.10  0.16  0.32  0.63  0.94  1.54  2.94  4.27  5.23  7.00  8.86  9.48  9.36  7.71  6.59  4.12  1.49  0.49  0.37  0.15  0.05  0.05  0.05  0.05  0.05  0.05  0.05
 3  25  0.03  0.10  0.16  0.32  0.64  0.95  1.56  2.99  4.36  5.38  7.13  8.73  9.17  8.97  7.55  6.59  4.37  1.79  0.67  0.52  0.25  0.08  0.06  0.06  0.06  0.06  0.05  0.05
 3  30  0.03  0.10  0.17  0.33  0.66  0.98  1.60  3.03  4.46  5.50  7.23  8.60  8.85  8.55  7.37  6.57  4.60  2.15  0.89  0.69  0.36  0.20  0.11  0.08  0.07  0.06  0.06  0.05
 3  35  0.03  0.10  0.17  0.34  0.68  1.01  1.64  3.07  4.57  5.67  7.36  8.49  8.56  8.14  7.16  6.52  4.73  2.60  1.29  1.04  0.61  0.36  0.25  0.12  0.09  0.06  0.06  0.05
 3  40  0.04  0.11  0.18  0.36  0.70  1.04  1.68  3.10  4.71  5.87  7.54  8.39  8.27  7.76  6.99  6.47  4.86  3.05  1.69  1.39  0.87  0.51  0.33  0.17  0.11  0.07  0.06  0.05
 3  45  0.04  0.11  0.18  0.36  0.71  1.06  1.71  3.19  4.86  6.05  7.58  8.21  8.00  7.43  6.74  6.30  5.09  3.34  1.99  1.65  1.08  0.64  0.39  0.22  0.12  0.07  0.06  0.06
 3  50  0.04  0.11  0.18  0.36  0.72  1.07  1.74  3.29  5.01  6.22  7.65  8.05  7.75  7.16  6.52  6.12  5.31  3.63  2.28  1.90  1.28  0.76  0.45  0.25  0.13  0.07  0.06  0.06
 3  55  0.04  0.11  0.19  0.38  0.74  1.10  1.80  3.37  5.05  6.26  7.53  7.84  7.50  6.93  6.36  6.00  5.33  3.75  2.45  2.06  1.42  0.84  0.50  0.28  0.14  0.07  0.06  0.06
 3  60  0.04  0.12  0.20  0.40  0.78  1.16  1.89  3.55  5.33  6.56  7.64  7.73  7.31  6.67  6.24  5.99  5.41  3.94  2.68  2.26  1.56  0.90  0.55  0.31  0.14  0.08  0.06  0.06
 3  65  0.04  0.12  0.21  0.41  0.81  1.20  1.95  3.66  5.35  6.49  7.42  7.49  7.10  6.52  6.08  5.83  5.30  3.97  2.79  2.38  1.71  0.96  0.59  0.33  0.14  0.08  0.06  0.06
 3  70  0.04  0.13  0.21  0.42  0.84  1.24  2.01  3.77  5.35  6.42  7.20  7.25  6.88  6.36  5.92  5.67  5.19  4.01  2.90  2.51  1.86  1.02  0.63  0.37  0.14  0.08  0.06  0.06
 3  75  0.04  0.13  0.21  0.43  0.84  1.24  2.02  3.77  5.23  6.21  6.96  7.16  6.93  6.50  5.91  5.53  5.12  4.05  2.96  2.56  1.91  1.07  0.62  0.36  0.15  0.08  0.06  0.06
 3  80  0.04  0.13  0.22  0.43  0.84  1.25  2.02  3.77  5.08  5.98  6.71  7.07  6.97  6.64  5.89  5.40  5.04  4.09  3.02  2.62  1.96  1.11  0.62  0.35  0.15  0.08  0.06  0.06
 3  85  0.04  0.13  0.21  0.43  0.84  1.25  2.02  3.76  5.06  5.95  6.68  7.05  6.96  6.65  5.92  5.43  5.07  4.11  3.04  2.64  1.97  1.11  0.62  0.35  0.14  0.08  0.06  0.06
 3  90  0.04  0.13  0.21  0.42  0.84  1.24  2.00  3.72  4.98  5.87  6.58  7.01  7.00  6.77  6.07  5.58  5.21  4.22  3.13  2.71  2.03  1.16  0.64  0.36  0.15  0.08  0.07  0.06
 4 -90  0.06  0.17  0.27  0.54  1.05  1.53  2.40  4.04  4.65  5.03  5.18  4.95  4.60  4.10  3.51  3.18  2.91  2.87  2.17  1.81  1.20  0.53  0.31  0.18  0.09  0.04  0.03  0.02
 4 -85  0.06  0.17  0.28  0.55  1.08  1.57  2.47  4.17  4.82  5.23  5.38  5.14  4.75  4.19  3.58  3.23  2.96  2.88  2.15  1.78  1.17  0.51  0.30  0.18  0.09  0.04  0.03  0.03
 4 -80  0.06  0.17  0.28  0.56  1.09  1.59  2.50  4.23  4.88  5.29  5.42  5.15  4.75  4.18  3.58  3.23  2.95  2.88  2.15  1.78  1.17  0.51  0.31  0.18  0.09  0.04  0.03  0.03
 4 -75  0.06  0.17  0.28  0.55  1.07  1.56  2.46  4.25  5.24  5.90  6.02  5.64  5.18  4.57  3.97  3.63  3.31  2.87  2.12  1.75  1.16  0.50  0.30  0.18  0.09  0.04  0.03  0.03
 4 -70  0.05  0.16  0.27  0.53  1.04  1.52  2.41  4.22  5.58  6.49  6.61  6.13  5.61  4.97  4.39  4.04  3.67  2.87  2.09  1.73  1.15  0.48  0.29  0.17  0.08  0.04  0.03  0.03
 4 -65  0.05  0.16  0.26  0.51  1.00  1.46  2.33  4.13  5.67  6.70  7.01  6.61  6.12  5.46  4.93  4.59  3.95  2.86  1.98  1.63  1.07  0.45  0.26  0.15  0.08  0.04  0.03  0.03
 4 -60  0.05  0.15  0.25  0.49  0.96  1.41  2.25  4.03  5.73  6.89  7.40  7.09  6.61  5.94  5.47  5.14  4.23  2.84  1.87  1.53  0.99  0.41  0.23  0.14  0.08  0.04  0.03  0.03
 4 -55  0.05  0.14  0.24  0.47  0.92  1.35  2.16  3.89  5.66  6.85  7.55  7.45  7.03  6.44  6.06  5.79  4.49  2.71  1.66  1.34  0.79  0.34  0.18  0.11  0.07  0.04  0.03  0.03
 4 -50  0.04  0.13  0.22  0.44  0.87  1.27  2.04  3.68  5.44  6.64  7.62  7.82  7.48  6.81  6.56  6.38  4.73  2.55  1.37  1.08  0.59  0.27  0.13  0.09  0.06  0.04  0.03  0.03
 4 -45  0.04  0.13  0.21  0.41  0.82  1.20  1.93  3.52  5.24  6.44  7.64  8.08  7.84  7.21  6.61  6.22  4.56  2.38  1.28  1.01  0.55  0.24  0.12  0.07  0.05  0.04  0.03  0.03
 4 -40  0.04  0.12  0.20  0.39  0.77  1.14  1.84  3.36  5.04  6.22  7.64  8.34  8.21  7.62  6.69  6.07  4.38  2.21  1.19  0.94  0.50  0.21  0.09  0.06  0.04  0.04  0.03  0.03
 4 -35  0.04  0.11  0.19  0.37  0.73  1.08  1.76  3.26  4.88  6.04  7.60  8.57  8.60  8.13  6.94  6.12  4.22  1.97  1.00  0.78  0.41  0.17  0.08  0.05  0.04  0.04  0.03  0.03
 4 -30  0.04  0.11  0.18  0.36  0.70  1.04  1.69  3.15  4.71  5.82  7.53  8.79  9.00  8.66  7.21  6.19  4.05  1.74  0.81  0.63  0.32  0.09  0.06  0.04  0.04  0.04  0.04  0.03
 4 -25  0.03  0.10  0.17  0.34  0.68  1.00  1.63  3.07  4.55  5.60  7.32  8.87  9.31  9.15  7.64  6.55  4.05  1.53  0.61  0.46  0.22  0.06  0.04  0.04  0.04  0.04  0.04  0.03
 4 -20  0.03  0.10  0.16  0.33  0.65  0.97  1.58  3.01  4.37  5.33  7.10  8.97  9.62  9.60  8.04  6.91  4.07  1.34  0.41  0.31  0.12  0.04  0.03  0.03  0.03  0.04  0.04  0.03
 4 -15  0.03  0.10  0.16  0.32  0.64  0.95  1.55  2.95  4.23  5.15  6.88  8.90  9.77  9.92  8.27  7.08  4.05  1.26  0.38  0.29  0.12  0.04  0.03  0.03  0.03  0.03  0.03  0.03
 4 -10  0.03  0.10  0.16  0.32  0.63  0.93  1.52  2.90  4.10  4.96  6.69  8.90  9.95 10.24  8.50  7.26  4.03  1.19  0.35  0.27  0.12  0.03  0.03  0.03  0.03  0.03  0.03  0.03
 4  -5  0.03  0.09  0.16  0.31  0.62  0.92  1.51  2.87  4.04  4.88  6.58  8.87 10.00 10.30  8.53  7.27  4.05  1.19  0.34  0.27  0.12  0.03  0.03  0.03  0.03  0.03  0.03  0.03
 4   0  0.03  0.10  0.16  0.32  0.63  0.93  1.51  2.83  3.97  4.77  6.46  8.77  9.94 10.30  8.54  7.28  4.08  1.22  0.34  0.27  0.12  0.03  0.03  0.03  0.03  0.03  0.03  0.03
 4   5  0.03  0.10  0.16  0.32  0.62  0.93  1.51  2.86  4.03  4.90  6.60  8.86  9.89 10.09  8.44  7.25  4.15  1.32  0.51  0.38  0.14  0.03  0.03  0.03  0.03  0.04  0.04  0.03
 4  10  0.03  0.09  0.16  0.31  0.61  0.91  1.50  2.89  4.15  5.06  6.80  8.97  9.86  9.93  8.34  7.22  4.22  1.41  0.66  0.48  0.16  0.04  0.03  0.03  0.03  0.04  0.04  0.04
 4  15  0.03  0.09  0.16  0.31  0.62  0.92  1.51  2.93  4.20  5.15  6.90  8.94  9.71  9.67  8.12  7.05  4.21  1.47  0.69  0.50  0.17  0.04  0.04  0.04  0.04  0.05  0.05  0.05
 4  20  0.03  0.10  0.16  0.32  0.63  0.94  1.54  2.95  4.27  5.24  7.03  8.90  9.50  9.38  7.88  6.86  4.20  1.54  0.73  0.53  0.17  0.06  0.05  0.05  0.05  0.05  0.05  0.05
 4  25  0.03  0.10  0.16  0.32  0.63  0.94  1.55  2.95  4.29  5.28  7.09  8.83  9.33  9.13  7.76  6.84  4.39  1.77  0.83  0.62  0.27  0.10  0.07  0.06  0.06  0.06  0.06  0.05
 4  30  0.03  0.10  0.16  0.32  0.64  0.95  1.55  2.95  4.31  5.31  7.12  8.76  9.14  8.86  7.62  6.81  4.56  2.04  0.95  0.74  0.37  0.18  0.12  0.08  0.07  0.06  0.06  0.05
 4  35  0.03  0.10  0.16  0.32  0.64  0.95  1.55  2.91  4.29  5.30  7.12  8.68  8.94  8.56  7.43  6.69  4.58  2.38  1.27  1.03  0.62  0.37  0.19  0.11  0.08  0.06  0.06  0.05
 4  40  0.03  0.10  0.17  0.33  0.65  0.96  1.55  2.86  4.29  5.33  7.19  8.59  8.74  8.28  7.26  6.58  4.60  2.72  1.59  1.32  0.86  0.53  0.32  0.15  0.10  0.07  0.06  0.05
 4  45  0.03  0.10  0.16  0.32  0.64  0.95  1.54  2.87  4.32  5.39  7.19  8.44  8.50  7.96  6.97  6.34  4.67  2.98  1.85  1.54  1.02  0.63  0.39  0.19  0.11  0.07  0.06  0.06
 4  50  0.03  0.10  0.16  0.32  0.63  0.94  1.53  2.89  4.37  5.44  7.23  8.33  8.29  7.68  6.72  6.09  4.74  3.24  2.09  1.75  1.18  0.73  0.46  0.26  0.13  0.07  0.06  0.06
 4  55  0.03  0.10  0.16  0.32  0.63  0.94  1.53  2.89  4.36  5.44  7.18  8.14  8.00  7.38  6.43  5.80  4.87  3.44  2.26  1.90  1.31  0.79  0.51  0.29  0.14  0.08  0.06  0.06
 4  60  0.03  0.10  0.17  0.33  0.65  0.97  1.58  2.98  4.59  5.73  7.35  8.05  7.78  7.05  6.18  5.62  5.07  3.69  2.48  2.09  1.44  0.84  0.56  0.32  0.15  0.08  0.06  0.06
 4  65  0.03  0.10  0.17  0.34  0.66  0.98  1.60  3.03  4.62  5.74  7.17  7.69  7.38  6.67  5.98  5.55  5.04  3.75  2.63  2.22  1.54  0.94  0.64  0.37  0.16  0.08  0.06  0.06
 4  70  0.03  0.10  0.17  0.34  0.67  1.00  1.63  3.07  4.65  5.73  6.96  7.33  6.99  6.30  5.80  5.50  5.02  3.80  2.79  2.36  1.64  1.04  0.72  0.42  0.19  0.08  0.06  0.06
 4  75  0.04  0.11  0.18  0.35  0.69  1.02  1.67  3.16  4.65  5.65  6.62  6.88  6.56  5.96  5.63  5.46  5.04  3.91  2.90  2.47  1.75  1.09  0.72  0.42  0.18  0.08  0.06  0.06
 4  80  0.04  0.11  0.18  0.36  0.71  1.05  1.72  3.24  4.65  5.56  6.28  6.42  6.13  5.62  5.45  5.40  5.04  4.01  3.00  2.58  1.87  1.15  0.73  0.42  0.17  0.09  0.06  0.06
 4  85  0.04  0.11  0.18  0.36  0.71  1.06  1.73  3.26  4.66  5.55  6.24  6.40  6.13  5.63  5.47  5.42  5.07  4.03  3.02  2.60  1.88  1.15  0.74  0.42  0.17  0.09  0.06  0.06
 4  90  0.04  0.11  0.18  0.36  0.71  1.06  1.73  3.26  4.68  5.57  6.24  6.39  6.16  5.70  5.56  5.54  5.21  4.14  3.10  2.67  1.92  1.18  0.75  0.43  0.18  0.09  0.06  0.06
 5 -90  0.06  0.18  0.29  0.57  1.10  1.59  2.44  3.83  4.64  5.21  5.21  4.89  4.32  3.70  3.52  3.48  3.37  2.80  2.11  1.74  1.12  0.48  0.26  0.15  0.06  0.04  0.03  0.03
 5 -85  0.06  0.18  0.30  0.58  1.12  1.62  2.49  3.92  4.81  5.42  5.40  5.02  4.43  3.77  3.58  3.51  3.39  2.81  2.10  1.73  1.12  0.48  0.27  0.16  0.06  0.04  0.03  0.03
 5 -80  0.06  0.18  0.30  0.59  1.13  1.63  2.51  3.96  4.86  5.49  5.45  5.04  4.43  3.77  3.57  3.50  3.39  2.81  2.10  1.73  1.13  0.48  0.27  0.16  0.06  0.04  0.03  0.03
 5 -75  0.06  0.18  0.30  0.58  1.12  1.63  2.51  4.05  5.11  5.84  5.97  5.64  5.12  4.46  4.05  3.83  3.52  2.71  1.96  1.62  1.06  0.46  0.26  0.15  0.06  0.04  0.03  0.03
 5 -70  0.06  0.18  0.29  0.58  1.12  1.62  2.53  4.17  5.39  6.20  6.49  6.24  5.80  5.16  4.53  4.16  3.65  2.62  1.83  1.51  0.99  0.43  0.24  0.14  0.07  0.04  0.03  0.03
 5 -65  0.06  0.18  0.30  0.59  1.15  1.67  2.64  4.51  5.86  6.75  6.86  6.51  6.09  5.49  5.03  4.76  4.17  2.77  1.84  1.49  0.94  0.44  0.23  0.14  0.07  0.04  0.03  0.03
 5 -60  0.06  0.18  0.30  0.59  1.16  1.71  2.71  4.77  6.26  7.25  7.20  6.77  6.36  5.81  5.54  5.37  4.66  2.90  1.83  1.46  0.88  0.44  0.22  0.13  0.07  0.04  0.03  0.03
 5 -55  0.06  0.17  0.29  0.57  1.12  1.64  2.62  4.66  6.36  7.44  7.53  7.11  6.68  6.20  5.95  5.75  4.77  2.72  1.71  1.35  0.76  0.43  0.21  0.13  0.06  0.04  0.03  0.03
 5 -50  0.06  0.17  0.27  0.54  1.06  1.56  2.49  4.44  6.27  7.45  7.77  7.47  7.05  6.47  6.26  6.09  4.87  2.51  1.51  1.18  0.64  0.41  0.18  0.09  0.06  0.04  0.03  0.03
 5 -45  0.05  0.15  0.25  0.50  0.97  1.43  2.29  4.09  5.93  7.16  7.81  7.75  7.36  6.76  6.37  6.09  4.76  2.41  1.40  1.10  0.59  0.37  0.17  0.07  0.05  0.04  0.03  0.03
 5 -40  0.05  0.14  0.23  0.45  0.88  1.30  2.09  3.76  5.60  6.86  7.86  8.05  7.71  7.09  6.51  6.09  4.64  2.31  1.30  1.01  0.52  0.32  0.15  0.06  0.05  0.04  0.03  0.03
 5 -35  0.04  0.13  0.21  0.41  0.81  1.20  1.93  3.54  5.29  6.52  7.76  8.26  8.07  7.55  6.91  6.46  4.56  2.06  1.05  0.80  0.39  0.24  0.09  0.06  0.04  0.04  0.03  0.03
 5 -30  0.04  0.12  0.19  0.38  0.75  1.11  1.80  3.32  4.97  6.14  7.63  8.48  8.47  8.04  7.33  6.82  4.47  1.82  0.80  0.60  0.26  0.10  0.06  0.05  0.04  0.04  0.04  0.03
 5 -25  0.04  0.11  0.18  0.37  0.72  1.07  1.72  3.19  4.73  5.82  7.39  8.57  8.79  8.55  7.57  6.85  4.35  1.66  0.64  0.47  0.19  0.06  0.04  0.04  0.04  0.04  0.04  0.03
 5 -20  0.04  0.11  0.18  0.35  0.69  1.02  1.66  3.07  4.47  5.46  7.12  8.68  9.15  9.03  7.80  6.88  4.22  1.51  0.48  0.36  0.14  0.04  0.03  0.03  0.03  0.03  0.04  0.03
 5 -15  0.03  0.10  0.17  0.34  0.67  1.00  1.62  3.03  4.36  5.30  6.93  8.65  9.33  9.40  8.08  7.13  4.22  1.39  0.41  0.31  0.12  0.04  0.03  0.03  0.03  0.03  0.03  0.03
 5 -10  0.03  0.10  0.17  0.34  0.67  0.99  1.60  2.98  4.25  5.14  6.78  8.67  9.53  9.76  8.38  7.37  4.22  1.28  0.33  0.25  0.11  0.03  0.03  0.03  0.03  0.03  0.03  0.03
 5  -5  0.03  0.10  0.17  0.33  0.66  0.98  1.59  2.96  4.21  5.10  6.72  8.70  9.63  9.89  8.31  7.16  4.02  1.11  0.29  0.23  0.10  0.03  0.03  0.03  0.03  0.03  0.03  0.03
 5   0  0.03  0.10  0.17  0.33  0.65  0.97  1.57  2.95  4.17  5.04  6.67  8.68  9.65  9.94  8.20  6.96  3.82  0.96  0.26  0.21  0.10  0.03  0.03  0.03  0.03  0.03  0.03  0.03
 5   5  0.03  0.10  0.16  0.33  0.65  0.96  1.56  2.95  4.19  5.10  6.78  8.80  9.67  9.85  8.29  7.17  4.11  1.22  0.42  0.34  0.16  0.03  0.03  0.03  0.03  0.03  0.03  0.03
 5  10  0.03  0.10  0.16  0.32  0.63  0.94  1.54  2.96  4.26  5.20  6.93  8.93  9.72  9.82  8.40  7.38  4.39  1.47  0.59  0.46  0.22  0.04  0.03  0.03  0.03  0.04  0.04  0.03
 5  15  0.03  0.10  0.16  0.32  0.63  0.94  1.54  2.96  4.27  5.21  6.96  8.93  9.65  9.62  8.26  7.30  4.30  1.55  0.63  0.49  0.24  0.05  0.04  0.04  0.04  0.05  0.05  0.04
 5  20  0.03  0.10  0.16  0.32  0.64  0.95  1.55  2.95  4.26  5.22  7.02  8.91  9.53  9.41  8.10  7.21  4.21  1.64  0.67  0.52  0.26  0.07  0.05  0.05  0.05  0.05  0.05  0.05
 5  25  0.03  0.10  0.16  0.32  0.63  0.94  1.53  2.92  4.23  5.19  6.98  8.81  9.40  9.24  7.96  7.10  4.43  1.83  0.79  0.62  0.33  0.11  0.07  0.06  0.06  0.06  0.06  0.05
 5  30  0.03  0.09  0.16  0.31  0.62  0.93  1.52  2.89  4.19  5.14  6.93  8.72  9.24  9.04  7.80  6.97  4.65  2.04  0.92  0.73  0.41  0.17  0.10  0.07  0.07  0.06  0.06  0.05
 5  35  0.03  0.09  0.16  0.31  0.62  0.92  1.50  2.83  4.11  5.05  6.81  8.57  9.04  8.79  7.60  6.81  4.66  2.29  1.16  0.95  0.59  0.33  0.14  0.09  0.07  0.06  0.06  0.05
 5  40  0.03  0.10  0.16  0.32  0.62  0.92  1.49  2.77  4.07  5.00  6.77  8.44  8.84  8.54  7.40  6.65  4.66  2.55  1.40  1.17  0.77  0.47  0.22  0.12  0.09  0.07  0.06  0.05
 5  45  0.03  0.09  0.15  0.31  0.61  0.90  1.46  2.73  4.00  4.93  6.65  8.26  8.62  8.25  7.11  6.38  4.63  2.74  1.64  1.37  0.93  0.58  0.35  0.16  0.10  0.07  0.06  0.06
 5  50  0.03  0.09  0.15  0.29  0.58  0.87  1.42  2.70  3.95  4.87  6.57  8.12  8.42  7.98  6.84  6.12  4.60  2.93  1.86  1.57  1.08  0.68  0.43  0.20  0.12  0.07  0.06  0.06
 5  55  0.03  0.09  0.14  0.29  0.57  0.85  1.39  2.64  3.84  4.74  6.46  7.93  8.14  7.63  6.53  5.82  4.60  3.07  1.99  1.66  1.16  0.72  0.48  0.28  0.13  0.08  0.06  0.06
 5  60  0.03  0.09  0.15  0.29  0.58  0.85  1.40  2.66  3.97  4.91  6.57  7.83  7.90  7.25  6.24  5.62  4.65  3.27  2.16  1.80  1.22  0.76  0.53  0.31  0.15  0.08  0.06  0.06
 5  65  0.03  0.09  0.14  0.28  0.56  0.84  1.37  2.61  3.88  4.80  6.37  7.44  7.39  6.70  5.73  5.13  4.37  3.29  2.29  1.92  1.33  0.82  0.59  0.36  0.16  0.08  0.06  0.06
 5  70  0.03  0.08  0.14  0.28  0.55  0.82  1.34  2.56  3.80  4.69  6.16  7.05  6.89  6.15  5.21  4.63  4.08  3.30  2.41  2.04  1.44  0.89  0.65  0.42  0.24  0.09  0.07  0.06
 5  75  0.03  0.08  0.14  0.28  0.55  0.82  1.34  2.56  3.85  4.77  6.16  6.77  6.45  5.66  4.97  4.57  4.20  3.39  2.46  2.08  1.47  0.91  0.65  0.42  0.23  0.09  0.07  0.06
 5  80  0.03  0.08  0.14  0.28  0.55  0.82  1.34  2.54  3.88  4.85  6.17  6.50  6.02  5.18  4.73  4.51  4.31  3.49  2.51  2.13  1.51  0.93  0.65  0.42  0.23  0.09  0.07  0.06
 5  85  0.03  0.08  0.14  0.28  0.55  0.81  1.33  2.52  3.86  4.84  6.15  6.48  5.99  5.16  4.71  4.49  4.31  3.51  2.53  2.14  1.51  0.93  0.66  0.42  0.23  0.09  0.07  0.06
 5  90  0.03  0.08  0.14  0.27  0.53  0.79  1.30  2.45  3.78  4.77  6.15  6.47  5.95  5.10  4.62  4.42  4.30  3.55  2.55  2.15  1.48  0.93  0.68  0.43  0.23  0.10  0.07  0.06
 6 -90  0.06  0.17  0.29  0.57  1.09  1.56  2.36  3.53  4.60  5.37  5.30  5.23  4.96  4.45  4.11  3.96  3.39  2.82  2.07  1.72  1.16  0.44  0.20  0.10  0.06  0.04  0.03  0.03
 6 -85  0.06  0.18  0.29  0.58  1.11  1.59  2.41  3.63  4.77  5.59  5.58  5.37  5.03  4.52  4.18  4.00  3.42  2.83  2.07  1.72  1.16  0.44  0.20  0.10  0.06  0.04  0.03  0.03
 6 -80  0.06  0.18  0.30  0.58  1.11  1.59  2.42  3.65  4.82  5.64  5.65  5.42  5.05  4.52  4.18  3.99  3.42  2.84  2.07  1.72  1.16  0.44  0.20  0.10  0.06  0.04  0.03  0.03
 6 -75  0.06  0.18  0.30  0.58  1.12  1.61  2.47  3.81  5.01  5.85  6.06  5.96  5.58  5.01  4.48  4.18  3.59  2.83  2.04  1.70  1.15  0.43  0.20  0.10  0.06  0.04  0.03  0.03
 6 -70  0.06  0.18  0.30  0.59  1.13  1.64  2.53  4.02  5.26  6.12  6.50  6.44  6.08  5.48  4.79  4.37  3.77  2.83  2.01  1.68  1.15  0.42  0.19  0.10  0.06  0.04  0.03  0.03
 6 -65  0.06  0.18  0.30  0.59  1.15  1.67  2.60  4.27  5.60  6.51  6.72  6.53  6.16  5.60  5.12  4.82  4.17  2.93  2.02  1.67  1.12  0.46  0.23  0.10  0.06  0.04  0.03  0.03
 6 -60  0.06  0.18  0.30  0.59  1.16  1.69  2.65  4.49  5.90  6.85  6.90  6.59  6.23  5.70  5.42  5.26  4.55  3.01  2.01  1.65  1.08  0.50  0.27  0.10  0.06  0.04  0.03  0.03
 6 -55  0.06  0.18  0.30  0.58  1.14  1.67  2.66  4.65  6.27  7.33  7.27  6.83  6.44  6.02  5.82  5.66  4.71  2.86  1.84  1.51  0.95  0.47  0.28  0.10  0.06  0.04  0.03  0.03
 6 -50  0.06  0.18  0.29  0.58  1.13  1.66  2.64  4.67  6.43  7.59  7.55  7.09  6.71  6.24  6.14  6.03  4.85  2.68  1.59  1.30  0.81  0.45  0.29  0.09  0.06  0.04  0.03  0.03
 6 -45  0.05  0.16  0.27  0.53  1.03  1.52  2.42  4.29  6.09  7.31  7.70  7.46  7.07  6.53  6.21  5.97  4.79  2.58  1.50  1.22  0.76  0.41  0.26  0.08  0.05  0.04  0.03  0.03
 6 -40  0.05  0.14  0.24  0.47  0.93  1.36  2.18  3.92  5.79  7.06  7.90  7.89  7.49  6.87  6.33  5.92  4.72  2.48  1.41  1.14  0.70  0.38  0.23  0.08  0.05  0.04  0.03  0.03
 6 -35  0.04  0.13  0.22  0.43  0.84  1.24  2.00  3.63  5.39  6.60  7.72  8.08  7.84  7.31  6.71  6.27  4.80  2.24  1.11  0.89  0.52  0.28  0.12  0.07  0.05  0.04  0.03  0.03
 6 -30  0.04  0.12  0.20  0.39  0.77  1.13  1.82  3.34  4.98  6.12  7.54  8.29  8.22  7.77  7.09  6.60  4.86  2.00  0.82  0.64  0.35  0.18  0.08  0.06  0.05  0.04  0.04  0.03
 6 -25  0.04  0.11  0.19  0.38  0.74  1.09  1.76  3.21  4.76  5.86  7.37  8.37  8.47  8.16  7.34  6.73  4.65  1.77  0.64  0.49  0.24  0.07  0.05  0.04  0.04  0.04  0.04  0.04
 6 -20  0.04  0.11  0.18  0.37  0.72  1.06  1.70  3.09  4.52  5.55  7.16  8.47  8.75  8.53  7.57  6.87  4.44  1.55  0.47  0.35  0.15  0.05  0.04  0.04  0.04  0.04  0.04  0.04
 6 -15  0.04  0.11  0.18  0.35  0.70  1.03  1.67  3.08  4.47  5.47  7.07  8.52  8.98  8.88  7.74  6.92  4.25  1.44  0.45  0.34  0.14  0.04  0.03  0.03  0.03  0.04  0.04  0.04
 6 -10  0.04  0.11  0.18  0.35  0.70  1.03  1.66  3.05  4.41  5.38  7.00  8.60  9.21  9.26  7.93  6.98  4.06  1.33  0.42  0.32  0.14  0.04  0.03  0.03  0.03  0.03  0.04  0.03
 6  -5  0.04  0.11  0.18  0.35  0.69  1.02  1.65  3.04  4.40  5.37  6.98  8.69  9.39  9.46  8.12  7.19  4.13  1.26  0.38  0.29  0.14  0.04  0.03  0.03  0.03  0.03  0.03  0.03
 6   0  0.03  0.10  0.17  0.34  0.67  0.99  1.62  3.05  4.39  5.37  6.99  8.76  9.53  9.63  8.31  7.42  4.21  1.21  0.35  0.28  0.14  0.04  0.03  0.03  0.03  0.03  0.03  0.03
 6   5  0.03  0.10  0.17  0.34  0.67  0.99  1.62  3.04  4.38  5.37  7.07  8.86  9.56  9.64  8.35  7.45  4.38  1.37  0.47  0.37  0.19  0.04  0.03  0.03  0.03  0.04  0.03  0.03
 6  10  0.03  0.10  0.16  0.33  0.65  0.97  1.59  3.04  4.42  5.42  7.17  8.98  9.64  9.69  8.39  7.46  4.53  1.51  0.58  0.46  0.23  0.04  0.03  0.03  0.04  0.04  0.04  0.03
 6  15  0.03  0.10  0.16  0.33  0.65  0.97  1.59  3.03  4.40  5.38  7.14  8.96  9.59  9.53  8.19  7.25  4.43  1.58  0.61  0.49  0.25  0.05  0.04  0.04  0.04  0.05  0.05  0.04
 6  20  0.03  0.10  0.17  0.33  0.66  0.98  1.59  3.01  4.36  5.34  7.15  8.94  9.50  9.36  7.97  7.02  4.35  1.66  0.65  0.52  0.27  0.07  0.05  0.05  0.05  0.05  0.05  0.04
 6  25  0.03  0.10  0.16  0.33  0.65  0.96  1.57  2.97  4.30  5.27  7.04  8.81  9.37  9.20  7.97  7.16  4.50  1.80  0.70  0.55  0.29  0.10  0.07  0.06  0.06  0.06  0.05  0.05
 6  30  0.03  0.10  0.16  0.32  0.63  0.94  1.54  2.94  4.23  5.19  6.94  8.70  9.22  9.03  7.97  7.27  4.65  1.94  0.75  0.59  0.32  0.14  0.08  0.07  0.06  0.06  0.05  0.05
 6  35  0.03  0.10  0.16  0.32  0.62  0.93  1.51  2.85  4.12  5.05  6.77  8.50  8.99  8.78  7.68  6.96  4.62  2.18  1.01  0.81  0.47  0.21  0.11  0.08  0.07  0.06  0.06  0.05
 6  40  0.03  0.09  0.16  0.31  0.62  0.91  1.48  2.78  4.04  4.95  6.66  8.31  8.75  8.52  7.40  6.64  4.58  2.44  1.27  1.03  0.62  0.35  0.17  0.11  0.08  0.07  0.06  0.05
 6  45  0.03  0.09  0.15  0.30  0.60  0.88  1.44  2.71  3.91  4.80  6.45  8.08  8.50  8.23  7.11  6.37  4.58  2.59  1.48  1.21  0.77  0.45  0.27  0.14  0.09  0.07  0.06  0.05
 6  50  0.03  0.09  0.14  0.29  0.57  0.84  1.38  2.65  3.81  4.66  6.27  7.86  8.26  7.93  6.82  6.10  4.57  2.74  1.67  1.39  0.92  0.55  0.35  0.16  0.10  0.07  0.06  0.05
 6  55  0.03  0.08  0.14  0.27  0.54  0.81  1.33  2.56  3.64  4.45  6.05  7.61  7.93  7.56  6.51  5.81  4.38  2.82  1.75  1.45  0.97  0.59  0.40  0.19  0.11  0.07  0.06  0.05
 6  60  0.03  0.08  0.14  0.27  0.54  0.81  1.32  2.55  3.70  4.52  6.04  7.42  7.64  7.14  6.21  5.60  4.25  2.95  1.89  1.55  1.01  0.62  0.44  0.26  0.13  0.08  0.06  0.05
 6  65  0.03  0.08  0.13  0.26  0.52  0.78  1.28  2.46  3.59  4.38  5.83  7.07  7.18  6.61  5.65  5.03  3.95  2.94  1.99  1.64  1.11  0.66  0.49  0.29  0.14  0.08  0.06  0.05
 6  70  0.03  0.08  0.13  0.25  0.51  0.75  1.24  2.38  3.48  4.25  5.64  6.74  6.74  6.09  5.10  4.46  3.65  2.93  2.09  1.74  1.20  0.70  0.54  0.33  0.16  0.09  0.07  0.05
 6  75  0.02  0.07  0.12  0.24  0.49  0.72  1.19  2.28  3.41  4.20  5.64  6.59  6.45  5.72  4.85  4.27  3.68  2.96  2.13  1.79  1.25  0.72  0.56  0.35  0.18  0.09  0.07  0.05
 6  80  0.02  0.07  0.12  0.24  0.47  0.69  1.14  2.18  3.34  4.15  5.63  6.44  6.16  5.36  4.59  4.09  3.71  3.00  2.17  1.84  1.31  0.74  0.58  0.37  0.20  0.09  0.07  0.05
 6  85  0.02  0.07  0.12  0.23  0.47  0.69  1.13  2.17  3.32  4.12  5.59  6.40  6.14  5.35  4.57  4.08  3.71  3.00  2.17  1.85  1.31  0.75  0.59  0.37  0.20  0.10  0.07  0.05
 6  90  0.02  0.07  0.12  0.23  0.46  0.69  1.12  2.14  3.25  4.03  5.49  6.33  6.11  5.35  4.54  4.02  3.64  2.97  2.14  1.82  1.29  0.75  0.60  0.38  0.21  0.10  0.07  0.06
 7 -90  0.05  0.16  0.26  0.51  0.97  1.38  2.06  2.92  4.07  4.87  5.22  5.41  5.29  4.79  4.33  4.02  3.65  2.79  2.05  1.69  1.09  0.43  0.18  0.08  0.05  0.03  0.03  0.03
 7 -85  0.05  0.16  0.26  0.52  0.99  1.41  2.10  3.01  4.22  5.06  5.46  5.57  5.38  4.84  4.40  4.09  3.70  2.83  2.08  1.70  1.09  0.43  0.19  0.08  0.05  0.03  0.03  0.03
 7 -80  0.05  0.16  0.27  0.52  0.99  1.42  2.12  3.05  4.27  5.12  5.50  5.62  5.42  4.85  4.40  4.09  3.71  2.84  2.08  1.70  1.09  0.43  0.19  0.08  0.05  0.03  0.03  0.03
 7 -75  0.05  0.15  0.25  0.49  0.95  1.35  2.03  2.95  4.22  5.10  5.68  6.09  5.99  5.41  4.69  4.19  3.61  2.85  2.09  1.72  1.12  0.44  0.20  0.09  0.05  0.04  0.03  0.03
 7 -70  0.05  0.14  0.24  0.47  0.89  1.28  1.94  2.90  4.24  5.17  5.97  6.60  6.52  5.94  4.97  4.30  3.54  2.87  2.11  1.74  1.16  0.45  0.21  0.09  0.05  0.04  0.03  0.03
 7 -65  0.05  0.15  0.25  0.49  0.94  1.36  2.09  3.34  4.77  5.78  6.46  6.75  6.46  5.83  5.24  4.86  4.14  3.03  2.10  1.75  1.19  0.48  0.23  0.10  0.06  0.04  0.03  0.03
 7 -60  0.05  0.15  0.25  0.50  0.97  1.42  2.22  3.75  5.24  6.31  6.84  6.79  6.36  5.71  5.49  5.39  4.69  3.14  2.07  1.73  1.20  0.51  0.27  0.10  0.06  0.04  0.03  0.03
 7 -55  0.05  0.15  0.25  0.49  0.96  1.41  2.24  3.97  5.62  6.74  7.23  7.04  6.58  6.04  5.92  5.85  4.87  3.00  1.94  1.60  1.05  0.48  0.28  0.10  0.06  0.04  0.03  0.03
 7 -50  0.05  0.15  0.25  0.49  0.96  1.41  2.26  4.07  5.81  6.99  7.53  7.31  6.85  6.28  6.31  6.31  5.03  2.84  1.72  1.41  0.89  0.45  0.29  0.09  0.05  0.04  0.03  0.03
 7 -45  0.05  0.14  0.24  0.47  0.92  1.35  2.16  3.88  5.64  6.83  7.65  7.65  7.23  6.64  6.40  6.23  5.01  2.82  1.66  1.34  0.82  0.41  0.26  0.08  0.05  0.04  0.03  0.03
 7 -40  0.04  0.13  0.22  0.44  0.86  1.27  2.04  3.71  5.50  6.72  7.84  8.07  7.70  7.06  6.55  6.15  4.98  2.81  1.59  1.27  0.75  0.37  0.23  0.09  0.05  0.04  0.04  0.03
 7 -35  0.04  0.12  0.21  0.41  0.81  1.19  1.92  3.51  5.22  6.41  7.70  8.21  7.97  7.42  6.72  6.20  4.92  2.56  1.30  1.03  0.56  0.28  0.18  0.09  0.06  0.04  0.04  0.04
 7 -30  0.04  0.12  0.19  0.38  0.76  1.12  1.81  3.32  4.93  6.07  7.55  8.36  8.28  7.80  6.90  6.25  4.84  2.31  1.03  0.79  0.40  0.19  0.09  0.07  0.05  0.04  0.04  0.04
 7 -25  0.04  0.11  0.19  0.38  0.74  1.10  1.76  3.21  4.77  5.89  7.46  8.45  8.46  8.07  7.14  6.48  4.69  2.00  0.79  0.60  0.29  0.08  0.06  0.05  0.05  0.04  0.04  0.04
 7 -20  0.04  0.11  0.19  0.37  0.73  1.08  1.73  3.11  4.59  5.67  7.33  8.53  8.67  8.32  7.36  6.70  4.52  1.70  0.57  0.42  0.18  0.06  0.04  0.04  0.04  0.04  0.04  0.04
 7 -15  0.04  0.11  0.18  0.36  0.71  1.04  1.69  3.10  4.54  5.58  7.26  8.62  8.94  8.70  7.63  6.92  4.23  1.50  0.51  0.39  0.17  0.05  0.04  0.04  0.04  0.04  0.04  0.04
 7 -10  0.04  0.11  0.18  0.36  0.70  1.04  1.67  3.06  4.49  5.50  7.20  8.75  9.25  9.14  7.95  7.15  3.95  1.29  0.46  0.35  0.17  0.04  0.03  0.03  0.03  0.04  0.04  0.04
 7  -5  0.04  0.11  0.18  0.35  0.70  1.03  1.66  3.05  4.47  5.49  7.16  8.84  9.47  9.41  8.00  7.08  4.01  1.25  0.45  0.35  0.17  0.04  0.03  0.03  0.03  0.04  0.04  0.03
 7   0  0.03  0.10  0.17  0.33  0.66  0.99  1.61  3.08  4.47  5.49  7.19  8.96  9.67  9.65  8.06  7.04  4.09  1.24  0.45  0.35  0.18  0.04  0.03  0.03  0.03  0.04  0.04  0.03
 7   5  0.03  0.10  0.17  0.34  0.67  1.00  1.62  3.06  4.46  5.49  7.25  9.03  9.69  9.69  8.24  7.28  4.33  1.43  0.57  0.44  0.21  0.04  0.03  0.03  0.03  0.03  0.03  0.03
 7  10  0.03  0.10  0.17  0.33  0.66  0.98  1.60  3.07  4.50  5.53  7.34  9.14  9.76  9.75  8.43  7.50  4.56  1.63  0.69  0.52  0.23  0.04  0.03  0.03  0.03  0.04  0.03  0.03
 7  15  0.03  0.10  0.17  0.33  0.66  0.99  1.61  3.07  4.49  5.51  7.32  9.08  9.64  9.54  8.27  7.36  4.54  1.69  0.71  0.53  0.24  0.05  0.04  0.04  0.04  0.05  0.04  0.03
 7  20  0.03  0.10  0.17  0.34  0.68  1.00  1.63  3.06  4.47  5.48  7.33  9.04  9.52  9.37  8.11  7.23  4.55  1.75  0.73  0.56  0.25  0.07  0.05  0.05  0.05  0.05  0.05  0.04
 7  25  0.03  0.10  0.17  0.34  0.66  0.99  1.61  3.05  4.45  5.44  7.22  8.89  9.36  9.19  7.95  7.10  4.52  1.89  0.78  0.59  0.26  0.09  0.06  0.06  0.06  0.06  0.05  0.04
 7  30  0.03  0.10  0.17  0.33  0.65  0.97  1.59  3.04  4.40  5.40  7.14  8.76  9.19  9.00  7.79  6.96  4.49  2.02  0.82  0.62  0.26  0.12  0.07  0.07  0.06  0.06  0.05  0.04
 7  35  0.03  0.10  0.16  0.33  0.65  0.96  1.57  2.97  4.28  5.26  6.96  8.53  8.95  8.73  7.57  6.79  4.48  2.16  0.99  0.76  0.38  0.15  0.09  0.07  0.07  0.06  0.05  0.05
 7  40  0.03  0.10  0.16  0.32  0.63  0.94  1.53  2.90  4.21  5.15  6.82  8.32  8.69  8.45  7.35  6.61  4.46  2.30  1.17  0.91  0.49  0.19  0.11  0.08  0.07  0.06  0.05  0.05
 7  45  0.03  0.09  0.16  0.31  0.61  0.91  1.49  2.81  4.05  4.96  6.59  8.07  8.43  8.15  7.06  6.34  4.46  2.43  1.32  1.05  0.62  0.31  0.17  0.10  0.08  0.07  0.06  0.05
 7  50  0.03  0.09  0.15  0.29  0.58  0.87  1.42  2.73  3.92  4.79  6.38  7.83  8.16  7.83  6.75  6.06  4.45  2.56  1.46  1.20  0.77  0.42  0.27  0.13  0.09  0.07  0.06  0.05
 7  55  0.03  0.08  0.14  0.28  0.56  0.83  1.36  2.63  3.74  4.56  6.14  7.58  7.85  7.47  6.37  5.65  4.25  2.60  1.55  1.28  0.85  0.48  0.32  0.17  0.11  0.07  0.06  0.05
 7  60  0.03  0.08  0.14  0.28  0.55  0.82  1.34  2.60  3.78  4.62  6.12  7.40  7.56  7.06  6.01  5.33  4.11  2.70  1.69  1.40  0.93  0.53  0.37  0.20  0.12  0.08  0.06  0.05
 7  65  0.03  0.08  0.13  0.26  0.53  0.78  1.29  2.49  3.64  4.44  5.86  7.00  7.05  6.48  5.42  4.73  3.75  2.70  1.79  1.49  1.02  0.56  0.41  0.25  0.13  0.08  0.06  0.05
 7  70  0.03  0.08  0.13  0.25  0.50  0.75  1.24  2.39  3.49  4.25  5.60  6.59  6.54  5.90  4.83  4.12  3.38  2.70  1.88  1.57  1.10  0.60  0.45  0.28  0.14  0.08  0.06  0.05
 7  75  0.02  0.07  0.12  0.24  0.48  0.72  1.18  2.27  3.41  4.18  5.54  6.36  6.19  5.49  4.56  3.93  3.35  2.75  1.94  1.62  1.13  0.60  0.47  0.29  0.15  0.08  0.06  0.05
 7  80  0.02  0.07  0.12  0.23  0.46  0.68  1.12  2.15  3.32  4.11  5.49  6.15  5.83  5.08  4.28  3.75  3.31  2.78  2.00  1.67  1.16  0.60  0.50  0.31  0.16  0.09  0.06  0.05
 7  85  0.02  0.07  0.12  0.23  0.46  0.68  1.11  2.14  3.30  4.09  5.45  6.10  5.79  5.05  4.27  3.75  3.31  2.78  1.99  1.67  1.16  0.61  0.50  0.31  0.18  0.09  0.07  0.05
 7  90  0.02  0.07  0.11  0.23  0.45  0.67  1.11  2.12  3.23  4.02  5.37  6.00  5.71  5.00  4.22  3.72  3.25  2.74  1.97  1.64  1.14  0.60  0.51  0.31  0.18  0.09  0.07  0.05
 8 -90  0.04  0.12  0.21  0.40  0.77  1.10  1.65  2.42  3.42  4.14  5.11  6.27  6.28  5.60  4.53  3.62  3.01  2.58  1.89  1.57  1.04  0.43  0.15  0.07  0.05  0.04  0.03  0.03
 8 -85  0.04  0.13  0.21  0.41  0.79  1.13  1.71  2.53  3.65  4.42  5.38  6.39  6.39  5.63  4.55  3.70  3.12  2.66  1.93  1.60  1.05  0.43  0.15  0.07  0.05  0.04  0.03  0.03
 8 -80  0.04  0.13  0.21  0.42  0.80  1.15  1.74  2.59  3.75  4.54  5.49  6.43  6.42  5.65  4.58  3.73  3.15  2.70  1.95  1.60  1.05  0.43  0.15  0.07  0.05  0.04  0.03  0.03
 8 -75  0.04  0.13  0.22  0.43  0.83  1.20  1.84  2.88  4.08  4.89  5.75  6.43  6.37  5.74  4.78  4.04  3.37  2.81  2.01  1.67  1.12  0.45  0.15  0.07  0.05  0.04  0.03  0.03
 8 -70  0.04  0.13  0.22  0.43  0.84  1.22  1.90  3.14  4.37  5.23  6.02  6.48  6.36  5.82  4.91  4.30  3.59  2.95  2.11  1.75  1.20  0.48  0.16  0.08  0.05  0.04  0.03  0.03
 8 -65  0.04  0.13  0.21  0.42  0.82  1.20  1.90  3.28  4.62  5.57  6.45  6.83  6.62  5.97  5.26  4.89  4.16  3.19  2.13  1.76  1.18  0.50  0.18  0.08  0.05  0.04  0.03  0.03
 8 -60  0.04  0.13  0.21  0.41  0.81  1.19  1.91  3.42  4.85  5.88  6.80  7.06  6.77  6.08  5.65  5.47  4.67  3.34  2.11  1.74  1.15  0.51  0.28  0.09  0.06  0.04  0.03  0.03
 8 -55  0.04  0.12  0.21  0.41  0.81  1.20  1.95  3.62  5.24  6.33  7.27  7.43  7.11  6.53  6.10  5.83  4.93  3.32  2.05  1.70  1.10  0.51  0.29  0.10  0.06  0.04  0.04  0.03
 8 -50  0.04  0.13  0.21  0.42  0.82  1.22  1.99  3.72  5.44  6.61  7.65  7.85  7.52  6.90  6.50  6.21  5.18  3.29  1.90  1.57  1.03  0.49  0.31  0.10  0.06  0.04  0.04  0.03
 8 -45  0.04  0.13  0.21  0.42  0.82  1.22  1.97  3.65  5.37  6.57  7.73  8.09  7.79  7.16  6.56  6.14  5.13  3.18  1.79  1.47  0.95  0.46  0.29  0.10  0.06  0.04  0.04  0.04
 8 -40  0.04  0.12  0.21  0.41  0.81  1.20  1.94  3.59  5.34  6.54  7.85  8.39  8.15  7.51  6.67  6.08  5.08  3.09  1.69  1.37  0.86  0.42  0.28  0.10  0.06  0.04  0.04  0.04
 8 -35  0.04  0.12  0.20  0.39  0.78  1.15  1.86  3.44  5.13  6.33  7.78  8.50  8.33  7.72  6.78  6.14  4.97  2.79  1.37  1.10  0.65  0.31  0.22  0.10  0.06  0.05  0.04  0.04
 8 -30  0.04  0.11  0.19  0.37  0.74  1.09  1.77  3.29  4.92  6.09  7.69  8.62  8.54  7.96  6.91  6.20  4.84  2.48  1.08  0.84  0.46  0.22  0.10  0.07  0.06  0.05  0.04  0.04
 8 -25  0.04  0.11  0.19  0.37  0.73  1.08  1.73  3.17  4.74  5.88  7.60  8.75  8.77  8.26  7.17  6.42  4.70  2.14  0.80  0.61  0.31  0.08  0.06  0.05  0.05  0.05  0.05  0.04
 8 -20  0.04  0.11  0.18  0.37  0.72  1.06  1.70  3.06  4.55  5.66  7.47  8.86  9.01  8.53  7.39  6.61  4.56  1.80  0.53  0.40  0.18  0.06  0.05  0.04  0.04  0.04  0.05  0.05
 8 -15  0.04  0.11  0.18  0.35  0.69  1.02  1.64  3.04  4.48  5.51  7.33  8.92  9.29  8.93  7.67  6.86  4.26  1.57  0.51  0.38  0.16  0.05  0.04  0.04  0.04  0.04  0.04  0.04
 8 -10  0.03  0.10  0.17  0.34  0.68  1.00  1.62  2.99  4.39  5.38  7.21  9.01  9.60  9.43  8.04  7.16  3.95  1.32  0.48  0.36  0.14  0.04  0.04  0.04  0.04  0.04  0.04  0.04
 8  -5  0.03  0.10  0.17  0.34  0.67  0.99  1.61  2.98  4.35  5.34  7.13  9.06  9.82  9.73  8.19  7.24  3.93  1.28  0.48  0.36  0.14  0.04  0.03  0.03  0.03  0.04  0.04  0.04
 8   0  0.03  0.10  0.16  0.32  0.63  0.95  1.56  3.01  4.35  5.34  7.14  9.17 10.04 10.00  8.36  7.34  3.95  1.25  0.48  0.36  0.15  0.04  0.03  0.03  0.03  0.04  0.04  0.03
 8   5  0.03  0.10  0.17  0.33  0.65  0.97  1.58  2.99  4.36  5.35  7.21  9.21 10.00  9.99  8.45  7.44  4.24  1.41  0.59  0.44  0.17  0.04  0.03  0.03  0.03  0.04  0.03  0.03
 8  10  0.03  0.10  0.16  0.33  0.65  0.96  1.57  3.01  4.41  5.42  7.32  9.30 10.01 10.00  8.54  7.52  4.51  1.58  0.69  0.51  0.20  0.04  0.03  0.03  0.04  0.04  0.04  0.03
 8  15  0.03  0.10  0.17  0.33  0.66  0.98  1.60  3.04  4.48  5.50  7.39  9.22  9.80  9.70  8.34  7.38  4.50  1.65  0.72  0.52  0.20  0.05  0.04  0.04  0.04  0.04  0.04  0.03
 8  20  0.03  0.10  0.17  0.34  0.68  1.00  1.63  3.06  4.51  5.56  7.47  9.18  9.62  9.46  8.16  7.23  4.49  1.72  0.75  0.55  0.21  0.06  0.05  0.05  0.05  0.05  0.05  0.04
 8  25  0.03  0.10  0.17  0.34  0.67  1.00  1.63  3.09  4.56  5.61  7.43  9.03  9.42  9.22  7.97  7.08  4.46  1.85  0.78  0.58  0.23  0.08  0.06  0.06  0.06  0.06  0.05  0.04
 8  30  0.03  0.10  0.17  0.34  0.67  1.00  1.63  3.12  4.59  5.65  7.44  8.90  9.21  8.97  7.77  6.94  4.44  1.96  0.82  0.60  0.24  0.10  0.07  0.06  0.06  0.06  0.05  0.04
 8  35  0.03  0.10  0.17  0.34  0.67  0.99  1.62  3.07  4.50  5.55  7.28  8.66  8.94  8.68  7.54  6.77  4.43  2.05  0.94  0.71  0.33  0.12  0.08  0.07  0.06  0.06  0.05  0.05
 8  40  0.03  0.10  0.17  0.33  0.66  0.98  1.60  3.04  4.45  5.47  7.15  8.44  8.67  8.38  7.30  6.58  4.40  2.15  1.06  0.81  0.41  0.15  0.10  0.08  0.07  0.06  0.05  0.05
 8  45  0.03  0.10  0.16  0.33  0.65  0.96  1.56  2.96  4.33  5.33  6.99  8.23  8.41  8.05  6.99  6.29  4.30  2.27  1.22  0.96  0.54  0.24  0.13  0.09  0.07  0.06  0.05  0.05
 8  50  0.03  0.10  0.16  0.32  0.63  0.93  1.52  2.90  4.23  5.21  6.83  8.01  8.14  7.70  6.66  5.98  4.21  2.40  1.38  1.11  0.68  0.32  0.20  0.11  0.08  0.06  0.06  0.05
 8  55  0.03  0.09  0.15  0.30  0.60  0.89  1.46  2.82  4.08  5.03  6.67  7.81  7.85  7.33  6.29  5.60  3.98  2.49  1.50  1.22  0.77  0.37  0.23  0.15  0.10  0.07  0.06  0.05
 8  60  0.03  0.09  0.15  0.30  0.59  0.88  1.45  2.80  4.16  5.14  6.71  7.67  7.58  6.91  5.94  5.32  3.82  2.64  1.68  1.36  0.85  0.41  0.27  0.17  0.11  0.07  0.06  0.05
 8  65  0.03  0.09  0.14  0.29  0.57  0.86  1.41  2.73  4.04  4.99  6.44  7.18  6.97  6.25  5.33  4.75  3.58  2.66  1.77  1.44  0.93  0.46  0.32  0.20  0.11  0.07  0.06  0.05
 8  70  0.03  0.08  0.14  0.28  0.56  0.83  1.37  2.64  3.91  4.81  6.12  6.66  6.34  5.57  4.72  4.18  3.34  2.68  1.87  1.53  1.01  0.51  0.36  0.22  0.11  0.07  0.06  0.05
 8  75  0.03  0.08  0.14  0.28  0.55  0.82  1.35  2.60  3.84  4.70  5.79  6.05  5.62  4.88  4.25  3.85  3.31  2.70  1.91  1.57  1.05  0.53  0.38  0.23  0.13  0.07  0.06  0.05
 8  80  0.03  0.08  0.14  0.27  0.54  0.81  1.33  2.56  3.79  4.61  5.49  5.45  4.92  4.20  3.78  3.52  3.27  2.70  1.95  1.61  1.09  0.55  0.39  0.24  0.14  0.08  0.06  0.05
 8  85  0.03  0.08  0.14  0.27  0.54  0.81  1.33  2.55  3.79  4.60  5.42  5.37  4.86  4.17  3.78  3.53  3.29  2.71  1.95  1.62  1.09  0.55  0.39  0.24  0.15  0.08  0.06  0.05
 8  90  0.03  0.08  0.14  0.27  0.54  0.81  1.32  2.55  3.77  4.57  5.34  5.24  4.74  4.10  3.72  3.49  3.23  2.66  1.93  1.61  1.09  0.56  0.39  0.23  0.15  0.08  0.06  0.05
 9 -90  0.04  0.12  0.19  0.38  0.74  1.08  1.69  2.84  4.10  4.95  5.52  5.91  5.77  5.32  4.59  3.90  2.44  1.74  1.29  1.10  0.77  0.40  0.09  0.05  0.04  0.04  0.03  0.03
 9 -85  0.04  0.12  0.20  0.39  0.75  1.09  1.71  2.87  4.18  5.10  5.70  6.04  5.87  5.38  4.58  3.97  2.61  1.91  1.36  1.14  0.79  0.40  0.10  0.06  0.04  0.04  0.03  0.03
 9 -80  0.04  0.12  0.20  0.39  0.75  1.09  1.71  2.87  4.21  5.19  5.85  6.16  5.95  5.40  4.58  3.99  2.67  1.97  1.40  1.17  0.81  0.41  0.12  0.06  0.05  0.04  0.03  0.03
 9 -75  0.04  0.11  0.19  0.38  0.73  1.07  1.69  2.92  4.26  5.25  6.23  6.60  6.36  5.72  4.81  4.26  2.97  2.21  1.56  1.31  0.90  0.45  0.14  0.07  0.05  0.04  0.03  0.03
 9 -70  0.04  0.11  0.18  0.36  0.71  1.04  1.67  2.95  4.25  5.23  6.49  6.95  6.71  6.04  5.03  4.44  3.20  2.42  1.73  1.45  1.00  0.49  0.16  0.07  0.05  0.04  0.03  0.03
 9 -65  0.04  0.11  0.18  0.36  0.71  1.04  1.68  3.06  4.42  5.44  6.78  7.29  7.13  6.53  5.66  5.14  3.89  2.85  1.94  1.62  1.10  0.53  0.25  0.08  0.05  0.04  0.03  0.03
 9 -60  0.04  0.11  0.18  0.36  0.72  1.06  1.72  3.18  4.62  5.70  7.09  7.64  7.49  6.91  6.28  5.87  4.53  3.17  2.08  1.73  1.17  0.57  0.29  0.09  0.06  0.04  0.04  0.03
 9 -55  0.04  0.11  0.19  0.37  0.74  1.09  1.78  3.34  4.93  6.05  7.40  7.94  7.78  7.29  6.63  6.15  4.87  3.31  2.11  1.74  1.10  0.56  0.30  0.09  0.06  0.04  0.04  0.03
 9 -50  0.04  0.11  0.19  0.38  0.75  1.11  1.81  3.44  5.08  6.26  7.66  8.28  8.15  7.60  6.91  6.42  5.23  3.45  2.06  1.67  1.01  0.53  0.30  0.10  0.06  0.04  0.04  0.04
 9 -45  0.04  0.11  0.19  0.38  0.75  1.11  1.81  3.40  5.06  6.26  7.73  8.45  8.32  7.71  6.88  6.30  5.13  3.30  1.91  1.53  0.90  0.49  0.29  0.09  0.06  0.05  0.04  0.04
 9 -40  0.04  0.11  0.19  0.38  0.74  1.10  1.79  3.36  5.06  6.26  7.85  8.67  8.56  7.92  6.89  6.19  5.03  3.17  1.78  1.41  0.80  0.44  0.28  0.09  0.06  0.05  0.04  0.04
 9 -35  0.04  0.11  0.18  0.36  0.72  1.07  1.73  3.25  4.91  6.11  7.82  8.82  8.76  8.12  6.97  6.20  4.92  2.83  1.46  1.13  0.59  0.32  0.22  0.09  0.06  0.05  0.04  0.04
 9 -30  0.04  0.11  0.18  0.35  0.69  1.03  1.67  3.15  4.75  5.92  7.75  8.95  8.97  8.36  7.08  6.22  4.80  2.47  1.15  0.86  0.40  0.20  0.11  0.08  0.06  0.05  0.05  0.04
 9 -25  0.04  0.11  0.18  0.35  0.69  1.02  1.65  3.06  4.58  5.71  7.60  9.04  9.19  8.66  7.31  6.41  4.74  2.21  0.92  0.69  0.30  0.09  0.06  0.05  0.05  0.05  0.05  0.05
 9 -20  0.03  0.10  0.17  0.34  0.68  1.00  1.62  2.98  4.42  5.50  7.43  9.10  9.41  8.93  7.52  6.59  4.68  1.95  0.71  0.53  0.21  0.06  0.05  0.04  0.04  0.05  0.05  0.05
 9 -15  0.03  0.10  0.17  0.33  0.65  0.97  1.58  2.97  4.34  5.33  7.21  9.07  9.59  9.26  7.78  6.84  4.37  1.65  0.61  0.45  0.18  0.05  0.04  0.04  0.04  0.05  0.05  0.05
 9 -10  0.03  0.10  0.16  0.32  0.64  0.95  1.55  2.95  4.25  5.18  7.01  9.07  9.82  9.70  8.11  7.11  4.03  1.34  0.51  0.38  0.15  0.04  0.04  0.04  0.04  0.04  0.04  0.04
 9  -5  0.03  0.10  0.16  0.32  0.64  0.95  1.55  2.94  4.21  5.13  6.91  9.06 10.00  9.99  8.21  7.12  3.95  1.30  0.51  0.38  0.15  0.04  0.04  0.04  0.04  0.04  0.04  0.04
 9   0  0.03  0.09  0.15  0.31  0.61  0.91  1.51  2.96  4.21  5.12  6.91  9.12 10.17 10.27  8.35  7.14  3.90  1.26  0.51  0.38  0.15  0.04  0.03  0.03  0.03  0.04  0.04  0.03
 9   5  0.03  0.10  0.16  0.32  0.63  0.94  1.54  2.95  4.24  5.17  6.99  9.13 10.10 10.22  8.47  7.34  4.18  1.40  0.58  0.43  0.16  0.04  0.03  0.03  0.03  0.04  0.03  0.03
 9  10  0.03  0.10  0.16  0.32  0.63  0.94  1.55  2.97  4.30  5.26  7.12  9.22 10.06 10.15  8.59  7.53  4.45  1.54  0.65  0.47  0.17  0.04  0.03  0.03  0.03  0.04  0.03  0.03
 9  15  0.03  0.10  0.16  0.33  0.65  0.96  1.57  2.99  4.39  5.38  7.27  9.19  9.84  9.80  8.39  7.38  4.43  1.57  0.66  0.48  0.18  0.04  0.04  0.04  0.04  0.04  0.04  0.03
 9  20  0.03  0.10  0.17  0.34  0.66  0.98  1.60  3.01  4.45  5.48  7.41  9.19  9.66  9.51  8.20  7.24  4.42  1.59  0.67  0.49  0.18  0.05  0.04  0.04  0.05  0.05  0.05  0.04
 9  25  0.03  0.10  0.17  0.33  0.66  0.97  1.60  3.05  4.53  5.58  7.43  9.03  9.41  9.20  8.06  7.24  4.46  1.68  0.69  0.51  0.19  0.07  0.05  0.05  0.05  0.05  0.05  0.04
 9  30  0.03  0.10  0.17  0.33  0.66  0.99  1.61  3.08  4.59  5.69  7.51  8.91  9.15  8.88  7.92  7.24  4.51  1.75  0.72  0.52  0.20  0.09  0.06  0.05  0.05  0.05  0.05  0.04
 9  35  0.03  0.10  0.17  0.34  0.67  1.00  1.63  3.09  4.61  5.71  7.45  8.67  8.83  8.51  7.52  6.85  4.41  1.93  0.90  0.67  0.29  0.11  0.07  0.06  0.06  0.06  0.05  0.05
 9  40  0.03  0.10  0.17  0.34  0.67  1.00  1.64  3.11  4.66  5.76  7.43  8.45  8.51  8.15  7.13  6.44  4.30  2.11  1.08  0.82  0.38  0.14  0.09  0.07  0.06  0.06  0.05  0.05
 9  45  0.03  0.10  0.17  0.34  0.68  1.01  1.65  3.12  4.68  5.79  7.41  8.26  8.19  7.73  6.77  6.12  4.22  2.25  1.23  0.96  0.51  0.21  0.13  0.09  0.07  0.06  0.05  0.05
 9  50  0.03  0.10  0.17  0.34  0.68  1.01  1.65  3.13  4.70  5.83  7.38  8.03  7.84  7.28  6.39  5.80  4.15  2.38  1.39  1.11  0.65  0.28  0.17  0.11  0.08  0.06  0.05  0.05
 9  55  0.03  0.10  0.17  0.34  0.67  0.99  1.63  3.14  4.69  5.81  7.31  7.81  7.50  6.85  5.96  5.38  3.97  2.45  1.51  1.22  0.75  0.33  0.21  0.14  0.09  0.06  0.05  0.05
 9  60  0.03  0.10  0.17  0.34  0.68  1.01  1.66  3.21  4.89  6.06  7.44  7.65  7.17  6.36  5.57  5.07  3.87  2.60  1.69  1.36  0.85  0.39  0.25  0.16  0.10  0.06  0.05  0.05
 9  65  0.03  0.10  0.17  0.35  0.69  1.03  1.69  3.26  4.91  6.04  7.16  7.12  6.56  5.75  4.98  4.50  3.63  2.59  1.79  1.46  0.94  0.45  0.29  0.18  0.10  0.06  0.05  0.04
 9  70  0.04  0.11  0.18  0.35  0.70  1.04  1.71  3.30  4.91  5.98  6.84  6.58  5.95  5.13  4.40  3.93  3.37  2.57  1.89  1.55  1.03  0.50  0.33  0.20  0.11  0.06  0.05  0.04
 9  75  0.04  0.11  0.18  0.36  0.71  1.06  1.73  3.33  4.68  5.56  6.05  5.76  5.26  4.61  4.17  3.89  3.33  2.58  1.89  1.56  1.04  0.51  0.33  0.21  0.11  0.06  0.05  0.05
 9  80  0.04  0.11  0.18  0.36  0.72  1.07  1.75  3.34  4.42  5.09  5.23  4.94  4.57  4.09  3.94  3.85  3.27  2.57  1.89  1.57  1.05  0.51  0.34  0.22  0.12  0.07  0.05  0.05
 9  85  0.04  0.11  0.18  0.36  0.72  1.07  1.75  3.36  4.36  4.97  5.08  4.86  4.54  4.09  3.95  3.86  3.27  2.57  1.89  1.57  1.05  0.51  0.34  0.22  0.12  0.07  0.05  0.05
 9  90  0.04  0.11  0.18  0.36  0.72  1.07  1.75  3.35  4.27  4.82  4.89  4.72  4.44  4.05  3.91  3.82  3.22  2.53  1.87  1.56  1.05  0.51  0.35  0.22  0.12  0.07  0.05  0.04
10 -90  0.03  0.09  0.15  0.31  0.60  0.89  1.44  2.64  3.79  4.61  6.08  6.95  6.88  6.23  5.27  4.68  3.20  1.29  0.94  0.88  0.68  0.44  0.09  0.05  0.05  0.04  0.03  0.03
10 -85  0.03  0.09  0.16  0.31  0.61  0.90  1.45  2.65  3.78  4.58  5.96  6.81  6.79  6.19  5.27  4.72  3.38  1.43  0.94  0.83  0.63  0.43  0.10  0.05  0.05  0.04  0.03  0.03
10 -80  0.03  0.09  0.15  0.31  0.60  0.89  1.43  2.62  3.72  4.53  5.93  6.80  6.80  6.21  5.24  4.68  3.37  1.48  0.97  0.87  0.66  0.44  0.11  0.06  0.05  0.04  0.03  0.03
10 -75  0.03  0.09  0.15  0.31  0.60  0.89  1.44  2.64  3.76  4.59  6.02  7.03  7.11  6.59  5.77  5.25  3.79  1.91  1.22  1.06  0.76  0.48  0.25  0.06  0.05  0.04  0.03  0.03
10 -70  0.03  0.09  0.15  0.31  0.60  0.89  1.44  2.67  3.83  4.70  6.15  7.23  7.36  6.89  6.27  5.81  4.16  2.29  1.47  1.25  0.87  0.54  0.28  0.06  0.05  0.04  0.03  0.03
10 -65  0.03  0.10  0.16  0.32  0.62  0.92  1.50  2.78  4.05  5.00  6.48  7.55  7.64  7.18  6.77  6.42  4.70  2.78  1.77  1.49  1.00  0.56  0.29  0.07  0.05  0.04  0.03  0.03
10 -60  0.03  0.10  0.16  0.33  0.64  0.95  1.55  2.89  4.27  5.31  6.84  7.88  7.95  7.48  7.24  7.04  5.23  3.21  1.98  1.64  1.07  0.58  0.31  0.09  0.06  0.04  0.03  0.03
10 -55  0.03  0.10  0.17  0.33  0.66  0.98  1.59  3.00  4.50  5.58  7.13  8.13  8.15  7.73  7.21  6.83  5.26  3.33  2.07  1.69  1.04  0.54  0.30  0.17  0.06  0.04  0.04  0.03
10 -50  0.03  0.10  0.17  0.33  0.66  0.98  1.60  3.04  4.58  5.70  7.35  8.40  8.42  7.92  7.14  6.60  5.29  3.46  2.12  1.70  1.02  0.50  0.28  0.17  0.06  0.04  0.04  0.03
10 -45  0.03  0.10  0.17  0.33  0.65  0.97  1.59  3.04  4.58  5.72  7.44  8.59  8.63  8.05  7.26  6.72  5.37  3.46  2.05  1.63  0.95  0.46  0.27  0.09  0.06  0.05  0.04  0.04
10 -40  0.03  0.10  0.17  0.33  0.65  0.97  1.59  3.02  4.59  5.71  7.55  8.83  8.90  8.26  7.41  6.86  5.48  3.48  1.98  1.57  0.89  0.42  0.26  0.09  0.06  0.05  0.04  0.04
10 -35  0.03  0.10  0.16  0.33  0.65  0.96  1.57  2.99  4.52  5.64  7.54  8.98  9.13  8.50  7.47  6.80  5.21  2.94  1.51  1.17  0.62  0.30  0.15  0.09  0.06  0.05  0.05  0.04
10 -30  0.03  0.10  0.16  0.32  0.63  0.94  1.55  2.96  4.43  5.53  7.49  9.11  9.35  8.79  7.56  6.74  4.93  2.39  1.04  0.79  0.37  0.16  0.11  0.07  0.06  0.05  0.05  0.04
10 -25  0.03  0.10  0.16  0.33  0.64  0.95  1.55  2.92  4.34  5.39  7.36  9.14  9.52  9.08  7.70  6.79  4.69  2.03  0.83  0.62  0.27  0.09  0.07  0.06  0.05  0.05  0.05  0.05
10 -20  0.03  0.10  0.16  0.32  0.64  0.95  1.54  2.91  4.26  5.28  7.22  9.14  9.67  9.34  7.82  6.81  4.44  1.66  0.63  0.47  0.18  0.06  0.05  0.05  0.05  0.05  0.05  0.05
10 -15  0.03  0.09  0.16  0.31  0.62  0.92  1.51  2.92  4.21  5.16  7.04  9.05  9.73  9.54  8.02  7.05  4.22  1.49  0.55  0.41  0.15  0.05  0.04  0.04  0.04  0.05  0.05  0.05
10 -10  0.03  0.09  0.15  0.30  0.60  0.90  1.49  2.91  4.17  5.07  6.87  8.98  9.85  9.84  8.26  7.29  4.00  1.34  0.48  0.35  0.13  0.04  0.04  0.04  0.04  0.04  0.04  0.04
10  -5  0.03  0.09  0.15  0.30  0.61  0.90  1.49  2.92  4.15  5.04  6.76  8.92  9.92 10.02  8.33  7.31  3.92  1.31  0.46  0.34  0.13  0.04  0.03  0.03  0.03  0.04  0.04  0.04
10   0  0.03  0.09  0.15  0.30  0.60  0.89  1.48  2.93  4.17  5.04  6.75  8.92 10.00 10.21  8.44  7.34  3.87  1.27  0.44  0.32  0.12  0.04  0.03  0.03  0.03  0.04  0.04  0.03
10   5  0.03  0.09  0.16  0.31  0.62  0.92  1.51  2.93  4.19  5.08  6.81  8.88  9.90 10.13  8.46  7.39  4.10  1.38  0.52  0.38  0.14  0.04  0.03  0.03  0.03  0.04  0.03  0.03
10  10  0.03  0.09  0.16  0.31  0.62  0.93  1.53  2.95  4.24  5.15  6.92  8.92  9.82 10.03  8.47  7.42  4.33  1.49  0.60  0.44  0.15  0.04  0.03  0.03  0.03  0.04  0.04  0.03
10  15  0.03  0.10  0.16  0.32  0.63  0.94  1.55  2.96  4.31  5.26  7.05  8.89  9.60  9.66  8.23  7.22  4.30  1.52  0.62  0.45  0.15  0.04  0.04  0.04  0.04  0.04  0.04  0.04
10  20  0.03  0.10  0.17  0.33  0.65  0.97  1.58  2.98  4.35  5.34  7.16  8.90  9.42  9.35  8.01  7.02  4.27  1.55  0.64  0.46  0.15  0.05  0.04  0.04  0.04  0.05  0.05  0.04
10  25  0.03  0.10  0.16  0.33  0.65  0.97  1.59  3.05  4.50  5.53  7.28  8.77  9.13  8.96  7.84  7.02  4.33  1.62  0.66  0.48  0.17  0.06  0.05  0.05  0.05  0.05  0.05  0.05
10  30  0.03  0.10  0.17  0.34  0.67  0.99  1.62  3.09  4.63  5.73  7.46  8.67  8.84  8.56  7.65  7.01  4.39  1.69  0.69  0.50  0.19  0.08  0.06  0.05  0.05  0.05  0.05  0.05
10  35  0.04  0.11  0.18  0.35  0.69  1.03  1.67  3.18  4.79  5.95  7.55  8.42  8.41  8.02  7.16  6.58  4.32  1.89  0.90  0.68  0.31  0.11  0.07  0.06  0.06  0.05  0.05  0.05
10  40  0.04  0.11  0.18  0.36  0.71  1.06  1.73  3.27  4.98  6.19  7.65  8.18  7.97  7.50  6.70  6.15  4.26  2.09  1.10  0.84  0.42  0.19  0.10  0.07  0.06  0.05  0.05  0.05
10  45  0.04  0.11  0.19  0.38  0.75  1.11  1.81  3.40  5.18  6.42  7.69  7.95  7.62  7.08  6.40  5.93  4.28  2.29  1.28  1.00  0.55  0.23  0.13  0.09  0.07  0.06  0.05  0.05
10  50  0.04  0.12  0.20  0.39  0.78  1.15  1.88  3.54  5.35  6.61  7.69  7.68  7.23  6.66  6.08  5.69  4.30  2.48  1.46  1.17  0.69  0.27  0.15  0.12  0.08  0.06  0.05  0.05
10  55  0.04  0.12  0.20  0.40  0.79  1.18  1.93  3.67  5.41  6.63  7.52  7.41  6.92  6.33  5.77  5.39  4.22  2.52  1.56  1.26  0.77  0.33  0.20  0.14  0.09  0.06  0.05  0.05
10  60  0.04  0.13  0.21  0.42  0.83  1.23  2.01  3.86  5.67  6.89  7.55  7.21  6.63  5.95  5.48  5.17  4.20  2.63  1.71  1.38  0.86  0.39  0.24  0.16  0.10  0.06  0.05  0.04
10  65  0.04  0.13  0.22  0.43  0.85  1.26  2.06  3.92  5.55  6.64  7.10  6.71  6.16  5.50  5.07  4.79  3.95  2.65  1.84  1.51  0.98  0.45  0.27  0.17  0.10  0.06  0.05  0.04
10  70  0.04  0.13  0.22  0.44  0.86  1.28  2.10  3.97  5.41  6.37  6.65  6.21  5.68  5.06  4.66  4.41  3.70  2.66  1.97  1.64  1.10  0.50  0.29  0.19  0.10  0.06  0.05  0.04
10  75  0.04  0.13  0.22  0.43  0.86  1.27  2.08  3.92  4.97  5.68  5.90  5.63  5.23  4.69  4.31  4.08  3.54  2.68  2.02  1.69  1.15  0.52  0.31  0.20  0.10  0.06  0.05  0.04
10  80  0.04  0.13  0.22  0.43  0.85  1.26  2.05  3.86  4.54  5.00  5.18  5.07  4.79  4.31  3.95  3.74  3.39  2.70  2.06  1.73  1.20  0.55  0.32  0.21  0.11  0.06  0.05  0.04
10  85  0.04  0.13  0.22  0.43  0.85  1.25  2.04  3.83  4.52  4.98  5.17  5.08  4.80  4.32  3.95  3.73  3.39  2.70  2.06  1.74  1.20  0.55  0.32  0.21  0.13  0.06  0.05  0.04
10  90  0.04  0.13  0.21  0.43  0.84  1.25  2.03  3.81  4.49  4.96  5.17  5.07  4.79  4.30  3.89  3.67  3.37  2.69  2.06  1.73  1.19  0.55  0.32  0.21  0.13  0.06  0.05  0.04
11 -90  0.03  0.08  0.13  0.26  0.51  0.76  1.24  2.32  3.34  4.06  5.47  6.58  6.94  6.87  6.63  6.24  4.79  2.60  1.74  1.53  1.06  0.57  0.30  0.17  0.05  0.04  0.03  0.02
11 -85  0.03  0.08  0.13  0.26  0.52  0.77  1.26  2.36  3.40  4.14  5.56  6.64  6.89  6.70  6.42  6.13  4.88  2.69  1.70  1.46  0.97  0.54  0.30  0.07  0.05  0.04  0.03  0.02
11 -80  0.03  0.08  0.13  0.26  0.52  0.78  1.26  2.37  3.40  4.15  5.56  6.63  6.85  6.62  6.36  6.08  4.83  2.67  1.70  1.46  0.99  0.54  0.30  0.17  0.05  0.04  0.03  0.02
11 -75  0.03  0.08  0.14  0.27  0.53  0.79  1.28  2.40  3.46  4.24  5.62  6.75  6.99  6.71  6.59  6.44  5.04  2.81  1.79  1.53  1.05  0.58  0.32  0.18  0.05  0.04  0.03  0.02
11 -70  0.03  0.08  0.14  0.27  0.54  0.79  1.29  2.42  3.51  4.32  5.70  6.90  7.15  6.81  6.81  6.77  5.24  2.91  1.84  1.58  1.09  0.62  0.34  0.19  0.05  0.04  0.03  0.03
11 -65  0.03  0.08  0.14  0.28  0.55  0.81  1.32  2.49  3.63  4.50  5.96  7.21  7.44  7.02  6.95  6.92  5.32  3.08  1.92  1.61  1.08  0.62  0.34  0.19  0.06  0.04  0.03  0.03
11 -60  0.03  0.09  0.14  0.29  0.57  0.84  1.36  2.55  3.75  4.68  6.22  7.51  7.72  7.25  7.12  7.07  5.39  3.24  1.97  1.61  1.03  0.60  0.33  0.19  0.06  0.04  0.03  0.03
11 -55  0.03  0.09  0.15  0.30  0.58  0.87  1.41  2.64  3.92  4.86  6.44  7.80  8.03  7.62  7.07  6.71  5.20  3.23  1.95  1.57  0.92  0.51  0.30  0.17  0.06  0.04  0.03  0.03
11 -50  0.03  0.09  0.15  0.30  0.59  0.87  1.42  2.66  3.95  4.90  6.59  8.11  8.40  7.91  6.98  6.35  5.00  3.21  1.90  1.50  0.84  0.42  0.26  0.10  0.06  0.04  0.04  0.03
11 -45  0.03  0.09  0.15  0.29  0.58  0.86  1.41  2.71  3.99  4.95  6.70  8.35  8.71  8.21  7.17  6.47  5.03  3.17  1.83  1.44  0.79  0.39  0.24  0.09  0.06  0.05  0.04  0.03
11 -40  0.03  0.09  0.15  0.29  0.58  0.86  1.41  2.74  4.03  4.98  6.81  8.62  9.06  8.57  7.38  6.60  5.09  3.14  1.76  1.37  0.73  0.36  0.22  0.08  0.06  0.05  0.04  0.04
11 -35  0.03  0.09  0.15  0.29  0.59  0.87  1.43  2.77  4.08  5.04  6.91  8.81  9.31  8.87  7.56  6.67  4.83  2.62  1.32  1.02  0.52  0.26  0.13  0.08  0.06  0.05  0.05  0.04
11 -30  0.03  0.09  0.15  0.30  0.59  0.88  1.45  2.81  4.11  5.08  6.98  8.94  9.53  9.20  7.75  6.76  4.56  2.10  0.89  0.67  0.30  0.15  0.09  0.06  0.06  0.05  0.05  0.04
11 -25  0.03  0.09  0.15  0.31  0.61  0.90  1.48  2.83  4.14  5.11  7.02  9.02  9.65  9.42  7.84  6.75  4.38  1.88  0.73  0.55  0.23  0.09  0.06  0.05  0.05  0.05  0.05  0.04
11 -20  0.03  0.09  0.15  0.30  0.60  0.90  1.48  2.88  4.18  5.16  7.07  9.07  9.74  9.60  7.89  6.71  4.19  1.65  0.59  0.44  0.16  0.06  0.05  0.05  0.05  0.05  0.05  0.04
11 -15  0.03  0.09  0.15  0.30  0.60  0.89  1.48  2.92  4.21  5.16  7.04  9.05  9.76  9.70  8.04  6.93  4.05  1.48  0.53  0.39  0.15  0.05  0.04  0.04  0.04  0.05  0.05  0.04
11 -10  0.03  0.09  0.15  0.29  0.59  0.89  1.48  2.96  4.26  5.19  7.01  9.05  9.86  9.87  8.23  7.16  3.92  1.32  0.47  0.35  0.14  0.04  0.04  0.04  0.04  0.04  0.04  0.04
11  -5  0.03  0.09  0.15  0.30  0.60  0.89  1.49  2.98  4.27  5.20  6.93  8.96  9.83  9.88  8.21  7.15  3.82  1.26  0.44  0.33  0.14  0.04  0.03  0.03  0.03  0.04  0.04  0.03
11   0  0.03  0.09  0.15  0.30  0.61  0.91  1.51  2.99  4.31  5.23  6.93  8.90  9.80  9.93  8.24  7.16  3.73  1.19  0.42  0.32  0.13  0.04  0.03  0.03  0.03  0.04  0.03  0.03
11   5  0.03  0.09  0.16  0.31  0.62  0.93  1.53  2.98  4.28  5.21  6.88  8.76  9.65  9.83  8.22  7.18  3.94  1.28  0.46  0.35  0.13  0.04  0.03  0.03  0.03  0.04  0.03  0.03
11  10  0.03  0.09  0.16  0.31  0.63  0.93  1.54  2.97  4.28  5.21  6.88  8.69  9.50  9.69  8.19  7.18  4.15  1.37  0.51  0.38  0.13  0.04  0.04  0.04  0.04  0.04  0.04  0.04
11  15  0.03  0.10  0.16  0.32  0.63  0.94  1.55  2.99  4.35  5.30  6.98  8.59  9.22  9.28  7.94  6.97  4.08  1.41  0.52  0.38  0.13  0.04  0.04  0.04  0.04  0.04  0.04  0.04
11  20  0.03  0.10  0.17  0.33  0.65  0.97  1.58  3.00  4.39  5.36  7.04  8.53  8.97  8.92  7.68  6.77  4.01  1.45  0.54  0.39  0.14  0.05  0.04  0.04  0.04  0.04  0.05  0.04
11  25  0.03  0.10  0.17  0.33  0.66  0.98  1.61  3.11  4.59  5.64  7.20  8.37  8.61  8.46  7.45  6.69  4.11  1.56  0.62  0.45  0.18  0.06  0.05  0.04  0.04  0.05  0.05  0.05
11  30  0.04  0.11  0.18  0.35  0.69  1.03  1.68  3.19  4.79  5.91  7.41  8.25  8.26  7.98  7.19  6.62  4.21  1.68  0.70  0.52  0.22  0.09  0.06  0.05  0.05  0.05  0.05  0.05
11  35  0.04  0.11  0.19  0.37  0.73  1.09  1.78  3.35  5.06  6.25  7.53  7.99  7.83  7.44  6.82  6.38  4.41  2.01  0.96  0.73  0.35  0.15  0.08  0.06  0.05  0.05  0.05  0.05
11  40  0.04  0.12  0.20  0.39  0.78  1.15  1.88  3.54  5.36  6.60  7.65  7.75  7.42  6.96  6.49  6.14  4.60  2.32  1.22  0.94  0.48  0.20  0.12  0.08  0.06  0.05  0.05  0.05
11  45  0.04  0.13  0.21  0.42  0.83  1.23  1.99  3.74  5.60  6.84  7.63  7.51  7.11  6.63  6.31  6.07  4.68  2.50  1.42  1.12  0.63  0.27  0.16  0.11  0.08  0.06  0.05  0.05
11  50  0.05  0.13  0.22  0.45  0.88  1.30  2.11  3.95  5.79  7.03  7.57  7.23  6.78  6.32  6.12  5.98  4.73  2.67  1.62  1.31  0.78  0.35  0.19  0.13  0.09  0.06  0.05  0.05
11  55  0.05  0.14  0.23  0.45  0.90  1.33  2.16  4.06  5.69  6.83  7.25  6.98  6.56  6.11  5.89  5.72  4.58  2.71  1.70  1.40  0.92  0.40  0.22  0.14  0.09  0.06  0.05  0.05
11  60  0.05  0.14  0.23  0.46  0.92  1.36  2.22  4.22  5.79  6.86  7.12  6.78  6.36  5.86  5.67  5.55  4.50  2.81  1.83  1.53  1.05  0.46  0.25  0.16  0.10  0.06  0.05  0.05
11  65  0.05  0.14  0.23  0.45  0.89  1.32  2.15  4.08  5.52  6.52  6.87  6.64  6.26  5.75  5.43  5.22  4.39  2.90  2.02  1.72  1.23  0.56  0.29  0.19  0.10  0.06  0.05  0.05
11  70  0.04  0.13  0.22  0.44  0.87  1.29  2.09  3.90  5.25  6.18  6.60  6.48  6.14  5.64  5.18  4.88  4.28  2.99  2.21  1.90  1.41  0.65  0.34  0.21  0.10  0.06  0.05  0.05
11  75  0.04  0.13  0.22  0.43  0.85  1.26  2.03  3.73  4.95  5.77  6.12  5.82  5.35  4.79  4.35  4.08  3.72  2.91  2.14  1.84  1.35  0.61  0.31  0.20  0.10  0.06  0.05  0.05
11  80  0.04  0.13  0.22  0.43  0.84  1.23  1.98  3.57  4.65  5.36  5.64  5.15  4.55  3.94  3.53  3.27  3.16  2.83  2.07  1.77  1.29  0.57  0.29  0.18  0.11  0.06  0.05  0.05
11  85  0.04  0.13  0.22  0.43  0.84  1.23  1.97  3.56  4.62  5.33  5.60  5.13  4.54  3.94  3.53  3.27  3.16  2.83  2.07  1.77  1.28  0.57  0.29  0.18  0.11  0.06  0.05  0.05
11  90  0.04  0.13  0.22  0.43  0.84  1.23  1.98  3.56  4.59  5.28  5.57  5.13  4.58  3.99  3.53  3.26  3.16  2.82  2.06  1.76  1.27  0.57  0.29  0.18  0.11  0.06  0.05  0.05
12 -90  0.02  0.07  0.12  0.23  0.46  0.68  1.11  2.06  3.07  3.80  5.27  6.33  6.28  5.71  5.50  5.50  4.99  3.67  2.41  2.04  1.36  0.67  0.40  0.22  0.10  0.04  0.03  0.02
12 -85  0.02  0.07  0.12  0.23  0.46  0.68  1.11  2.06  3.07  3.81  5.27  6.35  6.34  5.73  5.42  5.31  4.85  3.62  2.34  1.95  1.27  0.63  0.39  0.22  0.10  0.04  0.03  0.02
12 -80  0.02  0.07  0.12  0.23  0.46  0.68  1.11  2.06  3.06  3.81  5.27  6.35  6.34  5.73  5.39  5.27  4.82  3.59  2.32  1.93  1.26  0.62  0.39  0.22  0.10  0.04  0.03  0.02
12 -75  0.02  0.07  0.12  0.24  0.48  0.70  1.14  2.12  3.12  3.87  5.29  6.44  6.50  5.91  5.55  5.41  4.88  3.54  2.25  1.88  1.23  0.61  0.38  0.21  0.06  0.04  0.03  0.02
12 -70  0.03  0.08  0.12  0.25  0.49  0.72  1.17  2.19  3.18  3.93  5.31  6.52  6.66  6.10  5.73  5.56  4.94  3.46  2.16  1.80  1.18  0.60  0.38  0.21  0.06  0.04  0.03  0.02
12 -65  0.03  0.08  0.13  0.26  0.51  0.75  1.21  2.26  3.27  4.05  5.47  6.81  7.06  6.55  6.12  5.88  4.97  3.33  2.03  1.66  1.07  0.55  0.35  0.19  0.06  0.04  0.03  0.03
12 -60  0.03  0.08  0.13  0.27  0.52  0.77  1.25  2.33  3.36  4.17  5.64  7.12  7.48  7.02  6.52  6.21  5.02  3.22  1.91  1.54  0.95  0.50  0.32  0.18  0.07  0.04  0.03  0.03
12 -55  0.03  0.08  0.14  0.28  0.55  0.81  1.31  2.44  3.54  4.34  5.84  7.46  7.92  7.64  6.91  6.41  4.92  3.02  1.75  1.40  0.80  0.43  0.27  0.16  0.07  0.04  0.03  0.03
12 -50  0.03  0.08  0.14  0.28  0.55  0.82  1.33  2.49  3.58  4.38  5.98  7.81  8.43  8.15  7.22  6.57  4.80  2.80  1.55  1.22  0.68  0.37  0.22  0.11  0.07  0.04  0.04  0.03
12 -45  0.03  0.08  0.14  0.28  0.55  0.82  1.35  2.58  3.70  4.53  6.17  8.08  8.78  8.57  7.28  6.37  4.59  2.61  1.43  1.12  0.61  0.32  0.19  0.09  0.06  0.05  0.04  0.03
12 -40  0.03  0.08  0.14  0.28  0.56  0.83  1.37  2.67  3.81  4.65  6.36  8.37  9.15  8.99  7.32  6.16  4.39  2.43  1.30  1.02  0.54  0.28  0.12  0.07  0.06  0.05  0.04  0.04
12 -35  0.03  0.09  0.14  0.29  0.57  0.85  1.40  2.73  3.95  4.85  6.61  8.62  9.37  9.19  7.70  6.64  4.39  2.11  1.01  0.78  0.39  0.19  0.10  0.07  0.05  0.05  0.04  0.04
12 -30  0.03  0.09  0.15  0.29  0.58  0.86  1.43  2.80  4.06  5.00  6.83  8.82  9.53  9.38  8.06  7.12  4.37  1.79  0.72  0.55  0.24  0.13  0.08  0.06  0.05  0.05  0.05  0.04
12 -25  0.03  0.09  0.15  0.30  0.60  0.89  1.47  2.85  4.18  5.15  7.04  9.00  9.66  9.51  8.07  7.05  4.25  1.66  0.61  0.46  0.19  0.09  0.06  0.05  0.05  0.05  0.05  0.04
12 -20  0.03  0.09  0.15  0.30  0.60  0.89  1.48  2.93  4.31  5.33  7.27  9.17  9.76  9.62  8.04  6.94  4.11  1.52  0.51  0.38  0.14  0.06  0.05  0.04  0.04  0.05  0.05  0.04
12 -15  0.03  0.09  0.15  0.30  0.60  0.90  1.50  2.99  4.41  5.46  7.42  9.28  9.84  9.72  8.14  7.06  4.02  1.40  0.46  0.34  0.13  0.05  0.04  0.04  0.04  0.04  0.04  0.04
12 -10  0.03  0.09  0.15  0.30  0.60  0.90  1.51  3.06  4.53  5.59  7.54  9.43 10.01  9.87  8.26  7.18  3.93  1.29  0.41  0.31  0.13  0.04  0.04  0.03  0.04  0.04  0.04  0.04
12  -5  0.03  0.09  0.15  0.30  0.60  0.91  1.52  3.09  4.56  5.62  7.48  9.34  9.93  9.81  8.06  6.92  3.76  1.23  0.39  0.30  0.13  0.04  0.03  0.03  0.03  0.04  0.03  0.03
12   0  0.03  0.10  0.16  0.32  0.63  0.94  1.56  3.08  4.59  5.66  7.48  9.25  9.84  9.74  7.88  6.65  3.59  1.17  0.37  0.29  0.14  0.04  0.03  0.03  0.03  0.04  0.03  0.03
12   5  0.03  0.10  0.16  0.32  0.64  0.95  1.57  3.06  4.53  5.60  7.35  9.02  9.60  9.51  7.87  6.80  3.81  1.27  0.42  0.32  0.13  0.04  0.03  0.03  0.04  0.04  0.04  0.03
12  10  0.03  0.10  0.16  0.32  0.64  0.95  1.57  3.05  4.51  5.55  7.28  8.83  9.34  9.28  7.87  6.94  4.05  1.37  0.48  0.35  0.13  0.04  0.04  0.04  0.04  0.04  0.04  0.04
12  15  0.03  0.10  0.16  0.32  0.64  0.96  1.58  3.05  4.51  5.56  7.26  8.64  9.02  8.87  7.60  6.70  3.99  1.46  0.50  0.37  0.13  0.05  0.04  0.04  0.04  0.04  0.05  0.04
12  20  0.03  0.10  0.17  0.33  0.66  0.98  1.60  3.04  4.51  5.55  7.20  8.44  8.69  8.48  7.31  6.47  3.93  1.54  0.53  0.38  0.13  0.05  0.04  0.04  0.04  0.05  0.05  0.05
12  25  0.03  0.10  0.17  0.33  0.66  0.98  1.61  3.12  4.61  5.68  7.19  8.17  8.27  8.01  7.17  6.55  4.18  1.70  0.66  0.48  0.20  0.06  0.05  0.05  0.05  0.05  0.05  0.05
12  30  0.04  0.10  0.17  0.35  0.69  1.02  1.67  3.16  4.72  5.80  7.20  7.93  7.87  7.54  7.02  6.64  4.42  1.88  0.80  0.60  0.26  0.10  0.07  0.06  0.05  0.05  0.05  0.05
12  35  0.04  0.11  0.19  0.37  0.73  1.08  1.77  3.33  4.93  6.02  7.17  7.64  7.50  7.12  6.82  6.61  4.75  2.24  1.10  0.85  0.45  0.21  0.10  0.07  0.06  0.05  0.05  0.05
12  40  0.04  0.12  0.20  0.39  0.78  1.15  1.87  3.51  5.15  6.24  7.17  7.37  7.14  6.75  6.65  6.57  5.07  2.59  1.39  1.11  0.64  0.30  0.16  0.10  0.07  0.05  0.05  0.05
12  45  0.04  0.13  0.21  0.42  0.82  1.22  1.98  3.72  5.33  6.37  7.07  7.14  6.90  6.55  6.45  6.37  5.02  2.86  1.63  1.31  0.79  0.37  0.20  0.13  0.08  0.06  0.05  0.05
12  50  0.04  0.13  0.22  0.44  0.87  1.29  2.09  3.91  5.45  6.47  6.96  6.90  6.66  6.37  6.23  6.14  4.96  3.13  1.87  1.52  0.95  0.44  0.24  0.15  0.09  0.06  0.05  0.05
12  55  0.04  0.13  0.22  0.44  0.87  1.29  2.10  3.91  5.23  6.17  6.68  6.77  6.57  6.29  6.02  5.82  4.75  3.13  1.98  1.65  1.11  0.52  0.27  0.16  0.10  0.06  0.05  0.05
12  60  0.04  0.13  0.22  0.44  0.87  1.29  2.11  3.96  5.22  6.11  6.58  6.69  6.51  6.17  5.83  5.61  4.59  3.18  2.14  1.80  1.25  0.60  0.31  0.18  0.10  0.06  0.05  0.05
12  65  0.05  0.14  0.23  0.45  0.88  1.30  2.10  3.84  5.12  6.01  6.54  6.66  6.44  6.04  5.60  5.31  4.47  3.13  2.20  1.86  1.32  0.63  0.30  0.18  0.10  0.06  0.05  0.05
12  70  0.05  0.14  0.23  0.45  0.89  1.31  2.09  3.72  5.00  5.89  6.47  6.62  6.37  5.92  5.37  5.02  4.35  3.08  2.25  1.92  1.39  0.66  0.30  0.18  0.11  0.06  0.05  0.05
12  75  0.04  0.13  0.22  0.44  0.85  1.24  1.96  3.39  4.70  5.59  6.22  6.25  5.93  5.43  4.92  4.58  4.12  3.11  2.27  1.94  1.39  0.66  0.32  0.19  0.11  0.06  0.05  0.05
12  80  0.04  0.13  0.21  0.41  0.80  1.17  1.83  3.07  4.40  5.31  5.98  5.88  5.48  4.94  4.46  4.13  3.89  3.13  2.28  1.95  1.40  0.66  0.34  0.21  0.11  0.06  0.05  0.05
12  85  0.04  0.13  0.21  0.41  0.80  1.17  1.83  3.06  4.37  5.27  5.93  5.86  5.48  4.96  4.47  4.13  3.88  3.13  2.28  1.95  1.40  0.66  0.34  0.21  0.11  0.06  0.05  0.05
12  90  0.04  0.13  0.21  0.41  0.80  1.17  1.83  3.06  4.35  5.21  5.83  5.83  5.51  5.03  4.52  4.17  3.90  3.12  2.26  1.92  1.38  0.66  0.34  0.21  0.11  0.06  0.05  0.05
