     0.010
     0.030
     0.050
     0.100
     0.200
     0.300
     0.500
     1.000
     1.500
     2.000
     3.000
     5.000
     7.000
    10.000
    15.000
    20.000
    30.000
    50.000
    70.000
    80.000
   100.000
   150.000
   200.000
   250.000
   300.000
   400.000
   500.000
   600.000
 1 -90  0.02  0.07  0.11  0.22  0.45  0.68  1.14  2.32  3.36  4.16  5.84  6.77  6.47  5.52  4.63  4.01  3.40  2.81  2.25  1.92  1.29  0.66  0.34  0.19  0.08  0.06  0.03  0.02
 1 -85  0.02  0.07  0.11  0.22  0.45  0.68  1.14  2.33  3.36  4.16  5.84  6.77  6.47  5.52  4.63  4.01  3.40  2.81  2.25  1.92  1.29  0.66  0.34  0.19  0.08  0.06  0.03  0.02
 1 -80  0.02  0.07  0.11  0.23  0.45  0.68  1.14  2.33  3.36  4.16  5.84  6.77  6.46  5.52  4.63  4.01  3.40  2.81  2.25  1.92  1.29  0.66  0.34  0.19  0.08  0.05  0.03  0.02
 1 -75  0.02  0.07  0.12  0.23  0.46  0.70  1.18  2.39  3.44  4.24  5.85  6.89  6.70  5.80  4.98  4.39  3.70  2.87  2.24  1.90  1.27  0.66  0.35  0.18  0.08  0.05  0.03  0.02
 1 -70  0.02  0.07  0.12  0.24  0.48  0.72  1.21  2.46  3.53  4.32  5.86  7.01  6.93  6.09  5.32  4.77  4.02  2.95  2.20  1.87  1.23  0.64  0.35  0.18  0.08  0.05  0.03  0.02
 1 -65  0.02  0.07  0.12  0.25  0.50  0.75  1.25  2.55  3.65  4.46  6.03  7.33  7.39  6.65  5.93  5.42  4.30  2.96  2.06  1.73  1.11  0.56  0.33  0.19  0.11  0.05  0.03  0.02
 1 -60  0.03  0.08  0.13  0.26  0.52  0.78  1.30  2.65  3.79  4.61  6.22  7.65  7.86  7.21  6.54  6.06  4.57  2.97  1.91  1.60  1.00  0.49  0.32  0.19  0.12  0.05  0.03  0.02
 1 -55  0.03  0.08  0.14  0.27  0.55  0.82  1.38  2.81  3.99  4.87  6.48  7.96  8.27  7.80  6.97  6.35  4.49  2.75  1.60  1.33  0.79  0.37  0.26  0.18  0.11  0.05  0.03  0.03
 1 -50  0.03  0.08  0.14  0.28  0.56  0.84  1.41  2.87  4.09  5.02  6.66  8.26  8.70  8.30  7.33  6.64  4.45  2.56  1.31  1.07  0.57  0.25  0.19  0.16  0.09  0.05  0.03  0.03
 1 -45  0.03  0.08  0.14  0.27  0.55  0.83  1.39  2.81  4.01  4.91  6.68  8.58  9.09  8.73  7.44  6.63  4.54  2.59  1.31  1.04  0.53  0.19  0.15  0.11  0.07  0.04  0.03  0.03
 1 -40  0.03  0.08  0.14  0.27  0.55  0.82  1.38  2.77  4.08  5.03  6.92  8.88  9.45  9.00  7.64  6.64  4.52  2.60  1.35  1.06  0.53  0.18  0.12  0.07  0.05  0.04  0.03  0.03
 1 -35  0.03  0.08  0.14  0.28  0.56  0.84  1.41  2.83  3.93  4.84  6.78  8.87  9.46  9.25  7.75  6.79  4.46  2.35  1.08  0.82  0.38  0.14  0.08  0.05  0.04  0.04  0.03  0.03
 1 -30  0.03  0.08  0.14  0.28  0.57  0.85  1.42  2.85  4.05  4.95  6.89  9.04  9.64  9.29  7.89  6.97  4.40  2.07  0.83  0.59  0.24  0.09  0.06  0.04  0.04  0.03  0.03  0.03
 1 -25  0.03  0.09  0.14  0.29  0.57  0.86  1.44  2.90  4.14  5.16  7.19  9.26  9.75  9.37  7.86  6.90  4.30  1.87  0.73  0.51  0.19  0.06  0.04  0.03  0.03  0.03  0.03  0.03
 1 -20  0.03  0.08  0.14  0.28  0.56  0.84  1.39  2.78  4.20  5.27  7.24  9.49 10.15  9.64  7.98  6.87  4.26  1.68  0.62  0.42  0.13  0.05  0.03  0.03  0.03  0.03  0.03  0.03
 1 -15  0.03  0.08  0.14  0.28  0.55  0.83  1.38  2.76  4.24  5.19  7.12  9.59 10.43  9.85  8.03  6.90  4.12  1.64  0.55  0.36  0.13  0.04  0.03  0.02  0.03  0.03  0.03  0.03
 1 -10  0.03  0.08  0.14  0.27  0.54  0.82  1.36  2.70  4.07  5.20  7.17  9.39 10.12  9.87  8.05  6.96  4.02  1.57  0.48  0.32  0.08  0.03  0.02  0.02  0.02  0.02  0.02  0.02
 1  -5  0.03  0.08  0.14  0.27  0.55  0.82  1.36  2.70  4.22  5.38  7.62  9.33  9.94  9.70  7.90  6.77  3.90  1.51  0.45  0.30  0.06  0.03  0.02  0.02  0.02  0.02  0.02  0.02
 1   0  0.03  0.09  0.15  0.30  0.60  0.90  1.50  3.01  4.47  5.65  7.74  9.59 10.15  9.71  7.81  6.61  3.69  1.37  0.41  0.28  0.05  0.03  0.02  0.02  0.02  0.02  0.02  0.02
 1   5  0.03  0.09  0.15  0.30  0.60  0.89  1.49  3.00  4.62  5.73  7.88  9.34  9.59  9.49  7.80  6.58  3.88  1.48  0.47  0.31  0.05  0.03  0.02  0.02  0.02  0.02  0.03  0.02
 1  10  0.03  0.09  0.15  0.30  0.60  0.90  1.51  3.03  4.57  5.79  7.54  8.80  9.00  9.02  7.72  6.62  4.05  1.64  0.54  0.36  0.06  0.03  0.02  0.02  0.02  0.03  0.03  0.03
 1  15  0.03  0.09  0.15  0.30  0.61  0.91  1.52  3.06  4.72  5.94  7.39  8.47  8.65  8.66  7.29  6.37  3.97  1.63  0.58  0.40  0.06  0.03  0.02  0.02  0.02  0.03  0.03  0.03
 1  20  0.03  0.09  0.16  0.31  0.63  0.95  1.58  3.20  4.89  6.24  7.53  8.28  8.53  8.37  6.92  6.13  4.04  1.70  0.59  0.43  0.16  0.04  0.03  0.03  0.03  0.03  0.03  0.03
 1  25  0.03  0.09  0.16  0.31  0.63  0.94  1.57  3.17  5.02  6.20  7.50  8.20  8.27  7.78  6.71  6.29  4.34  2.07  0.79  0.60  0.26  0.05  0.04  0.03  0.03  0.03  0.03  0.03
 1  30  0.03  0.10  0.17  0.33  0.67  1.00  1.68  3.39  5.09  6.39  7.49  8.00  8.07  7.45  6.78  6.49  4.71  2.30  0.92  0.71  0.32  0.09  0.06  0.04  0.04  0.03  0.03  0.03
 1  35  0.03  0.10  0.17  0.35  0.70  1.05  1.76  3.57  5.37  6.62  7.69  7.89  7.72  7.28  6.78  6.42  5.04  2.60  1.22  0.95  0.49  0.24  0.15  0.07  0.05  0.03  0.03  0.03
 1  40  0.04  0.11  0.18  0.37  0.73  1.10  1.85  3.76  5.46  6.71  7.71  7.81  7.40  6.83  6.49  6.33  5.39  2.98  1.64  1.24  0.68  0.35  0.22  0.10  0.06  0.04  0.03  0.03
 1  45  0.04  0.11  0.19  0.37  0.75  1.13  1.89  3.84  5.42  6.62  7.52  7.38  6.90  6.60  6.41  6.25  5.51  3.36  1.88  1.53  0.95  0.50  0.31  0.20  0.07  0.04  0.03  0.03
 1  50  0.04  0.11  0.19  0.38  0.76  1.15  1.93  3.90  5.66  6.76  7.33  7.09  6.45  6.03  6.20  6.23  5.66  3.69  2.15  1.78  1.16  0.61  0.35  0.24  0.08  0.04  0.03  0.03
 1  55  0.04  0.12  0.19  0.39  0.77  1.16  1.95  3.96  5.60  6.44  6.88  6.59  6.11  5.87  5.93  5.95  5.40  3.72  2.33  1.94  1.34  0.68  0.39  0.26  0.09  0.04  0.03  0.03
 1  60  0.04  0.12  0.20  0.39  0.78  1.18  1.98  4.01  5.57  6.30  6.67  6.27  5.90  5.77  5.70  5.64  5.10  3.70  2.53  2.14  1.53  0.75  0.44  0.27  0.09  0.04  0.03  0.03
 1  65  0.04  0.12  0.19  0.39  0.77  1.16  1.95  3.96  5.59  6.29  6.69  6.28  6.03  5.97  5.77  5.61  4.92  3.65  2.54  2.16  1.55  0.74  0.41  0.25  0.09  0.04  0.03  0.03
 1  70  0.04  0.11  0.19  0.38  0.76  1.15  1.92  3.91  5.60  6.27  6.72  6.33  6.16  6.16  5.84  5.59  4.77  3.61  2.55  2.18  1.57  0.74  0.39  0.23  0.09  0.04  0.03  0.03
 1  75  0.04  0.11  0.18  0.36  0.73  1.10  1.84  3.75  5.42  6.02  6.45  5.94  5.69  5.66  5.31  5.04  4.55  3.52  2.64  2.32  1.76  0.78  0.40  0.23  0.09  0.04  0.03  0.03
 1  80  0.04  0.11  0.18  0.35  0.71  1.07  1.80  3.69  5.19  5.75  6.14  5.55  5.23  5.13  4.78  4.50  4.33  3.43  2.73  2.45  1.94  0.82  0.41  0.24  0.09  0.05  0.04  0.03
 1  85  0.04  0.11  0.18  0.35  0.71  1.07  1.80  3.69  5.20  5.76  6.15  5.56  5.24  5.13  4.78  4.50  4.33  3.43  2.73  2.45  1.94  0.82  0.41  0.24  0.10  0.05  0.04  0.03
 1  90  0.04  0.11  0.18  0.35  0.71  1.07  1.80  3.69  5.20  5.77  6.16  5.56  5.25  5.14  4.79  4.50  4.33  3.43  2.73  2.45  1.94  0.82  0.41  0.24  0.10  0.05  0.04  0.03
 2 -90  0.03  0.08  0.14  0.28  0.55  0.83  1.40  2.84  4.15  5.11  6.37  6.38  5.73  4.78  4.30  3.81  2.73  2.60  2.32  1.99  1.41  0.67  0.36  0.21  0.13  0.06  0.03  0.02
 2 -85  0.03  0.08  0.14  0.28  0.55  0.83  1.40  2.84  4.15  5.11  6.37  6.38  5.73  4.78  4.30  3.81  2.73  2.60  2.32  1.99  1.41  0.67  0.36  0.21  0.13  0.06  0.03  0.02
 2 -80  0.03  0.08  0.14  0.28  0.55  0.83  1.40  2.85  4.16  5.11  6.37  6.38  5.73  4.79  4.30  3.81  2.73  2.60  2.32  1.99  1.41  0.67  0.36  0.21  0.13  0.05  0.03  0.02
 2 -75  0.03  0.08  0.14  0.27  0.55  0.83  1.39  2.83  4.15  5.10  6.44  6.72  6.20  5.27  4.70  4.17  2.94  2.60  2.32  1.99  1.38  0.66  0.37  0.20  0.12  0.05  0.03  0.02
 2 -70  0.03  0.08  0.14  0.27  0.55  0.82  1.38  2.81  4.14  5.09  6.50  7.06  6.67  5.76  5.10  4.53  3.23  2.61  2.29  1.95  1.33  0.63  0.37  0.20  0.11  0.05  0.03  0.02
 2 -65  0.03  0.08  0.14  0.28  0.56  0.84  1.41  2.87  4.20  5.16  6.65  7.46  7.23  6.38  5.62  5.00  3.68  2.64  2.11  1.79  1.19  0.56  0.35  0.20  0.12  0.05  0.03  0.02
 2 -60  0.03  0.08  0.14  0.28  0.57  0.85  1.44  2.93  4.28  5.26  6.82  7.86  7.79  6.99  6.13  5.46  4.12  2.69  1.94  1.64  1.06  0.48  0.32  0.20  0.12  0.05  0.03  0.03
 2 -55  0.03  0.09  0.15  0.30  0.60  0.90  1.51  3.08  4.46  5.47  7.01  8.14  8.20  7.59  6.69  5.99  4.27  2.57  1.58  1.32  0.80  0.36  0.25  0.18  0.11  0.05  0.03  0.03
 2 -50  0.03  0.09  0.15  0.30  0.61  0.92  1.54  3.15  4.54  5.60  7.18  8.41  8.64  8.14  7.23  6.53  4.40  2.45  1.26  1.02  0.55  0.24  0.18  0.14  0.08  0.04  0.03  0.03
 2 -45  0.03  0.09  0.15  0.30  0.60  0.90  1.51  3.07  4.40  5.43  7.12  8.71  9.04  8.59  7.40  6.57  4.47  2.42  1.26  0.99  0.48  0.18  0.15  0.09  0.06  0.04  0.03  0.03
 2 -40  0.03  0.09  0.15  0.30  0.60  0.90  1.50  3.04  4.44  5.49  7.28  9.01  9.46  9.00  7.65  6.62  4.47  2.37  1.27  0.97  0.44  0.16  0.10  0.06  0.04  0.03  0.03  0.03
 2 -35  0.03  0.09  0.15  0.30  0.60  0.90  1.50  3.03  4.22  5.21  7.07  8.97  9.48  9.25  7.73  6.69  4.36  2.19  1.03  0.77  0.33  0.12  0.07  0.05  0.04  0.03  0.03  0.03
 2 -30  0.03  0.09  0.15  0.30  0.60  0.90  1.50  3.01  4.28  5.24  7.10  9.09  9.65  9.36  7.86  6.81  4.26  1.97  0.81  0.58  0.22  0.08  0.05  0.04  0.03  0.03  0.03  0.03
 2 -25  0.03  0.09  0.15  0.29  0.59  0.89  1.48  2.98  4.23  5.26  7.24  9.32  9.87  9.55  7.91  6.81  4.15  1.84  0.70  0.49  0.18  0.05  0.03  0.03  0.03  0.03  0.03  0.03
 2 -20  0.03  0.08  0.14  0.28  0.56  0.84  1.41  2.82  4.23  5.33  7.21  9.46 10.28  9.95  8.09  6.84  4.11  1.68  0.57  0.39  0.12  0.04  0.03  0.03  0.03  0.03  0.03  0.03
 2 -15  0.03  0.08  0.14  0.28  0.55  0.83  1.39  2.77  4.19  5.08  6.98  9.58 10.57 10.11  8.12  6.88  4.04  1.60  0.53  0.35  0.12  0.03  0.02  0.02  0.02  0.03  0.03  0.02
 2 -10  0.03  0.08  0.13  0.27  0.54  0.81  1.35  2.69  3.97  5.01  6.91  9.34 10.36 10.24  8.15  6.95  4.01  1.48  0.48  0.32  0.08  0.03  0.02  0.02  0.02  0.02  0.02  0.02
 2  -5  0.03  0.08  0.13  0.27  0.54  0.80  1.34  2.67  4.08  5.15  7.31  9.26 10.25 10.14  7.82  6.50  3.84  1.45  0.47  0.32  0.06  0.03  0.02  0.02  0.02  0.02  0.02  0.02
 2   0  0.03  0.09  0.15  0.29  0.59  0.89  1.48  3.00  4.35  5.49  7.58  9.77 10.74 10.35  7.61  6.02  3.57  1.31  0.45  0.31  0.05  0.03  0.02  0.02  0.02  0.02  0.02  0.02
 2   5  0.03  0.09  0.15  0.29  0.58  0.88  1.46  2.95  4.47  5.52  7.68  9.42 10.08 10.07  7.71  6.27  3.76  1.44  0.51  0.34  0.05  0.02  0.02  0.02  0.02  0.02  0.03  0.02
 2  10  0.03  0.09  0.14  0.29  0.58  0.87  1.45  2.93  4.34  5.44  7.32  8.88  9.37  9.41  7.79  6.61  3.96  1.62  0.59  0.40  0.05  0.03  0.02  0.02  0.02  0.03  0.03  0.03
 2  15  0.03  0.09  0.15  0.29  0.58  0.88  1.46  2.94  4.55  5.63  7.28  8.56  8.89  8.95  7.50  6.56  4.02  1.69  0.66  0.46  0.06  0.03  0.02  0.02  0.02  0.03  0.03  0.03
 2  20  0.03  0.09  0.15  0.30  0.61  0.92  1.53  3.09  4.67  5.91  7.41  8.47  8.83  8.71  7.32  6.57  4.28  1.82  0.70  0.51  0.09  0.04  0.03  0.03  0.03  0.03  0.03  0.03
 2  25  0.03  0.09  0.15  0.31  0.61  0.92  1.54  3.11  4.86  5.95  7.39  8.34  8.50  8.08  6.98  6.48  4.50  2.15  0.88  0.66  0.26  0.05  0.04  0.03  0.03  0.03  0.03  0.03
 2  30  0.03  0.10  0.16  0.32  0.65  0.98  1.64  3.32  4.98  6.25  7.51  8.17  8.30  7.76  6.90  6.45  4.82  2.32  1.00  0.75  0.31  0.18  0.07  0.05  0.04  0.03  0.03  0.03
 2  35  0.03  0.10  0.17  0.34  0.68  1.03  1.73  3.50  5.31  6.55  7.82  8.14  8.03  7.57  6.92  6.46  5.09  2.73  1.29  0.99  0.47  0.30  0.21  0.08  0.06  0.04  0.03  0.03
 2  40  0.04  0.11  0.18  0.36  0.72  1.08  1.82  3.70  5.41  6.68  7.87  8.12  7.79  7.15  6.64  6.38  5.35  3.18  1.69  1.26  0.66  0.42  0.29  0.12  0.07  0.04  0.03  0.03
 2  45  0.04  0.11  0.18  0.37  0.74  1.11  1.86  3.77  5.45  6.73  7.90  7.87  7.38  6.99  6.61  6.29  5.53  3.56  1.95  1.58  0.96  0.55  0.37  0.23  0.08  0.04  0.03  0.03
 2  50  0.04  0.11  0.19  0.37  0.75  1.12  1.88  3.81  5.69  6.99  7.78  7.62  6.94  6.45  6.37  6.22  5.70  3.86  2.27  1.87  1.19  0.65  0.40  0.28  0.09  0.05  0.04  0.03
 2  55  0.04  0.12  0.19  0.39  0.78  1.17  1.95  3.96  5.76  6.88  7.49  7.26  6.66  6.29  6.20  6.10  5.66  3.97  2.45  2.04  1.38  0.70  0.44  0.30  0.10  0.05  0.04  0.03
 2  60  0.04  0.12  0.20  0.40  0.81  1.21  2.04  4.13  5.86  6.92  7.39  6.99  6.45  6.15  6.04  5.96  5.60  4.05  2.65  2.23  1.57  0.77  0.48  0.31  0.10  0.05  0.04  0.03
 2  65  0.04  0.12  0.20  0.40  0.81  1.22  2.04  4.14  5.80  6.75  7.19  6.82  6.40  6.20  6.00  5.85  5.40  3.91  2.76  2.35  1.71  0.83  0.48  0.30  0.10  0.05  0.04  0.03
 2  70  0.04  0.12  0.20  0.40  0.81  1.22  2.04  4.15  5.76  6.60  7.01  6.64  6.36  6.27  5.96  5.73  5.25  3.79  2.86  2.48  1.85  0.90  0.47  0.29  0.11  0.05  0.04  0.03
 2  75  0.04  0.12  0.20  0.40  0.80  1.21  2.03  4.13  5.64  6.33  6.94  6.75  6.64  6.60  6.15  5.83  5.31  3.74  2.91  2.54  1.90  0.94  0.49  0.29  0.11  0.05  0.04  0.03
 2  80  0.04  0.12  0.20  0.40  0.80  1.20  2.02  4.12  5.52  6.05  6.87  6.90  6.92  6.92  6.35  5.94  5.35  3.67  2.94  2.58  1.93  0.97  0.51  0.29  0.11  0.05  0.04  0.03
 2  85  0.04  0.12  0.20  0.40  0.80  1.20  2.02  4.12  5.52  6.06  6.88  6.91  6.92  6.92  6.35  5.94  5.35  3.67  2.94  2.57  1.93  0.97  0.51  0.29  0.11  0.05  0.04  0.03
 2  90  0.04  0.12  0.20  0.40  0.80  1.20  2.02  4.12  5.53  6.06  6.89  6.92  6.93  6.92  6.35  5.94  5.36  3.67  2.94  2.57  1.93  0.97  0.51  0.29  0.11  0.05  0.04  0.03
 3 -90  0.04  0.12  0.20  0.40  0.81  1.22  2.05  4.19  5.60  6.46  6.53  5.92  5.20  4.51  3.87  3.14  2.54  2.60  2.45  2.12  1.52  0.60  0.33  0.19  0.11  0.05  0.03  0.02
 3 -85  0.04  0.12  0.20  0.40  0.81  1.22  2.05  4.19  5.60  6.46  6.52  5.91  5.20  4.51  3.87  3.14  2.54  2.60  2.46  2.12  1.52  0.60  0.33  0.19  0.11  0.05  0.03  0.02
 3 -80  0.04  0.12  0.20  0.40  0.81  1.22  2.05  4.19  5.60  6.46  6.52  5.91  5.20  4.51  3.87  3.14  2.54  2.60  2.46  2.12  1.52  0.60  0.33  0.19  0.11  0.05  0.03  0.02
 3 -75  0.04  0.11  0.19  0.38  0.77  1.16  1.95  4.00  5.54  6.52  6.92  6.43  5.69  4.92  4.21  3.44  2.66  2.57  2.43  2.09  1.47  0.59  0.33  0.19  0.11  0.05  0.03  0.02
 3 -70  0.04  0.11  0.18  0.36  0.73  1.10  1.86  3.80  5.46  6.56  7.30  6.95  6.19  5.33  4.54  3.79  2.87  2.56  2.34  2.01  1.40  0.57  0.32  0.18  0.11  0.05  0.03  0.03
 3 -65  0.04  0.11  0.18  0.35  0.71  1.07  1.80  3.68  5.37  6.51  7.48  7.42  6.76  5.89  5.15  4.50  3.32  2.58  2.12  1.82  1.24  0.51  0.31  0.18  0.12  0.05  0.03  0.03
 3 -60  0.03  0.10  0.17  0.34  0.69  1.04  1.75  3.57  5.29  6.48  7.66  7.88  7.34  6.46  5.75  5.19  3.74  2.64  1.91  1.63  1.09  0.45  0.29  0.18  0.11  0.05  0.03  0.03
 3 -55  0.03  0.10  0.17  0.35  0.69  1.05  1.76  3.59  5.33  6.51  7.77  8.18  7.79  7.03  6.32  5.79  4.20  2.61  1.60  1.35  0.85  0.34  0.23  0.17  0.09  0.05  0.03  0.03
 3 -50  0.03  0.10  0.17  0.34  0.69  1.04  1.75  3.57  5.31  6.54  7.90  8.48  8.29  7.61  6.91  6.40  4.60  2.56  1.33  1.09  0.62  0.24  0.17  0.11  0.07  0.04  0.03  0.03
 3 -45  0.03  0.10  0.17  0.33  0.67  1.00  1.69  3.44  5.06  6.27  7.78  8.80  8.78  8.15  7.08  6.27  4.49  2.49  1.28  1.01  0.52  0.17  0.13  0.07  0.05  0.03  0.03  0.03
 3 -40  0.03  0.10  0.16  0.33  0.65  0.99  1.65  3.36  4.95  6.17  7.81  9.10  9.29  8.73  7.24  6.10  4.33  2.41  1.21  0.93  0.45  0.14  0.09  0.05  0.04  0.03  0.03  0.03
 3 -35  0.03  0.10  0.16  0.32  0.64  0.96  1.61  3.26  4.68  5.79  7.55  9.07  9.40  9.06  7.65  6.62  4.33  2.23  0.98  0.73  0.32  0.12  0.07  0.04  0.03  0.03  0.03  0.03
 3 -30  0.03  0.09  0.16  0.31  0.63  0.95  1.58  3.20  4.63  5.72  7.48  9.16  9.60  9.32  8.10  7.21  4.37  2.03  0.77  0.55  0.19  0.08  0.05  0.03  0.03  0.03  0.03  0.03
 3 -25  0.03  0.09  0.15  0.31  0.61  0.92  1.54  3.11  4.46  5.54  7.42  9.32  9.87  9.64  8.20  7.23  4.23  1.83  0.63  0.44  0.15  0.05  0.03  0.03  0.03  0.03  0.03  0.03
 3 -20  0.03  0.09  0.15  0.29  0.58  0.88  1.46  2.94  4.42  5.58  7.31  9.34 10.23 10.14  8.43  7.27  4.16  1.55  0.48  0.32  0.09  0.04  0.03  0.02  0.02  0.03  0.03  0.02
 3 -15  0.03  0.09  0.14  0.29  0.57  0.86  1.44  2.89  4.27  5.17  6.93  9.39 10.44 10.28  8.32  7.07  4.09  1.53  0.47  0.31  0.10  0.03  0.02  0.02  0.02  0.02  0.02  0.02
 3 -10  0.03  0.08  0.14  0.28  0.56  0.84  1.40  2.82  4.01  4.98  6.67  9.04 10.28 10.48  8.23  6.91  4.08  1.49  0.47  0.31  0.12  0.03  0.02  0.02  0.02  0.02  0.02  0.02
 3  -5  0.03  0.08  0.14  0.28  0.55  0.83  1.39  2.78  4.03  5.00  6.93  8.89 10.14 10.42  8.06  6.73  3.98  1.47  0.47  0.32  0.06  0.02  0.02  0.02  0.02  0.02  0.02  0.02
 3   0  0.03  0.09  0.15  0.30  0.59  0.89  1.50  3.03  4.21  5.27  7.19  9.41 10.72 10.76  8.03  6.49  3.77  1.34  0.45  0.31  0.13  0.02  0.02  0.02  0.02  0.02  0.02  0.02
 3   5  0.03  0.09  0.15  0.29  0.58  0.88  1.47  2.97  4.35  5.26  7.26  9.12 10.16 10.47  7.99  6.62  3.92  1.44  0.50  0.33  0.05  0.02  0.02  0.02  0.02  0.02  0.02  0.02
 3  10  0.03  0.09  0.14  0.29  0.58  0.87  1.45  2.91  4.16  5.06  6.94  8.66  9.49  9.72  7.97  6.86  4.10  1.60  0.58  0.39  0.06  0.03  0.02  0.02  0.02  0.03  0.03  0.03
 3  15  0.03  0.09  0.14  0.29  0.58  0.87  1.45  2.92  4.41  5.34  7.10  8.50  9.01  9.18  7.57  6.56  4.09  1.68  0.64  0.45  0.07  0.03  0.02  0.02  0.02  0.03  0.03  0.03
 3  20  0.03  0.09  0.15  0.30  0.61  0.91  1.53  3.08  4.53  5.63  7.24  8.56  9.04  8.96  7.32  6.37  4.26  1.77  0.67  0.49  0.19  0.04  0.03  0.03  0.03  0.03  0.03  0.03
 3  25  0.03  0.09  0.15  0.31  0.61  0.92  1.54  3.11  4.70  5.74  7.26  8.44  8.72  8.41  7.10  6.38  4.46  2.20  0.89  0.68  0.31  0.06  0.04  0.04  0.03  0.03  0.03  0.03
 3  30  0.03  0.10  0.16  0.32  0.64  0.96  1.60  3.25  4.84  6.05  7.48  8.35  8.57  8.19  7.11  6.48  4.75  2.47  1.07  0.82  0.39  0.20  0.08  0.06  0.04  0.04  0.03  0.03
 3  35  0.03  0.10  0.16  0.33  0.66  0.99  1.66  3.38  5.14  6.35  7.90  8.47  8.49  8.04  7.16  6.54  4.87  2.82  1.36  1.07  0.57  0.31  0.22  0.09  0.06  0.04  0.03  0.03
 3  40  0.03  0.10  0.17  0.34  0.69  1.03  1.74  3.53  5.19  6.44  7.95  8.59  8.43  7.74  6.94  6.50  4.98  3.17  1.73  1.33  0.77  0.42  0.30  0.13  0.07  0.04  0.04  0.03
 3  45  0.03  0.10  0.17  0.34  0.69  1.04  1.74  3.53  5.28  6.62  8.20  8.52  8.09  7.57  6.87  6.35  5.27  3.51  1.92  1.58  1.00  0.55  0.39  0.24  0.09  0.05  0.04  0.03
 3  50  0.03  0.10  0.17  0.34  0.69  1.03  1.73  3.50  5.47  6.92  8.19  8.32  7.64  7.06  6.60  6.20  5.54  3.77  2.20  1.82  1.17  0.66  0.43  0.31  0.10  0.05  0.04  0.04
 3  55  0.04  0.11  0.18  0.35  0.71  1.07  1.79  3.64  5.57  6.90  8.01  8.00  7.37  6.83  6.43  6.14  5.53  3.94  2.44  2.04  1.36  0.75  0.48  0.33  0.11  0.05  0.04  0.04
 3  60  0.04  0.11  0.19  0.37  0.74  1.12  1.87  3.80  5.73  7.05  7.98  7.77  7.11  6.57  6.27  6.07  5.53  4.10  2.70  2.27  1.56  0.86  0.54  0.35  0.12  0.05  0.04  0.04
 3  65  0.04  0.11  0.19  0.38  0.77  1.15  1.93  3.92  5.77  7.02  7.79  7.51  6.88  6.42  6.08  5.86  5.33  4.11  2.85  2.44  1.76  0.95  0.60  0.37  0.12  0.05  0.04  0.04
 3  70  0.04  0.12  0.20  0.39  0.79  1.18  1.99  4.03  5.81  6.99  7.60  7.24  6.66  6.26  5.90  5.65  5.15  4.13  3.00  2.61  1.96  1.04  0.65  0.39  0.13  0.06  0.04  0.04
 3  75  0.04  0.12  0.20  0.39  0.79  1.19  1.99  4.05  5.73  6.83  7.41  7.14  6.71  6.40  5.86  5.47  5.09  4.15  3.06  2.67  2.02  1.09  0.65  0.38  0.19  0.06  0.04  0.04
 3  80  0.04  0.12  0.20  0.39  0.79  1.19  2.00  4.07  5.66  6.67  7.21  7.04  6.75  6.55  5.81  5.30  5.03  4.15  3.09  2.71  2.06  1.13  0.64  0.38  0.18  0.06  0.04  0.04
 3  85  0.04  0.12  0.20  0.39  0.79  1.19  2.00  4.07  5.66  6.68  7.22  7.05  6.76  6.55  5.81  5.31  5.03  4.15  3.09  2.71  2.06  1.13  0.64  0.38  0.18  0.06  0.04  0.04
 3  90  0.04  0.12  0.20  0.39  0.79  1.19  2.00  4.07  5.67  6.68  7.23  7.06  6.77  6.55  5.82  5.31  5.03  4.15  3.09  2.71  2.06  1.13  0.64  0.38  0.18  0.06  0.04  0.04
 4 -90  0.05  0.16  0.27  0.53  1.07  1.62  2.73  5.65  6.44  6.60  6.27  5.50  4.89  4.25  3.57  2.72  2.24  2.86  2.44  2.10  1.40  0.48  0.29  0.18  0.11  0.04  0.03  0.03
 4 -85  0.05  0.16  0.27  0.53  1.07  1.62  2.73  5.65  6.44  6.60  6.27  5.50  4.89  4.25  3.57  2.72  2.24  2.86  2.44  2.10  1.40  0.48  0.29  0.18  0.11  0.04  0.03  0.03
 4 -80  0.05  0.16  0.27  0.53  1.07  1.62  2.73  5.65  6.44  6.60  6.27  5.49  4.89  4.26  3.57  2.72  2.24  2.86  2.44  2.10  1.40  0.48  0.29  0.18  0.11  0.04  0.03  0.03
 4 -75  0.05  0.15  0.26  0.51  1.03  1.56  2.63  5.42  6.65  7.06  6.79  5.97  5.31  4.64  3.99  3.17  2.55  2.81  2.39  2.07  1.40  0.46  0.28  0.17  0.10  0.04  0.03  0.03
 4 -70  0.05  0.15  0.25  0.49  0.99  1.49  2.52  5.18  6.80  7.50  7.31  6.48  5.73  5.02  4.38  3.68  2.97  2.75  2.31  2.01  1.38  0.44  0.27  0.17  0.10  0.04  0.03  0.03
 4 -65  0.05  0.14  0.24  0.47  0.95  1.43  2.41  4.95  6.73  7.60  7.66  7.02  6.25  5.51  4.88  4.35  3.46  2.76  2.12  1.83  1.23  0.40  0.25  0.16  0.10  0.04  0.03  0.03
 4 -60  0.05  0.14  0.23  0.45  0.91  1.37  2.31  4.73  6.67  7.70  8.01  7.56  6.77  6.00  5.39  4.99  3.93  2.79  1.94  1.65  1.09  0.36  0.22  0.15  0.09  0.04  0.03  0.03
 4 -55  0.04  0.13  0.22  0.43  0.87  1.32  2.21  4.53  6.53  7.66  8.18  7.89  7.20  6.45  5.97  5.72  4.39  2.73  1.66  1.38  0.84  0.29  0.18  0.14  0.08  0.04  0.03  0.03
 4 -50  0.04  0.12  0.21  0.41  0.83  1.25  2.11  4.31  6.42  7.68  8.41  8.23  7.70  6.94  6.61  6.48  4.80  2.63  1.41  1.12  0.60  0.22  0.14  0.10  0.06  0.04  0.03  0.03
 4 -45  0.04  0.12  0.19  0.39  0.78  1.18  1.99  4.06  6.04  7.35  8.35  8.62  8.28  7.56  6.87  6.32  4.63  2.51  1.37  1.05  0.51  0.17  0.11  0.07  0.05  0.03  0.03  0.03
 4 -40  0.04  0.11  0.19  0.37  0.75  1.13  1.90  3.87  5.70  7.06  8.33  8.95  8.81  8.19  6.99  6.10  4.46  2.38  1.28  0.97  0.45  0.14  0.10  0.05  0.04  0.03  0.03  0.03
 4 -35  0.04  0.11  0.18  0.35  0.71  1.07  1.79  3.64  5.32  6.53  8.01  8.99  9.10  8.63  7.20  6.14  4.27  2.17  1.08  0.82  0.37  0.13  0.07  0.04  0.03  0.03  0.03  0.02
 4 -30  0.03  0.10  0.17  0.34  0.68  1.02  1.71  3.48  5.10  6.29  7.83  9.11  9.37  9.05  7.42  6.22  4.13  1.99  0.91  0.68  0.29  0.09  0.05  0.03  0.03  0.03  0.03  0.02
 4 -25  0.03  0.10  0.16  0.33  0.65  0.98  1.65  3.34  4.84  5.98  7.66  9.24  9.74  9.51  7.75  6.56  4.12  1.86  0.70  0.51  0.20  0.05  0.03  0.03  0.02  0.02  0.02  0.02
 4 -20  0.03  0.09  0.16  0.31  0.63  0.94  1.57  3.18  4.79  6.02  7.54  9.20 10.06 10.18  8.20  6.89  4.15  1.62  0.50  0.34  0.11  0.03  0.02  0.02  0.02  0.02  0.02  0.02
 4 -15  0.03  0.09  0.15  0.31  0.61  0.92  1.54  3.11  4.57  5.57  7.21  9.25 10.15 10.25  8.29  6.98  4.11  1.54  0.46  0.31  0.11  0.03  0.02  0.02  0.02  0.02  0.02  0.02
 4 -10  0.03  0.09  0.15  0.30  0.60  0.91  1.52  3.07  4.33  5.36  6.91  8.89 10.00 10.40  8.37  7.12  4.15  1.46  0.44  0.30  0.12  0.02  0.02  0.02  0.02  0.02  0.02  0.02
 4  -5  0.03  0.09  0.15  0.30  0.60  0.90  1.50  3.03  4.27  5.25  7.04  8.70  9.80 10.32  8.28  7.07  4.13  1.47  0.43  0.30  0.13  0.02  0.02  0.02  0.02  0.02  0.02  0.02
 4   0  0.03  0.09  0.15  0.31  0.61  0.92  1.55  3.13  4.34  5.37  7.21  9.14 10.29 10.65  8.31  6.95  4.01  1.37  0.42  0.29  0.13  0.02  0.02  0.02  0.02  0.02  0.02  0.02
 4   5  0.03  0.09  0.15  0.30  0.60  0.91  1.52  3.08  4.44  5.31  7.19  8.91  9.95 10.38  8.12  6.94  4.15  1.47  0.57  0.38  0.14  0.02  0.02  0.02  0.02  0.02  0.02  0.02
 4  10  0.03  0.09  0.15  0.29  0.59  0.89  1.48  2.99  4.16  4.99  6.85  8.53  9.41  9.63  7.99  7.06  4.34  1.63  0.77  0.52  0.17  0.02  0.02  0.02  0.02  0.02  0.03  0.03
 4  15  0.03  0.09  0.15  0.29  0.59  0.89  1.48  2.98  4.38  5.28  7.11  8.52  9.03  9.12  7.65  6.79  4.29  1.75  0.86  0.59  0.19  0.03  0.02  0.02  0.02  0.03  0.03  0.03
 4  20  0.03  0.09  0.15  0.31  0.61  0.92  1.54  3.11  4.50  5.54  7.20  8.67  9.12  8.91  7.47  6.64  4.37  1.85  0.91  0.64  0.21  0.04  0.03  0.03  0.03  0.03  0.03  0.03
 4  25  0.03  0.09  0.15  0.31  0.61  0.92  1.55  3.12  4.57  5.59  7.19  8.52  8.81  8.53  7.34  6.60  4.51  2.17  1.05  0.78  0.32  0.08  0.05  0.04  0.04  0.03  0.03  0.03
 4  30  0.03  0.09  0.15  0.31  0.62  0.93  1.56  3.15  4.67  5.79  7.35  8.42  8.72  8.45  7.36  6.66  4.73  2.37  1.17  0.89  0.41  0.15  0.08  0.05  0.04  0.04  0.04  0.03
 4  35  0.03  0.09  0.16  0.31  0.63  0.94  1.58  3.20  4.81  5.94  7.64  8.56  8.79  8.42  7.39  6.68  4.75  2.66  1.40  1.08  0.58  0.34  0.14  0.08  0.05  0.04  0.04  0.03
 4  40  0.03  0.09  0.16  0.32  0.64  0.96  1.61  3.27  4.71  5.85  7.46  8.67  8.87  8.31  7.23  6.59  4.75  2.92  1.68  1.30  0.77  0.44  0.30  0.11  0.07  0.04  0.04  0.03
 4  45  0.03  0.09  0.16  0.31  0.63  0.94  1.58  3.20  4.77  5.96  7.78  8.72  8.63  8.14  7.12  6.43  4.88  3.19  1.80  1.48  0.95  0.53  0.38  0.15  0.08  0.05  0.04  0.04
 4  50  0.03  0.09  0.15  0.30  0.61  0.92  1.54  3.12  4.78  6.11  7.76  8.56  8.25  7.72  6.87  6.24  4.97  3.39  2.02  1.68  1.06  0.61  0.42  0.30  0.10  0.05  0.04  0.04
 4  55  0.03  0.09  0.15  0.30  0.61  0.92  1.54  3.12  4.76  6.04  7.66  8.32  7.99  7.40  6.56  5.97  5.07  3.60  2.24  1.89  1.24  0.69  0.48  0.33  0.12  0.05  0.04  0.04
 4  60  0.03  0.09  0.16  0.31  0.63  0.94  1.58  3.20  4.86  6.17  7.70  8.16  7.71  7.05  6.25  5.70  5.18  3.82  2.50  2.11  1.43  0.79  0.55  0.36  0.13  0.06  0.04  0.04
 4  65  0.03  0.09  0.16  0.32  0.63  0.95  1.59  3.23  4.86  6.16  7.54  7.83  7.33  6.67  6.04  5.60  5.06  3.86  2.70  2.29  1.59  0.93  0.66  0.41  0.13  0.06  0.04  0.04
 4  70  0.03  0.10  0.16  0.32  0.64  0.96  1.61  3.26  4.87  6.14  7.37  7.50  6.94  6.29  5.83  5.49  4.94  3.90  2.90  2.47  1.74  1.07  0.76  0.46  0.24  0.06  0.04  0.04
 4  75  0.03  0.10  0.16  0.32  0.65  0.98  1.64  3.32  4.85  6.07  7.08  7.07  6.53  5.93  5.64  5.41  4.89  3.97  3.01  2.58  1.87  1.14  0.78  0.46  0.23  0.06  0.04  0.04
 4  80  0.03  0.10  0.17  0.33  0.66  1.00  1.67  3.39  4.84  6.00  6.79  6.64  6.11  5.58  5.45  5.34  4.87  4.04  3.08  2.67  1.97  1.20  0.78  0.46  0.22  0.07  0.05  0.04
 4  85  0.03  0.10  0.17  0.33  0.66  1.00  1.67  3.40  4.84  6.01  6.80  6.65  6.11  5.58  5.45  5.34  4.87  4.04  3.08  2.66  1.97  1.20  0.78  0.46  0.22  0.07  0.05  0.04
 4  90  0.03  0.10  0.17  0.33  0.66  1.00  1.68  3.40  4.85  6.01  6.81  6.66  6.12  5.59  5.46  5.34  4.87  4.04  3.08  2.66  1.97  1.20  0.78  0.46  0.22  0.07  0.05  0.04
 5 -90  0.06  0.17  0.29  0.58  1.18  1.78  3.02  6.30  6.94  7.13  6.39  4.93  4.08  3.39  3.09  2.77  3.00  2.99  2.33  1.97  1.32  0.47  0.25  0.15  0.08  0.04  0.03  0.03
 5 -85  0.06  0.17  0.29  0.58  1.18  1.78  3.02  6.30  6.95  7.13  6.39  4.93  4.08  3.39  3.10  2.78  3.00  2.98  2.33  1.97  1.32  0.47  0.25  0.15  0.08  0.04  0.03  0.03
 5 -80  0.06  0.17  0.29  0.58  1.18  1.78  3.02  6.30  6.95  7.13  6.39  4.92  4.08  3.39  3.10  2.78  3.00  2.98  2.33  1.98  1.32  0.47  0.25  0.15  0.08  0.04  0.03  0.03
 5 -75  0.06  0.17  0.28  0.57  1.15  1.74  2.94  6.13  7.01  7.34  6.83  5.56  4.80  4.12  3.66  3.15  3.04  2.84  2.18  1.85  1.25  0.44  0.23  0.14  0.08  0.04  0.03  0.03
 5 -70  0.05  0.16  0.27  0.55  1.11  1.68  2.84  5.90  7.04  7.52  7.23  6.21  5.53  4.86  4.27  3.60  3.11  2.67  2.00  1.70  1.15  0.41  0.22  0.14  0.08  0.04  0.03  0.03
 5 -65  0.05  0.17  0.28  0.55  1.11  1.68  2.84  5.86  7.26  7.83  7.50  6.57  5.89  5.24  4.87  4.38  3.68  2.77  1.93  1.62  1.04  0.40  0.22  0.14  0.08  0.04  0.03  0.03
 5 -60  0.06  0.17  0.28  0.55  1.11  1.68  2.83  5.83  7.48  8.15  7.79  6.93  6.26  5.61  5.33  5.11  4.32  2.91  1.86  1.54  0.92  0.38  0.21  0.14  0.07  0.04  0.03  0.03
 5 -55  0.05  0.16  0.26  0.53  1.07  1.61  2.71  5.56  7.42  8.29  8.07  7.37  6.63  5.95  5.66  5.59  4.62  2.76  1.68  1.36  0.76  0.35  0.20  0.14  0.07  0.04  0.03  0.03
 5 -50  0.05  0.15  0.25  0.51  1.03  1.55  2.61  5.35  7.46  8.58  8.44  7.79  7.10  6.36  6.08  6.10  4.86  2.55  1.51  1.19  0.61  0.33  0.18  0.10  0.06  0.03  0.03  0.03
 5 -45  0.05  0.14  0.23  0.47  0.94  1.42  2.40  4.91  7.06  8.26  8.58  8.28  7.78  7.05  6.51  6.11  4.73  2.48  1.44  1.10  0.50  0.28  0.15  0.08  0.05  0.03  0.03  0.02
 5 -40  0.04  0.13  0.21  0.43  0.86  1.30  2.18  4.47  6.53  7.87  8.61  8.65  8.27  7.64  6.69  6.07  4.63  2.40  1.32  0.99  0.43  0.24  0.12  0.06  0.04  0.03  0.03  0.02
 5 -35  0.04  0.12  0.20  0.39  0.79  1.19  2.00  4.08  5.97  7.22  8.29  8.73  8.64  8.09  7.14  6.45  4.52  2.17  1.10  0.82  0.34  0.19  0.09  0.05  0.03  0.03  0.02  0.02
 5 -30  0.04  0.11  0.18  0.36  0.73  1.10  1.85  3.77  5.59  6.84  8.06  8.86  8.91  8.52  7.55  6.86  4.47  2.00  0.88  0.64  0.22  0.09  0.05  0.04  0.03  0.03  0.02  0.02
 5 -25  0.03  0.10  0.17  0.35  0.70  1.05  1.77  3.59  5.25  6.42  7.82  8.97  9.34  9.06  7.74  6.88  4.35  1.94  0.72  0.52  0.18  0.05  0.03  0.03  0.02  0.02  0.02  0.02
 5 -20  0.03  0.10  0.17  0.33  0.67  1.01  1.69  3.44  5.17  6.42  7.72  8.94  9.65  9.83  8.04  6.89  4.25  1.77  0.56  0.39  0.12  0.03  0.02  0.02  0.02  0.02  0.02  0.02
 5 -15  0.03  0.10  0.16  0.32  0.65  0.98  1.64  3.32  4.90  6.03  7.56  9.11  9.74  9.97  8.25  7.04  4.22  1.64  0.47  0.33  0.11  0.03  0.02  0.02  0.02  0.02  0.02  0.02
 5 -10  0.03  0.10  0.16  0.32  0.64  0.97  1.63  3.30  4.70  5.83  7.32  8.87  9.71 10.10  8.40  7.24  4.30  1.53  0.41  0.29  0.11  0.02  0.02  0.02  0.02  0.02  0.02  0.02
 5  -5  0.03  0.10  0.16  0.32  0.64  0.96  1.61  3.27  4.58  5.62  7.38  8.76  9.47  9.99  8.22  7.00  4.10  1.39  0.36  0.26  0.11  0.02  0.02  0.02  0.02  0.02  0.02  0.02
 5   0  0.03  0.09  0.16  0.31  0.63  0.95  1.59  3.22  4.54  5.58  7.43  9.07  9.78 10.22  8.10  6.68  3.83  1.15  0.32  0.23  0.11  0.02  0.02  0.02  0.02  0.02  0.02  0.02
 5   5  0.03  0.09  0.16  0.31  0.63  0.94  1.58  3.19  4.58  5.48  7.31  8.89  9.73 10.12  8.06  6.89  4.15  1.40  0.46  0.33  0.16  0.02  0.02  0.02  0.02  0.02  0.02  0.02
 5  10  0.03  0.09  0.15  0.30  0.61  0.91  1.52  3.07  4.22  5.08  6.90  8.54  9.42  9.61  8.05  7.23  4.53  1.69  0.67  0.48  0.22  0.03  0.02  0.02  0.02  0.02  0.03  0.02
 5  15  0.03  0.09  0.15  0.30  0.60  0.91  1.52  3.06  4.35  5.30  7.13  8.62  9.17  9.20  7.82  7.06  4.44  1.84  0.76  0.56  0.25  0.03  0.02  0.02  0.02  0.03  0.03  0.03
 5  20  0.03  0.09  0.15  0.31  0.62  0.93  1.56  3.15  4.46  5.48  7.13  8.76  9.28  8.98  7.73  7.01  4.40  1.95  0.83  0.61  0.28  0.05  0.03  0.03  0.03  0.03  0.03  0.03
 5  25  0.03  0.09  0.15  0.31  0.61  0.92  1.54  3.12  4.43  5.43  7.08  8.56  8.92  8.70  7.59  6.83  4.58  2.18  0.97  0.74  0.37  0.08  0.05  0.04  0.03  0.04  0.03  0.03
 5  30  0.03  0.09  0.15  0.30  0.60  0.90  1.51  3.06  4.47  5.48  7.13  8.38  8.78  8.64  7.53  6.75  4.81  2.35  1.12  0.88  0.45  0.14  0.07  0.05  0.04  0.04  0.04  0.03
 5  35  0.03  0.09  0.15  0.30  0.60  0.91  1.52  3.08  4.52  5.57  7.29  8.44  8.84  8.62  7.50  6.72  4.82  2.60  1.30  1.02  0.57  0.32  0.11  0.06  0.05  0.04  0.04  0.03
 5  40  0.03  0.09  0.15  0.30  0.61  0.91  1.53  3.11  4.34  5.36  6.92  8.42  8.91  8.58  7.36  6.61  4.83  2.81  1.51  1.19  0.72  0.41  0.17  0.09  0.06  0.04  0.04  0.04
 5  45  0.03  0.09  0.15  0.29  0.59  0.88  1.48  3.00  4.35  5.37  7.15  8.42  8.69  8.34  7.19  6.46  4.84  2.98  1.63  1.36  0.89  0.49  0.35  0.12  0.07  0.05  0.04  0.04
 5  50  0.03  0.08  0.14  0.28  0.56  0.84  1.41  2.85  4.25  5.33  7.03  8.22  8.34  7.97  6.98  6.26  4.79  3.10  1.84  1.56  1.01  0.58  0.40  0.17  0.09  0.05  0.04  0.04
 5  55  0.03  0.08  0.14  0.27  0.54  0.82  1.37  2.77  4.09  5.13  6.84  7.97  8.05  7.60  6.61  5.95  4.76  3.24  2.02  1.71  1.12  0.64  0.46  0.31  0.11  0.06  0.04  0.04
 5  60  0.03  0.08  0.14  0.27  0.55  0.82  1.38  2.79  4.12  5.16  6.82  7.81  7.77  7.20  6.28  5.65  4.74  3.38  2.22  1.88  1.25  0.72  0.53  0.34  0.12  0.06  0.04  0.04
 5  65  0.03  0.08  0.13  0.27  0.54  0.81  1.35  2.73  4.03  5.05  6.65  7.49  7.33  6.69  5.79  5.16  4.37  3.37  2.39  2.05  1.41  0.83  0.62  0.41  0.13  0.06  0.05  0.04
 5  70  0.03  0.08  0.13  0.26  0.53  0.79  1.32  2.67  3.94  4.94  6.49  7.16  6.90  6.19  5.30  4.68  4.01  3.36  2.57  2.22  1.58  0.95  0.71  0.47  0.29  0.06  0.05  0.04
 5  75  0.03  0.08  0.13  0.26  0.53  0.79  1.32  2.67  3.98  5.01  6.51  6.93  6.51  5.75  5.10  4.63  4.10  3.43  2.62  2.27  1.63  0.98  0.72  0.47  0.29  0.07  0.05  0.04
 5  80  0.03  0.08  0.13  0.26  0.53  0.79  1.32  2.67  4.02  5.08  6.53  6.70  6.13  5.31  4.89  4.59  4.21  3.51  2.66  2.30  1.66  1.00  0.72  0.46  0.28  0.07  0.05  0.04
 5  85  0.03  0.08  0.13  0.26  0.53  0.79  1.32  2.68  4.03  5.09  6.54  6.71  6.14  5.31  4.89  4.59  4.22  3.51  2.66  2.30  1.66  1.00  0.72  0.46  0.28  0.07  0.05  0.04
 5  90  0.03  0.08  0.13  0.26  0.53  0.79  1.32  2.68  4.03  5.10  6.55  6.72  6.14  5.32  4.90  4.59  4.22  3.51  2.66  2.30  1.66  1.00  0.72  0.46  0.28  0.08  0.05  0.04
 6 -90  0.06  0.18  0.30  0.59  1.20  1.82  3.08  6.45  7.20  7.51  6.73  5.04  4.29  3.90  3.41  3.12  3.00  2.92  2.18  1.89  1.36  0.49  0.21  0.12  0.06  0.03  0.03  0.03
 6 -85  0.06  0.18  0.30  0.59  1.20  1.82  3.08  6.45  7.20  7.51  6.73  5.03  4.29  3.90  3.41  3.12  3.00  2.92  2.18  1.89  1.36  0.49  0.21  0.12  0.06  0.03  0.03  0.03
 6 -80  0.06  0.18  0.30  0.59  1.20  1.82  3.08  6.46  7.20  7.51  6.73  5.03  4.29  3.90  3.41  3.12  3.00  2.92  2.18  1.90  1.36  0.49  0.21  0.12  0.06  0.03  0.03  0.03
 6 -75  0.06  0.18  0.29  0.59  1.19  1.81  3.07  6.41  7.21  7.58  7.07  5.57  4.85  4.33  3.78  3.34  3.10  2.90  2.13  1.86  1.36  0.48  0.21  0.13  0.06  0.03  0.03  0.03
 6 -70  0.06  0.17  0.29  0.58  1.18  1.78  3.02  6.30  7.22  7.64  7.37  6.13  5.43  4.80  4.22  3.64  3.23  2.85  2.07  1.79  1.32  0.47  0.20  0.13  0.07  0.03  0.03  0.03
 6 -65  0.06  0.17  0.29  0.58  1.16  1.75  2.97  6.16  7.28  7.80  7.47  6.34  5.65  5.00  4.71  4.29  3.69  2.90  2.03  1.72  1.20  0.47  0.24  0.13  0.07  0.03  0.03  0.03
 6 -60  0.06  0.17  0.28  0.57  1.14  1.72  2.91  6.01  7.32  7.90  7.52  6.55  5.88  5.22  5.13  4.90  4.18  2.98  1.98  1.65  1.09  0.46  0.27  0.13  0.07  0.03  0.03  0.03
 6 -55  0.05  0.16  0.28  0.55  1.11  1.67  2.82  5.81  7.44  8.17  7.76  6.90  6.16  5.52  5.43  5.44  4.51  2.89  1.77  1.47  0.91  0.39  0.27  0.12  0.06  0.03  0.03  0.03
 6 -50  0.05  0.16  0.27  0.55  1.10  1.66  2.80  5.75  7.69  8.67  8.12  7.29  6.57  5.89  5.79  5.98  4.78  2.69  1.56  1.27  0.74  0.34  0.27  0.10  0.06  0.03  0.03  0.03
 6 -45  0.05  0.15  0.25  0.50  1.01  1.52  2.56  5.25  7.37  8.52  8.50  7.97  7.43  6.73  6.25  5.95  4.69  2.60  1.49  1.19  0.65  0.31  0.24  0.09  0.05  0.03  0.03  0.02
 6 -40  0.04  0.13  0.22  0.45  0.90  1.36  2.28  4.67  6.81  8.13  8.66  8.42  7.94  7.32  6.40  5.88  4.66  2.51  1.38  1.09  0.59  0.27  0.20  0.08  0.04  0.03  0.03  0.02
 6 -35  0.04  0.12  0.20  0.41  0.82  1.23  2.07  4.23  6.17  7.41  8.30  8.54  8.39  7.81  6.87  6.25  4.69  2.27  1.14  0.89  0.47  0.22  0.11  0.06  0.04  0.03  0.03  0.02
 6 -30  0.04  0.11  0.18  0.37  0.74  1.12  1.88  3.82  5.69  6.93  8.04  8.66  8.66  8.25  7.27  6.62  4.79  2.13  0.90  0.69  0.32  0.15  0.06  0.04  0.03  0.03  0.03  0.02
 6 -25  0.04  0.11  0.18  0.36  0.72  1.08  1.82  3.71  5.43  6.58  7.81  8.72  9.04  8.71  7.51  6.77  4.60  1.98  0.72  0.54  0.23  0.06  0.04  0.03  0.03  0.03  0.03  0.02
 6 -20  0.03  0.10  0.17  0.35  0.70  1.06  1.78  3.63  5.43  6.65  7.81  8.71  9.26  9.41  7.86  6.91  4.40  1.76  0.54  0.39  0.13  0.04  0.03  0.02  0.02  0.02  0.03  0.02
 6 -15  0.03  0.10  0.17  0.34  0.68  1.02  1.71  3.48  5.15  6.41  7.85  8.99  9.38  9.62  8.05  6.86  4.17  1.64  0.50  0.36  0.13  0.03  0.02  0.02  0.02  0.02  0.02  0.02
 6 -10  0.03  0.10  0.17  0.34  0.68  1.02  1.71  3.48  5.03  6.27  7.75  8.92  9.43  9.67  8.09  6.85  4.07  1.55  0.47  0.34  0.13  0.03  0.02  0.02  0.02  0.02  0.02  0.02
 6  -5  0.03  0.10  0.17  0.34  0.67  1.01  1.70  3.46  4.87  5.98  7.75  8.90  9.20  9.57  8.23  7.07  4.21  1.54  0.43  0.32  0.13  0.02  0.02  0.02  0.02  0.02  0.02  0.02
 6   0  0.03  0.10  0.16  0.32  0.64  0.97  1.62  3.27  4.70  5.74  7.62  9.02  9.26  9.65  8.35  7.22  4.30  1.45  0.39  0.29  0.14  0.02  0.02  0.02  0.02  0.02  0.02  0.02
 6   5  0.03  0.10  0.16  0.32  0.65  0.97  1.63  3.30  4.72  5.69  7.46  8.96  9.52  9.74  8.22  7.24  4.46  1.58  0.48  0.35  0.18  0.03  0.02  0.02  0.02  0.02  0.02  0.02
 6  10  0.03  0.09  0.16  0.31  0.62  0.94  1.57  3.16  4.36  5.29  7.08  8.66  9.44  9.55  8.12  7.36  4.69  1.73  0.63  0.46  0.22  0.03  0.02  0.02  0.02  0.02  0.02  0.02
 6  15  0.03  0.09  0.16  0.31  0.62  0.94  1.57  3.17  4.43  5.45  7.25  8.78  9.33  9.29  7.85  7.08  4.62  1.87  0.71  0.54  0.25  0.03  0.02  0.02  0.02  0.03  0.03  0.02
 6  20  0.03  0.10  0.16  0.32  0.64  0.96  1.61  3.26  4.56  5.60  7.22  8.85  9.40  9.05  7.67  6.88  4.54  1.95  0.77  0.56  0.28  0.05  0.03  0.03  0.03  0.03  0.03  0.03
 6  25  0.03  0.09  0.16  0.31  0.62  0.94  1.57  3.19  4.44  5.45  7.15  8.63  9.01  8.82  7.71  6.91  4.64  2.08  0.84  0.63  0.31  0.07  0.04  0.03  0.03  0.03  0.03  0.03
 6  30  0.03  0.09  0.15  0.30  0.61  0.91  1.53  3.09  4.44  5.38  7.07  8.39  8.83  8.73  7.76  7.02  4.78  2.21  0.92  0.72  0.36  0.11  0.05  0.04  0.04  0.04  0.03  0.03
 6  35  0.03  0.09  0.15  0.30  0.60  0.91  1.52  3.09  4.44  5.42  7.13  8.37  8.80  8.65  7.59  6.80  4.73  2.48  1.15  0.90  0.47  0.17  0.08  0.05  0.04  0.04  0.04  0.03
 6  40  0.03  0.09  0.15  0.30  0.60  0.90  1.51  3.06  4.21  5.17  6.70  8.23  8.78  8.60  7.36  6.55  4.72  2.74  1.39  1.11  0.60  0.33  0.13  0.07  0.05  0.04  0.04  0.03
 6  45  0.03  0.09  0.14  0.29  0.58  0.87  1.45  2.94  4.18  5.14  6.79  8.10  8.48  8.22  7.08  6.36  4.75  2.85  1.51  1.26  0.80  0.41  0.28  0.10  0.06  0.05  0.04  0.04
 6  50  0.03  0.08  0.13  0.27  0.54  0.81  1.36  2.74  4.03  5.01  6.60  7.83  8.13  7.85  6.86  6.15  4.71  2.94  1.70  1.45  0.94  0.51  0.35  0.13  0.08  0.05  0.04  0.04
 6  55  0.03  0.08  0.13  0.26  0.52  0.78  1.30  2.62  3.79  4.69  6.28  7.47  7.75  7.39  6.45  5.80  4.51  2.99  1.82  1.55  1.02  0.56  0.40  0.16  0.09  0.05  0.05  0.04
 6  60  0.03  0.08  0.13  0.26  0.51  0.77  1.29  2.60  3.74  4.63  6.16  7.25  7.43  6.95  6.10  5.51  4.29  3.04  1.97  1.67  1.10  0.62  0.47  0.29  0.10  0.06  0.05  0.04
 6  65  0.02  0.07  0.12  0.25  0.49  0.74  1.24  2.51  3.62  4.49  6.01  6.98  7.04  6.46  5.58  4.96  3.92  2.98  2.10  1.80  1.22  0.69  0.54  0.34  0.11  0.06  0.05  0.04
 6  70  0.02  0.07  0.12  0.24  0.48  0.72  1.20  2.42  3.50  4.35  5.87  6.71  6.65  5.97  5.06  4.41  3.55  2.91  2.23  1.93  1.35  0.76  0.62  0.38  0.12  0.06  0.05  0.04
 6  75  0.02  0.07  0.11  0.23  0.46  0.69  1.16  2.33  3.44  4.31  5.90  6.61  6.40  5.63  4.81  4.24  3.56  2.92  2.28  1.99  1.42  0.80  0.64  0.41  0.14  0.07  0.05  0.04
 6  80  0.02  0.07  0.11  0.22  0.44  0.67  1.12  2.25  3.38  4.28  5.93  6.52  6.16  5.29  4.57  4.06  3.59  2.96  2.32  2.03  1.47  0.82  0.66  0.42  0.25  0.07  0.05  0.04
 6  85  0.02  0.07  0.11  0.22  0.44  0.67  1.12  2.25  3.39  4.28  5.94  6.53  6.16  5.29  4.58  4.07  3.60  2.96  2.32  2.03  1.47  0.82  0.66  0.42  0.25  0.07  0.05  0.04
 6  90  0.02  0.07  0.11  0.22  0.44  0.67  1.12  2.26  3.39  4.29  5.95  6.53  6.17  5.30  4.58  4.07  3.60  2.96  2.32  2.03  1.47  0.82  0.66  0.42  0.25  0.08  0.05  0.04
 7 -90  0.05  0.16  0.27  0.54  1.08  1.64  2.79  5.87  6.70  7.11  6.57  5.21  4.49  4.19  3.55  3.24  3.16  2.78  2.15  1.85  1.27  0.50  0.26  0.11  0.06  0.03  0.03  0.02
 7 -85  0.05  0.16  0.27  0.54  1.08  1.64  2.79  5.87  6.70  7.11  6.57  5.21  4.48  4.19  3.55  3.24  3.16  2.78  2.15  1.86  1.27  0.50  0.27  0.12  0.06  0.03  0.03  0.02
 7 -80  0.05  0.16  0.27  0.54  1.08  1.64  2.79  5.88  6.71  7.11  6.57  5.21  4.48  4.19  3.56  3.24  3.16  2.78  2.15  1.86  1.27  0.50  0.27  0.11  0.06  0.03  0.03  0.02
 7 -75  0.05  0.15  0.25  0.50  1.01  1.53  2.61  5.49  6.45  6.93  6.77  5.66  5.07  4.68  3.88  3.35  3.04  2.75  2.13  1.85  1.30  0.51  0.27  0.11  0.06  0.03  0.03  0.02
 7 -70  0.05  0.14  0.23  0.46  0.93  1.41  2.39  5.02  6.16  6.73  6.92  6.14  5.69  5.13  4.25  3.53  2.97  2.71  2.09  1.82  1.31  0.51  0.28  0.12  0.06  0.03  0.03  0.03
 7 -65  0.05  0.14  0.23  0.47  0.95  1.43  2.43  5.06  6.42  7.08  7.20  6.32  5.73  5.06  4.71  4.27  3.64  2.80  2.03  1.74  1.24  0.49  0.25  0.12  0.06  0.03  0.03  0.03
 7 -60  0.05  0.14  0.24  0.47  0.96  1.44  2.44  5.05  6.64  7.36  7.42  6.52  5.79  5.04  5.12  4.99  4.29  2.94  1.96  1.67  1.18  0.46  0.28  0.13  0.06  0.03  0.03  0.03
 7 -55  0.05  0.14  0.23  0.46  0.92  1.39  2.34  4.81  6.66  7.53  7.65  6.95  6.11  5.37  5.50  5.60  4.63  2.93  1.81  1.51  0.97  0.39  0.27  0.13  0.06  0.03  0.03  0.03
 7 -50  0.05  0.14  0.23  0.46  0.92  1.39  2.33  4.77  6.80  7.94  7.99  7.38  6.56  5.75  5.86  6.22  4.92  2.80  1.62  1.33  0.78  0.33  0.27  0.12  0.06  0.03  0.03  0.03
 7 -45  0.04  0.13  0.22  0.44  0.89  1.34  2.25  4.60  6.73  7.94  8.39  8.05  7.51  6.73  6.36  6.20  4.89  2.80  1.59  1.28  0.69  0.30  0.23  0.11  0.06  0.03  0.03  0.03
 7 -40  0.04  0.12  0.21  0.42  0.84  1.26  2.12  4.32  6.34  7.68  8.47  8.41  7.96  7.37  6.54  6.15  4.93  2.79  1.55  1.23  0.64  0.26  0.20  0.10  0.05  0.03  0.03  0.03
 7 -35  0.04  0.12  0.19  0.39  0.78  1.18  1.98  4.05  5.93  7.15  8.17  8.50  8.38  7.82  6.84  6.23  4.81  2.55  1.34  1.05  0.52  0.22  0.16  0.08  0.05  0.03  0.03  0.03
 7 -30  0.04  0.11  0.18  0.37  0.73  1.11  1.86  3.79  5.61  6.84  7.97  8.59  8.61  8.17  7.01  6.28  4.77  2.42  1.12  0.85  0.38  0.16  0.07  0.05  0.04  0.03  0.03  0.03
 7 -25  0.04  0.11  0.18  0.36  0.73  1.09  1.84  3.75  5.52  6.67  7.85  8.64  8.90  8.52  7.27  6.54  4.61  2.16  0.88  0.66  0.27  0.06  0.04  0.03  0.03  0.03  0.03  0.03
 7 -20  0.04  0.11  0.18  0.36  0.72  1.09  1.83  3.74  5.61  6.81  7.96  8.69  9.07  9.12  7.66  6.79  4.43  1.88  0.65  0.47  0.16  0.04  0.03  0.02  0.02  0.02  0.03  0.03
 7 -15  0.03  0.10  0.17  0.34  0.69  1.04  1.74  3.55  5.31  6.68  8.12  9.04  9.30  9.47  8.03  6.90  4.11  1.67  0.57  0.41  0.16  0.03  0.02  0.02  0.02  0.02  0.02  0.03
 7 -10  0.03  0.10  0.17  0.34  0.69  1.03  1.73  3.53  5.20  6.52  8.08  9.12  9.43  9.49  8.20  7.05  3.92  1.50  0.50  0.38  0.15  0.03  0.02  0.02  0.02  0.02  0.02  0.02
 7  -5  0.03  0.10  0.17  0.34  0.68  1.02  1.72  3.50  4.98  6.15  8.03  9.17  9.20  9.37  8.25  7.01  4.11  1.54  0.49  0.37  0.16  0.03  0.02  0.02  0.02  0.02  0.02  0.02
 7   0  0.03  0.09  0.16  0.32  0.63  0.95  1.59  3.22  4.67  5.69  7.67  9.04  9.00  9.28  8.20  6.94  4.29  1.54  0.48  0.36  0.17  0.03  0.02  0.02  0.02  0.02  0.02  0.02
 7   5  0.03  0.10  0.16  0.32  0.65  0.98  1.64  3.32  4.75  5.78  7.57  9.15  9.50  9.54  8.24  7.16  4.49  1.71  0.57  0.42  0.20  0.03  0.02  0.02  0.02  0.02  0.02  0.02
 7  10  0.03  0.09  0.16  0.31  0.63  0.95  1.59  3.21  4.50  5.49  7.28  8.91  9.62  9.65  8.27  7.46  4.75  1.86  0.72  0.52  0.23  0.03  0.02  0.02  0.02  0.02  0.02  0.02
 7  15  0.03  0.10  0.16  0.32  0.64  0.96  1.61  3.25  4.55  5.66  7.42  9.03  9.60  9.51  8.07  7.28  4.79  1.97  0.78  0.59  0.24  0.03  0.02  0.02  0.02  0.03  0.03  0.02
 7  20  0.03  0.10  0.16  0.33  0.66  0.99  1.66  3.36  4.75  5.85  7.45  9.01  9.57  9.19  7.88  7.15  4.75  2.03  0.83  0.59  0.25  0.04  0.03  0.03  0.03  0.03  0.03  0.03
 7  25  0.03  0.10  0.16  0.32  0.64  0.97  1.62  3.28  4.57  5.66  7.42  8.81  9.17  8.98  7.76  6.90  4.67  2.13  0.89  0.64  0.27  0.06  0.04  0.03  0.03  0.03  0.03  0.03
 7  30  0.03  0.09  0.16  0.31  0.63  0.95  1.58  3.20  4.57  5.52  7.26  8.53  8.95  8.82  7.63  6.71  4.60  2.28  0.97  0.73  0.30  0.08  0.04  0.04  0.04  0.04  0.03  0.03
 7  35  0.03  0.09  0.16  0.31  0.63  0.94  1.57  3.19  4.57  5.54  7.24  8.46  8.82  8.66  7.50  6.59  4.56  2.44  1.13  0.86  0.39  0.11  0.06  0.04  0.04  0.04  0.04  0.03
 7  40  0.03  0.09  0.15  0.31  0.61  0.92  1.54  3.12  4.30  5.30  6.86  8.23  8.72  8.54  7.33  6.50  4.59  2.61  1.29  1.03  0.52  0.16  0.08  0.06  0.05  0.04  0.04  0.03
 7  45  0.03  0.09  0.15  0.29  0.59  0.89  1.49  3.02  4.26  5.23  6.80  7.95  8.30  8.04  6.94  6.24  4.60  2.70  1.40  1.17  0.72  0.33  0.13  0.08  0.06  0.05  0.04  0.03
 7  50  0.03  0.08  0.14  0.28  0.55  0.83  1.39  2.81  4.09  5.06  6.56  7.65  7.93  7.64  6.70  6.00  4.56  2.79  1.56  1.32  0.85  0.44  0.30  0.11  0.07  0.05  0.04  0.04
 7  55  0.03  0.08  0.13  0.26  0.52  0.79  1.31  2.65  3.80  4.68  6.17  7.23  7.47  7.13  6.19  5.53  4.33  2.78  1.66  1.42  0.95  0.50  0.36  0.13  0.08  0.05  0.04  0.04
 7  60  0.03  0.08  0.13  0.26  0.51  0.77  1.29  2.59  3.71  4.58  6.03  6.99  7.15  6.67  5.77  5.13  4.09  2.75  1.77  1.53  1.04  0.56  0.42  0.16  0.09  0.05  0.05  0.04
 7  65  0.02  0.07  0.12  0.25  0.49  0.74  1.23  2.48  3.57  4.41  5.84  6.68  6.71  6.14  5.19  4.52  3.63  2.65  1.86  1.62  1.13  0.60  0.47  0.29  0.10  0.06  0.05  0.04
 7  70  0.02  0.07  0.12  0.23  0.47  0.71  1.18  2.38  3.42  4.24  5.65  6.36  6.28  5.61  4.62  3.91  3.17  2.54  1.94  1.71  1.22  0.65  0.51  0.33  0.11  0.06  0.05  0.04
 7  75  0.02  0.07  0.11  0.22  0.45  0.67  1.13  2.28  3.34  4.19  5.65  6.21  5.98  5.22  4.35  3.73  3.11  2.55  2.00  1.76  1.25  0.65  0.54  0.34  0.12  0.06  0.05  0.04
 7  80  0.02  0.06  0.11  0.21  0.43  0.64  1.08  2.17  3.26  4.13  5.65  6.07  5.69  4.84  4.09  3.55  3.08  2.58  2.06  1.80  1.28  0.66  0.55  0.35  0.13  0.07  0.05  0.04
 7  85  0.02  0.06  0.11  0.21  0.43  0.64  1.08  2.18  3.27  4.14  5.66  6.08  5.69  4.84  4.09  3.55  3.08  2.58  2.06  1.80  1.28  0.66  0.55  0.35  0.14  0.07  0.05  0.04
 7  90  0.02  0.06  0.11  0.21  0.43  0.64  1.08  2.18  3.27  4.14  5.67  6.08  5.70  4.85  4.09  3.56  3.09  2.58  2.06  1.80  1.28  0.66  0.55  0.35  0.14  0.07  0.05  0.04
 8 -90  0.04  0.12  0.21  0.42  0.84  1.28  2.17  4.55  5.78  6.37  6.75  6.14  5.64  5.05  3.87  3.07  3.28  3.11  2.39  2.01  1.35  0.52  0.28  0.12  0.06  0.03  0.03  0.02
 8 -85  0.04  0.12  0.21  0.42  0.84  1.28  2.17  4.55  5.78  6.37  6.75  6.14  5.64  5.05  3.87  3.07  3.28  3.11  2.39  2.02  1.35  0.52  0.29  0.12  0.06  0.03  0.03  0.02
 8 -80  0.04  0.12  0.21  0.42  0.84  1.28  2.17  4.56  5.79  6.37  6.75  6.14  5.64  5.05  3.87  3.07  3.28  3.11  2.39  2.02  1.35  0.52  0.29  0.12  0.06  0.03  0.03  0.02
 8 -75  0.04  0.12  0.21  0.42  0.84  1.28  2.17  4.53  5.85  6.45  6.84  6.12  5.60  5.05  4.08  3.35  3.39  3.15  2.42  2.06  1.41  0.55  0.30  0.12  0.06  0.03  0.03  0.02
 8 -70  0.04  0.12  0.21  0.41  0.83  1.26  2.13  4.42  5.86  6.50  6.92  6.15  5.59  5.01  4.32  3.67  3.47  3.13  2.40  2.06  1.45  0.56  0.32  0.13  0.06  0.03  0.03  0.03
 8 -65  0.04  0.12  0.20  0.40  0.80  1.21  2.04  4.20  5.85  6.59  7.17  6.57  5.88  5.17  4.86  4.43  3.93  3.14  2.23  1.90  1.31  0.52  0.34  0.13  0.06  0.03  0.03  0.03
 8 -60  0.04  0.12  0.19  0.39  0.78  1.17  1.98  4.05  5.81  6.70  7.40  6.98  6.18  5.39  5.36  5.18  4.39  3.20  2.06  1.74  1.15  0.48  0.30  0.14  0.07  0.03  0.03  0.03
 8 -55  0.04  0.11  0.19  0.38  0.77  1.16  1.95  3.97  5.80  6.90  7.65  7.50  6.67  5.86  5.64  5.62  4.71  3.24  1.90  1.58  1.00  0.41  0.29  0.15  0.07  0.04  0.03  0.03
 8 -50  0.04  0.12  0.19  0.39  0.78  1.17  1.97  4.00  6.00  7.22  8.03  7.97  7.22  6.28  5.96  6.07  5.08  3.21  1.74  1.44  0.87  0.36  0.28  0.14  0.07  0.04  0.03  0.03
 8 -45  0.04  0.12  0.20  0.39  0.79  1.19  2.00  4.06  6.10  7.31  8.37  8.45  7.98  7.17  6.44  6.11  5.06  3.15  1.69  1.40  0.80  0.34  0.26  0.13  0.06  0.03  0.03  0.03
 8 -40  0.04  0.12  0.19  0.39  0.78  1.18  1.98  4.03  5.87  7.25  8.36  8.62  8.23  7.61  6.62  6.11  5.08  3.07  1.69  1.37  0.78  0.31  0.24  0.12  0.06  0.03  0.03  0.03
 8 -35  0.04  0.11  0.19  0.37  0.75  1.13  1.90  3.86  5.66  6.88  8.15  8.65  8.54  7.95  6.87  6.22  4.90  2.78  1.45  1.16  0.63  0.25  0.19  0.09  0.06  0.03  0.03  0.03
 8 -30  0.04  0.11  0.18  0.36  0.72  1.08  1.81  3.68  5.48  6.71  8.03  8.74  8.70  8.15  6.96  6.27  4.79  2.60  1.19  0.93  0.45  0.19  0.08  0.06  0.04  0.03  0.03  0.03
 8 -25  0.04  0.11  0.18  0.36  0.71  1.08  1.81  3.69  5.47  6.64  7.96  8.81  9.01  8.50  7.22  6.49  4.65  2.26  0.92  0.70  0.31  0.06  0.04  0.03  0.03  0.03  0.03  0.03
 8 -20  0.04  0.11  0.18  0.35  0.71  1.07  1.80  3.67  5.55  6.71  8.05  8.97  9.27  9.09  7.60  6.71  4.47  1.96  0.64  0.46  0.16  0.04  0.03  0.02  0.02  0.03  0.03  0.03
 8 -15  0.03  0.10  0.17  0.34  0.67  1.01  1.70  3.46  5.21  6.61  8.17  9.27  9.58  9.61  8.08  6.88  4.13  1.73  0.59  0.41  0.14  0.03  0.02  0.02  0.02  0.02  0.03  0.03
 8 -10  0.03  0.10  0.16  0.33  0.66  0.99  1.67  3.39  5.05  6.37  8.08  9.36  9.70  9.62  8.32  7.08  3.91  1.53  0.53  0.38  0.12  0.03  0.02  0.02  0.02  0.02  0.03  0.03
 8  -5  0.03  0.10  0.16  0.33  0.66  0.99  1.66  3.37  4.82  5.97  8.01  9.44  9.47  9.51  8.50  7.18  4.07  1.57  0.52  0.38  0.12  0.03  0.02  0.02  0.02  0.02  0.02  0.02
 8   0  0.03  0.09  0.15  0.30  0.61  0.91  1.52  3.06  4.43  5.39  7.45  9.09  9.06  9.28  8.52  7.30  4.24  1.60  0.51  0.37  0.14  0.03  0.02  0.02  0.02  0.02  0.02  0.02
 8   5  0.03  0.09  0.16  0.32  0.63  0.95  1.59  3.22  4.61  5.63  7.50  9.36  9.66  9.61  8.53  7.38  4.45  1.73  0.59  0.42  0.16  0.03  0.02  0.02  0.02  0.02  0.02  0.02
 8  10  0.03  0.09  0.16  0.31  0.62  0.94  1.57  3.16  4.51  5.55  7.35  9.18  9.91  9.89  8.49  7.52  4.72  1.83  0.72  0.52  0.20  0.02  0.02  0.02  0.02  0.02  0.02  0.02
 8  15  0.03  0.10  0.16  0.32  0.64  0.96  1.60  3.24  4.59  5.77  7.51  9.27  9.92  9.81  8.27  7.37  4.76  1.91  0.79  0.58  0.21  0.03  0.02  0.02  0.02  0.02  0.02  0.02
 8  20  0.03  0.10  0.16  0.33  0.66  0.99  1.67  3.38  4.90  6.08  7.68  9.18  9.77  9.41  8.00  7.20  4.70  1.98  0.83  0.59  0.23  0.03  0.03  0.02  0.03  0.03  0.03  0.02
 8  25  0.03  0.10  0.16  0.32  0.65  0.97  1.63  3.30  4.72  5.92  7.75  9.04  9.39  9.18  7.83  6.95  4.62  2.06  0.88  0.62  0.24  0.05  0.03  0.03  0.03  0.03  0.03  0.03
 8  30  0.03  0.10  0.16  0.32  0.65  0.97  1.62  3.28  4.74  5.79  7.56  8.78  9.15  8.92  7.67  6.74  4.54  2.22  0.94  0.70  0.28  0.06  0.04  0.03  0.03  0.04  0.03  0.03
 8  35  0.03  0.10  0.16  0.32  0.64  0.97  1.62  3.28  4.77  5.81  7.52  8.67  8.92  8.69  7.51  6.58  4.48  2.30  1.04  0.79  0.35  0.09  0.05  0.04  0.04  0.04  0.03  0.03
 8  40  0.03  0.09  0.16  0.32  0.63  0.95  1.59  3.22  4.52  5.63  7.25  8.41  8.73  8.46  7.30  6.48  4.53  2.44  1.17  0.93  0.46  0.12  0.07  0.05  0.04  0.04  0.04  0.03
 8  45  0.03  0.09  0.15  0.31  0.62  0.93  1.56  3.16  4.50  5.56  7.09  8.00  8.17  7.84  6.79  6.12  4.45  2.53  1.35  1.11  0.68  0.29  0.10  0.06  0.05  0.04  0.04  0.03
 8  50  0.03  0.09  0.15  0.30  0.59  0.89  1.49  3.02  4.40  5.46  6.87  7.71  7.79  7.40  6.48  5.84  4.32  2.64  1.53  1.28  0.82  0.40  0.25  0.09  0.06  0.05  0.04  0.04
 8  55  0.03  0.08  0.14  0.28  0.56  0.84  1.40  2.83  4.11  5.10  6.50  7.27  7.27  6.81  5.98  5.42  4.07  2.67  1.65  1.39  0.90  0.45  0.29  0.12  0.07  0.05  0.04  0.04
 8  60  0.03  0.08  0.14  0.27  0.55  0.82  1.37  2.76  4.03  5.02  6.39  7.04  6.94  6.34  5.58  5.07  3.78  2.66  1.77  1.50  0.97  0.47  0.32  0.14  0.08  0.05  0.04  0.04
 8  65  0.03  0.08  0.13  0.26  0.53  0.80  1.33  2.68  3.91  4.87  6.17  6.62  6.39  5.71  4.98  4.48  3.42  2.55  1.82  1.56  1.03  0.51  0.36  0.21  0.09  0.05  0.04  0.04
 8  70  0.03  0.08  0.13  0.26  0.51  0.77  1.29  2.60  3.79  4.73  5.95  6.21  5.84  5.09  4.37  3.89  3.06  2.43  1.87  1.62  1.09  0.54  0.40  0.24  0.09  0.05  0.04  0.04
 8  75  0.03  0.08  0.13  0.25  0.50  0.76  1.27  2.55  3.74  4.67  5.74  5.71  5.22  4.43  3.90  3.54  2.97  2.39  1.90  1.65  1.12  0.56  0.41  0.26  0.10  0.06  0.04  0.04
 8  80  0.02  0.07  0.12  0.25  0.50  0.74  1.25  2.51  3.69  4.61  5.53  5.22  4.59  3.78  3.43  3.20  2.92  2.39  1.93  1.69  1.16  0.58  0.42  0.27  0.11  0.06  0.05  0.04
 8  85  0.02  0.07  0.12  0.25  0.50  0.75  1.25  2.52  3.69  4.62  5.53  5.23  4.60  3.79  3.43  3.20  2.93  2.39  1.93  1.69  1.16  0.58  0.42  0.27  0.12  0.06  0.05  0.04
 8  90  0.02  0.07  0.12  0.25  0.50  0.75  1.25  2.52  3.70  4.62  5.54  5.23  4.60  3.79  3.44  3.20  2.93  2.39  1.93  1.69  1.16  0.58  0.42  0.27  0.12  0.06  0.05  0.04
 9 -90  0.04  0.11  0.18  0.37  0.74  1.11  1.88  3.90  5.61  6.45  6.74  5.84  5.29  4.82  4.17  3.57  3.80  3.32  2.44  2.04  1.39  0.56  0.31  0.13  0.06  0.03  0.03  0.02
 9 -85  0.04  0.11  0.18  0.37  0.74  1.11  1.88  3.90  5.61  6.45  6.74  5.84  5.29  4.82  4.17  3.57  3.80  3.32  2.44  2.04  1.39  0.56  0.32  0.13  0.06  0.03  0.03  0.03
 9 -80  0.04  0.11  0.18  0.37  0.74  1.11  1.88  3.90  5.62  6.45  6.73  5.84  5.29  4.82  4.17  3.57  3.80  3.32  2.44  2.04  1.39  0.56  0.33  0.14  0.07  0.03  0.03  0.03
 9 -75  0.04  0.11  0.18  0.36  0.72  1.08  1.82  3.76  5.47  6.34  6.96  6.30  5.63  5.00  4.42  3.85  3.84  3.47  2.58  2.15  1.49  0.60  0.35  0.14  0.07  0.04  0.03  0.03
 9 -70  0.03  0.10  0.17  0.35  0.69  1.05  1.76  3.62  5.28  6.20  7.15  6.77  5.99  5.22  4.66  4.12  3.65  3.44  2.61  2.18  1.53  0.63  0.37  0.15  0.07  0.04  0.03  0.03
 9 -65  0.03  0.10  0.17  0.34  0.69  1.03  1.73  3.54  5.25  6.32  7.39  7.34  6.55  5.72  5.30  4.91  3.94  3.43  2.48  2.08  1.43  0.60  0.31  0.16  0.07  0.04  0.03  0.03
 9 -60  0.03  0.10  0.17  0.35  0.69  1.04  1.75  3.57  5.31  6.44  7.63  7.84  7.12  6.31  5.93  5.70  4.39  3.47  2.33  1.96  1.30  0.57  0.32  0.17  0.08  0.04  0.03  0.03
 9 -55  0.04  0.11  0.18  0.35  0.71  1.06  1.78  3.62  5.38  6.54  7.77  8.18  7.54  6.71  6.13  5.96  4.73  3.42  2.06  1.71  1.04  0.48  0.30  0.17  0.08  0.04  0.03  0.03
 9 -50  0.04  0.11  0.18  0.36  0.71  1.07  1.79  3.63  5.52  6.70  7.98  8.48  7.97  7.02  6.38  6.24  5.17  3.39  1.88  1.52  0.84  0.40  0.27  0.16  0.08  0.04  0.03  0.03
 9 -45  0.04  0.11  0.18  0.36  0.72  1.08  1.81  3.67  5.58  6.76  8.28  8.84  8.49  7.70  6.71  6.27  5.15  3.30  1.82  1.47  0.77  0.37  0.25  0.15  0.07  0.04  0.03  0.03
 9 -40  0.04  0.11  0.18  0.36  0.72  1.08  1.81  3.68  5.40  6.78  8.28  8.91  8.57  7.86  6.81  6.24  5.11  3.19  1.83  1.45  0.76  0.34  0.25  0.13  0.07  0.04  0.03  0.03
 9 -35  0.03  0.10  0.17  0.35  0.69  1.05  1.75  3.56  5.25  6.46  8.07  8.92  8.85  8.22  7.01  6.31  4.94  2.86  1.57  1.21  0.59  0.26  0.20  0.10  0.06  0.04  0.03  0.03
 9 -30  0.03  0.10  0.17  0.33  0.67  1.01  1.69  3.42  5.14  6.33  7.97  9.03  9.04  8.38  7.07  6.31  4.81  2.62  1.28  0.96  0.40  0.17  0.08  0.06  0.05  0.04  0.03  0.03
 9 -25  0.03  0.10  0.17  0.34  0.67  1.02  1.70  3.47  5.16  6.32  7.90  9.04  9.26  8.68  7.29  6.51  4.74  2.32  1.07  0.78  0.30  0.06  0.04  0.04  0.03  0.03  0.03  0.03
 9 -20  0.03  0.10  0.17  0.33  0.67  1.00  1.68  3.43  5.18  6.27  7.87  9.20  9.55  9.21  7.66  6.72  4.64  2.11  0.84  0.60  0.19  0.04  0.03  0.03  0.03  0.03  0.03  0.03
 9 -15  0.03  0.09  0.16  0.32  0.63  0.95  1.59  3.23  4.87  6.18  7.86  9.34  9.83  9.76  8.13  6.88  4.27  1.85  0.72  0.50  0.16  0.03  0.02  0.02  0.02  0.03  0.03  0.03
 9 -10  0.03  0.09  0.15  0.31  0.62  0.93  1.55  3.14  4.65  5.88  7.70  9.31  9.79  9.70  8.35  7.06  4.01  1.59  0.58  0.41  0.13  0.03  0.02  0.02  0.02  0.02  0.03  0.03
 9  -5  0.03  0.09  0.15  0.31  0.62  0.93  1.55  3.13  4.49  5.55  7.66  9.40  9.59  9.59  8.50  7.07  4.13  1.62  0.57  0.41  0.13  0.03  0.02  0.02  0.02  0.02  0.02  0.02
 9   0  0.03  0.09  0.14  0.29  0.58  0.87  1.45  2.90  4.12  5.03  7.02  8.95  9.07  9.29  8.47  7.14  4.24  1.65  0.56  0.40  0.14  0.02  0.02  0.02  0.02  0.02  0.02  0.02
 9   5  0.03  0.09  0.15  0.30  0.61  0.91  1.53  3.08  4.37  5.38  7.23  9.32  9.65  9.63  8.60  7.32  4.43  1.75  0.61  0.43  0.15  0.02  0.02  0.02  0.02  0.02  0.02  0.02
 9  10  0.03  0.09  0.15  0.30  0.61  0.91  1.53  3.08  4.42  5.49  7.23  9.19  9.94 10.00  8.65  7.54  4.67  1.82  0.70  0.49  0.17  0.02  0.02  0.02  0.02  0.02  0.02  0.02
 9  15  0.03  0.09  0.16  0.31  0.62  0.94  1.57  3.17  4.52  5.73  7.39  9.26 10.00  9.99  8.41  7.42  4.70  1.82  0.73  0.53  0.18  0.03  0.02  0.02  0.02  0.02  0.02  0.02
 9  20  0.03  0.10  0.16  0.32  0.65  0.97  1.63  3.31  4.88  6.14  7.70  9.16  9.82  9.57  8.10  7.25  4.63  1.84  0.74  0.53  0.19  0.03  0.02  0.02  0.02  0.03  0.03  0.02
 9  25  0.03  0.09  0.16  0.32  0.63  0.95  1.59  3.21  4.73  6.00  7.85  9.11  9.51  9.28  7.95  7.18  4.63  1.89  0.77  0.55  0.19  0.04  0.03  0.03  0.03  0.03  0.03  0.03
 9  30  0.03  0.10  0.16  0.32  0.64  0.96  1.60  3.24  4.76  5.90  7.66  8.89  9.27  8.94  7.87  7.12  4.63  2.00  0.80  0.59  0.22  0.06  0.03  0.03  0.03  0.03  0.03  0.03
 9  35  0.03  0.10  0.16  0.32  0.64  0.97  1.62  3.28  4.88  6.02  7.71  8.76  8.91  8.62  7.56  6.72  4.49  2.13  0.96  0.72  0.31  0.07  0.04  0.04  0.03  0.03  0.03  0.03
 9  40  0.03  0.10  0.16  0.32  0.65  0.97  1.62  3.29  4.76  5.98  7.63  8.53  8.61  8.23  7.16  6.41  4.47  2.35  1.18  0.92  0.44  0.11  0.06  0.04  0.04  0.04  0.03  0.03
 9  45  0.03  0.10  0.16  0.32  0.65  0.98  1.64  3.32  4.82  6.01  7.43  7.98  7.89  7.46  6.53  5.97  4.36  2.46  1.40  1.14  0.67  0.28  0.10  0.06  0.05  0.04  0.03  0.03
 9  50  0.03  0.10  0.16  0.32  0.65  0.97  1.63  3.29  4.89  6.06  7.30  7.69  7.41  6.88  6.11  5.63  4.25  2.62  1.59  1.31  0.81  0.38  0.23  0.08  0.06  0.04  0.04  0.03
 9  55  0.03  0.09  0.15  0.31  0.62  0.93  1.56  3.14  4.69  5.84  6.98  7.18  6.75  6.19  5.56  5.19  4.05  2.65  1.69  1.40  0.89  0.45  0.27  0.11  0.07  0.04  0.04  0.03
 9  60  0.03  0.09  0.15  0.31  0.62  0.93  1.56  3.14  4.72  5.89  6.94  6.92  6.35  5.67  5.11  4.80  3.81  2.63  1.79  1.50  0.96  0.47  0.29  0.17  0.08  0.05  0.04  0.03
 9  65  0.03  0.09  0.16  0.31  0.63  0.94  1.58  3.18  4.75  5.88  6.69  6.43  5.77  5.06  4.51  4.19  3.45  2.49  1.84  1.56  1.01  0.50  0.31  0.18  0.08  0.05  0.04  0.03
 9  70  0.03  0.09  0.16  0.32  0.63  0.95  1.60  3.22  4.79  5.86  6.45  5.95  5.19  4.46  3.92  3.58  3.09  2.34  1.88  1.61  1.07  0.52  0.34  0.20  0.09  0.05  0.04  0.03
 9  75  0.03  0.10  0.16  0.32  0.64  0.96  1.61  3.24  4.62  5.52  5.76  5.20  4.54  3.95  3.68  3.52  3.00  2.29  1.86  1.60  1.06  0.52  0.34  0.21  0.09  0.05  0.04  0.03
 9  80  0.03  0.10  0.16  0.32  0.64  0.96  1.61  3.26  4.45  5.18  5.08  4.46  3.89  3.44  3.44  3.48  2.95  2.28  1.87  1.61  1.07  0.52  0.34  0.22  0.10  0.05  0.04  0.03
 9  85  0.03  0.10  0.16  0.32  0.64  0.96  1.61  3.26  4.45  5.18  5.09  4.47  3.90  3.44  3.44  3.48  2.95  2.28  1.87  1.61  1.07  0.52  0.34  0.22  0.10  0.05  0.04  0.03
 9  90  0.03  0.10  0.16  0.32  0.64  0.96  1.61  3.27  4.46  5.19  5.10  4.48  3.90  3.45  3.44  3.49  2.95  2.29  1.87  1.60  1.07  0.52  0.34  0.22  0.10  0.05  0.04  0.04
10 -90  0.03  0.09  0.14  0.29  0.58  0.88  1.48  3.01  4.44  5.51  6.83  7.02  6.26  5.41  4.97  4.68  4.32  3.49  2.38  1.99  1.39  0.61  0.37  0.16  0.07  0.04  0.03  0.03
10 -85  0.03  0.09  0.14  0.29  0.58  0.88  1.48  3.01  4.45  5.51  6.83  7.01  6.25  5.41  4.97  4.68  4.32  3.49  2.38  1.99  1.39  0.61  0.38  0.16  0.08  0.04  0.03  0.03
10 -80  0.03  0.09  0.14  0.29  0.58  0.88  1.48  3.01  4.45  5.51  6.83  7.01  6.25  5.42  4.97  4.68  4.32  3.48  2.38  1.99  1.39  0.61  0.39  0.16  0.08  0.04  0.03  0.03
10 -75  0.03  0.09  0.15  0.29  0.58  0.88  1.48  3.02  4.44  5.51  6.88  7.30  6.65  5.84  5.43  5.27  4.49  3.83  2.65  2.19  1.52  0.66  0.31  0.17  0.08  0.04  0.03  0.03
10 -70  0.03  0.09  0.15  0.29  0.59  0.88  1.48  3.02  4.43  5.49  6.91  7.58  7.06  6.29  5.85  5.81  4.57  3.90  2.73  2.27  1.56  0.69  0.33  0.17  0.08  0.04  0.03  0.03
10 -65  0.03  0.09  0.15  0.30  0.60  0.91  1.52  3.10  4.57  5.67  7.15  7.93  7.52  6.74  6.37  6.36  4.79  3.85  2.63  2.19  1.44  0.65  0.34  0.19  0.08  0.04  0.03  0.03
10 -60  0.03  0.09  0.15  0.31  0.62  0.94  1.57  3.19  4.73  5.87  7.40  8.27  7.95  7.17  6.90  6.94  5.23  3.87  2.49  2.07  1.29  0.59  0.34  0.20  0.09  0.04  0.03  0.03
10 -55  0.03  0.10  0.16  0.32  0.64  0.96  1.61  3.26  4.84  5.98  7.54  8.46  8.20  7.42  6.85  6.68  5.21  3.56  2.17  1.78  1.05  0.48  0.30  0.19  0.09  0.04  0.03  0.03
10 -50  0.03  0.10  0.16  0.32  0.64  0.96  1.60  3.25  4.90  6.06  7.70  8.68  8.44  7.55  6.77  6.46  5.29  3.44  1.99  1.60  0.88  0.38  0.26  0.19  0.09  0.04  0.03  0.03
10 -45  0.03  0.09  0.16  0.31  0.63  0.94  1.58  3.19  4.91  6.06  7.94  9.04  8.86  8.10  7.13  6.73  5.51  3.52  1.99  1.60  0.86  0.36  0.24  0.15  0.08  0.04  0.03  0.03
10 -40  0.03  0.09  0.16  0.31  0.63  0.95  1.58  3.20  4.81  6.12  7.98  9.13  8.95  8.14  7.35  6.94  5.65  3.57  2.09  1.67  0.89  0.35  0.25  0.11  0.07  0.04  0.03  0.03
10 -35  0.03  0.09  0.16  0.31  0.62  0.94  1.57  3.17  4.68  5.81  7.73  9.07  9.15  8.53  7.48  6.93  5.32  3.04  1.64  1.28  0.64  0.25  0.15  0.09  0.06  0.04  0.04  0.03
10 -30  0.03  0.09  0.15  0.30  0.61  0.92  1.54  3.11  4.65  5.73  7.61  9.17  9.35  8.68  7.50  6.85  5.01  2.58  1.18  0.88  0.37  0.14  0.09  0.06  0.05  0.04  0.04  0.03
10 -25  0.03  0.09  0.16  0.31  0.62  0.94  1.58  3.19  4.72  5.82  7.59  9.12  9.46  8.89  7.60  6.88  4.75  2.16  0.99  0.72  0.27  0.07  0.05  0.04  0.04  0.04  0.04  0.04
10 -20  0.03  0.09  0.15  0.31  0.62  0.93  1.56  3.16  4.72  5.72  7.48  9.25  9.75  9.34  7.85  6.94  4.48  1.85  0.78  0.54  0.16  0.04  0.03  0.03  0.03  0.03  0.04  0.04
10 -15  0.03  0.09  0.15  0.30  0.59  0.89  1.49  3.00  4.50  5.66  7.37  9.23  9.96  9.82  8.24  7.07  4.22  1.75  0.69  0.47  0.13  0.03  0.03  0.03  0.03  0.03  0.03  0.03
10 -10  0.03  0.09  0.14  0.29  0.57  0.86  1.44  2.89  4.26  5.38  7.21  9.08  9.73  9.67  8.39  7.23  4.05  1.62  0.57  0.39  0.11  0.03  0.02  0.02  0.02  0.03  0.03  0.03
10  -5  0.03  0.09  0.14  0.29  0.58  0.86  1.44  2.90  4.19  5.18  7.27  9.15  9.52  9.53  8.53  7.24  4.14  1.65  0.55  0.37  0.11  0.03  0.02  0.02  0.02  0.02  0.03  0.02
10   0  0.03  0.08  0.14  0.28  0.56  0.84  1.41  2.82  3.91  4.81  6.69  8.71  9.02  9.20  8.49  7.32  4.22  1.67  0.51  0.35  0.11  0.02  0.02  0.02  0.02  0.02  0.02  0.02
10   5  0.03  0.09  0.15  0.29  0.59  0.89  1.48  2.98  4.22  5.20  7.00  9.09  9.42  9.49  8.60  7.36  4.37  1.74  0.58  0.39  0.13  0.02  0.02  0.02  0.02  0.02  0.02  0.02
10  10  0.03  0.09  0.15  0.30  0.60  0.90  1.50  3.02  4.37  5.43  7.07  8.93  9.63  9.81  8.58  7.42  4.55  1.79  0.67  0.46  0.15  0.02  0.02  0.02  0.02  0.02  0.02  0.02
10  15  0.03  0.09  0.15  0.30  0.61  0.92  1.53  3.09  4.47  5.64  7.16  8.95  9.71  9.83  8.29  7.26  4.53  1.75  0.70  0.50  0.16  0.02  0.02  0.02  0.02  0.02  0.02  0.02
10  20  0.03  0.09  0.16  0.32  0.63  0.95  1.59  3.23  4.82  6.09  7.49  8.84  9.55  9.46  7.92  7.03  4.47  1.78  0.71  0.51  0.17  0.03  0.02  0.02  0.02  0.03  0.03  0.03
10  25  0.03  0.09  0.15  0.31  0.62  0.93  1.56  3.15  4.76  6.05  7.73  8.90  9.33  9.10  7.71  7.00  4.50  1.84  0.73  0.53  0.18  0.04  0.03  0.02  0.03  0.03  0.03  0.03
10  30  0.03  0.10  0.16  0.32  0.64  0.96  1.61  3.25  4.84  6.06  7.65  8.76  9.11  8.69  7.64  6.98  4.54  1.93  0.75  0.55  0.21  0.06  0.03  0.03  0.03  0.03  0.03  0.03
10  35  0.03  0.10  0.16  0.33  0.66  0.99  1.66  3.37  5.10  6.36  7.86  8.61  8.58  8.22  7.25  6.53  4.42  2.03  0.92  0.69  0.32  0.08  0.05  0.03  0.03  0.03  0.03  0.03
10  40  0.03  0.10  0.17  0.34  0.68  1.02  1.71  3.45  5.20  6.53  7.98  8.42  8.11  7.58  6.74  6.16  4.41  2.26  1.18  0.92  0.47  0.22  0.07  0.05  0.04  0.03  0.03  0.03
10  45  0.04  0.11  0.18  0.35  0.71  1.07  1.79  3.64  5.34  6.63  7.74  7.74  7.31  6.83  6.15  5.78  4.39  2.47  1.44  1.17  0.70  0.31  0.17  0.06  0.05  0.04  0.03  0.03
10  50  0.04  0.11  0.18  0.36  0.73  1.10  1.84  3.74  5.65  6.83  7.65  7.42  6.78  6.17  5.73  5.48  4.40  2.73  1.66  1.36  0.85  0.39  0.22  0.09  0.06  0.04  0.03  0.03
10  55  0.04  0.11  0.18  0.37  0.73  1.10  1.84  3.73  5.59  6.64  7.20  6.79  6.11  5.58  5.29  5.20  4.33  2.76  1.74  1.43  0.91  0.45  0.26  0.15  0.07  0.04  0.03  0.03
10  60  0.04  0.11  0.19  0.38  0.75  1.13  1.90  3.84  5.69  6.71  7.06  6.44  5.69  5.17  4.98  4.94  4.20  2.72  1.82  1.50  0.96  0.48  0.27  0.16  0.07  0.04  0.03  0.03
10  65  0.04  0.12  0.19  0.39  0.77  1.16  1.94  3.94  5.65  6.49  6.61  5.91  5.19  4.72  4.57  4.52  3.86  2.62  1.90  1.59  1.05  0.49  0.28  0.17  0.08  0.04  0.03  0.03
10  70  0.04  0.12  0.20  0.39  0.79  1.18  1.98  4.01  5.60  6.28  6.17  5.35  4.68  4.27  4.16  4.09  3.51  2.51  1.99  1.68  1.14  0.51  0.29  0.17  0.08  0.04  0.03  0.03
10  75  0.04  0.12  0.19  0.39  0.78  1.17  1.97  3.99  5.24  5.65  5.42  4.72  4.19  3.89  3.83  3.76  3.33  2.48  2.02  1.72  1.17  0.52  0.29  0.18  0.08  0.04  0.03  0.03
10  80  0.04  0.12  0.19  0.39  0.78  1.17  1.96  3.97  4.87  5.02  4.68  4.09  3.71  3.53  3.49  3.43  3.17  2.50  2.07  1.76  1.22  0.54  0.30  0.19  0.09  0.04  0.04  0.03
10  85  0.04  0.12  0.19  0.39  0.78  1.17  1.96  3.98  4.88  5.03  4.69  4.10  3.72  3.53  3.50  3.44  3.17  2.50  2.07  1.76  1.22  0.54  0.30  0.19  0.11  0.04  0.04  0.03
10  90  0.04  0.12  0.19  0.39  0.78  1.17  1.96  3.98  4.88  5.03  4.69  4.11  3.72  3.53  3.50  3.44  3.17  2.50  2.07  1.76  1.22  0.54  0.30  0.19  0.11  0.05  0.04  0.03
11 -90  0.02  0.07  0.12  0.25  0.50  0.75  1.27  2.57  3.67  4.56  6.30  7.29  7.13  6.40  5.95  6.05  5.16  3.93  2.76  2.29  1.53  0.65  0.31  0.16  0.10  0.04  0.03  0.02
11 -85  0.02  0.07  0.12  0.25  0.50  0.75  1.27  2.57  3.67  4.56  6.29  7.29  7.13  6.40  5.96  6.05  5.16  3.93  2.76  2.29  1.53  0.65  0.31  0.22  0.10  0.04  0.03  0.02
11 -80  0.02  0.07  0.12  0.25  0.50  0.75  1.27  2.57  3.67  4.56  6.29  7.29  7.13  6.40  5.96  6.05  5.16  3.93  2.76  2.29  1.53  0.65  0.31  0.16  0.10  0.04  0.03  0.02
11 -75  0.03  0.08  0.13  0.25  0.51  0.76  1.28  2.60  3.73  4.64  6.32  7.39  7.31  6.58  6.28  6.44  5.40  4.09  2.88  2.40  1.61  0.70  0.32  0.17  0.09  0.04  0.03  0.02
11 -70  0.03  0.08  0.13  0.26  0.51  0.77  1.30  2.63  3.80  4.72  6.34  7.49  7.48  6.75  6.59  6.79  5.58  4.07  2.86  2.39  1.60  0.72  0.34  0.18  0.09  0.04  0.03  0.03
11 -65  0.03  0.08  0.13  0.26  0.53  0.80  1.34  2.71  3.94  4.89  6.55  7.75  7.77  7.03  6.84  6.94  5.55  3.87  2.66  2.20  1.42  0.66  0.34  0.19  0.10  0.04  0.03  0.03
11 -60  0.03  0.08  0.14  0.27  0.55  0.82  1.38  2.81  4.09  5.07  6.77  8.01  8.04  7.29  7.08  7.12  5.55  3.69  2.42  1.99  1.22  0.60  0.33  0.19  0.10  0.04  0.03  0.03
11 -55  0.03  0.08  0.14  0.28  0.57  0.85  1.43  2.91  4.23  5.23  6.94  8.24  8.32  7.63  7.01  6.73  5.27  3.39  2.06  1.68  0.96  0.47  0.29  0.19  0.10  0.04  0.03  0.03
11 -50  0.03  0.09  0.14  0.28  0.57  0.86  1.44  2.92  4.27  5.29  7.06  8.50  8.61  7.83  6.87  6.36  5.11  3.24  1.83  1.46  0.76  0.35  0.24  0.18  0.09  0.04  0.03  0.03
11 -45  0.03  0.08  0.14  0.28  0.56  0.84  1.40  2.83  4.23  5.22  7.18  8.85  9.00  8.34  7.13  6.55  5.29  3.29  1.83  1.45  0.74  0.31  0.22  0.14  0.08  0.04  0.03  0.03
11 -40  0.03  0.08  0.14  0.28  0.55  0.83  1.39  2.80  4.23  5.32  7.30  9.01  9.18  8.42  7.36  6.71  5.35  3.30  1.92  1.52  0.77  0.31  0.22  0.10  0.06  0.04  0.03  0.03
11 -35  0.03  0.08  0.14  0.28  0.56  0.85  1.42  2.85  4.10  5.08  7.09  8.92  9.28  8.83  7.53  6.80  5.02  2.83  1.49  1.14  0.54  0.23  0.13  0.07  0.05  0.04  0.04  0.03
11 -30  0.03  0.08  0.14  0.28  0.56  0.85  1.42  2.85  4.17  5.10  7.05  9.03  9.48  8.97  7.63  6.84  4.69  2.37  1.04  0.76  0.30  0.13  0.08  0.06  0.04  0.04  0.04  0.03
11 -25  0.03  0.09  0.15  0.29  0.58  0.88  1.47  2.96  4.30  5.32  7.20  9.04  9.51  9.07  7.63  6.79  4.49  2.06  0.91  0.64  0.23  0.08  0.05  0.04  0.04  0.04  0.04  0.03
11 -20  0.03  0.09  0.14  0.29  0.58  0.87  1.45  2.92  4.35  5.29  7.15  9.21  9.81  9.38  7.80  6.78  4.31  1.87  0.75  0.51  0.14  0.05  0.04  0.03  0.03  0.03  0.04  0.03
11 -15  0.03  0.08  0.14  0.28  0.57  0.85  1.42  2.84  4.25  5.28  7.02  9.16 10.02  9.76  8.08  6.91  4.13  1.77  0.67  0.45  0.13  0.04  0.03  0.03  0.03  0.03  0.03  0.03
11 -10  0.03  0.08  0.14  0.28  0.55  0.83  1.38  2.75  4.04  5.11  6.94  8.95  9.67  9.60  8.18  7.06  4.01  1.63  0.57  0.39  0.12  0.03  0.03  0.02  0.03  0.03  0.03  0.03
11  -5  0.03  0.08  0.14  0.28  0.56  0.83  1.39  2.77  4.08  5.07  7.16  8.97  9.44  9.41  8.23  7.02  4.04  1.60  0.55  0.37  0.12  0.03  0.02  0.02  0.02  0.02  0.02  0.02
11   0  0.03  0.09  0.14  0.29  0.57  0.86  1.43  2.87  3.97  4.94  6.78  8.68  9.09  9.11  8.17  7.07  4.02  1.55  0.51  0.35  0.12  0.03  0.02  0.02  0.02  0.02  0.02  0.02
11   5  0.03  0.09  0.15  0.29  0.59  0.88  1.47  2.96  4.26  5.24  7.06  8.92  9.20  9.30  8.30  7.09  4.19  1.61  0.55  0.37  0.12  0.03  0.02  0.02  0.02  0.02  0.02  0.02
11  10  0.03  0.09  0.15  0.30  0.59  0.89  1.49  3.01  4.40  5.46  7.02  8.65  9.21  9.45  8.31  7.15  4.36  1.67  0.60  0.41  0.13  0.03  0.02  0.02  0.02  0.02  0.02  0.02
11  15  0.03  0.09  0.15  0.30  0.60  0.91  1.52  3.06  4.52  5.67  7.05  8.57  9.19  9.38  7.96  6.98  4.26  1.61  0.62  0.44  0.15  0.03  0.02  0.02  0.02  0.03  0.03  0.03
11  20  0.03  0.09  0.16  0.31  0.63  0.95  1.58  3.21  4.84  6.13  7.37  8.42  9.02  9.03  7.57  6.73  4.19  1.65  0.62  0.45  0.16  0.03  0.03  0.02  0.02  0.03  0.03  0.03
11  25  0.03  0.09  0.16  0.31  0.62  0.94  1.57  3.16  4.91  6.21  7.65  8.53  8.84  8.55  7.26  6.69  4.26  1.79  0.70  0.52  0.19  0.04  0.03  0.03  0.03  0.03  0.03  0.03
11  30  0.03  0.10  0.16  0.33  0.66  0.99  1.66  3.36  5.07  6.38  7.67  8.43  8.64  8.13  7.17  6.65  4.36  1.91  0.75  0.56  0.23  0.06  0.04  0.03  0.03  0.03  0.03  0.03
11  35  0.03  0.10  0.17  0.35  0.70  1.05  1.77  3.58  5.45  6.81  7.96  8.29  8.09  7.70  6.92  6.36  4.49  2.10  0.96  0.73  0.36  0.16  0.06  0.04  0.03  0.03  0.03  0.03
11  40  0.04  0.11  0.18  0.37  0.74  1.11  1.85  3.76  5.73  7.14  8.16  8.13  7.58  7.03  6.48  6.15  4.71  2.43  1.28  0.98  0.51  0.22  0.09  0.05  0.04  0.03  0.03  0.03
11  45  0.04  0.12  0.19  0.39  0.78  1.17  1.96  3.98  5.86  7.19  7.81  7.41  6.82  6.41  6.06  5.90  4.74  2.67  1.55  1.25  0.76  0.34  0.20  0.08  0.05  0.03  0.03  0.03
11  50  0.04  0.12  0.20  0.41  0.82  1.24  2.07  4.22  6.25  7.35  7.68  7.03  6.27  5.73  5.72  5.72  4.83  2.92  1.78  1.46  0.92  0.45  0.25  0.15  0.06  0.04  0.03  0.03
11  55  0.04  0.12  0.21  0.41  0.83  1.25  2.09  4.24  6.11  6.93  7.05  6.31  5.67  5.32  5.43  5.55  4.72  2.97  1.85  1.53  1.03  0.51  0.27  0.17  0.07  0.04  0.03  0.03
11  60  0.04  0.13  0.21  0.42  0.84  1.26  2.11  4.28  6.05  6.83  6.73  5.90  5.32  5.06  5.22  5.37  4.55  2.95  1.93  1.62  1.14  0.53  0.28  0.17  0.07  0.04  0.03  0.03
11  65  0.04  0.12  0.20  0.41  0.81  1.22  2.05  4.16  5.86  6.54  6.44  5.66  5.17  4.96  4.99  5.01  4.38  2.94  2.09  1.78  1.30  0.59  0.30  0.18  0.07  0.04  0.03  0.03
11  70  0.04  0.12  0.20  0.40  0.80  1.21  2.03  4.12  5.65  6.25  6.17  5.42  5.02  4.86  4.77  4.66  4.20  2.94  2.25  1.94  1.46  0.65  0.32  0.19  0.08  0.04  0.03  0.03
11  75  0.04  0.12  0.20  0.40  0.80  1.20  2.01  4.11  5.39  5.88  5.71  4.73  4.21  4.03  3.97  3.85  3.62  2.82  2.17  1.87  1.38  0.60  0.29  0.17  0.08  0.04  0.03  0.03
11  80  0.04  0.12  0.20  0.39  0.79  1.18  1.99  4.08  5.13  5.51  5.25  4.04  3.40  3.21  3.16  3.06  3.07  2.74  2.10  1.80  1.32  0.56  0.26  0.15  0.08  0.04  0.03  0.03
11  85  0.04  0.12  0.20  0.39  0.79  1.19  1.99  4.08  5.14  5.52  5.26  4.05  3.41  3.21  3.16  3.07  3.07  2.74  2.10  1.80  1.32  0.56  0.26  0.15  0.08  0.04  0.03  0.03
11  90  0.04  0.12  0.20  0.39  0.79  1.19  1.99  4.08  5.14  5.52  5.26  4.06  3.41  3.21  3.16  3.07  3.08  2.74  2.10  1.80  1.32  0.56  0.26  0.15  0.09  0.04  0.03  0.03
12 -90  0.02  0.07  0.11  0.22  0.45  0.67  1.13  2.29  3.29  4.08  5.78  6.98  6.87  6.06  5.61  5.40  4.99  3.62  2.57  2.15  1.38  0.65  0.33  0.18  0.08  0.05  0.03  0.02
12 -85  0.02  0.07  0.11  0.22  0.45  0.67  1.13  2.29  3.29  4.08  5.78  6.98  6.87  6.06  5.61  5.40  4.99  3.62  2.57  2.15  1.38  0.65  0.33  0.18  0.08  0.05  0.03  0.02
12 -80  0.02  0.07  0.11  0.22  0.45  0.67  1.13  2.30  3.29  4.08  5.78  6.98  6.87  6.06  5.61  5.40  4.99  3.62  2.57  2.15  1.38  0.65  0.33  0.18  0.08  0.04  0.03  0.02
12 -75  0.02  0.07  0.11  0.23  0.46  0.69  1.16  2.36  3.37  4.17  5.81  7.06  7.02  6.24  5.79  5.58  5.11  3.61  2.56  2.14  1.38  0.65  0.34  0.18  0.11  0.04  0.03  0.02
12 -70  0.02  0.07  0.12  0.23  0.47  0.71  1.19  2.42  3.46  4.26  5.85  7.15  7.18  6.41  5.97  5.76  5.20  3.57  2.48  2.09  1.34  0.63  0.34  0.18  0.11  0.04  0.03  0.02
12 -65  0.02  0.07  0.12  0.24  0.49  0.74  1.23  2.51  3.59  4.41  6.03  7.42  7.54  6.83  6.33  6.07  5.21  3.44  2.27  1.90  1.19  0.56  0.33  0.18  0.11  0.04  0.03  0.02
12 -60  0.03  0.08  0.13  0.25  0.51  0.77  1.28  2.61  3.73  4.57  6.23  7.69  7.91  7.24  6.69  6.38  5.23  3.32  2.06  1.71  1.03  0.49  0.31  0.18  0.11  0.05  0.03  0.02
12 -55  0.03  0.08  0.13  0.27  0.54  0.81  1.35  2.75  3.92  4.80  6.46  7.98  8.30  7.77  7.01  6.52  5.07  3.08  1.78  1.46  0.82  0.41  0.27  0.18  0.10  0.05  0.03  0.03
12 -50  0.03  0.08  0.13  0.27  0.54  0.81  1.37  2.78  3.98  4.91  6.60  8.28  8.70  8.17  7.24  6.65  5.00  2.89  1.54  1.23  0.64  0.32  0.22  0.17  0.09  0.04  0.03  0.03
12 -45  0.03  0.08  0.13  0.27  0.53  0.80  1.34  2.72  3.93  4.81  6.67  8.62  9.08  8.64  7.22  6.42  4.90  2.80  1.50  1.18  0.60  0.27  0.18  0.12  0.07  0.04  0.03  0.03
12 -40  0.03  0.08  0.13  0.26  0.53  0.80  1.33  2.68  3.99  4.95  6.89  8.87  9.35  8.81  7.26  6.19  4.68  2.68  1.52  1.20  0.61  0.24  0.15  0.08  0.05  0.04  0.03  0.03
12 -35  0.03  0.08  0.14  0.27  0.54  0.82  1.37  2.75  3.86  4.76  6.74  8.80  9.36  9.11  7.57  6.66  4.60  2.40  1.21  0.92  0.42  0.18  0.10  0.06  0.05  0.04  0.03  0.03
12 -30  0.03  0.08  0.14  0.27  0.55  0.83  1.38  2.77  3.99  4.87  6.82  8.95  9.52  9.15  7.88  7.11  4.51  2.11  0.89  0.64  0.25  0.11  0.07  0.05  0.04  0.04  0.03  0.03
12 -25  0.03  0.09  0.14  0.28  0.57  0.86  1.43  2.88  4.15  5.15  7.12  9.08  9.54  9.15  7.81  7.01  4.36  1.90  0.79  0.55  0.19  0.07  0.05  0.04  0.04  0.04  0.03  0.03
12 -20  0.03  0.08  0.14  0.28  0.56  0.84  1.41  2.82  4.22  5.22  7.16  9.30  9.87  9.37  7.91  6.95  4.26  1.77  0.67  0.45  0.12  0.05  0.03  0.03  0.03  0.03  0.03  0.03
12 -15  0.03  0.08  0.14  0.28  0.56  0.84  1.40  2.80  4.24  5.23  7.05  9.32 10.13  9.66  8.04  6.99  4.13  1.70  0.61  0.40  0.11  0.04  0.03  0.03  0.03  0.03  0.03  0.03
12 -10  0.03  0.08  0.14  0.28  0.55  0.83  1.37  2.73  4.08  5.19  7.08  9.12  9.77  9.58  8.06  7.05  4.05  1.59  0.53  0.35  0.11  0.03  0.02  0.02  0.02  0.03  0.03  0.02
12  -5  0.03  0.08  0.14  0.28  0.55  0.83  1.38  2.75  4.19  5.29  7.44  9.09  9.56  9.40  7.89  6.72  3.95  1.54  0.51  0.34  0.13  0.03  0.02  0.02  0.02  0.02  0.02  0.02
12   0  0.03  0.09  0.15  0.30  0.59  0.89  1.48  2.97  4.28  5.37  7.30  9.03  9.47  9.24  7.70  6.47  3.77  1.45  0.46  0.32  0.13  0.03  0.02  0.02  0.02  0.02  0.02  0.02
12   5  0.03  0.09  0.15  0.30  0.60  0.90  1.50  3.01  4.51  5.55  7.51  9.02  9.20  9.21  7.87  6.63  4.00  1.53  0.51  0.34  0.12  0.03  0.02  0.02  0.02  0.02  0.02  0.02
12  10  0.03  0.09  0.15  0.30  0.61  0.91  1.52  3.06  4.56  5.70  7.31  8.61  8.90  9.04  7.93  6.85  4.21  1.64  0.56  0.38  0.13  0.03  0.02  0.02  0.02  0.03  0.03  0.03
12  15  0.03  0.09  0.15  0.30  0.61  0.91  1.53  3.08  4.66  5.86  7.20  8.39  8.73  8.84  7.53  6.63  4.08  1.63  0.61  0.42  0.14  0.03  0.03  0.02  0.02  0.03  0.03  0.03
12  20  0.03  0.09  0.16  0.31  0.63  0.95  1.58  3.20  4.90  6.24  7.42  8.21  8.59  8.52  7.13  6.37  4.06  1.71  0.63  0.46  0.16  0.04  0.03  0.03  0.03  0.03  0.03  0.03
12  25  0.03  0.09  0.15  0.31  0.62  0.93  1.55  3.13  4.95  6.20  7.53  8.25  8.41  7.99  6.91  6.51  4.25  1.95  0.77  0.58  0.22  0.05  0.03  0.03  0.03  0.03  0.03  0.03
12  30  0.03  0.10  0.16  0.33  0.65  0.98  1.65  3.33  5.03  6.34  7.49  8.11  8.22  7.61  6.94  6.65  4.50  2.10  0.86  0.65  0.27  0.08  0.05  0.04  0.03  0.03  0.03  0.03
12  35  0.03  0.10  0.17  0.35  0.69  1.04  1.75  3.54  5.37  6.68  7.73  7.96  7.75  7.33  6.89  6.59  4.77  2.31  1.08  0.84  0.44  0.21  0.08  0.05  0.04  0.03  0.03  0.03
12  40  0.04  0.11  0.18  0.36  0.73  1.10  1.85  3.75  5.59  6.91  7.86  7.82  7.31  6.75  6.60  6.56  5.12  2.64  1.42  1.10  0.63  0.29  0.16  0.07  0.05  0.03  0.03  0.03
12  45  0.04  0.11  0.19  0.38  0.77  1.16  1.94  3.93  5.66  6.89  7.52  7.20  6.68  6.38  6.26  6.20  5.07  3.01  1.69  1.39  0.87  0.41  0.24  0.15  0.06  0.04  0.03  0.03
12  50  0.04  0.12  0.20  0.40  0.81  1.22  2.05  4.17  6.04  7.02  7.34  6.79  6.17  5.79  5.89  5.91  5.07  3.36  1.95  1.61  1.04  0.51  0.28  0.19  0.07  0.04  0.03  0.03
12  55  0.04  0.12  0.20  0.40  0.81  1.22  2.05  4.17  5.88  6.57  6.76  6.19  5.77  5.59  5.68  5.73  4.91  3.38  2.08  1.72  1.19  0.58  0.31  0.20  0.07  0.04  0.03  0.03
12  60  0.04  0.12  0.20  0.40  0.81  1.22  2.04  4.15  5.79  6.41  6.46  5.87  5.56  5.51  5.52  5.52  4.69  3.34  2.22  1.87  1.33  0.64  0.33  0.20  0.07  0.04  0.03  0.03
12  65  0.04  0.12  0.21  0.42  0.84  1.26  2.12  4.33  5.77  6.37  6.43  5.75  5.44  5.39  5.29  5.21  4.54  3.23  2.27  1.93  1.40  0.65  0.31  0.18  0.08  0.04  0.03  0.03
12  70  0.04  0.13  0.21  0.43  0.86  1.30  2.19  4.48  5.74  6.32  6.37  5.66  5.31  5.27  5.07  4.88  4.39  3.13  2.32  1.99  1.47  0.67  0.29  0.16  0.08  0.04  0.03  0.03
12  75  0.04  0.12  0.21  0.41  0.83  1.26  2.12  4.37  5.50  6.10  6.12  5.25  4.83  4.78  4.60  4.43  4.18  3.13  2.34  2.01  1.47  0.66  0.30  0.17  0.08  0.04  0.03  0.03
12  80  0.04  0.12  0.20  0.40  0.80  1.20  2.04  4.22  5.30  5.87  5.88  4.85  4.35  4.27  4.14  3.99  3.97  3.15  2.35  2.02  1.48  0.65  0.32  0.19  0.09  0.04  0.03  0.03
12  85  0.04  0.12  0.20  0.40  0.80  1.20  2.04  4.22  5.30  5.88  5.88  4.85  4.36  4.27  4.14  3.99  3.97  3.15  2.35  2.02  1.48  0.65  0.32  0.19  0.09  0.04  0.03  0.03
12  90  0.04  0.12  0.20  0.40  0.80  1.20  2.04  4.22  5.31  5.88  5.89  4.86  4.36  4.27  4.14  4.00  3.97  3.15  2.35  2.02  1.48  0.65  0.32  0.19  0.09  0.04  0.03  0.03
