     0.010
     0.030
     0.050
     0.100
     0.200
     0.300
     0.500
     1.000
     1.500
     2.000
     3.000
     5.000
     7.000
    10.000
    15.000
    20.000
    30.000
    50.000
    70.000
    80.000
   100.000
   150.000
   200.000
   250.000
   300.000
   400.000
   500.000
   600.000
 1 -90  0.02  0.07  0.11  0.22  0.45  0.67  1.13  2.26  3.26  4.02  5.64  6.58  6.32  5.43  4.58  3.98  3.43  2.82  2.20  1.86  1.24  0.62  0.33  0.19  0.09  0.06  0.03  0.02
 1 -85  0.02  0.07  0.11  0.22  0.45  0.67  1.12  2.25  3.25  4.02  5.65  6.59  6.33  5.43  4.57  3.97  3.43  2.82  2.20  1.86  1.24  0.62  0.33  0.19  0.09  0.06  0.03  0.02
 1 -80  0.02  0.07  0.11  0.22  0.45  0.67  1.12  2.25  3.24  4.02  5.66  6.60  6.33  5.42  4.57  3.97  3.43  2.82  2.20  1.86  1.24  0.62  0.33  0.19  0.09  0.05  0.03  0.02
 1 -75  0.02  0.07  0.12  0.23  0.46  0.69  1.15  2.31  3.32  4.11  5.68  6.73  6.57  5.70  4.91  4.35  3.72  2.89  2.18  1.84  1.22  0.62  0.34  0.18  0.08  0.05  0.03  0.03
 1 -70  0.02  0.07  0.12  0.24  0.47  0.71  1.19  2.37  3.39  4.19  5.71  6.86  6.81  5.98  5.24  4.73  4.04  2.97  2.15  1.80  1.18  0.60  0.34  0.19  0.08  0.05  0.03  0.03
 1 -65  0.02  0.07  0.12  0.25  0.49  0.74  1.23  2.45  3.51  4.33  5.88  7.18  7.28  6.54  5.85  5.37  4.31  2.97  2.01  1.67  1.07  0.53  0.32  0.19  0.12  0.05  0.03  0.03
 1 -60  0.03  0.08  0.13  0.26  0.51  0.77  1.28  2.55  3.64  4.47  6.07  7.50  7.74  7.10  6.46  6.01  4.57  2.97  1.87  1.54  0.97  0.47  0.30  0.19  0.12  0.05  0.04  0.03
 1 -55  0.03  0.08  0.13  0.27  0.54  0.81  1.35  2.69  3.82  4.71  6.32  7.82  8.17  7.68  6.88  6.29  4.48  2.75  1.56  1.28  0.76  0.35  0.25  0.17  0.11  0.05  0.04  0.03
 1 -50  0.03  0.08  0.14  0.28  0.55  0.83  1.38  2.75  3.92  4.85  6.50  8.12  8.60  8.19  7.25  6.58  4.42  2.54  1.28  1.02  0.56  0.24  0.18  0.17  0.10  0.05  0.04  0.03
 1 -45  0.03  0.08  0.14  0.27  0.55  0.82  1.38  2.76  3.93  4.83  6.58  8.44  8.98  8.65  7.43  6.63  4.51  2.55  1.26  0.99  0.52  0.19  0.15  0.12  0.07  0.05  0.04  0.03
 1 -40  0.03  0.08  0.14  0.27  0.55  0.82  1.37  2.76  4.04  5.00  6.85  8.78  9.36  8.98  7.65  6.68  4.51  2.56  1.28  1.00  0.51  0.18  0.13  0.08  0.06  0.04  0.04  0.03
 1 -35  0.03  0.08  0.14  0.28  0.56  0.84  1.40  2.82  3.94  4.88  6.80  8.83  9.43  9.23  7.78  6.83  4.46  2.31  1.03  0.78  0.37  0.16  0.09  0.06  0.05  0.04  0.04  0.03
 1 -30  0.03  0.08  0.14  0.28  0.57  0.85  1.42  2.85  4.06  5.01  6.95  9.04  9.64  9.32  7.95  7.01  4.42  2.03  0.79  0.57  0.23  0.10  0.06  0.05  0.04  0.04  0.04  0.04
 1 -25  0.03  0.09  0.14  0.29  0.57  0.86  1.44  2.90  4.15  5.20  7.25  9.25  9.77  9.41  7.92  6.94  4.34  1.83  0.70  0.49  0.19  0.07  0.05  0.04  0.04  0.04  0.04  0.04
 1 -20  0.03  0.08  0.14  0.28  0.56  0.84  1.40  2.82  4.22  5.32  7.36  9.43 10.08  9.66  8.01  6.91  4.30  1.65  0.59  0.41  0.13  0.05  0.04  0.03  0.04  0.04  0.04  0.03
 1 -15  0.03  0.08  0.14  0.28  0.56  0.84  1.40  2.84  4.29  5.27  7.25  9.53 10.33  9.83  8.07  6.95  4.14  1.61  0.53  0.36  0.13  0.04  0.03  0.03  0.03  0.03  0.03  0.03
 1 -10  0.03  0.08  0.14  0.27  0.55  0.83  1.38  2.79  4.17  5.27  7.22  9.39 10.08  9.83  8.08  7.03  4.04  1.53  0.46  0.31  0.09  0.04  0.03  0.03  0.03  0.03  0.03  0.03
 1  -5  0.03  0.08  0.14  0.27  0.55  0.83  1.39  2.81  4.31  5.43  7.53  9.34  9.96  9.68  7.94  6.87  3.93  1.48  0.44  0.30  0.07  0.03  0.03  0.03  0.03  0.03  0.03  0.02
 1   0  0.03  0.09  0.15  0.30  0.60  0.90  1.51  3.07  4.52  5.66  7.61  9.51 10.12  9.63  7.82  6.72  3.72  1.36  0.40  0.28  0.06  0.03  0.03  0.03  0.03  0.03  0.03  0.03
 1   5  0.03  0.09  0.15  0.30  0.60  0.90  1.51  3.05  4.62  5.71  7.75  9.29  9.62  9.45  7.81  6.67  3.90  1.47  0.47  0.31  0.06  0.03  0.03  0.03  0.03  0.03  0.03  0.03
 1  10  0.03  0.09  0.15  0.30  0.60  0.90  1.51  3.06  4.57  5.76  7.50  8.84  9.12  9.08  7.76  6.70  4.09  1.62  0.53  0.36  0.06  0.03  0.03  0.03  0.03  0.03  0.04  0.04
 1  15  0.03  0.09  0.15  0.30  0.61  0.91  1.53  3.09  4.68  5.88  7.41  8.58  8.82  8.78  7.39  6.45  4.01  1.62  0.56  0.39  0.07  0.04  0.03  0.03  0.03  0.04  0.04  0.04
 1  20  0.03  0.09  0.16  0.31  0.63  0.95  1.58  3.20  4.83  6.12  7.54  8.40  8.69  8.52  7.07  6.22  4.06  1.70  0.57  0.42  0.16  0.04  0.04  0.03  0.04  0.04  0.04  0.04
 1  25  0.03  0.09  0.16  0.31  0.63  0.94  1.57  3.17  4.95  6.10  7.50  8.31  8.39  7.94  6.87  6.37  4.36  2.06  0.77  0.59  0.25  0.06  0.05  0.04  0.04  0.04  0.04  0.04
 1  30  0.03  0.10  0.17  0.33  0.66  1.00  1.67  3.37  5.02  6.29  7.50  8.10  8.15  7.57  6.89  6.54  4.72  2.30  0.92  0.70  0.32  0.10  0.07  0.05  0.05  0.04  0.04  0.04
 1  35  0.03  0.10  0.17  0.35  0.70  1.05  1.75  3.53  5.26  6.50  7.67  7.95  7.79  7.35  6.84  6.47  5.04  2.62  1.22  0.95  0.49  0.24  0.15  0.08  0.06  0.04  0.04  0.04
 1  40  0.04  0.11  0.18  0.37  0.73  1.10  1.84  3.71  5.39  6.62  7.69  7.83  7.45  6.89  6.54  6.37  5.39  3.01  1.63  1.24  0.68  0.35  0.22  0.11  0.07  0.05  0.04  0.04
 1  45  0.04  0.11  0.19  0.37  0.75  1.13  1.89  3.81  5.38  6.58  7.52  7.45  7.01  6.66  6.47  6.30  5.50  3.35  1.88  1.52  0.94  0.49  0.30  0.19  0.09  0.05  0.04  0.04
 1  50  0.04  0.11  0.19  0.38  0.76  1.15  1.92  3.87  5.59  6.69  7.33  7.16  6.56  6.12  6.24  6.27  5.64  3.66  2.14  1.75  1.14  0.60  0.34  0.23  0.10  0.05  0.05  0.04
 1  55  0.04  0.12  0.19  0.39  0.77  1.16  1.94  3.92  5.52  6.39  6.91  6.69  6.25  5.95  5.97  5.96  5.37  3.68  2.31  1.91  1.32  0.67  0.38  0.25  0.10  0.05  0.05  0.04
 1  60  0.04  0.12  0.20  0.39  0.78  1.18  1.97  3.97  5.47  6.24  6.67  6.38  6.04  5.84  5.72  5.64  5.07  3.65  2.51  2.11  1.50  0.73  0.43  0.26  0.10  0.05  0.05  0.04
 1  65  0.04  0.12  0.19  0.38  0.77  1.16  1.94  3.91  5.46  6.20  6.68  6.39  6.15  6.02  5.78  5.61  4.88  3.60  2.51  2.12  1.52  0.73  0.41  0.24  0.10  0.05  0.05  0.04
 1  70  0.04  0.11  0.19  0.38  0.76  1.14  1.91  3.84  5.44  6.15  6.67  6.42  6.26  6.19  5.84  5.57  4.72  3.56  2.51  2.13  1.53  0.73  0.38  0.22  0.10  0.05  0.04  0.04
 1  75  0.04  0.11  0.18  0.36  0.72  1.09  1.82  3.67  5.23  5.86  6.37  6.01  5.78  5.67  5.30  5.01  4.49  3.47  2.60  2.27  1.72  0.77  0.39  0.23  0.11  0.06  0.04  0.04
 1  80  0.04  0.11  0.18  0.35  0.70  1.06  1.77  3.57  4.98  5.56  6.03  5.59  5.29  5.12  4.75  4.46  4.25  3.38  2.69  2.40  1.91  0.80  0.41  0.24  0.11  0.06  0.04  0.04
 1  85  0.04  0.11  0.18  0.35  0.70  1.06  1.77  3.56  4.96  5.54  6.00  5.56  5.27  5.11  4.74  4.45  4.25  3.38  2.69  2.40  1.91  0.80  0.41  0.24  0.11  0.06  0.04  0.04
 1  90  0.04  0.11  0.18  0.35  0.70  1.06  1.77  3.55  4.94  5.51  5.97  5.53  5.25  5.10  4.73  4.44  4.24  3.38  2.69  2.40  1.91  0.80  0.41  0.24  0.11  0.05  0.04  0.04
 2 -90  0.03  0.08  0.14  0.27  0.55  0.82  1.38  2.76  4.01  4.91  6.14  6.20  5.59  4.70  4.24  3.80  2.84  2.62  2.25  1.92  1.34  0.63  0.34  0.20  0.12  0.06  0.03  0.02
 2 -85  0.03  0.08  0.14  0.27  0.55  0.82  1.37  2.76  4.00  4.92  6.15  6.20  5.60  4.70  4.24  3.80  2.84  2.62  2.25  1.92  1.34  0.63  0.34  0.20  0.12  0.06  0.03  0.02
 2 -80  0.03  0.08  0.14  0.27  0.55  0.82  1.37  2.75  4.00  4.92  6.16  6.21  5.60  4.69  4.23  3.79  2.84  2.62  2.25  1.92  1.34  0.63  0.34  0.20  0.12  0.06  0.03  0.03
 2 -75  0.03  0.08  0.14  0.27  0.54  0.82  1.36  2.73  3.98  4.92  6.24  6.56  6.08  5.18  4.63  4.14  3.05  2.62  2.24  1.91  1.32  0.62  0.35  0.20  0.12  0.05  0.03  0.03
 2 -70  0.03  0.08  0.14  0.27  0.54  0.81  1.35  2.71  3.96  4.91  6.32  6.91  6.56  5.66  5.02  4.50  3.32  2.64  2.22  1.87  1.27  0.59  0.35  0.20  0.11  0.05  0.04  0.03
 2 -65  0.03  0.08  0.14  0.28  0.55  0.83  1.38  2.75  4.03  4.99  6.48  7.31  7.12  6.27  5.54  4.96  3.74  2.66  2.05  1.73  1.15  0.52  0.33  0.20  0.12  0.05  0.04  0.03
 2 -60  0.03  0.08  0.14  0.28  0.56  0.84  1.41  2.81  4.10  5.08  6.64  7.71  7.68  6.88  6.05  5.41  4.15  2.70  1.89  1.58  1.02  0.46  0.31  0.20  0.12  0.06  0.04  0.03
 2 -55  0.03  0.09  0.15  0.29  0.59  0.88  1.47  2.94  4.26  5.27  6.83  8.00  8.10  7.47  6.60  5.93  4.27  2.57  1.54  1.27  0.78  0.34  0.24  0.17  0.11  0.05  0.04  0.03
 2 -50  0.03  0.09  0.15  0.30  0.60  0.90  1.51  3.01  4.33  5.39  6.98  8.27  8.54  8.02  7.13  6.46  4.37  2.44  1.22  0.98  0.53  0.23  0.17  0.14  0.09  0.05  0.04  0.03
 2 -45  0.03  0.09  0.15  0.30  0.60  0.90  1.50  3.01  4.30  5.31  6.99  8.56  8.93  8.50  7.37  6.57  4.45  2.38  1.21  0.94  0.47  0.18  0.16  0.10  0.07  0.04  0.04  0.03
 2 -40  0.03  0.09  0.15  0.30  0.60  0.89  1.49  3.00  4.38  5.42  7.20  8.89  9.36  8.94  7.64  6.66  4.47  2.33  1.21  0.92  0.43  0.16  0.11  0.07  0.05  0.04  0.04  0.03
 2 -35  0.03  0.09  0.15  0.30  0.60  0.89  1.49  3.00  4.21  5.23  7.07  8.93  9.44  9.21  7.75  6.73  4.37  2.15  0.98  0.73  0.32  0.13  0.08  0.05  0.05  0.04  0.04  0.03
 2 -30  0.03  0.09  0.15  0.30  0.60  0.89  1.49  3.00  4.27  5.28  7.15  9.09  9.64  9.36  7.90  6.85  4.28  1.93  0.77  0.55  0.22  0.09  0.06  0.04  0.04  0.04  0.04  0.03
 2 -25  0.03  0.09  0.15  0.29  0.59  0.89  1.48  2.98  4.23  5.29  7.30  9.29  9.86  9.56  7.95  6.85  4.19  1.80  0.66  0.47  0.18  0.06  0.04  0.04  0.04  0.04  0.04  0.03
 2 -20  0.03  0.08  0.14  0.28  0.56  0.85  1.42  2.85  4.24  5.36  7.32  9.40 10.20  9.93  8.11  6.88  4.15  1.65  0.55  0.38  0.12  0.05  0.03  0.03  0.03  0.04  0.03  0.03
 2 -15  0.03  0.08  0.14  0.28  0.56  0.84  1.40  2.84  4.23  5.15  7.10  9.52 10.46 10.08  8.16  6.93  4.06  1.56  0.50  0.34  0.13  0.04  0.03  0.03  0.03  0.03  0.03  0.03
 2 -10  0.03  0.08  0.14  0.27  0.54  0.82  1.37  2.76  4.04  5.06  6.94  9.34 10.31 10.18  8.19  7.02  4.03  1.45  0.47  0.32  0.08  0.03  0.03  0.03  0.03  0.03  0.03  0.03
 2  -5  0.03  0.08  0.13  0.27  0.54  0.81  1.37  2.77  4.15  5.18  7.22  9.28 10.25 10.09  7.87  6.59  3.87  1.42  0.46  0.32  0.07  0.03  0.03  0.02  0.03  0.03  0.03  0.02
 2   0  0.03  0.09  0.15  0.30  0.59  0.89  1.50  3.05  4.37  5.46  7.41  9.66 10.65 10.22  7.63  6.13  3.61  1.31  0.44  0.31  0.06  0.03  0.03  0.03  0.03  0.03  0.03  0.03
 2   5  0.03  0.09  0.15  0.29  0.59  0.88  1.48  2.99  4.45  5.48  7.53  9.38 10.09  9.99  7.74  6.37  3.80  1.43  0.51  0.34  0.06  0.03  0.03  0.03  0.03  0.03  0.03  0.03
 2  10  0.03  0.09  0.14  0.29  0.58  0.87  1.46  2.95  4.35  5.43  7.28  8.94  9.49  9.48  7.84  6.69  4.00  1.60  0.58  0.40  0.06  0.03  0.03  0.03  0.03  0.03  0.04  0.04
 2  15  0.03  0.09  0.15  0.29  0.59  0.88  1.47  2.97  4.52  5.59  7.29  8.69  9.09  9.10  7.62  6.65  4.07  1.68  0.65  0.45  0.07  0.04  0.03  0.03  0.03  0.04  0.04  0.04
 2  20  0.03  0.09  0.15  0.30  0.61  0.92  1.53  3.10  4.62  5.81  7.42  8.60  9.02  8.89  7.48  6.67  4.30  1.81  0.68  0.49  0.09  0.04  0.04  0.04  0.04  0.04  0.04  0.04
 2  25  0.03  0.09  0.15  0.31  0.61  0.92  1.54  3.11  4.80  5.88  7.40  8.47  8.66  8.27  7.15  6.56  4.52  2.13  0.86  0.64  0.26  0.06  0.05  0.04  0.04  0.04  0.04  0.04
 2  30  0.03  0.10  0.16  0.32  0.65  0.98  1.64  3.30  4.92  6.15  7.53  8.29  8.41  7.91  7.02  6.51  4.83  2.31  0.98  0.73  0.31  0.18  0.08  0.06  0.05  0.04  0.04  0.04
 2  35  0.03  0.10  0.17  0.34  0.68  1.03  1.71  3.46  5.20  6.44  7.80  8.21  8.11  7.66  6.98  6.50  5.08  2.74  1.29  0.99  0.48  0.30  0.21  0.10  0.07  0.05  0.04  0.04
 2  40  0.04  0.11  0.18  0.36  0.72  1.08  1.81  3.65  5.34  6.60  7.85  8.14  7.83  7.21  6.69  6.42  5.35  3.20  1.69  1.26  0.66  0.42  0.29  0.14  0.09  0.05  0.05  0.04
 2  45  0.04  0.11  0.18  0.37  0.74  1.11  1.85  3.74  5.41  6.69  7.88  7.92  7.46  7.03  6.65  6.33  5.50  3.54  1.95  1.57  0.95  0.54  0.36  0.23  0.10  0.06  0.05  0.04
 2  50  0.04  0.11  0.19  0.37  0.75  1.12  1.88  3.79  5.63  6.92  7.77  7.66  7.03  6.51  6.40  6.25  5.68  3.82  2.26  1.85  1.18  0.64  0.40  0.27  0.11  0.06  0.05  0.05
 2  55  0.04  0.12  0.19  0.39  0.77  1.16  1.95  3.93  5.69  6.82  7.49  7.32  6.76  6.34  6.22  6.11  5.63  3.92  2.43  2.01  1.36  0.69  0.43  0.29  0.11  0.06  0.05  0.05
 2  60  0.04  0.12  0.20  0.40  0.81  1.21  2.02  4.08  5.78  6.85  7.38  7.05  6.54  6.19  6.05  5.96  5.57  4.00  2.62  2.20  1.55  0.76  0.48  0.30  0.12  0.06  0.05  0.05
 2  65  0.04  0.12  0.20  0.40  0.81  1.21  2.03  4.09  5.69  6.65  7.15  6.87  6.48  6.23  6.00  5.84  5.36  3.86  2.72  2.31  1.68  0.82  0.47  0.29  0.12  0.06  0.05  0.04
 2  70  0.04  0.12  0.20  0.40  0.81  1.21  2.02  4.08  5.62  6.47  6.94  6.68  6.43  6.28  5.95  5.71  5.20  3.73  2.81  2.42  1.80  0.88  0.46  0.29  0.12  0.06  0.05  0.04
 2  75  0.04  0.12  0.20  0.40  0.80  1.20  2.01  4.05  5.47  6.16  6.83  6.77  6.68  6.58  6.13  5.80  5.24  3.67  2.86  2.48  1.85  0.92  0.48  0.28  0.12  0.06  0.05  0.04
 2  80  0.04  0.12  0.20  0.40  0.80  1.19  2.00  4.02  5.30  5.84  6.71  6.89  6.93  6.88  6.30  5.89  5.26  3.60  2.89  2.52  1.88  0.96  0.50  0.29  0.13  0.06  0.05  0.04
 2  85  0.04  0.12  0.20  0.40  0.80  1.19  1.99  4.01  5.29  5.82  6.68  6.87  6.91  6.87  6.29  5.88  5.26  3.60  2.89  2.52  1.88  0.96  0.50  0.29  0.13  0.06  0.05  0.04
 2  90  0.04  0.12  0.20  0.40  0.79  1.19  1.99  4.00  5.27  5.80  6.65  6.84  6.89  6.86  6.28  5.87  5.25  3.59  2.89  2.52  1.88  0.96  0.50  0.29  0.13  0.06  0.05  0.04
 3 -90  0.04  0.12  0.20  0.40  0.80  1.20  2.01  4.04  5.36  6.18  6.26  5.73  5.09  4.44  3.83  3.17  2.67  2.61  2.38  2.04  1.44  0.57  0.32  0.19  0.11  0.05  0.03  0.02
 3 -85  0.04  0.12  0.20  0.40  0.80  1.20  2.01  4.03  5.35  6.18  6.27  5.74  5.09  4.44  3.83  3.17  2.67  2.61  2.37  2.04  1.44  0.57  0.32  0.19  0.11  0.05  0.03  0.03
 3 -80  0.04  0.12  0.20  0.40  0.80  1.20  2.00  4.02  5.35  6.18  6.28  5.74  5.10  4.43  3.82  3.16  2.67  2.61  2.37  2.04  1.44  0.57  0.32  0.19  0.11  0.05  0.03  0.03
 3 -75  0.04  0.11  0.19  0.38  0.76  1.15  1.91  3.83  5.29  6.25  6.69  6.28  5.59  4.83  4.15  3.46  2.79  2.59  2.34  1.99  1.40  0.56  0.31  0.18  0.11  0.05  0.03  0.03
 3 -70  0.04  0.11  0.18  0.36  0.73  1.09  1.82  3.64  5.22  6.30  7.09  6.80  6.09  5.24  4.48  3.78  2.98  2.58  2.26  1.93  1.33  0.54  0.31  0.18  0.10  0.05  0.04  0.03
 3 -65  0.04  0.11  0.18  0.35  0.70  1.06  1.76  3.53  5.13  6.27  7.27  7.27  6.67  5.80  5.08  4.48  3.38  2.60  2.06  1.75  1.19  0.49  0.29  0.18  0.12  0.05  0.04  0.03
 3 -60  0.03  0.10  0.17  0.34  0.68  1.03  1.71  3.42  5.06  6.24  7.46  7.74  7.25  6.36  5.68  5.16  3.77  2.64  1.86  1.57  1.05  0.44  0.27  0.18  0.12  0.05  0.04  0.03
 3 -55  0.03  0.10  0.17  0.34  0.69  1.03  1.72  3.44  5.08  6.26  7.57  8.04  7.71  6.93  6.25  5.74  4.19  2.60  1.56  1.30  0.82  0.33  0.22  0.16  0.10  0.05  0.04  0.03
 3 -50  0.03  0.10  0.17  0.34  0.68  1.02  1.71  3.41  5.06  6.27  7.68  8.35  8.21  7.50  6.82  6.33  4.57  2.55  1.29  1.04  0.61  0.23  0.17  0.12  0.08  0.05  0.04  0.03
 3 -45  0.03  0.10  0.17  0.33  0.66  1.00  1.66  3.35  4.90  6.10  7.62  8.65  8.67  8.07  7.04  6.26  4.47  2.46  1.23  0.96  0.52  0.17  0.14  0.08  0.06  0.04  0.04  0.03
 3 -40  0.03  0.10  0.16  0.33  0.65  0.98  1.64  3.29  4.85  6.05  7.71  8.98  9.18  8.66  7.22  6.13  4.33  2.38  1.16  0.89  0.44  0.14  0.10  0.06  0.05  0.04  0.03  0.03
 3 -35  0.03  0.10  0.16  0.32  0.64  0.96  1.60  3.21  4.63  5.76  7.52  9.02  9.34  9.00  7.66  6.66  4.35  2.20  0.94  0.70  0.32  0.13  0.08  0.05  0.04  0.04  0.03  0.03
 3 -30  0.03  0.09  0.16  0.31  0.63  0.94  1.57  3.16  4.59  5.72  7.50  9.15  9.58  9.29  8.13  7.25  4.40  1.99  0.74  0.53  0.19  0.09  0.05  0.04  0.04  0.03  0.03  0.03
 3 -25  0.03  0.09  0.15  0.31  0.61  0.92  1.53  3.09  4.43  5.55  7.47  9.29  9.84  9.61  8.23  7.28  4.28  1.79  0.60  0.42  0.15  0.06  0.04  0.03  0.03  0.03  0.03  0.03
 3 -20  0.03  0.09  0.15  0.29  0.58  0.88  1.47  2.95  4.40  5.57  7.39  9.28 10.13 10.08  8.42  7.31  4.21  1.52  0.46  0.31  0.09  0.04  0.03  0.03  0.03  0.03  0.03  0.03
 3 -15  0.03  0.09  0.14  0.29  0.58  0.87  1.45  2.93  4.29  5.19  7.02  9.31 10.32 10.22  8.34  7.12  4.12  1.49  0.45  0.30  0.10  0.03  0.03  0.03  0.03  0.03  0.03  0.03
 3 -10  0.03  0.08  0.14  0.28  0.56  0.85  1.42  2.87  4.05  4.99  6.67  9.02 10.21 10.39  8.26  6.98  4.10  1.46  0.46  0.31  0.12  0.03  0.02  0.02  0.03  0.03  0.03  0.02
 3  -5  0.03  0.08  0.14  0.28  0.56  0.84  1.41  2.85  4.08  5.00  6.81  8.90 10.14 10.34  8.10  6.83  4.01  1.45  0.46  0.32  0.07  0.03  0.02  0.02  0.02  0.03  0.03  0.02
 3   0  0.03  0.09  0.15  0.30  0.60  0.90  1.51  3.06  4.21  5.21  6.98  9.29 10.62 10.59  8.04  6.61  3.83  1.34  0.44  0.31  0.13  0.03  0.02  0.02  0.02  0.03  0.03  0.03
 3   5  0.03  0.09  0.15  0.29  0.59  0.88  1.48  3.00  4.32  5.21  7.10  9.07 10.15 10.36  8.02  6.73  3.97  1.43  0.50  0.33  0.06  0.03  0.03  0.03  0.03  0.03  0.03  0.03
 3  10  0.03  0.09  0.14  0.29  0.58  0.87  1.45  2.94  4.17  5.07  6.90  8.73  9.61  9.78  8.05  6.95  4.14  1.59  0.57  0.39  0.07  0.03  0.03  0.03  0.03  0.03  0.04  0.04
 3  15  0.03  0.09  0.14  0.29  0.58  0.87  1.46  2.96  4.38  5.31  7.10  8.63  9.22  9.35  7.71  6.66  4.14  1.67  0.62  0.44  0.08  0.04  0.03  0.03  0.03  0.04  0.04  0.04
 3  20  0.03  0.09  0.15  0.30  0.61  0.91  1.53  3.09  4.50  5.56  7.25  8.68  9.22  9.16  7.49  6.48  4.28  1.76  0.65  0.47  0.19  0.05  0.04  0.04  0.04  0.04  0.04  0.04
 3  25  0.03  0.09  0.15  0.31  0.61  0.92  1.54  3.11  4.66  5.68  7.28  8.57  8.89  8.62  7.28  6.47  4.47  2.18  0.87  0.66  0.30  0.07  0.06  0.05  0.05  0.04  0.04  0.04
 3  30  0.03  0.10  0.16  0.32  0.64  0.96  1.60  3.23  4.79  5.97  7.50  8.48  8.71  8.36  7.25  6.56  4.75  2.47  1.05  0.80  0.38  0.20  0.10  0.07  0.06  0.05  0.05  0.04
 3  35  0.03  0.10  0.16  0.33  0.66  0.99  1.65  3.34  5.04  6.24  7.88  8.55  8.58  8.15  7.23  6.59  4.86  2.83  1.35  1.06  0.57  0.31  0.22  0.10  0.07  0.05  0.05  0.04
 3  40  0.03  0.10  0.17  0.34  0.69  1.03  1.72  3.48  5.13  6.38  7.94  8.63  8.48  7.80  7.00  6.55  4.97  3.18  1.72  1.32  0.77  0.42  0.30  0.14  0.09  0.06  0.05  0.05
 3  45  0.03  0.10  0.17  0.34  0.69  1.04  1.73  3.50  5.25  6.57  8.18  8.57  8.16  7.61  6.92  6.39  5.24  3.49  1.93  1.57  0.99  0.55  0.38  0.24  0.10  0.06  0.05  0.05
 3  50  0.03  0.10  0.17  0.34  0.69  1.03  1.73  3.49  5.41  6.84  8.17  8.35  7.73  7.10  6.61  6.22  5.51  3.74  2.19  1.81  1.16  0.66  0.43  0.29  0.12  0.06  0.05  0.05
 3  55  0.04  0.11  0.18  0.35  0.71  1.07  1.79  3.61  5.51  6.83  8.00  8.05  7.45  6.86  6.44  6.15  5.51  3.90  2.42  2.01  1.34  0.75  0.47  0.32  0.13  0.06  0.05  0.05
 3  60  0.04  0.11  0.18  0.37  0.74  1.11  1.86  3.76  5.65  6.97  7.96  7.81  7.17  6.60  6.27  6.07  5.50  4.05  2.67  2.23  1.54  0.85  0.54  0.34  0.13  0.07  0.05  0.05
 3  65  0.04  0.11  0.19  0.38  0.76  1.15  1.92  3.87  5.68  6.92  7.74  7.53  6.94  6.43  6.08  5.85  5.31  4.06  2.81  2.39  1.73  0.94  0.59  0.36  0.14  0.07  0.05  0.05
 3  70  0.04  0.12  0.20  0.39  0.79  1.18  1.97  3.97  5.70  6.86  7.52  7.24  6.70  6.26  5.89  5.63  5.12  4.07  2.95  2.55  1.92  1.02  0.64  0.39  0.14  0.07  0.05  0.05
 3  75  0.04  0.12  0.20  0.39  0.79  1.18  1.97  3.98  5.60  6.67  7.29  7.11  6.72  6.39  5.83  5.45  5.04  4.08  3.00  2.61  1.97  1.07  0.63  0.38  0.18  0.07  0.05  0.05
 3  80  0.04  0.12  0.20  0.39  0.79  1.18  1.98  3.98  5.49  6.48  7.05  6.98  6.74  6.51  5.77  5.26  4.97  4.07  3.02  2.65  2.01  1.10  0.62  0.37  0.17  0.07  0.05  0.05
 3  85  0.04  0.12  0.20  0.39  0.79  1.18  1.98  3.97  5.48  6.45  7.02  6.96  6.72  6.50  5.76  5.25  4.96  4.07  3.02  2.65  2.01  1.10  0.62  0.37  0.17  0.07  0.05  0.05
 3  90  0.04  0.12  0.20  0.39  0.79  1.18  1.97  3.96  5.46  6.43  6.99  6.93  6.69  6.48  5.75  5.24  4.95  4.06  3.02  2.65  2.01  1.10  0.62  0.37  0.17  0.07  0.05  0.05
 4 -90  0.05  0.16  0.26  0.53  1.06  1.59  2.66  5.36  6.08  6.26  6.01  5.36  4.81  4.21  3.55  2.79  2.35  2.85  2.37  2.03  1.34  0.47  0.28  0.18  0.10  0.05  0.03  0.03
 4 -85  0.05  0.16  0.26  0.53  1.06  1.59  2.66  5.35  6.07  6.26  6.02  5.36  4.81  4.20  3.55  2.78  2.35  2.85  2.37  2.02  1.34  0.47  0.28  0.18  0.10  0.05  0.03  0.03
 4 -80  0.05  0.16  0.26  0.53  1.06  1.59  2.66  5.34  6.06  6.26  6.03  5.37  4.82  4.20  3.54  2.78  2.35  2.85  2.37  2.02  1.34  0.47  0.28  0.18  0.10  0.05  0.03  0.03
 4 -75  0.05  0.15  0.25  0.51  1.02  1.53  2.55  5.13  6.28  6.73  6.56  5.85  5.24  4.58  3.95  3.22  2.66  2.81  2.32  1.99  1.34  0.45  0.27  0.17  0.10  0.05  0.03  0.03
 4 -70  0.05  0.15  0.24  0.49  0.98  1.47  2.45  4.93  6.45  7.20  7.09  6.35  5.67  4.95  4.33  3.70  3.07  2.76  2.25  1.93  1.32  0.43  0.27  0.17  0.11  0.05  0.03  0.03
 4 -65  0.05  0.14  0.23  0.47  0.94  1.41  2.35  4.72  6.40  7.30  7.45  6.89  6.18  5.44  4.84  4.35  3.52  2.77  2.06  1.76  1.19  0.40  0.24  0.16  0.10  0.05  0.04  0.03
 4 -60  0.05  0.14  0.23  0.45  0.90  1.35  2.26  4.52  6.35  7.42  7.81  7.42  6.70  5.92  5.35  4.96  3.95  2.79  1.89  1.59  1.05  0.36  0.21  0.15  0.10  0.05  0.04  0.03
 4 -55  0.04  0.13  0.22  0.43  0.86  1.30  2.16  4.33  6.22  7.37  7.98  7.76  7.13  6.37  5.92  5.68  4.39  2.72  1.62  1.33  0.81  0.29  0.17  0.13  0.09  0.05  0.04  0.03
 4 -50  0.04  0.12  0.21  0.41  0.82  1.23  2.06  4.12  6.10  7.37  8.19  8.11  7.63  6.85  6.55  6.42  4.77  2.62  1.37  1.08  0.58  0.22  0.13  0.10  0.07  0.04  0.03  0.03
 4 -45  0.04  0.12  0.19  0.39  0.78  1.17  1.96  3.93  5.82  7.12  8.17  8.48  8.17  7.47  6.83  6.31  4.62  2.48  1.32  1.01  0.51  0.18  0.11  0.08  0.05  0.04  0.03  0.03
 4 -40  0.04  0.11  0.19  0.37  0.75  1.12  1.87  3.76  5.55  6.89  8.20  8.84  8.71  8.10  6.97  6.13  4.47  2.36  1.24  0.94  0.45  0.15  0.11  0.06  0.04  0.03  0.03  0.03
 4 -35  0.04  0.11  0.18  0.35  0.70  1.06  1.77  3.55  5.22  6.44  7.96  8.94  9.03  8.56  7.19  6.17  4.29  2.16  1.05  0.79  0.37  0.13  0.08  0.05  0.04  0.03  0.03  0.03
 4 -30  0.03  0.10  0.17  0.34  0.68  1.01  1.69  3.41  5.02  6.23  7.83  9.11  9.34  9.00  7.43  6.25  4.16  1.96  0.87  0.66  0.29  0.09  0.06  0.04  0.03  0.03  0.03  0.03
 4 -25  0.03  0.10  0.16  0.33  0.65  0.98  1.64  3.29  4.77  5.94  7.68  9.20  9.69  9.45  7.76  6.59  4.17  1.82  0.68  0.50  0.20  0.06  0.04  0.03  0.03  0.03  0.03  0.03
 4 -20  0.03  0.09  0.16  0.31  0.62  0.94  1.57  3.16  4.72  5.95  7.59  9.14  9.95 10.07  8.18  6.92  4.21  1.59  0.48  0.33  0.11  0.04  0.03  0.03  0.03  0.03  0.03  0.03
 4 -15  0.03  0.09  0.15  0.31  0.61  0.92  1.54  3.12  4.55  5.54  7.24  9.16 10.03 10.15  8.29  7.03  4.15  1.51  0.44  0.31  0.11  0.03  0.02  0.02  0.03  0.03  0.03  0.03
 4 -10  0.03  0.09  0.15  0.30  0.60  0.91  1.52  3.09  4.32  5.31  6.86  8.84  9.92 10.28  8.37  7.18  4.18  1.43  0.43  0.30  0.12  0.03  0.02  0.02  0.02  0.03  0.03  0.02
 4  -5  0.03  0.09  0.15  0.30  0.60  0.90  1.51  3.07  4.28  5.21  6.88  8.70  9.79 10.22  8.30  7.16  4.17  1.44  0.42  0.30  0.13  0.03  0.02  0.02  0.02  0.03  0.02  0.02
 4   0  0.03  0.09  0.15  0.31  0.61  0.92  1.55  3.16  4.32  5.29  6.97  9.01 10.21 10.47  8.30  7.06  4.07  1.36  0.41  0.29  0.13  0.03  0.02  0.02  0.02  0.03  0.03  0.02
 4   5  0.03  0.09  0.15  0.30  0.61  0.91  1.53  3.10  4.40  5.25  7.03  8.86  9.93 10.26  8.16  7.05  4.20  1.47  0.57  0.39  0.14  0.03  0.02  0.02  0.02  0.03  0.03  0.03
 4  10  0.03  0.09  0.15  0.30  0.59  0.89  1.49  3.01  4.17  5.01  6.81  8.59  9.51  9.69  8.07  7.14  4.39  1.62  0.76  0.51  0.16  0.03  0.03  0.03  0.03  0.03  0.04  0.03
 4  15  0.03  0.09  0.15  0.30  0.59  0.89  1.49  3.01  4.35  5.26  7.10  8.63  9.22  9.29  7.80  6.89  4.34  1.74  0.84  0.58  0.19  0.04  0.03  0.03  0.03  0.04  0.04  0.04
 4  20  0.03  0.09  0.15  0.31  0.61  0.92  1.54  3.12  4.48  5.49  7.22  8.78  9.30  9.12  7.65  6.75  4.40  1.84  0.89  0.62  0.21  0.05  0.04  0.04  0.04  0.04  0.04  0.04
 4  25  0.03  0.09  0.15  0.31  0.61  0.92  1.54  3.11  4.54  5.55  7.22  8.65  9.00  8.75  7.52  6.71  4.53  2.15  1.03  0.76  0.31  0.09  0.06  0.05  0.05  0.05  0.05  0.04
 4  30  0.03  0.09  0.15  0.31  0.62  0.93  1.56  3.14  4.62  5.73  7.38  8.56  8.88  8.63  7.50  6.76  4.73  2.36  1.14  0.87  0.40  0.17  0.10  0.07  0.06  0.05  0.05  0.04
 4  35  0.03  0.09  0.16  0.31  0.62  0.94  1.57  3.17  4.73  5.86  7.63  8.65  8.89  8.53  7.48  6.75  4.74  2.66  1.38  1.07  0.57  0.33  0.16  0.09  0.07  0.05  0.05  0.05
 4  40  0.03  0.09  0.16  0.32  0.63  0.95  1.60  3.23  4.67  5.81  7.49  8.72  8.92  8.37  7.30  6.65  4.74  2.92  1.66  1.29  0.77  0.44  0.30  0.13  0.08  0.06  0.05  0.05
 4  45  0.03  0.09  0.16  0.31  0.62  0.94  1.57  3.18  4.75  5.93  7.77  8.76  8.70  8.18  7.18  6.48  4.86  3.17  1.80  1.47  0.94  0.53  0.38  0.17  0.10  0.06  0.05  0.05
 4  50  0.03  0.09  0.15  0.30  0.61  0.92  1.54  3.11  4.76  6.06  7.74  8.60  8.33  7.75  6.89  6.26  4.95  3.36  2.01  1.66  1.06  0.61  0.42  0.29  0.12  0.07  0.06  0.05
 4  55  0.03  0.09  0.15  0.30  0.61  0.92  1.54  3.11  4.74  6.00  7.66  8.37  8.06  7.43  6.58  5.99  5.05  3.57  2.23  1.86  1.23  0.69  0.47  0.32  0.13  0.07  0.06  0.05
 4  60  0.03  0.09  0.16  0.31  0.63  0.94  1.57  3.18  4.83  6.13  7.69  8.20  7.77  7.07  6.26  5.72  5.16  3.78  2.47  2.07  1.41  0.78  0.55  0.35  0.14  0.07  0.06  0.05
 4  65  0.03  0.09  0.16  0.32  0.63  0.95  1.59  3.21  4.83  6.10  7.50  7.85  7.37  6.68  6.05  5.61  5.05  3.81  2.66  2.24  1.55  0.91  0.65  0.40  0.15  0.07  0.06  0.05
 4  70  0.03  0.10  0.16  0.32  0.64  0.96  1.60  3.23  4.82  6.06  7.31  7.49  6.97  6.29  5.83  5.50  4.93  3.85  2.84  2.41  1.69  1.05  0.75  0.45  0.23  0.08  0.06  0.05
 4  75  0.03  0.10  0.16  0.32  0.65  0.98  1.63  3.28  4.78  5.96  6.99  7.04  6.53  5.92  5.63  5.41  4.88  3.91  2.94  2.51  1.82  1.11  0.76  0.45  0.22  0.08  0.06  0.05
 4  80  0.03  0.10  0.17  0.33  0.66  0.99  1.66  3.34  4.75  5.86  6.65  6.57  6.08  5.56  5.43  5.32  4.85  3.97  3.02  2.60  1.92  1.17  0.76  0.45  0.21  0.08  0.06  0.05
 4  85  0.03  0.10  0.17  0.33  0.66  0.99  1.66  3.33  4.73  5.84  6.62  6.54  6.06  5.54  5.42  5.31  4.84  3.97  3.01  2.60  1.92  1.17  0.76  0.45  0.21  0.08  0.06  0.05
 4  90  0.03  0.10  0.17  0.33  0.66  0.99  1.66  3.32  4.71  5.81  6.59  6.51  6.04  5.53  5.40  5.30  4.83  3.97  3.01  2.60  1.92  1.17  0.76  0.45  0.21  0.08  0.06  0.05
 5 -90  0.06  0.17  0.29  0.58  1.16  1.75  2.92  5.89  6.53  6.76  6.12  4.83  4.05  3.38  3.14  2.87  3.05  2.94  2.28  1.92  1.27  0.46  0.25  0.15  0.08  0.04  0.03  0.03
 5 -85  0.06  0.17  0.29  0.58  1.16  1.75  2.92  5.88  6.52  6.76  6.12  4.83  4.05  3.38  3.13  2.86  3.05  2.94  2.27  1.91  1.27  0.46  0.25  0.15  0.08  0.04  0.03  0.03
 5 -80  0.06  0.17  0.29  0.58  1.16  1.74  2.92  5.88  6.52  6.76  6.13  4.84  4.05  3.38  3.13  2.86  3.05  2.94  2.27  1.91  1.27  0.46  0.25  0.15  0.08  0.04  0.03  0.03
 5 -75  0.06  0.17  0.28  0.57  1.13  1.70  2.84  5.72  6.59  6.99  6.59  5.48  4.77  4.10  3.67  3.22  3.10  2.81  2.11  1.78  1.20  0.43  0.23  0.14  0.09  0.04  0.03  0.03
 5 -70  0.05  0.16  0.27  0.55  1.10  1.65  2.75  5.53  6.63  7.18  7.01  6.13  5.50  4.83  4.25  3.65  3.18  2.65  1.94  1.64  1.10  0.40  0.21  0.14  0.08  0.04  0.03  0.03
 5 -65  0.05  0.16  0.27  0.55  1.10  1.65  2.76  5.54  6.87  7.51  7.29  6.48  5.86  5.20  4.83  4.39  3.73  2.76  1.88  1.56  1.00  0.39  0.21  0.14  0.08  0.04  0.03  0.03
 5 -60  0.06  0.17  0.28  0.55  1.10  1.66  2.76  5.54  7.11  7.85  7.60  6.84  6.22  5.56  5.30  5.09  4.34  2.89  1.82  1.49  0.90  0.38  0.21  0.14  0.08  0.04  0.03  0.03
 5 -55  0.05  0.16  0.26  0.53  1.06  1.59  2.65  5.31  7.06  7.99  7.89  7.27  6.59  5.91  5.64  5.56  4.62  2.74  1.64  1.32  0.75  0.35  0.19  0.14  0.07  0.04  0.03  0.03
 5 -50  0.05  0.15  0.25  0.51  1.02  1.53  2.55  5.10  7.09  8.25  8.25  7.69  7.05  6.30  6.04  6.04  4.83  2.54  1.48  1.15  0.60  0.34  0.18  0.10  0.06  0.04  0.03  0.03
 5 -45  0.05  0.14  0.23  0.47  0.94  1.41  2.35  4.73  6.77  7.99  8.40  8.15  7.68  6.97  6.47  6.10  4.72  2.46  1.40  1.07  0.51  0.29  0.15  0.08  0.05  0.04  0.03  0.03
 5 -40  0.04  0.13  0.21  0.43  0.86  1.29  2.15  4.32  6.32  7.65  8.48  8.55  8.18  7.55  6.67  6.09  4.65  2.39  1.29  0.97  0.44  0.24  0.12  0.07  0.04  0.03  0.03  0.03
 5 -35  0.04  0.12  0.20  0.39  0.79  1.18  1.97  3.97  5.82  7.09  8.22  8.68  8.57  8.01  7.12  6.47  4.55  2.17  1.07  0.79  0.34  0.19  0.10  0.06  0.04  0.03  0.03  0.03
 5 -30  0.04  0.11  0.18  0.36  0.73  1.09  1.83  3.68  5.46  6.73  8.05  8.85  8.87  8.46  7.55  6.88  4.50  1.98  0.85  0.62  0.23  0.10  0.06  0.04  0.04  0.03  0.03  0.03
 5 -25  0.03  0.10  0.17  0.35  0.70  1.05  1.75  3.52  5.14  6.33  7.83  8.94  9.28  8.98  7.74  6.90  4.40  1.90  0.69  0.50  0.18  0.06  0.04  0.03  0.03  0.03  0.03  0.03
 5 -20  0.03  0.10  0.17  0.33  0.67  1.00  1.68  3.38  5.05  6.29  7.74  8.88  9.54  9.69  8.00  6.91  4.31  1.74  0.54  0.38  0.12  0.04  0.03  0.03  0.03  0.03  0.03  0.03
 5 -15  0.03  0.10  0.16  0.32  0.65  0.98  1.63  3.31  4.83  5.94  7.54  9.00  9.63  9.83  8.22  7.09  4.27  1.61  0.46  0.33  0.12  0.03  0.03  0.03  0.03  0.03  0.03  0.03
 5 -10  0.03  0.10  0.16  0.32  0.64  0.97  1.62  3.29  4.65  5.72  7.21  8.79  9.61  9.95  8.37  7.30  4.34  1.51  0.40  0.28  0.11  0.03  0.02  0.02  0.02  0.03  0.03  0.03
 5  -5  0.03  0.10  0.16  0.32  0.64  0.96  1.62  3.28  4.56  5.55  7.18  8.72  9.47  9.89  8.21  7.08  4.14  1.36  0.36  0.26  0.11  0.03  0.02  0.02  0.02  0.03  0.03  0.02
 5   0  0.03  0.09  0.16  0.31  0.63  0.95  1.60  3.25  4.51  5.50  7.18  8.93  9.73 10.06  8.07  6.78  3.88  1.14  0.31  0.22  0.11  0.03  0.02  0.02  0.02  0.03  0.03  0.02
 5   5  0.03  0.09  0.16  0.31  0.63  0.94  1.58  3.21  4.54  5.42  7.14  8.83  9.72 10.02  8.08  6.99  4.19  1.39  0.47  0.33  0.16  0.03  0.02  0.02  0.02  0.03  0.03  0.03
 5  10  0.03  0.09  0.15  0.30  0.61  0.91  1.53  3.09  4.23  5.10  6.87  8.59  9.50  9.66  8.13  7.31  4.57  1.68  0.66  0.48  0.22  0.03  0.03  0.03  0.03  0.03  0.03  0.03
 5  15  0.03  0.09  0.15  0.30  0.60  0.91  1.52  3.08  4.33  5.28  7.12  8.71  9.33  9.36  7.96  7.16  4.47  1.82  0.75  0.55  0.25  0.04  0.03  0.03  0.03  0.04  0.04  0.04
 5  20  0.03  0.09  0.15  0.31  0.62  0.93  1.56  3.15  4.44  5.43  7.15  8.85  9.44  9.18  7.90  7.12  4.42  1.94  0.81  0.59  0.27  0.06  0.04  0.04  0.04  0.04  0.04  0.04
 5  25  0.03  0.09  0.15  0.31  0.61  0.92  1.54  3.10  4.41  5.40  7.11  8.68  9.10  8.91  7.76  6.94  4.60  2.16  0.95  0.72  0.36  0.09  0.06  0.05  0.05  0.05  0.05  0.04
 5  30  0.03  0.09  0.15  0.30  0.60  0.90  1.51  3.05  4.44  5.45  7.16  8.52  8.96  8.82  7.68  6.86  4.82  2.34  1.10  0.85  0.44  0.16  0.08  0.06  0.05  0.05  0.05  0.04
 5  35  0.03  0.09  0.15  0.30  0.60  0.91  1.51  3.05  4.46  5.51  7.29  8.53  8.95  8.74  7.61  6.81  4.82  2.59  1.28  1.01  0.57  0.32  0.13  0.08  0.06  0.05  0.05  0.05
 5  40  0.03  0.09  0.15  0.30  0.61  0.91  1.52  3.08  4.33  5.36  6.98  8.49  8.97  8.63  7.44  6.69  4.83  2.81  1.49  1.18  0.71  0.41  0.20  0.11  0.08  0.06  0.05  0.05
 5  45  0.03  0.09  0.15  0.29  0.59  0.88  1.48  2.99  4.35  5.38  7.17  8.49  8.76  8.39  7.27  6.52  4.82  2.96  1.63  1.35  0.88  0.49  0.34  0.15  0.09  0.06  0.06  0.05
 5  50  0.03  0.08  0.14  0.28  0.56  0.84  1.41  2.85  4.25  5.32  7.04  8.29  8.42  8.01  7.01  6.30  4.79  3.08  1.84  1.54  1.00  0.58  0.40  0.19  0.11  0.07  0.06  0.05
 5  55  0.03  0.08  0.14  0.27  0.55  0.82  1.37  2.78  4.11  5.15  6.87  8.04  8.13  7.63  6.65  5.98  4.76  3.21  2.00  1.68  1.11  0.63  0.45  0.31  0.13  0.07  0.06  0.05
 5  60  0.03  0.08  0.14  0.27  0.55  0.82  1.38  2.79  4.12  5.17  6.83  7.88  7.85  7.23  6.31  5.70  4.74  3.35  2.19  1.84  1.22  0.70  0.52  0.34  0.14  0.07  0.06  0.05
 5  65  0.03  0.08  0.13  0.27  0.54  0.81  1.35  2.73  4.03  5.04  6.64  7.53  7.39  6.72  5.82  5.20  4.38  3.34  2.35  2.00  1.38  0.81  0.61  0.40  0.15  0.08  0.06  0.05
 5  70  0.03  0.08  0.13  0.26  0.52  0.79  1.32  2.66  3.93  4.91  6.45  7.17  6.93  6.21  5.32  4.71  4.02  3.33  2.52  2.16  1.54  0.92  0.70  0.46  0.29  0.08  0.06  0.05
 5  75  0.03  0.08  0.13  0.26  0.52  0.79  1.32  2.65  3.95  4.96  6.44  6.91  6.52  5.75  5.11  4.65  4.11  3.40  2.57  2.21  1.58  0.95  0.70  0.46  0.28  0.08  0.06  0.05
 5  80  0.03  0.08  0.13  0.26  0.52  0.79  1.31  2.64  3.97  5.00  6.42  6.65  6.11  5.30  4.89  4.59  4.22  3.47  2.60  2.24  1.61  0.97  0.70  0.45  0.27  0.09  0.06  0.05
 5  85  0.03  0.08  0.13  0.26  0.52  0.79  1.31  2.64  3.95  4.97  6.39  6.62  6.09  5.28  4.87  4.58  4.21  3.47  2.60  2.24  1.61  0.97  0.70  0.45  0.27  0.09  0.06  0.05
 5  90  0.03  0.08  0.13  0.26  0.52  0.78  1.31  2.63  3.93  4.94  6.35  6.58  6.06  5.27  4.86  4.57  4.21  3.46  2.60  2.24  1.61  0.97  0.70  0.45  0.27  0.09  0.06  0.05
 6 -90  0.06  0.18  0.29  0.59  1.18  1.77  2.97  5.99  6.76  7.14  6.47  4.98  4.30  3.91  3.48  3.23  3.05  2.89  2.14  1.85  1.31  0.47  0.21  0.12  0.06  0.04  0.03  0.03
 6 -85  0.06  0.18  0.29  0.59  1.18  1.77  2.96  5.98  6.76  7.14  6.48  4.99  4.30  3.90  3.48  3.22  3.05  2.89  2.14  1.85  1.31  0.47  0.21  0.12  0.07  0.04  0.03  0.03
 6 -80  0.06  0.18  0.29  0.59  1.18  1.77  2.96  5.97  6.75  7.14  6.48  4.99  4.30  3.90  3.47  3.22  3.05  2.89  2.14  1.84  1.31  0.47  0.21  0.13  0.07  0.04  0.03  0.03
 6 -75  0.06  0.18  0.29  0.59  1.18  1.77  2.95  5.94  6.78  7.23  6.83  5.53  4.87  4.34  3.83  3.43  3.16  2.87  2.08  1.80  1.31  0.46  0.20  0.13  0.07  0.04  0.03  0.03
 6 -70  0.06  0.17  0.29  0.58  1.16  1.75  2.92  5.87  6.79  7.30  7.14  6.08  5.44  4.80  4.24  3.71  3.29  2.83  2.03  1.74  1.28  0.45  0.20  0.13  0.07  0.04  0.03  0.03
 6 -65  0.06  0.17  0.29  0.57  1.15  1.72  2.87  5.77  6.87  7.47  7.25  6.28  5.66  5.00  4.70  4.32  3.73  2.88  1.99  1.67  1.17  0.45  0.23  0.13  0.07  0.04  0.03  0.03
 6 -60  0.06  0.17  0.28  0.56  1.13  1.69  2.82  5.66  6.93  7.59  7.32  6.48  5.87  5.21  5.10  4.89  4.20  2.96  1.95  1.61  1.07  0.45  0.26  0.13  0.07  0.04  0.03  0.03
 6 -55  0.05  0.16  0.27  0.55  1.10  1.65  2.75  5.51  7.08  7.88  7.59  6.83  6.16  5.51  5.41  5.41  4.51  2.87  1.75  1.43  0.90  0.39  0.26  0.13  0.07  0.04  0.03  0.03
 6 -50  0.05  0.16  0.27  0.55  1.09  1.64  2.73  5.48  7.32  8.36  7.94  7.21  6.56  5.87  5.77  5.93  4.76  2.68  1.53  1.24  0.74  0.35  0.27  0.11  0.06  0.04  0.03  0.03
 6 -45  0.05  0.15  0.25  0.50  1.00  1.50  2.51  5.04  7.05  8.23  8.32  7.85  7.34  6.66  6.22  5.94  4.69  2.58  1.46  1.16  0.65  0.32  0.24  0.09  0.05  0.04  0.03  0.03
 6 -40  0.04  0.13  0.22  0.45  0.89  1.34  2.24  4.51  6.58  7.91  8.54  8.33  7.86  7.24  6.39  5.89  4.67  2.51  1.36  1.07  0.59  0.28  0.20  0.08  0.05  0.03  0.03  0.03
 6 -35  0.04  0.12  0.20  0.41  0.81  1.22  2.04  4.10  6.00  7.26  8.23  8.50  8.32  7.74  6.86  6.26  4.72  2.28  1.12  0.87  0.47  0.22  0.12  0.07  0.05  0.03  0.03  0.03
 6 -30  0.04  0.11  0.18  0.37  0.74  1.11  1.85  3.72  5.53  6.80  8.01  8.66  8.64  8.19  7.27  6.63  4.82  2.12  0.87  0.67  0.32  0.15  0.07  0.05  0.04  0.03  0.03  0.03
 6 -25  0.04  0.11  0.18  0.36  0.72  1.07  1.80  3.62  5.29  6.46  7.81  8.70  8.98  8.63  7.51  6.78  4.65  1.96  0.70  0.53  0.23  0.06  0.04  0.04  0.03  0.03  0.03  0.03
 6 -20  0.03  0.10  0.17  0.35  0.70  1.05  1.75  3.54  5.26  6.48  7.80  8.66  9.15  9.26  7.82  6.92  4.46  1.74  0.53  0.38  0.13  0.04  0.03  0.03  0.03  0.03  0.03  0.03
 6 -15  0.03  0.10  0.17  0.34  0.68  1.02  1.70  3.45  5.05  6.27  7.79  8.88  9.27  9.47  8.00  6.90  4.23  1.62  0.49  0.35  0.13  0.04  0.03  0.03  0.03  0.03  0.03  0.03
 6 -10  0.03  0.10  0.17  0.34  0.68  1.02  1.70  3.45  4.94  6.10  7.58  8.81  9.33  9.52  8.04  6.91  4.12  1.53  0.47  0.34  0.13  0.03  0.03  0.03  0.03  0.03  0.03  0.03
 6  -5  0.03  0.10  0.17  0.34  0.67  1.01  1.70  3.45  4.82  5.87  7.51  8.83  9.20  9.47  8.19  7.14  4.24  1.51  0.43  0.32  0.13  0.03  0.03  0.02  0.03  0.03  0.03  0.03
 6   0  0.03  0.10  0.16  0.32  0.64  0.97  1.63  3.30  4.67  5.67  7.38  8.90  9.28  9.53  8.30  7.31  4.33  1.43  0.39  0.29  0.14  0.03  0.03  0.02  0.03  0.03  0.03  0.03
 6   5  0.03  0.10  0.16  0.32  0.65  0.97  1.63  3.31  4.67  5.63  7.30  8.89  9.52  9.66  8.23  7.32  4.49  1.56  0.48  0.35  0.18  0.03  0.03  0.03  0.03  0.03  0.03  0.02
 6  10  0.03  0.09  0.16  0.31  0.62  0.94  1.57  3.17  4.37  5.30  7.04  8.69  9.50  9.59  8.19  7.43  4.72  1.71  0.63  0.46  0.22  0.03  0.03  0.03  0.03  0.03  0.03  0.03
 6  15  0.03  0.09  0.16  0.31  0.62  0.94  1.57  3.18  4.42  5.43  7.24  8.85  9.45  9.42  7.98  7.16  4.65  1.84  0.70  0.53  0.25  0.04  0.03  0.03  0.03  0.04  0.04  0.03
 6  20  0.03  0.10  0.16  0.32  0.64  0.96  1.60  3.24  4.54  5.54  7.24  8.93  9.54  9.23  7.84  6.98  4.57  1.93  0.75  0.55  0.27  0.06  0.04  0.04  0.04  0.04  0.04  0.04
 6  25  0.03  0.09  0.16  0.31  0.62  0.94  1.57  3.17  4.42  5.42  7.17  8.74  9.17  9.01  7.86  7.02  4.67  2.07  0.82  0.62  0.31  0.09  0.05  0.05  0.05  0.05  0.04  0.04
 6  30  0.03  0.09  0.15  0.30  0.61  0.91  1.53  3.08  4.41  5.36  7.11  8.52  8.99  8.89  7.90  7.15  4.80  2.20  0.89  0.70  0.35  0.13  0.07  0.05  0.05  0.05  0.05  0.04
 6  35  0.03  0.09  0.15  0.30  0.60  0.91  1.52  3.06  4.39  5.38  7.14  8.46  8.91  8.76  7.70  6.91  4.75  2.48  1.13  0.88  0.46  0.18  0.09  0.07  0.06  0.05  0.05  0.04
 6  40  0.03  0.09  0.15  0.30  0.60  0.90  1.50  3.04  4.21  5.18  6.77  8.30  8.84  8.65  7.44  6.65  4.73  2.73  1.37  1.09  0.60  0.32  0.15  0.09  0.07  0.06  0.05  0.05
 6  45  0.03  0.09  0.14  0.29  0.58  0.87  1.45  2.94  4.20  5.16  6.83  8.18  8.58  8.29  7.18  6.44  4.75  2.83  1.51  1.24  0.79  0.41  0.27  0.12  0.08  0.06  0.06  0.05
 6  50  0.03  0.08  0.13  0.27  0.54  0.81  1.36  2.75  4.04  5.02  6.64  7.92  8.22  7.90  6.91  6.20  4.72  2.92  1.69  1.42  0.92  0.51  0.35  0.16  0.10  0.07  0.06  0.05
 6  55  0.03  0.08  0.13  0.26  0.52  0.78  1.30  2.64  3.82  4.73  6.33  7.57  7.85  7.45  6.51  5.87  4.52  2.97  1.81  1.52  1.00  0.55  0.40  0.19  0.11  0.07  0.06  0.05
 6  60  0.03  0.08  0.13  0.26  0.51  0.77  1.29  2.61  3.77  4.66  6.20  7.34  7.52  7.01  6.16  5.58  4.32  3.03  1.94  1.63  1.07  0.60  0.46  0.29  0.12  0.07  0.06  0.05
 6  65  0.02  0.07  0.12  0.25  0.49  0.74  1.24  2.51  3.64  4.51  6.03  7.05  7.11  6.51  5.63  5.02  3.95  2.97  2.07  1.76  1.19  0.67  0.53  0.34  0.13  0.08  0.06  0.05
 6  70  0.02  0.07  0.12  0.24  0.48  0.72  1.20  2.42  3.51  4.35  5.86  6.75  6.70  6.01  5.10  4.46  3.59  2.91  2.19  1.88  1.31  0.74  0.60  0.38  0.15  0.08  0.06  0.05
 6  75  0.02  0.07  0.11  0.23  0.46  0.69  1.16  2.33  3.43  4.29  5.86  6.62  6.43  5.66  4.85  4.28  3.59  2.92  2.24  1.94  1.38  0.77  0.62  0.40  0.17  0.08  0.06  0.05
 6  80  0.02  0.07  0.11  0.22  0.44  0.67  1.11  2.24  3.36  4.23  5.86  6.49  6.16  5.30  4.59  4.09  3.62  2.95  2.28  1.98  1.43  0.79  0.64  0.41  0.24  0.09  0.06  0.05
 6  85  0.02  0.07  0.11  0.22  0.44  0.66  1.11  2.23  3.34  4.20  5.82  6.46  6.13  5.29  4.58  4.08  3.62  2.95  2.28  1.98  1.43  0.79  0.64  0.41  0.24  0.09  0.06  0.05
 6  90  0.02  0.07  0.11  0.22  0.44  0.66  1.11  2.22  3.32  4.17  5.78  6.43  6.11  5.27  4.57  4.07  3.61  2.94  2.28  1.98  1.43  0.79  0.64  0.41  0.24  0.09  0.06  0.05
 7 -90  0.05  0.16  0.26  0.53  1.06  1.60  2.67  5.39  6.26  6.73  6.33  5.18  4.53  4.19  3.62  3.33  3.22  2.76  2.12  1.81  1.23  0.48  0.27  0.12  0.06  0.04  0.03  0.03
 7 -85  0.05  0.16  0.26  0.53  1.06  1.60  2.67  5.39  6.26  6.73  6.34  5.19  4.53  4.18  3.62  3.32  3.22  2.76  2.11  1.81  1.23  0.48  0.27  0.12  0.06  0.04  0.03  0.03
 7 -80  0.05  0.16  0.26  0.53  1.06  1.60  2.67  5.38  6.25  6.73  6.35  5.20  4.54  4.18  3.61  3.32  3.22  2.76  2.11  1.80  1.23  0.48  0.27  0.12  0.06  0.04  0.03  0.03
 7 -75  0.05  0.15  0.25  0.50  0.99  1.49  2.49  5.03  6.01  6.57  6.54  5.65  5.12  4.68  3.92  3.42  3.10  2.74  2.09  1.80  1.26  0.49  0.28  0.12  0.06  0.04  0.03  0.03
 7 -70  0.05  0.14  0.23  0.46  0.91  1.37  2.29  4.61  5.74  6.38  6.68  6.12  5.72  5.15  4.28  3.58  3.02  2.71  2.06  1.77  1.27  0.49  0.28  0.12  0.06  0.04  0.03  0.03
 7 -65  0.05  0.14  0.23  0.47  0.93  1.40  2.34  4.69  6.02  6.74  6.98  6.29  5.76  5.08  4.71  4.29  3.67  2.81  1.99  1.70  1.21  0.48  0.25  0.13  0.07  0.04  0.03  0.03
 7 -60  0.05  0.14  0.24  0.47  0.94  1.42  2.36  4.74  6.26  7.05  7.21  6.46  5.80  5.06  5.10  4.98  4.31  2.94  1.93  1.64  1.16  0.46  0.27  0.13  0.07  0.04  0.03  0.03
 7 -55  0.05  0.14  0.23  0.46  0.91  1.37  2.28  4.57  6.33  7.25  7.47  6.88  6.13  5.39  5.49  5.57  4.62  2.91  1.78  1.47  0.96  0.39  0.27  0.13  0.07  0.04  0.03  0.03
 7 -50  0.05  0.14  0.23  0.46  0.91  1.37  2.28  4.56  6.48  7.65  7.82  7.30  6.56  5.75  5.86  6.17  4.89  2.78  1.60  1.30  0.78  0.34  0.26  0.13  0.07  0.04  0.03  0.03
 7 -45  0.04  0.13  0.22  0.44  0.88  1.32  2.21  4.44  6.45  7.67  8.21  7.93  7.42  6.68  6.35  6.18  4.89  2.78  1.56  1.25  0.69  0.31  0.23  0.12  0.06  0.04  0.03  0.03
 7 -40  0.04  0.12  0.21  0.41  0.83  1.25  2.08  4.19  6.15  7.48  8.35  8.34  7.90  7.31  6.54  6.15  4.93  2.80  1.53  1.20  0.65  0.27  0.20  0.11  0.06  0.04  0.03  0.03
 7 -35  0.04  0.12  0.19  0.39  0.78  1.17  1.96  3.93  5.76  7.01  8.10  8.46  8.32  7.76  6.83  6.23  4.83  2.56  1.32  1.02  0.52  0.22  0.16  0.09  0.06  0.04  0.03  0.03
 7 -30  0.04  0.11  0.18  0.37  0.73  1.10  1.83  3.69  5.46  6.71  7.94  8.59  8.59  8.13  7.02  6.28  4.79  2.41  1.09  0.83  0.38  0.16  0.08  0.06  0.05  0.04  0.03  0.03
 7 -25  0.04  0.11  0.18  0.36  0.72  1.09  1.82  3.66  5.36  6.53  7.84  8.62  8.85  8.46  7.28  6.54  4.65  2.14  0.86  0.65  0.27  0.07  0.05  0.04  0.04  0.03  0.03  0.03
 7 -20  0.04  0.11  0.18  0.36  0.72  1.08  1.80  3.64  5.42  6.63  7.94  8.64  8.97  8.98  7.61  6.79  4.48  1.86  0.64  0.46  0.16  0.05  0.03  0.03  0.03  0.03  0.03  0.03
 7 -15  0.03  0.10  0.17  0.34  0.69  1.04  1.73  3.51  5.19  6.50  8.03  8.93  9.19  9.31  7.97  6.93  4.16  1.65  0.56  0.41  0.16  0.04  0.03  0.03  0.03  0.03  0.03  0.03
 7 -10  0.03  0.10  0.17  0.34  0.68  1.03  1.72  3.49  5.09  6.33  7.88  9.00  9.33  9.34  8.14  7.11  3.97  1.48  0.50  0.37  0.15  0.03  0.03  0.03  0.03  0.03  0.03  0.03
 7  -5  0.03  0.10  0.17  0.34  0.68  1.02  1.72  3.48  4.92  6.03  7.78  9.07  9.21  9.29  8.19  7.08  4.14  1.51  0.49  0.37  0.16  0.03  0.03  0.03  0.03  0.03  0.03  0.03
 7   0  0.03  0.09  0.16  0.32  0.64  0.96  1.61  3.26  4.65  5.65  7.45  8.95  9.08  9.23  8.13  7.01  4.30  1.50  0.48  0.36  0.17  0.03  0.03  0.03  0.03  0.03  0.03  0.03
 7   5  0.03  0.10  0.16  0.32  0.65  0.98  1.64  3.32  4.70  5.71  7.42  9.07  9.52  9.50  8.22  7.23  4.50  1.68  0.57  0.42  0.20  0.03  0.03  0.03  0.03  0.03  0.03  0.02
 7  10  0.03  0.09  0.16  0.32  0.63  0.95  1.59  3.21  4.49  5.48  7.24  8.93  9.67  9.68  8.32  7.51  4.78  1.84  0.72  0.53  0.23  0.03  0.03  0.03  0.03  0.03  0.03  0.03
 7  15  0.03  0.10  0.16  0.32  0.64  0.96  1.61  3.25  4.53  5.62  7.41  9.07  9.68  9.60  8.17  7.35  4.80  1.94  0.77  0.58  0.24  0.04  0.03  0.03  0.03  0.04  0.03  0.03
 7  20  0.03  0.10  0.16  0.33  0.66  0.99  1.65  3.34  4.71  5.77  7.46  9.07  9.67  9.35  8.03  7.23  4.77  2.01  0.81  0.58  0.25  0.05  0.04  0.04  0.04  0.04  0.04  0.03
 7  25  0.03  0.10  0.16  0.32  0.64  0.97  1.61  3.26  4.55  5.62  7.42  8.89  9.30  9.14  7.90  7.01  4.69  2.13  0.88  0.63  0.26  0.07  0.05  0.05  0.05  0.05  0.04  0.04
 7  30  0.03  0.09  0.16  0.31  0.63  0.95  1.58  3.19  4.55  5.51  7.29  8.64  9.08  8.96  7.76  6.83  4.63  2.28  0.95  0.71  0.29  0.10  0.06  0.05  0.05  0.05  0.05  0.04
 7  35  0.03  0.09  0.16  0.31  0.62  0.94  1.57  3.16  4.52  5.51  7.25  8.53  8.92  8.76  7.60  6.71  4.58  2.44  1.11  0.85  0.39  0.13  0.07  0.06  0.05  0.05  0.05  0.04
 7  40  0.03  0.09  0.15  0.31  0.61  0.92  1.54  3.11  4.31  5.31  6.92  8.31  8.78  8.59  7.41  6.60  4.61  2.60  1.28  1.00  0.51  0.18  0.10  0.07  0.06  0.06  0.05  0.04
 7  45  0.03  0.09  0.15  0.30  0.59  0.89  1.49  3.01  4.27  5.25  6.85  8.06  8.40  8.12  7.05  6.33  4.61  2.68  1.40  1.14  0.70  0.32  0.16  0.10  0.08  0.06  0.05  0.05
 7  50  0.03  0.08  0.14  0.28  0.55  0.83  1.40  2.82  4.11  5.08  6.61  7.76  8.03  7.71  6.76  6.08  4.59  2.77  1.54  1.29  0.83  0.43  0.29  0.13  0.09  0.06  0.06  0.05
 7  55  0.03  0.08  0.13  0.26  0.52  0.79  1.32  2.67  3.84  4.73  6.25  7.36  7.60  7.21  6.27  5.62  4.36  2.76  1.64  1.39  0.92  0.49  0.35  0.16  0.10  0.07  0.06  0.05
 7  60  0.03  0.08  0.13  0.26  0.51  0.77  1.29  2.61  3.74  4.62  6.09  7.11  7.26  6.76  5.85  5.22  4.12  2.75  1.75  1.49  1.01  0.54  0.41  0.18  0.11  0.07  0.06  0.05
 7  65  0.02  0.07  0.12  0.25  0.49  0.74  1.24  2.49  3.59  4.44  5.88  6.77  6.81  6.22  5.27  4.60  3.67  2.66  1.84  1.58  1.10  0.58  0.45  0.29  0.12  0.07  0.06  0.05
 7  70  0.02  0.07  0.12  0.23  0.47  0.71  1.18  2.38  3.43  4.25  5.66  6.43  6.36  5.68  4.68  3.99  3.22  2.57  1.92  1.67  1.19  0.62  0.50  0.32  0.13  0.08  0.06  0.05
 7  75  0.02  0.07  0.11  0.22  0.45  0.67  1.13  2.27  3.34  4.17  5.63  6.25  6.04  5.28  4.41  3.79  3.16  2.57  1.98  1.72  1.22  0.63  0.52  0.34  0.14  0.08  0.06  0.05
 7  80  0.02  0.06  0.11  0.21  0.43  0.64  1.07  2.16  3.24  4.09  5.59  6.07  5.72  4.88  4.13  3.60  3.13  2.60  2.04  1.77  1.25  0.64  0.54  0.34  0.16  0.08  0.06  0.05
 7  85  0.02  0.06  0.11  0.21  0.43  0.64  1.07  2.15  3.23  4.06  5.55  6.04  5.69  4.87  4.12  3.59  3.12  2.60  2.04  1.77  1.25  0.64  0.54  0.34  0.17  0.09  0.06  0.05
 7  90  0.02  0.06  0.11  0.21  0.43  0.64  1.07  2.14  3.21  4.04  5.52  6.01  5.67  4.86  4.11  3.58  3.11  2.60  2.03  1.77  1.25  0.64  0.54  0.34  0.18  0.09  0.06  0.05
 8 -90  0.04  0.12  0.21  0.41  0.83  1.24  2.08  4.19  5.38  5.99  6.46  6.11  5.69  5.05  3.90  3.11  3.21  3.00  2.28  1.92  1.28  0.50  0.27  0.12  0.06  0.04  0.03  0.03
 8 -85  0.04  0.12  0.21  0.41  0.83  1.24  2.08  4.19  5.37  5.99  6.47  6.12  5.69  5.05  3.89  3.10  3.21  3.00  2.28  1.92  1.28  0.50  0.28  0.12  0.06  0.04  0.03  0.03
 8 -80  0.04  0.12  0.21  0.41  0.83  1.24  2.08  4.18  5.37  5.99  6.48  6.13  5.70  5.05  3.89  3.10  3.21  3.00  2.28  1.91  1.28  0.50  0.28  0.12  0.06  0.04  0.03  0.03
 8 -75  0.04  0.12  0.21  0.41  0.83  1.25  2.08  4.19  5.44  6.09  6.58  6.09  5.65  5.06  4.09  3.37  3.33  3.04  2.31  1.95  1.34  0.53  0.29  0.12  0.06  0.04  0.03  0.03
 8 -70  0.04  0.12  0.20  0.41  0.82  1.23  2.05  4.13  5.48  6.16  6.67  6.10  5.63  5.03  4.32  3.68  3.41  3.04  2.30  1.95  1.38  0.54  0.31  0.13  0.07  0.04  0.03  0.03
 8 -65  0.04  0.12  0.20  0.40  0.79  1.19  1.98  3.97  5.50  6.28  6.94  6.50  5.90  5.19  4.84  4.42  3.89  3.08  2.15  1.82  1.25  0.51  0.33  0.14  0.07  0.04  0.03  0.03
 8 -60  0.04  0.12  0.19  0.39  0.77  1.16  1.93  3.86  5.50  6.42  7.18  6.89  6.18  5.40  5.33  5.16  4.37  3.16  2.00  1.67  1.12  0.47  0.29  0.15  0.07  0.04  0.03  0.03
 8 -55  0.04  0.11  0.19  0.38  0.76  1.15  1.91  3.82  5.55  6.66  7.48  7.40  6.67  5.87  5.64  5.59  4.69  3.21  1.86  1.54  0.99  0.41  0.28  0.15  0.07  0.04  0.03  0.03
 8 -50  0.04  0.12  0.19  0.39  0.77  1.16  1.94  3.87  5.76  6.98  7.87  7.87  7.21  6.30  5.98  6.03  5.06  3.20  1.72  1.41  0.87  0.37  0.28  0.15  0.07  0.04  0.03  0.03
 8 -45  0.04  0.12  0.20  0.39  0.79  1.18  1.97  3.95  5.89  7.10  8.19  8.32  7.89  7.12  6.44  6.10  5.05  3.13  1.67  1.37  0.81  0.34  0.26  0.14  0.07  0.04  0.03  0.03
 8 -40  0.04  0.12  0.19  0.39  0.78  1.17  1.95  3.93  5.72  7.08  8.25  8.55  8.19  7.58  6.63  6.11  5.07  3.07  1.66  1.34  0.78  0.32  0.24  0.12  0.07  0.04  0.03  0.03
 8 -35  0.04  0.11  0.19  0.37  0.75  1.12  1.87  3.77  5.52  6.77  8.09  8.62  8.50  7.91  6.87  6.21  4.91  2.79  1.42  1.13  0.63  0.26  0.19  0.10  0.07  0.04  0.04  0.03
 8 -30  0.04  0.11  0.18  0.36  0.71  1.07  1.79  3.59  5.35  6.60  8.00  8.74  8.69  8.13  6.99  6.27  4.81  2.59  1.16  0.91  0.45  0.19  0.09  0.07  0.05  0.04  0.04  0.03
 8 -25  0.04  0.11  0.18  0.36  0.71  1.07  1.78  3.59  5.32  6.51  7.94  8.80  8.98  8.46  7.23  6.49  4.68  2.25  0.89  0.68  0.31  0.07  0.05  0.04  0.04  0.04  0.04  0.04
 8 -20  0.04  0.11  0.18  0.35  0.71  1.06  1.77  3.58  5.36  6.54  8.03  8.91  9.19  8.99  7.57  6.71  4.52  1.95  0.62  0.45  0.16  0.05  0.04  0.03  0.03  0.04  0.04  0.04
 8 -15  0.03  0.10  0.17  0.34  0.67  1.01  1.69  3.42  5.10  6.43  8.07  9.16  9.47  9.46  8.03  6.91  4.18  1.71  0.57  0.41  0.14  0.04  0.03  0.03  0.03  0.03  0.04  0.04
 8 -10  0.03  0.10  0.16  0.33  0.66  0.99  1.66  3.36  4.95  6.19  7.89  9.24  9.60  9.51  8.26  7.13  3.95  1.51  0.53  0.38  0.12  0.03  0.03  0.03  0.03  0.03  0.03  0.03
 8  -5  0.03  0.10  0.16  0.33  0.66  0.99  1.66  3.36  4.78  5.86  7.76  9.33  9.49  9.46  8.43  7.25  4.10  1.54  0.52  0.38  0.13  0.03  0.03  0.03  0.03  0.03  0.03  0.03
 8   0  0.03  0.09  0.15  0.30  0.61  0.92  1.54  3.12  4.44  5.38  7.26  9.02  9.19  9.29  8.45  7.36  4.23  1.56  0.51  0.37  0.14  0.03  0.03  0.03  0.03  0.03  0.03  0.03
 8   5  0.03  0.09  0.16  0.32  0.63  0.95  1.59  3.23  4.58  5.58  7.36  9.27  9.70  9.61  8.50  7.43  4.45  1.69  0.60  0.43  0.17  0.03  0.03  0.03  0.03  0.03  0.03  0.02
 8  10  0.03  0.09  0.16  0.31  0.62  0.94  1.57  3.17  4.50  5.52  7.30  9.18  9.95  9.91  8.52  7.56  4.73  1.81  0.72  0.52  0.20  0.03  0.03  0.03  0.03  0.03  0.03  0.02
 8  15  0.03  0.10  0.16  0.32  0.64  0.96  1.60  3.24  4.57  5.71  7.49  9.29  9.97  9.87  8.34  7.42  4.77  1.89  0.78  0.57  0.21  0.04  0.03  0.03  0.03  0.03  0.03  0.03
 8  20  0.03  0.10  0.16  0.33  0.66  0.99  1.66  3.35  4.83  5.97  7.67  9.23  9.84  9.54  8.13  7.28  4.72  1.96  0.82  0.58  0.22  0.04  0.04  0.04  0.04  0.04  0.04  0.03
 8  25  0.03  0.10  0.16  0.32  0.65  0.97  1.63  3.28  4.69  5.86  7.73  9.11  9.49  9.29  7.95  7.04  4.64  2.06  0.87  0.62  0.24  0.06  0.04  0.04  0.04  0.04  0.04  0.04
 8  30  0.03  0.10  0.16  0.32  0.65  0.97  1.62  3.27  4.71  5.77  7.58  8.87  9.25  9.03  7.78  6.85  4.57  2.22  0.92  0.69  0.27  0.08  0.05  0.05  0.05  0.05  0.05  0.04
 8  35  0.03  0.10  0.16  0.32  0.64  0.97  1.61  3.25  4.71  5.77  7.53  8.73  8.99  8.77  7.60  6.68  4.51  2.30  1.03  0.78  0.34  0.10  0.06  0.05  0.05  0.05  0.05  0.04
 8  40  0.03  0.09  0.16  0.32  0.63  0.95  1.59  3.21  4.53  5.63  7.28  8.46  8.78  8.51  7.37  6.57  4.55  2.43  1.16  0.91  0.45  0.14  0.08  0.06  0.06  0.05  0.05  0.04
 8  45  0.03  0.09  0.15  0.31  0.62  0.93  1.56  3.15  4.51  5.57  7.14  8.11  8.29  7.94  6.91  6.22  4.46  2.51  1.33  1.08  0.65  0.28  0.12  0.08  0.07  0.06  0.05  0.04
 8  50  0.03  0.09  0.15  0.30  0.59  0.89  1.49  3.02  4.40  5.45  6.92  7.82  7.91  7.48  6.57  5.93  4.35  2.61  1.51  1.24  0.79  0.38  0.24  0.11  0.08  0.06  0.05  0.05
 8  55  0.03  0.08  0.14  0.28  0.56  0.84  1.41  2.84  4.14  5.13  6.57  7.41  7.42  6.93  6.08  5.52  4.10  2.65  1.63  1.35  0.87  0.43  0.28  0.14  0.09  0.06  0.05  0.05
 8  60  0.03  0.08  0.14  0.27  0.55  0.82  1.37  2.77  4.05  5.04  6.45  7.18  7.08  6.46  5.68  5.16  3.82  2.66  1.75  1.46  0.94  0.45  0.31  0.16  0.10  0.06  0.05  0.05
 8  65  0.03  0.08  0.13  0.26  0.53  0.80  1.33  2.68  3.92  4.88  6.21  6.74  6.52  5.82  5.07  4.57  3.47  2.56  1.81  1.53  1.00  0.49  0.35  0.21  0.11  0.07  0.05  0.05
 8  70  0.03  0.08  0.13  0.26  0.51  0.77  1.29  2.60  3.79  4.71  5.96  6.30  5.95  5.19  4.46  3.97  3.11  2.46  1.86  1.59  1.06  0.52  0.39  0.24  0.12  0.07  0.05  0.05
 8  75  0.03  0.08  0.13  0.25  0.50  0.76  1.26  2.55  3.72  4.63  5.72  5.77  5.30  4.52  3.98  3.61  3.03  2.43  1.89  1.62  1.10  0.54  0.39  0.25  0.13  0.07  0.06  0.05
 8  80  0.02  0.07  0.12  0.25  0.49  0.74  1.24  2.49  3.65  4.55  5.47  5.25  4.65  3.86  3.50  3.26  2.97  2.43  1.93  1.66  1.13  0.57  0.40  0.26  0.14  0.07  0.06  0.05
 8  85  0.02  0.07  0.12  0.25  0.49  0.74  1.24  2.49  3.64  4.52  5.44  5.22  4.63  3.85  3.49  3.25  2.97  2.42  1.92  1.66  1.13  0.57  0.40  0.26  0.15  0.08  0.06  0.05
 8  90  0.02  0.07  0.12  0.25  0.49  0.74  1.24  2.48  3.62  4.50  5.41  5.19  4.61  3.83  3.48  3.24  2.96  2.42  1.92  1.66  1.13  0.57  0.40  0.26  0.15  0.08  0.06  0.05
 9 -90  0.04  0.11  0.18  0.36  0.73  1.09  1.83  3.67  5.27  6.09  6.42  5.76  5.30  4.84  4.14  3.53  3.50  2.99  2.19  1.83  1.25  0.52  0.29  0.12  0.07  0.04  0.03  0.03
 9 -85  0.04  0.11  0.18  0.36  0.73  1.09  1.82  3.67  5.26  6.09  6.43  5.77  5.30  4.83  4.13  3.53  3.50  2.99  2.19  1.83  1.25  0.52  0.29  0.13  0.07  0.04  0.03  0.03
 9 -80  0.04  0.11  0.18  0.36  0.73  1.09  1.82  3.66  5.26  6.09  6.44  5.77  5.30  4.83  4.13  3.53  3.50  3.00  2.19  1.83  1.25  0.52  0.30  0.13  0.07  0.04  0.03  0.03
 9 -75  0.04  0.11  0.18  0.35  0.71  1.06  1.77  3.55  5.14  6.01  6.68  6.21  5.64  5.01  4.38  3.80  3.58  3.15  2.32  1.93  1.35  0.56  0.31  0.13  0.07  0.04  0.03  0.03
 9 -70  0.03  0.10  0.17  0.34  0.69  1.03  1.72  3.44  4.99  5.90  6.90  6.67  5.99  5.23  4.62  4.07  3.47  3.15  2.36  1.97  1.39  0.59  0.34  0.14  0.07  0.04  0.03  0.03
 9 -65  0.03  0.10  0.17  0.34  0.68  1.02  1.70  3.40  5.00  6.05  7.16  7.22  6.54  5.73  5.27  4.87  3.85  3.23  2.28  1.91  1.32  0.57  0.29  0.15  0.08  0.04  0.03  0.03
 9 -60  0.03  0.10  0.17  0.34  0.69  1.03  1.72  3.44  5.07  6.20  7.43  7.71  7.09  6.29  5.91  5.66  4.36  3.35  2.20  1.84  1.23  0.55  0.31  0.16  0.08  0.04  0.03  0.03
 9 -55  0.04  0.11  0.18  0.35  0.70  1.05  1.75  3.49  5.17  6.33  7.60  8.06  7.51  6.70  6.13  5.93  4.71  3.35  2.00  1.64  1.01  0.47  0.29  0.17  0.08  0.04  0.04  0.03
 9 -50  0.04  0.11  0.18  0.35  0.71  1.06  1.77  3.53  5.32  6.51  7.83  8.37  7.93  7.03  6.40  6.21  5.15  3.37  1.86  1.49  0.84  0.40  0.27  0.16  0.08  0.04  0.04  0.03
 9 -45  0.04  0.11  0.18  0.36  0.71  1.07  1.79  3.59  5.41  6.60  8.12  8.71  8.40  7.65  6.72  6.26  5.13  3.28  1.79  1.44  0.78  0.37  0.25  0.15  0.08  0.04  0.04  0.03
 9 -40  0.04  0.11  0.18  0.36  0.71  1.07  1.79  3.60  5.30  6.65  8.18  8.84  8.54  7.85  6.83  6.24  5.10  3.18  1.79  1.42  0.76  0.35  0.25  0.13  0.07  0.04  0.04  0.04
 9 -35  0.03  0.10  0.17  0.35  0.69  1.04  1.74  3.49  5.15  6.38  8.02  8.89  8.82  8.19  7.02  6.31  4.94  2.86  1.53  1.18  0.58  0.26  0.20  0.11  0.07  0.05  0.04  0.04
 9 -30  0.03  0.10  0.17  0.33  0.67  1.00  1.67  3.36  5.05  6.26  7.95  9.03  9.04  8.38  7.10  6.32  4.82  2.60  1.24  0.93  0.40  0.18  0.10  0.07  0.06  0.05  0.04  0.04
 9 -25  0.03  0.10  0.17  0.34  0.67  1.01  1.69  3.39  5.04  6.21  7.89  9.03  9.25  8.67  7.32  6.51  4.77  2.31  1.04  0.76  0.30  0.07  0.05  0.05  0.04  0.04  0.04  0.04
 9 -20  0.03  0.10  0.17  0.33  0.66  1.00  1.67  3.36  5.04  6.16  7.87  9.14  9.48  9.15  7.65  6.72  4.69  2.10  0.82  0.59  0.19  0.05  0.04  0.03  0.04  0.04  0.04  0.04
 9 -15  0.03  0.09  0.16  0.32  0.63  0.95  1.59  3.22  4.79  6.05  7.79  9.23  9.72  9.64  8.09  6.91  4.32  1.83  0.70  0.49  0.16  0.04  0.03  0.03  0.03  0.04  0.04  0.04
 9 -10  0.03  0.09  0.15  0.31  0.62  0.93  1.55  3.14  4.60  5.76  7.54  9.20  9.72  9.62  8.30  7.11  4.05  1.56  0.57  0.41  0.13  0.03  0.03  0.03  0.03  0.03  0.04  0.04
 9  -5  0.03  0.09  0.15  0.31  0.62  0.93  1.56  3.16  4.48  5.48  7.43  9.29  9.61  9.57  8.44  7.14  4.15  1.58  0.57  0.41  0.14  0.03  0.03  0.03  0.03  0.03  0.03  0.03
 9   0  0.03  0.09  0.14  0.29  0.58  0.88  1.47  2.97  4.16  5.05  6.87  8.89  9.22  9.34  8.41  7.19  4.23  1.60  0.55  0.40  0.14  0.03  0.03  0.03  0.03  0.03  0.03  0.03
 9   5  0.03  0.09  0.15  0.30  0.61  0.92  1.53  3.11  4.36  5.34  7.10  9.23  9.71  9.66  8.56  7.36  4.43  1.71  0.61  0.43  0.16  0.03  0.03  0.03  0.03  0.03  0.03  0.02
 9  10  0.03  0.09  0.15  0.30  0.61  0.92  1.53  3.09  4.41  5.45  7.17  9.17  9.98 10.02  8.65  7.58  4.68  1.80  0.70  0.50  0.17  0.03  0.03  0.03  0.03  0.03  0.03  0.03
 9  15  0.03  0.09  0.16  0.31  0.62  0.94  1.57  3.17  4.50  5.66  7.37  9.28 10.04 10.03  8.46  7.46  4.70  1.80  0.73  0.53  0.18  0.03  0.03  0.03  0.03  0.03  0.03  0.03
 9  20  0.03  0.10  0.16  0.32  0.65  0.97  1.63  3.28  4.81  6.01  7.67  9.22  9.89  9.67  8.20  7.32  4.65  1.83  0.74  0.52  0.19  0.04  0.03  0.03  0.03  0.04  0.04  0.03
 9  25  0.03  0.09  0.16  0.32  0.63  0.95  1.59  3.20  4.70  5.92  7.80  9.16  9.58  9.36  8.06  7.25  4.65  1.89  0.77  0.55  0.19  0.05  0.04  0.04  0.04  0.04  0.04  0.04
 9  30  0.03  0.10  0.16  0.32  0.64  0.96  1.60  3.22  4.73  5.86  7.67  8.95  9.33  9.02  7.96  7.21  4.66  2.00  0.80  0.58  0.22  0.07  0.05  0.04  0.04  0.04  0.04  0.04
 9  35  0.03  0.10  0.16  0.32  0.64  0.97  1.61  3.25  4.82  5.96  7.71  8.80  8.96  8.68  7.63  6.81  4.52  2.14  0.96  0.71  0.31  0.09  0.06  0.05  0.05  0.05  0.04  0.04
 9  40  0.03  0.10  0.16  0.32  0.65  0.97  1.62  3.27  4.75  5.95  7.63  8.57  8.65  8.27  7.22  6.48  4.48  2.35  1.17  0.90  0.43  0.13  0.08  0.06  0.05  0.05  0.05  0.04
 9  45  0.03  0.10  0.16  0.32  0.65  0.98  1.63  3.30  4.81  5.99  7.47  8.10  8.02  7.57  6.65  6.07  4.38  2.45  1.38  1.10  0.64  0.27  0.12  0.08  0.06  0.05  0.05  0.04
 9  50  0.03  0.10  0.16  0.32  0.65  0.97  1.62  3.27  4.87  6.03  7.34  7.81  7.54  6.98  6.21  5.72  4.28  2.59  1.55  1.26  0.78  0.36  0.22  0.11  0.08  0.05  0.05  0.04
 9  55  0.03  0.09  0.16  0.31  0.62  0.93  1.56  3.15  4.70  5.85  7.06  7.34  6.93  6.33  5.67  5.28  4.08  2.63  1.66  1.36  0.86  0.42  0.26  0.13  0.09  0.06  0.05  0.04
 9  60  0.03  0.09  0.15  0.31  0.62  0.93  1.56  3.14  4.72  5.88  7.00  7.06  6.52  5.81  5.22  4.88  3.84  2.63  1.77  1.46  0.93  0.45  0.28  0.17  0.10  0.06  0.05  0.04
 9  65  0.03  0.09  0.16  0.31  0.63  0.94  1.57  3.17  4.73  5.84  6.74  6.56  5.93  5.20  4.62  4.27  3.49  2.50  1.82  1.52  0.99  0.48  0.30  0.18  0.10  0.06  0.05  0.04
 9  70  0.03  0.09  0.16  0.32  0.63  0.95  1.59  3.20  4.74  5.81  6.47  6.06  5.33  4.58  4.01  3.65  3.14  2.37  1.87  1.58  1.05  0.51  0.33  0.20  0.11  0.06  0.05  0.04
 9  75  0.03  0.10  0.16  0.32  0.64  0.96  1.60  3.21  4.55  5.45  5.76  5.29  4.66  4.06  3.77  3.59  3.05  2.32  1.86  1.58  1.05  0.50  0.33  0.21  0.11  0.06  0.05  0.04
 9  80  0.03  0.10  0.16  0.32  0.64  0.96  1.60  3.22  4.36  5.07  5.05  4.52  4.00  3.54  3.52  3.54  2.99  2.31  1.86  1.58  1.06  0.50  0.34  0.21  0.12  0.06  0.05  0.04
 9  85  0.03  0.10  0.16  0.32  0.64  0.96  1.60  3.21  4.34  5.05  5.02  4.49  3.98  3.53  3.51  3.53  2.98  2.31  1.85  1.58  1.06  0.50  0.34  0.21  0.12  0.06  0.05  0.04
 9  90  0.03  0.10  0.16  0.32  0.64  0.96  1.60  3.20  4.33  5.03  4.99  4.47  3.96  3.52  3.50  3.52  2.98  2.31  1.85  1.58  1.06  0.50  0.34  0.21  0.12  0.06  0.05  0.04
10 -90  0.03  0.09  0.14  0.29  0.58  0.87  1.45  2.91  4.25  5.24  6.54  6.82  6.20  5.43  4.91  4.57  4.03  3.01  2.03  1.70  1.19  0.56  0.31  0.13  0.07  0.04  0.03  0.03
10 -85  0.03  0.09  0.14  0.29  0.58  0.87  1.45  2.91  4.25  5.24  6.54  6.83  6.20  5.42  4.91  4.57  4.03  3.02  2.03  1.70  1.19  0.56  0.32  0.14  0.07  0.04  0.03  0.03
10 -80  0.03  0.09  0.14  0.29  0.58  0.87  1.45  2.90  4.24  5.24  6.55  6.84  6.21  5.42  4.91  4.57  4.04  3.02  2.03  1.69  1.19  0.56  0.34  0.14  0.07  0.04  0.03  0.03
10 -75  0.03  0.09  0.15  0.29  0.58  0.87  1.45  2.91  4.24  5.26  6.63  7.12  6.60  5.83  5.37  5.17  4.26  3.37  2.28  1.89  1.32  0.61  0.29  0.15  0.07  0.04  0.03  0.03
10 -70  0.03  0.09  0.15  0.29  0.58  0.87  1.45  2.91  4.24  5.27  6.68  7.41  7.00  6.26  5.82  5.72  4.41  3.50  2.38  1.98  1.37  0.64  0.32  0.16  0.08  0.04  0.03  0.03
10 -65  0.03  0.09  0.15  0.30  0.60  0.90  1.50  2.99  4.39  5.47  6.94  7.77  7.45  6.70  6.34  6.29  4.70  3.56  2.36  1.96  1.29  0.61  0.32  0.17  0.08  0.04  0.03  0.03
10 -60  0.03  0.09  0.15  0.31  0.62  0.93  1.54  3.08  4.56  5.68  7.21  8.11  7.87  7.13  6.88  6.89  5.18  3.69  2.31  1.90  1.19  0.56  0.32  0.19  0.09  0.05  0.04  0.03
10 -55  0.03  0.09  0.16  0.32  0.63  0.95  1.57  3.14  4.66  5.80  7.38  8.33  8.13  7.37  6.83  6.65  5.18  3.48  2.08  1.69  1.00  0.47  0.29  0.19  0.09  0.05  0.04  0.03
10 -50  0.03  0.09  0.16  0.32  0.63  0.95  1.58  3.15  4.74  5.90  7.55  8.56  8.38  7.53  6.78  6.43  5.26  3.42  1.96  1.57  0.88  0.38  0.25  0.18  0.09  0.05  0.04  0.03
10 -45  0.03  0.09  0.16  0.31  0.63  0.94  1.57  3.14  4.79  5.94  7.79  8.89  8.77  8.05  7.15  6.73  5.47  3.49  1.96  1.57  0.86  0.36  0.24  0.15  0.08  0.05  0.04  0.03
10 -40  0.03  0.09  0.16  0.31  0.63  0.94  1.57  3.16  4.74  6.02  7.88  9.04  8.90  8.14  7.38  6.95  5.62  3.55  2.04  1.62  0.88  0.35  0.24  0.12  0.07  0.05  0.04  0.04
10 -35  0.03  0.09  0.16  0.31  0.62  0.93  1.56  3.12  4.62  5.78  7.69  9.03  9.12  8.52  7.51  6.93  5.31  3.03  1.60  1.24  0.63  0.25  0.17  0.10  0.06  0.05  0.04  0.04
10 -30  0.03  0.09  0.15  0.30  0.61  0.92  1.53  3.07  4.59  5.71  7.61  9.16  9.36  8.70  7.55  6.86  5.01  2.55  1.14  0.85  0.37  0.15  0.10  0.07  0.06  0.05  0.04  0.04
10 -25  0.03  0.09  0.16  0.31  0.62  0.94  1.56  3.14  4.63  5.75  7.59  9.11  9.46  8.92  7.65  6.89  4.77  2.14  0.96  0.69  0.27  0.08  0.06  0.05  0.05  0.05  0.04  0.04
10 -20  0.03  0.09  0.15  0.31  0.62  0.93  1.55  3.12  4.63  5.66  7.50  9.18  9.68  9.32  7.86  6.94  4.51  1.84  0.75  0.53  0.16  0.05  0.04  0.04  0.04  0.04  0.04  0.04
10 -15  0.03  0.09  0.15  0.30  0.59  0.89  1.49  3.02  4.46  5.59  7.36  9.14  9.85  9.73  8.22  7.10  4.25  1.72  0.66  0.46  0.14  0.04  0.03  0.03  0.03  0.04  0.04  0.04
10 -10  0.03  0.09  0.14  0.29  0.58  0.87  1.45  2.92  4.25  5.32  7.11  8.99  9.66  9.62  8.37  7.29  4.08  1.59  0.56  0.39  0.11  0.04  0.03  0.03  0.03  0.03  0.04  0.04
10  -5  0.03  0.09  0.14  0.29  0.58  0.87  1.46  2.95  4.21  5.15  7.08  9.06  9.54  9.53  8.48  7.31  4.15  1.60  0.54  0.37  0.12  0.03  0.03  0.03  0.03  0.03  0.03  0.03
10   0  0.03  0.08  0.14  0.28  0.57  0.85  1.43  2.90  3.98  4.85  6.58  8.66  9.15  9.26  8.45  7.38  4.20  1.62  0.50  0.35  0.11  0.03  0.03  0.03  0.03  0.03  0.03  0.03
10   5  0.03  0.09  0.15  0.30  0.59  0.89  1.49  3.02  4.22  5.18  6.89  9.00  9.49  9.53  8.55  7.40  4.37  1.70  0.58  0.40  0.13  0.03  0.03  0.03  0.03  0.03  0.03  0.02
10  10  0.03  0.09  0.15  0.30  0.60  0.90  1.50  3.03  4.35  5.38  7.00  8.91  9.68  9.84  8.58  7.46  4.56  1.76  0.67  0.47  0.15  0.03  0.03  0.03  0.03  0.03  0.03  0.03
10  15  0.03  0.09  0.15  0.30  0.61  0.92  1.53  3.09  4.44  5.56  7.14  8.97  9.75  9.86  8.33  7.30  4.54  1.73  0.70  0.49  0.16  0.03  0.03  0.03  0.03  0.03  0.03  0.03
10  20  0.03  0.09  0.16  0.32  0.63  0.95  1.59  3.21  4.74  5.94  7.45  8.90  9.62  9.54  8.02  7.09  4.49  1.77  0.70  0.50  0.17  0.04  0.03  0.03  0.03  0.04  0.04  0.03
10  25  0.03  0.09  0.15  0.31  0.62  0.93  1.56  3.14  4.71  5.94  7.67  8.93  9.38  9.17  7.82  7.06  4.52  1.83  0.73  0.53  0.18  0.05  0.04  0.03  0.03  0.04  0.04  0.04
10  30  0.03  0.10  0.16  0.32  0.64  0.96  1.60  3.23  4.79  5.99  7.64  8.81  9.14  8.76  7.73  7.05  4.56  1.92  0.75  0.54  0.21  0.07  0.05  0.04  0.04  0.04  0.04  0.04
10  35  0.03  0.10  0.16  0.33  0.66  0.99  1.66  3.33  5.02  6.26  7.83  8.63  8.62  8.26  7.31  6.60  4.44  2.04  0.92  0.69  0.32  0.09  0.06  0.05  0.04  0.04  0.04  0.04
10  40  0.03  0.10  0.17  0.34  0.68  1.02  1.70  3.42  5.15  6.45  7.94  8.43  8.14  7.62  6.79  6.23  4.41  2.26  1.17  0.90  0.46  0.21  0.08  0.06  0.05  0.04  0.04  0.04
10  45  0.04  0.11  0.18  0.35  0.71  1.07  1.79  3.60  5.31  6.59  7.76  7.84  7.44  6.94  6.26  5.86  4.39  2.46  1.42  1.14  0.67  0.29  0.16  0.08  0.06  0.05  0.04  0.04
10  50  0.04  0.11  0.18  0.36  0.73  1.10  1.83  3.69  5.57  6.77  7.68  7.52  6.92  6.28  5.83  5.56  4.41  2.69  1.63  1.32  0.82  0.36  0.20  0.11  0.08  0.05  0.05  0.04
10  55  0.04  0.11  0.18  0.37  0.73  1.10  1.84  3.71  5.54  6.63  7.28  6.94  6.30  5.73  5.41  5.28  4.34  2.72  1.71  1.39  0.88  0.43  0.24  0.15  0.09  0.05  0.05  0.04
10  60  0.04  0.11  0.19  0.38  0.75  1.13  1.89  3.81  5.62  6.68  7.11  6.59  5.88  5.31  5.08  5.00  4.21  2.70  1.79  1.46  0.93  0.45  0.26  0.16  0.09  0.06  0.05  0.04
10  65  0.04  0.12  0.19  0.38  0.77  1.16  1.93  3.89  5.56  6.44  6.66  6.04  5.36  4.85  4.66  4.58  3.88  2.61  1.88  1.56  1.03  0.48  0.27  0.17  0.09  0.06  0.05  0.04
10  70  0.04  0.12  0.20  0.39  0.78  1.18  1.96  3.95  5.48  6.21  6.20  5.48  4.84  4.39  4.24  4.15  3.54  2.52  1.97  1.66  1.12  0.50  0.29  0.18  0.10  0.06  0.05  0.04
10  75  0.04  0.12  0.19  0.39  0.78  1.17  1.95  3.92  5.10  5.56  5.43  4.84  4.34  4.00  3.90  3.81  3.36  2.50  2.01  1.69  1.16  0.51  0.29  0.18  0.10  0.06  0.05  0.04
10  80  0.04  0.12  0.19  0.39  0.77  1.16  1.94  3.89  4.71  4.90  4.66  4.19  3.85  3.62  3.55  3.47  3.19  2.51  2.05  1.74  1.20  0.54  0.30  0.19  0.10  0.06  0.05  0.04
10  85  0.04  0.12  0.19  0.39  0.77  1.16  1.93  3.88  4.70  4.88  4.64  4.17  3.83  3.61  3.54  3.47  3.19  2.51  2.05  1.74  1.20  0.54  0.30  0.19  0.11  0.06  0.05  0.04
10  90  0.04  0.12  0.19  0.39  0.77  1.16  1.93  3.88  4.68  4.86  4.61  4.15  3.81  3.60  3.53  3.46  3.18  2.51  2.05  1.74  1.20  0.54  0.30  0.19  0.11  0.06  0.05  0.04
11 -90  0.02  0.07  0.12  0.25  0.50  0.75  1.25  2.50  3.56  4.40  6.06  7.08  6.99  6.35  5.93  5.96  5.00  3.59  2.45  2.03  1.35  0.60  0.30  0.16  0.09  0.04  0.03  0.03
11 -85  0.02  0.07  0.12  0.25  0.50  0.75  1.25  2.50  3.56  4.41  6.07  7.09  7.00  6.35  5.93  5.96  5.00  3.59  2.45  2.03  1.35  0.60  0.30  0.18  0.09  0.04  0.03  0.03
11 -80  0.02  0.07  0.12  0.25  0.50  0.75  1.25  2.50  3.55  4.41  6.07  7.09  7.00  6.34  5.92  5.95  5.00  3.59  2.45  2.03  1.35  0.60  0.30  0.16  0.09  0.04  0.03  0.03
11 -75  0.03  0.08  0.13  0.25  0.50  0.76  1.26  2.52  3.61  4.49  6.11  7.20  7.18  6.51  6.24  6.35  5.25  3.75  2.57  2.13  1.42  0.64  0.31  0.17  0.09  0.04  0.03  0.03
11 -70  0.03  0.08  0.13  0.26  0.51  0.76  1.27  2.55  3.67  4.57  6.15  7.31  7.36  6.69  6.55  6.71  5.45  3.77  2.57  2.13  1.42  0.67  0.33  0.18  0.09  0.04  0.03  0.03
11 -65  0.03  0.08  0.13  0.26  0.53  0.79  1.31  2.62  3.80  4.74  6.36  7.58  7.65  6.96  6.80  6.88  5.46  3.66  2.43  2.00  1.29  0.62  0.33  0.18  0.09  0.04  0.03  0.03
11 -60  0.03  0.08  0.14  0.27  0.54  0.82  1.36  2.71  3.94  4.92  6.59  7.84  7.93  7.22  7.04  7.07  5.49  3.57  2.27  1.85  1.13  0.56  0.32  0.19  0.10  0.05  0.03  0.03
11 -55  0.03  0.08  0.14  0.28  0.56  0.84  1.40  2.80  4.07  5.06  6.76  8.09  8.22  7.54  6.97  6.69  5.23  3.33  1.98  1.60  0.91  0.45  0.28  0.19  0.10  0.05  0.04  0.03
11 -50  0.03  0.08  0.14  0.28  0.56  0.85  1.41  2.81  4.12  5.14  6.90  8.36  8.52  7.77  6.84  6.32  5.08  3.22  1.80  1.42  0.75  0.34  0.24  0.18  0.09  0.05  0.04  0.03
11 -45  0.03  0.08  0.14  0.28  0.56  0.83  1.39  2.79  4.15  5.14  7.05  8.69  8.89  8.27  7.14  6.55  5.24  3.25  1.79  1.41  0.73  0.31  0.21  0.14  0.08  0.05  0.04  0.03
11 -40  0.03  0.08  0.14  0.28  0.55  0.83  1.39  2.78  4.18  5.25  7.20  8.90  9.11  8.43  7.39  6.73  5.32  3.27  1.87  1.46  0.76  0.31  0.22  0.11  0.07  0.05  0.04  0.03
11 -35  0.03  0.08  0.14  0.28  0.56  0.84  1.41  2.83  4.08  5.08  7.06  8.87  9.26  8.82  7.56  6.81  5.01  2.80  1.44  1.10  0.53  0.23  0.14  0.08  0.06  0.05  0.04  0.04
11 -30  0.03  0.08  0.14  0.28  0.56  0.85  1.41  2.83  4.15  5.12  7.07  9.01  9.48  9.01  7.68  6.86  4.70  2.33  1.00  0.73  0.30  0.15  0.09  0.06  0.05  0.05  0.04  0.04
11 -25  0.03  0.09  0.15  0.29  0.58  0.88  1.46  2.94  4.26  5.29  7.21  9.02  9.52  9.12  7.69  6.81  4.51  2.04  0.87  0.62  0.23  0.09  0.06  0.05  0.05  0.04  0.04  0.04
11 -20  0.03  0.09  0.14  0.29  0.58  0.87  1.45  2.92  4.31  5.29  7.19  9.13  9.74  9.40  7.82  6.79  4.34  1.85  0.72  0.50  0.14  0.06  0.04  0.04  0.04  0.04  0.04  0.04
11 -15  0.03  0.09  0.14  0.28  0.57  0.86  1.43  2.88  4.26  5.27  7.06  9.07  9.91  9.71  8.08  6.94  4.16  1.73  0.65  0.44  0.13  0.05  0.04  0.03  0.03  0.04  0.04  0.04
11 -10  0.03  0.08  0.14  0.28  0.56  0.84  1.40  2.82  4.09  5.11  6.90  8.90  9.62  9.57  8.19  7.13  4.04  1.59  0.56  0.39  0.12  0.04  0.03  0.03  0.03  0.03  0.03  0.03
11  -5  0.03  0.08  0.14  0.28  0.56  0.84  1.41  2.86  4.14  5.09  7.02  8.92  9.46  9.42  8.22  7.10  4.05  1.55  0.54  0.37  0.13  0.04  0.03  0.03  0.03  0.03  0.03  0.03
11   0  0.03  0.09  0.14  0.29  0.58  0.87  1.45  2.94  4.04  4.98  6.68  8.63  9.18  9.15  8.15  7.13  4.01  1.51  0.50  0.35  0.12  0.03  0.03  0.03  0.03  0.03  0.03  0.03
11   5  0.03  0.09  0.15  0.30  0.59  0.89  1.49  3.01  4.26  5.22  6.94  8.83  9.26  9.32  8.27  7.15  4.19  1.57  0.54  0.37  0.13  0.03  0.03  0.03  0.03  0.03  0.03  0.03
11  10  0.03  0.09  0.15  0.30  0.60  0.90  1.50  3.02  4.37  5.40  6.95  8.64  9.28  9.49  8.30  7.20  4.37  1.64  0.59  0.41  0.14  0.03  0.03  0.03  0.03  0.03  0.03  0.03
11  15  0.03  0.09  0.15  0.30  0.61  0.91  1.52  3.07  4.47  5.58  7.03  8.60  9.26  9.43  8.01  7.02  4.28  1.60  0.61  0.43  0.14  0.04  0.03  0.03  0.03  0.03  0.03  0.03
11  20  0.03  0.09  0.16  0.31  0.63  0.95  1.58  3.19  4.75  5.97  7.33  8.49  9.11  9.11  7.67  6.80  4.21  1.64  0.61  0.44  0.16  0.04  0.03  0.03  0.03  0.03  0.04  0.04
11  25  0.03  0.09  0.16  0.31  0.63  0.94  1.57  3.16  4.84  6.08  7.58  8.57  8.89  8.63  7.38  6.74  4.27  1.79  0.70  0.51  0.19  0.05  0.04  0.03  0.03  0.04  0.04  0.04
11  30  0.03  0.10  0.16  0.33  0.66  0.99  1.66  3.34  4.99  6.27  7.64  8.47  8.66  8.19  7.26  6.70  4.37  1.91  0.75  0.56  0.23  0.07  0.05  0.04  0.04  0.04  0.04  0.04
11  35  0.03  0.10  0.17  0.35  0.70  1.05  1.76  3.53  5.34  6.67  7.91  8.29  8.11  7.73  6.96  6.42  4.50  2.12  0.96  0.73  0.36  0.16  0.07  0.05  0.04  0.04  0.04  0.04
11  40  0.04  0.11  0.18  0.37  0.73  1.10  1.84  3.71  5.63  7.01  8.09  8.11  7.61  7.06  6.52  6.19  4.71  2.44  1.27  0.97  0.50  0.21  0.10  0.07  0.05  0.04  0.04  0.04
11  45  0.04  0.12  0.19  0.39  0.78  1.17  1.95  3.93  5.79  7.11  7.81  7.49  6.94  6.50  6.15  5.96  4.74  2.65  1.53  1.22  0.73  0.33  0.19  0.09  0.07  0.05  0.04  0.04
11  50  0.04  0.12  0.20  0.41  0.82  1.23  2.06  4.15  6.13  7.26  7.68  7.11  6.41  5.84  5.80  5.78  4.82  2.88  1.74  1.41  0.89  0.42  0.24  0.15  0.08  0.05  0.04  0.04
11  55  0.04  0.12  0.21  0.41  0.83  1.24  2.08  4.18  6.00  6.90  7.11  6.46  5.85  5.45  5.51  5.60  4.71  2.92  1.82  1.50  1.00  0.48  0.26  0.16  0.09  0.05  0.04  0.04
11  60  0.04  0.13  0.21  0.42  0.84  1.26  2.10  4.22  5.93  6.76  6.76  6.04  5.49  5.18  5.29  5.39  4.53  2.91  1.90  1.59  1.11  0.51  0.27  0.16  0.09  0.05  0.04  0.04
11  65  0.04  0.12  0.20  0.40  0.81  1.22  2.03  4.09  5.72  6.45  6.46  5.80  5.33  5.06  5.05  5.04  4.37  2.92  2.06  1.75  1.27  0.57  0.29  0.18  0.09  0.05  0.04  0.04
11  70  0.04  0.12  0.20  0.40  0.80  1.20  2.00  4.03  5.50  6.15  6.17  5.56  5.17  4.95  4.81  4.68  4.20  2.93  2.22  1.92  1.43  0.64  0.32  0.20  0.09  0.05  0.04  0.04
11  75  0.04  0.12  0.20  0.40  0.79  1.19  1.98  3.99  5.22  5.76  5.69  4.85  4.35  4.11  4.00  3.87  3.62  2.82  2.14  1.84  1.36  0.59  0.29  0.17  0.10  0.05  0.04  0.04
11  80  0.04  0.12  0.19  0.39  0.78  1.17  1.96  3.93  4.95  5.37  5.21  4.14  3.52  3.27  3.18  3.07  3.07  2.73  2.07  1.78  1.30  0.55  0.26  0.15  0.10  0.05  0.04  0.04
11  85  0.04  0.12  0.19  0.39  0.78  1.17  1.96  3.93  4.93  5.35  5.19  4.12  3.51  3.26  3.18  3.06  3.06  2.73  2.07  1.78  1.30  0.55  0.26  0.15  0.10  0.05  0.04  0.04
11  90  0.04  0.12  0.19  0.39  0.78  1.17  1.95  3.92  4.92  5.33  5.16  4.10  3.49  3.25  3.17  3.06  3.05  2.73  2.07  1.78  1.30  0.55  0.26  0.15  0.10  0.05  0.04  0.04
12 -90  0.02  0.07  0.11  0.22  0.44  0.67  1.11  2.23  3.19  3.95  5.58  6.77  6.71  5.97  5.57  5.37  4.92  3.53  2.43  2.01  1.27  0.60  0.33  0.18  0.08  0.05  0.03  0.02
12 -85  0.02  0.07  0.11  0.22  0.44  0.67  1.11  2.22  3.19  3.95  5.58  6.78  6.72  5.97  5.57  5.37  4.92  3.53  2.42  2.01  1.27  0.60  0.33  0.18  0.08  0.05  0.03  0.02
12 -80  0.02  0.07  0.11  0.22  0.44  0.67  1.11  2.22  3.19  3.95  5.59  6.78  6.72  5.97  5.56  5.37  4.92  3.53  2.42  2.01  1.27  0.60  0.33  0.18  0.08  0.05  0.03  0.03
12 -75  0.02  0.07  0.11  0.23  0.46  0.68  1.14  2.28  3.26  4.04  5.63  6.87  6.88  6.14  5.74  5.54  5.04  3.53  2.41  2.00  1.28  0.60  0.33  0.18  0.11  0.05  0.03  0.03
12 -70  0.02  0.07  0.12  0.23  0.47  0.70  1.17  2.33  3.34  4.13  5.67  6.96  7.04  6.32  5.92  5.71  5.14  3.50  2.34  1.95  1.25  0.59  0.33  0.18  0.10  0.05  0.03  0.03
12 -65  0.02  0.07  0.12  0.24  0.49  0.73  1.21  2.42  3.46  4.27  5.85  7.24  7.41  6.73  6.27  6.02  5.16  3.38  2.16  1.79  1.11  0.53  0.32  0.18  0.11  0.05  0.03  0.03
12 -60  0.03  0.08  0.13  0.25  0.50  0.76  1.26  2.52  3.59  4.43  6.05  7.52  7.77  7.15  6.63  6.34  5.19  3.28  1.99  1.63  0.98  0.46  0.30  0.18  0.11  0.05  0.03  0.03
12 -55  0.03  0.08  0.13  0.26  0.53  0.79  1.32  2.63  3.75  4.63  6.27  7.82  8.18  7.66  6.93  6.47  5.04  3.05  1.73  1.40  0.79  0.39  0.26  0.18  0.11  0.05  0.04  0.03
12 -50  0.03  0.08  0.13  0.27  0.54  0.80  1.34  2.67  3.82  4.75  6.43  8.13  8.59  8.08  7.18  6.60  4.97  2.87  1.51  1.19  0.62  0.32  0.22  0.17  0.09  0.05  0.04  0.03
12 -45  0.03  0.08  0.13  0.27  0.53  0.80  1.33  2.67  3.85  4.74  6.54  8.45  8.96  8.57  7.22  6.42  4.86  2.76  1.45  1.14  0.59  0.27  0.18  0.13  0.08  0.05  0.04  0.03
12 -40  0.03  0.08  0.13  0.26  0.53  0.80  1.33  2.66  3.94  4.89  6.79  8.74  9.26  8.80  7.27  6.21  4.65  2.64  1.46  1.14  0.59  0.24  0.16  0.09  0.06  0.04  0.04  0.03
12 -35  0.03  0.08  0.14  0.27  0.54  0.82  1.36  2.74  3.86  4.78  6.72  8.74  9.32  9.09  7.61  6.68  4.58  2.36  1.15  0.88  0.41  0.19  0.11  0.07  0.05  0.04  0.04  0.04
12 -30  0.03  0.08  0.14  0.28  0.55  0.83  1.38  2.76  3.99  4.91  6.85  8.92  9.51  9.18  7.94  7.13  4.52  2.06  0.85  0.61  0.25  0.13  0.08  0.06  0.05  0.04  0.04  0.04
12 -25  0.03  0.09  0.14  0.28  0.57  0.86  1.43  2.87  4.13  5.16  7.14  9.04  9.55  9.20  7.87  7.04  4.38  1.86  0.75  0.53  0.19  0.08  0.05  0.04  0.04  0.04  0.04  0.04
12 -20  0.03  0.08  0.14  0.28  0.56  0.85  1.41  2.84  4.22  5.25  7.23  9.22  9.80  9.39  7.93  6.97  4.28  1.74  0.64  0.43  0.12  0.06  0.04  0.04  0.04  0.04  0.04  0.04
12 -15  0.03  0.08  0.14  0.28  0.56  0.85  1.42  2.86  4.27  5.27  7.13  9.24 10.01  9.63  8.06  7.03  4.15  1.66  0.58  0.39  0.11  0.05  0.03  0.03  0.03  0.04  0.04  0.03
12 -10  0.03  0.08  0.14  0.28  0.56  0.84  1.40  2.81  4.16  5.23  7.09  9.09  9.73  9.55  8.09  7.11  4.07  1.55  0.51  0.34  0.11  0.04  0.03  0.03  0.03  0.03  0.03  0.03
12  -5  0.03  0.08  0.14  0.28  0.56  0.84  1.41  2.85  4.26  5.32  7.32  9.06  9.57  9.40  7.91  6.81  3.95  1.50  0.49  0.33  0.13  0.03  0.03  0.03  0.03  0.03  0.03  0.03
12   0  0.03  0.09  0.15  0.30  0.60  0.90  1.50  3.04  4.34  5.39  7.18  8.97  9.49  9.23  7.70  6.55  3.78  1.42  0.45  0.32  0.13  0.03  0.03  0.03  0.03  0.03  0.03  0.03
12   5  0.03  0.09  0.15  0.30  0.60  0.91  1.52  3.06  4.50  5.52  7.37  8.95  9.24  9.20  7.86  6.70  4.01  1.50  0.50  0.34  0.12  0.03  0.03  0.03  0.03  0.03  0.03  0.03
12  10  0.03  0.09  0.15  0.30  0.61  0.91  1.53  3.08  4.53  5.64  7.23  8.61  8.99  9.09  7.94  6.90  4.23  1.61  0.56  0.38  0.13  0.03  0.03  0.03  0.03  0.03  0.03  0.03
12  15  0.03  0.09  0.15  0.31  0.61  0.92  1.54  3.09  4.61  5.77  7.19  8.45  8.84  8.91  7.60  6.68  4.11  1.62  0.60  0.42  0.14  0.04  0.03  0.03  0.03  0.04  0.04  0.04
12  20  0.03  0.09  0.16  0.31  0.63  0.95  1.58  3.19  4.81  6.07  7.38  8.30  8.70  8.62  7.25  6.44  4.08  1.71  0.62  0.45  0.15  0.04  0.04  0.03  0.03  0.04  0.04  0.04
12  25  0.03  0.09  0.15  0.31  0.62  0.93  1.56  3.13  4.87  6.07  7.47  8.30  8.47  8.09  7.04  6.56  4.27  1.94  0.76  0.57  0.22  0.05  0.04  0.04  0.04  0.04  0.04  0.04
12  30  0.03  0.10  0.16  0.33  0.65  0.98  1.64  3.30  4.94  6.21  7.46  8.15  8.25  7.69  7.03  6.69  4.50  2.10  0.86  0.64  0.27  0.08  0.06  0.05  0.04  0.04  0.04  0.04
12  35  0.03  0.10  0.17  0.35  0.69  1.04  1.74  3.49  5.25  6.52  7.67  7.97  7.77  7.36  6.93  6.63  4.78  2.33  1.08  0.84  0.44  0.20  0.09  0.06  0.05  0.04  0.04  0.04
12  40  0.04  0.11  0.18  0.37  0.73  1.10  1.84  3.69  5.48  6.77  7.78  7.80  7.33  6.79  6.63  6.59  5.11  2.65  1.41  1.10  0.62  0.29  0.16  0.09  0.06  0.05  0.04  0.04
12  45  0.04  0.11  0.19  0.38  0.77  1.15  1.93  3.88  5.58  6.79  7.49  7.26  6.78  6.44  6.32  6.25  5.06  2.99  1.68  1.36  0.85  0.40  0.23  0.15  0.07  0.05  0.04  0.04
12  50  0.04  0.12  0.20  0.41  0.81  1.22  2.04  4.10  5.90  6.91  7.31  6.86  6.29  5.89  5.94  5.95  5.05  3.32  1.93  1.57  1.01  0.49  0.27  0.18  0.08  0.05  0.04  0.04
12  55  0.04  0.12  0.20  0.41  0.81  1.22  2.04  4.10  5.76  6.51  6.78  6.32  5.92  5.69  5.72  5.75  4.88  3.34  2.05  1.69  1.16  0.56  0.30  0.19  0.09  0.05  0.04  0.04
12  60  0.04  0.12  0.20  0.40  0.81  1.21  2.03  4.07  5.62  6.29  6.44  5.98  5.70  5.59  5.54  5.52  4.66  3.29  2.18  1.83  1.30  0.62  0.32  0.19  0.09  0.05  0.04  0.04
12  65  0.04  0.12  0.21  0.42  0.83  1.25  2.09  4.21  5.59  6.24  6.40  5.86  5.57  5.45  5.31  5.20  4.50  3.19  2.24  1.89  1.37  0.64  0.30  0.18  0.09  0.05  0.04  0.04
12  70  0.04  0.13  0.21  0.43  0.85  1.28  2.14  4.31  5.54  6.18  6.32  5.76  5.43  5.32  5.07  4.87  4.36  3.10  2.29  1.96  1.44  0.66  0.28  0.16  0.09  0.05  0.04  0.04
12  75  0.04  0.12  0.21  0.41  0.82  1.24  2.07  4.16  5.30  5.94  6.06  5.34  4.94  4.81  4.60  4.42  4.14  3.10  2.30  1.97  1.44  0.65  0.30  0.18  0.10  0.05  0.04  0.04
12  80  0.04  0.12  0.20  0.39  0.79  1.18  1.98  3.98  5.07  5.69  5.80  4.92  4.44  4.28  4.12  3.97  3.92  3.12  2.32  1.99  1.45  0.64  0.32  0.19  0.10  0.05  0.04  0.04
12  85  0.04  0.12  0.20  0.39  0.79  1.18  1.98  3.97  5.06  5.67  5.78  4.90  4.43  4.28  4.11  3.96  3.92  3.12  2.32  1.99  1.45  0.64  0.32  0.19  0.10  0.05  0.04  0.04
12  90  0.04  0.12  0.20  0.39  0.79  1.18  1.97  3.97  5.05  5.66  5.76  4.88  4.41  4.27  4.11  3.95  3.91  3.12  2.31  1.99  1.45  0.64  0.32  0.19  0.10  0.05  0.04  0.04
