     3    64     3
        .000  1.00000000        .000
        .000   .99467117        .000
        .058   .98862660        .980
        .574   .98174226       9.780
       2.152   .97386760      36.654
       5.571   .96482760      94.908
      11.690   .95443410     199.144
      21.402   .94249105     364.586
      35.622   .92879730     606.846
      55.272   .91315103     941.589
      81.249   .89535499    1384.120
     114.399   .87522358    1948.847
     155.479   .85259068    2648.669
     205.115   .82731885    3494.247
     263.755   .79930973    4493.217
     331.622   .76851469    5649.359
     408.661   .73494524    6961.773
     494.503   .69868290    8424.130
     588.421   .65988702   10024.069
     689.312   .61879963   11742.806
     795.691   .57574666   13555.033
     905.705   .53113484   15429.187
    1017.171   .48544332   17328.072
    1127.635   .43921080   19209.881
    1234.449   .39301825   21029.521
    1334.867   .34746850   22740.199
    1426.143   .30316412   24295.143
    1505.634   .26068544   25649.309
    1570.889   .22057019   26760.967
    1619.732   .18329623   27593.021
    1650.314   .14926878   28114.020
    1661.160   .11881219   28298.783
    1651.174   .09216691   28128.654
    1619.797   .06947458   27594.131
    1568.349   .05064684   26717.689
    1499.307   .03544162   25541.531
    1415.432   .02355588   24112.660
    1319.707   .01463712   22481.930
    1215.294   .00829402   20703.199
    1105.485   .00410671   18832.553
     993.661   .00163591   16927.570
     883.254   .00043106   15046.715
     777.715   .00003697   13248.804
     680.487   .00000000   11592.479
     593.705   .00000000   10114.093
     516.715   .00000000    8802.519
     448.549   .00000000    7641.286
     388.305   .00000000    6614.994
     335.146   .00000000    5709.397
     288.304   .00000000    4911.415
     247.079   .00000000    4209.124
     210.837   .00000000    3591.718
     179.005   .00000000    3049.451
     151.071   .00000000    2573.580
     126.575   .00000000    2156.278
     105.108   .00000000    1790.573
      86.306   .00000000    1470.267
      69.846   .00000000    1189.860
      55.442   .00000000     944.492
      42.843   .00000000     729.861
      31.827   .00000000     542.184
      22.196   .00000000     378.118
      13.779   .00000000     234.733
       6.425   .00000000     109.448
        .000   .00000000        .000
