     0.010
     0.030
     0.050
     0.100
     0.200
     0.300
     0.500
     1.000
     1.500
     2.000
     3.000
     5.000
     7.000
    10.000
    15.000
    20.000
    30.000
    50.000
    70.000
    80.000
   100.000
   150.000
   200.000
   250.000
   300.000
   400.000
   500.000
   600.000
 1 -90  0.02  0.07  0.11  0.22  0.45  0.68  1.14  2.32  3.35  4.15  5.83  6.76  6.46  5.51  4.63  4.01  3.40  2.81  2.25  1.91  1.29  0.66  0.34  0.19  0.08  0.06  0.03  0.02
 1 -85  0.02  0.07  0.11  0.22  0.45  0.68  1.14  2.31  3.34  4.15  5.84  6.77  6.46  5.51  4.62  4.00  3.40  2.81  2.24  1.91  1.29  0.66  0.34  0.19  0.08  0.06  0.03  0.02
 1 -80  0.02  0.07  0.11  0.22  0.45  0.68  1.14  2.31  3.34  4.15  5.85  6.78  6.47  5.50  4.62  4.00  3.40  2.81  2.24  1.91  1.29  0.66  0.34  0.19  0.09  0.05  0.03  0.02
 1 -75  0.02  0.07  0.12  0.23  0.46  0.70  1.17  2.37  3.41  4.24  5.87  6.91  6.71  5.78  4.96  4.38  3.70  2.88  2.22  1.88  1.27  0.65  0.34  0.19  0.08  0.05  0.03  0.02
 1 -70  0.02  0.07  0.12  0.24  0.48  0.72  1.20  2.43  3.49  4.32  5.90  7.03  6.95  6.06  5.29  4.75  4.02  2.96  2.19  1.85  1.22  0.63  0.35  0.19  0.08  0.05  0.03  0.02
 1 -65  0.02  0.07  0.12  0.25  0.49  0.74  1.24  2.51  3.61  4.46  6.07  7.36  7.41  6.62  5.90  5.40  4.30  2.97  2.04  1.71  1.11  0.56  0.33  0.19  0.11  0.05  0.03  0.03
 1 -60  0.03  0.08  0.13  0.26  0.51  0.77  1.29  2.61  3.74  4.61  6.27  7.68  7.88  7.17  6.51  6.03  4.57  2.98  1.89  1.57  1.00  0.49  0.31  0.20  0.12  0.05  0.03  0.03
 1 -55  0.03  0.08  0.14  0.27  0.54  0.82  1.37  2.77  3.95  4.87  6.53  7.99  8.29  7.77  6.94  6.32  4.49  2.76  1.58  1.31  0.79  0.37  0.26  0.18  0.11  0.05  0.03  0.03
 1 -50  0.03  0.08  0.14  0.28  0.56  0.83  1.40  2.83  4.03  5.02  6.71  8.30  8.73  8.27  7.30  6.61  4.45  2.57  1.29  1.04  0.57  0.25  0.19  0.17  0.09  0.05  0.03  0.03
 1 -45  0.03  0.08  0.14  0.27  0.55  0.83  1.39  2.81  4.03  4.96  6.76  8.62  9.12  8.74  7.47  6.66  4.55  2.59  1.28  1.01  0.53  0.19  0.15  0.11  0.07  0.04  0.03  0.03
 1 -40  0.03  0.08  0.14  0.27  0.55  0.82  1.38  2.79  4.13  5.13  7.05  8.97  9.50  9.04  7.69  6.69  4.55  2.61  1.32  1.03  0.53  0.18  0.13  0.07  0.05  0.04  0.03  0.03
 1 -35  0.03  0.08  0.14  0.28  0.56  0.84  1.41  2.85  3.98  4.95  6.94  8.99  9.54  9.31  7.81  6.84  4.49  2.36  1.06  0.80  0.38  0.15  0.09  0.06  0.04  0.04  0.03  0.03
 1 -30  0.03  0.08  0.14  0.28  0.57  0.85  1.42  2.87  4.11  5.08  7.08  9.19  9.74  9.36  7.97  7.02  4.44  2.08  0.81  0.58  0.24  0.09  0.06  0.04  0.04  0.04  0.04  0.03
 1 -25  0.03  0.09  0.14  0.29  0.58  0.86  1.45  2.93  4.19  5.28  7.40  9.39  9.85  9.43  7.92  6.95  4.35  1.86  0.72  0.51  0.19  0.06  0.04  0.04  0.03  0.04  0.03  0.03
 1 -20  0.03  0.08  0.14  0.28  0.56  0.84  1.40  2.82  4.26  5.40  7.47  9.57 10.19  9.69  8.02  6.91  4.31  1.69  0.61  0.41  0.13  0.05  0.03  0.03  0.03  0.03  0.03  0.03
 1 -15  0.03  0.08  0.14  0.28  0.56  0.84  1.40  2.83  4.33  5.31  7.32  9.65 10.45  9.86  8.07  6.94  4.15  1.64  0.55  0.36  0.13  0.04  0.03  0.03  0.03  0.03  0.03  0.03
 1 -10  0.03  0.08  0.14  0.27  0.55  0.82  1.38  2.77  4.16  5.29  7.26  9.44 10.13  9.84  8.06  7.00  4.05  1.57  0.47  0.32  0.09  0.03  0.03  0.02  0.02  0.03  0.03  0.02
 1  -5  0.03  0.08  0.14  0.27  0.55  0.83  1.38  2.80  4.32  5.48  7.63  9.40 10.00  9.68  7.90  6.83  3.94  1.51  0.45  0.31  0.07  0.03  0.02  0.02  0.02  0.03  0.02  0.02
 1   0  0.03  0.09  0.15  0.30  0.60  0.90  1.52  3.11  4.57  5.74  7.72  9.62 10.21  9.66  7.79  6.67  3.72  1.38  0.41  0.28  0.06  0.03  0.02  0.02  0.02  0.03  0.03  0.02
 1   5  0.03  0.09  0.15  0.30  0.60  0.90  1.51  3.09  4.70  5.81  7.91  9.39  9.67  9.49  7.81  6.64  3.91  1.49  0.48  0.31  0.05  0.03  0.02  0.02  0.02  0.03  0.03  0.03
 1  10  0.03  0.09  0.15  0.30  0.60  0.91  1.52  3.09  4.64  5.88  7.62  8.90  9.12  9.10  7.77  6.68  4.09  1.64  0.54  0.36  0.06  0.03  0.03  0.02  0.03  0.03  0.03  0.03
 1  15  0.03  0.09  0.15  0.30  0.61  0.91  1.53  3.12  4.78  6.02  7.52  8.62  8.82  8.80  7.39  6.44  4.01  1.64  0.58  0.40  0.07  0.03  0.03  0.03  0.03  0.03  0.03  0.03
 1  20  0.03  0.09  0.16  0.31  0.63  0.95  1.60  3.26  4.96  6.31  7.69  8.45  8.73  8.55  7.05  6.21  4.08  1.72  0.59  0.43  0.16  0.04  0.03  0.03  0.03  0.03  0.03  0.03
 1  25  0.03  0.09  0.16  0.31  0.63  0.94  1.58  3.21  5.08  6.28  7.66  8.39  8.45  7.95  6.84  6.37  4.37  2.10  0.79  0.60  0.26  0.05  0.04  0.03  0.03  0.03  0.03  0.03
 1  30  0.03  0.10  0.17  0.33  0.67  1.00  1.69  3.44  5.15  6.49  7.67  8.19  8.24  7.61  6.90  6.57  4.75  2.34  0.93  0.71  0.32  0.09  0.06  0.05  0.04  0.04  0.03  0.03
 1  35  0.03  0.10  0.17  0.35  0.70  1.05  1.77  3.61  5.42  6.72  7.87  8.07  7.88  7.41  6.89  6.51  5.07  2.64  1.22  0.95  0.49  0.24  0.15  0.07  0.05  0.04  0.04  0.03
 1  40  0.04  0.11  0.18  0.37  0.73  1.11  1.86  3.80  5.54  6.83  7.90  7.98  7.55  6.94  6.58  6.41  5.43  3.03  1.65  1.24  0.68  0.35  0.22  0.11  0.07  0.04  0.04  0.04
 1  45  0.04  0.11  0.19  0.37  0.75  1.13  1.91  3.89  5.52  6.77  7.73  7.57  7.07  6.71  6.51  6.33  5.54  3.39  1.89  1.53  0.95  0.50  0.30  0.20  0.08  0.05  0.04  0.04
 1  50  0.04  0.11  0.19  0.38  0.77  1.15  1.94  3.95  5.76  6.90  7.53  7.27  6.59  6.11  6.26  6.29  5.70  3.71  2.16  1.77  1.16  0.61  0.34  0.24  0.09  0.05  0.04  0.04
 1  55  0.04  0.12  0.19  0.39  0.78  1.17  1.96  4.01  5.69  6.57  7.07  6.77  6.26  5.95  6.00  6.01  5.44  3.74  2.34  1.93  1.34  0.68  0.39  0.26  0.09  0.05  0.04  0.04
 1  60  0.04  0.12  0.20  0.39  0.79  1.18  1.99  4.06  5.66  6.44  6.85  6.45  6.05  5.85  5.76  5.70  5.14  3.71  2.54  2.13  1.53  0.74  0.44  0.27  0.10  0.05  0.04  0.04
 1  65  0.04  0.12  0.19  0.39  0.77  1.17  1.96  4.00  5.67  6.41  6.86  6.44  6.15  6.04  5.83  5.67  4.95  3.66  2.54  2.15  1.55  0.74  0.41  0.25  0.10  0.05  0.04  0.04
 1  70  0.04  0.11  0.19  0.38  0.76  1.15  1.93  3.94  5.67  6.37  6.86  6.46  6.27  6.22  5.89  5.63  4.80  3.62  2.55  2.17  1.56  0.74  0.39  0.23  0.10  0.05  0.04  0.04
 1  75  0.04  0.11  0.18  0.36  0.73  1.10  1.85  3.78  5.47  6.09  6.56  6.04  5.78  5.71  5.35  5.07  4.57  3.53  2.64  2.31  1.76  0.78  0.40  0.23  0.10  0.05  0.04  0.04
 1  80  0.04  0.11  0.18  0.35  0.71  1.07  1.80  3.70  5.22  5.80  6.21  5.62  5.29  5.16  4.80  4.52  4.34  3.43  2.73  2.44  1.94  0.81  0.41  0.24  0.10  0.05  0.04  0.04
 1  85  0.04  0.11  0.18  0.35  0.71  1.07  1.80  3.69  5.21  5.77  6.18  5.59  5.27  5.15  4.79  4.51  4.33  3.43  2.73  2.44  1.94  0.81  0.41  0.24  0.10  0.05  0.04  0.04
 1  90  0.04  0.11  0.18  0.35  0.71  1.07  1.80  3.69  5.19  5.75  6.15  5.56  5.25  5.13  4.78  4.50  4.33  3.43  2.73  2.44  1.94  0.81  0.41  0.24  0.10  0.05  0.04  0.04
 2 -90  0.03  0.08  0.14  0.27  0.55  0.83  1.39  2.84  4.14  5.10  6.36  6.37  5.72  4.78  4.29  3.81  2.74  2.60  2.31  1.99  1.40  0.67  0.36  0.21  0.13  0.06  0.03  0.02
 2 -85  0.03  0.08  0.14  0.27  0.55  0.83  1.39  2.83  4.14  5.10  6.37  6.38  5.73  4.77  4.29  3.81  2.74  2.60  2.31  1.98  1.40  0.67  0.36  0.21  0.13  0.06  0.03  0.02
 2 -80  0.03  0.08  0.14  0.27  0.55  0.83  1.39  2.83  4.13  5.10  6.38  6.39  5.73  4.77  4.28  3.80  2.74  2.60  2.31  1.98  1.40  0.67  0.36  0.21  0.13  0.05  0.03  0.02
 2 -75  0.03  0.08  0.14  0.27  0.55  0.82  1.38  2.80  4.11  5.10  6.46  6.73  6.21  5.25  4.68  4.15  2.95  2.60  2.30  1.97  1.38  0.66  0.36  0.20  0.12  0.05  0.03  0.02
 2 -70  0.03  0.08  0.14  0.27  0.54  0.82  1.37  2.78  4.10  5.09  6.53  7.08  6.69  5.74  5.08  4.51  3.23  2.62  2.27  1.93  1.33  0.63  0.37  0.20  0.11  0.05  0.03  0.03
 2 -65  0.03  0.08  0.14  0.28  0.55  0.83  1.40  2.83  4.16  5.16  6.69  7.49  7.25  6.35  5.59  4.98  3.69  2.65  2.09  1.77  1.19  0.55  0.35  0.20  0.12  0.05  0.03  0.03
 2 -60  0.03  0.08  0.14  0.28  0.57  0.85  1.43  2.89  4.23  5.26  6.86  7.89  7.81  6.96  6.10  5.44  4.13  2.70  1.92  1.61  1.06  0.48  0.32  0.20  0.12  0.05  0.03  0.03
 2 -55  0.03  0.09  0.15  0.30  0.59  0.89  1.50  3.04  4.41  5.47  7.06  8.17  8.22  7.56  6.66  5.96  4.27  2.58  1.56  1.30  0.80  0.36  0.25  0.18  0.11  0.05  0.04  0.03
 2 -50  0.03  0.09  0.15  0.30  0.61  0.91  1.53  3.10  4.48  5.60  7.22  8.45  8.66  8.11  7.19  6.50  4.40  2.46  1.24  1.00  0.55  0.24  0.18  0.14  0.08  0.05  0.03  0.03
 2 -45  0.03  0.09  0.15  0.30  0.60  0.90  1.51  3.07  4.41  5.48  7.20  8.75  9.06  8.59  7.43  6.60  4.49  2.42  1.24  0.96  0.48  0.18  0.15  0.09  0.06  0.04  0.03  0.03
 2 -40  0.03  0.09  0.15  0.30  0.60  0.90  1.50  3.05  4.49  5.58  7.41  9.09  9.51  9.04  7.70  6.67  4.50  2.38  1.25  0.95  0.44  0.16  0.11  0.06  0.05  0.04  0.03  0.03
 2 -35  0.03  0.09  0.15  0.30  0.60  0.90  1.50  3.04  4.27  5.33  7.23  9.09  9.56  9.30  7.79  6.73  4.39  2.20  1.01  0.75  0.33  0.13  0.07  0.05  0.04  0.04  0.03  0.03
 2 -30  0.03  0.09  0.15  0.30  0.60  0.90  1.50  3.03  4.33  5.37  7.29  9.24  9.76  9.42  7.93  6.86  4.30  1.97  0.80  0.57  0.22  0.08  0.05  0.04  0.04  0.03  0.03  0.03
 2 -25  0.03  0.09  0.15  0.29  0.59  0.89  1.49  3.01  4.28  5.38  7.45  9.44  9.96  9.61  7.97  6.85  4.20  1.84  0.69  0.48  0.18  0.06  0.04  0.03  0.03  0.03  0.03  0.03
 2 -20  0.03  0.08  0.14  0.28  0.56  0.85  1.42  2.86  4.29  5.46  7.44  9.54 10.32  9.99  8.13  6.87  4.16  1.68  0.56  0.38  0.12  0.04  0.03  0.03  0.03  0.03  0.03  0.03
 2 -15  0.03  0.08  0.14  0.28  0.56  0.84  1.40  2.84  4.28  5.20  7.18  9.65 10.59 10.13  8.15  6.91  4.07  1.59  0.52  0.35  0.12  0.04  0.03  0.03  0.03  0.03  0.03  0.03
 2 -10  0.03  0.08  0.14  0.27  0.54  0.82  1.37  2.76  4.06  5.10  6.99  9.40 10.37 10.22  8.16  7.00  4.04  1.48  0.48  0.32  0.08  0.03  0.02  0.02  0.02  0.03  0.03  0.02
 2  -5  0.03  0.08  0.13  0.27  0.54  0.81  1.36  2.77  4.18  5.25  7.33  9.33 10.31 10.12  7.83  6.56  3.87  1.45  0.47  0.32  0.07  0.03  0.02  0.02  0.02  0.02  0.02  0.02
 2   0  0.03  0.09  0.15  0.30  0.59  0.90  1.51  3.10  4.44  5.58  7.56  9.79 10.79 10.30  7.59  6.08  3.59  1.32  0.45  0.31  0.06  0.03  0.02  0.02  0.02  0.02  0.03  0.02
 2   5  0.03  0.09  0.15  0.29  0.59  0.88  1.48  3.04  4.54  5.60  7.71  9.48 10.16 10.06  7.71  6.32  3.79  1.44  0.51  0.34  0.05  0.03  0.02  0.02  0.02  0.03  0.03  0.03
 2  10  0.03  0.09  0.14  0.29  0.58  0.88  1.47  2.99  4.41  5.53  7.40  8.98  9.49  9.49  7.83  6.67  4.00  1.63  0.60  0.40  0.06  0.03  0.02  0.02  0.03  0.03  0.03  0.03
 2  15  0.03  0.09  0.15  0.29  0.59  0.88  1.48  3.01  4.61  5.72  7.42  8.72  9.06  9.09  7.59  6.62  4.07  1.70  0.66  0.46  0.07  0.03  0.03  0.03  0.03  0.03  0.03  0.03
 2  20  0.03  0.09  0.15  0.30  0.61  0.92  1.55  3.15  4.73  5.98  7.57  8.65  9.04  8.90  7.45  6.65  4.32  1.84  0.70  0.50  0.09  0.04  0.03  0.03  0.03  0.03  0.03  0.03
 2  25  0.03  0.09  0.15  0.31  0.62  0.93  1.55  3.16  4.92  6.04  7.55  8.54  8.69  8.26  7.11  6.56  4.54  2.18  0.88  0.66  0.26  0.06  0.04  0.04  0.04  0.04  0.03  0.03
 2  30  0.03  0.10  0.16  0.33  0.65  0.98  1.65  3.37  5.05  6.35  7.69  8.37  8.48  7.93  7.03  6.53  4.86  2.35  1.00  0.75  0.31  0.18  0.07  0.05  0.04  0.04  0.04  0.03
 2  35  0.03  0.10  0.17  0.34  0.69  1.03  1.73  3.54  5.37  6.65  8.01  8.32  8.19  7.71  7.02  6.54  5.12  2.77  1.29  0.99  0.47  0.30  0.21  0.09  0.06  0.04  0.04  0.04
 2  40  0.04  0.11  0.18  0.36  0.72  1.09  1.83  3.74  5.49  6.81  8.06  8.29  7.93  7.26  6.73  6.47  5.39  3.23  1.70  1.26  0.66  0.42  0.29  0.13  0.08  0.05  0.04  0.04
 2  45  0.04  0.11  0.18  0.37  0.74  1.11  1.87  3.82  5.55  6.88  8.10  8.07  7.54  7.10  6.71  6.37  5.56  3.59  1.96  1.57  0.96  0.55  0.37  0.23  0.09  0.05  0.04  0.04
 2  50  0.04  0.11  0.19  0.37  0.75  1.13  1.90  3.86  5.79  7.14  7.98  7.80  7.08  6.53  6.44  6.29  5.74  3.87  2.27  1.86  1.19  0.65  0.40  0.28  0.10  0.05  0.04  0.04
 2  55  0.04  0.12  0.19  0.39  0.78  1.17  1.97  4.01  5.85  7.02  7.68  7.44  6.81  6.37  6.26  6.17  5.70  3.98  2.45  2.03  1.38  0.70  0.44  0.30  0.11  0.05  0.04  0.04
 2  60  0.04  0.12  0.20  0.40  0.81  1.22  2.05  4.17  5.95  7.06  7.58  7.17  6.59  6.22  6.10  6.02  5.64  4.06  2.66  2.22  1.57  0.77  0.48  0.31  0.11  0.05  0.04  0.04
 2  65  0.04  0.12  0.20  0.40  0.81  1.22  2.05  4.19  5.88  6.87  7.36  6.98  6.53  6.27  6.05  5.90  5.44  3.92  2.76  2.35  1.71  0.83  0.48  0.30  0.11  0.05  0.04  0.04
 2  70  0.04  0.12  0.20  0.40  0.81  1.22  2.05  4.18  5.83  6.70  7.15  6.77  6.47  6.33  6.01  5.78  5.28  3.80  2.86  2.47  1.84  0.90  0.47  0.29  0.12  0.05  0.04  0.04
 2  75  0.04  0.12  0.20  0.40  0.81  1.21  2.04  4.16  5.69  6.40  7.05  6.86  6.72  6.64  6.19  5.87  5.33  3.74  2.91  2.53  1.89  0.94  0.49  0.29  0.12  0.06  0.04  0.04
 2  80  0.04  0.12  0.20  0.40  0.80  1.21  2.03  4.13  5.54  6.09  6.94  6.97  6.97  6.94  6.37  5.96  5.36  3.67  2.94  2.57  1.93  0.97  0.50  0.29  0.12  0.06  0.04  0.04
 2  85  0.04  0.12  0.20  0.40  0.80  1.20  2.02  4.13  5.53  6.07  6.91  6.95  6.95  6.93  6.36  5.95  5.36  3.67  2.94  2.57  1.93  0.97  0.50  0.29  0.12  0.06  0.04  0.04
 2  90  0.04  0.12  0.20  0.40  0.80  1.20  2.02  4.12  5.51  6.05  6.87  6.92  6.93  6.92  6.35  5.94  5.35  3.66  2.94  2.57  1.93  0.97  0.50  0.29  0.12  0.05  0.04  0.04
 3 -90  0.04  0.12  0.20  0.40  0.81  1.22  2.04  4.18  5.59  6.44  6.51  5.90  5.19  4.50  3.87  3.14  2.55  2.60  2.45  2.12  1.51  0.59  0.33  0.19  0.11  0.05  0.03  0.02
 3 -85  0.04  0.12  0.20  0.40  0.81  1.21  2.04  4.17  5.58  6.44  6.52  5.91  5.20  4.50  3.87  3.14  2.55  2.61  2.45  2.11  1.51  0.59  0.33  0.19  0.11  0.05  0.03  0.02
 3 -80  0.04  0.12  0.20  0.40  0.81  1.21  2.04  4.17  5.57  6.44  6.53  5.92  5.20  4.50  3.86  3.13  2.55  2.61  2.44  2.11  1.51  0.59  0.33  0.19  0.11  0.05  0.03  0.02
 3 -75  0.04  0.11  0.19  0.38  0.77  1.16  1.94  3.97  5.50  6.51  6.94  6.45  5.70  4.90  4.19  3.43  2.67  2.58  2.41  2.07  1.47  0.58  0.33  0.19  0.11  0.05  0.03  0.03
 3 -70  0.04  0.11  0.18  0.36  0.73  1.10  1.85  3.76  5.42  6.55  7.33  6.98  6.20  5.30  4.52  3.77  2.88  2.57  2.33  1.99  1.39  0.57  0.32  0.19  0.11  0.05  0.03  0.03
 3 -65  0.04  0.11  0.18  0.35  0.71  1.07  1.79  3.64  5.32  6.51  7.51  7.44  6.78  5.86  5.12  4.48  3.32  2.59  2.10  1.80  1.24  0.51  0.30  0.18  0.12  0.05  0.03  0.03
 3 -60  0.03  0.10  0.17  0.34  0.69  1.04  1.74  3.53  5.24  6.48  7.70  7.91  7.36  6.43  5.72  5.17  3.75  2.65  1.89  1.61  1.09  0.45  0.28  0.18  0.11  0.05  0.03  0.03
 3 -55  0.03  0.10  0.17  0.35  0.69  1.04  1.75  3.55  5.27  6.51  7.81  8.21  7.82  7.00  6.29  5.76  4.20  2.62  1.58  1.32  0.85  0.34  0.23  0.17  0.10  0.05  0.03  0.03
 3 -50  0.03  0.10  0.17  0.34  0.69  1.03  1.74  3.53  5.26  6.53  7.94  8.51  8.32  7.58  6.88  6.37  4.60  2.57  1.31  1.06  0.62  0.24  0.17  0.12  0.07  0.04  0.03  0.03
 3 -45  0.03  0.10  0.17  0.33  0.67  1.00  1.69  3.44  5.06  6.32  7.86  8.84  8.80  8.16  7.10  6.29  4.50  2.49  1.26  0.98  0.52  0.17  0.13  0.08  0.05  0.04  0.03  0.03
 3 -40  0.03  0.10  0.16  0.33  0.66  0.99  1.66  3.37  4.99  6.26  7.94  9.18  9.34  8.77  7.29  6.15  4.36  2.42  1.19  0.91  0.45  0.14  0.10  0.06  0.04  0.03  0.03  0.03
 3 -35  0.03  0.10  0.16  0.32  0.64  0.96  1.61  3.27  4.73  5.90  7.70  9.18  9.47  9.11  7.71  6.67  4.37  2.24  0.96  0.72  0.32  0.13  0.07  0.05  0.04  0.03  0.03  0.03
 3 -30  0.03  0.09  0.16  0.31  0.63  0.95  1.59  3.22  4.68  5.84  7.66  9.30  9.70  9.39  8.17  7.26  4.41  2.04  0.76  0.54  0.19  0.08  0.05  0.04  0.03  0.03  0.03  0.03
 3 -25  0.03  0.09  0.15  0.31  0.61  0.92  1.55  3.14  4.51  5.66  7.62  9.45  9.97  9.69  8.26  7.28  4.28  1.83  0.62  0.43  0.15  0.05  0.03  0.03  0.03  0.03  0.03  0.03
 3 -20  0.03  0.09  0.15  0.29  0.58  0.88  1.47  2.98  4.48  5.71  7.54  9.42 10.27 10.18  8.46  7.30  4.21  1.55  0.47  0.32  0.09  0.04  0.03  0.03  0.03  0.03  0.03  0.03
 3 -15  0.03  0.09  0.14  0.29  0.58  0.87  1.45  2.96  4.36  5.28  7.13  9.45 10.46 10.30  8.35  7.11  4.12  1.52  0.47  0.31  0.10  0.03  0.02  0.02  0.02  0.03  0.03  0.02
 3 -10  0.03  0.08  0.14  0.28  0.56  0.85  1.42  2.89  4.10  5.07  6.76  9.10 10.29 10.46  8.24  6.96  4.11  1.49  0.47  0.31  0.12  0.03  0.02  0.02  0.02  0.02  0.02  0.02
 3  -5  0.03  0.08  0.14  0.28  0.56  0.84  1.41  2.88  4.13  5.09  6.94  8.96 10.20 10.40  8.07  6.79  4.01  1.47  0.47  0.32  0.06  0.03  0.02  0.02  0.02  0.02  0.02  0.02
 3   0  0.03  0.09  0.15  0.30  0.60  0.90  1.52  3.14  4.30  5.36  7.17  9.44 10.78 10.70  8.01  6.55  3.80  1.34  0.45  0.31  0.13  0.03  0.02  0.02  0.02  0.02  0.02  0.02
 3   5  0.03  0.09  0.15  0.29  0.59  0.89  1.49  3.06  4.42  5.34  7.28  9.18 10.24 10.46  7.99  6.68  3.95  1.44  0.50  0.33  0.06  0.03  0.02  0.02  0.02  0.03  0.03  0.03
 3  10  0.03  0.09  0.14  0.29  0.58  0.87  1.46  2.98  4.23  5.15  7.02  8.77  9.61  9.79  8.02  6.92  4.14  1.61  0.58  0.39  0.06  0.03  0.02  0.02  0.02  0.03  0.03  0.03
 3  15  0.03  0.09  0.14  0.29  0.58  0.88  1.47  2.99  4.47  5.42  7.23  8.66  9.19  9.33  7.67  6.63  4.13  1.69  0.64  0.45  0.07  0.03  0.03  0.03  0.03  0.03  0.03  0.03
 3  20  0.03  0.09  0.15  0.30  0.61  0.92  1.54  3.14  4.60  5.71  7.40  8.74  9.24  9.15  7.46  6.45  4.30  1.79  0.67  0.48  0.19  0.04  0.03  0.03  0.03  0.03  0.04  0.03
 3  25  0.03  0.09  0.15  0.31  0.62  0.93  1.55  3.16  4.77  5.82  7.42  8.64  8.91  8.59  7.24  6.46  4.49  2.23  0.90  0.68  0.31  0.06  0.05  0.04  0.04  0.04  0.04  0.04
 3  30  0.03  0.10  0.16  0.32  0.64  0.96  1.62  3.29  4.91  6.14  7.66  8.54  8.75  8.36  7.24  6.56  4.78  2.51  1.07  0.82  0.39  0.20  0.09  0.06  0.05  0.04  0.04  0.04
 3  35  0.03  0.10  0.16  0.33  0.66  1.00  1.67  3.41  5.19  6.45  8.09  8.65  8.65  8.18  7.27  6.62  4.91  2.86  1.36  1.06  0.57  0.31  0.22  0.09  0.06  0.04  0.04  0.04
 3  40  0.03  0.10  0.17  0.34  0.69  1.04  1.75  3.58  5.27  6.57  8.14  8.76  8.58  7.85  7.03  6.58  5.01  3.21  1.74  1.33  0.77  0.42  0.30  0.13  0.08  0.05  0.04  0.04
 3  45  0.03  0.10  0.17  0.34  0.69  1.04  1.75  3.59  5.39  6.77  8.41  8.72  8.25  7.68  6.97  6.43  5.30  3.54  1.93  1.57  1.00  0.55  0.39  0.24  0.10  0.05  0.04  0.04
 3  50  0.03  0.10  0.17  0.34  0.69  1.04  1.74  3.56  5.57  7.06  8.39  8.50  7.79  7.14  6.66  6.26  5.58  3.79  2.20  1.82  1.17  0.66  0.43  0.30  0.11  0.06  0.04  0.04
 3  55  0.04  0.11  0.18  0.36  0.71  1.07  1.81  3.69  5.67  7.04  8.20  8.18  7.52  6.91  6.50  6.20  5.58  3.95  2.44  2.03  1.36  0.75  0.48  0.33  0.12  0.06  0.05  0.04
 3  60  0.04  0.11  0.19  0.37  0.75  1.12  1.89  3.85  5.82  7.19  8.17  7.94  7.24  6.65  6.33  6.13  5.57  4.12  2.71  2.26  1.56  0.86  0.54  0.35  0.13  0.06  0.05  0.04
 3  65  0.04  0.11  0.19  0.38  0.77  1.16  1.94  3.96  5.85  7.14  7.96  7.66  7.01  6.48  6.14  5.92  5.37  4.12  2.86  2.43  1.76  0.95  0.60  0.37  0.13  0.06  0.05  0.04
 3  70  0.04  0.12  0.20  0.39  0.79  1.19  2.00  4.07  5.88  7.09  7.74  7.37  6.77  6.32  5.95  5.69  5.18  4.14  3.00  2.60  1.96  1.04  0.65  0.39  0.14  0.06  0.05  0.04
 3  75  0.04  0.12  0.20  0.39  0.79  1.19  2.00  4.08  5.79  6.91  7.51  7.24  6.79  6.45  5.89  5.51  5.11  4.15  3.06  2.67  2.02  1.09  0.65  0.38  0.19  0.06  0.05  0.04
 3  80  0.04  0.12  0.20  0.39  0.79  1.19  2.00  4.08  5.69  6.72  7.28  7.11  6.81  6.58  5.83  5.33  5.04  4.15  3.08  2.70  2.06  1.13  0.64  0.38  0.18  0.06  0.05  0.04
 3  85  0.04  0.12  0.20  0.39  0.79  1.19  2.00  4.07  5.67  6.69  7.25  7.08  6.79  6.56  5.82  5.32  5.04  4.15  3.08  2.71  2.06  1.13  0.64  0.38  0.18  0.06  0.05  0.04
 3  90  0.04  0.12  0.20  0.39  0.79  1.19  2.00  4.06  5.66  6.67  7.21  7.05  6.76  6.55  5.81  5.31  5.03  4.14  3.08  2.71  2.06  1.13  0.64  0.38  0.18  0.06  0.05  0.04
 4 -90  0.05  0.16  0.27  0.53  1.07  1.62  2.73  5.63  6.42  6.58  6.25  5.49  4.88  4.25  3.57  2.72  2.25  2.86  2.43  2.09  1.39  0.48  0.29  0.18  0.11  0.04  0.03  0.03
 4 -85  0.05  0.16  0.27  0.53  1.07  1.62  2.73  5.63  6.41  6.58  6.26  5.50  4.89  4.25  3.57  2.72  2.25  2.86  2.43  2.09  1.39  0.48  0.29  0.18  0.11  0.05  0.03  0.03
 4 -80  0.05  0.16  0.27  0.53  1.07  1.62  2.73  5.62  6.41  6.58  6.27  5.50  4.89  4.24  3.56  2.72  2.25  2.86  2.43  2.08  1.39  0.48  0.29  0.18  0.11  0.04  0.03  0.03
 4 -75  0.05  0.15  0.25  0.51  1.03  1.55  2.62  5.38  6.61  7.04  6.81  5.98  5.32  4.62  3.97  3.16  2.56  2.81  2.38  2.05  1.39  0.46  0.28  0.17  0.10  0.05  0.03  0.03
 4 -70  0.05  0.15  0.25  0.49  0.99  1.49  2.51  5.14  6.75  7.49  7.34  6.50  5.75  5.00  4.36  3.67  2.98  2.76  2.30  1.99  1.37  0.44  0.27  0.17  0.10  0.05  0.03  0.03
 4 -65  0.05  0.14  0.24  0.47  0.95  1.43  2.40  4.91  6.68  7.59  7.69  7.05  6.27  5.49  4.86  4.34  3.46  2.77  2.10  1.81  1.23  0.40  0.25  0.16  0.10  0.05  0.03  0.03
 4 -60  0.05  0.14  0.23  0.45  0.91  1.37  2.30  4.69  6.61  7.69  8.05  7.59  6.79  5.97  5.37  4.96  3.93  2.80  1.92  1.63  1.09  0.36  0.22  0.15  0.10  0.05  0.03  0.03
 4 -55  0.04  0.13  0.22  0.43  0.87  1.31  2.20  4.49  6.47  7.65  8.22  7.92  7.22  6.42  5.95  5.70  4.39  2.74  1.64  1.36  0.83  0.29  0.18  0.14  0.08  0.04  0.03  0.03
 4 -50  0.04  0.12  0.21  0.41  0.83  1.25  2.10  4.27  6.36  7.67  8.45  8.27  7.72  6.91  6.58  6.46  4.80  2.64  1.39  1.10  0.60  0.22  0.14  0.10  0.06  0.04  0.03  0.03
 4 -45  0.04  0.12  0.19  0.39  0.78  1.18  1.99  4.06  6.05  7.39  8.42  8.66  8.30  7.57  6.89  6.35  4.64  2.51  1.34  1.03  0.51  0.17  0.11  0.07  0.05  0.03  0.03  0.03
 4 -40  0.04  0.11  0.19  0.37  0.75  1.13  1.90  3.88  5.74  7.14  8.45  9.03  8.86  8.22  7.04  6.15  4.49  2.39  1.25  0.95  0.45  0.14  0.10  0.06  0.04  0.03  0.03  0.03
 4 -35  0.04  0.11  0.18  0.35  0.71  1.07  1.79  3.65  5.36  6.63  8.16  9.10  9.17  8.68  7.25  6.18  4.30  2.19  1.06  0.80  0.37  0.13  0.07  0.05  0.03  0.03  0.03  0.03
 4 -30  0.03  0.10  0.17  0.34  0.68  1.02  1.71  3.49  5.15  6.41  8.01  9.26  9.47  9.11  7.49  6.27  4.16  1.99  0.89  0.66  0.29  0.09  0.05  0.03  0.03  0.03  0.03  0.03
 4 -25  0.03  0.10  0.16  0.33  0.65  0.98  1.65  3.36  4.88  6.09  7.86  9.36  9.83  9.57  7.81  6.60  4.17  1.86  0.69  0.51  0.20  0.05  0.03  0.03  0.03  0.03  0.03  0.03
 4 -20  0.03  0.09  0.16  0.31  0.63  0.94  1.58  3.22  4.85  6.14  7.77  9.27 10.10 10.22  8.23  6.92  4.20  1.63  0.49  0.34  0.11  0.04  0.02  0.02  0.02  0.03  0.03  0.03
 4 -15  0.03  0.09  0.15  0.31  0.61  0.93  1.56  3.18  4.66  5.68  7.40  9.31 10.17 10.27  8.32  7.02  4.14  1.53  0.45  0.31  0.11  0.03  0.02  0.02  0.02  0.02  0.03  0.02
 4 -10  0.03  0.09  0.15  0.30  0.61  0.91  1.54  3.14  4.42  5.44  6.99  8.94 10.01 10.37  8.38  7.16  4.18  1.46  0.44  0.30  0.12  0.03  0.02  0.02  0.02  0.02  0.02  0.02
 4  -5  0.03  0.09  0.15  0.30  0.60  0.90  1.52  3.12  4.37  5.34  7.05  8.78  9.85 10.30  8.29  7.13  4.16  1.47  0.43  0.30  0.13  0.02  0.02  0.02  0.02  0.02  0.02  0.02
 4   0  0.03  0.09  0.15  0.31  0.62  0.93  1.57  3.24  4.43  5.46  7.18  9.17 10.35 10.59  8.29  7.01  4.04  1.37  0.42  0.29  0.13  0.02  0.02  0.02  0.02  0.02  0.02  0.02
 4   5  0.03  0.09  0.15  0.30  0.61  0.92  1.54  3.17  4.52  5.39  7.22  8.97 10.02 10.37  8.13  7.00  4.18  1.47  0.58  0.38  0.14  0.02  0.02  0.02  0.02  0.02  0.03  0.02
 4  10  0.03  0.09  0.15  0.30  0.59  0.89  1.50  3.05  4.22  5.08  6.93  8.63  9.54  9.71  8.04  7.11  4.39  1.64  0.77  0.52  0.17  0.03  0.02  0.02  0.02  0.03  0.03  0.03
 4  15  0.03  0.09  0.15  0.30  0.59  0.89  1.50  3.05  4.43  5.36  7.24  8.68  9.20  9.27  7.75  6.85  4.34  1.76  0.86  0.59  0.19  0.03  0.03  0.03  0.03  0.03  0.03  0.03
 4  20  0.03  0.09  0.15  0.31  0.62  0.93  1.56  3.17  4.57  5.61  7.37  8.85  9.32  9.10  7.61  6.73  4.42  1.87  0.91  0.63  0.21  0.05  0.03  0.03  0.03  0.04  0.04  0.04
 4  25  0.03  0.09  0.15  0.31  0.62  0.93  1.56  3.17  4.64  5.68  7.35  8.72  9.01  8.71  7.48  6.68  4.55  2.20  1.05  0.78  0.32  0.08  0.05  0.04  0.04  0.04  0.04  0.04
 4  30  0.03  0.09  0.15  0.31  0.62  0.94  1.57  3.20  4.74  5.88  7.54  8.62  8.90  8.62  7.49  6.75  4.76  2.41  1.17  0.89  0.41  0.16  0.09  0.06  0.05  0.04  0.04  0.04
 4  35  0.03  0.09  0.16  0.31  0.63  0.94  1.59  3.24  4.87  6.05  7.84  8.74  8.95  8.56  7.50  6.76  4.78  2.70  1.40  1.08  0.58  0.34  0.15  0.08  0.06  0.04  0.04  0.04
 4  40  0.03  0.09  0.16  0.32  0.64  0.96  1.62  3.32  4.80  5.98  7.66  8.84  9.02  8.42  7.32  6.67  4.79  2.96  1.68  1.29  0.77  0.44  0.30  0.12  0.07  0.05  0.04  0.04
 4  45  0.03  0.09  0.16  0.31  0.63  0.95  1.59  3.26  4.88  6.12  7.99  8.92  8.80  8.26  7.23  6.51  4.91  3.22  1.81  1.48  0.94  0.53  0.38  0.16  0.09  0.05  0.05  0.04
 4  50  0.03  0.09  0.15  0.31  0.61  0.92  1.55  3.17  4.89  6.26  7.96  8.75  8.40  7.80  6.94  6.31  5.02  3.41  2.02  1.67  1.06  0.61  0.42  0.30  0.11  0.06  0.05  0.04
 4  55  0.03  0.09  0.15  0.31  0.61  0.92  1.55  3.17  4.86  6.19  7.86  8.51  8.13  7.48  6.63  6.04  5.11  3.62  2.25  1.88  1.24  0.69  0.48  0.33  0.13  0.06  0.05  0.04
 4  60  0.03  0.09  0.16  0.31  0.63  0.95  1.59  3.25  4.96  6.32  7.89  8.33  7.85  7.13  6.31  5.77  5.22  3.84  2.50  2.10  1.43  0.79  0.55  0.36  0.14  0.06  0.05  0.04
 4  65  0.03  0.09  0.16  0.32  0.63  0.96  1.61  3.28  4.95  6.29  7.71  7.98  7.45  6.74  6.10  5.65  5.09  3.87  2.70  2.28  1.59  0.93  0.66  0.41  0.14  0.07  0.05  0.04
 4  70  0.03  0.10  0.16  0.32  0.64  0.96  1.62  3.30  4.94  6.25  7.52  7.63  7.05  6.34  5.88  5.54  4.97  3.91  2.90  2.46  1.74  1.07  0.76  0.46  0.24  0.07  0.05  0.04
 4  75  0.03  0.10  0.16  0.33  0.65  0.98  1.65  3.35  4.91  6.15  7.19  7.17  6.61  5.98  5.68  5.45  4.92  3.98  3.01  2.57  1.87  1.14  0.78  0.46  0.23  0.07  0.05  0.04
 4  80  0.03  0.10  0.17  0.33  0.67  1.00  1.68  3.41  4.87  6.05  6.86  6.71  6.16  5.61  5.47  5.36  4.88  4.04  3.08  2.66  1.97  1.20  0.78  0.46  0.22  0.07  0.05  0.04
 4  85  0.03  0.10  0.17  0.33  0.66  1.00  1.68  3.40  4.86  6.03  6.83  6.68  6.14  5.60  5.46  5.35  4.87  4.04  3.08  2.66  1.97  1.20  0.78  0.46  0.22  0.07  0.05  0.04
 4  90  0.03  0.10  0.17  0.33  0.66  1.00  1.67  3.39  4.84  6.00  6.79  6.65  6.12  5.59  5.45  5.34  4.87  4.03  3.08  2.66  1.97  1.20  0.78  0.46  0.22  0.07  0.05  0.04
 5 -90  0.06  0.17  0.29  0.58  1.18  1.78  3.02  6.27  6.92  7.10  6.37  4.92  4.08  3.39  3.10  2.78  3.00  2.98  2.33  1.97  1.32  0.47  0.25  0.15  0.08  0.04  0.03  0.03
 5 -85  0.06  0.17  0.29  0.58  1.18  1.78  3.01  6.27  6.91  7.11  6.38  4.93  4.09  3.38  3.09  2.78  3.00  2.98  2.33  1.97  1.32  0.47  0.25  0.15  0.08  0.04  0.03  0.03
 5 -80  0.06  0.17  0.29  0.58  1.18  1.78  3.01  6.26  6.91  7.11  6.39  4.93  4.09  3.38  3.09  2.77  3.00  2.99  2.32  1.96  1.32  0.47  0.25  0.15  0.08  0.04  0.03  0.03
 5 -75  0.06  0.17  0.28  0.57  1.15  1.73  2.93  6.08  6.96  7.33  6.84  5.58  4.81  4.11  3.64  3.14  3.05  2.84  2.17  1.84  1.25  0.44  0.23  0.14  0.08  0.04  0.03  0.03
 5 -70  0.05  0.16  0.27  0.55  1.11  1.68  2.83  5.85  6.99  7.51  7.25  6.23  5.54  4.85  4.25  3.59  3.12  2.68  1.98  1.68  1.15  0.41  0.22  0.14  0.08  0.04  0.03  0.03
 5 -65  0.05  0.16  0.28  0.55  1.11  1.68  2.83  5.82  7.21  7.82  7.53  6.59  5.91  5.21  4.85  4.36  3.68  2.78  1.91  1.60  1.03  0.40  0.22  0.14  0.08  0.04  0.03  0.03
 5 -60  0.06  0.17  0.28  0.55  1.11  1.68  2.82  5.78  7.42  8.14  7.83  6.96  6.28  5.58  5.31  5.09  4.32  2.92  1.84  1.51  0.92  0.38  0.21  0.15  0.08  0.04  0.03  0.03
 5 -55  0.05  0.16  0.26  0.53  1.07  1.61  2.70  5.52  7.36  8.28  8.11  7.40  6.65  5.93  5.64  5.57  4.63  2.77  1.66  1.34  0.76  0.35  0.20  0.15  0.07  0.04  0.03  0.03
 5 -50  0.05  0.15  0.25  0.51  1.03  1.55  2.60  5.31  7.40  8.57  8.48  7.82  7.12  6.33  6.05  6.08  4.86  2.56  1.49  1.16  0.61  0.34  0.18  0.10  0.06  0.04  0.03  0.03
 5 -45  0.05  0.14  0.23  0.47  0.94  1.42  2.39  4.90  7.05  8.30  8.65  8.32  7.80  7.06  6.53  6.14  4.74  2.48  1.42  1.08  0.50  0.28  0.15  0.08  0.05  0.03  0.03  0.03
 5 -40  0.04  0.13  0.21  0.43  0.86  1.30  2.19  4.48  6.56  7.94  8.73  8.72  8.32  7.67  6.74  6.11  4.66  2.41  1.30  0.97  0.43  0.24  0.12  0.06  0.04  0.03  0.03  0.03
 5 -35  0.04  0.12  0.20  0.39  0.79  1.19  2.00  4.09  6.01  7.32  8.43  8.84  8.71  8.14  7.19  6.49  4.55  2.18  1.08  0.80  0.34  0.19  0.09  0.05  0.04  0.03  0.03  0.03
 5 -30  0.04  0.11  0.18  0.36  0.73  1.10  1.85  3.78  5.63  6.95  8.24  9.00  9.01  8.58  7.62  6.91  4.51  2.01  0.86  0.63  0.23  0.10  0.06  0.04  0.03  0.03  0.03  0.03
 5 -25  0.03  0.10  0.17  0.35  0.70  1.05  1.77  3.62  5.29  6.52  8.02  9.09  9.43  9.11  7.80  6.92  4.40  1.94  0.70  0.51  0.18  0.05  0.03  0.03  0.03  0.03  0.03  0.03
 5 -20  0.03  0.10  0.17  0.33  0.67  1.01  1.70  3.47  5.23  6.54  7.95  9.02  9.69  9.86  8.07  6.92  4.30  1.77  0.55  0.39  0.12  0.04  0.03  0.02  0.02  0.03  0.03  0.03
 5 -15  0.03  0.10  0.16  0.32  0.65  0.98  1.65  3.39  4.98  6.14  7.75  9.17  9.77  9.98  8.28  7.08  4.25  1.64  0.47  0.33  0.11  0.03  0.02  0.02  0.02  0.02  0.03  0.02
 5 -10  0.03  0.10  0.16  0.32  0.65  0.98  1.64  3.37  4.78  5.91  7.40  8.92  9.72 10.07  8.40  7.29  4.33  1.53  0.41  0.29  0.11  0.03  0.02  0.02  0.02  0.02  0.02  0.02
 5  -5  0.03  0.10  0.16  0.32  0.64  0.97  1.64  3.37  4.68  5.71  7.39  8.83  9.53  9.97  8.22  7.06  4.13  1.39  0.36  0.26  0.11  0.02  0.02  0.02  0.02  0.02  0.02  0.02
 5   0  0.03  0.09  0.16  0.32  0.63  0.96  1.61  3.32  4.63  5.67  7.40  9.09  9.84 10.17  8.08  6.74  3.86  1.15  0.32  0.23  0.11  0.02  0.02  0.02  0.02  0.02  0.02  0.02
 5   5  0.03  0.09  0.16  0.31  0.63  0.95  1.60  3.28  4.66  5.56  7.33  8.95  9.81 10.11  8.06  6.95  4.17  1.40  0.47  0.33  0.16  0.03  0.02  0.02  0.02  0.02  0.02  0.02
 5  10  0.03  0.09  0.15  0.30  0.61  0.92  1.54  3.14  4.28  5.17  6.99  8.64  9.54  9.69  8.10  7.29  4.58  1.69  0.67  0.48  0.22  0.03  0.02  0.02  0.02  0.03  0.03  0.03
 5  15  0.03  0.09  0.15  0.30  0.61  0.91  1.53  3.12  4.41  5.38  7.26  8.78  9.35  9.35  7.92  7.13  4.48  1.85  0.76  0.56  0.25  0.03  0.03  0.03  0.03  0.03  0.03  0.03
 5  20  0.03  0.09  0.15  0.31  0.62  0.94  1.57  3.21  4.53  5.55  7.29  8.94  9.49  9.17  7.87  7.09  4.44  1.97  0.83  0.60  0.28  0.05  0.03  0.03  0.03  0.04  0.04  0.03
 5  25  0.03  0.09  0.15  0.31  0.61  0.92  1.55  3.16  4.50  5.52  7.24  8.75  9.12  8.88  7.73  6.91  4.62  2.21  0.98  0.74  0.37  0.09  0.05  0.04  0.04  0.04  0.04  0.04
 5  30  0.03  0.09  0.15  0.30  0.60  0.91  1.53  3.11  4.54  5.58  7.32  8.58  8.97  8.81  7.66  6.84  4.85  2.38  1.12  0.88  0.45  0.15  0.08  0.05  0.05  0.04  0.04  0.04
 5  35  0.03  0.09  0.15  0.30  0.60  0.91  1.53  3.12  4.58  5.68  7.49  8.63  9.01  8.76  7.61  6.80  4.86  2.64  1.30  1.02  0.57  0.32  0.12  0.07  0.05  0.04  0.04  0.04
 5  40  0.03  0.09  0.15  0.30  0.61  0.92  1.54  3.16  4.43  5.50  7.13  8.60  9.06  8.69  7.45  6.69  4.87  2.86  1.51  1.19  0.72  0.41  0.19  0.10  0.07  0.05  0.04  0.04
 5  45  0.03  0.09  0.15  0.29  0.59  0.89  1.49  3.06  4.46  5.53  7.37  8.63  8.86  8.45  7.30  6.54  4.87  3.01  1.64  1.36  0.89  0.49  0.35  0.14  0.08  0.05  0.05  0.04
 5  50  0.03  0.08  0.14  0.28  0.56  0.85  1.42  2.91  4.36  5.49  7.24  8.42  8.49  8.05  7.05  6.33  4.83  3.12  1.85  1.55  1.01  0.58  0.40  0.18  0.10  0.06  0.05  0.04
 5  55  0.03  0.08  0.14  0.27  0.55  0.82  1.38  2.83  4.20  5.29  7.05  8.16  8.20  7.68  6.68  6.01  4.80  3.25  2.02  1.70  1.12  0.64  0.46  0.31  0.12  0.06  0.05  0.04
 5  60  0.03  0.08  0.14  0.27  0.55  0.83  1.39  2.85  4.22  5.31  7.01  8.00  7.92  7.27  6.34  5.72  4.78  3.40  2.22  1.87  1.24  0.72  0.53  0.35  0.13  0.07  0.05  0.04
 5  65  0.03  0.08  0.13  0.27  0.54  0.81  1.36  2.78  4.12  5.19  6.83  7.65  7.46  6.76  5.85  5.22  4.41  3.39  2.40  2.04  1.41  0.83  0.62  0.41  0.14  0.07  0.05  0.04
 5  70  0.03  0.08  0.13  0.26  0.53  0.79  1.33  2.71  4.02  5.06  6.63  7.29  7.00  6.25  5.35  4.73  4.04  3.37  2.57  2.21  1.58  0.94  0.71  0.47  0.30  0.07  0.05  0.05
 5  75  0.03  0.08  0.13  0.26  0.53  0.79  1.33  2.70  4.04  5.10  6.62  7.03  6.60  5.80  5.14  4.67  4.12  3.44  2.62  2.26  1.63  0.98  0.72  0.47  0.29  0.07  0.05  0.05
 5  80  0.03  0.08  0.13  0.26  0.53  0.79  1.33  2.69  4.06  5.14  6.60  6.77  6.19  5.34  4.92  4.61  4.23  3.51  2.65  2.29  1.66  1.00  0.72  0.46  0.28  0.08  0.05  0.05
 5  85  0.03  0.08  0.13  0.26  0.53  0.79  1.32  2.69  4.05  5.11  6.57  6.74  6.16  5.33  4.90  4.60  4.23  3.51  2.65  2.29  1.66  1.00  0.72  0.46  0.28  0.08  0.05  0.05
 5  90  0.03  0.08  0.13  0.26  0.53  0.79  1.32  2.68  4.03  5.09  6.54  6.71  6.14  5.31  4.89  4.59  4.22  3.51  2.65  2.29  1.66  1.00  0.72  0.46  0.28  0.08  0.05  0.05
 6 -90  0.06  0.18  0.30  0.59  1.20  1.81  3.08  6.42  7.17  7.48  6.71  5.03  4.29  3.90  3.42  3.13  3.01  2.92  2.17  1.89  1.36  0.48  0.21  0.12  0.06  0.03  0.03  0.03
 6 -85  0.06  0.18  0.30  0.59  1.20  1.81  3.07  6.42  7.16  7.49  6.72  5.04  4.29  3.89  3.41  3.12  3.01  2.92  2.17  1.89  1.36  0.48  0.21  0.13  0.07  0.03  0.03  0.03
 6 -80  0.06  0.18  0.30  0.59  1.20  1.81  3.07  6.41  7.16  7.49  6.73  5.04  4.30  3.89  3.41  3.12  3.01  2.92  2.17  1.88  1.36  0.48  0.21  0.13  0.07  0.03  0.03  0.03
 6 -75  0.06  0.18  0.29  0.59  1.19  1.80  3.06  6.36  7.17  7.56  7.08  5.59  4.87  4.32  3.77  3.33  3.11  2.90  2.11  1.84  1.36  0.48  0.21  0.13  0.07  0.04  0.03  0.03
 6 -70  0.06  0.17  0.29  0.58  1.18  1.78  3.01  6.25  7.17  7.63  7.39  6.15  5.45  4.78  4.20  3.63  3.23  2.86  2.05  1.77  1.32  0.47  0.20  0.13  0.07  0.04  0.03  0.03
 6 -65  0.06  0.17  0.29  0.58  1.16  1.75  2.96  6.11  7.22  7.79  7.49  6.36  5.68  4.99  4.69  4.28  3.69  2.90  2.01  1.70  1.20  0.47  0.24  0.14  0.07  0.04  0.03  0.03
 6 -60  0.06  0.17  0.28  0.57  1.14  1.72  2.90  5.96  7.26  7.89  7.55  6.58  5.90  5.20  5.10  4.88  4.18  2.99  1.97  1.63  1.09  0.46  0.26  0.14  0.07  0.04  0.03  0.03
 6 -55  0.05  0.16  0.27  0.55  1.11  1.67  2.81  5.76  7.39  8.16  7.80  6.93  6.19  5.50  5.41  5.42  4.51  2.90  1.76  1.44  0.91  0.39  0.27  0.13  0.07  0.04  0.03  0.03
 6 -50  0.05  0.16  0.27  0.55  1.10  1.66  2.79  5.71  7.63  8.67  8.15  7.33  6.60  5.86  5.77  5.96  4.79  2.70  1.54  1.25  0.74  0.34  0.27  0.11  0.06  0.03  0.03  0.03
 6 -45  0.05  0.15  0.25  0.50  1.01  1.52  2.56  5.24  7.36  8.56  8.57  8.01  7.45  6.73  6.27  5.98  4.70  2.60  1.47  1.17  0.65  0.31  0.24  0.09  0.05  0.03  0.03  0.03
 6 -40  0.04  0.13  0.22  0.45  0.90  1.36  2.28  4.68  6.84  8.20  8.78  8.49  7.99  7.35  6.44  5.93  4.69  2.52  1.36  1.07  0.59  0.27  0.20  0.08  0.05  0.03  0.03  0.03
 6 -35  0.04  0.12  0.20  0.41  0.82  1.23  2.07  4.24  6.21  7.51  8.44  8.65  8.46  7.86  6.93  6.30  4.72  2.28  1.12  0.88  0.47  0.22  0.12  0.07  0.04  0.03  0.03  0.03
 6 -30  0.04  0.11  0.18  0.37  0.74  1.12  1.88  3.84  5.73  7.04  8.21  8.80  8.76  8.31  7.34  6.67  4.83  2.14  0.88  0.68  0.32  0.15  0.07  0.05  0.04  0.03  0.03  0.03
 6 -25  0.04  0.11  0.18  0.36  0.72  1.08  1.82  3.73  5.47  6.69  8.01  8.85  9.13  8.76  7.57  6.81  4.65  1.98  0.71  0.53  0.23  0.06  0.04  0.03  0.03  0.03  0.03  0.03
 6 -20  0.03  0.10  0.17  0.35  0.70  1.06  1.78  3.66  5.48  6.76  8.03  8.79  9.29  9.45  7.89  6.94  4.45  1.77  0.54  0.39  0.13  0.04  0.03  0.03  0.03  0.03  0.03  0.03
 6 -15  0.03  0.10  0.17  0.34  0.68  1.02  1.73  3.54  5.23  6.52  8.04  9.05  9.41  9.63  8.07  6.90  4.21  1.64  0.49  0.36  0.13  0.03  0.02  0.02  0.02  0.03  0.03  0.03
 6 -10  0.03  0.10  0.17  0.34  0.68  1.02  1.73  3.55  5.11  6.34  7.82  8.97  9.44  9.64  8.09  6.90  4.11  1.55  0.47  0.35  0.13  0.03  0.02  0.02  0.02  0.02  0.03  0.02
 6  -5  0.03  0.10  0.17  0.34  0.68  1.02  1.72  3.55  4.96  6.07  7.76  8.97  9.25  9.54  8.23  7.13  4.24  1.53  0.43  0.32  0.13  0.03  0.02  0.02  0.02  0.02  0.02  0.02
 6   0  0.03  0.10  0.16  0.32  0.65  0.97  1.64  3.37  4.79  5.82  7.60  9.05  9.32  9.59  8.33  7.28  4.33  1.45  0.39  0.29  0.14  0.03  0.02  0.02  0.02  0.02  0.02  0.02
 6   5  0.03  0.10  0.16  0.32  0.65  0.98  1.65  3.38  4.79  5.77  7.49  9.01  9.60  9.74  8.23  7.29  4.49  1.58  0.48  0.35  0.18  0.03  0.02  0.02  0.02  0.02  0.02  0.02
 6  10  0.03  0.09  0.16  0.31  0.63  0.94  1.58  3.22  4.43  5.37  7.15  8.76  9.56  9.62  8.17  7.42  4.73  1.73  0.63  0.46  0.22  0.03  0.02  0.02  0.02  0.03  0.03  0.02
 6  15  0.03  0.09  0.16  0.31  0.63  0.94  1.58  3.23  4.49  5.54  7.38  8.93  9.50  9.43  7.95  7.14  4.66  1.87  0.71  0.54  0.25  0.03  0.03  0.03  0.03  0.03  0.03  0.03
 6  20  0.03  0.10  0.16  0.32  0.64  0.96  1.62  3.31  4.63  5.67  7.38  9.03  9.61  9.23  7.81  6.96  4.59  1.97  0.77  0.56  0.27  0.05  0.03  0.03  0.03  0.04  0.03  0.03
 6  25  0.03  0.09  0.16  0.31  0.63  0.94  1.58  3.23  4.50  5.54  7.31  8.82  9.20  9.00  7.84  6.99  4.68  2.11  0.84  0.63  0.31  0.08  0.04  0.04  0.04  0.04  0.04  0.03
 6  30  0.03  0.09  0.15  0.30  0.61  0.92  1.54  3.13  4.51  5.48  7.26  8.58  9.02  8.90  7.89  7.11  4.82  2.24  0.92  0.72  0.36  0.12  0.06  0.05  0.04  0.04  0.04  0.03
 6  35  0.03  0.09  0.15  0.30  0.61  0.91  1.53  3.12  4.50  5.53  7.32  8.55  8.96  8.79  7.70  6.89  4.77  2.52  1.15  0.90  0.47  0.18  0.09  0.06  0.05  0.04  0.04  0.04
 6  40  0.03  0.09  0.15  0.30  0.60  0.90  1.52  3.11  4.30  5.30  6.90  8.41  8.93  8.71  7.45  6.64  4.76  2.78  1.39  1.10  0.60  0.33  0.14  0.08  0.06  0.05  0.04  0.04
 6  45  0.03  0.09  0.14  0.29  0.58  0.87  1.47  3.00  4.30  5.30  7.01  8.30  8.65  8.34  7.19  6.45  4.78  2.88  1.52  1.26  0.80  0.41  0.28  0.11  0.07  0.05  0.05  0.04
 6  50  0.03  0.08  0.13  0.27  0.54  0.82  1.37  2.80  4.14  5.16  6.81  8.02  8.28  7.93  6.93  6.22  4.75  2.96  1.71  1.44  0.94  0.51  0.35  0.15  0.09  0.06  0.05  0.04
 6  55  0.03  0.08  0.13  0.26  0.52  0.78  1.31  2.67  3.90  4.84  6.48  7.66  7.90  7.48  6.52  5.87  4.55  3.01  1.83  1.55  1.02  0.56  0.40  0.18  0.10  0.06  0.05  0.04
 6  60  0.03  0.08  0.13  0.26  0.51  0.77  1.30  2.65  3.84  4.78  6.36  7.43  7.57  7.03  6.16  5.58  4.34  3.06  1.97  1.66  1.09  0.61  0.47  0.30  0.11  0.06  0.05  0.04
 6  65  0.02  0.07  0.12  0.25  0.50  0.75  1.25  2.55  3.71  4.62  6.19  7.14  7.17  6.53  5.64  5.02  3.96  2.99  2.10  1.79  1.22  0.69  0.54  0.34  0.12  0.07  0.05  0.04
 6  70  0.02  0.07  0.12  0.24  0.48  0.72  1.21  2.46  3.58  4.46  6.01  6.85  6.76  6.03  5.11  4.46  3.58  2.92  2.23  1.92  1.35  0.76  0.62  0.39  0.13  0.07  0.05  0.04
 6  75  0.02  0.07  0.11  0.23  0.46  0.69  1.16  2.37  3.50  4.40  6.01  6.72  6.49  5.68  4.85  4.28  3.58  2.93  2.28  1.98  1.42  0.80  0.64  0.41  0.15  0.07  0.05  0.04
 6  80  0.02  0.07  0.11  0.22  0.44  0.67  1.12  2.27  3.42  4.33  6.01  6.59  6.21  5.32  4.60  4.09  3.61  2.96  2.32  2.03  1.47  0.82  0.66  0.42  0.25  0.07  0.05  0.04
 6  85  0.02  0.07  0.11  0.22  0.44  0.67  1.12  2.26  3.41  4.31  5.98  6.56  6.19  5.31  4.59  4.08  3.61  2.96  2.32  2.03  1.47  0.82  0.66  0.42  0.25  0.08  0.05  0.04
 6  90  0.02  0.07  0.11  0.22  0.44  0.67  1.12  2.25  3.39  4.28  5.94  6.53  6.17  5.29  4.58  4.07  3.60  2.96  2.32  2.03  1.47  0.82  0.66  0.42  0.25  0.08  0.06  0.04
 7 -90  0.05  0.16  0.27  0.53  1.08  1.64  2.78  5.84  6.67  7.08  6.56  5.21  4.49  4.19  3.56  3.24  3.17  2.78  2.15  1.85  1.27  0.50  0.26  0.12  0.06  0.03  0.03  0.02
 7 -85  0.05  0.16  0.27  0.53  1.08  1.64  2.78  5.84  6.67  7.08  6.56  5.21  4.49  4.18  3.55  3.24  3.17  2.78  2.14  1.85  1.27  0.50  0.27  0.12  0.06  0.03  0.03  0.03
 7 -80  0.05  0.16  0.27  0.53  1.08  1.64  2.78  5.83  6.66  7.09  6.57  5.22  4.50  4.18  3.55  3.24  3.17  2.78  2.14  1.85  1.27  0.50  0.27  0.12  0.06  0.03  0.03  0.03
 7 -75  0.05  0.15  0.25  0.50  1.01  1.53  2.60  5.44  6.40  6.91  6.79  5.68  5.09  4.67  3.86  3.34  3.05  2.75  2.12  1.84  1.30  0.51  0.28  0.12  0.06  0.03  0.03  0.03
 7 -70  0.05  0.14  0.23  0.46  0.93  1.40  2.38  4.97  6.11  6.72  6.94  6.17  5.71  5.12  4.24  3.52  2.98  2.72  2.08  1.81  1.31  0.51  0.29  0.12  0.06  0.03  0.03  0.03
 7 -65  0.05  0.14  0.23  0.47  0.94  1.43  2.41  5.01  6.37  7.06  7.23  6.35  5.76  5.05  4.69  4.26  3.64  2.81  2.01  1.72  1.24  0.49  0.25  0.13  0.06  0.03  0.03  0.03
 7 -60  0.05  0.14  0.24  0.47  0.95  1.44  2.43  5.00  6.58  7.35  7.45  6.55  5.82  5.02  5.10  4.97  4.30  2.95  1.95  1.65  1.18  0.46  0.28  0.14  0.07  0.04  0.03  0.03
 7 -55  0.05  0.14  0.23  0.46  0.92  1.39  2.33  4.76  6.61  7.52  7.68  6.98  6.14  5.35  5.48  5.58  4.63  2.94  1.79  1.48  0.97  0.39  0.27  0.14  0.07  0.04  0.03  0.03
 7 -50  0.05  0.14  0.23  0.46  0.92  1.38  2.32  4.73  6.74  7.93  8.03  7.42  6.59  5.72  5.84  6.19  4.92  2.81  1.60  1.30  0.78  0.33  0.27  0.13  0.07  0.04  0.03  0.03
 7 -45  0.04  0.13  0.22  0.44  0.89  1.34  2.25  4.60  6.72  7.97  8.46  8.09  7.53  6.74  6.38  6.22  4.91  2.80  1.57  1.26  0.69  0.30  0.23  0.12  0.06  0.03  0.03  0.03
 7 -40  0.04  0.12  0.21  0.42  0.84  1.26  2.12  4.33  6.38  7.76  8.58  8.49  8.01  7.40  6.59  6.20  4.96  2.81  1.53  1.20  0.64  0.26  0.20  0.11  0.06  0.03  0.03  0.03
 7 -35  0.04  0.12  0.19  0.39  0.78  1.18  1.99  4.06  5.97  7.25  8.32  8.61  8.45  7.87  6.89  6.27  4.84  2.56  1.33  1.03  0.52  0.22  0.16  0.08  0.05  0.03  0.03  0.03
 7 -30  0.04  0.11  0.18  0.37  0.74  1.11  1.86  3.80  5.66  6.95  8.15  8.73  8.71  8.24  7.07  6.32  4.80  2.42  1.10  0.84  0.38  0.16  0.07  0.05  0.04  0.03  0.03  0.03
 7 -25  0.04  0.11  0.18  0.36  0.73  1.10  1.85  3.78  5.56  6.77  8.05  8.76  8.99  8.58  7.33  6.58  4.66  2.16  0.87  0.66  0.27  0.06  0.04  0.03  0.03  0.03  0.03  0.03
 7 -20  0.04  0.11  0.18  0.36  0.72  1.09  1.84  3.77  5.66  6.92  8.18  8.77  9.11  9.15  7.69  6.82  4.48  1.89  0.65  0.47  0.16  0.04  0.03  0.03  0.03  0.03  0.03  0.03
 7 -15  0.03  0.10  0.17  0.34  0.69  1.04  1.76  3.62  5.38  6.78  8.31  9.10  9.32  9.48  8.06  6.94  4.14  1.67  0.57  0.41  0.16  0.03  0.03  0.02  0.02  0.03  0.03  0.03
 7 -10  0.03  0.10  0.17  0.34  0.69  1.04  1.75  3.59  5.27  6.59  8.15  9.16  9.44  9.46  8.21  7.10  3.95  1.50  0.50  0.38  0.15  0.03  0.02  0.02  0.02  0.02  0.03  0.03
 7  -5  0.03  0.10  0.17  0.34  0.68  1.03  1.74  3.59  5.08  6.23  8.04  9.23  9.26  9.35  8.25  7.07  4.14  1.54  0.49  0.37  0.16  0.03  0.02  0.02  0.02  0.02  0.02  0.02
 7   0  0.03  0.09  0.16  0.32  0.64  0.96  1.62  3.32  4.76  5.78  7.65  9.07  9.06  9.23  8.18  7.00  4.32  1.54  0.48  0.36  0.17  0.03  0.02  0.02  0.02  0.02  0.02  0.02
 7   5  0.03  0.10  0.16  0.32  0.65  0.98  1.66  3.40  4.82  5.86  7.60  9.20  9.58  9.54  8.24  7.21  4.52  1.71  0.57  0.42  0.20  0.03  0.02  0.02  0.02  0.02  0.02  0.02
 7  10  0.03  0.09  0.16  0.32  0.63  0.95  1.60  3.27  4.56  5.57  7.36  9.01  9.74  9.72  8.32  7.51  4.80  1.87  0.72  0.53  0.23  0.03  0.02  0.02  0.02  0.02  0.02  0.02
 7  15  0.03  0.10  0.16  0.32  0.64  0.97  1.62  3.31  4.61  5.74  7.55  9.18  9.76  9.65  8.16  7.35  4.83  1.97  0.79  0.59  0.24  0.03  0.03  0.03  0.03  0.03  0.03  0.02
 7  20  0.03  0.10  0.16  0.33  0.66  0.99  1.67  3.42  4.82  5.92  7.61  9.18  9.77  9.38  8.02  7.23  4.80  2.05  0.83  0.59  0.25  0.04  0.03  0.03  0.03  0.03  0.03  0.03
 7  25  0.03  0.10  0.16  0.32  0.64  0.97  1.63  3.32  4.64  5.75  7.58  8.99  9.36  9.16  7.89  6.98  4.70  2.16  0.90  0.64  0.27  0.06  0.04  0.04  0.04  0.04  0.04  0.03
 7  30  0.03  0.09  0.16  0.31  0.63  0.95  1.60  3.25  4.63  5.62  7.44  8.72  9.13  8.98  7.76  6.80  4.64  2.32  0.97  0.73  0.30  0.09  0.05  0.04  0.04  0.04  0.04  0.03
 7  35  0.03  0.09  0.16  0.31  0.63  0.94  1.58  3.22  4.62  5.64  7.43  8.64  8.98  8.80  7.61  6.68  4.59  2.48  1.13  0.86  0.39  0.12  0.06  0.05  0.05  0.04  0.04  0.03
 7  40  0.03  0.09  0.15  0.31  0.61  0.92  1.55  3.17  4.39  5.43  7.06  8.41  8.87  8.65  7.42  6.59  4.63  2.65  1.30  1.02  0.52  0.18  0.09  0.06  0.05  0.05  0.04  0.04
 7  45  0.03  0.09  0.15  0.30  0.59  0.89  1.50  3.08  4.37  5.39  7.02  8.16  8.47  8.15  7.05  6.32  4.64  2.73  1.41  1.16  0.72  0.33  0.14  0.08  0.06  0.05  0.04  0.04
 7  50  0.03  0.08  0.14  0.28  0.56  0.84  1.41  2.87  4.20  5.22  6.77  7.84  8.08  7.73  6.77  6.07  4.61  2.81  1.57  1.31  0.85  0.44  0.30  0.12  0.08  0.05  0.05  0.04
 7  55  0.03  0.08  0.13  0.26  0.53  0.79  1.33  2.70  3.91  4.84  6.38  7.42  7.63  7.21  6.26  5.60  4.38  2.80  1.66  1.42  0.95  0.50  0.36  0.15  0.09  0.06  0.05  0.04
 7  60  0.03  0.08  0.13  0.26  0.51  0.77  1.30  2.64  3.81  4.73  6.22  7.17  7.29  6.75  5.83  5.20  4.13  2.77  1.78  1.52  1.03  0.56  0.42  0.17  0.10  0.06  0.05  0.04
 7  65  0.02  0.07  0.12  0.25  0.49  0.74  1.24  2.53  3.66  4.54  6.01  6.84  6.84  6.21  5.25  4.58  3.67  2.66  1.86  1.61  1.13  0.60  0.46  0.29  0.11  0.06  0.05  0.04
 7  70  0.02  0.07  0.12  0.23  0.47  0.71  1.19  2.42  3.50  4.35  5.80  6.50  6.39  5.67  4.67  3.97  3.20  2.56  1.94  1.70  1.22  0.64  0.51  0.33  0.12  0.06  0.05  0.04
 7  75  0.02  0.07  0.11  0.22  0.45  0.68  1.14  2.31  3.40  4.27  5.76  6.32  6.07  5.27  4.39  3.77  3.14  2.56  2.00  1.75  1.25  0.65  0.53  0.35  0.13  0.07  0.05  0.04
 7  80  0.02  0.06  0.11  0.21  0.43  0.65  1.08  2.19  3.30  4.19  5.72  6.14  5.75  4.87  4.12  3.58  3.10  2.59  2.06  1.80  1.28  0.66  0.55  0.35  0.14  0.07  0.05  0.04
 7  85  0.02  0.06  0.11  0.21  0.43  0.64  1.08  2.19  3.29  4.16  5.69  6.11  5.72  4.86  4.11  3.57  3.09  2.59  2.06  1.80  1.28  0.66  0.55  0.35  0.14  0.07  0.05  0.04
 7  90  0.02  0.06  0.11  0.21  0.43  0.64  1.08  2.18  3.27  4.14  5.66  6.08  5.70  4.85  4.09  3.56  3.09  2.58  2.06  1.80  1.28  0.66  0.55  0.35  0.15  0.07  0.05  0.04
 8 -90  0.04  0.12  0.21  0.42  0.84  1.27  2.16  4.53  5.76  6.34  6.73  6.14  5.64  5.05  3.87  3.07  3.28  3.10  2.38  2.01  1.34  0.52  0.28  0.12  0.06  0.03  0.03  0.03
 8 -85  0.04  0.12  0.21  0.42  0.84  1.27  2.16  4.53  5.75  6.35  6.74  6.15  5.65  5.05  3.87  3.07  3.28  3.10  2.38  2.01  1.34  0.52  0.28  0.12  0.06  0.03  0.03  0.03
 8 -80  0.04  0.12  0.21  0.42  0.84  1.27  2.16  4.52  5.75  6.35  6.75  6.15  5.65  5.04  3.86  3.07  3.28  3.10  2.38  2.00  1.34  0.52  0.29  0.12  0.06  0.03  0.03  0.03
 8 -75  0.04  0.12  0.21  0.42  0.84  1.27  2.16  4.49  5.81  6.44  6.85  6.14  5.62  5.04  4.07  3.34  3.39  3.15  2.41  2.04  1.41  0.55  0.31  0.13  0.07  0.04  0.03  0.03
 8 -70  0.04  0.12  0.21  0.41  0.83  1.25  2.12  4.38  5.81  6.49  6.94  6.17  5.61  4.99  4.31  3.65  3.46  3.13  2.39  2.04  1.44  0.56  0.32  0.13  0.07  0.04  0.03  0.03
 8 -65  0.04  0.12  0.20  0.40  0.80  1.20  2.03  4.16  5.79  6.58  7.20  6.60  5.91  5.15  4.84  4.42  3.92  3.15  2.21  1.88  1.30  0.52  0.34  0.14  0.07  0.04  0.03  0.03
 8 -60  0.04  0.12  0.19  0.39  0.78  1.17  1.97  4.01  5.76  6.69  7.43  7.01  6.21  5.36  5.33  5.16  4.39  3.21  2.04  1.72  1.15  0.48  0.30  0.15  0.07  0.04  0.03  0.03
 8 -55  0.04  0.11  0.19  0.38  0.77  1.16  1.94  3.92  5.75  6.90  7.69  7.53  6.70  5.84  5.62  5.60  4.71  3.25  1.88  1.56  1.00  0.41  0.29  0.15  0.07  0.04  0.03  0.03
 8 -50  0.04  0.12  0.19  0.39  0.78  1.17  1.96  3.96  5.95  7.21  8.07  8.00  7.25  6.26  5.94  6.05  5.08  3.22  1.72  1.41  0.87  0.36  0.28  0.15  0.07  0.04  0.03  0.03
 8 -45  0.04  0.12  0.20  0.39  0.79  1.19  2.00  4.06  6.10  7.35  8.44  8.48  8.00  7.18  6.46  6.13  5.08  3.15  1.67  1.37  0.80  0.34  0.26  0.14  0.07  0.04  0.03  0.03
 8 -40  0.04  0.12  0.19  0.39  0.78  1.18  1.98  4.04  5.91  7.33  8.48  8.70  8.28  7.65  6.66  6.15  5.10  3.08  1.67  1.35  0.78  0.31  0.24  0.12  0.06  0.04  0.03  0.03
 8 -35  0.04  0.11  0.19  0.37  0.75  1.13  1.90  3.87  5.70  6.98  8.30  8.76  8.61  7.99  6.92  6.26  4.93  2.79  1.43  1.14  0.63  0.25  0.19  0.10  0.06  0.04  0.03  0.03
 8 -30  0.04  0.11  0.18  0.36  0.72  1.08  1.81  3.69  5.53  6.82  8.21  8.88  8.81  8.21  7.03  6.32  4.83  2.61  1.18  0.92  0.45  0.19  0.08  0.06  0.05  0.04  0.03  0.03
 8 -25  0.04  0.11  0.18  0.36  0.72  1.08  1.81  3.71  5.51  6.74  8.15  8.93  9.10  8.55  7.27  6.53  4.69  2.26  0.91  0.69  0.31  0.06  0.04  0.04  0.03  0.03  0.03  0.03
 8 -20  0.04  0.11  0.18  0.35  0.71  1.07  1.81  3.71  5.59  6.82  8.27  9.05  9.31  9.13  7.63  6.74  4.52  1.97  0.63  0.46  0.16  0.04  0.03  0.03  0.03  0.03  0.03  0.03
 8 -15  0.03  0.10  0.17  0.34  0.68  1.02  1.72  3.52  5.29  6.71  8.35  9.32  9.60  9.62  8.11  6.92  4.16  1.73  0.58  0.41  0.14  0.03  0.03  0.02  0.02  0.03  0.03  0.03
 8 -10  0.03  0.10  0.16  0.33  0.66  1.00  1.69  3.46  5.12  6.44  8.15  9.40  9.71  9.59  8.32  7.12  3.94  1.53  0.53  0.38  0.12  0.03  0.02  0.02  0.02  0.03  0.03  0.03
 8  -5  0.03  0.10  0.16  0.33  0.66  1.00  1.68  3.46  4.92  6.06  8.02  9.51  9.53  9.49  8.50  7.24  4.10  1.57  0.52  0.38  0.13  0.03  0.02  0.02  0.02  0.02  0.03  0.03
 8   0  0.03  0.09  0.15  0.30  0.61  0.92  1.55  3.17  4.52  5.48  7.43  9.12  9.13  9.24  8.50  7.35  4.26  1.61  0.51  0.37  0.14  0.03  0.02  0.02  0.02  0.02  0.03  0.02
 8   5  0.03  0.09  0.16  0.32  0.64  0.96  1.61  3.30  4.68  5.71  7.52  9.41  9.74  9.61  8.53  7.43  4.47  1.73  0.59  0.42  0.16  0.03  0.02  0.02  0.02  0.02  0.02  0.02
 8  10  0.03  0.09  0.16  0.31  0.63  0.94  1.58  3.22  4.58  5.63  7.43  9.27 10.02  9.96  8.54  7.57  4.76  1.84  0.72  0.52  0.20  0.03  0.02  0.02  0.02  0.02  0.02  0.02
 8  15  0.03  0.10  0.16  0.32  0.64  0.96  1.62  3.30  4.65  5.85  7.64  9.42 10.08  9.95  8.36  7.43  4.80  1.92  0.79  0.58  0.21  0.03  0.02  0.02  0.03  0.03  0.03  0.02
 8  20  0.03  0.10  0.16  0.33  0.66  1.00  1.68  3.44  4.96  6.15  7.84  9.35  9.96  9.59  8.13  7.28  4.74  2.00  0.83  0.59  0.23  0.04  0.03  0.03  0.03  0.03  0.03  0.03
 8  25  0.03  0.10  0.16  0.32  0.65  0.98  1.64  3.35  4.78  6.00  7.91  9.23  9.58  9.35  7.96  7.03  4.66  2.09  0.88  0.63  0.24  0.05  0.04  0.03  0.03  0.04  0.04  0.03
 8  30  0.03  0.10  0.16  0.32  0.65  0.97  1.64  3.33  4.80  5.89  7.74  8.97  9.33  9.08  7.80  6.83  4.58  2.25  0.94  0.70  0.28  0.07  0.04  0.04  0.04  0.04  0.04  0.03
 8  35  0.03  0.10  0.16  0.32  0.65  0.97  1.63  3.32  4.83  5.91  7.71  8.85  9.08  8.83  7.62  6.66  4.52  2.34  1.04  0.79  0.35  0.09  0.05  0.04  0.04  0.04  0.04  0.03
 8  40  0.03  0.09  0.16  0.32  0.63  0.96  1.61  3.27  4.61  5.76  7.44  8.58  8.88  8.57  7.39  6.56  4.56  2.48  1.18  0.93  0.46  0.13  0.07  0.05  0.05  0.04  0.04  0.04
 8  45  0.03  0.09  0.15  0.31  0.62  0.94  1.58  3.22  4.61  5.72  7.31  8.20  8.34  7.95  6.90  6.20  4.48  2.55  1.36  1.11  0.68  0.29  0.11  0.07  0.06  0.05  0.04  0.04
 8  50  0.03  0.09  0.15  0.30  0.60  0.90  1.51  3.08  4.51  5.61  7.08  7.90  7.94  7.48  6.55  5.91  4.37  2.65  1.54  1.28  0.82  0.39  0.25  0.10  0.07  0.05  0.04  0.04
 8  55  0.03  0.08  0.14  0.28  0.56  0.84  1.42  2.88  4.22  5.26  6.70  7.45  7.42  6.89  6.05  5.49  4.11  2.68  1.65  1.39  0.90  0.45  0.29  0.12  0.08  0.05  0.05  0.04
 8  60  0.03  0.08  0.14  0.27  0.55  0.82  1.38  2.81  4.13  5.16  6.57  7.21  7.08  6.42  5.64  5.13  3.83  2.68  1.78  1.49  0.96  0.47  0.32  0.15  0.09  0.06  0.05  0.04
 8  65  0.03  0.08  0.13  0.26  0.53  0.80  1.34  2.72  4.00  5.00  6.33  6.78  6.51  5.78  5.04  4.54  3.46  2.56  1.82  1.55  1.03  0.50  0.36  0.22  0.09  0.06  0.05  0.04
 8  70  0.03  0.08  0.13  0.26  0.51  0.77  1.30  2.63  3.86  4.83  6.09  6.34  5.95  5.15  4.42  3.94  3.09  2.44  1.87  1.61  1.09  0.54  0.40  0.25  0.10  0.06  0.05  0.04
 8  75  0.03  0.08  0.13  0.25  0.51  0.76  1.27  2.58  3.80  4.75  5.84  5.81  5.30  4.48  3.94  3.58  3.00  2.40  1.90  1.65  1.12  0.56  0.41  0.26  0.11  0.06  0.05  0.04
 8  80  0.02  0.07  0.12  0.25  0.50  0.75  1.25  2.53  3.73  4.66  5.60  5.29  4.65  3.82  3.46  3.23  2.94  2.40  1.94  1.69  1.16  0.58  0.42  0.27  0.12  0.06  0.05  0.04
 8  85  0.02  0.07  0.12  0.25  0.50  0.75  1.25  2.52  3.71  4.64  5.57  5.26  4.63  3.81  3.45  3.22  2.94  2.40  1.94  1.69  1.16  0.58  0.42  0.27  0.12  0.06  0.05  0.04
 8  90  0.02  0.07  0.12  0.25  0.50  0.75  1.25  2.52  3.69  4.62  5.54  5.23  4.60  3.79  3.44  3.20  2.93  2.39  1.93  1.69  1.16  0.58  0.42  0.27  0.12  0.06  0.05  0.04
 9 -90  0.04  0.11  0.18  0.37  0.74  1.11  1.88  3.88  5.59  6.43  6.72  5.84  5.29  4.82  4.16  3.57  3.78  3.30  2.43  2.02  1.38  0.56  0.31  0.13  0.06  0.03  0.03  0.03
 9 -85  0.04  0.11  0.18  0.37  0.74  1.11  1.88  3.88  5.59  6.43  6.73  5.85  5.29  4.82  4.16  3.56  3.78  3.30  2.42  2.02  1.38  0.56  0.32  0.13  0.07  0.04  0.03  0.03
 9 -80  0.04  0.11  0.18  0.37  0.74  1.11  1.88  3.87  5.58  6.43  6.73  5.85  5.30  4.81  4.16  3.56  3.78  3.30  2.42  2.02  1.38  0.56  0.33  0.14  0.07  0.04  0.03  0.03
 9 -75  0.04  0.11  0.18  0.36  0.71  1.08  1.82  3.73  5.43  6.32  6.97  6.31  5.64  4.99  4.40  3.83  3.82  3.45  2.56  2.13  1.48  0.60  0.34  0.14  0.07  0.04  0.03  0.03
 9 -70  0.03  0.10  0.17  0.34  0.69  1.04  1.75  3.59  5.24  6.19  7.17  6.79  6.01  5.20  4.64  4.10  3.64  3.43  2.58  2.15  1.52  0.62  0.36  0.15  0.07  0.04  0.03  0.03
 9 -65  0.03  0.10  0.17  0.34  0.68  1.03  1.73  3.51  5.21  6.31  7.42  7.36  6.57  5.70  5.28  4.89  3.93  3.43  2.45  2.06  1.42  0.60  0.31  0.15  0.07  0.04  0.03  0.03
 9 -60  0.03  0.10  0.17  0.34  0.69  1.04  1.74  3.53  5.26  6.43  7.67  7.87  7.14  6.28  5.91  5.68  4.39  3.48  2.30  1.94  1.29  0.57  0.32  0.17  0.08  0.04  0.03  0.03
 9 -55  0.04  0.11  0.18  0.35  0.70  1.06  1.77  3.58  5.33  6.53  7.81  8.21  7.57  6.68  6.11  5.94  4.73  3.42  2.04  1.68  1.04  0.48  0.30  0.17  0.08  0.04  0.03  0.03
 9 -50  0.04  0.11  0.18  0.35  0.71  1.07  1.78  3.59  5.47  6.70  8.02  8.51  7.99  7.00  6.36  6.22  5.17  3.39  1.87  1.49  0.84  0.40  0.27  0.17  0.08  0.04  0.03  0.03
 9 -45  0.04  0.11  0.18  0.36  0.72  1.08  1.81  3.68  5.58  6.81  8.36  8.88  8.51  7.70  6.74  6.30  5.17  3.30  1.80  1.44  0.77  0.37  0.25  0.15  0.08  0.04  0.03  0.03
 9 -40  0.04  0.11  0.18  0.36  0.72  1.08  1.81  3.69  5.44  6.87  8.40  8.99  8.63  7.90  6.85  6.28  5.14  3.20  1.81  1.43  0.76  0.34  0.25  0.13  0.07  0.04  0.04  0.03
 9 -35  0.03  0.10  0.17  0.35  0.70  1.05  1.76  3.57  5.29  6.56  8.22  9.03  8.92  8.26  7.06  6.35  4.97  2.87  1.55  1.20  0.59  0.26  0.20  0.10  0.06  0.04  0.04  0.03
 9 -30  0.03  0.10  0.17  0.33  0.67  1.01  1.69  3.44  5.19  6.44  8.14  9.17  9.14  8.44  7.14  6.36  4.85  2.62  1.26  0.95  0.40  0.17  0.09  0.06  0.05  0.04  0.04  0.03
 9 -25  0.03  0.10  0.17  0.34  0.68  1.02  1.71  3.49  5.20  6.43  8.09  9.16  9.35  8.73  7.35  6.55  4.79  2.32  1.06  0.77  0.30  0.07  0.05  0.04  0.04  0.04  0.04  0.04
 9 -20  0.03  0.10  0.17  0.33  0.67  1.01  1.69  3.46  5.23  6.39  8.09  9.28  9.59  9.25  7.69  6.76  4.69  2.12  0.84  0.59  0.19  0.04  0.03  0.03  0.03  0.03  0.03  0.04
 9 -15  0.03  0.09  0.16  0.32  0.64  0.96  1.61  3.30  4.95  6.29  8.04  9.39  9.85  9.77  8.16  6.92  4.31  1.85  0.71  0.50  0.16  0.03  0.03  0.03  0.03  0.03  0.03  0.03
 9 -10  0.03  0.09  0.15  0.31  0.62  0.93  1.57  3.20  4.73  5.96  7.77  9.36  9.81  9.68  8.35  7.10  4.04  1.59  0.57  0.41  0.13  0.03  0.02  0.02  0.02  0.03  0.03  0.03
 9  -5  0.03  0.09  0.15  0.31  0.62  0.93  1.57  3.22  4.59  5.64  7.66  9.47  9.64  9.57  8.50  7.13  4.16  1.62  0.57  0.41  0.13  0.03  0.02  0.02  0.02  0.03  0.03  0.03
 9   0  0.03  0.09  0.14  0.29  0.58  0.88  1.47  3.00  4.21  5.12  7.00  8.98  9.14  9.25  8.45  7.19  4.27  1.65  0.56  0.40  0.14  0.03  0.02  0.02  0.02  0.03  0.03  0.02
 9   5  0.03  0.09  0.15  0.30  0.61  0.92  1.55  3.16  4.45  5.46  7.25  9.37  9.73  9.64  8.61  7.37  4.46  1.75  0.61  0.43  0.15  0.03  0.02  0.02  0.02  0.02  0.02  0.02
 9  10  0.03  0.09  0.15  0.30  0.61  0.92  1.54  3.15  4.49  5.58  7.30  9.28 10.05 10.07  8.70  7.59  4.71  1.83  0.70  0.50  0.17  0.03  0.02  0.02  0.02  0.02  0.02  0.02
 9  15  0.03  0.09  0.16  0.31  0.63  0.94  1.58  3.23  4.58  5.81  7.52  9.41 10.17 10.13  8.50  7.48  4.73  1.83  0.74  0.53  0.18  0.03  0.02  0.02  0.02  0.03  0.03  0.02
 9  20  0.03  0.10  0.16  0.32  0.65  0.98  1.65  3.36  4.94  6.21  7.85  9.33 10.02  9.75  8.23  7.33  4.67  1.86  0.75  0.53  0.19  0.03  0.03  0.03  0.03  0.03  0.03  0.03
 9  25  0.03  0.09  0.16  0.32  0.63  0.95  1.60  3.26  4.80  6.08  8.00  9.30  9.69  9.45  8.08  7.26  4.67  1.92  0.78  0.55  0.19  0.05  0.03  0.03  0.03  0.03  0.03  0.03
 9  30  0.03  0.10  0.16  0.32  0.64  0.96  1.61  3.28  4.83  6.00  7.84  9.08  9.44  9.10  7.99  7.21  4.67  2.04  0.81  0.59  0.22  0.06  0.04  0.03  0.03  0.04  0.04  0.03
 9  35  0.03  0.10  0.16  0.32  0.65  0.97  1.63  3.31  4.94  6.12  7.90  8.94  9.06  8.76  7.67  6.80  4.52  2.17  0.97  0.72  0.31  0.08  0.05  0.04  0.04  0.04  0.04  0.03
 9  40  0.03  0.10  0.16  0.32  0.65  0.97  1.64  3.33  4.85  6.11  7.82  8.70  8.75  8.34  7.25  6.49  4.50  2.39  1.19  0.92  0.44  0.12  0.07  0.05  0.04  0.04  0.04  0.03
 9  45  0.03  0.10  0.16  0.32  0.65  0.98  1.65  3.37  4.93  6.16  7.64  8.18  8.06  7.58  6.64  6.05  4.40  2.49  1.41  1.13  0.67  0.28  0.10  0.07  0.05  0.04  0.04  0.04
 9  50  0.03  0.10  0.16  0.32  0.65  0.98  1.64  3.35  5.00  6.21  7.50  7.88  7.56  6.96  6.19  5.70  4.30  2.64  1.59  1.30  0.81  0.38  0.23  0.09  0.06  0.05  0.04  0.04
 9  55  0.03  0.09  0.16  0.31  0.62  0.94  1.57  3.20  4.80  6.00  7.18  7.37  6.90  6.27  5.63  5.26  4.10  2.67  1.69  1.40  0.89  0.44  0.27  0.11  0.07  0.05  0.04  0.04
 9  60  0.03  0.09  0.15  0.31  0.62  0.94  1.57  3.19  4.82  6.02  7.12  7.08  6.48  5.74  5.18  4.86  3.85  2.65  1.80  1.49  0.95  0.47  0.29  0.17  0.08  0.05  0.04  0.04
 9  65  0.03  0.09  0.16  0.31  0.63  0.95  1.59  3.22  4.83  5.99  6.85  6.58  5.89  5.13  4.57  4.24  3.49  2.50  1.84  1.55  1.01  0.50  0.31  0.18  0.09  0.05  0.04  0.04
 9  70  0.03  0.09  0.16  0.32  0.64  0.96  1.60  3.26  4.85  5.96  6.58  6.07  5.29  4.52  3.97  3.62  3.12  2.35  1.88  1.61  1.07  0.52  0.34  0.20  0.09  0.05  0.04  0.04
 9  75  0.03  0.10  0.16  0.32  0.64  0.96  1.61  3.27  4.67  5.60  5.87  5.30  4.62  4.00  3.72  3.56  3.03  2.30  1.87  1.60  1.06  0.52  0.34  0.21  0.10  0.05  0.04  0.04
 9  80  0.03  0.10  0.16  0.32  0.64  0.97  1.62  3.28  4.48  5.22  5.15  4.53  3.95  3.47  3.47  3.51  2.96  2.29  1.87  1.60  1.07  0.52  0.34  0.22  0.10  0.05  0.04  0.04
 9  85  0.03  0.10  0.16  0.32  0.64  0.96  1.62  3.27  4.47  5.20  5.12  4.50  3.93  3.46  3.46  3.50  2.96  2.29  1.87  1.60  1.07  0.52  0.34  0.22  0.10  0.05  0.04  0.04
 9  90  0.03  0.10  0.16  0.32  0.64  0.96  1.61  3.26  4.45  5.18  5.09  4.48  3.91  3.45  3.45  3.49  2.95  2.29  1.87  1.60  1.07  0.52  0.34  0.22  0.10  0.06  0.04  0.04
10 -90  0.03  0.09  0.14  0.29  0.58  0.88  1.47  3.00  4.43  5.49  6.81  7.00  6.25  5.41  4.96  4.67  4.30  3.46  2.36  1.97  1.37  0.60  0.36  0.15  0.07  0.04  0.03  0.03
10 -85  0.03  0.09  0.14  0.29  0.58  0.88  1.47  3.00  4.43  5.49  6.82  7.01  6.26  5.41  4.96  4.67  4.30  3.46  2.36  1.96  1.37  0.60  0.37  0.15  0.07  0.04  0.03  0.03
10 -80  0.03  0.09  0.14  0.29  0.58  0.88  1.47  2.99  4.42  5.49  6.83  7.02  6.26  5.41  4.96  4.66  4.30  3.46  2.36  1.96  1.37  0.60  0.38  0.15  0.07  0.04  0.03  0.03
10 -75  0.03  0.09  0.15  0.29  0.58  0.88  1.47  2.99  4.41  5.50  6.89  7.31  6.66  5.83  5.41  5.26  4.48  3.81  2.62  2.16  1.50  0.66  0.30  0.16  0.08  0.04  0.03  0.03
10 -70  0.03  0.09  0.15  0.29  0.58  0.88  1.47  2.99  4.40  5.49  6.93  7.60  7.08  6.27  5.83  5.79  4.56  3.89  2.70  2.24  1.55  0.69  0.33  0.17  0.08  0.04  0.03  0.03
10 -65  0.03  0.09  0.15  0.30  0.60  0.91  1.52  3.07  4.53  5.67  7.18  7.95  7.53  6.72  6.35  6.34  4.78  3.84  2.60  2.16  1.44  0.65  0.34  0.18  0.09  0.04  0.03  0.03
10 -60  0.03  0.09  0.15  0.31  0.62  0.93  1.56  3.16  4.69  5.87  7.44  8.29  7.97  7.15  6.88  6.92  5.23  3.87  2.47  2.04  1.29  0.59  0.33  0.19  0.09  0.04  0.03  0.03
10 -55  0.03  0.09  0.16  0.32  0.63  0.95  1.59  3.21  4.79  5.97  7.58  8.49  8.23  7.38  6.82  6.66  5.21  3.56  2.14  1.75  1.05  0.48  0.30  0.19  0.09  0.04  0.03  0.03
10 -50  0.03  0.09  0.16  0.32  0.63  0.95  1.59  3.21  4.85  6.06  7.75  8.71  8.46  7.52  6.75  6.44  5.29  3.45  1.97  1.57  0.88  0.38  0.26  0.19  0.09  0.04  0.03  0.03
10 -45  0.03  0.09  0.16  0.31  0.63  0.94  1.58  3.20  4.92  6.11  8.01  9.07  8.89  8.11  7.16  6.75  5.52  3.52  1.97  1.58  0.86  0.36  0.24  0.15  0.08  0.04  0.04  0.03
10 -40  0.03  0.09  0.16  0.31  0.63  0.95  1.59  3.22  4.86  6.20  8.10  9.21  9.00  8.18  7.40  6.99  5.68  3.58  2.07  1.64  0.89  0.35  0.25  0.12  0.07  0.04  0.04  0.03
10 -35  0.03  0.09  0.16  0.31  0.62  0.94  1.57  3.18  4.72  5.92  7.88  9.18  9.22  8.58  7.54  6.98  5.35  3.06  1.62  1.26  0.63  0.25  0.16  0.09  0.06  0.04  0.04  0.03
10 -30  0.03  0.09  0.15  0.31  0.61  0.92  1.54  3.12  4.70  5.85  7.80  9.31  9.46  8.74  7.57  6.90  5.04  2.59  1.16  0.87  0.37  0.14  0.09  0.06  0.05  0.04  0.04  0.04
10 -25  0.03  0.09  0.16  0.31  0.63  0.94  1.58  3.22  4.76  5.93  7.79  9.25  9.55  8.95  7.66  6.92  4.79  2.16  0.98  0.71  0.27  0.07  0.05  0.04  0.04  0.04  0.04  0.04
10 -20  0.03  0.09  0.15  0.31  0.62  0.93  1.57  3.19  4.78  5.84  7.70  9.33  9.79  9.38  7.89  6.97  4.53  1.86  0.77  0.54  0.16  0.05  0.03  0.03  0.03  0.04  0.04  0.04
10 -15  0.03  0.09  0.15  0.30  0.60  0.90  1.51  3.07  4.58  5.77  7.56  9.29  9.98  9.83  8.27  7.11  4.25  1.74  0.68  0.46  0.13  0.04  0.03  0.03  0.03  0.03  0.04  0.04
10 -10  0.03  0.09  0.14  0.29  0.58  0.87  1.46  2.96  4.34  5.46  7.29  9.13  9.74  9.64  8.40  7.27  4.07  1.62  0.57  0.39  0.11  0.03  0.03  0.03  0.03  0.03  0.03  0.03
10  -5  0.03  0.09  0.14  0.29  0.58  0.87  1.47  2.99  4.29  5.27  7.28  9.21  9.57  9.51  8.53  7.29  4.17  1.64  0.55  0.37  0.11  0.03  0.02  0.02  0.02  0.03  0.03  0.03
10   0  0.03  0.08  0.14  0.28  0.57  0.86  1.44  2.92  4.01  4.91  6.68  8.74  9.09  9.16  8.47  7.37  4.24  1.67  0.51  0.35  0.11  0.03  0.02  0.02  0.02  0.02  0.02  0.02
10   5  0.03  0.09  0.15  0.30  0.59  0.89  1.50  3.06  4.29  5.28  7.03  9.14  9.51  9.49  8.60  7.41  4.40  1.74  0.58  0.40  0.13  0.03  0.02  0.02  0.02  0.02  0.02  0.02
10  10  0.03  0.09  0.15  0.30  0.60  0.90  1.51  3.08  4.43  5.52  7.14  9.02  9.74  9.88  8.63  7.48  4.59  1.80  0.67  0.47  0.15  0.03  0.02  0.02  0.02  0.02  0.02  0.02
10  15  0.03  0.09  0.15  0.30  0.61  0.92  1.55  3.15  4.53  5.72  7.29  9.10  9.87  9.97  8.38  7.32  4.57  1.76  0.71  0.50  0.16  0.03  0.02  0.02  0.02  0.03  0.03  0.03
10  20  0.03  0.09  0.16  0.32  0.64  0.96  1.61  3.29  4.88  6.15  7.64  9.01  9.74  9.64  8.05  7.11  4.51  1.80  0.71  0.50  0.17  0.03  0.03  0.02  0.03  0.03  0.03  0.03
10  25  0.03  0.09  0.15  0.31  0.62  0.94  1.57  3.19  4.82  6.13  7.89  9.08  9.51  9.27  7.84  7.08  4.54  1.86  0.74  0.53  0.18  0.04  0.03  0.03  0.03  0.03  0.03  0.03
10  30  0.03  0.10  0.16  0.32  0.64  0.97  1.62  3.30  4.90  6.16  7.82  8.94  9.28  8.85  7.77  7.07  4.58  1.96  0.76  0.55  0.21  0.06  0.04  0.03  0.03  0.03  0.03  0.03
10  35  0.03  0.10  0.16  0.33  0.66  1.00  1.67  3.40  5.16  6.46  8.05  8.78  8.73  8.35  7.36  6.61  4.45  2.07  0.93  0.69  0.32  0.09  0.05  0.04  0.04  0.03  0.03  0.03
10  40  0.03  0.10  0.17  0.34  0.68  1.02  1.72  3.50  5.29  6.65  8.16  8.59  8.25  7.69  6.82  6.25  4.44  2.30  1.19  0.92  0.47  0.22  0.07  0.05  0.04  0.04  0.03  0.03
10  45  0.04  0.11  0.18  0.36  0.71  1.08  1.81  3.69  5.45  6.78  7.94  7.93  7.48  6.95  6.26  5.86  4.42  2.50  1.45  1.17  0.70  0.31  0.17  0.07  0.05  0.04  0.04  0.03
10  50  0.04  0.11  0.18  0.37  0.73  1.10  1.86  3.79  5.75  6.97  7.84  7.60  6.93  6.25  5.80  5.55  4.44  2.75  1.67  1.35  0.85  0.38  0.21  0.09  0.06  0.04  0.04  0.03
10  55  0.04  0.11  0.18  0.37  0.74  1.11  1.86  3.78  5.69  6.79  7.39  6.96  6.25  5.66  5.36  5.27  4.37  2.78  1.74  1.42  0.91  0.45  0.25  0.15  0.07  0.04  0.04  0.04
10  60  0.04  0.11  0.19  0.38  0.76  1.14  1.91  3.88  5.78  6.83  7.22  6.60  5.82  5.24  5.04  5.00  4.23  2.74  1.82  1.49  0.96  0.47  0.27  0.16  0.08  0.05  0.04  0.04
10  65  0.04  0.12  0.19  0.39  0.77  1.16  1.95  3.97  5.72  6.60  6.76  6.05  5.30  4.78  4.62  4.57  3.89  2.63  1.90  1.58  1.05  0.49  0.28  0.17  0.08  0.05  0.04  0.03
10  70  0.04  0.12  0.20  0.39  0.79  1.18  1.99  4.04  5.65  6.37  6.30  5.47  4.78  4.32  4.21  4.14  3.54  2.52  1.99  1.68  1.14  0.51  0.29  0.18  0.08  0.05  0.04  0.03
10  75  0.04  0.12  0.19  0.39  0.78  1.18  1.97  4.02  5.28  5.72  5.52  4.82  4.27  3.94  3.86  3.79  3.35  2.49  2.03  1.71  1.17  0.52  0.29  0.18  0.09  0.05  0.04  0.03
10  80  0.04  0.12  0.19  0.39  0.78  1.17  1.96  3.99  4.90  5.07  4.74  4.16  3.77  3.56  3.52  3.46  3.19  2.51  2.07  1.76  1.22  0.54  0.30  0.19  0.09  0.05  0.04  0.03
10  85  0.04  0.12  0.19  0.39  0.78  1.17  1.96  3.98  4.88  5.04  4.72  4.14  3.75  3.55  3.51  3.45  3.18  2.50  2.07  1.76  1.22  0.54  0.30  0.19  0.11  0.05  0.04  0.03
10  90  0.04  0.12  0.19  0.39  0.78  1.17  1.96  3.97  4.87  5.02  4.69  4.11  3.73  3.54  3.50  3.44  3.17  2.50  2.07  1.76  1.22  0.54  0.30  0.19  0.11  0.05  0.04  0.03
11 -90  0.02  0.07  0.12  0.25  0.50  0.75  1.26  2.56  3.66  4.55  6.28  7.28  7.12  6.40  5.95  6.04  5.15  3.91  2.74  2.27  1.52  0.65  0.31  0.16  0.09  0.04  0.03  0.02
11 -85  0.02  0.07  0.12  0.25  0.50  0.75  1.26  2.56  3.66  4.55  6.29  7.28  7.13  6.39  5.95  6.04  5.15  3.91  2.74  2.27  1.52  0.65  0.31  0.20  0.09  0.04  0.03  0.02
11 -80  0.02  0.07  0.12  0.25  0.50  0.75  1.26  2.55  3.65  4.56  6.30  7.29  7.13  6.39  5.95  6.03  5.15  3.92  2.73  2.26  1.52  0.65  0.31  0.16  0.09  0.04  0.03  0.03
11 -75  0.03  0.08  0.13  0.25  0.51  0.76  1.28  2.58  3.71  4.64  6.33  7.40  7.31  6.56  6.26  6.42  5.39  4.07  2.86  2.37  1.59  0.69  0.32  0.17  0.09  0.04  0.03  0.03
11 -70  0.03  0.08  0.13  0.26  0.51  0.77  1.29  2.60  3.76  4.71  6.36  7.51  7.49  6.74  6.57  6.77  5.57  4.06  2.83  2.36  1.59  0.72  0.34  0.18  0.09  0.04  0.03  0.03
11 -65  0.03  0.08  0.13  0.26  0.53  0.79  1.33  2.68  3.90  4.88  6.58  7.77  7.78  7.00  6.81  6.92  5.55  3.86  2.63  2.17  1.41  0.66  0.34  0.19  0.10  0.04  0.03  0.03
11 -60  0.03  0.08  0.14  0.27  0.55  0.82  1.37  2.77  4.04  5.07  6.81  8.03  8.06  7.27  7.06  7.10  5.55  3.69  2.39  1.97  1.22  0.59  0.33  0.20  0.10  0.04  0.03  0.03
11 -55  0.03  0.08  0.14  0.28  0.56  0.85  1.42  2.86  4.18  5.22  6.98  8.27  8.35  7.59  6.98  6.71  5.27  3.39  2.03  1.65  0.95  0.47  0.29  0.19  0.10  0.05  0.03  0.03
11 -50  0.03  0.08  0.14  0.28  0.57  0.85  1.43  2.87  4.22  5.29  7.10  8.53  8.63  7.80  6.84  6.33  5.11  3.25  1.81  1.43  0.76  0.35  0.24  0.18  0.09  0.05  0.03  0.03
11 -45  0.03  0.08  0.14  0.28  0.56  0.84  1.40  2.84  4.24  5.28  7.26  8.89  9.02  8.34  7.16  6.57  5.30  3.29  1.81  1.42  0.74  0.31  0.22  0.14  0.08  0.04  0.03  0.03
11 -40  0.03  0.08  0.14  0.28  0.55  0.83  1.40  2.82  4.28  5.41  7.42  9.09  9.23  8.46  7.41  6.76  5.38  3.31  1.90  1.49  0.77  0.31  0.22  0.10  0.06  0.04  0.04  0.03
11 -35  0.03  0.08  0.14  0.28  0.56  0.85  1.42  2.87  4.15  5.19  7.24  9.03  9.36  8.88  7.58  6.84  5.05  2.84  1.47  1.12  0.54  0.23  0.13  0.08  0.05  0.04  0.04  0.03
11 -30  0.03  0.08  0.14  0.28  0.57  0.85  1.42  2.87  4.22  5.23  7.24  9.17  9.59  9.04  7.70  6.89  4.73  2.37  1.02  0.75  0.30  0.14  0.08  0.06  0.05  0.04  0.04  0.03
11 -25  0.03  0.09  0.15  0.29  0.58  0.88  1.47  2.99  4.35  5.43  7.40  9.17  9.61  9.13  7.69  6.83  4.54  2.06  0.90  0.63  0.23  0.08  0.05  0.04  0.04  0.04  0.04  0.04
11 -20  0.03  0.09  0.14  0.29  0.58  0.87  1.46  2.96  4.40  5.42  7.37  9.28  9.85  9.43  7.83  6.81  4.36  1.88  0.74  0.51  0.14  0.05  0.04  0.03  0.03  0.04  0.04  0.03
11 -15  0.03  0.09  0.14  0.28  0.57  0.86  1.44  2.91  4.33  5.40  7.21  9.22 10.05  9.78  8.11  6.94  4.16  1.76  0.66  0.45  0.13  0.04  0.03  0.03  0.03  0.03  0.03  0.03
11 -10  0.03  0.08  0.14  0.28  0.56  0.83  1.40  2.82  4.13  5.20  7.02  9.00  9.68  9.58  8.19  7.11  4.04  1.63  0.57  0.39  0.12  0.03  0.03  0.03  0.03  0.03  0.03  0.03
11  -5  0.03  0.08  0.14  0.28  0.56  0.84  1.41  2.87  4.18  5.17  7.17  9.04  9.50  9.40  8.23  7.08  4.07  1.59  0.55  0.37  0.12  0.03  0.03  0.02  0.02  0.03  0.03  0.02
11   0  0.03  0.09  0.14  0.29  0.58  0.87  1.46  2.97  4.07  5.03  6.77  8.71  9.16  9.07  8.15  7.12  4.05  1.55  0.51  0.35  0.12  0.03  0.02  0.02  0.02  0.03  0.02  0.02
11   5  0.03  0.09  0.15  0.30  0.59  0.89  1.50  3.05  4.33  5.32  7.09  8.97  9.28  9.30  8.31  7.14  4.22  1.61  0.55  0.37  0.12  0.03  0.02  0.02  0.02  0.03  0.02  0.02
11  10  0.03  0.09  0.15  0.30  0.60  0.90  1.51  3.07  4.46  5.54  7.10  8.75  9.33  9.53  8.35  7.20  4.40  1.67  0.60  0.41  0.13  0.03  0.02  0.02  0.02  0.03  0.03  0.02
11  15  0.03  0.09  0.15  0.30  0.61  0.91  1.54  3.12  4.58  5.75  7.18  8.72  9.35  9.52  8.05  7.03  4.30  1.62  0.63  0.44  0.15  0.03  0.03  0.02  0.03  0.03  0.03  0.03
11  20  0.03  0.09  0.16  0.31  0.63  0.95  1.60  3.26  4.91  6.20  7.52  8.60  9.22  9.21  7.70  6.81  4.23  1.67  0.62  0.45  0.16  0.03  0.03  0.03  0.03  0.03  0.03  0.03
11  25  0.03  0.09  0.16  0.31  0.63  0.94  1.58  3.21  4.97  6.29  7.80  8.71  9.02  8.72  7.39  6.77  4.30  1.82  0.71  0.52  0.19  0.04  0.03  0.03  0.03  0.03  0.03  0.03
11  30  0.03  0.10  0.16  0.33  0.66  1.00  1.67  3.41  5.13  6.47  7.84  8.62  8.81  8.28  7.30  6.73  4.40  1.95  0.76  0.56  0.23  0.07  0.04  0.03  0.03  0.03  0.03  0.03
11  35  0.03  0.10  0.17  0.35  0.70  1.06  1.78  3.62  5.50  6.90  8.14  8.45  8.24  7.83  7.02  6.44  4.52  2.14  0.96  0.73  0.36  0.16  0.06  0.04  0.04  0.03  0.03  0.03
11  40  0.04  0.11  0.18  0.37  0.74  1.11  1.87  3.80  5.80  7.25  8.34  8.29  7.72  7.13  6.56  6.23  4.74  2.47  1.28  0.98  0.50  0.22  0.09  0.06  0.04  0.04  0.03  0.03
11  45  0.04  0.12  0.19  0.39  0.78  1.18  1.98  4.03  5.97  7.33  8.01  7.60  6.98  6.52  6.16  5.98  4.77  2.69  1.56  1.25  0.75  0.34  0.20  0.08  0.06  0.04  0.04  0.03
11  50  0.04  0.12  0.20  0.41  0.82  1.24  2.09  4.26  6.34  7.48  7.86  7.20  6.41  5.81  5.78  5.78  4.87  2.94  1.78  1.45  0.92  0.44  0.25  0.15  0.07  0.04  0.04  0.03
11  55  0.04  0.12  0.21  0.41  0.83  1.25  2.10  4.29  6.21  7.08  7.24  6.48  5.81  5.40  5.49  5.61  4.76  2.98  1.85  1.52  1.03  0.50  0.27  0.16  0.07  0.04  0.04  0.04
11  60  0.04  0.13  0.21  0.42  0.84  1.26  2.12  4.31  6.13  6.94  6.88  6.05  5.44  5.13  5.28  5.42  4.58  2.96  1.93  1.62  1.14  0.53  0.28  0.17  0.08  0.04  0.04  0.04
11  65  0.04  0.12  0.20  0.41  0.81  1.23  2.06  4.19  5.92  6.64  6.58  5.79  5.27  5.02  5.04  5.06  4.41  2.95  2.09  1.78  1.30  0.59  0.30  0.18  0.08  0.05  0.04  0.03
11  70  0.04  0.12  0.20  0.40  0.80  1.21  2.03  4.15  5.70  6.33  6.28  5.54  5.11  4.91  4.81  4.70  4.23  2.95  2.25  1.94  1.45  0.65  0.32  0.19  0.08  0.05  0.04  0.03
11  75  0.04  0.12  0.20  0.40  0.80  1.20  2.02  4.13  5.43  5.94  5.80  4.82  4.28  4.08  4.00  3.89  3.65  2.83  2.17  1.87  1.38  0.60  0.29  0.17  0.09  0.05  0.04  0.03
11  80  0.04  0.12  0.20  0.39  0.79  1.19  2.00  4.09  5.16  5.55  5.31  4.11  3.45  3.24  3.18  3.08  3.09  2.75  2.10  1.80  1.32  0.56  0.26  0.15  0.09  0.05  0.04  0.03
11  85  0.04  0.12  0.20  0.39  0.79  1.18  1.99  4.08  5.14  5.53  5.28  4.08  3.44  3.23  3.17  3.08  3.08  2.74  2.10  1.80  1.32  0.56  0.26  0.15  0.09  0.05  0.04  0.03
11  90  0.04  0.12  0.20  0.39  0.79  1.18  1.99  4.07  5.13  5.51  5.26  4.06  3.42  3.22  3.17  3.07  3.07  2.74  2.10  1.80  1.32  0.56  0.26  0.15  0.09  0.05  0.04  0.03
12 -90  0.02  0.07  0.11  0.22  0.45  0.67  1.13  2.29  3.28  4.07  5.77  6.97  6.86  6.05  5.61  5.40  4.98  3.61  2.56  2.14  1.37  0.64  0.33  0.18  0.08  0.05  0.03  0.02
12 -85  0.02  0.07  0.11  0.22  0.45  0.67  1.13  2.28  3.28  4.08  5.78  6.97  6.87  6.05  5.61  5.40  4.99  3.62  2.56  2.13  1.37  0.64  0.33  0.18  0.08  0.05  0.03  0.02
12 -80  0.02  0.07  0.11  0.22  0.45  0.67  1.12  2.28  3.27  4.08  5.78  6.98  6.87  6.04  5.60  5.40  4.99  3.62  2.56  2.13  1.37  0.64  0.33  0.18  0.08  0.05  0.03  0.02
12 -75  0.02  0.07  0.11  0.23  0.46  0.69  1.15  2.34  3.35  4.16  5.83  7.07  7.03  6.22  5.78  5.57  5.11  3.61  2.54  2.13  1.37  0.65  0.33  0.18  0.11  0.04  0.03  0.02
12 -70  0.02  0.07  0.12  0.23  0.47  0.71  1.18  2.39  3.43  4.25  5.87  7.16  7.19  6.39  5.95  5.74  5.20  3.57  2.46  2.06  1.33  0.63  0.34  0.18  0.11  0.04  0.03  0.03
12 -65  0.02  0.07  0.12  0.24  0.49  0.73  1.23  2.48  3.55  4.41  6.06  7.44  7.55  6.81  6.31  6.05  5.21  3.44  2.25  1.88  1.18  0.56  0.33  0.18  0.11  0.04  0.03  0.03
12 -60  0.03  0.08  0.13  0.25  0.51  0.76  1.28  2.58  3.69  4.57  6.26  7.71  7.92  7.22  6.67  6.36  5.23  3.32  2.04  1.69  1.03  0.49  0.31  0.19  0.11  0.05  0.03  0.03
12 -55  0.03  0.08  0.13  0.27  0.53  0.80  1.34  2.70  3.86  4.79  6.49  8.01  8.32  7.73  6.97  6.50  5.07  3.08  1.75  1.43  0.82  0.41  0.27  0.19  0.11  0.05  0.03  0.03
12 -50  0.03  0.08  0.13  0.27  0.54  0.81  1.35  2.73  3.93  4.91  6.65  8.31  8.72  8.14  7.21  6.63  5.00  2.90  1.52  1.21  0.64  0.32  0.22  0.18  0.10  0.05  0.03  0.03
12 -45  0.03  0.08  0.13  0.27  0.53  0.80  1.35  2.72  3.94  4.87  6.75  8.66  9.10  8.65  7.25  6.44  4.91  2.80  1.47  1.16  0.60  0.27  0.18  0.13  0.08  0.04  0.03  0.03
12 -40  0.03  0.08  0.13  0.27  0.53  0.80  1.33  2.69  4.03  5.04  7.01  8.95  9.40  8.85  7.31  6.24  4.71  2.69  1.50  1.18  0.60  0.24  0.16  0.09  0.06  0.04  0.03  0.03
12 -35  0.03  0.08  0.14  0.27  0.55  0.82  1.37  2.77  3.91  4.88  6.90  8.91  9.43  9.16  7.63  6.70  4.63  2.41  1.19  0.90  0.42  0.19  0.10  0.06  0.05  0.04  0.04  0.03
12 -30  0.03  0.08  0.14  0.28  0.55  0.83  1.38  2.79  4.04  5.00  7.01  9.09  9.62  9.22  7.95  7.16  4.55  2.11  0.87  0.63  0.25  0.12  0.07  0.05  0.04  0.04  0.04  0.03
12 -25  0.03  0.09  0.14  0.28  0.57  0.86  1.44  2.91  4.19  5.27  7.33  9.20  9.64  9.21  7.87  7.05  4.41  1.90  0.78  0.54  0.19  0.07  0.05  0.04  0.04  0.04  0.04  0.03
12 -20  0.03  0.08  0.14  0.28  0.56  0.85  1.42  2.86  4.28  5.35  7.39  9.38  9.91  9.41  7.94  6.99  4.30  1.77  0.66  0.44  0.12  0.05  0.04  0.03  0.03  0.04  0.04  0.03
12 -15  0.03  0.08  0.14  0.28  0.56  0.85  1.42  2.87  4.33  5.35  7.25  9.38 10.15  9.67  8.07  7.02  4.16  1.70  0.60  0.40  0.11  0.04  0.03  0.03  0.03  0.03  0.03  0.03
12 -10  0.03  0.08  0.14  0.28  0.56  0.83  1.39  2.81  4.17  5.28  7.16  9.17  9.78  9.55  8.07  7.09  4.08  1.59  0.52  0.35  0.11  0.03  0.03  0.03  0.03  0.03  0.03  0.03
12  -5  0.03  0.08  0.14  0.28  0.56  0.84  1.41  2.84  4.29  5.38  7.45  9.15  9.61  9.38  7.90  6.78  3.98  1.54  0.50  0.34  0.13  0.03  0.02  0.02  0.02  0.03  0.03  0.02
12   0  0.03  0.09  0.15  0.30  0.60  0.90  1.51  3.07  4.37  5.46  7.28  9.06  9.53  9.20  7.68  6.52  3.80  1.45  0.46  0.32  0.13  0.03  0.02  0.02  0.02  0.03  0.03  0.02
12   5  0.03  0.09  0.15  0.30  0.60  0.91  1.52  3.10  4.58  5.63  7.53  9.08  9.28  9.21  7.88  6.68  4.02  1.53  0.51  0.34  0.12  0.03  0.02  0.02  0.02  0.03  0.03  0.02
12  10  0.03  0.09  0.15  0.30  0.61  0.92  1.54  3.12  4.62  5.79  7.38  8.70  9.02  9.11  7.98  6.90  4.25  1.64  0.57  0.38  0.13  0.03  0.03  0.03  0.03  0.03  0.03  0.03
12  15  0.03  0.09  0.15  0.31  0.61  0.92  1.55  3.14  4.72  5.94  7.33  8.54  8.90  8.98  7.62  6.69  4.12  1.64  0.61  0.42  0.14  0.03  0.03  0.03  0.03  0.03  0.03  0.03
12  20  0.03  0.09  0.16  0.32  0.63  0.95  1.60  3.26  4.96  6.30  7.58  8.39  8.79  8.70  7.26  6.45  4.10  1.73  0.63  0.46  0.16  0.04  0.03  0.03  0.03  0.03  0.03  0.03
12  25  0.03  0.09  0.15  0.31  0.62  0.94  1.57  3.18  5.01  6.28  7.68  8.43  8.59  8.16  7.04  6.59  4.29  1.98  0.78  0.58  0.22  0.05  0.04  0.03  0.03  0.03  0.03  0.03
12  30  0.03  0.10  0.16  0.33  0.66  0.99  1.66  3.38  5.09  6.43  7.67  8.29  8.40  7.77  7.07  6.73  4.54  2.14  0.87  0.65  0.27  0.08  0.05  0.04  0.04  0.03  0.03  0.03
12  35  0.03  0.10  0.17  0.35  0.70  1.05  1.76  3.58  5.42  6.77  7.91  8.13  7.90  7.46  7.00  6.67  4.81  2.35  1.08  0.84  0.44  0.20  0.08  0.05  0.04  0.04  0.03  0.03
12  40  0.04  0.11  0.18  0.37  0.73  1.11  1.86  3.79  5.67  7.03  8.04  7.98  7.45  6.85  6.68  6.64  5.15  2.68  1.43  1.10  0.63  0.29  0.16  0.08  0.05  0.04  0.03  0.03
12  45  0.04  0.11  0.19  0.38  0.77  1.16  1.95  3.99  5.76  7.03  7.72  7.39  6.84  6.49  6.35  6.28  5.10  3.04  1.70  1.38  0.87  0.41  0.24  0.15  0.07  0.04  0.04  0.03
12  50  0.04  0.12  0.20  0.41  0.82  1.23  2.06  4.21  6.13  7.16  7.52  6.96  6.31  5.87  5.95  5.98  5.11  3.38  1.96  1.60  1.04  0.51  0.28  0.19  0.07  0.04  0.04  0.04
12  55  0.04  0.12  0.20  0.41  0.82  1.23  2.07  4.22  5.98  6.72  6.95  6.36  5.90  5.66  5.74  5.79  4.95  3.40  2.08  1.72  1.19  0.58  0.31  0.20  0.08  0.04  0.04  0.04
12  60  0.04  0.12  0.20  0.40  0.81  1.22  2.05  4.18  5.86  6.51  6.61  6.01  5.68  5.58  5.57  5.57  4.72  3.35  2.22  1.86  1.33  0.64  0.32  0.20  0.08  0.05  0.04  0.04
12  65  0.04  0.12  0.21  0.42  0.84  1.26  2.13  4.36  5.83  6.47  6.56  5.88  5.54  5.45  5.34  5.25  4.56  3.24  2.27  1.92  1.40  0.65  0.30  0.18  0.08  0.05  0.04  0.04
12  70  0.04  0.13  0.21  0.43  0.86  1.30  2.19  4.50  5.78  6.40  6.47  5.76  5.40  5.32  5.10  4.92  4.42  3.14  2.33  1.99  1.47  0.67  0.29  0.16  0.09  0.05  0.04  0.04
12  75  0.04  0.12  0.21  0.41  0.83  1.26  2.12  4.38  5.54  6.16  6.20  5.33  4.90  4.82  4.63  4.46  4.20  3.14  2.34  2.01  1.47  0.65  0.30  0.17  0.09  0.05  0.04  0.04
12  80  0.04  0.12  0.20  0.40  0.80  1.20  2.04  4.22  5.32  5.91  5.93  4.91  4.40  4.29  4.15  4.01  3.98  3.16  2.35  2.02  1.48  0.65  0.32  0.19  0.10  0.05  0.04  0.04
12  85  0.04  0.12  0.20  0.40  0.80  1.20  2.04  4.21  5.30  5.89  5.91  4.88  4.39  4.28  4.15  4.00  3.98  3.15  2.35  2.02  1.48  0.65  0.32  0.19  0.10  0.05  0.04  0.03
12  90  0.04  0.12  0.20  0.40  0.80  1.20  2.03  4.20  5.29  5.87  5.88  4.86  4.37  4.27  4.14  3.99  3.97  3.15  2.35  2.02  1.48  0.65  0.32  0.19  0.10  0.05  0.04  0.03
