     0.010
     0.030
     0.050
     0.100
     0.200
     0.300
     0.500
     1.000
     1.500
     2.000
     3.000
     5.000
     7.000
    10.000
    15.000
    20.000
    30.000
    50.000
    70.000
    80.000
   100.000
   150.000
   200.000
   250.000
   300.000
   400.000
   500.000
   600.000
 1 -90  0.02  0.07  0.11  0.22  0.45  0.68  1.13  2.29  3.31  4.10  5.75  6.69  6.40  5.48  4.61  3.99  3.41  2.81  2.23  1.89  1.27  0.64  0.34  0.19  0.08  0.06  0.03  0.02
 1 -85  0.02  0.07  0.11  0.22  0.45  0.68  1.13  2.28  3.30  4.10  5.77  6.70  6.41  5.47  4.60  3.99  3.42  2.82  2.22  1.89  1.27  0.64  0.34  0.19  0.09  0.06  0.03  0.02
 1 -80  0.02  0.07  0.11  0.22  0.45  0.68  1.13  2.27  3.28  4.10  5.79  6.72  6.42  5.46  4.59  3.98  3.42  2.82  2.22  1.88  1.27  0.64  0.34  0.19  0.09  0.05  0.03  0.02
 1 -75  0.02  0.07  0.12  0.23  0.46  0.69  1.16  2.33  3.35  4.19  5.82  6.85  6.67  5.74  4.92  4.35  3.71  2.89  2.20  1.85  1.25  0.64  0.34  0.19  0.08  0.05  0.03  0.02
 1 -70  0.02  0.07  0.12  0.24  0.47  0.71  1.19  2.38  3.42  4.27  5.85  6.99  6.91  6.01  5.26  4.73  4.03  2.97  2.16  1.81  1.21  0.62  0.34  0.19  0.08  0.05  0.03  0.03
 1 -65  0.02  0.07  0.12  0.25  0.49  0.74  1.23  2.46  3.54  4.41  6.04  7.32  7.38  6.57  5.86  5.37  4.30  2.98  2.01  1.68  1.09  0.55  0.33  0.19  0.12  0.05  0.03  0.03
 1 -60  0.03  0.08  0.13  0.26  0.51  0.77  1.28  2.56  3.66  4.57  6.23  7.64  7.85  7.12  6.47  6.01  4.57  2.99  1.87  1.54  0.99  0.48  0.31  0.20  0.12  0.05  0.04  0.03
 1 -55  0.03  0.08  0.14  0.27  0.54  0.82  1.36  2.72  3.88  4.83  6.49  7.95  8.26  7.72  6.90  6.30  4.49  2.77  1.57  1.29  0.78  0.36  0.25  0.18  0.12  0.05  0.04  0.03
 1 -50  0.03  0.08  0.14  0.28  0.55  0.83  1.38  2.77  3.96  4.96  6.66  8.25  8.70  8.22  7.26  6.58  4.44  2.57  1.28  1.02  0.57  0.24  0.18  0.17  0.10  0.05  0.04  0.03
 1 -45  0.03  0.08  0.14  0.27  0.55  0.83  1.38  2.80  4.00  4.95  6.75  8.58  9.08  8.71  7.47  6.67  4.54  2.57  1.26  0.98  0.53  0.19  0.15  0.12  0.07  0.04  0.04  0.03
 1 -40  0.03  0.08  0.14  0.27  0.55  0.82  1.38  2.79  4.13  5.14  7.06  8.95  9.48  9.04  7.71  6.72  4.55  2.60  1.29  1.01  0.52  0.18  0.13  0.08  0.05  0.04  0.04  0.03
 1 -35  0.03  0.08  0.14  0.28  0.56  0.84  1.41  2.85  4.00  5.01  6.99  9.01  9.55  9.31  7.84  6.87  4.50  2.35  1.04  0.78  0.37  0.16  0.09  0.06  0.05  0.04  0.04  0.03
 1 -30  0.03  0.08  0.14  0.28  0.57  0.85  1.42  2.87  4.13  5.14  7.16  9.23  9.78  9.39  8.01  7.05  4.46  2.06  0.79  0.57  0.24  0.10  0.06  0.05  0.04  0.04  0.04  0.03
 1 -25  0.03  0.09  0.14  0.29  0.58  0.86  1.45  2.93  4.21  5.33  7.48  9.42  9.88  9.46  7.96  6.97  4.37  1.85  0.70  0.50  0.19  0.07  0.04  0.04  0.04  0.04  0.04  0.03
 1 -20  0.03  0.08  0.14  0.28  0.56  0.84  1.41  2.85  4.29  5.45  7.58  9.57 10.18  9.71  8.04  6.93  4.34  1.68  0.60  0.41  0.13  0.05  0.04  0.03  0.03  0.04  0.04  0.03
 1 -15  0.03  0.08  0.14  0.28  0.56  0.84  1.41  2.88  4.37  5.37  7.42  9.65 10.42  9.86  8.09  6.97  4.17  1.63  0.53  0.36  0.13  0.04  0.03  0.03  0.03  0.03  0.03  0.03
 1 -10  0.03  0.08  0.14  0.27  0.55  0.83  1.39  2.83  4.22  5.34  7.30  9.46 10.12  9.82  8.07  7.04  4.06  1.55  0.47  0.32  0.09  0.03  0.03  0.03  0.03  0.03  0.03  0.03
 1  -5  0.03  0.08  0.14  0.27  0.55  0.83  1.40  2.87  4.39  5.52  7.60  9.42 10.02  9.67  7.92  6.88  3.95  1.49  0.45  0.30  0.07  0.03  0.02  0.02  0.02  0.03  0.03  0.02
 1   0  0.03  0.09  0.15  0.30  0.60  0.91  1.53  3.16  4.61  5.77  7.67  9.60 10.21  9.62  7.79  6.73  3.74  1.37  0.41  0.28  0.06  0.03  0.02  0.02  0.02  0.03  0.03  0.02
 1   5  0.03  0.09  0.15  0.30  0.60  0.90  1.52  3.13  4.72  5.83  7.87  9.39  9.70  9.47  7.81  6.69  3.92  1.48  0.47  0.31  0.06  0.03  0.03  0.03  0.03  0.03  0.03  0.03
 1  10  0.03  0.09  0.15  0.30  0.60  0.91  1.53  3.12  4.65  5.89  7.63  8.94  9.20  9.14  7.80  6.72  4.12  1.64  0.54  0.36  0.06  0.03  0.03  0.03  0.03  0.03  0.03  0.03
 1  15  0.03  0.09  0.15  0.30  0.61  0.92  1.54  3.15  4.78  6.02  7.57  8.71  8.93  8.89  7.45  6.48  4.03  1.64  0.58  0.40  0.07  0.03  0.03  0.03  0.03  0.03  0.04  0.03
 1  20  0.03  0.09  0.16  0.31  0.63  0.95  1.60  3.28  4.95  6.29  7.74  8.55  8.85  8.66  7.15  6.26  4.10  1.72  0.58  0.42  0.16  0.04  0.03  0.03  0.03  0.03  0.04  0.04
 1  25  0.03  0.09  0.16  0.31  0.63  0.94  1.58  3.23  5.07  6.27  7.71  8.48  8.55  8.06  6.94  6.42  4.39  2.10  0.79  0.60  0.25  0.06  0.04  0.04  0.04  0.04  0.04  0.04
 1  30  0.03  0.10  0.17  0.33  0.67  1.00  1.69  3.44  5.14  6.47  7.72  8.28  8.32  7.70  6.98  6.62  4.77  2.35  0.93  0.70  0.32  0.10  0.06  0.05  0.04  0.04  0.04  0.04
 1  35  0.03  0.10  0.17  0.35  0.70  1.05  1.77  3.60  5.40  6.70  7.92  8.14  7.95  7.48  6.94  6.55  5.08  2.66  1.22  0.95  0.49  0.24  0.15  0.07  0.06  0.04  0.04  0.04
 1  40  0.04  0.11  0.18  0.37  0.73  1.11  1.86  3.80  5.54  6.83  7.95  8.03  7.61  6.99  6.62  6.45  5.43  3.05  1.65  1.24  0.68  0.35  0.22  0.11  0.07  0.05  0.04  0.04
 1  45  0.04  0.11  0.19  0.37  0.75  1.13  1.91  3.90  5.54  6.80  7.78  7.66  7.16  6.76  6.56  6.37  5.55  3.40  1.89  1.52  0.95  0.49  0.30  0.19  0.08  0.05  0.04  0.04
 1  50  0.04  0.11  0.19  0.38  0.77  1.15  1.94  3.96  5.76  6.92  7.58  7.35  6.68  6.17  6.30  6.33  5.71  3.70  2.15  1.76  1.15  0.61  0.34  0.23  0.09  0.05  0.04  0.04
 1  55  0.04  0.12  0.19  0.38  0.77  1.17  1.96  4.00  5.68  6.58  7.13  6.86  6.36  6.01  6.03  6.03  5.44  3.72  2.32  1.92  1.33  0.67  0.39  0.26  0.10  0.05  0.04  0.04
 1  60  0.04  0.12  0.20  0.39  0.79  1.19  1.99  4.06  5.66  6.47  6.93  6.56  6.15  5.91  5.80  5.72  5.14  3.70  2.53  2.12  1.52  0.74  0.44  0.27  0.10  0.05  0.04  0.04
 1  65  0.04  0.12  0.19  0.39  0.77  1.17  1.96  4.00  5.65  6.43  6.92  6.55  6.25  6.08  5.85  5.69  4.95  3.65  2.53  2.13  1.54  0.74  0.41  0.25  0.10  0.05  0.04  0.04
 1  70  0.04  0.11  0.19  0.38  0.76  1.15  1.93  3.93  5.64  6.37  6.90  6.55  6.35  6.26  5.91  5.65  4.79  3.61  2.53  2.15  1.55  0.73  0.39  0.23  0.10  0.05  0.04  0.04
 1  75  0.04  0.11  0.18  0.36  0.73  1.10  1.84  3.76  5.42  6.07  6.57  6.11  5.85  5.73  5.36  5.08  4.56  3.51  2.63  2.29  1.74  0.77  0.40  0.23  0.10  0.05  0.04  0.04
 1  80  0.04  0.11  0.18  0.35  0.71  1.07  1.79  3.66  5.15  5.75  6.20  5.66  5.34  5.17  4.80  4.52  4.32  3.42  2.71  2.42  1.93  0.81  0.41  0.24  0.10  0.05  0.04  0.04
 1  85  0.04  0.11  0.18  0.35  0.71  1.07  1.79  3.65  5.12  5.70  6.14  5.61  5.29  5.14  4.78  4.50  4.30  3.41  2.71  2.42  1.93  0.81  0.41  0.24  0.10  0.05  0.04  0.04
 1  90  0.04  0.11  0.18  0.35  0.71  1.06  1.79  3.63  5.09  5.65  6.07  5.55  5.25  5.12  4.76  4.47  4.29  3.41  2.71  2.43  1.93  0.81  0.41  0.24  0.10  0.05  0.04  0.04
 2 -90  0.03  0.08  0.14  0.27  0.55  0.83  1.39  2.81  4.09  5.02  6.27  6.30  5.67  4.75  4.27  3.81  2.78  2.61  2.29  1.96  1.38  0.65  0.35  0.21  0.12  0.06  0.03  0.02
 2 -85  0.03  0.08  0.14  0.27  0.55  0.83  1.38  2.79  4.07  5.02  6.29  6.31  5.68  4.74  4.26  3.80  2.78  2.61  2.28  1.95  1.38  0.65  0.35  0.21  0.13  0.06  0.03  0.02
 2 -80  0.03  0.08  0.14  0.27  0.55  0.83  1.38  2.78  4.06  5.03  6.30  6.33  5.69  4.73  4.25  3.79  2.78  2.61  2.28  1.95  1.38  0.65  0.35  0.21  0.13  0.06  0.03  0.02
 2 -75  0.03  0.08  0.14  0.27  0.55  0.82  1.37  2.76  4.04  5.03  6.39  6.68  6.17  5.21  4.65  4.14  2.99  2.62  2.27  1.93  1.35  0.64  0.36  0.21  0.12  0.05  0.03  0.03
 2 -70  0.03  0.08  0.14  0.27  0.54  0.81  1.36  2.73  4.02  5.02  6.48  7.03  6.65  5.69  5.04  4.49  3.27  2.64  2.24  1.89  1.30  0.61  0.36  0.21  0.11  0.05  0.03  0.03
 2 -65  0.03  0.08  0.14  0.28  0.55  0.83  1.38  2.77  4.07  5.10  6.64  7.44  7.22  6.30  5.55  4.96  3.71  2.67  2.06  1.74  1.17  0.54  0.34  0.20  0.12  0.05  0.04  0.03
 2 -60  0.03  0.08  0.14  0.28  0.56  0.85  1.41  2.83  4.15  5.20  6.82  7.85  7.78  6.90  6.06  5.41  4.14  2.71  1.89  1.58  1.04  0.47  0.32  0.20  0.12  0.05  0.04  0.03
 2 -55  0.03  0.09  0.15  0.30  0.59  0.89  1.49  2.98  4.33  5.41  7.01  8.13  8.19  7.51  6.62  5.94  4.27  2.59  1.55  1.28  0.79  0.35  0.25  0.18  0.11  0.05  0.04  0.03
 2 -50  0.03  0.09  0.15  0.30  0.61  0.91  1.52  3.04  4.39  5.52  7.16  8.41  8.63  8.05  7.15  6.47  4.39  2.46  1.22  0.97  0.54  0.24  0.17  0.15  0.09  0.05  0.04  0.03
 2 -45  0.03  0.09  0.15  0.30  0.60  0.90  1.51  3.05  4.38  5.45  7.18  8.71  9.03  8.56  7.42  6.61  4.48  2.40  1.21  0.93  0.48  0.18  0.17  0.10  0.07  0.04  0.04  0.03
 2 -40  0.03  0.09  0.15  0.30  0.60  0.90  1.50  3.04  4.47  5.58  7.41  9.07  9.49  9.03  7.71  6.70  4.51  2.37  1.22  0.92  0.44  0.16  0.11  0.07  0.05  0.04  0.03  0.03
 2 -35  0.03  0.09  0.15  0.30  0.60  0.90  1.50  3.04  4.28  5.36  7.27  9.10  9.57  9.30  7.81  6.76  4.40  2.19  0.99  0.73  0.32  0.13  0.08  0.05  0.04  0.04  0.03  0.03
 2 -30  0.03  0.09  0.15  0.30  0.60  0.90  1.50  3.03  4.35  5.42  7.36  9.28  9.78  9.44  7.97  6.89  4.31  1.96  0.78  0.55  0.22  0.09  0.05  0.04  0.04  0.04  0.04  0.03
 2 -25  0.03  0.09  0.15  0.29  0.59  0.89  1.49  3.02  4.29  5.42  7.53  9.47  9.99  9.63  8.00  6.88  4.23  1.82  0.67  0.47  0.18  0.06  0.04  0.03  0.03  0.04  0.03  0.03
 2 -20  0.03  0.08  0.14  0.28  0.56  0.85  1.42  2.88  4.31  5.51  7.55  9.54 10.30 10.00  8.14  6.90  4.19  1.67  0.55  0.38  0.12  0.04  0.03  0.03  0.03  0.03  0.03  0.03
 2 -15  0.03  0.08  0.14  0.28  0.56  0.84  1.41  2.89  4.32  5.26  7.28  9.64 10.56 10.12  8.17  6.95  4.09  1.58  0.51  0.34  0.12  0.04  0.03  0.03  0.03  0.03  0.03  0.03
 2 -10  0.03  0.08  0.13  0.27  0.54  0.82  1.37  2.81  4.11  5.14  7.03  9.41 10.36 10.19  8.18  7.04  4.05  1.47  0.47  0.32  0.08  0.03  0.03  0.02  0.03  0.03  0.03  0.02
 2  -5  0.03  0.08  0.13  0.27  0.54  0.82  1.38  2.84  4.24  5.29  7.30  9.36 10.32 10.10  7.85  6.61  3.89  1.44  0.46  0.32  0.07  0.03  0.02  0.02  0.02  0.03  0.03  0.02
 2   0  0.03  0.09  0.15  0.29  0.59  0.90  1.52  3.15  4.47  5.60  7.49  9.76 10.78 10.24  7.60  6.14  3.62  1.32  0.44  0.31  0.06  0.03  0.02  0.02  0.02  0.03  0.03  0.02
 2   5  0.03  0.09  0.14  0.29  0.59  0.88  1.49  3.08  4.56  5.61  7.66  9.48 10.19 10.03  7.73  6.38  3.81  1.44  0.51  0.34  0.06  0.03  0.03  0.02  0.03  0.03  0.03  0.03
 2  10  0.03  0.09  0.14  0.29  0.58  0.88  1.47  3.02  4.43  5.55  7.41  9.03  9.57  9.53  7.87  6.71  4.03  1.62  0.59  0.40  0.06  0.03  0.03  0.03  0.03  0.03  0.03  0.03
 2  15  0.03  0.09  0.15  0.29  0.59  0.88  1.48  3.04  4.61  5.72  7.46  8.81  9.19  9.19  7.66  6.67  4.10  1.70  0.66  0.45  0.07  0.03  0.03  0.03  0.03  0.03  0.04  0.04
 2  20  0.03  0.09  0.15  0.30  0.61  0.92  1.55  3.17  4.74  5.97  7.62  8.74  9.16  9.02  7.55  6.71  4.34  1.84  0.69  0.50  0.09  0.04  0.03  0.03  0.03  0.04  0.04  0.04
 2  25  0.03  0.09  0.15  0.31  0.62  0.93  1.56  3.17  4.92  6.03  7.60  8.63  8.81  8.38  7.21  6.61  4.56  2.18  0.88  0.66  0.26  0.06  0.05  0.04  0.04  0.04  0.04  0.04
 2  30  0.03  0.10  0.16  0.32  0.65  0.98  1.65  3.37  5.04  6.34  7.75  8.47  8.57  8.03  7.11  6.58  4.87  2.36  1.00  0.74  0.31  0.18  0.08  0.06  0.05  0.04  0.04  0.04
 2  35  0.03  0.10  0.17  0.34  0.68  1.03  1.73  3.53  5.34  6.64  8.06  8.39  8.27  7.78  7.08  6.58  5.13  2.79  1.29  0.99  0.47  0.30  0.21  0.09  0.06  0.05  0.04  0.04
 2  40  0.04  0.11  0.18  0.36  0.72  1.09  1.83  3.74  5.49  6.81  8.11  8.34  7.99  7.31  6.77  6.50  5.40  3.25  1.70  1.26  0.66  0.42  0.29  0.13  0.08  0.05  0.04  0.04
 2  45  0.04  0.11  0.18  0.37  0.74  1.11  1.87  3.83  5.57  6.91  8.15  8.14  7.62  7.15  6.76  6.41  5.56  3.59  1.96  1.57  0.95  0.55  0.37  0.23  0.09  0.05  0.04  0.04
 2  50  0.04  0.11  0.19  0.37  0.75  1.13  1.90  3.87  5.79  7.15  8.02  7.87  7.16  6.57  6.47  6.32  5.75  3.86  2.27  1.85  1.19  0.65  0.40  0.28  0.10  0.05  0.05  0.04
 2  55  0.04  0.12  0.19  0.39  0.77  1.17  1.96  4.01  5.84  7.02  7.73  7.51  6.89  6.42  6.29  6.18  5.70  3.97  2.44  2.01  1.37  0.70  0.43  0.30  0.11  0.06  0.05  0.04
 2  60  0.04  0.12  0.20  0.40  0.81  1.22  2.05  4.18  5.96  7.09  7.65  7.26  6.68  6.27  6.13  6.05  5.65  4.05  2.65  2.21  1.56  0.76  0.48  0.31  0.12  0.06  0.05  0.04
 2  65  0.04  0.12  0.20  0.40  0.81  1.22  2.05  4.18  5.88  6.88  7.41  7.06  6.61  6.31  6.08  5.92  5.44  3.91  2.75  2.33  1.70  0.83  0.47  0.30  0.12  0.06  0.05  0.04
 2  70  0.04  0.12  0.20  0.40  0.81  1.22  2.05  4.17  5.80  6.69  7.18  6.84  6.54  6.35  6.02  5.79  5.27  3.79  2.85  2.45  1.83  0.89  0.47  0.29  0.12  0.06  0.04  0.04
 2  75  0.04  0.12  0.20  0.40  0.80  1.21  2.03  4.14  5.65  6.37  7.05  6.91  6.77  6.65  6.20  5.87  5.31  3.72  2.89  2.51  1.88  0.93  0.49  0.29  0.12  0.06  0.04  0.04
 2  80  0.04  0.12  0.20  0.40  0.80  1.20  2.02  4.10  5.48  6.04  6.91  7.00  7.00  6.94  6.36  5.95  5.34  3.65  2.92  2.55  1.91  0.97  0.50  0.29  0.12  0.06  0.04  0.04
 2  85  0.04  0.12  0.20  0.40  0.80  1.20  2.01  4.09  5.45  5.99  6.85  6.94  6.96  6.92  6.34  5.93  5.32  3.64  2.92  2.55  1.91  0.97  0.50  0.29  0.12  0.06  0.04  0.04
 2  90  0.04  0.12  0.20  0.40  0.80  1.20  2.01  4.07  5.41  5.94  6.78  6.88  6.91  6.89  6.32  5.91  5.31  3.63  2.92  2.55  1.91  0.97  0.50  0.29  0.12  0.06  0.04  0.04
 3 -90  0.04  0.12  0.20  0.40  0.80  1.21  2.03  4.12  5.49  6.33  6.41  5.83  5.15  4.48  3.85  3.15  2.60  2.61  2.42  2.09  1.48  0.58  0.32  0.19  0.11  0.05  0.03  0.02
 3 -85  0.04  0.12  0.20  0.40  0.80  1.21  2.03  4.11  5.48  6.34  6.43  5.85  5.16  4.47  3.85  3.14  2.60  2.61  2.41  2.08  1.48  0.58  0.32  0.19  0.11  0.05  0.03  0.03
 3 -80  0.04  0.12  0.20  0.40  0.80  1.21  2.02  4.10  5.47  6.34  6.44  5.86  5.17  4.46  3.84  3.14  2.60  2.61  2.41  2.07  1.48  0.58  0.32  0.19  0.11  0.05  0.03  0.03
 3 -75  0.04  0.11  0.19  0.38  0.77  1.15  1.93  3.89  5.40  6.41  6.86  6.40  5.67  4.86  4.16  3.43  2.72  2.59  2.37  2.03  1.44  0.57  0.32  0.19  0.11  0.05  0.03  0.03
 3 -70  0.04  0.11  0.18  0.36  0.73  1.09  1.83  3.69  5.31  6.46  7.26  6.93  6.17  5.26  4.48  3.76  2.92  2.58  2.29  1.95  1.37  0.56  0.32  0.19  0.11  0.05  0.03  0.03
 3 -65  0.04  0.11  0.18  0.35  0.71  1.06  1.77  3.57  5.21  6.42  7.45  7.40  6.76  5.82  5.09  4.47  3.35  2.61  2.07  1.76  1.22  0.50  0.30  0.18  0.12  0.05  0.03  0.03
 3 -60  0.03  0.10  0.17  0.34  0.69  1.03  1.72  3.46  5.13  6.39  7.65  7.87  7.34  6.38  5.69  5.15  3.76  2.65  1.87  1.57  1.07  0.45  0.28  0.18  0.12  0.05  0.04  0.03
 3 -55  0.03  0.10  0.17  0.35  0.69  1.04  1.73  3.49  5.18  6.43  7.76  8.17  7.79  6.97  6.26  5.74  4.20  2.62  1.56  1.30  0.84  0.34  0.23  0.17  0.10  0.05  0.04  0.03
 3 -50  0.03  0.10  0.17  0.34  0.69  1.03  1.72  3.46  5.15  6.43  7.87  8.47  8.29  7.53  6.84  6.34  4.59  2.57  1.29  1.04  0.62  0.23  0.17  0.12  0.08  0.04  0.04  0.03
 3 -45  0.03  0.10  0.17  0.33  0.67  1.00  1.68  3.41  5.01  6.27  7.82  8.80  8.77  8.13  7.10  6.30  4.50  2.48  1.23  0.96  0.52  0.17  0.14  0.08  0.06  0.04  0.03  0.03
 3 -40  0.03  0.10  0.16  0.33  0.65  0.98  1.65  3.35  4.96  6.24  7.93  9.16  9.31  8.75  7.30  6.17  4.37  2.41  1.16  0.89  0.45  0.14  0.10  0.06  0.05  0.04  0.03  0.03
 3 -35  0.03  0.10  0.16  0.32  0.64  0.96  1.61  3.26  4.72  5.92  7.73  9.20  9.47  9.10  7.73  6.69  4.38  2.23  0.94  0.70  0.32  0.13  0.07  0.05  0.04  0.03  0.03  0.03
 3 -30  0.03  0.09  0.16  0.31  0.63  0.95  1.58  3.21  4.68  5.88  7.73  9.35  9.72  9.39  8.20  7.29  4.43  2.02  0.74  0.53  0.19  0.09  0.05  0.04  0.03  0.03  0.03  0.03
 3 -25  0.03  0.09  0.15  0.31  0.61  0.92  1.55  3.14  4.51  5.69  7.70  9.47  9.98  9.70  8.29  7.31  4.31  1.81  0.60  0.43  0.15  0.06  0.04  0.03  0.03  0.03  0.03  0.03
 3 -20  0.03  0.09  0.15  0.29  0.58  0.88  1.48  3.00  4.49  5.74  7.64  9.42 10.24 10.17  8.47  7.33  4.24  1.54  0.46  0.31  0.09  0.04  0.03  0.03  0.03  0.03  0.03  0.03
 3 -15  0.03  0.09  0.14  0.29  0.58  0.87  1.46  2.99  4.39  5.33  7.22  9.44 10.43 10.28  8.37  7.14  4.14  1.51  0.46  0.30  0.10  0.03  0.02  0.02  0.03  0.03  0.03  0.03
 3 -10  0.03  0.08  0.14  0.28  0.56  0.85  1.43  2.93  4.13  5.09  6.78  9.10 10.27 10.41  8.25  7.00  4.13  1.48  0.47  0.31  0.12  0.03  0.02  0.02  0.02  0.03  0.03  0.02
 3  -5  0.03  0.08  0.14  0.28  0.56  0.84  1.42  2.94  4.18  5.12  6.90  8.99 10.21 10.36  8.09  6.84  4.03  1.46  0.46  0.32  0.06  0.03  0.02  0.02  0.02  0.03  0.02  0.02
 3   0  0.03  0.09  0.15  0.30  0.60  0.90  1.53  3.18  4.33  5.37  7.08  9.40 10.76 10.63  8.01  6.61  3.83  1.34  0.45  0.31  0.13  0.03  0.02  0.02  0.02  0.03  0.03  0.02
 3   5  0.03  0.09  0.15  0.29  0.59  0.89  1.50  3.09  4.44  5.35  7.23  9.18 10.26 10.42  8.01  6.73  3.98  1.44  0.50  0.33  0.06  0.03  0.02  0.02  0.02  0.03  0.03  0.03
 3  10  0.03  0.09  0.14  0.29  0.58  0.87  1.47  3.01  4.25  5.18  7.03  8.82  9.69  9.83  8.07  6.97  4.17  1.60  0.58  0.39  0.06  0.03  0.03  0.03  0.03  0.03  0.04  0.03
 3  15  0.03  0.09  0.14  0.29  0.58  0.88  1.47  3.02  4.48  5.44  7.27  8.75  9.31  9.43  7.75  6.68  4.16  1.69  0.64  0.44  0.07  0.03  0.03  0.03  0.03  0.04  0.04  0.04
 3  20  0.03  0.09  0.15  0.30  0.61  0.92  1.54  3.16  4.61  5.71  7.45  8.84  9.37  9.28  7.56  6.51  4.32  1.79  0.66  0.47  0.19  0.04  0.04  0.03  0.04  0.04  0.04  0.04
 3  25  0.03  0.09  0.15  0.31  0.62  0.93  1.56  3.17  4.77  5.83  7.48  8.74  9.03  8.72  7.35  6.52  4.51  2.23  0.89  0.68  0.30  0.07  0.05  0.04  0.04  0.04  0.04  0.04
 3  30  0.03  0.10  0.16  0.32  0.64  0.96  1.62  3.30  4.91  6.14  7.72  8.65  8.86  8.47  7.33  6.62  4.80  2.51  1.07  0.82  0.39  0.20  0.09  0.06  0.05  0.04  0.04  0.04
 3  35  0.03  0.10  0.16  0.33  0.66  0.99  1.67  3.41  5.17  6.44  8.13  8.73  8.73  8.26  7.33  6.67  4.91  2.88  1.36  1.06  0.57  0.31  0.22  0.10  0.07  0.05  0.04  0.04
 3  40  0.03  0.10  0.17  0.34  0.69  1.04  1.74  3.57  5.27  6.58  8.19  8.82  8.64  7.91  7.08  6.62  5.02  3.23  1.74  1.32  0.77  0.42  0.30  0.14  0.08  0.05  0.04  0.04
 3  45  0.03  0.10  0.17  0.34  0.69  1.04  1.75  3.59  5.41  6.80  8.46  8.79  8.33  7.73  7.02  6.47  5.30  3.54  1.94  1.57  0.99  0.55  0.39  0.24  0.10  0.06  0.05  0.04
 3  50  0.03  0.10  0.17  0.34  0.69  1.04  1.74  3.57  5.58  7.07  8.44  8.56  7.86  7.17  6.69  6.29  5.58  3.78  2.20  1.81  1.17  0.66  0.43  0.30  0.11  0.06  0.05  0.05
 3  55  0.04  0.11  0.18  0.35  0.71  1.07  1.80  3.69  5.66  7.04  8.25  8.25  7.59  6.95  6.52  6.22  5.58  3.94  2.43  2.01  1.35  0.75  0.48  0.33  0.12  0.06  0.05  0.05
 3  60  0.04  0.11  0.19  0.37  0.75  1.12  1.89  3.86  5.84  7.22  8.24  8.03  7.33  6.69  6.36  6.16  5.58  4.11  2.69  2.25  1.55  0.86  0.54  0.35  0.13  0.06  0.05  0.05
 3  65  0.04  0.11  0.19  0.38  0.77  1.16  1.94  3.96  5.85  7.15  8.00  7.73  7.08  6.51  6.16  5.94  5.38  4.11  2.84  2.41  1.75  0.95  0.59  0.37  0.13  0.06  0.05  0.05
 3  70  0.04  0.12  0.20  0.39  0.79  1.19  1.99  4.06  5.87  7.09  7.77  7.42  6.82  6.34  5.96  5.71  5.18  4.12  2.98  2.58  1.94  1.03  0.64  0.39  0.14  0.06  0.05  0.04
 3  75  0.04  0.12  0.20  0.39  0.79  1.19  2.00  4.06  5.76  6.88  7.51  7.27  6.83  6.46  5.90  5.51  5.10  4.13  3.04  2.64  2.00  1.08  0.64  0.38  0.19  0.06  0.05  0.04
 3  80  0.04  0.12  0.20  0.39  0.79  1.19  2.00  4.06  5.64  6.67  7.25  7.12  6.83  6.57  5.83  5.32  5.03  4.12  3.06  2.68  2.04  1.12  0.63  0.37  0.18  0.06  0.05  0.04
 3  85  0.04  0.12  0.20  0.39  0.79  1.19  1.99  4.04  5.61  6.62  7.19  7.06  6.78  6.55  5.81  5.30  5.01  4.12  3.06  2.68  2.04  1.12  0.63  0.37  0.18  0.06  0.05  0.04
 3  90  0.04  0.12  0.20  0.39  0.79  1.19  1.99  4.02  5.58  6.57  7.12  7.00  6.73  6.52  5.79  5.28  5.00  4.11  3.06  2.68  2.04  1.12  0.63  0.37  0.18  0.06  0.05  0.04
 4 -90  0.05  0.16  0.26  0.53  1.07  1.61  2.70  5.52  6.28  6.45  6.15  5.43  4.85  4.23  3.56  2.75  2.29  2.86  2.41  2.06  1.37  0.47  0.28  0.18  0.10  0.04  0.03  0.03
 4 -85  0.05  0.16  0.26  0.53  1.07  1.61  2.70  5.51  6.27  6.45  6.17  5.45  4.86  4.23  3.55  2.74  2.29  2.86  2.40  2.06  1.37  0.47  0.28  0.18  0.10  0.05  0.03  0.03
 4 -80  0.05  0.16  0.26  0.53  1.07  1.60  2.70  5.50  6.25  6.45  6.19  5.46  4.87  4.22  3.55  2.74  2.29  2.86  2.40  2.05  1.37  0.47  0.28  0.18  0.10  0.05  0.03  0.03
 4 -75  0.05  0.15  0.25  0.51  1.02  1.54  2.59  5.26  6.46  6.92  6.73  5.95  5.30  4.59  3.95  3.18  2.60  2.81  2.35  2.02  1.37  0.46  0.28  0.17  0.10  0.05  0.03  0.03
 4 -70  0.05  0.15  0.24  0.49  0.98  1.48  2.48  5.03  6.61  7.38  7.27  6.46  5.73  4.97  4.33  3.67  3.01  2.77  2.26  1.96  1.35  0.44  0.27  0.17  0.10  0.05  0.03  0.03
 4 -65  0.05  0.14  0.23  0.47  0.94  1.42  2.37  4.81  6.54  7.48  7.63  7.01  6.25  5.45  4.83  4.33  3.49  2.78  2.07  1.77  1.21  0.40  0.25  0.16  0.10  0.05  0.03  0.03
 4 -60  0.05  0.14  0.23  0.45  0.90  1.36  2.27  4.59  6.47  7.59  7.99  7.55  6.77  5.93  5.34  4.95  3.94  2.81  1.89  1.60  1.07  0.36  0.22  0.15  0.10  0.05  0.03  0.03
 4 -55  0.04  0.13  0.22  0.43  0.87  1.31  2.18  4.41  6.35  7.56  8.17  7.89  7.20  6.39  5.92  5.68  4.39  2.75  1.62  1.33  0.83  0.29  0.18  0.14  0.08  0.04  0.03  0.03
 4 -50  0.04  0.12  0.21  0.41  0.83  1.24  2.08  4.19  6.23  7.56  8.38  8.23  7.70  6.87  6.55  6.43  4.79  2.64  1.37  1.08  0.59  0.22  0.13  0.11  0.07  0.04  0.03  0.03
 4 -45  0.04  0.12  0.19  0.39  0.78  1.18  1.98  4.01  5.97  7.32  8.38  8.62  8.27  7.54  6.88  6.35  4.64  2.50  1.32  1.01  0.51  0.18  0.11  0.08  0.05  0.04  0.03  0.03
 4 -40  0.04  0.11  0.19  0.37  0.75  1.13  1.89  3.85  5.70  7.10  8.43  9.01  8.84  8.20  7.04  6.18  4.50  2.39  1.23  0.93  0.45  0.14  0.11  0.06  0.04  0.03  0.03  0.03
 4 -35  0.04  0.11  0.18  0.35  0.71  1.06  1.78  3.62  5.34  6.63  8.19  9.12  9.16  8.66  7.26  6.21  4.32  2.18  1.05  0.79  0.37  0.13  0.08  0.05  0.04  0.03  0.03  0.03
 4 -30  0.03  0.10  0.17  0.34  0.68  1.02  1.71  3.47  5.13  6.42  8.06  9.30  9.49  9.12  7.51  6.29  4.19  1.98  0.87  0.65  0.29  0.09  0.05  0.04  0.03  0.03  0.03  0.03
 4 -25  0.03  0.10  0.16  0.33  0.65  0.98  1.65  3.36  4.87  6.11  7.93  9.38  9.84  9.56  7.83  6.62  4.20  1.84  0.68  0.50  0.20  0.06  0.03  0.03  0.03  0.03  0.03  0.03
 4 -20  0.03  0.09  0.16  0.31  0.63  0.94  1.58  3.22  4.84  6.15  7.85  9.28 10.07 10.19  8.24  6.94  4.24  1.62  0.48  0.34  0.11  0.04  0.03  0.02  0.02  0.03  0.03  0.03
 4 -15  0.03  0.09  0.15  0.31  0.61  0.93  1.56  3.20  4.67  5.71  7.47  9.30 10.14 10.23  8.33  7.05  4.17  1.52  0.44  0.31  0.11  0.03  0.02  0.02  0.02  0.03  0.03  0.03
 4 -10  0.03  0.09  0.15  0.30  0.61  0.91  1.54  3.17  4.44  5.45  7.00  8.93  9.98 10.32  8.38  7.20  4.20  1.45  0.43  0.30  0.12  0.03  0.02  0.02  0.02  0.02  0.02  0.02
 4  -5  0.03  0.09  0.15  0.30  0.60  0.91  1.53  3.17  4.40  5.35  7.00  8.80  9.87 10.25  8.29  7.18  4.19  1.46  0.43  0.30  0.13  0.03  0.02  0.02  0.02  0.02  0.02  0.02
 4   0  0.03  0.09  0.15  0.31  0.62  0.93  1.58  3.28  4.45  5.46  7.09  9.13 10.34 10.51  8.28  7.07  4.07  1.37  0.42  0.29  0.13  0.03  0.02  0.02  0.02  0.02  0.02  0.02
 4   5  0.03  0.09  0.15  0.30  0.61  0.92  1.55  3.20  4.52  5.39  7.17  8.96 10.04 10.33  8.14  7.05  4.21  1.47  0.58  0.39  0.14  0.03  0.02  0.02  0.02  0.03  0.03  0.03
 4  10  0.03  0.09  0.15  0.29  0.59  0.89  1.50  3.08  4.25  5.12  6.94  8.68  9.61  9.75  8.08  7.16  4.42  1.64  0.77  0.52  0.17  0.03  0.02  0.02  0.03  0.03  0.03  0.03
 4  15  0.03  0.09  0.15  0.30  0.59  0.89  1.50  3.07  4.44  5.38  7.27  8.77  9.32  9.37  7.83  6.91  4.36  1.76  0.85  0.59  0.19  0.03  0.03  0.03  0.03  0.04  0.04  0.04
 4  20  0.03  0.09  0.15  0.31  0.61  0.93  1.56  3.19  4.58  5.62  7.42  8.94  9.45  9.23  7.72  6.79  4.44  1.87  0.90  0.63  0.21  0.05  0.04  0.03  0.04  0.04  0.04  0.04
 4  25  0.03  0.09  0.15  0.31  0.62  0.93  1.56  3.18  4.65  5.69  7.41  8.82  9.13  8.85  7.58  6.74  4.57  2.20  1.05  0.77  0.32  0.08  0.05  0.05  0.04  0.04  0.04  0.04
 4  30  0.03  0.09  0.15  0.31  0.62  0.94  1.57  3.21  4.74  5.89  7.60  8.73  9.02  8.73  7.58  6.81  4.78  2.41  1.16  0.88  0.40  0.16  0.09  0.06  0.05  0.05  0.04  0.04
 4  35  0.03  0.09  0.16  0.31  0.63  0.94  1.58  3.23  4.85  6.05  7.89  8.83  9.04  8.64  7.56  6.81  4.79  2.71  1.39  1.08  0.58  0.34  0.16  0.09  0.06  0.05  0.05  0.04
 4  40  0.03  0.09  0.16  0.32  0.64  0.96  1.62  3.31  4.81  6.00  7.73  8.91  9.08  8.47  7.37  6.72  4.79  2.98  1.68  1.29  0.77  0.44  0.30  0.12  0.08  0.05  0.05  0.04
 4  45  0.03  0.09  0.16  0.31  0.63  0.95  1.59  3.27  4.91  6.15  8.05  8.99  8.87  8.30  7.28  6.55  4.91  3.22  1.81  1.48  0.94  0.53  0.38  0.16  0.09  0.06  0.05  0.05
 4  50  0.03  0.09  0.15  0.30  0.61  0.92  1.55  3.18  4.91  6.28  8.01  8.81  8.48  7.83  6.97  6.34  5.02  3.40  2.02  1.67  1.06  0.61  0.42  0.30  0.11  0.06  0.05  0.05
 4  55  0.03  0.09  0.15  0.30  0.61  0.92  1.55  3.18  4.87  6.20  7.91  8.58  8.20  7.52  6.65  6.06  5.12  3.61  2.24  1.86  1.24  0.69  0.47  0.33  0.13  0.07  0.05  0.05
 4  60  0.03  0.09  0.16  0.31  0.63  0.95  1.60  3.27  4.99  6.36  7.96  8.42  7.93  7.17  6.34  5.80  5.23  3.83  2.49  2.09  1.42  0.78  0.55  0.36  0.14  0.07  0.05  0.05
 4  65  0.03  0.09  0.16  0.32  0.64  0.96  1.61  3.29  4.98  6.32  7.76  8.05  7.52  6.77  6.12  5.68  5.11  3.86  2.69  2.26  1.57  0.92  0.65  0.41  0.14  0.07  0.05  0.05
 4  70  0.03  0.10  0.16  0.32  0.64  0.96  1.62  3.30  4.96  6.26  7.55  7.68  7.10  6.37  5.90  5.56  4.98  3.90  2.88  2.44  1.72  1.06  0.76  0.46  0.24  0.07  0.05  0.05
 4  75  0.03  0.10  0.16  0.33  0.65  0.98  1.65  3.35  4.91  6.15  7.20  7.20  6.64  5.99  5.69  5.46  4.92  3.96  2.98  2.55  1.85  1.13  0.77  0.46  0.23  0.07  0.05  0.05
 4  80  0.03  0.10  0.17  0.33  0.66  1.00  1.68  3.40  4.86  6.02  6.84  6.71  6.18  5.61  5.48  5.37  4.88  4.02  3.06  2.63  1.95  1.18  0.77  0.45  0.22  0.07  0.05  0.05
 4  85  0.03  0.10  0.17  0.33  0.66  1.00  1.67  3.38  4.82  5.98  6.78  6.66  6.13  5.59  5.46  5.34  4.87  4.01  3.05  2.63  1.95  1.18  0.77  0.45  0.22  0.07  0.05  0.04
 4  90  0.03  0.10  0.17  0.33  0.66  1.00  1.67  3.36  4.79  5.92  6.71  6.60  6.08  5.56  5.43  5.32  4.85  4.01  3.05  2.64  1.95  1.18  0.77  0.45  0.21  0.07  0.05  0.04
 5 -90  0.06  0.17  0.29  0.58  1.17  1.77  2.98  6.12  6.76  6.96  6.27  4.88  4.07  3.39  3.11  2.82  3.02  2.97  2.31  1.95  1.30  0.47  0.25  0.15  0.08  0.04  0.03  0.03
 5 -85  0.06  0.17  0.29  0.58  1.17  1.77  2.97  6.11  6.75  6.97  6.28  4.90  4.08  3.38  3.10  2.81  3.02  2.97  2.30  1.94  1.30  0.47  0.25  0.15  0.08  0.04  0.03  0.03
 5 -80  0.06  0.17  0.29  0.58  1.17  1.76  2.97  6.10  6.74  6.97  6.30  4.91  4.08  3.37  3.10  2.80  3.02  2.97  2.30  1.93  1.30  0.47  0.25  0.15  0.08  0.04  0.03  0.03
 5 -75  0.06  0.17  0.28  0.57  1.14  1.72  2.89  5.92  6.80  7.19  6.76  5.55  4.81  4.09  3.64  3.17  3.07  2.83  2.14  1.80  1.23  0.44  0.23  0.14  0.08  0.04  0.03  0.03
 5 -70  0.05  0.16  0.27  0.55  1.10  1.66  2.79  5.70  6.83  7.38  7.18  6.21  5.54  4.83  4.24  3.60  3.14  2.68  1.95  1.65  1.13  0.41  0.22  0.14  0.08  0.04  0.03  0.03
 5 -65  0.05  0.16  0.27  0.55  1.11  1.66  2.79  5.68  7.04  7.70  7.47  6.57  5.91  5.19  4.82  4.36  3.70  2.78  1.88  1.57  1.02  0.39  0.21  0.14  0.08  0.04  0.03  0.03
 5 -60  0.06  0.17  0.28  0.55  1.11  1.67  2.79  5.66  7.27  8.03  7.77  6.94  6.28  5.56  5.28  5.07  4.33  2.92  1.82  1.49  0.91  0.38  0.21  0.14  0.08  0.04  0.03  0.03
 5 -55  0.05  0.16  0.26  0.53  1.06  1.60  2.68  5.41  7.22  8.18  8.06  7.38  6.64  5.91  5.62  5.55  4.62  2.77  1.64  1.32  0.75  0.35  0.19  0.15  0.07  0.04  0.03  0.03
 5 -50  0.05  0.15  0.25  0.51  1.02  1.54  2.57  5.20  7.25  8.44  8.42  7.80  7.11  6.30  6.03  6.05  4.85  2.56  1.47  1.14  0.61  0.34  0.18  0.10  0.06  0.04  0.03  0.03
 5 -45  0.05  0.14  0.23  0.47  0.94  1.42  2.38  4.84  6.95  8.21  8.60  8.28  7.77  7.03  6.53  6.14  4.74  2.47  1.40  1.06  0.51  0.29  0.15  0.08  0.05  0.03  0.03  0.03
 5 -40  0.04  0.13  0.21  0.43  0.86  1.29  2.17  4.43  6.49  7.89  8.72  8.71  8.30  7.65  6.74  6.14  4.67  2.41  1.29  0.96  0.43  0.24  0.12  0.07  0.04  0.03  0.03  0.03
 5 -35  0.04  0.12  0.20  0.39  0.79  1.19  1.99  4.05  5.97  7.30  8.45  8.85  8.71  8.12  7.20  6.51  4.57  2.19  1.06  0.79  0.34  0.19  0.09  0.05  0.04  0.03  0.03  0.03
 5 -30  0.04  0.11  0.18  0.36  0.73  1.10  1.85  3.75  5.60  6.95  8.29  9.04  9.02  8.58  7.64  6.93  4.53  2.00  0.85  0.62  0.23  0.10  0.06  0.04  0.03  0.03  0.03  0.03
 5 -25  0.03  0.10  0.17  0.35  0.70  1.05  1.77  3.60  5.27  6.52  8.08  9.11  9.44  9.10  7.82  6.94  4.43  1.93  0.69  0.50  0.18  0.06  0.04  0.03  0.03  0.03  0.03  0.03
 5 -20  0.03  0.10  0.17  0.33  0.67  1.01  1.70  3.46  5.20  6.53  8.02  9.02  9.66  9.82  8.06  6.94  4.34  1.77  0.55  0.39  0.12  0.04  0.03  0.03  0.03  0.03  0.03  0.03
 5 -15  0.03  0.10  0.16  0.32  0.65  0.98  1.66  3.40  4.98  6.14  7.79  9.15  9.73  9.93  8.28  7.11  4.28  1.63  0.46  0.33  0.12  0.03  0.02  0.02  0.02  0.03  0.03  0.03
 5 -10  0.03  0.10  0.16  0.32  0.65  0.98  1.64  3.38  4.78  5.89  7.38  8.91  9.68 10.00  8.39  7.32  4.35  1.53  0.41  0.29  0.11  0.03  0.02  0.02  0.02  0.03  0.03  0.02
 5  -5  0.03  0.10  0.16  0.32  0.64  0.97  1.64  3.40  4.70  5.71  7.32  8.84  9.54  9.92  8.22  7.11  4.15  1.38  0.36  0.26  0.11  0.03  0.02  0.02  0.02  0.02  0.02  0.02
 5   0  0.03  0.09  0.16  0.31  0.63  0.96  1.62  3.36  4.65  5.67  7.31  9.05  9.84 10.09  8.07  6.79  3.88  1.15  0.31  0.22  0.11  0.03  0.02  0.02  0.02  0.02  0.02  0.02
 5   5  0.03  0.09  0.16  0.31  0.63  0.95  1.60  3.31  4.66  5.57  7.28  8.94  9.83 10.07  8.07  7.00  4.20  1.40  0.47  0.33  0.16  0.03  0.02  0.02  0.02  0.03  0.03  0.02
 5  10  0.03  0.09  0.15  0.30  0.61  0.92  1.54  3.16  4.31  5.20  7.00  8.69  9.61  9.72  8.15  7.33  4.60  1.69  0.67  0.48  0.22  0.03  0.02  0.02  0.03  0.03  0.03  0.03
 5  15  0.03  0.09  0.15  0.30  0.61  0.91  1.54  3.15  4.42  5.40  7.30  8.86  9.46  9.45  8.00  7.18  4.50  1.85  0.76  0.56  0.25  0.04  0.03  0.03  0.03  0.04  0.04  0.03
 5  20  0.03  0.09  0.15  0.31  0.62  0.94  1.57  3.23  4.54  5.56  7.35  9.03  9.61  9.30  7.97  7.16  4.46  1.97  0.82  0.60  0.28  0.05  0.04  0.04  0.04  0.04  0.04  0.04
 5  25  0.03  0.09  0.15  0.31  0.61  0.92  1.55  3.17  4.51  5.53  7.30  8.86  9.24  9.01  7.83  6.98  4.63  2.21  0.97  0.74  0.36  0.09  0.05  0.04  0.04  0.04  0.04  0.04
 5  30  0.03  0.09  0.15  0.30  0.60  0.91  1.53  3.12  4.55  5.60  7.38  8.69  9.09  8.93  7.76  6.91  4.87  2.39  1.12  0.87  0.44  0.15  0.08  0.06  0.05  0.05  0.04  0.04
 5  35  0.03  0.09  0.15  0.30  0.60  0.91  1.53  3.12  4.58  5.69  7.55  8.71  9.10  8.85  7.69  6.86  4.87  2.65  1.30  1.02  0.57  0.32  0.12  0.07  0.06  0.05  0.05  0.04
 5  40  0.03  0.09  0.15  0.30  0.61  0.92  1.54  3.16  4.45  5.54  7.21  8.67  9.13  8.74  7.51  6.75  4.87  2.87  1.51  1.19  0.72  0.41  0.19  0.10  0.07  0.05  0.05  0.04
 5  45  0.03  0.09  0.15  0.29  0.59  0.89  1.50  3.07  4.50  5.58  7.44  8.71  8.94  8.51  7.36  6.59  4.87  3.01  1.64  1.36  0.89  0.49  0.34  0.14  0.09  0.06  0.05  0.05
 5  50  0.03  0.08  0.14  0.28  0.56  0.85  1.43  2.92  4.39  5.53  7.30  8.49  8.56  8.09  7.08  6.37  4.84  3.12  1.85  1.54  1.01  0.58  0.40  0.18  0.11  0.06  0.05  0.05
 5  55  0.03  0.08  0.14  0.27  0.55  0.82  1.39  2.84  4.23  5.33  7.11  8.24  8.27  7.72  6.72  6.04  4.82  3.25  2.01  1.69  1.12  0.64  0.45  0.31  0.12  0.07  0.05  0.05
 5  60  0.03  0.08  0.14  0.27  0.55  0.83  1.40  2.87  4.27  5.37  7.10  8.09  8.00  7.32  6.38  5.76  4.80  3.39  2.21  1.85  1.23  0.71  0.53  0.35  0.13  0.07  0.05  0.05
 5  65  0.03  0.08  0.13  0.27  0.54  0.81  1.37  2.80  4.16  5.23  6.89  7.73  7.53  6.80  5.88  5.26  4.43  3.38  2.38  2.02  1.40  0.82  0.62  0.41  0.14  0.07  0.05  0.05
 5  70  0.03  0.08  0.13  0.26  0.53  0.79  1.33  2.73  4.05  5.09  6.68  7.35  7.06  6.28  5.38  4.76  4.06  3.37  2.55  2.18  1.56  0.93  0.71  0.47  0.29  0.07  0.06  0.05
 5  75  0.03  0.08  0.13  0.26  0.53  0.79  1.33  2.71  4.05  5.11  6.64  7.07  6.63  5.81  5.15  4.69  4.14  3.43  2.60  2.24  1.61  0.97  0.71  0.47  0.29  0.08  0.06  0.05
 5  80  0.03  0.08  0.13  0.26  0.53  0.79  1.33  2.69  4.06  5.13  6.59  6.78  6.20  5.35  4.92  4.63  4.24  3.50  2.63  2.27  1.64  0.99  0.71  0.46  0.28  0.08  0.06  0.05
 5  85  0.03  0.08  0.13  0.26  0.52  0.79  1.32  2.67  4.03  5.08  6.53  6.72  6.16  5.32  4.90  4.61  4.23  3.49  2.63  2.27  1.64  0.99  0.71  0.46  0.28  0.08  0.06  0.05
 5  90  0.03  0.08  0.13  0.26  0.52  0.79  1.32  2.66  3.99  5.03  6.46  6.66  6.11  5.29  4.88  4.58  4.21  3.49  2.63  2.27  1.64  0.99  0.71  0.46  0.28  0.08  0.06  0.05
 6 -90  0.06  0.18  0.29  0.59  1.19  1.80  3.03  6.25  7.01  7.34  6.61  5.01  4.29  3.90  3.44  3.17  3.02  2.91  2.16  1.87  1.34  0.48  0.21  0.12  0.06  0.03  0.03  0.03
 6 -85  0.06  0.18  0.29  0.59  1.19  1.80  3.03  6.24  6.99  7.35  6.63  5.02  4.30  3.89  3.43  3.16  3.03  2.91  2.16  1.87  1.34  0.48  0.21  0.12  0.07  0.04  0.03  0.03
 6 -80  0.06  0.18  0.29  0.59  1.19  1.79  3.03  6.23  6.98  7.35  6.64  5.03  4.31  3.89  3.43  3.15  3.03  2.92  2.15  1.86  1.34  0.48  0.21  0.13  0.07  0.04  0.03  0.03
 6 -75  0.06  0.18  0.29  0.59  1.18  1.79  3.01  6.18  6.99  7.43  7.00  5.58  4.88  4.32  3.78  3.36  3.13  2.89  2.09  1.81  1.34  0.47  0.21  0.13  0.07  0.04  0.03  0.03
 6 -70  0.06  0.17  0.29  0.58  1.17  1.76  2.97  6.08  7.00  7.50  7.32  6.14  5.46  4.78  4.20  3.65  3.25  2.85  2.03  1.75  1.30  0.46  0.20  0.13  0.07  0.04  0.03  0.03
 6 -65  0.06  0.17  0.29  0.57  1.15  1.74  2.92  5.95  7.06  7.66  7.43  6.35  5.68  4.98  4.67  4.28  3.71  2.90  1.99  1.67  1.19  0.46  0.23  0.13  0.07  0.04  0.03  0.03
 6 -60  0.06  0.17  0.28  0.56  1.13  1.70  2.86  5.82  7.10  7.78  7.50  6.57  5.91  5.19  5.08  4.87  4.19  2.98  1.95  1.61  1.08  0.45  0.26  0.13  0.07  0.04  0.03  0.03
 6 -55  0.05  0.16  0.27  0.55  1.10  1.66  2.78  5.64  7.24  8.06  7.75  6.92  6.19  5.49  5.40  5.40  4.51  2.90  1.74  1.43  0.91  0.39  0.27  0.12  0.07  0.04  0.03  0.03
 6 -50  0.05  0.16  0.27  0.55  1.10  1.65  2.76  5.59  7.48  8.55  8.10  7.31  6.60  5.85  5.75  5.93  4.78  2.70  1.52  1.23  0.74  0.35  0.27  0.11  0.06  0.04  0.03  0.03
 6 -45  0.05  0.15  0.25  0.50  1.00  1.51  2.54  5.17  7.25  8.46  8.52  7.97  7.43  6.71  6.27  5.98  4.71  2.59  1.45  1.15  0.65  0.31  0.24  0.09  0.05  0.03  0.03  0.03
 6 -40  0.04  0.13  0.22  0.45  0.90  1.35  2.27  4.62  6.77  8.14  8.76  8.48  7.97  7.33  6.45  5.95  4.70  2.52  1.35  1.05  0.59  0.28  0.20  0.08  0.05  0.03  0.03  0.03
 6 -35  0.04  0.12  0.20  0.41  0.82  1.23  2.06  4.20  6.16  7.48  8.46  8.66  8.45  7.84  6.94  6.31  4.74  2.29  1.11  0.86  0.47  0.22  0.12  0.07  0.05  0.03  0.03  0.03
 6 -30  0.04  0.11  0.18  0.37  0.74  1.11  1.87  3.80  5.69  7.03  8.25  8.85  8.79  8.31  7.36  6.69  4.85  2.14  0.87  0.67  0.32  0.15  0.07  0.05  0.04  0.03  0.03  0.03
 6 -25  0.04  0.11  0.18  0.36  0.72  1.08  1.82  3.71  5.43  6.67  8.07  8.87  9.13  8.75  7.59  6.83  4.68  1.97  0.70  0.53  0.23  0.06  0.04  0.03  0.03  0.03  0.03  0.03
 6 -20  0.03  0.10  0.17  0.35  0.70  1.06  1.78  3.64  5.44  6.74  8.09  8.79  9.27  9.41  7.89  6.96  4.49  1.76  0.53  0.38  0.13  0.04  0.03  0.03  0.03  0.03  0.03  0.03
 6 -15  0.03  0.10  0.17  0.34  0.68  1.02  1.73  3.55  5.22  6.50  8.07  9.03  9.38  9.58  8.07  6.92  4.24  1.63  0.49  0.35  0.13  0.03  0.03  0.03  0.03  0.03  0.03  0.03
 6 -10  0.03  0.10  0.17  0.34  0.68  1.02  1.73  3.55  5.10  6.31  7.78  8.94  9.41  9.58  8.07  6.93  4.13  1.55  0.47  0.34  0.13  0.03  0.02  0.02  0.02  0.03  0.03  0.03
 6  -5  0.03  0.10  0.17  0.34  0.68  1.02  1.73  3.57  4.97  6.05  7.67  8.96  9.27  9.50  8.22  7.17  4.26  1.52  0.43  0.32  0.13  0.03  0.02  0.02  0.02  0.03  0.03  0.02
 6   0  0.03  0.10  0.16  0.32  0.65  0.98  1.65  3.42  4.80  5.83  7.50  9.01  9.35  9.54  8.30  7.33  4.35  1.44  0.39  0.29  0.14  0.03  0.02  0.02  0.02  0.03  0.03  0.02
 6   5  0.03  0.10  0.16  0.32  0.65  0.98  1.65  3.41  4.79  5.77  7.44  9.00  9.62  9.71  8.23  7.34  4.51  1.58  0.48  0.35  0.18  0.03  0.02  0.02  0.02  0.03  0.03  0.02
 6  10  0.03  0.09  0.16  0.31  0.63  0.94  1.59  3.25  4.45  5.40  7.17  8.80  9.62  9.66  8.21  7.46  4.76  1.73  0.63  0.46  0.22  0.03  0.03  0.02  0.03  0.03  0.03  0.03
 6  15  0.03  0.09  0.16  0.31  0.63  0.94  1.59  3.25  4.50  5.55  7.41  9.00  9.59  9.52  8.02  7.19  4.68  1.87  0.71  0.54  0.25  0.04  0.03  0.03  0.03  0.03  0.03  0.03
 6  20  0.03  0.10  0.16  0.32  0.64  0.96  1.62  3.33  4.64  5.68  7.44  9.11  9.71  9.36  7.91  7.02  4.61  1.97  0.76  0.56  0.27  0.05  0.04  0.04  0.04  0.04  0.04  0.03
 6  25  0.03  0.09  0.16  0.31  0.63  0.94  1.59  3.24  4.52  5.56  7.37  8.92  9.32  9.12  7.94  7.06  4.70  2.11  0.84  0.63  0.31  0.08  0.05  0.04  0.04  0.04  0.04  0.04
 6  30  0.03  0.09  0.15  0.30  0.61  0.92  1.54  3.15  4.52  5.50  7.33  8.69  9.13  9.01  7.98  7.18  4.84  2.25  0.91  0.71  0.35  0.12  0.06  0.05  0.05  0.05  0.04  0.04
 6  35  0.03  0.09  0.15  0.30  0.61  0.91  1.53  3.12  4.50  5.55  7.39  8.64  9.05  8.88  7.77  6.95  4.78  2.53  1.14  0.89  0.47  0.18  0.09  0.06  0.05  0.05  0.04  0.04
 6  40  0.03  0.09  0.15  0.30  0.60  0.90  1.52  3.12  4.33  5.35  6.99  8.49  9.00  8.76  7.51  6.70  4.77  2.79  1.39  1.10  0.60  0.33  0.14  0.09  0.07  0.05  0.05  0.04
 6  45  0.03  0.09  0.14  0.29  0.58  0.87  1.47  3.02  4.34  5.36  7.09  8.39  8.74  8.40  7.25  6.50  4.79  2.88  1.52  1.25  0.80  0.41  0.27  0.12  0.08  0.06  0.05  0.05
 6  50  0.03  0.08  0.13  0.27  0.54  0.82  1.38  2.82  4.18  5.22  6.89  8.11  8.36  7.98  6.97  6.26  4.77  2.96  1.71  1.43  0.93  0.51  0.35  0.15  0.09  0.06  0.05  0.05
 6  55  0.03  0.08  0.13  0.26  0.52  0.78  1.31  2.69  3.94  4.90  6.56  7.76  7.98  7.53  6.57  5.92  4.57  3.00  1.82  1.53  1.01  0.56  0.40  0.18  0.10  0.07  0.05  0.05
 6  60  0.03  0.08  0.13  0.26  0.52  0.78  1.31  2.68  3.89  4.85  6.45  7.53  7.66  7.08  6.21  5.63  4.36  3.06  1.96  1.65  1.08  0.61  0.46  0.30  0.11  0.07  0.06  0.05
 6  65  0.02  0.07  0.12  0.25  0.50  0.75  1.26  2.58  3.75  4.68  6.26  7.23  7.24  6.58  5.68  5.06  3.99  2.99  2.09  1.77  1.21  0.68  0.54  0.34  0.12  0.07  0.06  0.05
 6  70  0.02  0.07  0.12  0.24  0.48  0.72  1.21  2.47  3.61  4.51  6.07  6.92  6.82  6.07  5.14  4.50  3.61  2.93  2.22  1.90  1.33  0.75  0.61  0.39  0.14  0.07  0.06  0.05
 6  75  0.02  0.07  0.11  0.23  0.46  0.70  1.17  2.38  3.52  4.43  6.04  6.77  6.53  5.70  4.88  4.31  3.61  2.94  2.27  1.96  1.40  0.79  0.63  0.40  0.15  0.08  0.06  0.05
 6  80  0.02  0.07  0.11  0.22  0.44  0.67  1.12  2.28  3.43  4.34  6.01  6.61  6.24  5.34  4.62  4.11  3.63  2.96  2.31  2.01  1.45  0.81  0.65  0.42  0.25  0.08  0.06  0.05
 6  85  0.02  0.07  0.11  0.22  0.44  0.67  1.12  2.26  3.40  4.29  5.95  6.55  6.19  5.31  4.60  4.09  3.62  2.96  2.31  2.01  1.45  0.81  0.65  0.42  0.25  0.08  0.06  0.05
 6  90  0.02  0.07  0.11  0.22  0.44  0.67  1.11  2.24  3.36  4.24  5.88  6.49  6.14  5.29  4.57  4.07  3.60  2.95  2.31  2.01  1.45  0.81  0.65  0.42  0.25  0.08  0.06  0.05
 7 -90  0.05  0.16  0.27  0.53  1.07  1.62  2.74  5.66  6.51  6.94  6.47  5.20  4.51  4.19  3.58  3.28  3.19  2.77  2.13  1.84  1.25  0.49  0.27  0.12  0.06  0.03  0.03  0.03
 7 -85  0.05  0.16  0.27  0.53  1.07  1.62  2.74  5.65  6.50  6.94  6.48  5.21  4.51  4.18  3.57  3.27  3.19  2.77  2.13  1.83  1.25  0.49  0.27  0.12  0.06  0.03  0.03  0.03
 7 -80  0.05  0.16  0.27  0.53  1.07  1.62  2.73  5.64  6.49  6.95  6.50  5.22  4.52  4.17  3.57  3.27  3.19  2.78  2.12  1.82  1.25  0.49  0.27  0.12  0.06  0.03  0.03  0.03
 7 -75  0.05  0.15  0.25  0.50  1.00  1.51  2.55  5.26  6.23  6.78  6.71  5.68  5.11  4.66  3.88  3.37  3.07  2.75  2.10  1.81  1.28  0.50  0.28  0.12  0.06  0.03  0.03  0.03
 7 -70  0.05  0.14  0.23  0.46  0.92  1.39  2.34  4.81  5.94  6.59  6.86  6.17  5.73  5.12  4.24  3.53  3.00  2.72  2.06  1.78  1.29  0.50  0.28  0.12  0.06  0.04  0.03  0.03
 7 -65  0.05  0.14  0.23  0.47  0.94  1.41  2.38  4.86  6.20  6.94  7.16  6.35  5.78  5.05  4.68  4.26  3.66  2.82  1.99  1.70  1.23  0.48  0.25  0.13  0.06  0.04  0.03  0.03
 7 -60  0.05  0.14  0.24  0.47  0.95  1.43  2.40  4.87  6.43  7.24  7.39  6.54  5.83  5.02  5.08  4.96  4.30  2.95  1.93  1.63  1.17  0.46  0.28  0.13  0.07  0.04  0.03  0.03
 7 -55  0.05  0.14  0.23  0.46  0.92  1.38  2.31  4.67  6.47  7.42  7.63  6.97  6.15  5.35  5.46  5.56  4.63  2.93  1.77  1.47  0.97  0.39  0.27  0.14  0.07  0.04  0.03  0.03
 7 -50  0.05  0.14  0.23  0.46  0.91  1.37  2.30  4.64  6.61  7.82  7.98  7.40  6.59  5.72  5.83  6.17  4.91  2.80  1.59  1.28  0.78  0.33  0.26  0.13  0.07  0.04  0.03  0.03
 7 -45  0.04  0.13  0.22  0.44  0.88  1.33  2.23  4.54  6.62  7.89  8.42  8.06  7.51  6.73  6.39  6.22  4.91  2.79  1.55  1.24  0.69  0.30  0.23  0.12  0.06  0.04  0.03  0.03
 7 -40  0.04  0.12  0.21  0.42  0.83  1.26  2.11  4.29  6.32  7.71  8.58  8.49  8.00  7.39  6.60  6.21  4.97  2.81  1.52  1.19  0.64  0.27  0.20  0.11  0.06  0.03  0.03  0.03
 7 -35  0.04  0.12  0.19  0.39  0.78  1.18  1.98  4.02  5.92  7.23  8.33  8.63  8.45  7.86  6.91  6.28  4.86  2.57  1.31  1.01  0.52  0.22  0.16  0.09  0.06  0.04  0.03  0.03
 7 -30  0.04  0.11  0.18  0.37  0.73  1.10  1.85  3.77  5.62  6.94  8.19  8.77  8.73  8.24  7.10  6.34  4.82  2.42  1.08  0.83  0.38  0.16  0.08  0.06  0.05  0.04  0.03  0.03
 7 -25  0.04  0.11  0.18  0.36  0.73  1.09  1.84  3.75  5.51  6.75  8.10  8.79  9.00  8.57  7.35  6.59  4.69  2.15  0.86  0.65  0.27  0.06  0.04  0.04  0.03  0.03  0.03  0.03
 7 -20  0.04  0.11  0.18  0.36  0.72  1.09  1.83  3.74  5.61  6.89  8.24  8.77  9.09  9.11  7.68  6.83  4.51  1.88  0.64  0.46  0.16  0.04  0.03  0.03  0.03  0.03  0.03  0.03
 7 -15  0.03  0.10  0.17  0.34  0.69  1.04  1.76  3.62  5.37  6.75  8.33  9.08  9.29  9.43  8.05  6.96  4.17  1.66  0.56  0.41  0.16  0.04  0.03  0.03  0.03  0.03  0.03  0.03
 7 -10  0.03  0.10  0.17  0.34  0.69  1.04  1.75  3.60  5.26  6.54  8.10  9.13  9.40  9.40  8.19  7.13  3.98  1.49  0.50  0.38  0.15  0.03  0.03  0.02  0.02  0.03  0.03  0.03
 7  -5  0.03  0.10  0.17  0.34  0.68  1.03  1.75  3.61  5.08  6.22  7.95  9.22  9.28  9.31  8.23  7.11  4.16  1.52  0.49  0.37  0.16  0.03  0.02  0.02  0.02  0.03  0.03  0.03
 7   0  0.03  0.09  0.16  0.32  0.64  0.96  1.63  3.37  4.78  5.79  7.56  9.04  9.11  9.20  8.15  7.04  4.33  1.53  0.48  0.36  0.17  0.03  0.02  0.02  0.02  0.03  0.03  0.02
 7   5  0.03  0.10  0.16  0.32  0.65  0.99  1.66  3.42  4.83  5.86  7.55  9.19  9.61  9.52  8.24  7.25  4.53  1.70  0.58  0.42  0.20  0.03  0.02  0.02  0.02  0.03  0.03  0.02
 7  10  0.03  0.09  0.16  0.32  0.63  0.96  1.61  3.29  4.58  5.60  7.37  9.05  9.79  9.75  8.35  7.55  4.82  1.86  0.72  0.53  0.23  0.03  0.02  0.02  0.02  0.03  0.03  0.02
 7  15  0.03  0.10  0.16  0.32  0.64  0.97  1.63  3.33  4.62  5.75  7.58  9.23  9.84  9.72  8.22  7.39  4.85  1.97  0.78  0.58  0.24  0.03  0.03  0.03  0.03  0.03  0.03  0.03
 7  20  0.03  0.10  0.16  0.33  0.66  0.99  1.67  3.43  4.82  5.91  7.66  9.25  9.86  9.49  8.11  7.28  4.82  2.05  0.82  0.58  0.25  0.05  0.03  0.03  0.04  0.04  0.04  0.03
 7  25  0.03  0.10  0.16  0.32  0.64  0.97  1.63  3.33  4.65  5.76  7.63  9.08  9.46  9.27  7.98  7.04  4.72  2.17  0.89  0.64  0.27  0.07  0.04  0.04  0.04  0.04  0.04  0.03
 7  30  0.03  0.09  0.16  0.31  0.63  0.95  1.60  3.26  4.65  5.65  7.50  8.82  9.24  9.08  7.84  6.87  4.66  2.33  0.97  0.73  0.30  0.09  0.05  0.05  0.04  0.05  0.04  0.04
 7  35  0.03  0.09  0.16  0.31  0.63  0.94  1.58  3.23  4.62  5.66  7.49  8.72  9.07  8.88  7.68  6.75  4.61  2.49  1.12  0.86  0.39  0.12  0.07  0.05  0.05  0.05  0.04  0.04
 7  40  0.03  0.09  0.15  0.31  0.61  0.93  1.56  3.18  4.42  5.48  7.14  8.49  8.93  8.70  7.48  6.65  4.64  2.66  1.29  1.02  0.51  0.18  0.09  0.07  0.06  0.05  0.05  0.04
 7  45  0.03  0.09  0.15  0.30  0.59  0.90  1.51  3.09  4.41  5.45  7.10  8.25  8.56  8.22  7.12  6.38  4.65  2.73  1.41  1.15  0.71  0.33  0.15  0.09  0.07  0.06  0.05  0.04
 7  50  0.03  0.08  0.14  0.28  0.56  0.84  1.41  2.89  4.24  5.27  6.85  7.94  8.16  7.78  6.81  6.12  4.63  2.81  1.56  1.30  0.84  0.43  0.29  0.12  0.08  0.06  0.05  0.04
 7  55  0.03  0.08  0.13  0.26  0.53  0.79  1.33  2.72  3.95  4.90  6.46  7.53  7.72  7.27  6.31  5.65  4.40  2.79  1.66  1.40  0.94  0.49  0.36  0.15  0.09  0.06  0.05  0.04
 7  60  0.03  0.08  0.13  0.26  0.52  0.78  1.30  2.67  3.86  4.80  6.31  7.28  7.38  6.81  5.89  5.25  4.16  2.78  1.77  1.51  1.02  0.55  0.41  0.18  0.10  0.07  0.05  0.05
 7  65  0.02  0.07  0.12  0.25  0.49  0.74  1.25  2.55  3.70  4.60  6.09  6.93  6.92  6.27  5.30  4.63  3.70  2.67  1.85  1.60  1.11  0.59  0.46  0.29  0.11  0.07  0.05  0.04
 7  70  0.02  0.07  0.12  0.24  0.47  0.71  1.19  2.44  3.53  4.40  5.85  6.57  6.46  5.71  4.71  4.01  3.23  2.57  1.94  1.69  1.20  0.64  0.51  0.33  0.12  0.07  0.05  0.04
 7  75  0.02  0.07  0.11  0.22  0.45  0.68  1.14  2.32  3.42  4.30  5.80  6.37  6.12  5.31  4.43  3.81  3.17  2.57  1.99  1.74  1.24  0.64  0.53  0.34  0.13  0.07  0.05  0.04
 7  80  0.02  0.06  0.11  0.21  0.43  0.65  1.08  2.20  3.31  4.19  5.73  6.16  5.78  4.90  4.14  3.61  3.12  2.60  2.05  1.79  1.27  0.65  0.55  0.35  0.14  0.07  0.05  0.04
 7  85  0.02  0.06  0.11  0.21  0.43  0.64  1.08  2.18  3.28  4.15  5.67  6.11  5.73  4.88  4.12  3.59  3.11  2.59  2.05  1.79  1.27  0.65  0.55  0.35  0.15  0.08  0.06  0.04
 7  90  0.02  0.06  0.11  0.21  0.43  0.64  1.07  2.16  3.24  4.10  5.60  6.05  5.69  4.85  4.10  3.57  3.10  2.59  2.05  1.79  1.27  0.65  0.55  0.35  0.16  0.08  0.06  0.04
 8 -90  0.04  0.12  0.21  0.41  0.84  1.26  2.13  4.40  5.61  6.20  6.63  6.13  5.66  5.05  3.88  3.09  3.25  3.06  2.34  1.97  1.32  0.51  0.28  0.12  0.06  0.03  0.03  0.03
 8 -85  0.04  0.12  0.21  0.41  0.83  1.26  2.13  4.39  5.59  6.20  6.64  6.14  5.67  5.04  3.87  3.08  3.25  3.06  2.34  1.97  1.32  0.51  0.29  0.12  0.06  0.03  0.03  0.03
 8 -80  0.04  0.12  0.21  0.41  0.83  1.26  2.12  4.38  5.58  6.21  6.66  6.15  5.68  5.04  3.87  3.07  3.25  3.07  2.33  1.96  1.32  0.51  0.29  0.12  0.06  0.03  0.03  0.03
 8 -75  0.04  0.12  0.21  0.42  0.84  1.26  2.12  4.35  5.65  6.30  6.76  6.13  5.64  5.04  4.07  3.35  3.37  3.11  2.36  2.00  1.38  0.54  0.30  0.13  0.06  0.04  0.03  0.03
 8 -70  0.04  0.12  0.20  0.41  0.82  1.24  2.09  4.26  5.66  6.36  6.86  6.17  5.63  5.00  4.30  3.65  3.44  3.10  2.34  1.99  1.42  0.55  0.31  0.13  0.07  0.04  0.03  0.03
 8 -65  0.04  0.12  0.20  0.40  0.79  1.19  2.00  4.06  5.65  6.47  7.12  6.59  5.92  5.15  4.82  4.41  3.91  3.13  2.18  1.84  1.28  0.52  0.34  0.14  0.07  0.04  0.03  0.03
 8 -60  0.04  0.12  0.19  0.39  0.77  1.16  1.95  3.93  5.63  6.59  7.37  6.99  6.22  5.36  5.31  5.14  4.38  3.20  2.01  1.68  1.14  0.48  0.29  0.15  0.07  0.04  0.03  0.03
 8 -55  0.04  0.11  0.19  0.38  0.77  1.15  1.92  3.86  5.64  6.81  7.65  7.51  6.71  5.84  5.61  5.58  4.70  3.24  1.86  1.54  1.00  0.41  0.29  0.15  0.07  0.04  0.03  0.03
 8 -50  0.04  0.12  0.19  0.39  0.78  1.17  1.94  3.90  5.85  7.13  8.02  7.98  7.25  6.26  5.94  6.03  5.07  3.22  1.71  1.40  0.87  0.36  0.28  0.15  0.07  0.04  0.03  0.03
 8 -45  0.04  0.12  0.20  0.39  0.79  1.19  1.99  4.02  6.03  7.29  8.40  8.45  7.98  7.17  6.47  6.14  5.08  3.14  1.66  1.36  0.81  0.34  0.26  0.14  0.07  0.04  0.03  0.03
 8 -40  0.04  0.12  0.19  0.39  0.78  1.18  1.97  4.01  5.86  7.29  8.47  8.70  8.28  7.65  6.68  6.17  5.11  3.09  1.65  1.33  0.78  0.31  0.24  0.13  0.07  0.04  0.03  0.03
 8 -35  0.04  0.11  0.19  0.37  0.75  1.13  1.89  3.84  5.66  6.97  8.32  8.79  8.62  8.00  6.94  6.27  4.95  2.80  1.41  1.12  0.63  0.26  0.19  0.10  0.06  0.04  0.03  0.03
 8 -30  0.04  0.11  0.18  0.36  0.72  1.08  1.81  3.67  5.50  6.82  8.25  8.92  8.83  8.23  7.06  6.33  4.84  2.60  1.16  0.91  0.45  0.19  0.08  0.06  0.05  0.04  0.03  0.03
 8 -25  0.04  0.11  0.18  0.36  0.71  1.08  1.81  3.68  5.47  6.73  8.21  8.96  9.11  8.56  7.29  6.54  4.72  2.26  0.90  0.68  0.31  0.06  0.05  0.04  0.04  0.04  0.04  0.03
 8 -20  0.04  0.11  0.18  0.35  0.71  1.07  1.80  3.68  5.54  6.80  8.33  9.05  9.29  9.10  7.63  6.75  4.56  1.97  0.62  0.45  0.16  0.04  0.03  0.03  0.03  0.03  0.03  0.03
 8 -15  0.03  0.10  0.17  0.34  0.68  1.02  1.72  3.53  5.27  6.67  8.37  9.30  9.57  9.57  8.10  6.94  4.19  1.72  0.57  0.41  0.14  0.04  0.03  0.03  0.03  0.03  0.03  0.03
 8 -10  0.03  0.10  0.16  0.33  0.66  1.00  1.69  3.47  5.11  6.40  8.11  9.37  9.68  9.54  8.30  7.16  3.96  1.52  0.53  0.38  0.12  0.03  0.03  0.03  0.03  0.03  0.03  0.03
 8  -5  0.03  0.10  0.16  0.33  0.66  1.00  1.69  3.48  4.93  6.04  7.93  9.49  9.55  9.46  8.48  7.28  4.12  1.56  0.52  0.38  0.13  0.03  0.03  0.02  0.03  0.03  0.03  0.03
 8   0  0.03  0.09  0.15  0.30  0.61  0.92  1.56  3.22  4.55  5.50  7.36  9.10  9.20  9.23  8.47  7.39  4.27  1.59  0.51  0.37  0.14  0.03  0.03  0.02  0.02  0.03  0.03  0.03
 8   5  0.03  0.09  0.16  0.32  0.64  0.96  1.62  3.33  4.69  5.72  7.48  9.40  9.78  9.61  8.52  7.46  4.48  1.72  0.60  0.43  0.17  0.03  0.02  0.02  0.02  0.03  0.03  0.02
 8  10  0.03  0.09  0.16  0.31  0.63  0.94  1.59  3.24  4.59  5.64  7.43  9.30 10.07  9.99  8.56  7.60  4.78  1.83  0.73  0.52  0.20  0.03  0.02  0.02  0.02  0.03  0.03  0.02
 8  15  0.03  0.10  0.16  0.32  0.64  0.96  1.62  3.32  4.66  5.85  7.67  9.47 10.15 10.02  8.41  7.46  4.82  1.91  0.79  0.58  0.21  0.03  0.03  0.03  0.03  0.03  0.03  0.03
 8  20  0.03  0.10  0.16  0.33  0.66  1.00  1.68  3.44  4.96  6.13  7.88  9.42 10.05  9.69  8.22  7.33  4.76  2.00  0.83  0.58  0.23  0.04  0.03  0.03  0.03  0.04  0.03  0.03
 8  25  0.03  0.10  0.16  0.32  0.65  0.98  1.64  3.35  4.79  6.01  7.95  9.31  9.67  9.44  8.05  7.09  4.68  2.10  0.88  0.63  0.24  0.05  0.04  0.04  0.04  0.04  0.04  0.03
 8  30  0.03  0.10  0.16  0.32  0.65  0.98  1.64  3.34  4.81  5.91  7.80  9.06  9.42  9.17  7.88  6.89  4.61  2.26  0.94  0.70  0.27  0.07  0.05  0.04  0.04  0.04  0.04  0.04
 8  35  0.03  0.10  0.16  0.32  0.65  0.97  1.63  3.32  4.82  5.93  7.77  8.92  9.15  8.90  7.69  6.73  4.54  2.35  1.04  0.79  0.35  0.10  0.06  0.05  0.05  0.05  0.04  0.04
 8  40  0.03  0.09  0.16  0.32  0.64  0.96  1.61  3.28  4.64  5.80  7.52  8.65  8.94  8.62  7.44  6.62  4.58  2.49  1.17  0.92  0.46  0.13  0.08  0.06  0.05  0.05  0.04  0.04
 8  45  0.03  0.09  0.15  0.31  0.62  0.94  1.58  3.23  4.65  5.77  7.39  8.30  8.44  8.03  6.97  6.27  4.49  2.56  1.35  1.10  0.67  0.28  0.12  0.08  0.06  0.05  0.05  0.04
 8  50  0.03  0.09  0.15  0.30  0.60  0.90  1.51  3.09  4.54  5.66  7.15  8.00  8.03  7.54  6.60  5.96  4.39  2.65  1.53  1.26  0.81  0.39  0.24  0.10  0.07  0.06  0.05  0.04
 8  55  0.03  0.08  0.14  0.28  0.56  0.85  1.42  2.90  4.26  5.31  6.79  7.56  7.52  6.96  6.11  5.55  4.14  2.68  1.64  1.37  0.89  0.44  0.29  0.13  0.08  0.06  0.05  0.04
 8  60  0.03  0.08  0.14  0.27  0.55  0.83  1.39  2.83  4.17  5.22  6.66  7.32  7.18  6.49  5.71  5.19  3.85  2.69  1.77  1.48  0.95  0.46  0.32  0.15  0.09  0.06  0.05  0.04
 8  65  0.03  0.08  0.13  0.26  0.53  0.80  1.34  2.74  4.03  5.04  6.41  6.88  6.61  5.85  5.09  4.59  3.49  2.57  1.82  1.54  1.02  0.50  0.35  0.22  0.10  0.06  0.05  0.04
 8  70  0.03  0.08  0.13  0.26  0.51  0.78  1.30  2.65  3.89  4.86  6.14  6.42  6.02  5.20  4.47  3.99  3.12  2.46  1.87  1.60  1.08  0.53  0.39  0.25  0.11  0.06  0.05  0.04
 8  75  0.03  0.08  0.13  0.25  0.51  0.76  1.28  2.59  3.81  4.77  5.88  5.87  5.36  4.53  3.98  3.62  3.03  2.42  1.90  1.64  1.11  0.55  0.40  0.26  0.12  0.07  0.05  0.04
 8  80  0.02  0.07  0.12  0.25  0.50  0.75  1.25  2.53  3.73  4.66  5.60  5.32  4.69  3.86  3.49  3.26  2.97  2.42  1.93  1.67  1.15  0.57  0.41  0.27  0.12  0.07  0.05  0.04
 8  85  0.02  0.07  0.12  0.25  0.50  0.75  1.25  2.52  3.70  4.62  5.55  5.27  4.65  3.83  3.47  3.24  2.96  2.41  1.93  1.68  1.15  0.57  0.41  0.26  0.13  0.07  0.05  0.04
 8  90  0.02  0.07  0.12  0.25  0.50  0.74  1.24  2.50  3.66  4.57  5.48  5.22  4.61  3.81  3.45  3.22  2.94  2.40  1.93  1.68  1.15  0.57  0.41  0.26  0.14  0.07  0.05  0.04
 9 -90  0.04  0.11  0.18  0.36  0.73  1.10  1.86  3.80  5.46  6.29  6.60  5.81  5.29  4.83  4.15  3.55  3.67  3.18  2.33  1.95  1.33  0.55  0.31  0.13  0.07  0.04  0.03  0.03
 9 -85  0.04  0.11  0.18  0.36  0.73  1.10  1.85  3.79  5.45  6.30  6.62  5.82  5.30  4.82  4.15  3.55  3.67  3.18  2.33  1.94  1.33  0.55  0.32  0.13  0.07  0.04  0.03  0.03
 9 -80  0.04  0.11  0.18  0.36  0.73  1.10  1.85  3.78  5.44  6.30  6.63  5.83  5.31  4.81  4.14  3.54  3.67  3.19  2.32  1.94  1.33  0.55  0.33  0.14  0.07  0.04  0.03  0.03
 9 -75  0.04  0.11  0.18  0.35  0.71  1.07  1.80  3.65  5.30  6.20  6.87  6.29  5.65  4.99  4.38  3.81  3.73  3.34  2.45  2.04  1.43  0.59  0.35  0.14  0.07  0.04  0.03  0.03
 9 -70  0.03  0.10  0.17  0.34  0.69  1.04  1.74  3.51  5.12  6.08  7.09  6.76  6.02  5.20  4.62  4.08  3.57  3.33  2.48  2.07  1.47  0.61  0.36  0.15  0.07  0.04  0.03  0.03
 9 -65  0.03  0.10  0.17  0.34  0.68  1.02  1.71  3.44  5.10  6.21  7.35  7.33  6.58  5.70  5.26  4.87  3.90  3.35  2.37  1.99  1.38  0.59  0.30  0.16  0.08  0.04  0.03  0.03
 9 -60  0.03  0.10  0.17  0.34  0.69  1.03  1.73  3.47  5.16  6.35  7.61  7.83  7.14  6.27  5.89  5.66  4.38  3.43  2.25  1.89  1.27  0.56  0.32  0.17  0.08  0.04  0.03  0.03
 9 -55  0.04  0.11  0.18  0.35  0.70  1.05  1.76  3.52  5.24  6.46  7.76  8.18  7.57  6.67  6.10  5.92  4.73  3.40  2.01  1.65  1.03  0.48  0.29  0.18  0.08  0.04  0.03  0.03
 9 -50  0.04  0.11  0.18  0.35  0.71  1.06  1.77  3.54  5.39  6.63  7.98  8.48  7.99  6.99  6.36  6.20  5.16  3.39  1.85  1.47  0.84  0.40  0.27  0.17  0.08  0.04  0.03  0.03
 9 -45  0.04  0.11  0.18  0.36  0.72  1.08  1.80  3.65  5.53  6.77  8.32  8.84  8.49  7.69  6.75  6.30  5.16  3.29  1.78  1.42  0.78  0.37  0.25  0.16  0.08  0.04  0.04  0.03
 9 -40  0.04  0.11  0.18  0.36  0.72  1.08  1.81  3.66  5.42  6.84  8.40  8.99  8.63  7.91  6.87  6.30  5.14  3.20  1.79  1.41  0.76  0.34  0.25  0.13  0.07  0.04  0.04  0.03
 9 -35  0.03  0.10  0.17  0.35  0.69  1.04  1.75  3.55  5.27  6.57  8.24  9.05  8.93  8.27  7.09  6.36  4.98  2.87  1.53  1.18  0.59  0.26  0.20  0.11  0.07  0.04  0.04  0.03
 9 -30  0.03  0.10  0.17  0.33  0.67  1.01  1.69  3.42  5.17  6.46  8.19  9.22  9.17  8.47  7.17  6.38  4.86  2.62  1.24  0.93  0.40  0.17  0.09  0.07  0.05  0.04  0.04  0.04
 9 -25  0.03  0.10  0.17  0.34  0.67  1.02  1.71  3.47  5.17  6.42  8.15  9.20  9.38  8.75  7.38  6.56  4.81  2.32  1.04  0.77  0.30  0.07  0.05  0.04  0.04  0.04  0.04  0.04
 9 -20  0.03  0.10  0.17  0.33  0.67  1.00  1.69  3.45  5.19  6.39  8.16  9.28  9.58  9.24  7.69  6.76  4.72  2.12  0.83  0.59  0.19  0.05  0.03  0.03  0.03  0.04  0.04  0.04
 9 -15  0.03  0.09  0.16  0.32  0.64  0.96  1.62  3.31  4.95  6.27  8.08  9.38  9.82  9.74  8.15  6.94  4.33  1.84  0.70  0.50  0.16  0.04  0.03  0.03  0.03  0.03  0.04  0.04
 9 -10  0.03  0.09  0.15  0.31  0.62  0.94  1.57  3.23  4.73  5.94  7.74  9.33  9.78  9.64  8.33  7.14  4.07  1.58  0.57  0.41  0.13  0.03  0.03  0.03  0.03  0.03  0.03  0.03
 9  -5  0.03  0.09  0.15  0.31  0.62  0.94  1.58  3.26  4.61  5.64  7.59  9.45  9.67  9.56  8.48  7.17  4.18  1.60  0.57  0.41  0.13  0.03  0.03  0.03  0.03  0.03  0.03  0.03
 9   0  0.03  0.09  0.14  0.29  0.58  0.88  1.49  3.06  4.26  5.16  6.95  8.97  9.21  9.26  8.42  7.22  4.27  1.64  0.56  0.40  0.14  0.03  0.03  0.02  0.03  0.03  0.03  0.03
 9   5  0.03  0.09  0.15  0.30  0.61  0.92  1.56  3.20  4.47  5.47  7.22  9.36  9.78  9.65  8.59  7.40  4.47  1.74  0.62  0.43  0.16  0.03  0.02  0.02  0.02  0.03  0.03  0.02
 9  10  0.03  0.09  0.15  0.30  0.61  0.92  1.55  3.17  4.50  5.59  7.31  9.31 10.10 10.10  8.71  7.62  4.73  1.82  0.70  0.50  0.17  0.03  0.02  0.02  0.02  0.03  0.03  0.02
 9  15  0.03  0.09  0.16  0.31  0.63  0.94  1.59  3.25  4.59  5.81  7.55  9.46 10.23 10.18  8.55  7.51  4.75  1.82  0.73  0.53  0.18  0.03  0.03  0.03  0.03  0.03  0.03  0.03
 9  20  0.03  0.10  0.16  0.32  0.65  0.98  1.65  3.37  4.94  6.19  7.89  9.40 10.10  9.84  8.30  7.38  4.69  1.86  0.74  0.52  0.19  0.04  0.03  0.03  0.03  0.03  0.03  0.03
 9  25  0.03  0.09  0.16  0.32  0.63  0.95  1.60  3.26  4.80  6.08  8.03  9.37  9.77  9.53  8.16  7.31  4.69  1.93  0.78  0.55  0.19  0.05  0.04  0.03  0.04  0.04  0.04  0.03
 9  30  0.03  0.10  0.16  0.32  0.64  0.96  1.62  3.29  4.83  6.01  7.90  9.16  9.52  9.18  8.07  7.27  4.69  2.05  0.81  0.59  0.22  0.06  0.04  0.04  0.04  0.04  0.04  0.04
 9  35  0.03  0.10  0.16  0.32  0.65  0.97  1.63  3.31  4.93  6.13  7.96  9.01  9.13  8.82  7.73  6.86  4.54  2.18  0.96  0.72  0.31  0.08  0.05  0.04  0.04  0.04  0.04  0.04
 9  40  0.03  0.10  0.16  0.32  0.65  0.98  1.64  3.34  4.87  6.14  7.88  8.77  8.81  8.39  7.30  6.54  4.52  2.40  1.18  0.91  0.44  0.12  0.07  0.05  0.05  0.04  0.04  0.04
 9  45  0.03  0.10  0.16  0.33  0.65  0.98  1.65  3.38  4.96  6.20  7.72  8.28  8.15  7.65  6.71  6.11  4.41  2.50  1.40  1.12  0.66  0.28  0.11  0.07  0.06  0.05  0.04  0.04
 9  50  0.03  0.10  0.16  0.32  0.65  0.98  1.64  3.36  5.02  6.24  7.58  7.98  7.65  7.02  6.24  5.75  4.32  2.63  1.58  1.28  0.80  0.37  0.22  0.10  0.07  0.05  0.04  0.04
 9  55  0.03  0.09  0.16  0.31  0.62  0.94  1.58  3.22  4.83  6.04  7.27  7.48  7.01  6.35  5.69  5.31  4.12  2.67  1.68  1.38  0.88  0.44  0.27  0.13  0.08  0.05  0.05  0.04
 9  60  0.03  0.09  0.15  0.31  0.62  0.94  1.57  3.20  4.84  6.06  7.20  7.19  6.59  5.82  5.24  4.91  3.88  2.65  1.79  1.48  0.94  0.46  0.29  0.17  0.09  0.05  0.05  0.04
 9  65  0.03  0.09  0.16  0.31  0.63  0.95  1.59  3.23  4.85  6.02  6.92  6.68  5.99  5.20  4.63  4.29  3.52  2.51  1.83  1.54  1.00  0.49  0.31  0.19  0.09  0.06  0.05  0.04
 9  70  0.03  0.09  0.16  0.32  0.64  0.96  1.61  3.26  4.86  5.97  6.64  6.16  5.38  4.58  4.02  3.67  3.15  2.37  1.88  1.59  1.06  0.52  0.33  0.20  0.10  0.06  0.05  0.04
 9  75  0.03  0.10  0.16  0.32  0.64  0.96  1.61  3.27  4.67  5.60  5.90  5.37  4.69  4.05  3.76  3.60  3.06  2.32  1.86  1.59  1.06  0.51  0.33  0.21  0.10  0.06  0.05  0.04
 9  80  0.03  0.10  0.16  0.32  0.64  0.96  1.62  3.27  4.46  5.21  5.16  4.57  4.01  3.52  3.50  3.54  2.99  2.31  1.86  1.59  1.07  0.51  0.34  0.22  0.11  0.06  0.05  0.04
 9  85  0.03  0.10  0.16  0.32  0.64  0.96  1.61  3.25  4.43  5.16  5.11  4.52  3.97  3.50  3.49  3.52  2.97  2.30  1.86  1.59  1.07  0.51  0.34  0.22  0.11  0.06  0.05  0.04
 9  90  0.03  0.10  0.16  0.32  0.64  0.96  1.61  3.24  4.40  5.12  5.05  4.47  3.93  3.48  3.47  3.50  2.96  2.30  1.86  1.60  1.07  0.51  0.34  0.22  0.11  0.06  0.05  0.04
10 -90  0.03  0.09  0.14  0.29  0.58  0.87  1.46  2.97  4.36  5.39  6.70  6.93  6.23  5.42  4.94  4.63  4.20  3.28  2.23  1.86  1.30  0.58  0.37  0.15  0.07  0.04  0.03  0.03
10 -85  0.03  0.09  0.14  0.29  0.58  0.87  1.46  2.96  4.35  5.40  6.72  6.94  6.24  5.41  4.94  4.63  4.20  3.29  2.23  1.86  1.30  0.58  0.38  0.16  0.08  0.04  0.03  0.03
10 -80  0.03  0.09  0.14  0.29  0.58  0.87  1.46  2.95  4.34  5.40  6.73  6.96  6.25  5.41  4.93  4.62  4.20  3.29  2.22  1.85  1.30  0.58  0.39  0.16  0.08  0.04  0.03  0.03
10 -75  0.03  0.09  0.15  0.29  0.58  0.87  1.46  2.94  4.33  5.41  6.81  7.25  6.64  5.82  5.39  5.21  4.39  3.64  2.48  2.04  1.43  0.64  0.30  0.17  0.08  0.04  0.03  0.03
10 -70  0.03  0.09  0.15  0.29  0.58  0.87  1.46  2.94  4.32  5.41  6.86  7.54  7.06  6.26  5.81  5.75  4.50  3.74  2.56  2.12  1.48  0.67  0.33  0.18  0.08  0.04  0.03  0.03
10 -65  0.03  0.09  0.15  0.30  0.60  0.90  1.50  3.02  4.46  5.59  7.11  7.90  7.51  6.70  6.33  6.31  4.75  3.74  2.49  2.07  1.38  0.63  0.33  0.19  0.09  0.04  0.03  0.03
10 -60  0.03  0.09  0.15  0.31  0.62  0.93  1.55  3.11  4.61  5.80  7.38  8.25  7.95  7.12  6.86  6.89  5.21  3.81  2.39  1.97  1.25  0.58  0.33  0.20  0.09  0.04  0.03  0.03
10 -55  0.03  0.09  0.16  0.32  0.63  0.95  1.58  3.16  4.71  5.91  7.54  8.45  8.21  7.36  6.80  6.64  5.20  3.53  2.10  1.71  1.03  0.48  0.30  0.19  0.10  0.05  0.03  0.03
10 -50  0.03  0.09  0.16  0.32  0.63  0.95  1.58  3.16  4.78  6.01  7.71  8.68  8.45  7.51  6.74  6.42  5.28  3.44  1.95  1.56  0.88  0.38  0.26  0.19  0.09  0.05  0.04  0.03
10 -45  0.03  0.09  0.16  0.31  0.63  0.94  1.58  3.18  4.88  6.08  7.98  9.03  8.86  8.10  7.17  6.76  5.51  3.51  1.95  1.56  0.86  0.36  0.24  0.15  0.08  0.05  0.04  0.03
10 -40  0.03  0.09  0.16  0.31  0.63  0.95  1.58  3.21  4.84  6.19  8.10  9.20  9.00  8.20  7.42  7.01  5.67  3.57  2.04  1.62  0.89  0.35  0.24  0.12  0.07  0.04  0.04  0.03
10 -35  0.03  0.09  0.16  0.31  0.62  0.94  1.57  3.17  4.72  5.94  7.91  9.20  9.24  8.59  7.56  6.99  5.35  3.05  1.60  1.24  0.63  0.25  0.17  0.09  0.06  0.04  0.04  0.04
10 -30  0.03  0.09  0.15  0.31  0.61  0.92  1.54  3.12  4.69  5.88  7.85  9.36  9.49  8.77  7.61  6.92  5.05  2.58  1.14  0.85  0.37  0.15  0.10  0.07  0.05  0.04  0.04  0.04
10 -25  0.03  0.09  0.16  0.31  0.63  0.94  1.58  3.21  4.75  5.94  7.85  9.28  9.58  8.98  7.69  6.94  4.81  2.15  0.97  0.70  0.27  0.08  0.05  0.05  0.04  0.04  0.04  0.04
10 -20  0.03  0.09  0.15  0.31  0.62  0.93  1.57  3.19  4.76  5.86  7.78  9.33  9.78  9.39  7.90  6.98  4.56  1.86  0.76  0.53  0.16  0.05  0.04  0.03  0.04  0.04  0.04  0.04
10 -15  0.03  0.09  0.15  0.30  0.60  0.90  1.51  3.09  4.59  5.78  7.61  9.28  9.95  9.81  8.27  7.13  4.27  1.73  0.67  0.46  0.13  0.04  0.03  0.03  0.03  0.03  0.04  0.04
10 -10  0.03  0.09  0.14  0.29  0.58  0.87  1.47  2.99  4.36  5.47  7.28  9.11  9.72  9.62  8.39  7.31  4.10  1.61  0.56  0.39  0.11  0.03  0.03  0.03  0.03  0.03  0.03  0.03
10  -5  0.03  0.09  0.14  0.29  0.58  0.88  1.48  3.04  4.33  5.29  7.22  9.20  9.60  9.50  8.51  7.34  4.18  1.63  0.54  0.37  0.11  0.03  0.03  0.03  0.03  0.03  0.03  0.03
10   0  0.03  0.08  0.14  0.28  0.57  0.86  1.45  2.98  4.06  4.95  6.64  8.73  9.16  9.16  8.45  7.41  4.24  1.65  0.51  0.35  0.11  0.03  0.02  0.02  0.02  0.03  0.03  0.02
10   5  0.03  0.09  0.15  0.30  0.60  0.90  1.51  3.10  4.32  5.30  7.00  9.12  9.55  9.51  8.58  7.44  4.41  1.72  0.58  0.40  0.13  0.03  0.02  0.02  0.02  0.03  0.03  0.02
10  10  0.03  0.09  0.15  0.30  0.60  0.91  1.52  3.10  4.45  5.52  7.14  9.05  9.80  9.91  8.64  7.51  4.61  1.79  0.68  0.47  0.15  0.03  0.02  0.02  0.02  0.03  0.03  0.02
10  15  0.03  0.09  0.15  0.31  0.61  0.92  1.55  3.17  4.53  5.72  7.32  9.15  9.94 10.02  8.42  7.35  4.59  1.76  0.70  0.50  0.16  0.03  0.03  0.03  0.03  0.03  0.03  0.03
10  20  0.03  0.09  0.16  0.32  0.64  0.96  1.61  3.30  4.87  6.12  7.68  9.08  9.83  9.72  8.12  7.15  4.53  1.80  0.71  0.50  0.17  0.04  0.03  0.03  0.03  0.03  0.03  0.03
10  25  0.03  0.09  0.16  0.31  0.62  0.94  1.57  3.20  4.82  6.12  7.91  9.15  9.58  9.34  7.92  7.12  4.56  1.87  0.74  0.53  0.18  0.05  0.03  0.03  0.03  0.03  0.04  0.03
10  30  0.03  0.10  0.16  0.32  0.64  0.97  1.62  3.30  4.90  6.16  7.87  9.02  9.35  8.92  7.83  7.12  4.59  1.97  0.76  0.55  0.21  0.06  0.04  0.04  0.04  0.04  0.04  0.03
10  35  0.03  0.10  0.16  0.33  0.66  1.00  1.67  3.40  5.14  6.45  8.09  8.84  8.79  8.41  7.41  6.66  4.47  2.09  0.93  0.69  0.32  0.09  0.06  0.04  0.04  0.04  0.04  0.04
10  40  0.03  0.10  0.17  0.34  0.68  1.02  1.72  3.50  5.29  6.66  8.21  8.64  8.31  7.74  6.87  6.29  4.46  2.32  1.19  0.91  0.46  0.22  0.08  0.06  0.05  0.04  0.04  0.04
10  45  0.04  0.11  0.18  0.36  0.71  1.08  1.81  3.70  5.47  6.81  8.01  8.03  7.57  7.02  6.33  5.92  4.43  2.51  1.45  1.16  0.69  0.30  0.17  0.08  0.06  0.04  0.04  0.04
10  50  0.04  0.11  0.18  0.37  0.73  1.10  1.86  3.79  5.75  6.99  7.91  7.69  7.02  6.32  5.85  5.60  4.46  2.74  1.65  1.33  0.83  0.37  0.21  0.10  0.07  0.05  0.04  0.04
10  55  0.04  0.11  0.18  0.37  0.74  1.11  1.86  3.79  5.71  6.83  7.48  7.07  6.36  5.74  5.42  5.31  4.39  2.77  1.73  1.40  0.90  0.44  0.25  0.15  0.08  0.05  0.04  0.04
10  60  0.04  0.11  0.19  0.38  0.76  1.14  1.91  3.88  5.78  6.86  7.30  6.70  5.93  5.32  5.09  5.04  4.25  2.74  1.81  1.48  0.95  0.47  0.27  0.16  0.09  0.05  0.04  0.04
10  65  0.04  0.12  0.19  0.39  0.77  1.16  1.95  3.97  5.72  6.62  6.83  6.14  5.40  4.85  4.67  4.61  3.91  2.63  1.90  1.57  1.04  0.49  0.28  0.17  0.09  0.05  0.04  0.04
10  70  0.04  0.12  0.20  0.39  0.79  1.18  1.98  4.03  5.63  6.38  6.35  5.56  4.87  4.38  4.25  4.17  3.56  2.53  1.99  1.67  1.13  0.51  0.29  0.18  0.09  0.05  0.04  0.04
10  75  0.04  0.12  0.19  0.39  0.78  1.18  1.97  4.00  5.25  5.71  5.56  4.89  4.35  3.99  3.90  3.82  3.37  2.50  2.02  1.70  1.17  0.52  0.29  0.18  0.09  0.05  0.04  0.04
10  80  0.04  0.12  0.19  0.39  0.78  1.17  1.95  3.96  4.85  5.04  4.76  4.22  3.83  3.60  3.55  3.48  3.20  2.51  2.06  1.75  1.21  0.54  0.30  0.19  0.10  0.05  0.04  0.04
10  85  0.04  0.12  0.19  0.39  0.78  1.17  1.95  3.95  4.82  5.00  4.71  4.17  3.80  3.58  3.53  3.47  3.19  2.51  2.06  1.75  1.21  0.54  0.30  0.19  0.11  0.05  0.04  0.04
10  90  0.04  0.12  0.19  0.39  0.77  1.16  1.95  3.93  4.80  4.96  4.66  4.12  3.76  3.56  3.51  3.45  3.18  2.50  2.06  1.75  1.21  0.54  0.30  0.19  0.11  0.05  0.04  0.04
11 -90  0.02  0.07  0.12  0.25  0.50  0.75  1.26  2.54  3.62  4.49  6.20  7.20  7.07  6.38  5.94  6.01  5.09  3.79  2.63  2.18  1.46  0.63  0.30  0.16  0.10  0.04  0.03  0.02
11 -85  0.02  0.07  0.12  0.25  0.50  0.75  1.26  2.53  3.61  4.50  6.21  7.21  7.08  6.37  5.94  6.00  5.09  3.79  2.62  2.17  1.46  0.63  0.30  0.21  0.10  0.04  0.03  0.03
11 -80  0.02  0.07  0.12  0.25  0.50  0.75  1.25  2.52  3.60  4.50  6.22  7.22  7.09  6.37  5.93  6.00  5.09  3.79  2.62  2.17  1.46  0.63  0.30  0.16  0.10  0.04  0.03  0.03
11 -75  0.03  0.08  0.13  0.25  0.51  0.76  1.27  2.54  3.65  4.58  6.27  7.34  7.27  6.53  6.24  6.38  5.34  3.95  2.74  2.27  1.53  0.67  0.32  0.17  0.09  0.04  0.03  0.03
11 -70  0.03  0.08  0.13  0.26  0.51  0.77  1.28  2.57  3.71  4.66  6.30  7.45  7.45  6.71  6.55  6.74  5.53  3.95  2.72  2.26  1.52  0.70  0.34  0.18  0.10  0.04  0.03  0.03
11 -65  0.03  0.08  0.13  0.26  0.53  0.79  1.32  2.64  3.84  4.83  6.52  7.72  7.74  6.97  6.79  6.89  5.51  3.79  2.54  2.09  1.36  0.65  0.34  0.19  0.10  0.04  0.03  0.03
11 -60  0.03  0.08  0.14  0.27  0.54  0.82  1.36  2.73  3.98  5.02  6.75  7.98  8.03  7.24  7.04  7.07  5.52  3.65  2.33  1.91  1.19  0.58  0.33  0.20  0.10  0.05  0.03  0.03
11 -55  0.03  0.08  0.14  0.28  0.56  0.84  1.40  2.81  4.10  5.16  6.93  8.23  8.32  7.55  6.95  6.68  5.25  3.37  2.00  1.62  0.94  0.46  0.29  0.19  0.10  0.05  0.03  0.03
11 -50  0.03  0.08  0.14  0.28  0.57  0.85  1.41  2.83  4.15  5.24  7.06  8.49  8.61  7.77  6.82  6.31  5.10  3.25  1.80  1.41  0.75  0.34  0.24  0.19  0.10  0.05  0.04  0.03
11 -45  0.03  0.08  0.14  0.28  0.56  0.84  1.40  2.82  4.22  5.26  7.24  8.84  8.99  8.32  7.17  6.58  5.29  3.28  1.79  1.40  0.74  0.31  0.22  0.15  0.08  0.05  0.04  0.03
11 -40  0.03  0.08  0.14  0.28  0.55  0.83  1.40  2.82  4.27  5.41  7.43  9.08  9.22  8.48  7.44  6.78  5.38  3.31  1.88  1.47  0.77  0.31  0.22  0.11  0.07  0.04  0.04  0.03
11 -35  0.03  0.08  0.14  0.28  0.56  0.85  1.42  2.87  4.16  5.23  7.28  9.05  9.37  8.89  7.61  6.86  5.05  2.83  1.44  1.10  0.53  0.23  0.14  0.08  0.06  0.04  0.04  0.03
11 -30  0.03  0.08  0.14  0.28  0.57  0.85  1.42  2.87  4.23  5.28  7.30  9.21  9.62  9.08  7.74  6.91  4.74  2.36  1.00  0.73  0.30  0.14  0.09  0.06  0.05  0.04  0.04  0.04
11 -25  0.03  0.09  0.15  0.29  0.59  0.88  1.48  2.99  4.35  5.46  7.47  9.20  9.64  9.16  7.73  6.85  4.56  2.05  0.88  0.62  0.23  0.08  0.06  0.05  0.04  0.04  0.04  0.04
11 -20  0.03  0.09  0.14  0.29  0.58  0.87  1.47  2.97  4.41  5.46  7.46  9.28  9.84  9.45  7.85  6.82  4.38  1.87  0.73  0.50  0.14  0.06  0.04  0.04  0.04  0.04  0.04  0.04
11 -15  0.03  0.09  0.14  0.28  0.57  0.86  1.45  2.95  4.36  5.43  7.29  9.21 10.01  9.77  8.12  6.97  4.18  1.75  0.65  0.44  0.13  0.04  0.03  0.03  0.03  0.04  0.04  0.03
11 -10  0.03  0.08  0.14  0.28  0.56  0.84  1.41  2.87  4.17  5.22  7.03  9.00  9.67  9.56  8.19  7.15  4.06  1.61  0.56  0.39  0.12  0.04  0.03  0.03  0.03  0.03  0.03  0.03
11  -5  0.03  0.08  0.14  0.28  0.56  0.85  1.43  2.93  4.23  5.20  7.13  9.04  9.53  9.39  8.23  7.12  4.08  1.58  0.54  0.37  0.12  0.03  0.03  0.03  0.03  0.03  0.03  0.03
11   0  0.03  0.09  0.14  0.29  0.58  0.88  1.48  3.03  4.12  5.08  6.73  8.70  9.21  9.07  8.14  7.16  4.05  1.54  0.50  0.35  0.12  0.03  0.03  0.02  0.03  0.03  0.03  0.02
11   5  0.03  0.09  0.15  0.30  0.60  0.90  1.51  3.09  4.36  5.34  7.05  8.96  9.33  9.31  8.29  7.18  4.22  1.60  0.55  0.37  0.13  0.03  0.03  0.02  0.03  0.03  0.03  0.02
11  10  0.03  0.09  0.15  0.30  0.60  0.90  1.52  3.09  4.47  5.54  7.10  8.77  9.39  9.56  8.36  7.24  4.42  1.66  0.60  0.41  0.13  0.03  0.03  0.03  0.03  0.03  0.03  0.03
11  15  0.03  0.09  0.15  0.30  0.61  0.92  1.54  3.14  4.58  5.74  7.21  8.77  9.43  9.58  8.10  7.07  4.32  1.62  0.62  0.44  0.15  0.03  0.03  0.03  0.03  0.03  0.03  0.03
11  20  0.03  0.09  0.16  0.32  0.63  0.95  1.60  3.27  4.89  6.17  7.56  8.67  9.31  9.29  7.77  6.86  4.25  1.67  0.62  0.44  0.16  0.04  0.03  0.03  0.03  0.03  0.03  0.03
11  25  0.03  0.09  0.16  0.31  0.63  0.95  1.59  3.22  4.97  6.27  7.82  8.78  9.09  8.80  7.48  6.81  4.31  1.83  0.71  0.52  0.19  0.05  0.03  0.03  0.03  0.03  0.03  0.03
11  30  0.03  0.10  0.17  0.33  0.66  1.00  1.68  3.41  5.12  6.46  7.89  8.69  8.87  8.36  7.36  6.77  4.41  1.95  0.76  0.56  0.23  0.07  0.04  0.04  0.03  0.03  0.03  0.03
11  35  0.03  0.10  0.17  0.35  0.70  1.06  1.78  3.61  5.48  6.88  8.18  8.51  8.29  7.89  7.07  6.49  4.53  2.16  0.97  0.73  0.36  0.16  0.06  0.05  0.04  0.04  0.04  0.03
11  40  0.04  0.11  0.18  0.37  0.74  1.11  1.87  3.80  5.79  7.25  8.37  8.33  7.77  7.18  6.60  6.27  4.75  2.49  1.28  0.98  0.50  0.22  0.09  0.06  0.05  0.04  0.04  0.04
11  45  0.04  0.12  0.19  0.39  0.78  1.18  1.98  4.03  5.97  7.35  8.07  7.68  7.07  6.59  6.23  6.03  4.78  2.70  1.55  1.24  0.74  0.34  0.20  0.09  0.06  0.04  0.04  0.04
11  50  0.04  0.12  0.21  0.41  0.82  1.24  2.09  4.25  6.33  7.50  7.92  7.28  6.50  5.88  5.83  5.83  4.88  2.93  1.77  1.43  0.91  0.44  0.24  0.15  0.07  0.05  0.04  0.04
11  55  0.04  0.12  0.21  0.41  0.83  1.25  2.10  4.29  6.20  7.11  7.31  6.59  5.92  5.47  5.54  5.65  4.77  2.97  1.85  1.51  1.02  0.49  0.27  0.16  0.08  0.05  0.04  0.04
11  60  0.04  0.13  0.21  0.42  0.84  1.26  2.12  4.31  6.11  6.95  6.94  6.14  5.54  5.19  5.32  5.45  4.59  2.95  1.92  1.60  1.13  0.52  0.27  0.17  0.08  0.05  0.04  0.04
11  65  0.04  0.12  0.20  0.41  0.81  1.23  2.06  4.18  5.89  6.64  6.63  5.88  5.37  5.07  5.08  5.09  4.41  2.95  2.08  1.76  1.29  0.58  0.30  0.18  0.09  0.05  0.04  0.04
11  70  0.04  0.12  0.20  0.40  0.80  1.21  2.03  4.13  5.67  6.32  6.32  5.62  5.20  4.96  4.84  4.72  4.24  2.95  2.24  1.93  1.45  0.64  0.32  0.19  0.09  0.05  0.04  0.04
11  75  0.04  0.12  0.20  0.40  0.80  1.20  2.01  4.09  5.38  5.92  5.82  4.89  4.36  4.12  4.02  3.90  3.65  2.83  2.16  1.86  1.37  0.60  0.29  0.17  0.09  0.05  0.04  0.04
11  80  0.04  0.12  0.20  0.39  0.78  1.18  1.98  4.04  5.10  5.51  5.31  4.16  3.51  3.27  3.20  3.10  3.09  2.75  2.09  1.79  1.31  0.56  0.26  0.15  0.09  0.05  0.04  0.04
11  85  0.04  0.12  0.19  0.39  0.78  1.18  1.98  4.03  5.07  5.48  5.27  4.12  3.48  3.25  3.18  3.08  3.08  2.74  2.09  1.79  1.31  0.56  0.26  0.15  0.09  0.05  0.04  0.04
11  90  0.04  0.12  0.19  0.39  0.78  1.18  1.98  4.01  5.05  5.44  5.22  4.08  3.45  3.23  3.17  3.06  3.07  2.74  2.09  1.79  1.31  0.56  0.26  0.15  0.09  0.05  0.04  0.04
12 -90  0.02  0.07  0.11  0.22  0.45  0.67  1.12  2.27  3.25  4.03  5.69  6.89  6.81  6.02  5.59  5.39  4.96  3.58  2.51  2.09  1.33  0.63  0.33  0.18  0.08  0.05  0.03  0.02
12 -85  0.02  0.07  0.11  0.22  0.44  0.67  1.12  2.26  3.24  4.03  5.71  6.90  6.81  6.01  5.59  5.38  4.96  3.58  2.50  2.08  1.33  0.63  0.33  0.18  0.08  0.05  0.03  0.02
12 -80  0.02  0.07  0.11  0.22  0.44  0.67  1.12  2.25  3.23  4.03  5.72  6.91  6.82  6.01  5.58  5.38  4.96  3.59  2.50  2.08  1.33  0.63  0.33  0.18  0.08  0.05  0.03  0.02
12 -75  0.02  0.07  0.11  0.23  0.46  0.69  1.14  2.30  3.30  4.12  5.77  7.01  6.98  6.18  5.75  5.55  5.08  3.58  2.48  2.07  1.34  0.63  0.33  0.18  0.11  0.05  0.03  0.03
12 -70  0.02  0.07  0.12  0.23  0.47  0.70  1.17  2.35  3.38  4.21  5.82  7.10  7.14  6.35  5.93  5.72  5.18  3.55  2.41  2.01  1.30  0.62  0.34  0.18  0.11  0.05  0.03  0.03
12 -65  0.02  0.07  0.12  0.24  0.49  0.73  1.22  2.44  3.50  4.36  6.01  7.38  7.51  6.77  6.28  6.03  5.19  3.42  2.21  1.83  1.16  0.55  0.32  0.18  0.11  0.05  0.03  0.03
12 -60  0.03  0.08  0.13  0.25  0.51  0.76  1.27  2.54  3.63  4.52  6.21  7.66  7.88  7.18  6.64  6.34  5.21  3.31  2.01  1.66  1.01  0.48  0.30  0.19  0.11  0.05  0.03  0.03
12 -55  0.03  0.08  0.13  0.26  0.53  0.79  1.32  2.65  3.78  4.73  6.44  7.97  8.29  7.68  6.94  6.47  5.06  3.07  1.73  1.40  0.81  0.40  0.27  0.18  0.11  0.05  0.03  0.03
12 -50  0.03  0.08  0.13  0.27  0.54  0.80  1.34  2.68  3.86  4.85  6.60  8.27  8.69  8.10  7.18  6.60  4.99  2.90  1.51  1.19  0.63  0.32  0.22  0.18  0.10  0.05  0.04  0.03
12 -45  0.03  0.08  0.13  0.27  0.53  0.80  1.34  2.71  3.92  4.86  6.73  8.61  9.07  8.63  7.26  6.45  4.90  2.79  1.45  1.13  0.59  0.27  0.18  0.13  0.08  0.05  0.04  0.03
12 -40  0.03  0.08  0.13  0.27  0.53  0.80  1.34  2.69  4.03  5.05  7.02  8.93  9.38  8.86  7.33  6.26  4.71  2.68  1.47  1.15  0.60  0.24  0.16  0.09  0.06  0.04  0.04  0.03
12 -35  0.03  0.08  0.14  0.27  0.55  0.82  1.37  2.77  3.93  4.92  6.94  8.93  9.44  9.17  7.66  6.72  4.63  2.40  1.16  0.88  0.42  0.19  0.11  0.07  0.05  0.04  0.04  0.03
12 -30  0.03  0.08  0.14  0.28  0.55  0.83  1.39  2.79  4.06  5.05  7.08  9.13  9.65  9.25  7.99  7.18  4.56  2.10  0.85  0.61  0.25  0.12  0.07  0.05  0.05  0.04  0.04  0.03
12 -25  0.03  0.09  0.14  0.29  0.57  0.86  1.44  2.91  4.20  5.31  7.40  9.23  9.67  9.24  7.91  7.08  4.43  1.89  0.76  0.53  0.19  0.08  0.05  0.04  0.04  0.04  0.04  0.03
12 -20  0.03  0.08  0.14  0.28  0.57  0.85  1.42  2.88  4.30  5.40  7.48  9.37  9.90  9.43  7.96  7.00  4.33  1.76  0.65  0.44  0.12  0.05  0.04  0.04  0.04  0.04  0.04  0.03
12 -15  0.03  0.08  0.14  0.28  0.57  0.85  1.43  2.91  4.37  5.40  7.34  9.37 10.12  9.67  8.09  7.05  4.18  1.68  0.59  0.39  0.11  0.04  0.03  0.03  0.03  0.03  0.03  0.03
12 -10  0.03  0.08  0.14  0.28  0.56  0.84  1.41  2.86  4.22  5.32  7.19  9.18  9.77  9.54  8.08  7.13  4.09  1.58  0.52  0.35  0.11  0.04  0.03  0.03  0.03  0.03  0.03  0.03
12  -5  0.03  0.08  0.14  0.28  0.56  0.85  1.43  2.91  4.35  5.42  7.41  9.17  9.64  9.38  7.90  6.83  3.99  1.53  0.50  0.34  0.13  0.03  0.03  0.02  0.03  0.03  0.03  0.02
12   0  0.03  0.09  0.15  0.30  0.60  0.91  1.53  3.13  4.42  5.50  7.24  9.05  9.56  9.18  7.67  6.57  3.81  1.44  0.46  0.32  0.13  0.03  0.03  0.02  0.02  0.03  0.03  0.02
12   5  0.03  0.09  0.15  0.30  0.61  0.91  1.54  3.14  4.60  5.65  7.50  9.07  9.32  9.20  7.87  6.73  4.04  1.52  0.51  0.34  0.12  0.03  0.03  0.03  0.03  0.03  0.03  0.03
12  10  0.03  0.09  0.15  0.30  0.61  0.92  1.55  3.15  4.63  5.79  7.38  8.74  9.08  9.15  8.00  6.94  4.27  1.64  0.57  0.38  0.13  0.03  0.03  0.03  0.03  0.03  0.03  0.03
12  15  0.03  0.09  0.15  0.31  0.61  0.93  1.55  3.17  4.72  5.93  7.37  8.61  8.99  9.05  7.67  6.73  4.15  1.63  0.61  0.42  0.14  0.04  0.03  0.03  0.03  0.03  0.03  0.03
12  20  0.03  0.09  0.16  0.32  0.63  0.96  1.61  3.27  4.95  6.27  7.61  8.47  8.89  8.79  7.34  6.50  4.12  1.74  0.63  0.45  0.16  0.04  0.03  0.03  0.03  0.03  0.03  0.03
12  25  0.03  0.09  0.16  0.31  0.62  0.94  1.57  3.19  5.00  6.26  7.71  8.51  8.67  8.24  7.13  6.63  4.30  1.98  0.78  0.58  0.22  0.05  0.04  0.04  0.03  0.03  0.03  0.03
12  30  0.03  0.10  0.16  0.33  0.66  0.99  1.66  3.38  5.08  6.41  7.71  8.37  8.46  7.85  7.14  6.77  4.55  2.14  0.87  0.65  0.27  0.08  0.05  0.04  0.04  0.04  0.04  0.03
12  35  0.03  0.10  0.17  0.35  0.70  1.05  1.76  3.57  5.39  6.75  7.95  8.19  7.96  7.51  7.04  6.71  4.82  2.37  1.08  0.84  0.44  0.20  0.08  0.06  0.05  0.04  0.04  0.04
12  40  0.04  0.11  0.18  0.37  0.74  1.11  1.86  3.79  5.66  7.02  8.07  8.02  7.50  6.90  6.72  6.67  5.16  2.70  1.42  1.10  0.63  0.29  0.16  0.08  0.06  0.04  0.04  0.04
12  45  0.04  0.12  0.19  0.38  0.77  1.16  1.95  3.98  5.77  7.04  7.77  7.47  6.92  6.54  6.41  6.32  5.11  3.04  1.70  1.37  0.86  0.41  0.24  0.15  0.07  0.05  0.04  0.04
12  50  0.04  0.12  0.20  0.41  0.82  1.23  2.06  4.21  6.11  7.16  7.57  7.04  6.40  5.93  5.99  6.01  5.12  3.37  1.95  1.59  1.03  0.50  0.28  0.18  0.08  0.05  0.04  0.04
12  55  0.04  0.12  0.20  0.41  0.82  1.23  2.07  4.22  5.97  6.74  7.01  6.45  6.00  5.72  5.77  5.82  4.96  3.39  2.08  1.71  1.18  0.57  0.30  0.20  0.08  0.05  0.04  0.04
12  60  0.04  0.12  0.20  0.40  0.81  1.22  2.05  4.17  5.82  6.50  6.65  6.09  5.76  5.62  5.59  5.59  4.72  3.34  2.21  1.84  1.32  0.63  0.32  0.20  0.09  0.05  0.04  0.04
12  65  0.04  0.12  0.21  0.42  0.84  1.26  2.12  4.33  5.79  6.45  6.59  5.96  5.62  5.49  5.36  5.26  4.56  3.23  2.26  1.91  1.39  0.65  0.30  0.18  0.09  0.05  0.04  0.04
12  70  0.04  0.13  0.21  0.43  0.86  1.30  2.18  4.45  5.73  6.37  6.49  5.83  5.47  5.35  5.12  4.93  4.41  3.13  2.31  1.97  1.45  0.66  0.28  0.16  0.09  0.05  0.04  0.04
12  75  0.04  0.12  0.21  0.41  0.83  1.25  2.11  4.31  5.48  6.12  6.21  5.39  4.96  4.84  4.64  4.46  4.19  3.13  2.33  1.99  1.46  0.65  0.30  0.18  0.09  0.05  0.04  0.04
12  80  0.04  0.12  0.20  0.39  0.79  1.20  2.02  4.14  5.24  5.86  5.92  4.95  4.45  4.31  4.16  4.01  3.97  3.15  2.34  2.01  1.47  0.65  0.32  0.19  0.09  0.05  0.04  0.04
12  85  0.04  0.12  0.20  0.39  0.79  1.20  2.01  4.13  5.22  5.82  5.88  4.91  4.42  4.29  4.14  3.99  3.96  3.14  2.34  2.01  1.47  0.65  0.32  0.19  0.10  0.05  0.04  0.04
12  90  0.04  0.12  0.20  0.39  0.79  1.20  2.01  4.11  5.19  5.79  5.83  4.87  4.39  4.27  4.13  3.98  3.95  3.14  2.34  2.01  1.47  0.65  0.32  0.19  0.10  0.05  0.04  0.04
