     0.010
     0.030
     0.050
     0.100
     0.200
     0.300
     0.500
     1.000
     1.500
     2.000
     3.000
     5.000
     7.000
    10.000
    15.000
    20.000
    30.000
    50.000
    70.000
    80.000
   100.000
   150.000
   200.000
   250.000
   300.000
   400.000
   500.000
   600.000
 1 -90  0.03  0.08  0.13  0.26  0.51  0.75  1.22  2.27  3.45  4.33  5.83  6.43  6.03  5.07  4.05  3.56  3.68  3.45  2.67  2.30  1.64  0.83  0.45  0.24  0.11  0.05  0.03  0.02
 1 -85  0.03  0.08  0.13  0.26  0.51  0.75  1.22  2.27  3.49  4.34  5.81  6.46  6.10  5.19  4.20  3.64  3.61  3.26  2.48  2.12  1.50  0.73  0.42  0.24  0.11  0.05  0.03  0.02
 1 -80  0.03  0.08  0.13  0.26  0.51  0.76  1.23  2.29  3.49  4.33  5.80  6.46  6.11  5.22  4.24  3.67  3.59  3.22  2.45  2.10  1.48  0.72  0.42  0.23  0.11  0.04  0.03  0.02
 1 -75  0.03  0.08  0.14  0.27  0.53  0.79  1.28  2.39  3.57  4.39  5.80  6.60  6.37  5.54  4.63  4.10  3.87  3.23  2.39  2.04  1.42  0.69  0.41  0.22  0.10  0.04  0.03  0.02
 1 -70  0.03  0.08  0.14  0.28  0.55  0.81  1.31  2.46  3.63  4.45  5.84  6.77  6.65  5.89  5.05  4.55  4.16  3.24  2.32  1.97  1.35  0.67  0.39  0.21  0.10  0.04  0.03  0.02
 1 -65  0.03  0.09  0.14  0.28  0.56  0.83  1.36  2.54  3.73  4.58  6.05  7.18  7.20  6.54  5.77  5.28  4.37  3.15  2.16  1.82  1.22  0.62  0.37  0.20  0.07  0.04  0.03  0.02
 1 -60  0.03  0.09  0.15  0.29  0.58  0.86  1.40  2.62  3.83  4.71  6.27  7.60  7.78  7.22  6.49  6.00  4.58  3.07  2.00  1.67  1.10  0.57  0.34  0.19  0.08  0.04  0.03  0.02
 1 -55  0.03  0.09  0.16  0.31  0.61  0.90  1.47  2.74  4.01  4.89  6.48  7.97  8.29  7.95  7.00  6.33  4.44  2.79  1.73  1.44  0.89  0.47  0.27  0.15  0.08  0.04  0.03  0.02
 1 -50  0.03  0.09  0.16  0.31  0.62  0.92  1.49  2.79  4.06  4.93  6.63  8.34  8.83  8.54  7.41  6.62  4.27  2.47  1.39  1.14  0.68  0.35  0.20  0.11  0.07  0.04  0.03  0.03
 1 -45  0.03  0.09  0.16  0.31  0.62  0.92  1.50  2.84  4.12  5.05  6.83  8.63  9.20  8.91  7.58  6.64  4.25  2.41  1.29  1.05  0.60  0.29  0.17  0.08  0.06  0.04  0.03  0.03
 1 -40  0.03  0.09  0.16  0.31  0.62  0.92  1.52  2.94  4.20  5.15  6.99  8.87  9.50  9.27  7.75  6.68  4.23  2.31  1.17  0.93  0.50  0.23  0.10  0.06  0.05  0.04  0.04  0.03
 1 -35  0.03  0.10  0.16  0.32  0.63  0.94  1.55  3.01  4.36  5.34  7.25  9.13  9.72  9.42  7.89  6.84  4.20  1.99  0.91  0.71  0.36  0.14  0.07  0.05  0.05  0.04  0.04  0.03
 1 -30  0.03  0.10  0.16  0.32  0.64  0.96  1.58  3.09  4.48  5.50  7.46  9.35  9.91  9.62  8.02  6.96  4.13  1.67  0.66  0.51  0.23  0.09  0.06  0.05  0.05  0.04  0.04  0.04
 1 -25  0.03  0.10  0.16  0.33  0.65  0.97  1.60  3.12  4.61  5.68  7.67  9.63 10.17  9.88  8.08  6.87  3.99  1.50  0.54  0.41  0.18  0.07  0.05  0.04  0.04  0.04  0.04  0.04
 1 -20  0.03  0.10  0.16  0.32  0.64  0.97  1.61  3.19  4.73  5.85  7.91  9.92 10.44 10.11  8.13  6.77  3.88  1.31  0.43  0.33  0.14  0.05  0.04  0.04  0.04  0.04  0.04  0.03
 1 -15  0.03  0.10  0.16  0.32  0.65  0.97  1.61  3.20  4.80  6.02  8.17 10.11 10.58 10.27  8.23  6.85  3.77  1.22  0.38  0.29  0.14  0.04  0.03  0.03  0.03  0.04  0.04  0.03
 1 -10  0.03  0.10  0.16  0.32  0.64  0.96  1.61  3.24  4.93  6.20  8.48 10.36 10.84 10.48  8.38  6.94  3.65  1.13  0.32  0.26  0.08  0.04  0.03  0.03  0.03  0.03  0.03  0.03
 1  -5  0.03  0.10  0.16  0.32  0.64  0.97  1.61  3.24  4.94  6.23  8.51 10.29 10.72 10.36  8.25  6.83  3.53  1.07  0.30  0.25  0.06  0.03  0.03  0.03  0.03  0.03  0.03  0.03
 1   0  0.03  0.10  0.17  0.34  0.68  1.01  1.66  3.19  4.96  6.26  8.53 10.25 10.58 10.27  8.16  6.72  3.43  1.03  0.28  0.24  0.05  0.03  0.03  0.03  0.03  0.03  0.03  0.03
 1   5  0.03  0.10  0.17  0.34  0.68  1.02  1.67  3.22  4.95  6.24  8.33  9.96 10.28  9.93  7.98  6.67  3.57  1.14  0.33  0.27  0.05  0.03  0.03  0.03  0.03  0.04  0.04  0.03
 1  10  0.03  0.10  0.17  0.35  0.69  1.02  1.68  3.24  4.97  6.22  8.23  9.67  9.92  9.55  7.80  6.61  3.71  1.25  0.38  0.30  0.06  0.03  0.03  0.03  0.03  0.04  0.04  0.04
 1  15  0.03  0.10  0.17  0.35  0.69  1.03  1.69  3.25  4.97  6.23  8.12  9.34  9.47  9.02  7.46  6.38  3.74  1.30  0.39  0.30  0.06  0.04  0.03  0.04  0.04  0.04  0.04  0.04
 1  20  0.04  0.11  0.18  0.36  0.71  1.05  1.71  3.24  4.96  6.22  7.99  9.04  9.01  8.53  7.13  6.18  3.79  1.32  0.39  0.30  0.12  0.04  0.04  0.04  0.04  0.04  0.04  0.04
 1  25  0.04  0.11  0.18  0.36  0.71  1.06  1.74  3.35  5.05  6.32  7.95  8.70  8.56  8.06  7.05  6.37  4.20  1.57  0.54  0.42  0.20  0.06  0.05  0.05  0.05  0.04  0.04  0.04
 1  30  0.04  0.11  0.19  0.38  0.75  1.11  1.81  3.41  5.18  6.43  7.88  8.38  8.12  7.59  6.96  6.54  4.60  1.89  0.74  0.58  0.29  0.10  0.07  0.06  0.05  0.05  0.04  0.04
 1  35  0.04  0.12  0.20  0.40  0.79  1.17  1.91  3.59  5.39  6.61  7.79  8.10  7.81  7.29  6.81  6.49  5.03  2.40  1.17  0.92  0.51  0.27  0.17  0.09  0.06  0.05  0.05  0.04
 1  40  0.04  0.13  0.21  0.43  0.84  1.25  2.02  3.78  5.60  6.77  7.71  7.84  7.52  7.05  6.70  6.42  5.43  2.91  1.60  1.29  0.75  0.41  0.23  0.13  0.08  0.05  0.05  0.04
 1  45  0.05  0.14  0.23  0.45  0.88  1.31  2.13  4.00  5.76  6.82  7.54  7.59  7.29  6.86  6.62  6.48  5.56  3.26  1.91  1.57  0.99  0.54  0.28  0.17  0.09  0.05  0.05  0.05
 1  50  0.05  0.14  0.23  0.47  0.92  1.37  2.23  4.22  5.85  6.84  7.41  7.39  7.12  6.78  6.64  6.54  5.65  3.59  2.22  1.85  1.22  0.65  0.33  0.19  0.09  0.06  0.05  0.05
 1  55  0.05  0.14  0.24  0.47  0.94  1.39  2.27  4.26  5.66  6.55  7.13  7.28  7.07  6.77  6.43  6.17  5.37  3.62  2.39  2.02  1.39  0.71  0.38  0.21  0.09  0.06  0.05  0.05
 1  60  0.05  0.15  0.24  0.48  0.95  1.41  2.30  4.34  5.67  6.53  7.08  7.26  7.07  6.73  6.26  5.93  5.16  3.68  2.60  2.21  1.55  0.77  0.43  0.24  0.10  0.06  0.05  0.05
 1  65  0.05  0.14  0.24  0.47  0.93  1.38  2.25  4.22  5.54  6.42  7.10  7.44  7.32  6.98  6.42  6.01  5.05  3.69  2.59  2.19  1.54  0.77  0.42  0.23  0.09  0.06  0.05  0.05
 1  70  0.05  0.14  0.23  0.46  0.91  1.35  2.20  4.11  5.42  6.32  7.11  7.61  7.56  7.23  6.58  6.09  4.93  3.70  2.58  2.18  1.53  0.76  0.40  0.23  0.10  0.06  0.05  0.05
 1  75  0.04  0.13  0.22  0.44  0.88  1.29  2.09  3.87  5.13  5.99  6.84  7.31  7.19  6.78  6.13  5.63  4.72  3.64  2.68  2.31  1.72  0.81  0.41  0.24  0.10  0.06  0.05  0.05
 1  80  0.04  0.13  0.22  0.43  0.85  1.25  2.01  3.64  4.86  5.69  6.59  7.00  6.81  6.32  5.67  5.16  4.51  3.57  2.78  2.44  1.92  0.86  0.43  0.25  0.10  0.06  0.05  0.05
 1  85  0.04  0.13  0.22  0.43  0.85  1.25  2.01  3.64  4.88  5.72  6.63  7.05  6.87  6.40  5.75  5.24  4.55  3.58  2.78  2.45  1.92  0.87  0.43  0.25  0.10  0.06  0.05  0.05
 1  90  0.04  0.13  0.22  0.43  0.85  1.25  2.02  3.65  4.89  5.76  6.68  7.18  7.05  6.63  5.99  5.42  4.63  3.58  2.76  2.44  1.94  0.91  0.44  0.25  0.10  0.06  0.05  0.05
 2 -90  0.03  0.10  0.16  0.32  0.64  0.94  1.53  2.85  4.22  5.08  5.97  5.76  5.15  4.34  3.93  3.73  3.45  2.94  2.29  1.98  1.41  0.72  0.43  0.25  0.14  0.04  0.03  0.02
 2 -85  0.03  0.10  0.16  0.33  0.64  0.95  1.54  2.88  4.26  5.13  6.05  5.87  5.28  4.51  4.11  3.89  3.53  2.87  2.18  1.87  1.32  0.65  0.40  0.24  0.13  0.04  0.03  0.02
 2 -80  0.03  0.10  0.16  0.33  0.64  0.95  1.54  2.88  4.24  5.13  6.10  5.94  5.33  4.53  4.12  3.88  3.51  2.86  2.17  1.86  1.31  0.64  0.39  0.24  0.13  0.04  0.03  0.02
 2 -75  0.03  0.10  0.16  0.32  0.64  0.94  1.53  2.85  4.22  5.16  6.29  6.38  5.87  5.05  4.52  4.21  3.69  2.87  2.16  1.84  1.27  0.61  0.38  0.23  0.12  0.04  0.03  0.02
 2 -70  0.03  0.10  0.16  0.32  0.63  0.93  1.52  2.83  4.23  5.21  6.51  6.86  6.43  5.58  4.95  4.55  3.87  2.87  2.16  1.82  1.22  0.59  0.37  0.22  0.11  0.04  0.03  0.02
 2 -65  0.03  0.10  0.16  0.32  0.64  0.95  1.54  2.87  4.30  5.32  6.79  7.39  7.09  6.27  5.50  5.01  4.11  2.84  2.05  1.72  1.14  0.56  0.35  0.20  0.08  0.04  0.03  0.02
 2 -60  0.03  0.10  0.17  0.33  0.65  0.96  1.56  2.91  4.35  5.40  7.01  7.89  7.74  6.96  6.05  5.46  4.35  2.80  1.94  1.62  1.06  0.52  0.33  0.19  0.08  0.04  0.03  0.02
 2 -55  0.03  0.10  0.17  0.34  0.67  1.00  1.62  3.00  4.47  5.50  7.14  8.22  8.22  7.65  6.63  5.95  4.30  2.60  1.66  1.37  0.84  0.43  0.26  0.15  0.08  0.04  0.03  0.03
 2 -50  0.03  0.10  0.17  0.34  0.68  1.01  1.63  3.01  4.45  5.44  7.17  8.53  8.75  8.22  7.14  6.41  4.22  2.36  1.29  1.05  0.61  0.32  0.18  0.09  0.06  0.04  0.03  0.03
 2 -45  0.03  0.10  0.17  0.34  0.67  0.99  1.62  3.04  4.46  5.48  7.28  8.77  9.09  8.62  7.34  6.49  4.21  2.24  1.21  0.96  0.52  0.26  0.12  0.07  0.05  0.04  0.03  0.03
 2 -40  0.03  0.10  0.17  0.34  0.67  1.00  1.63  3.11  4.49  5.51  7.33  8.94  9.38  9.01  7.58  6.59  4.20  2.08  1.10  0.86  0.43  0.21  0.09  0.06  0.05  0.04  0.04  0.03
 2 -35  0.03  0.10  0.17  0.34  0.67  1.00  1.64  3.14  4.57  5.60  7.46  9.13  9.60  9.26  7.75  6.70  4.09  1.82  0.89  0.68  0.32  0.12  0.07  0.05  0.04  0.04  0.04  0.03
 2 -30  0.03  0.10  0.17  0.34  0.67  1.00  1.65  3.19  4.63  5.66  7.55  9.29  9.82  9.55  7.89  6.76  3.97  1.58  0.67  0.51  0.22  0.08  0.05  0.04  0.04  0.04  0.04  0.03
 2 -25  0.03  0.10  0.17  0.34  0.67  0.99  1.64  3.17  4.66  5.71  7.62  9.56 10.16  9.94  8.04  6.74  3.83  1.44  0.54  0.41  0.17  0.06  0.04  0.04  0.04  0.04  0.04  0.03
 2 -20  0.03  0.10  0.16  0.32  0.65  0.97  1.61  3.18  4.66  5.72  7.71  9.86 10.52 10.27  8.19  6.74  3.72  1.29  0.41  0.31  0.13  0.04  0.03  0.03  0.04  0.04  0.04  0.03
 2 -15  0.03  0.10  0.16  0.32  0.64  0.95  1.58  3.11  4.61  5.76  7.85 10.07 10.75 10.52  8.33  6.84  3.67  1.18  0.37  0.29  0.13  0.04  0.03  0.03  0.03  0.03  0.03  0.03
 2 -10  0.03  0.09  0.16  0.31  0.62  0.93  1.55  3.07  4.62  5.79  8.07 10.32 11.06 10.80  8.53  6.95  3.62  1.06  0.33  0.27  0.08  0.03  0.03  0.03  0.03  0.03  0.03  0.03
 2  -5  0.03  0.09  0.16  0.31  0.62  0.93  1.54  3.04  4.58  5.76  8.09 10.32 11.01 10.73  8.29  6.58  3.49  1.03  0.32  0.27  0.06  0.03  0.03  0.03  0.03  0.03  0.03  0.02
 2   0  0.03  0.10  0.17  0.33  0.66  0.97  1.58  2.96  4.55  5.72  8.09 10.30 10.91 10.66  8.04  6.20  3.39  1.03  0.32  0.27  0.06  0.03  0.03  0.03  0.03  0.03  0.03  0.03
 2   5  0.03  0.10  0.17  0.33  0.65  0.97  1.59  3.02  4.60  5.78  7.99 10.10 10.67 10.34  8.01  6.41  3.51  1.15  0.37  0.30  0.05  0.03  0.03  0.03  0.03  0.04  0.04  0.03
 2  10  0.03  0.10  0.17  0.33  0.65  0.97  1.60  3.07  4.68  5.86  7.98  9.90 10.39 10.00  7.98  6.63  3.65  1.26  0.43  0.34  0.06  0.03  0.03  0.03  0.03  0.04  0.04  0.04
 2  15  0.03  0.10  0.17  0.33  0.66  0.98  1.62  3.12  4.72  5.91  7.91  9.60  9.96  9.51  7.78  6.63  3.83  1.34  0.45  0.35  0.06  0.04  0.03  0.04  0.04  0.04  0.05  0.04
 2  20  0.03  0.10  0.17  0.35  0.68  1.01  1.66  3.14  4.76  5.97  7.86  9.31  9.50  9.05  7.60  6.65  4.02  1.39  0.47  0.37  0.08  0.04  0.04  0.04  0.04  0.05  0.05  0.04
 2  25  0.04  0.11  0.18  0.35  0.70  1.03  1.70  3.25  4.89  6.13  7.93  9.02  9.06  8.57  7.37  6.60  4.37  1.58  0.60  0.46  0.20  0.06  0.05  0.05  0.05  0.05  0.05  0.04
 2  30  0.04  0.11  0.19  0.37  0.73  1.08  1.77  3.33  5.04  6.27  7.93  8.74  8.61  8.07  7.13  6.53  4.69  1.86  0.77  0.60  0.28  0.18  0.09  0.07  0.06  0.05  0.05  0.05
 2  35  0.04  0.12  0.20  0.39  0.77  1.14  1.86  3.47  5.26  6.51  7.94  8.49  8.25  7.69  6.97  6.51  5.05  2.47  1.22  0.96  0.52  0.35  0.24  0.11  0.08  0.06  0.05  0.05
 2  40  0.04  0.13  0.21  0.41  0.81  1.20  1.95  3.62  5.48  6.75  7.98  8.24  7.90  7.36  6.83  6.47  5.37  3.09  1.67  1.36  0.80  0.53  0.32  0.16  0.09  0.06  0.05  0.05
 2  45  0.04  0.13  0.22  0.43  0.85  1.26  2.04  3.82  5.70  6.93  7.90  7.99  7.64  7.12  6.69  6.44  5.53  3.46  2.05  1.70  1.08  0.66  0.37  0.22  0.10  0.06  0.05  0.05
 2  50  0.05  0.13  0.22  0.45  0.88  1.31  2.14  4.05  5.93  7.10  7.87  7.80  7.46  7.00  6.64  6.44  5.67  3.81  2.42  2.03  1.35  0.76  0.42  0.23  0.10  0.06  0.05  0.05
 2  55  0.05  0.14  0.23  0.47  0.92  1.37  2.23  4.20  5.95  7.04  7.70  7.66  7.33  6.92  6.53  6.27  5.65  3.92  2.58  2.19  1.51  0.81  0.45  0.25  0.11  0.06  0.05  0.05
 2  60  0.05  0.15  0.25  0.49  0.97  1.44  2.34  4.42  6.18  7.25  7.78  7.62  7.27  6.83  6.46  6.22  5.70  4.07  2.78  2.36  1.66  0.84  0.48  0.27  0.11  0.06  0.05  0.05
 2  65  0.05  0.15  0.25  0.49  0.98  1.45  2.35  4.42  6.04  7.04  7.58  7.58  7.31  6.94  6.50  6.20  5.59  3.97  2.85  2.44  1.75  0.89  0.47  0.27  0.11  0.06  0.05  0.05
 2  70  0.05  0.15  0.25  0.49  0.97  1.44  2.35  4.39  5.87  6.81  7.38  7.51  7.34  7.02  6.54  6.19  5.47  3.87  2.91  2.50  1.83  0.93  0.46  0.27  0.12  0.06  0.05  0.05
 2  75  0.05  0.15  0.25  0.49  0.97  1.43  2.32  4.33  5.62  6.44  7.26  7.70  7.65  7.34  6.78  6.36  5.52  3.83  2.94  2.52  1.85  0.96  0.48  0.27  0.13  0.07  0.05  0.05
 2  80  0.05  0.15  0.24  0.48  0.96  1.41  2.29  4.26  5.37  6.07  7.15  7.88  7.95  7.65  7.01  6.53  5.56  3.78  2.97  2.54  1.87  1.00  0.50  0.28  0.14  0.07  0.05  0.05
 2  85  0.05  0.15  0.24  0.48  0.95  1.41  2.29  4.25  5.36  6.06  7.14  7.89  7.96  7.69  7.07  6.59  5.59  3.78  2.95  2.52  1.86  1.00  0.50  0.28  0.14  0.07  0.06  0.05
 2  90  0.05  0.14  0.24  0.47  0.93  1.38  2.23  4.13  5.22  5.91  7.03  7.89  8.04  7.82  7.27  6.77  5.67  3.79  2.96  2.53  1.86  1.04  0.52  0.28  0.14  0.07  0.05  0.05
 3 -90  0.05  0.14  0.24  0.48  0.94  1.38  2.22  4.04  5.21  5.89  5.85  5.37  4.93  4.36  3.80  3.47  3.42  2.73  2.21  1.92  1.36  0.69  0.40  0.23  0.11  0.04  0.03  0.02
 3 -85  0.05  0.15  0.24  0.49  0.96  1.41  2.27  4.14  5.41  6.13  6.13  5.59  5.10  4.52  3.95  3.61  3.54  2.76  2.16  1.85  1.30  0.64  0.37  0.21  0.11  0.04  0.03  0.02
 3 -80  0.05  0.15  0.24  0.48  0.95  1.41  2.26  4.13  5.50  6.27  6.25  5.64  5.11  4.51  3.95  3.61  3.54  2.77  2.16  1.84  1.29  0.63  0.36  0.21  0.11  0.04  0.03  0.02
 3 -75  0.05  0.14  0.23  0.46  0.91  1.34  2.16  3.96  5.57  6.51  6.82  6.23  5.61  4.91  4.27  3.87  3.64  2.79  2.14  1.81  1.24  0.61  0.35  0.20  0.10  0.04  0.03  0.02
 3 -70  0.04  0.13  0.22  0.44  0.86  1.27  2.06  3.77  5.58  6.70  7.37  6.83  6.12  5.32  4.59  4.13  3.73  2.81  2.12  1.78  1.19  0.59  0.34  0.20  0.09  0.04  0.03  0.02
 3 -65  0.04  0.13  0.21  0.42  0.83  1.23  1.98  3.66  5.52  6.73  7.67  7.36  6.72  5.90  5.20  4.76  3.93  2.79  2.01  1.68  1.11  0.56  0.33  0.19  0.09  0.05  0.03  0.03
 3 -60  0.04  0.12  0.20  0.41  0.80  1.18  1.92  3.54  5.43  6.70  7.94  7.90  7.34  6.49  5.82  5.39  4.13  2.77  1.88  1.56  1.03  0.52  0.31  0.18  0.08  0.05  0.03  0.03
 3 -55  0.04  0.12  0.20  0.40  0.80  1.18  1.90  3.51  5.37  6.62  8.01  8.26  7.83  7.11  6.38  5.90  4.35  2.64  1.65  1.36  0.84  0.42  0.24  0.14  0.07  0.04  0.03  0.03
 3 -50  0.04  0.12  0.20  0.39  0.78  1.15  1.85  3.40  5.17  6.38  7.97  8.62  8.37  7.61  6.83  6.34  4.52  2.47  1.33  1.09  0.65  0.31  0.18  0.08  0.05  0.04  0.03  0.03
 3 -45  0.04  0.12  0.19  0.38  0.75  1.11  1.80  3.34  5.04  6.25  7.95  8.85  8.76  8.05  6.88  6.13  4.30  2.31  1.20  0.98  0.56  0.26  0.11  0.06  0.05  0.04  0.03  0.03
 3 -40  0.04  0.11  0.19  0.37  0.73  1.09  1.77  3.31  4.93  6.11  7.88  9.01  9.10  8.53  7.01  5.99  4.08  2.13  1.07  0.86  0.47  0.20  0.09  0.06  0.04  0.04  0.03  0.03
 3 -35  0.04  0.11  0.18  0.36  0.72  1.06  1.74  3.29  4.90  6.05  7.86  9.16  9.39  8.95  7.54  6.57  4.07  1.88  0.86  0.67  0.34  0.13  0.07  0.05  0.04  0.04  0.04  0.03
 3 -30  0.04  0.11  0.18  0.36  0.71  1.05  1.72  3.27  4.86  5.99  7.83  9.30  9.66  9.37  8.05  7.12  4.06  1.65  0.64  0.49  0.21  0.08  0.05  0.04  0.04  0.04  0.04  0.03
 3 -25  0.04  0.10  0.17  0.35  0.69  1.03  1.68  3.22  4.78  5.87  7.71  9.47 10.00  9.82  8.25  7.14  3.90  1.40  0.49  0.37  0.15  0.06  0.04  0.04  0.04  0.04  0.04  0.03
 3 -20  0.03  0.10  0.17  0.33  0.66  0.99  1.63  3.17  4.65  5.69  7.60  9.70 10.37 10.21  8.43  7.16  3.77  1.14  0.34  0.25  0.09  0.04  0.03  0.03  0.03  0.04  0.04  0.03
 3 -15  0.03  0.10  0.16  0.33  0.65  0.97  1.59  3.07  4.48  5.55  7.50  9.78 10.61 10.57  8.49  7.03  3.73  1.11  0.34  0.26  0.10  0.03  0.03  0.03  0.03  0.03  0.03  0.03
 3 -10  0.03  0.10  0.16  0.32  0.64  0.95  1.56  3.01  4.38  5.41  7.48  9.90 10.90 10.94  8.59  6.92  3.68  1.07  0.33  0.26  0.11  0.03  0.03  0.03  0.03  0.03  0.03  0.02
 3  -5  0.03  0.10  0.16  0.32  0.63  0.93  1.53  2.96  4.29  5.31  7.45  9.87 10.90 10.95  8.53  6.81  3.63  1.05  0.33  0.26  0.06  0.03  0.03  0.03  0.03  0.03  0.03  0.02
 3   0  0.03  0.10  0.17  0.33  0.65  0.97  1.56  2.88  4.23  5.21  7.37  9.82 10.83 10.93  8.46  6.68  3.59  1.06  0.33  0.27  0.12  0.03  0.03  0.03  0.03  0.03  0.03  0.03
 3   5  0.03  0.10  0.17  0.33  0.65  0.96  1.57  2.95  4.32  5.35  7.41  9.77 10.69 10.65  8.36  6.76  3.66  1.15  0.37  0.30  0.06  0.03  0.03  0.03  0.03  0.04  0.04  0.03
 3  10  0.03  0.10  0.16  0.33  0.65  0.96  1.58  3.03  4.46  5.52  7.53  9.72 10.50 10.36  8.26  6.86  3.74  1.23  0.41  0.32  0.06  0.03  0.03  0.03  0.03  0.04  0.04  0.04
 3  15  0.03  0.10  0.17  0.33  0.65  0.98  1.60  3.09  4.55  5.65  7.56  9.53 10.15  9.91  7.94  6.65  3.85  1.27  0.41  0.33  0.07  0.04  0.03  0.04  0.04  0.05  0.05  0.04
 3  20  0.03  0.10  0.17  0.34  0.68  1.01  1.65  3.14  4.65  5.79  7.65  9.37  9.77  9.45  7.61  6.44  3.95  1.30  0.42  0.33  0.14  0.05  0.04  0.04  0.05  0.05  0.05  0.05
 3  25  0.04  0.11  0.17  0.35  0.69  1.03  1.68  3.21  4.76  5.96  7.83  9.23  9.46  9.04  7.48  6.50  4.26  1.60  0.59  0.47  0.24  0.07  0.06  0.06  0.05  0.05  0.05  0.05
 3  30  0.04  0.11  0.18  0.36  0.71  1.06  1.72  3.25  4.89  6.10  7.94  9.10  9.12  8.61  7.33  6.54  4.55  1.98  0.80  0.65  0.36  0.22  0.11  0.08  0.07  0.05  0.05  0.05
 3  35  0.04  0.11  0.19  0.37  0.74  1.09  1.77  3.32  5.05  6.33  8.09  8.98  8.83  8.22  7.18  6.54  4.75  2.48  1.24  1.02  0.64  0.40  0.27  0.11  0.08  0.06  0.05  0.05
 3  40  0.04  0.12  0.20  0.39  0.77  1.13  1.83  3.36  5.21  6.55  8.27  8.84  8.52  7.88  7.07  6.54  4.93  2.99  1.69  1.42  0.94  0.58  0.36  0.16  0.10  0.06  0.05  0.05
 3  45  0.04  0.12  0.20  0.39  0.78  1.15  1.87  3.47  5.38  6.74  8.26  8.59  8.22  7.56  6.83  6.40  5.20  3.36  2.03  1.72  1.18  0.72  0.42  0.23  0.11  0.06  0.05  0.05
 3  50  0.04  0.12  0.20  0.40  0.79  1.17  1.91  3.61  5.57  6.92  8.30  8.43  8.00  7.36  6.69  6.27  5.45  3.72  2.37  2.02  1.40  0.85  0.47  0.26  0.12  0.06  0.05  0.05
 3  55  0.04  0.13  0.21  0.41  0.82  1.22  1.98  3.71  5.63  6.94  8.15  8.23  7.78  7.17  6.56  6.18  5.50  3.89  2.58  2.21  1.56  0.92  0.52  0.28  0.12  0.07  0.06  0.05
 3  60  0.04  0.13  0.22  0.44  0.86  1.28  2.08  3.90  5.92  7.23  8.24  8.15  7.64  6.96  6.48  6.20  5.62  4.12  2.84  2.42  1.70  0.98  0.56  0.30  0.13  0.07  0.06  0.05
 3  65  0.05  0.14  0.23  0.45  0.89  1.32  2.14  4.02  5.92  7.14  8.03  7.95  7.47  6.84  6.36  6.07  5.55  4.19  2.97  2.56  1.85  1.03  0.59  0.33  0.13  0.07  0.06  0.05
 3  70  0.05  0.14  0.23  0.46  0.92  1.36  2.21  4.14  5.92  7.06  7.82  7.75  7.31  6.72  6.23  5.95  5.48  4.25  3.09  2.68  1.99  1.08  0.63  0.36  0.13  0.07  0.06  0.05
 3  75  0.05  0.14  0.23  0.47  0.92  1.37  2.22  4.15  5.78  6.84  7.62  7.72  7.40  6.88  6.23  5.85  5.45  4.31  3.14  2.71  2.01  1.11  0.62  0.36  0.15  0.07  0.06  0.05
 3  80  0.05  0.14  0.24  0.47  0.93  1.37  2.23  4.16  5.65  6.63  7.42  7.69  7.48  7.04  6.23  5.75  5.41  4.36  3.19  2.75  2.04  1.14  0.62  0.35  0.14  0.07  0.06  0.05
 3  85  0.05  0.14  0.24  0.47  0.92  1.37  2.22  4.16  5.63  6.64  7.46  7.73  7.51  7.05  6.28  5.81  5.47  4.41  3.21  2.75  2.03  1.14  0.61  0.34  0.14  0.08  0.06  0.05
 3  90  0.05  0.14  0.23  0.46  0.90  1.33  2.17  4.04  5.43  6.40  7.24  7.63  7.51  7.10  6.40  5.99  5.66  4.52  3.31  2.85  2.11  1.17  0.62  0.35  0.14  0.08  0.06  0.05
 4 -90  0.06  0.18  0.29  0.58  1.13  1.65  2.59  4.42  5.24  5.74  5.91  5.47  4.98  4.32  3.64  3.26  2.96  2.91  2.25  1.90  1.30  0.62  0.36  0.19  0.09  0.04  0.03  0.02
 4 -85  0.06  0.18  0.30  0.60  1.17  1.71  2.71  4.65  5.57  6.09  6.23  5.76  5.18  4.47  3.76  3.37  3.07  2.94  2.23  1.87  1.26  0.59  0.34  0.20  0.10  0.04  0.03  0.02
 4 -80  0.06  0.19  0.31  0.61  1.19  1.74  2.76  4.76  5.69  6.20  6.30  5.78  5.18  4.46  3.75  3.37  3.07  2.95  2.24  1.88  1.26  0.59  0.34  0.20  0.10  0.04  0.03  0.03
 4 -75  0.06  0.18  0.30  0.60  1.18  1.73  2.74  4.81  6.12  6.86  6.92  6.26  5.60  4.85  4.16  3.78  3.44  2.95  2.21  1.86  1.25  0.57  0.33  0.19  0.10  0.04  0.03  0.03
 4 -70  0.06  0.18  0.30  0.59  1.15  1.69  2.70  4.81  6.50  7.49  7.52  6.72  6.01  5.26  4.60  4.22  3.81  2.94  2.19  1.83  1.24  0.55  0.32  0.19  0.08  0.04  0.03  0.03
 4 -65  0.06  0.17  0.28  0.56  1.11  1.63  2.62  4.72  6.59  7.70  7.89  7.17  6.50  5.76  5.17  4.79  4.10  2.93  2.07  1.73  1.15  0.52  0.30  0.17  0.08  0.04  0.03  0.03
 4 -60  0.05  0.16  0.27  0.54  1.06  1.56  2.52  4.58  6.63  7.88  8.24  7.61  6.98  6.25  5.71  5.35  4.37  2.91  1.95  1.61  1.05  0.48  0.26  0.15  0.08  0.04  0.03  0.03
 4 -55  0.05  0.16  0.26  0.51  1.01  1.49  2.40  4.40  6.53  7.82  8.38  7.95  7.36  6.73  6.30  5.99  4.62  2.75  1.72  1.41  0.84  0.39  0.20  0.12  0.07  0.04  0.03  0.03
 4 -50  0.05  0.15  0.24  0.48  0.95  1.40  2.26  4.14  6.25  7.57  8.46  8.32  7.81  7.09  6.78  6.56  4.82  2.56  1.41  1.13  0.63  0.31  0.14  0.08  0.05  0.04  0.03  0.03
 4 -45  0.05  0.14  0.23  0.45  0.89  1.32  2.12  3.89  5.93  7.27  8.44  8.59  8.19  7.45  6.75  6.31  4.58  2.36  1.30  1.04  0.57  0.27  0.13  0.06  0.05  0.04  0.03  0.03
 4 -40  0.04  0.13  0.22  0.43  0.84  1.24  2.01  3.69  5.63  6.96  8.38  8.84  8.56  7.86  6.81  6.10  4.33  2.15  1.19  0.95  0.51  0.23  0.09  0.05  0.04  0.03  0.03  0.03
 4 -35  0.04  0.12  0.20  0.40  0.80  1.18  1.91  3.56  5.41  6.71  8.29  9.05  8.96  8.40  7.05  6.12  4.10  1.89  0.99  0.78  0.41  0.18  0.07  0.05  0.04  0.03  0.03  0.03
 4 -30  0.04  0.12  0.19  0.39  0.76  1.13  1.83  3.43  5.20  6.42  8.15  9.23  9.35  8.95  7.30  6.14  3.87  1.64  0.79  0.62  0.31  0.09  0.05  0.04  0.04  0.03  0.03  0.03
 4 -25  0.04  0.11  0.19  0.37  0.73  1.09  1.77  3.33  5.00  6.15  7.88  9.34  9.69  9.47  7.74  6.47  3.82  1.44  0.58  0.45  0.21  0.06  0.04  0.03  0.03  0.03  0.03  0.03
 4 -20  0.04  0.11  0.18  0.36  0.70  1.05  1.71  3.24  4.77  5.82  7.60  9.51 10.10  9.96  8.15  6.81  3.81  1.22  0.37  0.28  0.11  0.04  0.03  0.03  0.03  0.03  0.03  0.03
 4 -15  0.04  0.10  0.17  0.35  0.69  1.02  1.66  3.14  4.57  5.61  7.39  9.48 10.28 10.33  8.37  6.97  3.80  1.14  0.35  0.27  0.11  0.03  0.03  0.03  0.03  0.03  0.03  0.03
 4 -10  0.03  0.10  0.17  0.34  0.68  1.00  1.63  3.08  4.44  5.43  7.30  9.50 10.50 10.70  8.64  7.14  3.77  1.05  0.31  0.24  0.11  0.03  0.03  0.03  0.03  0.03  0.03  0.03
 4  -5  0.03  0.10  0.17  0.34  0.67  0.99  1.61  3.03  4.35  5.32  7.25  9.46 10.50 10.76  8.66  7.13  3.78  1.05  0.30  0.24  0.11  0.03  0.03  0.03  0.03  0.03  0.03  0.02
 4   0  0.03  0.10  0.17  0.34  0.68  1.00  1.61  2.97  4.28  5.21  7.17  9.41 10.44 10.77  8.66  7.12  3.79  1.07  0.30  0.25  0.12  0.03  0.03  0.03  0.03  0.03  0.03  0.03
 4   5  0.03  0.10  0.17  0.34  0.67  0.99  1.61  3.02  4.36  5.35  7.27  9.47 10.38 10.49  8.50  7.07  3.86  1.17  0.46  0.35  0.14  0.03  0.03  0.03  0.03  0.03  0.03  0.03
 4  10  0.03  0.10  0.17  0.33  0.66  0.99  1.61  3.08  4.49  5.53  7.43  9.53 10.28 10.23  8.34  7.04  3.94  1.26  0.61  0.46  0.15  0.03  0.03  0.03  0.03  0.04  0.04  0.04
 4  15  0.03  0.10  0.17  0.33  0.66  0.99  1.62  3.12  4.56  5.64  7.51  9.44 10.05  9.86  8.07  6.88  3.96  1.31  0.63  0.47  0.16  0.04  0.03  0.03  0.04  0.04  0.05  0.04
 4  20  0.03  0.10  0.17  0.34  0.68  1.01  1.65  3.13  4.62  5.75  7.63  9.37  9.78  9.49  7.79  6.69  3.99  1.35  0.66  0.50  0.17  0.05  0.04  0.04  0.04  0.05  0.05  0.05
 4  25  0.03  0.10  0.17  0.34  0.68  1.01  1.66  3.15  4.65  5.80  7.72  9.31  9.62  9.24  7.67  6.71  4.24  1.57  0.75  0.58  0.26  0.09  0.06  0.06  0.05  0.05  0.05  0.05
 4  30  0.04  0.10  0.17  0.35  0.69  1.02  1.66  3.15  4.68  5.83  7.76  9.25  9.44  8.95  7.55  6.71  4.46  1.86  0.88  0.70  0.38  0.17  0.10  0.07  0.06  0.06  0.05  0.05
 4  35  0.04  0.11  0.18  0.35  0.69  1.02  1.66  3.12  4.68  5.85  7.78  9.19  9.25  8.65  7.38  6.63  4.56  2.24  1.22  1.01  0.64  0.41  0.18  0.10  0.07  0.06  0.05  0.05
 4  40  0.04  0.11  0.18  0.35  0.70  1.03  1.67  3.07  4.67  5.88  7.87  9.08  9.01  8.37  7.25  6.56  4.63  2.65  1.58  1.34  0.91  0.59  0.34  0.14  0.09  0.06  0.05  0.05
 4  45  0.04  0.11  0.18  0.35  0.69  1.03  1.66  3.08  4.70  5.93  7.85  8.87  8.72  8.03  6.96  6.34  4.75  2.99  1.88  1.60  1.11  0.71  0.41  0.19  0.11  0.06  0.05  0.05
 4  50  0.04  0.11  0.18  0.35  0.69  1.02  1.66  3.12  4.79  6.02  7.89  8.73  8.52  7.80  6.77  6.14  4.84  3.32  2.17  1.85  1.29  0.82  0.48  0.26  0.12  0.07  0.05  0.05
 4  55  0.04  0.11  0.18  0.35  0.69  1.03  1.67  3.14  4.81  6.05  7.82  8.51  8.23  7.52  6.51  5.88  5.00  3.56  2.37  2.03  1.44  0.88  0.53  0.29  0.13  0.07  0.06  0.05
 4  60  0.04  0.11  0.18  0.36  0.72  1.06  1.73  3.25  5.07  6.36  7.98  8.42  8.03  7.22  6.30  5.73  5.22  3.85  2.62  2.23  1.58  0.93  0.57  0.32  0.14  0.07  0.06  0.05
 4  65  0.04  0.11  0.19  0.37  0.73  1.08  1.76  3.32  5.14  6.39  7.78  8.06  7.65  6.88  6.14  5.70  5.23  3.93  2.80  2.38  1.68  1.02  0.65  0.37  0.15  0.07  0.06  0.05
 4  70  0.04  0.11  0.19  0.38  0.74  1.10  1.80  3.39  5.20  6.40  7.58  7.72  7.27  6.53  5.99  5.69  5.24  4.02  2.97  2.53  1.78  1.12  0.73  0.42  0.19  0.07  0.06  0.05
 4  75  0.04  0.12  0.19  0.39  0.77  1.14  1.85  3.51  5.23  6.33  7.24  7.29  6.87  6.22  5.86  5.68  5.29  4.17  3.11  2.66  1.90  1.17  0.74  0.42  0.18  0.08  0.06  0.05
 4  80  0.04  0.12  0.20  0.40  0.79  1.17  1.92  3.63  5.27  6.27  6.91  6.87  6.48  5.90  5.71  5.65  5.33  4.31  3.24  2.78  2.02  1.23  0.75  0.42  0.17  0.08  0.06  0.05
 4  85  0.04  0.12  0.20  0.40  0.80  1.19  1.94  3.68  5.31  6.28  6.90  6.90  6.52  5.94  5.76  5.70  5.38  4.36  3.27  2.81  2.03  1.24  0.75  0.42  0.17  0.08  0.06  0.05
 4  90  0.04  0.12  0.20  0.40  0.80  1.18  1.94  3.68  5.32  6.30  6.90  6.94  6.58  6.01  5.86  5.82  5.51  4.50  3.37  2.89  2.06  1.25  0.77  0.43  0.17  0.08  0.06  0.05
 5 -90  0.06  0.18  0.30  0.59  1.14  1.65  2.54  4.04  4.93  5.59  5.71  5.56  4.94  4.14  3.74  3.61  3.45  2.86  2.17  1.80  1.19  0.55  0.29  0.16  0.06  0.03  0.03  0.03
 5 -85  0.06  0.19  0.31  0.61  1.19  1.71  2.65  4.25  5.31  6.02  6.09  5.76  5.07  4.24  3.81  3.67  3.54  2.90  2.17  1.81  1.19  0.54  0.29  0.17  0.06  0.04  0.03  0.03
 5 -80  0.06  0.19  0.32  0.62  1.20  1.74  2.69  4.33  5.44  6.16  6.22  5.79  5.07  4.24  3.82  3.67  3.54  2.90  2.18  1.81  1.19  0.54  0.30  0.17  0.06  0.04  0.03  0.03
 5 -75  0.06  0.19  0.32  0.62  1.21  1.76  2.73  4.50  5.80  6.63  6.84  6.43  5.75  4.92  4.30  4.01  3.67  2.80  2.05  1.70  1.13  0.51  0.28  0.16  0.06  0.04  0.03  0.03
 5 -70  0.06  0.19  0.32  0.63  1.22  1.78  2.79  4.71  6.22  7.13  7.41  6.99  6.38  5.59  4.79  4.35  3.81  2.71  1.92  1.60  1.06  0.49  0.26  0.15  0.07  0.04  0.03  0.03
 5 -65  0.07  0.20  0.33  0.65  1.26  1.85  2.93  5.11  6.77  7.73  7.76  7.17  6.58  5.86  5.28  4.97  4.33  2.87  1.94  1.59  1.01  0.49  0.26  0.15  0.07  0.04  0.03  0.03
 5 -60  0.07  0.20  0.33  0.65  1.28  1.89  3.02  5.40  7.21  8.24  8.05  7.33  6.76  6.13  5.78  5.57  4.81  2.98  1.93  1.57  0.95  0.49  0.24  0.14  0.07  0.04  0.03  0.03
 5 -55  0.06  0.19  0.32  0.63  1.23  1.81  2.91  5.26  7.30  8.42  8.34  7.61  7.03  6.50  6.19  5.95  4.91  2.78  1.78  1.44  0.82  0.48  0.22  0.13  0.06  0.04  0.03  0.03
 5 -50  0.06  0.18  0.30  0.59  1.17  1.72  2.76  4.99  7.17  8.42  8.56  7.95  7.38  6.77  6.51  6.29  4.97  2.53  1.55  1.24  0.69  0.45  0.20  0.08  0.05  0.04  0.03  0.03
 5 -45  0.06  0.16  0.27  0.54  1.06  1.57  2.51  4.54  6.71  8.04  8.56  8.22  7.70  7.03  6.55  6.22  4.81  2.40  1.43  1.13  0.61  0.40  0.18  0.07  0.05  0.03  0.03  0.03
 5 -40  0.05  0.15  0.25  0.49  0.96  1.42  2.28  4.14  6.28  7.67  8.56  8.49  8.04  7.33  6.66  6.18  4.63  2.25  1.30  1.03  0.53  0.34  0.16  0.06  0.04  0.03  0.03  0.03
 5 -35  0.05  0.14  0.23  0.45  0.88  1.31  2.11  3.88  5.89  7.24  8.42  8.69  8.40  7.80  7.06  6.53  4.49  1.97  1.04  0.80  0.39  0.25  0.09  0.05  0.04  0.03  0.03  0.03
 5 -30  0.04  0.13  0.21  0.42  0.82  1.21  1.96  3.62  5.51  6.79  8.25  8.87  8.78  8.30  7.46  6.85  4.34  1.71  0.77  0.58  0.25  0.10  0.06  0.05  0.04  0.03  0.03  0.03
 5 -25  0.04  0.12  0.20  0.40  0.78  1.16  1.87  3.47  5.24  6.44  7.95  9.00  9.14  8.85  7.70  6.85  4.17  1.55  0.60  0.45  0.19  0.06  0.04  0.03  0.03  0.03  0.03  0.03
 5 -20  0.04  0.12  0.19  0.38  0.75  1.11  1.79  3.32  4.92  6.01  7.63  9.17  9.57  9.36  7.94  6.85  4.01  1.39  0.44  0.33  0.13  0.04  0.03  0.03  0.03  0.03  0.03  0.03
 5 -15  0.04  0.11  0.19  0.37  0.73  1.08  1.75  3.24  4.76  5.83  7.45  9.16  9.78  9.76  8.22  7.07  4.01  1.27  0.37  0.28  0.11  0.03  0.03  0.03  0.03  0.03  0.03  0.03
 5 -10  0.04  0.11  0.18  0.37  0.72  1.07  1.72  3.19  4.63  5.67  7.39  9.19 10.00 10.18  8.53  7.28  3.99  1.13  0.29  0.23  0.10  0.03  0.03  0.03  0.03  0.03  0.03  0.03
 5  -5  0.04  0.11  0.18  0.36  0.71  1.05  1.70  3.14  4.56  5.60  7.40  9.21 10.06 10.30  8.45  7.05  3.78  0.96  0.25  0.20  0.10  0.03  0.02  0.03  0.03  0.03  0.03  0.02
 5   0  0.04  0.11  0.18  0.36  0.70  1.04  1.68  3.11  4.53  5.53  7.39  9.27 10.09 10.38  8.35  6.83  3.57  0.81  0.21  0.18  0.09  0.03  0.02  0.02  0.03  0.03  0.03  0.02
 5   5  0.04  0.11  0.18  0.35  0.70  1.04  1.68  3.13  4.56  5.61  7.47  9.37 10.10 10.23  8.40  7.03  3.85  1.06  0.37  0.31  0.16  0.03  0.02  0.03  0.03  0.03  0.03  0.03
 5  10  0.03  0.10  0.17  0.35  0.68  1.02  1.66  3.17  4.64  5.71  7.59  9.47 10.11 10.10  8.44  7.23  4.12  1.31  0.53  0.43  0.22  0.03  0.03  0.03  0.03  0.03  0.04  0.03
 5  15  0.03  0.10  0.17  0.34  0.68  1.01  1.66  3.16  4.64  5.72  7.57  9.40  9.96  9.80  8.25  7.15  4.05  1.40  0.57  0.46  0.23  0.04  0.03  0.03  0.04  0.04  0.04  0.04
 5  20  0.04  0.11  0.18  0.35  0.69  1.02  1.66  3.14  4.62  5.73  7.61  9.36  9.79  9.51  8.04  7.06  3.99  1.47  0.61  0.50  0.25  0.06  0.04  0.04  0.04  0.05  0.05  0.04
 5  25  0.03  0.10  0.17  0.34  0.68  1.01  1.65  3.11  4.58  5.68  7.57  9.25  9.66  9.33  7.89  6.97  4.27  1.66  0.72  0.59  0.33  0.10  0.06  0.05  0.05  0.05  0.05  0.04
 5  30  0.03  0.10  0.17  0.34  0.67  0.99  1.62  3.08  4.53  5.62  7.51  9.16  9.51  9.13  7.74  6.86  4.53  1.88  0.86  0.71  0.41  0.17  0.09  0.06  0.06  0.05  0.05  0.04
 5  35  0.03  0.10  0.17  0.34  0.67  0.99  1.61  3.02  4.46  5.53  7.40  9.05  9.34  8.90  7.55  6.71  4.60  2.18  1.13  0.95  0.62  0.35  0.13  0.08  0.06  0.05  0.05  0.05
 5  40  0.03  0.10  0.17  0.34  0.67  0.99  1.60  2.95  4.39  5.45  7.37  8.92  9.15  8.66  7.37  6.56  4.65  2.49  1.40  1.20  0.83  0.51  0.21  0.11  0.08  0.06  0.05  0.05
 5  45  0.03  0.10  0.17  0.33  0.65  0.96  1.56  2.90  4.30  5.36  7.23  8.71  8.88  8.34  7.05  6.31  4.65  2.74  1.67  1.43  1.01  0.64  0.36  0.16  0.09  0.06  0.05  0.05
 5  50  0.03  0.10  0.16  0.32  0.63  0.94  1.53  2.89  4.27  5.32  7.17  8.54  8.68  8.08  6.82  6.08  4.63  2.98  1.93  1.66  1.18  0.75  0.45  0.20  0.11  0.07  0.06  0.05
 5  55  0.03  0.09  0.16  0.31  0.62  0.92  1.50  2.83  4.18  5.22  7.06  8.33  8.36  7.73  6.52  5.80  4.65  3.15  2.06  1.76  1.26  0.80  0.50  0.28  0.13  0.07  0.06  0.05
 5  60  0.03  0.10  0.16  0.32  0.63  0.93  1.51  2.86  4.32  5.40  7.17  8.20  8.10  7.34  6.25  5.62  4.73  3.37  2.25  1.90  1.33  0.84  0.55  0.31  0.14  0.07  0.06  0.05
 5  65  0.03  0.09  0.16  0.31  0.62  0.91  1.49  2.82  4.26  5.31  6.96  7.78  7.58  6.79  5.76  5.16  4.46  3.40  2.39  2.03  1.44  0.91  0.61  0.37  0.15  0.08  0.06  0.05
 5  70  0.03  0.09  0.15  0.31  0.61  0.90  1.47  2.78  4.20  5.23  6.75  7.38  7.07  6.24  5.26  4.68  4.19  3.43  2.53  2.16  1.56  0.98  0.67  0.42  0.24  0.08  0.06  0.05
 5  75  0.03  0.09  0.15  0.31  0.61  0.90  1.47  2.80  4.28  5.34  6.76  7.11  6.64  5.77  5.04  4.65  4.33  3.54  2.59  2.22  1.60  1.01  0.68  0.42  0.23  0.08  0.06  0.05
 5  80  0.03  0.09  0.15  0.30  0.60  0.90  1.47  2.79  4.35  5.46  6.79  6.87  6.24  5.31  4.82  4.61  4.47  3.65  2.66  2.28  1.65  1.04  0.68  0.43  0.23  0.08  0.06  0.05
 5  85  0.03  0.09  0.15  0.30  0.60  0.89  1.46  2.77  4.35  5.49  6.81  6.88  6.24  5.30  4.81  4.61  4.48  3.68  2.68  2.30  1.66  1.04  0.69  0.43  0.23  0.09  0.06  0.05
 5  90  0.03  0.09  0.15  0.30  0.59  0.88  1.43  2.72  4.27  5.41  6.75  6.86  6.23  5.28  4.71  4.50  4.43  3.73  2.72  2.32  1.63  1.03  0.71  0.45  0.24  0.09  0.06  0.05
 6 -90  0.06  0.18  0.30  0.58  1.11  1.60  2.43  3.68  4.80  5.63  5.66  5.87  5.64  5.03  4.42  4.15  3.49  2.89  2.12  1.77  1.20  0.48  0.21  0.09  0.05  0.03  0.03  0.03
 6 -85  0.06  0.18  0.30  0.60  1.15  1.65  2.51  3.83  5.09  5.97  6.07  6.06  5.75  5.16  4.54  4.22  3.58  2.92  2.12  1.77  1.20  0.46  0.21  0.09  0.05  0.03  0.03  0.03
 6 -80  0.06  0.19  0.31  0.60  1.15  1.66  2.53  3.88  5.16  6.04  6.18  6.16  5.80  5.18  4.54  4.23  3.58  2.93  2.13  1.78  1.21  0.47  0.21  0.10  0.05  0.03  0.03  0.03
 6 -75  0.06  0.19  0.31  0.61  1.17  1.69  2.59  4.08  5.42  6.34  6.67  6.73  6.34  5.67  4.87  4.43  3.75  2.93  2.12  1.78  1.21  0.47  0.21  0.10  0.06  0.04  0.03  0.03
 6 -70  0.06  0.19  0.32  0.62  1.20  1.74  2.70  4.39  5.82  6.77  7.23  7.22  6.78  6.09  5.17  4.64  3.95  2.94  2.11  1.77  1.21  0.47  0.21  0.10  0.06  0.04  0.03  0.03
 6 -65  0.07  0.20  0.32  0.64  1.24  1.81  2.84  4.77  6.34  7.33  7.54  7.24  6.76  6.10  5.45  5.08  4.36  3.05  2.12  1.78  1.20  0.51  0.25  0.10  0.06  0.04  0.03  0.03
 6 -60  0.07  0.20  0.33  0.65  1.27  1.86  2.93  5.08  6.76  7.78  7.74  7.21  6.70  6.09  5.71  5.49  4.72  3.12  2.12  1.76  1.16  0.54  0.28  0.10  0.06  0.04  0.03  0.03
 6 -55  0.07  0.20  0.32  0.64  1.26  1.85  2.95  5.26  7.20  8.32  8.11  7.37  6.82  6.34  6.07  5.87  4.86  2.95  1.94  1.61  1.02  0.52  0.29  0.10  0.06  0.04  0.03  0.03
 6 -50  0.06  0.19  0.32  0.63  1.24  1.82  2.92  5.24  7.35  8.58  8.37  7.57  7.04  6.54  6.39  6.24  4.96  2.72  1.67  1.39  0.88  0.48  0.29  0.09  0.05  0.04  0.03  0.03
 6 -45  0.06  0.17  0.29  0.57  1.12  1.65  2.65  4.74  6.89  8.21  8.47  7.92  7.38  6.78  6.40  6.12  4.85  2.59  1.55  1.28  0.81  0.44  0.27  0.08  0.05  0.03  0.03  0.03
 6 -40  0.05  0.16  0.26  0.51  1.00  1.48  2.38  4.30  6.47  7.88  8.60  8.30  7.78  7.09  6.49  6.03  4.73  2.43  1.42  1.17  0.73  0.40  0.24  0.07  0.05  0.03  0.03  0.03
 6 -35  0.05  0.14  0.23  0.46  0.91  1.35  2.17  3.96  6.00  7.35  8.39  8.47  8.11  7.52  6.86  6.37  4.76  2.14  1.09  0.89  0.53  0.29  0.12  0.07  0.05  0.04  0.03  0.03
 6 -30  0.04  0.13  0.21  0.42  0.83  1.23  1.98  3.64  5.53  6.80  8.17  8.66  8.49  7.99  7.23  6.68  4.77  1.87  0.78  0.62  0.34  0.19  0.07  0.05  0.04  0.04  0.03  0.03
 6 -25  0.04  0.12  0.20  0.41  0.80  1.18  1.91  3.49  5.29  6.51  7.96  8.79  8.78  8.43  7.49  6.80  4.52  1.62  0.59  0.46  0.23  0.06  0.04  0.04  0.04  0.04  0.04  0.03
 6 -20  0.04  0.12  0.20  0.40  0.78  1.15  1.85  3.36  5.01  6.15  7.70  8.94  9.14  8.82  7.74  6.90  4.28  1.40  0.41  0.32  0.14  0.04  0.03  0.03  0.03  0.03  0.04  0.03
 6 -15  0.04  0.12  0.19  0.38  0.76  1.12  1.80  3.31  4.91  6.05  7.62  9.00  9.38  9.20  7.87  6.90  4.08  1.30  0.40  0.31  0.13  0.03  0.03  0.03  0.03  0.03  0.03  0.03
 6 -10  0.04  0.12  0.19  0.38  0.76  1.11  1.80  3.28  4.84  5.97  7.65  9.09  9.62  9.62  8.07  6.92  3.87  1.19  0.36  0.29  0.13  0.03  0.03  0.03  0.03  0.03  0.03  0.03
 6  -5  0.04  0.12  0.19  0.38  0.75  1.11  1.78  3.24  4.80  5.93  7.70  9.16  9.76  9.82  8.26  7.11  3.92  1.12  0.33  0.27  0.13  0.03  0.03  0.03  0.03  0.03  0.03  0.03
 6   0  0.04  0.11  0.19  0.37  0.73  1.08  1.74  3.24  4.79  5.91  7.76  9.30  9.91 10.01  8.46  7.32  4.00  1.07  0.30  0.25  0.14  0.03  0.03  0.03  0.03  0.03  0.03  0.03
 6   5  0.04  0.11  0.19  0.37  0.73  1.08  1.74  3.24  4.80  5.93  7.79  9.39  9.93  9.97  8.46  7.35  4.17  1.22  0.42  0.35  0.18  0.03  0.03  0.03  0.03  0.03  0.03  0.03
 6  10  0.04  0.11  0.18  0.36  0.71  1.05  1.72  3.27  4.84  5.97  7.85  9.50  9.98  9.94  8.45  7.37  4.29  1.37  0.53  0.43  0.23  0.03  0.03  0.03  0.03  0.03  0.03  0.03
 6  15  0.04  0.11  0.18  0.36  0.70  1.05  1.71  3.24  4.80  5.92  7.77  9.42  9.86  9.68  8.19  7.14  4.21  1.45  0.56  0.46  0.24  0.04  0.03  0.03  0.04  0.04  0.04  0.03
 6  20  0.04  0.11  0.18  0.36  0.71  1.05  1.71  3.20  4.74  5.87  7.74  9.37  9.72  9.44  7.92  6.89  4.14  1.53  0.60  0.49  0.26  0.05  0.04  0.04  0.04  0.05  0.04  0.04
 6  25  0.04  0.11  0.18  0.35  0.70  1.03  1.68  3.17  4.66  5.77  7.63  9.23  9.61  9.29  7.92  7.03  4.33  1.66  0.64  0.52  0.29  0.08  0.05  0.05  0.05  0.05  0.05  0.04
 6  30  0.03  0.10  0.17  0.34  0.68  1.01  1.64  3.12  4.58  5.67  7.51  9.12  9.47  9.13  7.93  7.15  4.50  1.80  0.70  0.57  0.32  0.13  0.07  0.05  0.05  0.05  0.05  0.04
 6  35  0.03  0.10  0.17  0.34  0.67  1.00  1.62  3.05  4.47  5.52  7.34  8.95  9.27  8.89  7.66  6.85  4.52  2.07  0.97  0.80  0.48  0.20  0.10  0.07  0.06  0.05  0.05  0.04
 6  40  0.03  0.10  0.17  0.34  0.66  0.98  1.59  2.95  4.35  5.38  7.23  8.76  9.04  8.66  7.38  6.54  4.52  2.36  1.26  1.04  0.66  0.37  0.16  0.09  0.07  0.06  0.05  0.04
 6  45  0.03  0.10  0.16  0.33  0.64  0.95  1.54  2.87  4.19  5.20  7.00  8.48  8.74  8.33  7.04  6.26  4.56  2.56  1.48  1.24  0.83  0.50  0.28  0.13  0.08  0.06  0.05  0.05
 6  50  0.03  0.09  0.16  0.31  0.61  0.91  1.49  2.83  4.10  5.07  6.83  8.26  8.50  8.05  6.78  6.01  4.56  2.75  1.69  1.44  0.99  0.61  0.37  0.15  0.09  0.06  0.06  0.05
 6  55  0.03  0.09  0.15  0.30  0.59  0.88  1.44  2.74  3.94  4.87  6.60  7.99  8.16  7.67  6.46  5.72  4.39  2.85  1.78  1.50  1.04  0.66  0.41  0.18  0.11  0.07  0.06  0.05
 6  60  0.03  0.09  0.15  0.30  0.59  0.87  1.43  2.72  4.01  4.95  6.58  7.78  7.86  7.24  6.17  5.53  4.27  3.00  1.93  1.61  1.09  0.69  0.46  0.27  0.12  0.07  0.06  0.05
 6  65  0.03  0.09  0.14  0.29  0.57  0.85  1.39  2.65  3.91  4.82  6.35  7.39  7.37  6.69  5.63  4.98  3.98  3.00  2.03  1.71  1.18  0.73  0.51  0.30  0.13  0.08  0.06  0.05
 6  70  0.03  0.08  0.14  0.28  0.55  0.82  1.35  2.57  3.81  4.69  6.16  7.05  6.92  6.17  5.10  4.45  3.70  3.00  2.14  1.81  1.28  0.78  0.57  0.33  0.15  0.08  0.06  0.05
 6  75  0.03  0.08  0.13  0.27  0.53  0.79  1.29  2.47  3.76  4.67  6.17  6.91  6.63  5.80  4.86  4.29  3.75  3.04  2.19  1.86  1.33  0.80  0.59  0.35  0.17  0.08  0.06  0.05
 6  80  0.03  0.08  0.13  0.26  0.51  0.76  1.24  2.38  3.71  4.66  6.20  6.79  6.36  5.45  4.62  4.13  3.80  3.09  2.24  1.91  1.39  0.83  0.61  0.37  0.20  0.09  0.06  0.05
 6  85  0.03  0.08  0.13  0.26  0.51  0.76  1.24  2.37  3.72  4.68  6.21  6.79  6.36  5.45  4.62  4.13  3.81  3.10  2.24  1.92  1.40  0.83  0.62  0.38  0.20  0.09  0.07  0.05
 6  90  0.03  0.08  0.13  0.25  0.50  0.75  1.23  2.35  3.65  4.59  6.09  6.70  6.34  5.46  4.58  4.07  3.69  3.07  2.21  1.89  1.36  0.82  0.62  0.38  0.20  0.10  0.07  0.05
 7 -90  0.05  0.16  0.27  0.52  1.00  1.43  2.14  3.08  4.26  5.08  5.46  5.97  5.99  5.51  4.80  4.30  3.77  2.87  2.09  1.71  1.13  0.47  0.20  0.09  0.05  0.03  0.03  0.03
 7 -85  0.06  0.17  0.27  0.54  1.02  1.46  2.20  3.20  4.48  5.37  5.84  6.16  6.08  5.56  4.92  4.44  3.89  2.94  2.13  1.75  1.14  0.45  0.21  0.09  0.05  0.03  0.03  0.03
 7 -80  0.06  0.17  0.28  0.54  1.03  1.48  2.23  3.26  4.58  5.46  5.92  6.23  6.14  5.60  4.95  4.47  3.92  2.96  2.15  1.76  1.14  0.46  0.20  0.08  0.05  0.03  0.03  0.03
 7 -75  0.05  0.16  0.26  0.52  0.99  1.43  2.16  3.22  4.60  5.51  6.16  6.76  6.72  6.16  5.25  4.60  3.85  2.98  2.17  1.79  1.17  0.46  0.20  0.08  0.05  0.03  0.03  0.03
 7 -70  0.05  0.15  0.25  0.50  0.96  1.38  2.11  3.25  4.74  5.71  6.57  7.32  7.25  6.64  5.49  4.71  3.80  3.03  2.21  1.83  1.21  0.48  0.21  0.09  0.05  0.03  0.03  0.03
 7 -65  0.05  0.16  0.27  0.53  1.02  1.49  2.31  3.80  5.45  6.51  7.20  7.48  7.13  6.42  5.67  5.21  4.38  3.19  2.22  1.85  1.25  0.51  0.24  0.10  0.05  0.04  0.03  0.03
 7 -60  0.06  0.17  0.28  0.55  1.07  1.57  2.47  4.28  6.05  7.18  7.68  7.48  6.91  6.17  5.82  5.65  4.88  3.28  2.20  1.85  1.27  0.54  0.28  0.10  0.06  0.04  0.03  0.03
 7 -55  0.05  0.16  0.27  0.54  1.06  1.56  2.50  4.51  6.48  7.69  8.13  7.68  7.03  6.40  6.19  6.07  5.02  3.11  2.05  1.72  1.12  0.52  0.29  0.10  0.06  0.04  0.03  0.03
 7 -50  0.05  0.16  0.27  0.53  1.05  1.55  2.50  4.58  6.66  7.93  8.40  7.89  7.23  6.58  6.56  6.52  5.15  2.89  1.81  1.50  0.96  0.49  0.29  0.09  0.05  0.04  0.03  0.03
 7 -45  0.05  0.15  0.26  0.51  1.00  1.48  2.37  4.30  6.37  7.68  8.45  8.18  7.58  6.88  6.59  6.38  5.08  2.83  1.71  1.41  0.88  0.45  0.27  0.08  0.05  0.04  0.03  0.03
 7 -40  0.05  0.14  0.24  0.48  0.94  1.38  2.23  4.07  6.14  7.48  8.56  8.53  8.01  7.26  6.70  6.27  5.00  2.75  1.60  1.30  0.78  0.40  0.25  0.09  0.05  0.04  0.03  0.03
 7 -35  0.05  0.14  0.22  0.45  0.88  1.29  2.09  3.84  5.81  7.11  8.38  8.63  8.26  7.61  6.85  6.31  4.90  2.46  1.28  1.02  0.57  0.30  0.19  0.09  0.05  0.04  0.03  0.03
 7 -30  0.04  0.13  0.21  0.42  0.82  1.21  1.96  3.62  5.48  6.73  8.19  8.75  8.54  7.98  7.01  6.33  4.79  2.17  0.98  0.76  0.39  0.20  0.09  0.06  0.05  0.04  0.04  0.03
 7 -25  0.04  0.12  0.21  0.41  0.80  1.18  1.91  3.48  5.29  6.55  8.08  8.88  8.75  8.29  7.28  6.56  4.58  1.85  0.74  0.57  0.27  0.07  0.05  0.04  0.04  0.04  0.04  0.04
 7 -20  0.04  0.12  0.20  0.40  0.79  1.16  1.87  3.36  5.08  6.28  7.91  9.02  9.03  8.56  7.52  6.76  4.39  1.55  0.51  0.39  0.17  0.05  0.04  0.03  0.03  0.04  0.04  0.04
 7 -15  0.04  0.12  0.20  0.39  0.77  1.13  1.82  3.31  4.98  6.18  7.84  9.11  9.31  8.95  7.73  6.91  4.10  1.37  0.46  0.36  0.17  0.04  0.03  0.03  0.03  0.03  0.04  0.04
 7 -10  0.04  0.12  0.20  0.39  0.76  1.12  1.80  3.28  4.91  6.10  7.89  9.24  9.62  9.43  8.04  7.09  3.80  1.16  0.40  0.32  0.16  0.03  0.03  0.03  0.03  0.03  0.03  0.03
 7  -5  0.04  0.12  0.19  0.38  0.76  1.11  1.79  3.24  4.87  6.06  7.92  9.29  9.79  9.69  8.10  7.00  3.83  1.13  0.40  0.32  0.17  0.03  0.03  0.03  0.03  0.03  0.03  0.03
 7   0  0.04  0.11  0.18  0.36  0.72  1.07  1.74  3.26  4.87  6.05  7.99  9.48 10.00  9.98  8.20  6.97  3.92  1.10  0.40  0.33  0.17  0.03  0.03  0.03  0.03  0.03  0.03  0.03
 7   5  0.04  0.11  0.19  0.37  0.73  1.08  1.75  3.25  4.88  6.05  8.01  9.55 10.02  9.99  8.36  7.21  4.16  1.30  0.51  0.41  0.20  0.03  0.03  0.03  0.03  0.03  0.03  0.02
 7  10  0.04  0.11  0.18  0.36  0.72  1.06  1.73  3.29  4.91  6.08  8.04  9.64 10.07  9.98  8.49  7.43  4.36  1.50  0.63  0.49  0.22  0.03  0.03  0.03  0.03  0.03  0.03  0.03
 7  15  0.04  0.11  0.18  0.36  0.72  1.06  1.74  3.28  4.89  6.05  7.96  9.52  9.89  9.68  8.27  7.27  4.34  1.57  0.65  0.50  0.22  0.04  0.03  0.03  0.03  0.04  0.04  0.03
 7  20  0.04  0.11  0.19  0.37  0.73  1.08  1.75  3.26  4.84  6.01  7.92  9.46  9.73  9.43  8.05  7.10  4.36  1.64  0.68  0.53  0.24  0.05  0.04  0.04  0.04  0.04  0.04  0.03
 7  25  0.04  0.11  0.18  0.36  0.71  1.06  1.72  3.25  4.80  5.94  7.80  9.29  9.59  9.27  7.88  6.97  4.35  1.77  0.72  0.56  0.25  0.07  0.05  0.05  0.05  0.05  0.04  0.04
 7  30  0.04  0.11  0.18  0.35  0.70  1.04  1.70  3.23  4.75  5.88  7.70  9.15  9.42  9.09  7.74  6.83  4.34  1.90  0.78  0.59  0.27  0.10  0.06  0.05  0.05  0.05  0.04  0.04
 7  35  0.04  0.11  0.18  0.35  0.69  1.03  1.68  3.16  4.64  5.73  7.51  8.95  9.20  8.84  7.54  6.68  4.36  2.04  0.95  0.75  0.39  0.13  0.07  0.06  0.05  0.05  0.05  0.04
 7  40  0.03  0.10  0.17  0.34  0.68  1.01  1.64  3.08  4.52  5.59  7.38  8.74  8.95  8.58  7.34  6.51  4.38  2.20  1.13  0.91  0.51  0.18  0.10  0.07  0.06  0.05  0.05  0.04
 7  45  0.03  0.10  0.17  0.33  0.66  0.98  1.59  2.98  4.34  5.37  7.12  8.45  8.64  8.24  7.00  6.22  4.40  2.37  1.29  1.06  0.65  0.34  0.16  0.10  0.07  0.06  0.05  0.04
 7  50  0.03  0.10  0.16  0.32  0.63  0.94  1.53  2.90  4.22  5.21  6.93  8.20  8.37  7.94  6.72  5.96  4.39  2.54  1.45  1.22  0.80  0.45  0.27  0.13  0.09  0.06  0.05  0.04
 7  55  0.03  0.09  0.15  0.30  0.60  0.90  1.47  2.81  4.04  5.00  6.70  7.94  8.05  7.56  6.32  5.54  4.20  2.60  1.55  1.30  0.89  0.52  0.32  0.16  0.10  0.07  0.05  0.05
 7  60  0.03  0.09  0.15  0.30  0.60  0.89  1.45  2.78  4.10  5.06  6.67  7.74  7.75  7.14  5.96  5.23  4.08  2.72  1.70  1.42  0.97  0.58  0.38  0.19  0.11  0.07  0.06  0.05
 7  65  0.03  0.09  0.15  0.29  0.57  0.85  1.40  2.68  3.96  4.89  6.39  7.31  7.22  6.56  5.40  4.66  3.74  2.75  1.80  1.51  1.06  0.62  0.42  0.25  0.12  0.07  0.06  0.05
 7  70  0.03  0.08  0.14  0.28  0.55  0.82  1.35  2.58  3.83  4.70  6.11  6.89  6.70  5.97  4.83  4.09  3.40  2.76  1.89  1.60  1.14  0.66  0.47  0.28  0.13  0.07  0.06  0.05
 7  75  0.03  0.08  0.13  0.27  0.53  0.79  1.29  2.48  3.76  4.65  6.05  6.66  6.35  5.57  4.57  3.93  3.41  2.82  1.96  1.65  1.17  0.67  0.49  0.29  0.14  0.08  0.06  0.05
 7  80  0.03  0.08  0.13  0.25  0.50  0.75  1.23  2.36  3.70  4.62  6.03  6.47  6.01  5.17  4.31  3.77  3.41  2.87  2.03  1.71  1.21  0.68  0.52  0.31  0.16  0.08  0.06  0.05
 7  85  0.03  0.08  0.13  0.25  0.50  0.74  1.22  2.35  3.70  4.64  6.04  6.46  6.00  5.16  4.32  3.79  3.43  2.88  2.03  1.71  1.21  0.68  0.53  0.31  0.18  0.09  0.06  0.05
 7  90  0.03  0.08  0.13  0.25  0.50  0.74  1.21  2.33  3.63  4.58  5.97  6.35  5.93  5.13  4.30  3.78  3.36  2.83  2.02  1.69  1.19  0.69  0.54  0.31  0.18  0.09  0.06  0.05
 8 -90  0.04  0.13  0.22  0.43  0.82  1.17  1.77  2.65  3.70  4.40  5.35  6.68  6.75  6.24  5.15  4.03  3.22  2.73  1.99  1.64  1.11  0.47  0.17  0.08  0.05  0.03  0.03  0.03
 8 -85  0.05  0.14  0.23  0.44  0.85  1.22  1.85  2.82  4.04  4.84  5.80  6.88  6.93  6.28  5.19  4.22  3.43  2.86  2.06  1.70  1.12  0.45  0.18  0.08  0.05  0.03  0.03  0.03
 8 -80  0.05  0.14  0.23  0.45  0.87  1.25  1.91  2.93  4.22  5.04  5.98  6.96  6.99  6.33  5.26  4.30  3.52  2.93  2.10  1.72  1.13  0.46  0.17  0.08  0.05  0.03  0.03  0.03
 8 -75  0.05  0.14  0.24  0.47  0.91  1.32  2.04  3.30  4.67  5.52  6.35  7.02  7.00  6.47  5.48  4.65  3.80  3.09  2.20  1.82  1.20  0.48  0.17  0.08  0.05  0.03  0.03  0.03
 8 -70  0.05  0.15  0.24  0.48  0.93  1.36  2.14  3.62  5.10  6.01  6.77  7.14  7.02  6.55  5.56  4.89  4.04  3.27  2.32  1.93  1.29  0.51  0.18  0.08  0.05  0.04  0.03  0.03
 8 -65  0.05  0.14  0.24  0.47  0.91  1.34  2.14  3.78  5.42  6.47  7.32  7.54  7.25  6.60  5.79  5.36  4.55  3.49  2.36  1.95  1.28  0.53  0.20  0.09  0.05  0.04  0.03  0.03
 8 -60  0.05  0.14  0.23  0.46  0.90  1.33  2.14  3.90  5.65  6.80  7.73  7.77  7.33  6.56  6.02  5.78  4.93  3.57  2.32  1.92  1.26  0.55  0.28  0.09  0.06  0.04  0.03  0.03
 8 -55  0.05  0.14  0.23  0.45  0.90  1.33  2.17  4.07  6.01  7.23  8.19  8.11  7.58  6.89  6.35  6.05  5.10  3.48  2.22  1.85  1.21  0.55  0.30  0.10  0.06  0.04  0.03  0.03
 8 -50  0.05  0.14  0.23  0.46  0.90  1.34  2.19  4.15  6.18  7.48  8.54  8.47  7.93  7.19  6.71  6.39  5.31  3.37  2.01  1.69  1.12  0.53  0.31  0.10  0.06  0.04  0.03  0.03
 8 -45  0.05  0.14  0.23  0.46  0.90  1.33  2.16  4.01  6.01  7.35  8.53  8.67  8.17  7.40  6.70  6.26  5.21  3.20  1.85  1.54  1.01  0.50  0.30  0.09  0.06  0.04  0.03  0.03
 8 -40  0.05  0.14  0.22  0.45  0.88  1.30  2.11  3.92  5.92  7.26  8.59  8.89  8.49  7.71  6.79  6.18  5.11  3.04  1.70  1.41  0.89  0.45  0.29  0.10  0.06  0.04  0.04  0.03
 8 -35  0.04  0.13  0.21  0.43  0.84  1.24  2.02  3.74  5.68  7.01  8.48  8.96  8.64  7.92  6.91  6.24  4.96  2.68  1.35  1.09  0.65  0.33  0.23  0.09  0.06  0.04  0.04  0.04
 8 -30  0.04  0.12  0.20  0.40  0.80  1.18  1.92  3.57  5.44  6.74  8.36  9.03  8.81  8.14  7.03  6.29  4.80  2.34  1.02  0.81  0.44  0.23  0.09  0.07  0.06  0.05  0.04  0.04
 8 -25  0.04  0.12  0.20  0.40  0.79  1.16  1.87  3.42  5.24  6.52  8.25  9.19  9.05  8.45  7.28  6.49  4.62  1.99  0.73  0.58  0.30  0.07  0.05  0.04  0.04  0.04  0.04  0.04
 8 -20  0.04  0.12  0.20  0.39  0.77  1.14  1.82  3.29  5.01  6.24  8.07  9.36  9.36  8.73  7.49  6.65  4.45  1.65  0.47  0.36  0.17  0.05  0.04  0.04  0.04  0.04  0.04  0.04
 8 -15  0.04  0.11  0.19  0.38  0.74  1.09  1.76  3.23  4.88  6.06  7.91  9.44  9.64  9.12  7.71  6.83  4.15  1.43  0.45  0.35  0.15  0.04  0.03  0.03  0.03  0.04  0.04  0.04
 8 -10  0.04  0.11  0.19  0.37  0.73  1.08  1.74  3.18  4.77  5.93  7.89  9.52  9.97  9.68  8.08  7.06  3.81  1.19  0.43  0.32  0.13  0.04  0.03  0.03  0.03  0.03  0.04  0.04
 8  -5  0.04  0.11  0.19  0.37  0.72  1.07  1.72  3.14  4.70  5.85  7.87  9.53 10.14  9.99  8.25  7.13  3.76  1.15  0.43  0.33  0.14  0.03  0.03  0.03  0.03  0.03  0.03  0.03
 8   0  0.03  0.10  0.17  0.35  0.69  1.02  1.66  3.16  4.69  5.84  7.92  9.71 10.38 10.33  8.48  7.25  3.78  1.11  0.42  0.33  0.14  0.03  0.03  0.03  0.03  0.03  0.03  0.03
 8   5  0.04  0.11  0.18  0.36  0.70  1.04  1.69  3.16  4.72  5.86  7.94  9.73 10.34 10.29  8.55  7.36  4.07  1.28  0.52  0.40  0.16  0.03  0.03  0.03  0.03  0.03  0.03  0.03
 8  10  0.04  0.11  0.18  0.35  0.70  1.04  1.69  3.20  4.78  5.93  7.98  9.79 10.32 10.23  8.59  7.45  4.32  1.44  0.62  0.46  0.18  0.03  0.03  0.03  0.03  0.03  0.03  0.03
 8  15  0.04  0.11  0.18  0.36  0.71  1.05  1.71  3.23  4.85  6.00  7.99  9.65 10.05  9.84  8.34  7.29  4.31  1.52  0.65  0.48  0.19  0.04  0.03  0.03  0.03  0.04  0.03  0.03
 8  20  0.04  0.11  0.19  0.37  0.73  1.08  1.75  3.24  4.87  6.07  8.02  9.57  9.83  9.53  8.10  7.11  4.31  1.60  0.69  0.51  0.20  0.04  0.04  0.04  0.04  0.04  0.04  0.03
 8  25  0.04  0.11  0.18  0.36  0.72  1.07  1.74  3.29  4.92  6.10  7.98  9.39  9.64  9.30  7.90  6.96  4.30  1.73  0.72  0.54  0.21  0.06  0.04  0.04  0.05  0.05  0.04  0.04
 8  30  0.04  0.11  0.18  0.36  0.72  1.07  1.74  3.31  4.94  6.14  7.97  9.26  9.43  9.06  7.72  6.82  4.29  1.84  0.76  0.57  0.23  0.08  0.05  0.05  0.05  0.05  0.04  0.04
 8  35  0.04  0.11  0.18  0.36  0.72  1.06  1.73  3.28  4.87  6.03  7.81  9.04  9.17  8.78  7.52  6.66  4.30  1.93  0.89  0.69  0.32  0.10  0.06  0.05  0.05  0.05  0.04  0.04
 8  40  0.04  0.11  0.18  0.36  0.71  1.05  1.71  3.23  4.80  5.94  7.70  8.83  8.90  8.49  7.30  6.48  4.29  2.04  1.01  0.79  0.41  0.14  0.08  0.06  0.06  0.05  0.05  0.04
 8  45  0.04  0.11  0.18  0.35  0.70  1.03  1.68  3.14  4.66  5.79  7.53  8.58  8.59  8.13  6.94  6.17  4.21  2.21  1.18  0.95  0.54  0.25  0.12  0.08  0.06  0.05  0.05  0.04
 8  50  0.03  0.10  0.17  0.34  0.68  1.00  1.64  3.09  4.58  5.69  7.42  8.36  8.32  7.79  6.62  5.87  4.13  2.38  1.36  1.11  0.69  0.35  0.20  0.11  0.08  0.06  0.05  0.04
 8  55  0.03  0.10  0.16  0.33  0.65  0.97  1.58  3.02  4.45  5.55  7.27  8.16  8.02  7.40  6.24  5.49  3.93  2.49  1.49  1.23  0.79  0.40  0.24  0.14  0.09  0.06  0.05  0.04
 8  60  0.03  0.10  0.16  0.32  0.64  0.96  1.57  3.02  4.55  5.68  7.33  8.00  7.73  6.96  5.89  5.22  3.80  2.66  1.68  1.37  0.87  0.45  0.28  0.16  0.10  0.06  0.05  0.04
 8  65  0.03  0.10  0.16  0.32  0.63  0.94  1.54  2.96  4.46  5.55  7.04  7.50  7.12  6.30  5.31  4.70  3.59  2.69  1.77  1.46  0.95  0.50  0.33  0.20  0.10  0.06  0.05  0.04
 8  70  0.03  0.09  0.16  0.31  0.61  0.92  1.50  2.89  4.35  5.38  6.70  6.95  6.48  5.63  4.73  4.18  3.39  2.73  1.87  1.54  1.03  0.55  0.37  0.22  0.11  0.07  0.05  0.04
 8  75  0.03  0.09  0.15  0.31  0.61  0.91  1.49  2.86  4.30  5.28  6.34  6.33  5.77  4.96  4.29  3.89  3.40  2.76  1.92  1.58  1.07  0.58  0.39  0.23  0.12  0.07  0.05  0.04
 8  80  0.03  0.09  0.15  0.30  0.60  0.90  1.48  2.84  4.28  5.22  6.04  5.74  5.08  4.29  3.84  3.59  3.40  2.78  1.96  1.63  1.11  0.61  0.40  0.24  0.13  0.07  0.06  0.04
 8  85  0.03  0.09  0.15  0.30  0.60  0.90  1.48  2.85  4.31  5.24  6.00  5.69  5.05  4.29  3.87  3.63  3.44  2.80  1.97  1.63  1.11  0.61  0.41  0.24  0.14  0.07  0.06  0.04
 8  90  0.03  0.09  0.15  0.30  0.60  0.89  1.46  2.83  4.27  5.18  5.90  5.55  4.92  4.19  3.80  3.57  3.35  2.74  1.96  1.62  1.12  0.63  0.42  0.23  0.14  0.08  0.06  0.05
 9 -90  0.04  0.13  0.21  0.42  0.83  1.21  1.90  3.25  4.63  5.53  6.01  6.35  6.15  5.78  5.23  4.56  2.92  2.14  1.63  1.38  0.96  0.45  0.11  0.06  0.04  0.03  0.03  0.03
 9 -85  0.04  0.13  0.22  0.43  0.84  1.22  1.93  3.31  4.86  5.91  6.55  6.73  6.44  5.98  5.31  4.73  3.27  2.44  1.74  1.45  0.98  0.45  0.12  0.06  0.04  0.03  0.03  0.03
 9 -80  0.04  0.13  0.22  0.43  0.84  1.23  1.94  3.33  4.96  6.05  6.74  6.87  6.52  6.02  5.33  4.78  3.38  2.54  1.81  1.50  1.00  0.46  0.14  0.06  0.05  0.03  0.03  0.03
 9 -75  0.04  0.13  0.21  0.42  0.82  1.20  1.91  3.37  5.03  6.17  7.17  7.34  6.93  6.34  5.55  5.02  3.69  2.80  1.99  1.65  1.10  0.49  0.17  0.07  0.05  0.04  0.03  0.03
 9 -70  0.04  0.12  0.20  0.40  0.79  1.17  1.87  3.38  5.00  6.14  7.45  7.71  7.30  6.63  5.66  5.08  3.85  2.99  2.16  1.80  1.20  0.54  0.19  0.08  0.05  0.04  0.03  0.03
 9 -65  0.04  0.12  0.20  0.40  0.78  1.16  1.87  3.47  5.14  6.32  7.73  8.06  7.70  7.04  6.11  5.58  4.34  3.29  2.32  1.95  1.30  0.58  0.26  0.09  0.05  0.04  0.03  0.03
 9 -60  0.04  0.12  0.20  0.40  0.79  1.17  1.90  3.57  5.31  6.53  8.00  8.37  8.02  7.32  6.57  6.12  4.79  3.47  2.38  2.00  1.35  0.63  0.30  0.09  0.06  0.04  0.03  0.03
 9 -55  0.04  0.12  0.20  0.41  0.81  1.20  1.96  3.73  5.61  6.86  8.28  8.61  8.24  7.62  6.82  6.30  5.01  3.49  2.32  1.94  1.25  0.62  0.31  0.10  0.06  0.04  0.03  0.03
 9 -50  0.04  0.12  0.21  0.41  0.82  1.22  1.99  3.83  5.75  7.06  8.50  8.91  8.56  7.90  7.08  6.55  5.33  3.54  2.19  1.81  1.12  0.59  0.31  0.10  0.06  0.04  0.04  0.03
 9 -45  0.04  0.12  0.21  0.41  0.81  1.21  1.97  3.72  5.65  7.00  8.52  9.03  8.71  7.95  6.99  6.38  5.19  3.32  1.98  1.61  0.97  0.54  0.30  0.09  0.06  0.04  0.04  0.03
 9 -40  0.04  0.12  0.21  0.41  0.81  1.20  1.95  3.65  5.59  6.94  8.58  9.19  8.90  8.11  6.99  6.26  5.05  3.12  1.79  1.44  0.83  0.48  0.29  0.09  0.06  0.04  0.04  0.04
 9 -35  0.04  0.12  0.20  0.39  0.78  1.16  1.88  3.54  5.42  6.75  8.52  9.29  9.07  8.30  7.07  6.27  4.91  2.73  1.43  1.12  0.59  0.34  0.23  0.09  0.06  0.05  0.04  0.04
 9 -30  0.04  0.11  0.19  0.38  0.75  1.11  1.81  3.42  5.23  6.53  8.43  9.39  9.24  8.52  7.15  6.27  4.75  2.34  1.09  0.83  0.39  0.21  0.10  0.07  0.06  0.05  0.04  0.04
 9 -25  0.04  0.11  0.19  0.38  0.74  1.10  1.78  3.30  5.04  6.30  8.25  9.52  9.48  8.83  7.39  6.45  4.65  2.07  0.86  0.65  0.29  0.08  0.06  0.05  0.05  0.05  0.05  0.04
 9 -20  0.04  0.11  0.19  0.37  0.73  1.08  1.74  3.20  4.84  6.03  8.01  9.64  9.78  9.12  7.59  6.60  4.55  1.79  0.64  0.49  0.20  0.05  0.04  0.04  0.04  0.04  0.05  0.04
 9 -15  0.04  0.11  0.18  0.36  0.70  1.04  1.69  3.15  4.69  5.82  7.76  9.60  9.96  9.46  7.79  6.79  4.24  1.52  0.55  0.41  0.17  0.04  0.03  0.03  0.03  0.04  0.04  0.04
 9 -10  0.04  0.11  0.18  0.35  0.69  1.02  1.66  3.12  4.58  5.67  7.66  9.58 10.21  9.95  8.12  7.00  3.88  1.22  0.45  0.34  0.14  0.04  0.03  0.03  0.03  0.04  0.04  0.04
 9  -5  0.04  0.10  0.17  0.35  0.68  1.01  1.65  3.07  4.51  5.58  7.61  9.54 10.33 10.26  8.25  6.99  3.76  1.17  0.45  0.34  0.14  0.03  0.03  0.03  0.03  0.03  0.04  0.03
 9   0  0.03  0.10  0.17  0.33  0.66  0.98  1.60  3.08  4.50  5.56  7.63  9.67 10.53 10.60  8.45  7.04  3.72  1.12  0.44  0.34  0.14  0.03  0.03  0.03  0.03  0.03  0.03  0.03
 9   5  0.03  0.10  0.17  0.34  0.68  1.01  1.64  3.09  4.55  5.61  7.66  9.66 10.45 10.52  8.57  7.26  4.01  1.26  0.51  0.38  0.15  0.03  0.03  0.03  0.03  0.03  0.03  0.03
 9  10  0.03  0.10  0.17  0.34  0.68  1.01  1.65  3.14  4.63  5.71  7.73  9.70 10.38 10.39  8.65  7.45  4.27  1.40  0.58  0.43  0.16  0.03  0.03  0.03  0.03  0.03  0.03  0.03
 9  15  0.04  0.11  0.18  0.35  0.69  1.03  1.68  3.16  4.74  5.85  7.83  9.59 10.08  9.94  8.39  7.29  4.26  1.43  0.58  0.43  0.16  0.03  0.03  0.03  0.03  0.04  0.03  0.03
 9  20  0.04  0.11  0.18  0.36  0.71  1.05  1.71  3.18  4.79  5.97  7.93  9.55  9.85  9.59  8.14  7.12  4.25  1.46  0.60  0.44  0.16  0.04  0.03  0.03  0.04  0.04  0.04  0.03
 9  25  0.04  0.11  0.18  0.36  0.71  1.05  1.71  3.25  4.89  6.08  7.97  9.37  9.60  9.27  8.01  7.12  4.30  1.55  0.62  0.46  0.17  0.05  0.04  0.04  0.04  0.04  0.04  0.04
 9  30  0.04  0.11  0.18  0.36  0.71  1.06  1.73  3.28  4.97  6.20  8.03  9.23  9.34  8.96  7.87  7.12  4.35  1.62  0.65  0.48  0.18  0.07  0.05  0.04  0.04  0.04  0.04  0.04
 9  35  0.04  0.11  0.18  0.37  0.72  1.07  1.75  3.31  5.01  6.24  7.99  9.01  9.03  8.60  7.49  6.73  4.26  1.80  0.84  0.63  0.28  0.09  0.06  0.05  0.05  0.05  0.04  0.04
 9  40  0.04  0.11  0.19  0.37  0.73  1.08  1.76  3.33  5.05  6.29  7.99  8.80  8.70  8.24  7.11  6.31  4.17  2.00  1.02  0.78  0.37  0.12  0.08  0.06  0.05  0.05  0.04  0.04
 9  45  0.04  0.11  0.19  0.37  0.74  1.09  1.78  3.33  5.07  6.33  7.98  8.58  8.34  7.78  6.70  6.00  4.13  2.18  1.18  0.93  0.50  0.22  0.11  0.08  0.06  0.05  0.04  0.04
 9  50  0.04  0.11  0.19  0.38  0.74  1.10  1.79  3.37  5.14  6.42  7.99  8.35  8.00  7.35  6.36  5.72  4.10  2.36  1.36  1.10  0.65  0.29  0.17  0.10  0.07  0.05  0.04  0.04
 9  55  0.04  0.11  0.19  0.37  0.73  1.09  1.78  3.40  5.17  6.46  7.94  8.12  7.63  6.90  5.95  5.33  3.96  2.46  1.50  1.22  0.75  0.35  0.21  0.13  0.08  0.05  0.05  0.04
 9  60  0.04  0.11  0.19  0.38  0.75  1.11  1.82  3.50  5.44  6.76  8.08  7.94  7.29  6.41  5.57  5.05  3.89  2.62  1.69  1.38  0.86  0.42  0.25  0.16  0.09  0.06  0.05  0.04
 9  65  0.04  0.12  0.19  0.38  0.76  1.14  1.87  3.59  5.51  6.77  7.80  7.42  6.70  5.82  5.03  4.54  3.69  2.63  1.80  1.48  0.95  0.48  0.30  0.18  0.10  0.06  0.04  0.04
 9  70  0.04  0.12  0.20  0.39  0.78  1.17  1.91  3.67  5.55  6.74  7.48  6.89  6.11  5.24  4.48  4.01  3.47  2.63  1.91  1.58  1.04  0.54  0.34  0.20  0.10  0.06  0.04  0.04
 9  75  0.04  0.12  0.20  0.40  0.80  1.19  1.95  3.74  5.35  6.31  6.68  6.09  5.45  4.74  4.28  4.00  3.46  2.66  1.92  1.59  1.06  0.54  0.35  0.21  0.11  0.06  0.05  0.04
 9  80  0.04  0.12  0.21  0.41  0.81  1.21  1.98  3.79  5.10  5.83  5.85  5.28  4.79  4.24  4.07  3.98  3.42  2.67  1.93  1.60  1.07  0.55  0.36  0.22  0.11  0.06  0.05  0.04
 9  85  0.04  0.12  0.21  0.41  0.82  1.22  2.00  3.83  5.04  5.72  5.73  5.23  4.78  4.25  4.08  4.01  3.44  2.68  1.93  1.60  1.07  0.55  0.36  0.22  0.12  0.06  0.05  0.04
 9  90  0.04  0.12  0.20  0.41  0.80  1.20  1.97  3.78  4.92  5.57  5.56  5.09  4.64  4.15  3.99  3.93  3.34  2.61  1.92  1.59  1.07  0.56  0.37  0.22  0.12  0.06  0.05  0.04
10 -90  0.03  0.10  0.17  0.34  0.68  1.00  1.62  3.00  4.38  5.36  6.95  7.74  7.49  6.65  5.84  5.46  4.11  2.09  1.63  1.47  1.05  0.52  0.12  0.06  0.05  0.03  0.03  0.03
10 -85  0.03  0.10  0.17  0.34  0.68  1.00  1.62  3.01  4.37  5.31  6.84  7.61  7.41  6.67  5.86  5.48  4.34  2.38  1.64  1.39  0.95  0.51  0.13  0.06  0.05  0.04  0.03  0.03
10 -80  0.03  0.10  0.17  0.34  0.67  0.99  1.60  2.98  4.32  5.26  6.81  7.59  7.42  6.70  5.81  5.40  4.29  2.41  1.68  1.43  0.98  0.52  0.14  0.06  0.05  0.04  0.03  0.03
10 -75  0.03  0.10  0.17  0.34  0.67  0.99  1.60  2.98  4.35  5.32  6.90  7.81  7.73  7.08  6.29  5.88  4.60  2.77  1.91  1.62  1.09  0.57  0.26  0.07  0.05  0.04  0.03  0.03
10 -70  0.03  0.10  0.17  0.34  0.67  0.99  1.60  3.00  4.41  5.40  6.99  7.99  7.96  7.38  6.72  6.29  4.77  3.01  2.08  1.77  1.19  0.62  0.29  0.07  0.05  0.04  0.03  0.03
10 -65  0.03  0.10  0.17  0.35  0.68  1.01  1.65  3.11  4.62  5.69  7.28  8.25  8.19  7.62  7.11  6.73  5.07  3.28  2.25  1.92  1.28  0.65  0.31  0.08  0.05  0.04  0.03  0.03
10 -60  0.04  0.11  0.18  0.36  0.70  1.04  1.70  3.23  4.85  6.00  7.60  8.54  8.46  7.87  7.49  7.23  5.43  3.49  2.32  1.95  1.29  0.67  0.32  0.10  0.06  0.04  0.03  0.03
10 -55  0.04  0.11  0.18  0.36  0.72  1.07  1.75  3.33  5.09  6.28  7.88  8.74  8.60  8.08  7.42  6.97  5.36  3.48  2.28  1.90  1.20  0.62  0.32  0.18  0.06  0.04  0.03  0.03
10 -50  0.04  0.11  0.18  0.36  0.72  1.07  1.76  3.37  5.17  6.41  8.12  8.99  8.84  8.23  7.33  6.74  5.36  3.52  2.23  1.84  1.13  0.56  0.30  0.17  0.06  0.04  0.04  0.03
10 -45  0.04  0.11  0.18  0.36  0.71  1.06  1.73  3.31  5.09  6.37  8.19  9.16  9.03  8.29  7.37  6.80  5.42  3.47  2.10  1.70  1.01  0.52  0.29  0.09  0.06  0.04  0.04  0.03
10 -40  0.04  0.11  0.18  0.36  0.71  1.05  1.72  3.28  5.04  6.32  8.27  9.35  9.25  8.45  7.50  6.91  5.49  3.43  2.00  1.60  0.92  0.47  0.27  0.09  0.06  0.05  0.04  0.04
10 -35  0.04  0.11  0.18  0.35  0.70  1.04  1.70  3.23  4.95  6.21  8.24  9.47  9.44  8.68  7.55  6.84  5.18  2.85  1.49  1.17  0.63  0.33  0.15  0.08  0.06  0.05  0.04  0.04
10 -30  0.03  0.10  0.17  0.35  0.69  1.02  1.67  3.20  4.85  6.07  8.16  9.57  9.63  8.94  7.60  6.76  4.86  2.27  1.00  0.77  0.36  0.16  0.10  0.07  0.06  0.05  0.05  0.04
10 -25  0.04  0.11  0.18  0.35  0.69  1.03  1.67  3.14  4.75  5.92  7.98  9.65  9.84  9.26  7.75  6.79  4.57  1.90  0.77  0.59  0.26  0.09  0.06  0.05  0.05  0.05  0.05  0.04
10 -20  0.04  0.11  0.17  0.35  0.69  1.02  1.66  3.11  4.63  5.75  7.76  9.69 10.06  9.54  7.88  6.79  4.28  1.52  0.56  0.42  0.16  0.05  0.04  0.04  0.04  0.04  0.05  0.04
10 -15  0.03  0.10  0.17  0.34  0.67  0.99  1.62  3.07  4.54  5.62  7.56  9.60 10.13  9.76  8.03  6.98  4.08  1.36  0.49  0.37  0.14  0.04  0.04  0.03  0.04  0.04  0.04  0.04
10 -10  0.03  0.10  0.16  0.33  0.65  0.97  1.59  3.07  4.48  5.53  7.49  9.53 10.27 10.11  8.29  7.17  3.82  1.21  0.42  0.31  0.11  0.04  0.03  0.03  0.03  0.04  0.04  0.04
10  -5  0.03  0.10  0.16  0.33  0.65  0.97  1.58  3.03  4.42  5.46  7.44  9.43 10.29 10.31  8.37  7.17  3.71  1.17  0.39  0.30  0.11  0.03  0.03  0.03  0.03  0.03  0.03  0.03
10   0  0.03  0.10  0.16  0.32  0.64  0.95  1.57  3.03  4.44  5.45  7.46  9.49 10.37 10.56  8.54  7.22  3.67  1.13  0.37  0.29  0.11  0.03  0.03  0.03  0.03  0.03  0.03  0.03
10   5  0.03  0.10  0.17  0.33  0.66  0.98  1.61  3.05  4.49  5.50  7.45  9.41 10.25 10.44  8.55  7.29  3.91  1.23  0.45  0.34  0.12  0.03  0.03  0.03  0.03  0.03  0.03  0.02
10  10  0.03  0.10  0.17  0.34  0.67  1.00  1.63  3.11  4.55  5.59  7.49  9.39 10.13 10.27  8.52  7.32  4.13  1.34  0.53  0.39  0.13  0.03  0.03  0.03  0.03  0.03  0.03  0.03
10  15  0.03  0.10  0.17  0.34  0.68  1.01  1.65  3.13  4.65  5.71  7.57  9.28  9.84  9.80  8.23  7.11  4.11  1.38  0.54  0.40  0.13  0.03  0.03  0.03  0.03  0.04  0.04  0.03
10  20  0.04  0.11  0.18  0.36  0.70  1.04  1.69  3.15  4.70  5.83  7.66  9.24  9.60  9.42  7.95  6.90  4.08  1.41  0.56  0.42  0.14  0.04  0.03  0.03  0.03  0.04  0.04  0.04
10  25  0.04  0.11  0.18  0.35  0.70  1.04  1.71  3.25  4.88  6.05  7.81  9.09  9.31  9.02  7.79  6.90  4.15  1.47  0.58  0.43  0.16  0.05  0.04  0.04  0.04  0.04  0.04  0.04
10  30  0.04  0.11  0.18  0.36  0.72  1.07  1.75  3.31  5.05  6.28  7.99  8.97  9.00  8.62  7.59  6.87  4.22  1.53  0.61  0.45  0.17  0.07  0.05  0.04  0.04  0.04  0.04  0.04
10  35  0.04  0.11  0.19  0.38  0.75  1.11  1.82  3.43  5.26  6.55  8.10  8.73  8.57  8.07  7.11  6.46  4.19  1.75  0.83  0.63  0.29  0.09  0.06  0.05  0.05  0.04  0.04  0.04
10  40  0.04  0.12  0.20  0.39  0.78  1.15  1.88  3.54  5.48  6.83  8.23  8.49  8.14  7.56  6.68  6.07  4.17  1.97  1.03  0.80  0.40  0.19  0.08  0.06  0.05  0.05  0.04  0.04
10  45  0.04  0.13  0.21  0.42  0.82  1.21  1.97  3.68  5.71  7.08  8.27  8.23  7.75  7.15  6.39  5.89  4.25  2.23  1.23  0.98  0.54  0.24  0.14  0.08  0.06  0.05  0.04  0.04
10  50  0.04  0.13  0.22  0.43  0.86  1.27  2.06  3.87  5.94  7.32  8.29  7.97  7.39  6.78  6.14  5.71  4.29  2.46  1.44  1.17  0.69  0.29  0.16  0.11  0.07  0.05  0.04  0.04
10  55  0.04  0.13  0.22  0.44  0.88  1.31  2.13  4.04  6.04  7.36  8.13  7.70  7.09  6.45  5.85  5.43  4.24  2.54  1.55  1.27  0.78  0.35  0.20  0.14  0.08  0.05  0.04  0.04
10  60  0.05  0.14  0.23  0.46  0.92  1.37  2.24  4.27  6.34  7.63  8.17  7.52  6.82  6.09  5.58  5.25  4.26  2.67  1.72  1.40  0.87  0.41  0.25  0.16  0.09  0.05  0.04  0.04
10  65  0.05  0.14  0.24  0.48  0.95  1.41  2.30  4.37  6.23  7.40  7.75  7.07  6.39  5.68  5.20  4.89  4.04  2.71  1.87  1.54  1.00  0.47  0.28  0.18  0.09  0.05  0.04  0.04
10  70  0.05  0.15  0.25  0.49  0.97  1.43  2.34  4.44  6.10  7.15  7.35  6.64  5.97  5.26  4.80  4.51  3.80  2.74  2.01  1.67  1.12  0.52  0.30  0.19  0.09  0.05  0.04  0.04
10  75  0.05  0.15  0.24  0.48  0.96  1.42  2.32  4.39  5.68  6.49  6.65  6.12  5.56  4.91  4.46  4.19  3.67  2.77  2.06  1.72  1.17  0.55  0.32  0.20  0.09  0.05  0.04  0.04
10  80  0.05  0.15  0.24  0.48  0.95  1.41  2.29  4.33  5.27  5.84  5.96  5.60  5.16  4.56  4.12  3.88  3.53  2.80  2.11  1.77  1.22  0.57  0.33  0.21  0.10  0.05  0.04  0.04
10  85  0.05  0.14  0.24  0.48  0.94  1.40  2.28  4.30  5.25  5.83  5.98  5.65  5.21  4.60  4.14  3.89  3.54  2.80  2.12  1.78  1.22  0.57  0.33  0.21  0.13  0.05  0.04  0.04
10  90  0.05  0.14  0.24  0.48  0.94  1.39  2.27  4.30  5.20  5.75  5.91  5.59  5.15  4.53  4.04  3.78  3.46  2.76  2.11  1.77  1.21  0.59  0.33  0.21  0.12  0.06  0.04  0.04
11 -90  0.03  0.09  0.14  0.28  0.56  0.83  1.36  2.56  3.79  4.68  6.17  7.09  7.44  7.36  7.02  6.66  5.41  3.36  2.45  2.16  1.49  0.67  0.30  0.17  0.05  0.04  0.03  0.02
11 -85  0.03  0.09  0.15  0.29  0.57  0.85  1.38  2.62  3.87  4.76  6.26  7.21  7.39  7.14  6.77  6.51  5.49  3.52  2.43  2.06  1.36  0.64  0.31  0.07  0.05  0.04  0.03  0.02
11 -80  0.03  0.09  0.15  0.29  0.57  0.85  1.39  2.64  3.88  4.75  6.24  7.20  7.34  7.05  6.70  6.44  5.39  3.46  2.41  2.06  1.38  0.65  0.31  0.18  0.05  0.03  0.03  0.02
11 -75  0.03  0.09  0.15  0.29  0.58  0.87  1.41  2.68  3.93  4.82  6.28  7.31  7.46  7.11  6.89  6.74  5.51  3.51  2.46  2.12  1.43  0.69  0.33  0.19  0.05  0.03  0.03  0.02
11 -70  0.03  0.09  0.15  0.30  0.59  0.87  1.42  2.71  3.98  4.90  6.35  7.45  7.59  7.20  7.08  7.01  5.58  3.47  2.43  2.11  1.46  0.74  0.35  0.20  0.05  0.04  0.03  0.02
11 -65  0.03  0.09  0.15  0.30  0.60  0.89  1.46  2.77  4.11  5.08  6.62  7.75  7.85  7.38  7.19  7.10  5.52  3.45  2.36  2.03  1.40  0.74  0.36  0.20  0.06  0.04  0.03  0.03
11 -60  0.03  0.09  0.16  0.31  0.62  0.92  1.50  2.84  4.24  5.26  6.89  8.05  8.11  7.57  7.33  7.22  5.50  3.45  2.26  1.91  1.26  0.71  0.36  0.20  0.06  0.04  0.03  0.03
11 -55  0.03  0.10  0.16  0.32  0.63  0.94  1.54  2.93  4.41  5.45  7.13  8.35  8.42  7.93  7.25  6.83  5.27  3.33  2.13  1.76  1.07  0.60  0.32  0.18  0.06  0.04  0.03  0.03
11 -50  0.03  0.10  0.16  0.32  0.64  0.94  1.55  2.95  4.44  5.49  7.32  8.69  8.80  8.21  7.15  6.46  5.05  3.25  2.00  1.62  0.94  0.49  0.28  0.10  0.06  0.04  0.03  0.03
11 -45  0.03  0.09  0.16  0.31  0.62  0.93  1.52  2.93  4.40  5.48  7.41  8.94  9.12  8.45  7.27  6.52  5.06  3.18  1.89  1.51  0.85  0.44  0.25  0.09  0.06  0.04  0.04  0.03
11 -40  0.03  0.09  0.16  0.31  0.62  0.93  1.53  2.95  4.38  5.46  7.48  9.18  9.44  8.77  7.45  6.62  5.08  3.09  1.78  1.41  0.77  0.40  0.23  0.08  0.06  0.05  0.04  0.03
11 -35  0.03  0.10  0.16  0.32  0.63  0.94  1.55  2.98  4.43  5.50  7.55  9.34  9.67  9.06  7.61  6.69  4.78  2.55  1.32  1.03  0.53  0.29  0.12  0.07  0.06  0.05  0.04  0.04
11 -30  0.03  0.10  0.16  0.32  0.64  0.95  1.56  3.02  4.46  5.52  7.58  9.44  9.85  9.38  7.78  6.75  4.46  2.01  0.86  0.66  0.30  0.15  0.09  0.06  0.05  0.05  0.04  0.04
11 -25  0.03  0.10  0.17  0.33  0.65  0.97  1.59  3.04  4.51  5.57  7.57  9.54 10.00  9.63  7.89  6.72  4.22  1.77  0.69  0.52  0.22  0.09  0.06  0.05  0.05  0.05  0.05  0.04
11 -20  0.03  0.10  0.17  0.33  0.65  0.97  1.60  3.07  4.54  5.60  7.56  9.62 10.15  9.85  7.97  6.67  3.99  1.52  0.53  0.40  0.15  0.06  0.04  0.04  0.04  0.05  0.04  0.04
11 -15  0.03  0.10  0.16  0.33  0.65  0.96  1.59  3.08  4.53  5.61  7.55  9.59 10.17  9.97  8.10  6.86  3.87  1.35  0.47  0.35  0.14  0.05  0.04  0.04  0.04  0.04  0.04  0.04
11 -10  0.03  0.10  0.16  0.32  0.64  0.96  1.58  3.12  4.59  5.67  7.64  9.59 10.28 10.19  8.30  7.06  3.72  1.18  0.40  0.31  0.13  0.04  0.03  0.03  0.03  0.04  0.04  0.03
11  -5  0.03  0.10  0.16  0.32  0.64  0.96  1.59  3.11  4.58  5.66  7.64  9.46 10.18 10.20  8.29  7.03  3.61  1.11  0.38  0.30  0.13  0.03  0.03  0.03  0.03  0.03  0.03  0.03
11   0  0.03  0.10  0.17  0.33  0.66  0.98  1.61  3.11  4.62  5.69  7.67  9.45 10.14 10.28  8.35  7.04  3.53  1.04  0.36  0.28  0.12  0.03  0.03  0.03  0.03  0.03  0.03  0.03
11   5  0.03  0.10  0.17  0.34  0.67  1.00  1.63  3.12  4.62  5.68  7.54  9.25  9.96 10.13  8.32  7.07  3.74  1.13  0.39  0.31  0.12  0.03  0.03  0.03  0.03  0.03  0.03  0.03
11  10  0.03  0.10  0.17  0.34  0.68  1.00  1.65  3.15  4.63  5.68  7.47  9.11  9.76  9.91  8.24  7.07  3.94  1.21  0.44  0.34  0.12  0.03  0.03  0.03  0.03  0.03  0.03  0.03
11  15  0.03  0.10  0.17  0.35  0.68  1.02  1.66  3.17  4.73  5.80  7.50  8.93  9.40  9.39  7.93  6.87  3.88  1.27  0.45  0.34  0.12  0.04  0.03  0.03  0.03  0.04  0.04  0.04
11  20  0.04  0.11  0.18  0.36  0.71  1.05  1.70  3.19  4.78  5.90  7.54  8.82  9.10  8.97  7.63  6.65  3.82  1.29  0.47  0.35  0.12  0.04  0.03  0.03  0.04  0.04  0.04  0.04
11  25  0.04  0.11  0.18  0.36  0.71  1.06  1.74  3.33  5.01  6.20  7.72  8.63  8.75  8.51  7.41  6.59  3.95  1.39  0.53  0.40  0.16  0.05  0.04  0.04  0.04  0.04  0.04  0.04
11  30  0.04  0.11  0.19  0.38  0.75  1.11  1.81  3.42  5.25  6.51  7.93  8.50  8.39  8.03  7.16  6.54  4.09  1.51  0.62  0.47  0.20  0.07  0.05  0.04  0.04  0.04  0.04  0.04
11  35  0.04  0.12  0.20  0.40  0.80  1.19  1.93  3.63  5.60  6.91  8.05  8.26  7.98  7.51  6.82  6.34  4.33  1.86  0.89  0.68  0.33  0.15  0.07  0.05  0.05  0.04  0.04  0.04
11  40  0.04  0.13  0.22  0.43  0.85  1.26  2.05  3.85  5.92  7.28  8.18  8.02  7.58  7.06  6.53  6.13  4.56  2.21  1.16  0.90  0.47  0.20  0.11  0.07  0.06  0.05  0.04  0.04
11  45  0.05  0.14  0.23  0.46  0.91  1.35  2.19  4.09  6.19  7.51  8.14  7.76  7.25  6.74  6.36  6.09  4.68  2.44  1.37  1.10  0.62  0.28  0.16  0.10  0.07  0.05  0.04  0.04
11  50  0.05  0.15  0.25  0.49  0.97  1.44  2.34  4.35  6.42  7.72  8.11  7.52  6.97  6.47  6.23  6.04  4.75  2.66  1.61  1.31  0.79  0.36  0.20  0.13  0.08  0.05  0.04  0.04
11  55  0.05  0.15  0.25  0.50  1.00  1.48  2.40  4.50  6.34  7.52  7.81  7.30  6.78  6.30  6.01  5.80  4.63  2.73  1.71  1.43  0.94  0.43  0.23  0.15  0.08  0.05  0.04  0.04
11  60  0.05  0.16  0.26  0.51  1.02  1.51  2.47  4.68  6.44  7.56  7.73  7.17  6.64  6.09  5.82  5.64  4.57  2.86  1.87  1.57  1.08  0.49  0.26  0.16  0.08  0.05  0.04  0.04
11  65  0.05  0.15  0.25  0.50  0.99  1.47  2.39  4.52  6.17  7.23  7.52  7.11  6.62  6.04  5.61  5.34  4.49  2.98  2.08  1.77  1.26  0.58  0.30  0.19  0.09  0.05  0.04  0.04
11  70  0.05  0.15  0.25  0.49  0.97  1.43  2.32  4.34  5.89  6.91  7.31  7.04  6.58  5.98  5.39  5.03  4.40  3.09  2.27  1.96  1.44  0.67  0.34  0.21  0.09  0.05  0.04  0.04
11  75  0.05  0.15  0.24  0.48  0.95  1.40  2.26  4.16  5.60  6.53  6.90  6.45  5.87  5.19  4.61  4.27  3.88  3.02  2.21  1.90  1.38  0.63  0.32  0.19  0.09  0.05  0.04  0.04
11  80  0.05  0.14  0.24  0.47  0.93  1.37  2.21  4.01  5.32  6.15  6.46  5.85  5.13  4.39  3.83  3.51  3.35  2.95  2.14  1.83  1.31  0.59  0.29  0.18  0.10  0.05  0.04  0.04
11  85  0.05  0.14  0.24  0.47  0.93  1.37  2.20  4.00  5.31  6.14  6.48  5.89  5.17  4.42  3.87  3.54  3.37  2.96  2.14  1.83  1.31  0.58  0.29  0.17  0.10  0.05  0.04  0.04
11  90  0.05  0.14  0.24  0.47  0.93  1.37  2.21  4.03  5.31  6.14  6.47  5.85  5.13  4.36  3.73  3.42  3.28  2.91  2.11  1.81  1.30  0.59  0.29  0.17  0.10  0.05  0.04  0.04
12 -90  0.03  0.08  0.13  0.25  0.50  0.74  1.21  2.26  3.44  4.34  5.95  6.78  6.56  5.85  5.66  5.72  5.29  4.19  2.95  2.56  1.79  0.81  0.40  0.22  0.10  0.04  0.03  0.02
12 -85  0.03  0.08  0.13  0.26  0.50  0.75  1.21  2.27  3.47  4.34  5.90  6.82  6.64  5.91  5.53  5.43  5.03  4.04  2.83  2.41  1.64  0.76  0.41  0.23  0.10  0.04  0.03  0.02
12 -80  0.03  0.08  0.13  0.26  0.51  0.75  1.22  2.29  3.47  4.32  5.87  6.80  6.63  5.91  5.51  5.38  4.97  3.96  2.77  2.37  1.61  0.75  0.41  0.23  0.10  0.04  0.03  0.02
12 -75  0.03  0.08  0.13  0.26  0.52  0.77  1.26  2.37  3.54  4.38  5.87  6.88  6.80  6.11  5.67  5.51  5.00  3.85  2.67  2.28  1.55  0.74  0.41  0.22  0.06  0.04  0.03  0.02
12 -70  0.03  0.08  0.14  0.27  0.54  0.80  1.30  2.45  3.61  4.43  5.88  6.97  6.97  6.33  5.87  5.66  5.02  3.71  2.52  2.15  1.46  0.72  0.40  0.21  0.06  0.04  0.03  0.02
12 -65  0.03  0.08  0.14  0.28  0.55  0.82  1.34  2.53  3.70  4.55  6.05  7.28  7.39  6.81  6.27  5.98  5.03  3.51  2.31  1.95  1.30  0.66  0.37  0.20  0.07  0.04  0.03  0.02
12 -60  0.03  0.09  0.14  0.29  0.57  0.85  1.38  2.61  3.80  4.68  6.25  7.63  7.85  7.33  6.69  6.31  5.07  3.34  2.11  1.76  1.13  0.60  0.34  0.18  0.07  0.04  0.03  0.02
12 -55  0.03  0.09  0.15  0.30  0.59  0.88  1.44  2.71  3.98  4.86  6.48  8.01  8.34  7.98  7.09  6.50  4.96  3.09  1.90  1.56  0.94  0.52  0.29  0.16  0.07  0.04  0.03  0.03
12 -50  0.03  0.09  0.15  0.30  0.60  0.89  1.46  2.76  4.03  4.91  6.64  8.39  8.87  8.52  7.41  6.67  4.83  2.83  1.65  1.34  0.78  0.44  0.24  0.11  0.07  0.04  0.03  0.03
12 -45  0.03  0.09  0.15  0.30  0.60  0.89  1.46  2.79  4.07  4.99  6.82  8.68  9.25  8.88  7.40  6.40  4.59  2.62  1.51  1.21  0.68  0.37  0.20  0.08  0.06  0.04  0.04  0.03
12 -40  0.03  0.09  0.15  0.30  0.60  0.89  1.47  2.87  4.13  5.08  6.96  8.93  9.58  9.26  7.42  6.17  4.37  2.40  1.35  1.07  0.58  0.31  0.12  0.07  0.05  0.04  0.04  0.03
12 -35  0.03  0.09  0.16  0.31  0.62  0.92  1.51  2.93  4.28  5.26  7.20  9.14  9.74  9.42  7.78  6.65  4.33  2.05  1.02  0.80  0.41  0.19  0.10  0.06  0.05  0.04  0.04  0.04
12 -30  0.03  0.09  0.16  0.31  0.63  0.93  1.54  3.01  4.40  5.41  7.39  9.30  9.86  9.58  8.10  7.10  4.26  1.71  0.71  0.54  0.24  0.13  0.07  0.05  0.05  0.05  0.04  0.04
12 -25  0.03  0.10  0.16  0.33  0.65  0.96  1.58  3.06  4.54  5.60  7.58  9.50 10.01  9.73  8.11  7.00  4.07  1.57  0.58  0.44  0.18  0.08  0.05  0.05  0.04  0.05  0.04  0.04
12 -20  0.03  0.10  0.16  0.33  0.65  0.97  1.60  3.14  4.67  5.78  7.77  9.71 10.18  9.87  8.11  6.88  3.91  1.41  0.47  0.35  0.12  0.06  0.04  0.04  0.04  0.04  0.04  0.04
12 -15  0.03  0.10  0.16  0.33  0.65  0.97  1.61  3.17  4.75  5.93  7.95  9.82 10.26 10.00  8.19  6.97  3.83  1.28  0.42  0.31  0.12  0.05  0.04  0.03  0.04  0.04  0.04  0.04
12 -10  0.03  0.10  0.16  0.33  0.65  0.98  1.63  3.25  4.89  6.11  8.22  9.97 10.45 10.21  8.33  7.07  3.74  1.15  0.36  0.28  0.12  0.04  0.03  0.03  0.03  0.04  0.04  0.03
12  -5  0.03  0.10  0.16  0.33  0.66  0.98  1.63  3.25  4.90  6.13  8.23  9.85 10.31 10.14  8.13  6.78  3.56  1.09  0.34  0.27  0.13  0.03  0.03  0.03  0.03  0.03  0.03  0.03
12   0  0.03  0.10  0.17  0.35  0.69  1.02  1.68  3.23  4.94  6.17  8.25  9.79 10.19 10.10  7.98  6.52  3.40  1.02  0.32  0.27  0.13  0.03  0.03  0.03  0.03  0.03  0.03  0.03
12   5  0.04  0.10  0.17  0.35  0.69  1.03  1.69  3.24  4.92  6.13  8.04  9.50  9.91  9.80  7.95  6.67  3.62  1.12  0.36  0.29  0.13  0.03  0.03  0.03  0.03  0.03  0.03  0.03
12  10  0.04  0.11  0.18  0.35  0.70  1.04  1.70  3.26  4.91  6.09  7.91  9.23  9.57  9.45  7.90  6.81  3.83  1.22  0.41  0.32  0.12  0.04  0.03  0.03  0.03  0.04  0.04  0.04
12  15  0.04  0.11  0.18  0.35  0.70  1.04  1.70  3.25  4.93  6.12  7.83  8.95  9.15  8.92  7.57  6.59  3.79  1.31  0.44  0.34  0.12  0.04  0.04  0.04  0.04  0.04  0.04  0.04
12  20  0.04  0.11  0.18  0.36  0.71  1.06  1.72  3.23  4.93  6.13  7.74  8.73  8.79  8.48  7.26  6.37  3.77  1.37  0.46  0.35  0.12  0.04  0.04  0.04  0.04  0.04  0.04  0.04
12  25  0.04  0.11  0.18  0.36  0.71  1.06  1.73  3.33  5.05  6.29  7.76  8.45  8.40  8.04  7.16  6.51  4.06  1.51  0.58  0.43  0.18  0.05  0.04  0.04  0.04  0.04  0.04  0.04
12  30  0.04  0.11  0.19  0.38  0.74  1.10  1.80  3.39  5.21  6.45  7.76  8.19  8.00  7.60  7.05  6.65  4.34  1.71  0.72  0.55  0.24  0.09  0.06  0.05  0.05  0.04  0.04  0.04
12  35  0.04  0.12  0.20  0.40  0.80  1.18  1.92  3.61  5.48  6.70  7.72  7.91  7.65  7.21  6.89  6.65  4.72  2.10  1.03  0.81  0.43  0.21  0.09  0.06  0.05  0.05  0.04  0.04
12  40  0.04  0.13  0.22  0.43  0.85  1.26  2.05  3.83  5.72  6.90  7.70  7.65  7.30  6.88  6.76  6.63  5.08  2.49  1.35  1.09  0.64  0.31  0.17  0.09  0.06  0.05  0.04  0.04
12  45  0.05  0.14  0.23  0.46  0.91  1.34  2.18  4.07  5.89  6.98  7.56  7.40  7.06  6.69  6.55  6.44  5.07  2.83  1.62  1.33  0.82  0.39  0.21  0.13  0.08  0.05  0.05  0.04
12  50  0.05  0.15  0.25  0.49  0.96  1.43  2.31  4.31  6.02  7.08  7.47  7.21  6.89  6.59  6.41  6.26  5.03  3.16  1.89  1.56  0.99  0.47  0.24  0.15  0.08  0.05  0.05  0.04
12  55  0.05  0.15  0.25  0.49  0.97  1.43  2.32  4.32  5.79  6.76  7.20  7.14  6.88  6.58  6.22  5.96  4.84  3.18  2.03  1.71  1.15  0.55  0.28  0.16  0.08  0.05  0.05  0.04
12  60  0.05  0.15  0.25  0.49  0.97  1.43  2.33  4.37  5.77  6.71  7.14  7.15  6.90  6.52  6.07  5.77  4.70  3.26  2.20  1.87  1.30  0.62  0.31  0.18  0.09  0.05  0.05  0.04
12  65  0.05  0.15  0.25  0.49  0.97  1.44  2.31  4.23  5.67  6.63  7.15  7.20  6.92  6.47  5.89  5.50  4.61  3.23  2.27  1.93  1.37  0.65  0.30  0.18  0.09  0.05  0.05  0.04
12  70  0.05  0.15  0.25  0.50  0.98  1.44  2.30  4.11  5.57  6.53  7.13  7.23  6.92  6.40  5.71  5.25  4.52  3.20  2.33  2.00  1.43  0.68  0.30  0.18  0.09  0.05  0.05  0.04
12  75  0.05  0.15  0.24  0.48  0.93  1.37  2.17  3.78  5.28  6.26  6.93  6.93  6.54  5.97  5.29  4.85  4.32  3.24  2.35  2.01  1.43  0.68  0.32  0.19  0.10  0.06  0.05  0.04
12  80  0.05  0.14  0.23  0.46  0.89  1.30  2.04  3.46  4.99  6.01  6.73  6.61  6.15  5.52  4.86  4.43  4.10  3.28  2.37  2.02  1.44  0.68  0.35  0.21  0.10  0.06  0.05  0.04
12  85  0.05  0.14  0.23  0.45  0.88  1.29  2.03  3.45  4.98  6.01  6.75  6.66  6.20  5.57  4.90  4.46  4.11  3.29  2.37  2.02  1.44  0.68  0.35  0.21  0.11  0.06  0.05  0.04
12  90  0.05  0.14  0.23  0.45  0.88  1.29  2.03  3.46  4.97  5.98  6.66  6.66  6.26  5.64  4.91  4.44  4.06  3.23  2.33  1.98  1.42  0.69  0.35  0.20  0.11  0.06  0.05  0.04
