     0.010
     0.030
     0.050
     0.100
     0.200
     0.300
     0.500
     1.000
     1.500
     2.000
     3.000
     5.000
     7.000
    10.000
    15.000
    20.000
    30.000
    50.000
    70.000
    80.000
   100.000
   150.000
   200.000
   250.000
   300.000
   400.000
   500.000
   600.000
 1 -90  0.03  0.08  0.13  0.26  0.51  0.75  1.22  2.27  3.46  4.34  5.84  6.44  6.03  5.06  4.04  3.56  3.68  3.46  2.67  2.30  1.64  0.83  0.45  0.24  0.11  0.05  0.03  0.02
 1 -85  0.03  0.08  0.13  0.26  0.51  0.75  1.22  2.28  3.49  4.35  5.82  6.46  6.10  5.20  4.20  3.65  3.62  3.26  2.48  2.13  1.50  0.73  0.42  0.24  0.11  0.05  0.03  0.02
 1 -80  0.03  0.08  0.13  0.26  0.51  0.76  1.23  2.29  3.50  4.33  5.80  6.46  6.11  5.22  4.24  3.67  3.60  3.22  2.45  2.10  1.48  0.72  0.42  0.23  0.11  0.04  0.03  0.02
 1 -75  0.03  0.08  0.14  0.27  0.53  0.79  1.28  2.39  3.57  4.39  5.81  6.60  6.37  5.55  4.63  4.10  3.88  3.23  2.39  2.04  1.42  0.69  0.41  0.22  0.10  0.04  0.03  0.02
 1 -70  0.03  0.08  0.14  0.28  0.55  0.81  1.32  2.47  3.63  4.46  5.85  6.78  6.66  5.89  5.06  4.55  4.16  3.24  2.32  1.97  1.35  0.67  0.39  0.21  0.10  0.04  0.03  0.02
 1 -65  0.03  0.09  0.14  0.28  0.56  0.83  1.36  2.55  3.74  4.59  6.06  7.19  7.21  6.55  5.78  5.29  4.37  3.15  2.16  1.82  1.22  0.62  0.37  0.20  0.07  0.04  0.03  0.02
 1 -60  0.03  0.09  0.15  0.29  0.58  0.86  1.40  2.62  3.84  4.72  6.28  7.61  7.79  7.23  6.49  6.00  4.58  3.08  2.00  1.67  1.10  0.57  0.34  0.19  0.07  0.04  0.03  0.02
 1 -55  0.03  0.09  0.16  0.31  0.61  0.90  1.47  2.74  4.02  4.90  6.50  7.98  8.30  7.96  7.01  6.33  4.44  2.79  1.73  1.44  0.89  0.47  0.27  0.15  0.08  0.04  0.03  0.02
 1 -50  0.03  0.09  0.16  0.31  0.62  0.92  1.49  2.79  4.06  4.94  6.64  8.35  8.84  8.54  7.41  6.62  4.27  2.47  1.39  1.14  0.68  0.35  0.20  0.11  0.07  0.04  0.03  0.03
 1 -45  0.03  0.09  0.16  0.31  0.62  0.92  1.50  2.85  4.13  5.06  6.84  8.64  9.20  8.92  7.59  6.65  4.25  2.41  1.29  1.04  0.60  0.29  0.17  0.08  0.06  0.04  0.03  0.03
 1 -40  0.03  0.09  0.16  0.31  0.62  0.92  1.52  2.94  4.21  5.17  7.01  8.88  9.51  9.28  7.76  6.69  4.23  2.31  1.17  0.93  0.50  0.23  0.10  0.06  0.05  0.04  0.04  0.03
 1 -35  0.03  0.10  0.16  0.32  0.63  0.94  1.55  3.01  4.36  5.35  7.27  9.14  9.73  9.43  7.90  6.85  4.20  1.98  0.91  0.71  0.36  0.13  0.07  0.05  0.05  0.04  0.04  0.03
 1 -30  0.03  0.10  0.16  0.32  0.64  0.96  1.58  3.09  4.49  5.51  7.48  9.36  9.92  9.62  8.03  6.96  4.13  1.67  0.66  0.50  0.23  0.09  0.06  0.05  0.04  0.04  0.04  0.04
 1 -25  0.03  0.10  0.16  0.33  0.65  0.97  1.61  3.13  4.62  5.69  7.69  9.64 10.18  9.89  8.09  6.87  3.99  1.49  0.54  0.41  0.18  0.07  0.05  0.04  0.04  0.04  0.04  0.04
 1 -20  0.03  0.10  0.16  0.32  0.65  0.97  1.61  3.20  4.74  5.86  7.93  9.93 10.44 10.11  8.14  6.78  3.88  1.30  0.43  0.33  0.14  0.05  0.04  0.04  0.04  0.04  0.04  0.03
 1 -15  0.03  0.10  0.16  0.32  0.65  0.97  1.61  3.20  4.81  6.04  8.18 10.12 10.59 10.27  8.23  6.85  3.77  1.22  0.37  0.29  0.14  0.04  0.03  0.03  0.03  0.04  0.04  0.03
 1 -10  0.03  0.10  0.16  0.32  0.64  0.97  1.61  3.24  4.94  6.21  8.49 10.36 10.84 10.49  8.38  6.94  3.65  1.13  0.32  0.26  0.08  0.04  0.03  0.03  0.03  0.03  0.03  0.03
 1  -5  0.03  0.10  0.16  0.32  0.65  0.97  1.62  3.24  4.95  6.25  8.52 10.29 10.72 10.37  8.26  6.83  3.53  1.07  0.30  0.25  0.06  0.03  0.03  0.03  0.03  0.03  0.03  0.03
 1   0  0.03  0.10  0.17  0.34  0.68  1.02  1.67  3.20  4.97  6.27  8.54 10.25 10.59 10.27  8.16  6.72  3.43  1.03  0.28  0.24  0.05  0.03  0.03  0.03  0.03  0.03  0.03  0.03
 1   5  0.03  0.10  0.17  0.34  0.68  1.02  1.67  3.22  4.96  6.25  8.34  9.96 10.29  9.93  7.98  6.67  3.56  1.14  0.33  0.27  0.05  0.03  0.03  0.03  0.03  0.04  0.04  0.03
 1  10  0.03  0.10  0.17  0.35  0.69  1.02  1.68  3.24  4.97  6.23  8.24  9.68  9.93  9.56  7.81  6.61  3.71  1.25  0.38  0.30  0.06  0.03  0.03  0.03  0.03  0.04  0.04  0.04
 1  15  0.03  0.10  0.17  0.35  0.69  1.03  1.69  3.25  4.98  6.24  8.13  9.36  9.48  9.03  7.47  6.39  3.74  1.30  0.39  0.30  0.06  0.04  0.03  0.04  0.04  0.04  0.04  0.04
 1  20  0.04  0.11  0.18  0.36  0.71  1.05  1.71  3.25  4.96  6.22  8.01  9.06  9.03  8.54  7.14  6.18  3.79  1.32  0.39  0.30  0.12  0.04  0.04  0.04  0.04  0.04  0.04  0.04
 1  25  0.04  0.11  0.18  0.36  0.71  1.06  1.74  3.35  5.06  6.33  7.97  8.72  8.58  8.07  7.05  6.38  4.20  1.57  0.54  0.42  0.20  0.06  0.05  0.05  0.05  0.04  0.04  0.04
 1  30  0.04  0.11  0.19  0.38  0.75  1.11  1.81  3.41  5.19  6.44  7.90  8.40  8.13  7.60  6.97  6.54  4.60  1.89  0.74  0.58  0.29  0.10  0.07  0.06  0.05  0.05  0.04  0.04
 1  35  0.04  0.12  0.20  0.40  0.79  1.18  1.91  3.59  5.40  6.62  7.80  8.12  7.82  7.30  6.82  6.50  5.03  2.40  1.17  0.92  0.51  0.27  0.17  0.09  0.06  0.05  0.05  0.04
 1  40  0.04  0.13  0.21  0.43  0.84  1.25  2.03  3.79  5.62  6.78  7.73  7.85  7.53  7.06  6.70  6.43  5.43  2.91  1.60  1.29  0.75  0.41  0.23  0.13  0.08  0.05  0.05  0.04
 1  45  0.05  0.14  0.23  0.45  0.89  1.31  2.14  4.01  5.77  6.84  7.56  7.60  7.30  6.87  6.63  6.48  5.56  3.26  1.91  1.57  0.99  0.54  0.28  0.17  0.09  0.05  0.05  0.05
 1  50  0.05  0.14  0.23  0.47  0.92  1.37  2.23  4.23  5.87  6.86  7.43  7.40  7.14  6.79  6.64  6.54  5.65  3.59  2.22  1.85  1.22  0.65  0.33  0.19  0.09  0.06  0.05  0.05
 1  55  0.05  0.14  0.24  0.48  0.94  1.39  2.27  4.27  5.67  6.56  7.15  7.29  7.09  6.78  6.43  6.18  5.37  3.62  2.39  2.02  1.39  0.71  0.38  0.21  0.09  0.06  0.05  0.05
 1  60  0.05  0.15  0.24  0.48  0.95  1.42  2.31  4.35  5.69  6.55  7.10  7.27  7.09  6.74  6.27  5.94  5.17  3.69  2.60  2.21  1.55  0.77  0.43  0.24  0.09  0.06  0.05  0.05
 1  65  0.05  0.14  0.24  0.47  0.94  1.39  2.25  4.23  5.55  6.43  7.11  7.46  7.34  6.99  6.43  6.02  5.05  3.70  2.59  2.19  1.54  0.77  0.42  0.23  0.09  0.06  0.05  0.05
 1  70  0.05  0.14  0.23  0.46  0.92  1.36  2.20  4.11  5.43  6.32  7.13  7.62  7.57  7.24  6.58  6.10  4.94  3.70  2.58  2.18  1.53  0.76  0.40  0.23  0.10  0.06  0.05  0.05
 1  75  0.04  0.13  0.22  0.44  0.88  1.29  2.10  3.88  5.13  6.00  6.85  7.32  7.20  6.78  6.13  5.64  4.73  3.64  2.68  2.31  1.72  0.81  0.41  0.24  0.10  0.06  0.05  0.05
 1  80  0.04  0.13  0.22  0.43  0.85  1.25  2.01  3.64  4.86  5.69  6.59  7.01  6.82  6.33  5.68  5.17  4.52  3.57  2.78  2.44  1.92  0.86  0.43  0.25  0.10  0.06  0.05  0.05
 1  85  0.04  0.13  0.22  0.43  0.85  1.25  2.01  3.64  4.88  5.72  6.63  7.06  6.88  6.41  5.76  5.24  4.56  3.58  2.78  2.45  1.92  0.87  0.43  0.25  0.10  0.06  0.05  0.05
 1  90  0.04  0.13  0.22  0.43  0.85  1.25  2.01  3.65  4.89  5.76  6.67  7.19  7.06  6.65  6.00  5.42  4.64  3.59  2.77  2.44  1.94  0.91  0.43  0.25  0.10  0.06  0.05  0.05
 2 -90  0.03  0.10  0.16  0.32  0.64  0.95  1.53  2.85  4.22  5.08  5.98  5.76  5.15  4.35  3.93  3.74  3.45  2.94  2.29  1.98  1.42  0.72  0.43  0.25  0.14  0.04  0.03  0.02
 2 -85  0.03  0.10  0.16  0.33  0.64  0.95  1.55  2.88  4.26  5.14  6.06  5.88  5.29  4.51  4.12  3.90  3.53  2.87  2.18  1.87  1.32  0.65  0.40  0.24  0.13  0.04  0.03  0.02
 2 -80  0.03  0.10  0.16  0.33  0.64  0.95  1.54  2.88  4.24  5.14  6.11  5.95  5.34  4.53  4.12  3.89  3.51  2.86  2.17  1.86  1.31  0.64  0.39  0.24  0.13  0.04  0.03  0.02
 2 -75  0.03  0.10  0.16  0.32  0.64  0.94  1.53  2.85  4.23  5.17  6.30  6.39  5.88  5.05  4.52  4.21  3.69  2.87  2.16  1.84  1.27  0.61  0.38  0.23  0.12  0.04  0.03  0.02
 2 -70  0.03  0.10  0.16  0.32  0.63  0.93  1.52  2.83  4.23  5.22  6.53  6.87  6.44  5.58  4.95  4.55  3.87  2.87  2.16  1.82  1.22  0.59  0.37  0.22  0.11  0.04  0.03  0.02
 2 -65  0.03  0.10  0.16  0.32  0.64  0.95  1.54  2.87  4.30  5.33  6.80  7.40  7.10  6.27  5.50  5.01  4.12  2.84  2.05  1.72  1.14  0.56  0.35  0.20  0.08  0.04  0.03  0.02
 2 -60  0.03  0.10  0.17  0.33  0.65  0.96  1.56  2.91  4.35  5.40  7.02  7.90  7.75  6.96  6.05  5.46  4.36  2.80  1.94  1.62  1.06  0.53  0.33  0.19  0.08  0.04  0.03  0.02
 2 -55  0.03  0.10  0.17  0.34  0.67  1.00  1.62  3.00  4.47  5.50  7.16  8.23  8.23  7.66  6.63  5.95  4.30  2.61  1.66  1.37  0.85  0.43  0.26  0.15  0.07  0.04  0.03  0.03
 2 -50  0.03  0.10  0.17  0.35  0.68  1.01  1.63  3.01  4.45  5.45  7.19  8.54  8.75  8.23  7.14  6.41  4.22  2.36  1.29  1.05  0.61  0.32  0.18  0.09  0.06  0.04  0.03  0.03
 2 -45  0.03  0.10  0.17  0.34  0.67  1.00  1.62  3.05  4.47  5.50  7.30  8.78  9.10  8.62  7.35  6.49  4.21  2.24  1.20  0.96  0.52  0.26  0.12  0.07  0.05  0.04  0.03  0.03
 2 -40  0.03  0.10  0.17  0.34  0.67  1.00  1.63  3.11  4.50  5.53  7.35  8.96  9.39  9.02  7.58  6.60  4.20  2.08  1.10  0.86  0.43  0.21  0.09  0.06  0.05  0.04  0.04  0.03
 2 -35  0.03  0.10  0.17  0.34  0.67  1.00  1.64  3.15  4.58  5.62  7.48  9.14  9.61  9.27  7.76  6.71  4.09  1.82  0.88  0.68  0.32  0.12  0.07  0.05  0.04  0.04  0.04  0.03
 2 -30  0.03  0.10  0.17  0.34  0.67  1.00  1.65  3.19  4.64  5.68  7.58  9.31  9.83  9.56  7.90  6.76  3.97  1.58  0.67  0.51  0.22  0.08  0.05  0.04  0.04  0.04  0.04  0.03
 2 -25  0.03  0.10  0.17  0.34  0.67  0.99  1.64  3.18  4.67  5.73  7.65  9.58 10.17  9.95  8.05  6.75  3.84  1.44  0.54  0.40  0.17  0.06  0.04  0.04  0.04  0.04  0.04  0.03
 2 -20  0.03  0.10  0.16  0.32  0.65  0.97  1.61  3.18  4.67  5.74  7.74  9.88 10.53 10.28  8.19  6.74  3.72  1.29  0.41  0.31  0.13  0.05  0.03  0.03  0.04  0.04  0.04  0.03
 2 -15  0.03  0.10  0.16  0.32  0.64  0.95  1.58  3.12  4.62  5.77  7.88 10.08 10.75 10.53  8.34  6.84  3.67  1.18  0.37  0.29  0.13  0.04  0.03  0.03  0.03  0.03  0.03  0.03
 2 -10  0.03  0.09  0.16  0.31  0.62  0.94  1.55  3.08  4.63  5.81  8.08 10.33 11.06 10.80  8.53  6.96  3.62  1.06  0.33  0.26  0.08  0.03  0.03  0.03  0.03  0.03  0.03  0.03
 2  -5  0.03  0.09  0.16  0.31  0.62  0.93  1.54  3.05  4.59  5.78  8.10 10.33 11.02 10.73  8.29  6.58  3.50  1.03  0.32  0.27  0.06  0.03  0.03  0.03  0.03  0.03  0.03  0.02
 2   0  0.03  0.10  0.17  0.33  0.66  0.97  1.58  2.98  4.56  5.74  8.09 10.30 10.92 10.66  8.04  6.21  3.39  1.03  0.32  0.27  0.05  0.03  0.03  0.03  0.03  0.03  0.03  0.03
 2   5  0.03  0.10  0.17  0.33  0.65  0.97  1.59  3.03  4.61  5.80  8.00 10.10 10.68 10.34  8.01  6.41  3.51  1.15  0.37  0.30  0.05  0.03  0.03  0.03  0.03  0.04  0.04  0.03
 2  10  0.03  0.10  0.17  0.33  0.66  0.98  1.60  3.08  4.69  5.88  8.00  9.92 10.41 10.01  7.98  6.63  3.65  1.25  0.43  0.34  0.06  0.03  0.03  0.03  0.03  0.04  0.04  0.04
 2  15  0.03  0.10  0.17  0.33  0.66  0.99  1.62  3.13  4.73  5.93  7.93  9.62  9.98  9.53  7.79  6.64  3.83  1.34  0.45  0.35  0.06  0.04  0.03  0.04  0.04  0.04  0.05  0.04
 2  20  0.03  0.10  0.17  0.35  0.68  1.02  1.66  3.15  4.77  5.98  7.88  9.33  9.52  9.07  7.61  6.66  4.03  1.39  0.47  0.37  0.08  0.04  0.04  0.04  0.04  0.05  0.05  0.04
 2  25  0.04  0.11  0.18  0.35  0.70  1.04  1.70  3.26  4.90  6.14  7.95  9.04  9.08  8.59  7.38  6.61  4.37  1.58  0.60  0.46  0.20  0.06  0.05  0.05  0.05  0.05  0.05  0.04
 2  30  0.04  0.11  0.19  0.37  0.73  1.09  1.77  3.33  5.05  6.28  7.96  8.77  8.63  8.09  7.14  6.54  4.70  1.86  0.77  0.60  0.28  0.18  0.09  0.07  0.06  0.05  0.05  0.05
 2  35  0.04  0.12  0.20  0.39  0.77  1.14  1.86  3.48  5.27  6.53  7.96  8.52  8.27  7.70  6.98  6.52  5.05  2.48  1.22  0.96  0.53  0.35  0.24  0.11  0.08  0.06  0.05  0.05
 2  40  0.04  0.13  0.21  0.41  0.82  1.21  1.95  3.62  5.49  6.77  8.01  8.27  7.91  7.37  6.84  6.48  5.38  3.10  1.67  1.36  0.80  0.53  0.32  0.16  0.09  0.06  0.05  0.05
 2  45  0.04  0.13  0.22  0.43  0.85  1.26  2.05  3.83  5.72  6.95  7.92  8.01  7.66  7.14  6.70  6.45  5.54  3.47  2.06  1.70  1.08  0.66  0.37  0.22  0.10  0.06  0.05  0.05
 2  50  0.05  0.13  0.22  0.45  0.88  1.31  2.14  4.06  5.94  7.12  7.90  7.83  7.48  7.01  6.65  6.44  5.67  3.82  2.42  2.03  1.35  0.76  0.42  0.23  0.10  0.06  0.05  0.05
 2  55  0.05  0.14  0.23  0.47  0.92  1.37  2.23  4.21  5.97  7.07  7.73  7.69  7.35  6.94  6.54  6.28  5.66  3.92  2.58  2.18  1.51  0.81  0.45  0.25  0.10  0.06  0.05  0.05
 2  60  0.05  0.15  0.25  0.49  0.97  1.44  2.35  4.43  6.20  7.28  7.81  7.65  7.29  6.84  6.47  6.23  5.71  4.07  2.78  2.36  1.66  0.84  0.48  0.27  0.11  0.06  0.05  0.05
 2  65  0.05  0.15  0.25  0.49  0.98  1.45  2.36  4.43  6.06  7.07  7.61  7.60  7.33  6.95  6.51  6.21  5.59  3.98  2.85  2.44  1.75  0.89  0.47  0.27  0.11  0.06  0.05  0.05
 2  70  0.05  0.15  0.25  0.49  0.98  1.45  2.35  4.41  5.90  6.84  7.41  7.53  7.35  7.03  6.55  6.19  5.47  3.87  2.91  2.50  1.83  0.93  0.46  0.27  0.12  0.06  0.05  0.05
 2  75  0.05  0.15  0.25  0.49  0.97  1.43  2.33  4.34  5.64  6.47  7.29  7.72  7.66  7.34  6.79  6.37  5.53  3.84  2.94  2.52  1.85  0.96  0.48  0.27  0.13  0.07  0.05  0.05
 2  80  0.05  0.15  0.24  0.49  0.96  1.42  2.30  4.27  5.39  6.09  7.17  7.89  7.95  7.65  7.02  6.54  5.57  3.79  2.97  2.54  1.86  1.00  0.50  0.28  0.14  0.07  0.06  0.05
 2  85  0.05  0.15  0.24  0.48  0.96  1.42  2.29  4.26  5.38  6.08  7.16  7.89  7.96  7.69  7.08  6.60  5.60  3.79  2.95  2.52  1.85  1.00  0.50  0.28  0.14  0.07  0.06  0.05
 2  90  0.05  0.14  0.24  0.47  0.93  1.37  2.23  4.13  5.21  5.91  7.03  7.88  8.02  7.81  7.28  6.78  5.67  3.79  2.96  2.53  1.86  1.04  0.52  0.28  0.15  0.07  0.05  0.05
 3 -90  0.05  0.14  0.24  0.48  0.94  1.38  2.22  4.05  5.22  5.89  5.86  5.38  4.93  4.36  3.80  3.47  3.42  2.73  2.22  1.92  1.37  0.69  0.40  0.23  0.11  0.04  0.03  0.02
 3 -85  0.05  0.15  0.25  0.49  0.96  1.41  2.27  4.15  5.41  6.14  6.14  5.60  5.11  4.52  3.96  3.61  3.54  2.76  2.16  1.85  1.30  0.64  0.37  0.21  0.11  0.04  0.03  0.02
 3 -80  0.05  0.15  0.24  0.48  0.95  1.41  2.27  4.13  5.50  6.28  6.27  5.65  5.11  4.51  3.95  3.61  3.54  2.77  2.16  1.84  1.29  0.63  0.36  0.21  0.11  0.04  0.03  0.02
 3 -75  0.05  0.14  0.23  0.46  0.91  1.34  2.17  3.96  5.57  6.52  6.83  6.24  5.62  4.91  4.27  3.88  3.64  2.79  2.14  1.81  1.24  0.61  0.35  0.20  0.10  0.04  0.03  0.02
 3 -70  0.04  0.13  0.22  0.44  0.86  1.28  2.06  3.77  5.58  6.71  7.38  6.84  6.13  5.32  4.59  4.14  3.73  2.81  2.12  1.78  1.19  0.59  0.34  0.20  0.09  0.04  0.03  0.02
 3 -65  0.04  0.13  0.21  0.42  0.83  1.23  1.99  3.66  5.52  6.74  7.69  7.37  6.73  5.90  5.21  4.77  3.94  2.80  2.00  1.67  1.11  0.56  0.33  0.19  0.09  0.05  0.03  0.02
 3 -60  0.04  0.12  0.20  0.41  0.80  1.19  1.92  3.54  5.43  6.71  7.96  7.91  7.35  6.49  5.82  5.40  4.14  2.77  1.88  1.56  1.03  0.52  0.31  0.18  0.08  0.05  0.03  0.03
 3 -55  0.04  0.12  0.20  0.40  0.80  1.18  1.90  3.51  5.37  6.64  8.03  8.27  7.84  7.11  6.38  5.90  4.35  2.64  1.64  1.36  0.84  0.42  0.24  0.14  0.07  0.04  0.03  0.03
 3 -50  0.04  0.12  0.20  0.40  0.78  1.15  1.85  3.40  5.17  6.39  7.99  8.63  8.38  7.61  6.83  6.34  4.52  2.47  1.32  1.08  0.65  0.31  0.18  0.08  0.05  0.04  0.03  0.03
 3 -45  0.04  0.12  0.19  0.38  0.75  1.11  1.80  3.34  5.05  6.26  7.97  8.86  8.77  8.06  6.88  6.13  4.31  2.31  1.20  0.97  0.56  0.26  0.11  0.06  0.05  0.04  0.03  0.03
 3 -40  0.04  0.11  0.19  0.37  0.73  1.09  1.77  3.31  4.94  6.13  7.90  9.03  9.11  8.54  7.02  6.00  4.09  2.13  1.07  0.86  0.47  0.20  0.09  0.06  0.04  0.04  0.03  0.03
 3 -35  0.04  0.11  0.18  0.36  0.72  1.07  1.74  3.29  4.91  6.08  7.89  9.18  9.40  8.96  7.55  6.58  4.07  1.88  0.86  0.67  0.34  0.13  0.07  0.05  0.04  0.04  0.04  0.03
 3 -30  0.04  0.11  0.18  0.36  0.71  1.05  1.72  3.28  4.88  6.01  7.86  9.32  9.68  9.38  8.06  7.13  4.06  1.65  0.64  0.49  0.21  0.08  0.05  0.04  0.04  0.04  0.04  0.03
 3 -25  0.04  0.11  0.17  0.35  0.69  1.03  1.68  3.22  4.79  5.89  7.74  9.49 10.02  9.83  8.26  7.14  3.91  1.40  0.49  0.37  0.15  0.06  0.04  0.04  0.04  0.04  0.04  0.03
 3 -20  0.03  0.10  0.17  0.33  0.66  0.99  1.63  3.18  4.67  5.71  7.64  9.72 10.39 10.22  8.44  7.16  3.77  1.14  0.34  0.25  0.09  0.04  0.03  0.03  0.03  0.04  0.04  0.03
 3 -15  0.03  0.10  0.16  0.33  0.65  0.97  1.60  3.08  4.50  5.57  7.53  9.79 10.62 10.58  8.50  7.04  3.73  1.11  0.33  0.25  0.10  0.03  0.03  0.03  0.03  0.03  0.03  0.03
 3 -10  0.03  0.10  0.16  0.32  0.64  0.95  1.56  3.02  4.40  5.43  7.50  9.91 10.91 10.94  8.59  6.92  3.68  1.07  0.33  0.26  0.11  0.03  0.03  0.03  0.03  0.03  0.03  0.02
 3  -5  0.03  0.10  0.16  0.32  0.63  0.94  1.54  2.97  4.31  5.33  7.45  9.89 10.92 10.95  8.53  6.81  3.63  1.05  0.32  0.26  0.06  0.03  0.03  0.03  0.03  0.03  0.03  0.02
 3   0  0.03  0.10  0.17  0.33  0.65  0.97  1.57  2.90  4.25  5.23  7.38  9.82 10.84 10.93  8.46  6.69  3.59  1.06  0.33  0.27  0.12  0.03  0.03  0.03  0.03  0.03  0.03  0.03
 3   5  0.03  0.10  0.17  0.33  0.65  0.97  1.57  2.96  4.33  5.37  7.42  9.78 10.71 10.66  8.36  6.77  3.66  1.15  0.37  0.30  0.06  0.03  0.03  0.03  0.03  0.04  0.04  0.03
 3  10  0.03  0.10  0.16  0.33  0.65  0.97  1.58  3.04  4.47  5.54  7.54  9.74 10.52 10.38  8.27  6.87  3.75  1.23  0.41  0.32  0.06  0.03  0.03  0.03  0.03  0.04  0.04  0.04
 3  15  0.03  0.10  0.17  0.33  0.66  0.98  1.61  3.10  4.57  5.67  7.59  9.56 10.18  9.93  7.95  6.66  3.85  1.27  0.41  0.33  0.07  0.04  0.03  0.04  0.04  0.05  0.05  0.04
 3  20  0.03  0.10  0.17  0.34  0.68  1.01  1.65  3.15  4.67  5.81  7.68  9.40  9.81  9.48  7.63  6.44  3.95  1.30  0.42  0.33  0.14  0.05  0.04  0.04  0.05  0.05  0.05  0.05
 3  25  0.04  0.11  0.17  0.35  0.69  1.03  1.68  3.22  4.78  5.98  7.86  9.27  9.49  9.07  7.50  6.50  4.26  1.60  0.59  0.47  0.24  0.07  0.06  0.06  0.05  0.05  0.05  0.05
 3  30  0.04  0.11  0.18  0.36  0.71  1.06  1.73  3.26  4.91  6.13  7.98  9.13  9.15  8.63  7.35  6.55  4.55  1.98  0.80  0.65  0.36  0.22  0.11  0.08  0.07  0.05  0.05  0.05
 3  35  0.04  0.11  0.19  0.37  0.74  1.09  1.78  3.33  5.07  6.35  8.13  9.01  8.85  8.24  7.19  6.55  4.75  2.49  1.24  1.02  0.64  0.40  0.27  0.12  0.08  0.06  0.05  0.05
 3  40  0.04  0.12  0.20  0.39  0.77  1.13  1.83  3.38  5.23  6.58  8.30  8.87  8.55  7.89  7.08  6.55  4.93  3.00  1.69  1.42  0.94  0.58  0.36  0.17  0.10  0.06  0.05  0.05
 3  45  0.04  0.12  0.20  0.40  0.78  1.16  1.87  3.49  5.40  6.77  8.30  8.62  8.24  7.58  6.85  6.42  5.21  3.37  2.03  1.72  1.18  0.73  0.42  0.23  0.11  0.06  0.05  0.05
 3  50  0.04  0.12  0.20  0.40  0.79  1.18  1.92  3.62  5.59  6.96  8.34  8.46  8.02  7.37  6.70  6.28  5.46  3.72  2.37  2.02  1.40  0.85  0.47  0.26  0.11  0.06  0.05  0.05
 3  55  0.04  0.13  0.21  0.42  0.82  1.22  1.98  3.72  5.65  6.97  8.18  8.26  7.81  7.19  6.57  6.19  5.50  3.89  2.58  2.20  1.56  0.92  0.52  0.28  0.12  0.07  0.06  0.05
 3  60  0.04  0.13  0.22  0.44  0.86  1.28  2.08  3.91  5.93  7.25  8.27  8.19  7.66  6.97  6.49  6.21  5.62  4.12  2.84  2.42  1.70  0.98  0.56  0.30  0.13  0.07  0.06  0.05
 3  65  0.05  0.14  0.23  0.45  0.89  1.32  2.15  4.03  5.94  7.16  8.05  7.98  7.50  6.86  6.36  6.08  5.55  4.19  2.97  2.55  1.85  1.03  0.59  0.33  0.13  0.07  0.06  0.05
 3  70  0.05  0.14  0.23  0.46  0.92  1.36  2.21  4.14  5.93  7.07  7.85  7.78  7.33  6.74  6.24  5.96  5.49  4.25  3.09  2.68  1.98  1.08  0.63  0.36  0.13  0.07  0.06  0.05
 3  75  0.05  0.14  0.23  0.47  0.92  1.37  2.22  4.16  5.79  6.85  7.64  7.74  7.42  6.89  6.24  5.86  5.46  4.32  3.14  2.71  2.01  1.11  0.62  0.35  0.15  0.07  0.06  0.05
 3  80  0.05  0.14  0.24  0.47  0.93  1.37  2.22  4.16  5.65  6.64  7.44  7.71  7.50  7.04  6.23  5.75  5.41  4.37  3.19  2.74  2.03  1.14  0.62  0.35  0.14  0.07  0.06  0.05
 3  85  0.05  0.14  0.24  0.47  0.92  1.37  2.22  4.15  5.63  6.64  7.47  7.75  7.53  7.05  6.28  5.82  5.48  4.41  3.21  2.75  2.03  1.13  0.61  0.34  0.14  0.08  0.06  0.05
 3  90  0.05  0.14  0.23  0.46  0.90  1.33  2.16  4.03  5.42  6.38  7.22  7.63  7.51  7.09  6.39  5.99  5.67  4.53  3.31  2.85  2.11  1.17  0.62  0.35  0.14  0.08  0.06  0.05
 4 -90  0.06  0.18  0.29  0.58  1.13  1.65  2.59  4.42  5.24  5.75  5.92  5.47  4.98  4.32  3.63  3.25  2.96  2.91  2.25  1.90  1.30  0.62  0.36  0.19  0.09  0.04  0.03  0.02
 4 -85  0.06  0.18  0.30  0.60  1.17  1.72  2.71  4.66  5.58  6.10  6.24  5.77  5.18  4.46  3.76  3.37  3.07  2.94  2.23  1.87  1.26  0.59  0.34  0.20  0.10  0.04  0.03  0.02
 4 -80  0.06  0.19  0.31  0.61  1.19  1.75  2.76  4.76  5.70  6.21  6.31  5.79  5.19  4.46  3.75  3.37  3.08  2.95  2.24  1.88  1.26  0.59  0.34  0.20  0.10  0.04  0.03  0.03
 4 -75  0.06  0.18  0.30  0.60  1.18  1.73  2.74  4.81  6.12  6.87  6.94  6.27  5.61  4.85  4.16  3.78  3.44  2.95  2.21  1.85  1.25  0.57  0.33  0.19  0.10  0.04  0.03  0.03
 4 -70  0.06  0.18  0.30  0.59  1.15  1.69  2.70  4.81  6.50  7.50  7.54  6.73  6.02  5.26  4.60  4.22  3.82  2.94  2.18  1.83  1.24  0.55  0.32  0.19  0.08  0.04  0.03  0.03
 4 -65  0.06  0.17  0.29  0.57  1.11  1.63  2.62  4.72  6.60  7.72  7.91  7.19  6.51  5.76  5.17  4.80  4.11  2.94  2.07  1.73  1.15  0.52  0.30  0.17  0.08  0.04  0.03  0.03
 4 -60  0.05  0.16  0.27  0.54  1.06  1.56  2.52  4.58  6.64  7.89  8.26  7.62  6.99  6.25  5.71  5.35  4.38  2.91  1.94  1.61  1.05  0.48  0.26  0.15  0.08  0.04  0.03  0.03
 4 -55  0.05  0.16  0.26  0.51  1.01  1.49  2.40  4.40  6.53  7.83  8.40  7.96  7.37  6.73  6.30  5.99  4.62  2.75  1.71  1.40  0.84  0.39  0.20  0.12  0.07  0.04  0.03  0.03
 4 -50  0.05  0.15  0.24  0.48  0.95  1.41  2.26  4.14  6.25  7.59  8.48  8.34  7.82  7.09  6.78  6.56  4.82  2.56  1.40  1.13  0.63  0.31  0.14  0.08  0.05  0.04  0.03  0.03
 4 -45  0.05  0.14  0.23  0.45  0.89  1.32  2.13  3.90  5.94  7.29  8.46  8.61  8.20  7.46  6.76  6.32  4.58  2.36  1.29  1.04  0.57  0.27  0.13  0.06  0.05  0.04  0.03  0.03
 4 -40  0.04  0.13  0.22  0.43  0.84  1.25  2.01  3.69  5.64  6.99  8.41  8.86  8.58  7.87  6.82  6.11  4.33  2.15  1.19  0.95  0.51  0.23  0.09  0.05  0.04  0.03  0.03  0.03
 4 -35  0.04  0.12  0.20  0.40  0.80  1.18  1.92  3.57  5.43  6.74  8.33  9.07  8.98  8.42  7.07  6.12  4.10  1.89  0.99  0.78  0.41  0.18  0.07  0.05  0.04  0.03  0.03  0.03
 4 -30  0.04  0.12  0.19  0.39  0.76  1.13  1.84  3.44  5.21  6.45  8.19  9.26  9.38  8.97  7.32  6.15  3.88  1.64  0.79  0.62  0.31  0.09  0.05  0.04  0.04  0.03  0.03  0.03
 4 -25  0.04  0.11  0.19  0.37  0.73  1.09  1.77  3.34  5.01  6.18  7.92  9.37  9.72  9.49  7.75  6.48  3.83  1.44  0.58  0.45  0.21  0.06  0.04  0.03  0.03  0.03  0.03  0.03
 4 -20  0.04  0.11  0.18  0.36  0.70  1.05  1.71  3.25  4.78  5.85  7.65  9.54 10.11  9.97  8.16  6.81  3.81  1.22  0.37  0.28  0.11  0.04  0.03  0.03  0.03  0.03  0.03  0.03
 4 -15  0.04  0.10  0.17  0.35  0.69  1.02  1.67  3.16  4.59  5.64  7.43  9.50 10.29 10.34  8.38  6.97  3.80  1.13  0.34  0.27  0.11  0.03  0.03  0.03  0.03  0.03  0.03  0.03
 4 -10  0.03  0.10  0.17  0.34  0.68  1.00  1.64  3.10  4.46  5.45  7.33  9.52 10.51 10.70  8.64  7.14  3.77  1.04  0.31  0.24  0.11  0.03  0.03  0.03  0.03  0.03  0.03  0.03
 4  -5  0.03  0.10  0.17  0.34  0.67  0.99  1.62  3.05  4.37  5.35  7.26  9.48 10.52 10.76  8.66  7.14  3.78  1.04  0.30  0.24  0.11  0.03  0.02  0.02  0.03  0.03  0.03  0.02
 4   0  0.03  0.10  0.17  0.34  0.68  1.00  1.62  2.99  4.30  5.23  7.17  9.42 10.46 10.77  8.66  7.12  3.80  1.07  0.30  0.25  0.12  0.03  0.03  0.03  0.03  0.03  0.03  0.03
 4   5  0.03  0.10  0.17  0.34  0.67  1.00  1.62  3.03  4.37  5.37  7.28  9.49 10.40 10.50  8.51  7.08  3.86  1.17  0.46  0.35  0.14  0.03  0.03  0.03  0.03  0.03  0.03  0.03
 4  10  0.03  0.10  0.17  0.33  0.66  0.99  1.62  3.09  4.50  5.55  7.46  9.56 10.31 10.25  8.35  7.05  3.94  1.25  0.61  0.46  0.15  0.03  0.03  0.03  0.03  0.04  0.04  0.04
 4  15  0.03  0.10  0.17  0.34  0.67  0.99  1.63  3.13  4.58  5.66  7.54  9.48 10.09  9.89  8.09  6.89  3.97  1.31  0.63  0.47  0.16  0.04  0.03  0.03  0.04  0.04  0.05  0.04
 4  20  0.03  0.10  0.17  0.34  0.68  1.01  1.66  3.15  4.64  5.77  7.67  9.41  9.83  9.52  7.81  6.70  4.00  1.36  0.66  0.50  0.17  0.05  0.04  0.04  0.04  0.05  0.05  0.05
 4  25  0.03  0.10  0.17  0.35  0.68  1.02  1.66  3.16  4.67  5.83  7.76  9.35  9.66  9.27  7.70  6.72  4.24  1.58  0.75  0.58  0.26  0.09  0.06  0.05  0.05  0.05  0.05  0.05
 4  30  0.04  0.10  0.17  0.35  0.69  1.02  1.67  3.16  4.70  5.86  7.80  9.30  9.48  8.98  7.57  6.72  4.47  1.87  0.88  0.70  0.38  0.18  0.10  0.07  0.06  0.06  0.05  0.05
 4  35  0.04  0.11  0.18  0.35  0.69  1.02  1.67  3.12  4.69  5.87  7.82  9.23  9.28  8.67  7.40  6.65  4.56  2.25  1.22  1.01  0.64  0.41  0.18  0.10  0.07  0.06  0.05  0.05
 4  40  0.04  0.11  0.18  0.35  0.70  1.03  1.67  3.08  4.69  5.91  7.91  9.12  9.05  8.39  7.27  6.58  4.64  2.66  1.58  1.34  0.91  0.59  0.35  0.14  0.09  0.06  0.05  0.05
 4  45  0.04  0.11  0.18  0.35  0.69  1.03  1.67  3.09  4.73  5.97  7.90  8.91  8.76  8.06  6.98  6.36  4.76  3.00  1.88  1.60  1.11  0.71  0.41  0.19  0.11  0.06  0.05  0.05
 4  50  0.04  0.11  0.18  0.35  0.69  1.02  1.66  3.13  4.81  6.06  7.94  8.77  8.55  7.82  6.78  6.16  4.85  3.33  2.17  1.85  1.30  0.82  0.48  0.26  0.12  0.07  0.05  0.05
 4  55  0.04  0.11  0.18  0.35  0.69  1.03  1.68  3.15  4.83  6.08  7.86  8.55  8.26  7.54  6.53  5.90  5.01  3.57  2.37  2.03  1.44  0.88  0.53  0.29  0.13  0.07  0.06  0.05
 4  60  0.04  0.11  0.18  0.36  0.72  1.06  1.73  3.26  5.10  6.40  8.02  8.45  8.05  7.24  6.32  5.75  5.23  3.86  2.62  2.23  1.58  0.93  0.57  0.32  0.14  0.07  0.06  0.05
 4  65  0.04  0.11  0.19  0.37  0.73  1.08  1.77  3.33  5.16  6.42  7.82  8.09  7.67  6.90  6.16  5.72  5.24  3.94  2.80  2.39  1.68  1.02  0.65  0.37  0.15  0.07  0.06  0.05
 4  70  0.04  0.11  0.19  0.38  0.75  1.11  1.80  3.40  5.22  6.43  7.61  7.75  7.30  6.55  6.01  5.70  5.25  4.03  2.98  2.53  1.78  1.12  0.73  0.42  0.19  0.07  0.06  0.05
 4  75  0.04  0.12  0.20  0.39  0.77  1.14  1.86  3.52  5.26  6.36  7.27  7.31  6.89  6.24  5.87  5.69  5.30  4.18  3.11  2.66  1.90  1.17  0.74  0.42  0.18  0.08  0.06  0.05
 4  80  0.04  0.12  0.20  0.40  0.79  1.18  1.92  3.65  5.29  6.29  6.93  6.89  6.49  5.92  5.73  5.67  5.34  4.31  3.24  2.78  2.02  1.23  0.75  0.42  0.17  0.08  0.06  0.05
 4  85  0.04  0.12  0.20  0.41  0.80  1.19  1.95  3.70  5.33  6.30  6.92  6.91  6.53  5.95  5.78  5.72  5.39  4.37  3.28  2.81  2.03  1.24  0.76  0.43  0.17  0.08  0.06  0.05
 4  90  0.04  0.12  0.20  0.40  0.80  1.19  1.95  3.70  5.35  6.32  6.91  6.94  6.58  6.02  5.87  5.83  5.52  4.51  3.38  2.89  2.06  1.26  0.77  0.43  0.17  0.08  0.06  0.05
 5 -90  0.06  0.18  0.30  0.59  1.14  1.65  2.54  4.03  4.92  5.58  5.70  5.56  4.95  4.15  3.74  3.61  3.45  2.86  2.17  1.80  1.18  0.55  0.29  0.16  0.06  0.03  0.03  0.03
 5 -85  0.06  0.19  0.31  0.61  1.19  1.71  2.65  4.24  5.31  6.02  6.10  5.76  5.08  4.25  3.82  3.67  3.54  2.90  2.17  1.81  1.19  0.54  0.29  0.17  0.06  0.04  0.03  0.03
 5 -80  0.06  0.19  0.32  0.62  1.20  1.74  2.69  4.33  5.44  6.16  6.23  5.80  5.08  4.24  3.82  3.67  3.54  2.91  2.18  1.81  1.19  0.54  0.30  0.17  0.06  0.04  0.03  0.03
 5 -75  0.06  0.19  0.32  0.62  1.21  1.76  2.73  4.50  5.81  6.64  6.85  6.44  5.76  4.93  4.30  4.01  3.67  2.81  2.04  1.70  1.13  0.51  0.28  0.16  0.06  0.04  0.03  0.03
 5 -70  0.06  0.19  0.32  0.63  1.22  1.78  2.79  4.71  6.22  7.14  7.43  7.01  6.39  5.59  4.78  4.35  3.81  2.72  1.92  1.60  1.06  0.49  0.26  0.15  0.07  0.04  0.03  0.03
 5 -65  0.07  0.20  0.33  0.65  1.26  1.85  2.94  5.12  6.77  7.75  7.77  7.19  6.59  5.86  5.28  4.96  4.33  2.87  1.94  1.59  1.01  0.49  0.26  0.15  0.07  0.04  0.03  0.03
 5 -60  0.07  0.20  0.33  0.65  1.28  1.89  3.02  5.41  7.21  8.25  8.07  7.34  6.77  6.13  5.78  5.57  4.81  2.99  1.93  1.56  0.95  0.49  0.24  0.14  0.07  0.04  0.03  0.03
 5 -55  0.06  0.19  0.32  0.63  1.23  1.82  2.91  5.26  7.30  8.44  8.36  7.62  7.04  6.50  6.19  5.95  4.91  2.78  1.78  1.43  0.82  0.48  0.22  0.13  0.06  0.04  0.03  0.03
 5 -50  0.06  0.18  0.30  0.60  1.17  1.72  2.76  4.99  7.18  8.44  8.59  7.96  7.39  6.76  6.51  6.29  4.97  2.53  1.55  1.24  0.69  0.45  0.20  0.08  0.05  0.04  0.03  0.03
 5 -45  0.06  0.16  0.27  0.54  1.06  1.57  2.52  4.55  6.73  8.07  8.59  8.24  7.71  7.03  6.56  6.23  4.81  2.40  1.42  1.13  0.61  0.40  0.18  0.07  0.05  0.03  0.03  0.03
 5 -40  0.05  0.15  0.25  0.49  0.97  1.42  2.29  4.15  6.30  7.70  8.60  8.52  8.06  7.34  6.68  6.19  4.63  2.25  1.30  1.02  0.53  0.34  0.16  0.06  0.04  0.03  0.03  0.03
 5 -35  0.05  0.14  0.23  0.45  0.89  1.31  2.11  3.88  5.91  7.28  8.47  8.72  8.42  7.82  7.08  6.54  4.50  1.97  1.03  0.80  0.39  0.25  0.09  0.06  0.04  0.03  0.03  0.03
 5 -30  0.04  0.13  0.21  0.42  0.82  1.21  1.96  3.63  5.53  6.83  8.30  8.91  8.81  8.32  7.48  6.87  4.35  1.71  0.77  0.58  0.25  0.10  0.06  0.05  0.04  0.03  0.03  0.03
 5 -25  0.04  0.12  0.20  0.40  0.78  1.16  1.87  3.48  5.25  6.47  8.01  9.04  9.17  8.87  7.71  6.86  4.17  1.54  0.60  0.45  0.19  0.06  0.04  0.03  0.03  0.03  0.03  0.03
 5 -20  0.04  0.12  0.19  0.38  0.75  1.11  1.80  3.34  4.94  6.05  7.69  9.20  9.59  9.38  7.95  6.86  4.02  1.38  0.44  0.33  0.13  0.04  0.03  0.03  0.03  0.03  0.03  0.03
 5 -15  0.04  0.11  0.19  0.37  0.73  1.08  1.75  3.26  4.78  5.86  7.50  9.18  9.79  9.77  8.22  7.08  4.01  1.27  0.37  0.28  0.11  0.03  0.03  0.03  0.03  0.03  0.03  0.03
 5 -10  0.04  0.11  0.18  0.37  0.72  1.07  1.73  3.20  4.66  5.69  7.42  9.21 10.01 10.18  8.54  7.29  4.00  1.13  0.29  0.23  0.10  0.03  0.03  0.03  0.03  0.03  0.03  0.03
 5  -5  0.04  0.11  0.18  0.36  0.72  1.06  1.71  3.16  4.59  5.62  7.41  9.23 10.07 10.30  8.45  7.06  3.78  0.96  0.25  0.20  0.10  0.03  0.02  0.03  0.03  0.03  0.03  0.02
 5   0  0.04  0.11  0.18  0.36  0.71  1.04  1.69  3.14  4.55  5.56  7.40  9.28 10.11 10.38  8.35  6.84  3.57  0.80  0.21  0.18  0.09  0.03  0.02  0.02  0.03  0.03  0.03  0.02
 5   5  0.04  0.11  0.18  0.36  0.70  1.04  1.69  3.15  4.58  5.63  7.48  9.39 10.12 10.23  8.40  7.04  3.86  1.06  0.37  0.31  0.16  0.03  0.02  0.03  0.03  0.03  0.03  0.03
 5  10  0.03  0.10  0.17  0.35  0.69  1.02  1.67  3.18  4.66  5.74  7.61  9.50 10.14 10.12  8.45  7.24  4.12  1.31  0.53  0.43  0.22  0.03  0.03  0.03  0.03  0.03  0.04  0.03
 5  15  0.03  0.10  0.17  0.34  0.68  1.01  1.66  3.17  4.66  5.75  7.61  9.44 10.00  9.84  8.27  7.17  4.05  1.40  0.57  0.46  0.23  0.04  0.03  0.03  0.04  0.04  0.04  0.04
 5  20  0.04  0.11  0.18  0.35  0.69  1.02  1.67  3.15  4.64  5.76  7.65  9.41  9.83  9.56  8.07  7.07  4.00  1.48  0.61  0.50  0.25  0.06  0.04  0.04  0.04  0.05  0.05  0.04
 5  25  0.03  0.10  0.17  0.34  0.68  1.01  1.65  3.13  4.60  5.71  7.62  9.30  9.71  9.38  7.92  6.99  4.27  1.66  0.72  0.59  0.33  0.10  0.06  0.05  0.05  0.05  0.05  0.04
 5  30  0.03  0.10  0.17  0.34  0.67  1.00  1.63  3.09  4.55  5.65  7.56  9.21  9.55  9.17  7.77  6.88  4.53  1.89  0.86  0.71  0.41  0.16  0.09  0.06  0.06  0.05  0.05  0.04
 5  35  0.03  0.10  0.17  0.34  0.67  0.99  1.61  3.04  4.48  5.56  7.45  9.09  9.38  8.93  7.58  6.73  4.60  2.19  1.13  0.95  0.62  0.35  0.13  0.08  0.06  0.05  0.05  0.05
 5  40  0.03  0.10  0.17  0.34  0.67  0.99  1.60  2.96  4.41  5.49  7.42  8.97  9.19  8.69  7.39  6.58  4.66  2.50  1.41  1.20  0.83  0.51  0.21  0.11  0.08  0.06  0.05  0.05
 5  45  0.03  0.10  0.17  0.33  0.65  0.97  1.57  2.92  4.33  5.40  7.29  8.76  8.93  8.37  7.07  6.33  4.66  2.75  1.68  1.44  1.01  0.64  0.36  0.16  0.10  0.06  0.05  0.05
 5  50  0.03  0.10  0.16  0.32  0.63  0.94  1.53  2.90  4.30  5.36  7.23  8.59  8.71  8.11  6.83  6.09  4.65  2.99  1.93  1.66  1.18  0.75  0.45  0.21  0.11  0.07  0.06  0.05
 5  55  0.03  0.09  0.16  0.31  0.62  0.92  1.50  2.85  4.21  5.26  7.11  8.38  8.40  7.75  6.53  5.81  4.67  3.16  2.07  1.76  1.26  0.80  0.50  0.28  0.13  0.07  0.06  0.05
 5  60  0.03  0.10  0.16  0.32  0.63  0.93  1.52  2.88  4.35  5.45  7.22  8.25  8.13  7.36  6.27  5.63  4.74  3.37  2.25  1.90  1.33  0.84  0.55  0.31  0.14  0.07  0.06  0.05
 5  65  0.03  0.09  0.16  0.31  0.62  0.92  1.49  2.83  4.28  5.35  7.01  7.82  7.61  6.81  5.77  5.17  4.47  3.41  2.39  2.03  1.44  0.91  0.61  0.37  0.15  0.07  0.06  0.05
 5  70  0.03  0.09  0.15  0.31  0.61  0.90  1.47  2.80  4.22  5.26  6.79  7.41  7.10  6.25  5.27  4.69  4.20  3.44  2.53  2.16  1.56  0.98  0.67  0.43  0.24  0.08  0.06  0.05
 5  75  0.03  0.09  0.15  0.31  0.61  0.90  1.48  2.81  4.30  5.37  6.79  7.14  6.66  5.77  5.04  4.65  4.33  3.54  2.59  2.22  1.60  1.01  0.68  0.43  0.23  0.08  0.06  0.05
 5  80  0.03  0.09  0.15  0.31  0.61  0.90  1.47  2.80  4.36  5.48  6.82  6.89  6.25  5.31  4.83  4.61  4.47  3.65  2.66  2.28  1.65  1.04  0.68  0.43  0.23  0.08  0.06  0.05
 5  85  0.03  0.09  0.15  0.30  0.60  0.89  1.46  2.78  4.36  5.50  6.83  6.89  6.24  5.30  4.81  4.61  4.49  3.68  2.68  2.31  1.66  1.05  0.69  0.43  0.23  0.09  0.06  0.05
 5  90  0.03  0.09  0.15  0.30  0.59  0.88  1.43  2.73  4.27  5.41  6.76  6.86  6.23  5.28  4.71  4.49  4.43  3.73  2.72  2.32  1.63  1.04  0.71  0.45  0.24  0.09  0.06  0.05
 6 -90  0.06  0.18  0.30  0.58  1.11  1.60  2.43  3.68  4.81  5.64  5.66  5.88  5.66  5.05  4.43  4.15  3.49  2.89  2.12  1.77  1.20  0.48  0.21  0.09  0.05  0.03  0.03  0.03
 6 -85  0.06  0.18  0.30  0.60  1.15  1.65  2.51  3.84  5.09  5.97  6.07  6.07  5.76  5.17  4.54  4.22  3.58  2.93  2.12  1.77  1.20  0.46  0.21  0.09  0.05  0.03  0.03  0.03
 6 -80  0.06  0.19  0.31  0.60  1.15  1.66  2.53  3.88  5.16  6.05  6.18  6.17  5.81  5.18  4.55  4.23  3.58  2.94  2.13  1.78  1.21  0.47  0.21  0.10  0.05  0.03  0.03  0.03
 6 -75  0.06  0.19  0.31  0.61  1.17  1.69  2.59  4.07  5.42  6.34  6.69  6.74  6.35  5.67  4.87  4.43  3.75  2.93  2.12  1.77  1.21  0.47  0.21  0.10  0.06  0.04  0.03  0.03
 6 -70  0.06  0.19  0.32  0.62  1.20  1.74  2.70  4.39  5.82  6.78  7.25  7.23  6.79  6.09  5.17  4.64  3.95  2.95  2.10  1.77  1.21  0.47  0.21  0.10  0.06  0.04  0.03  0.03
 6 -65  0.07  0.20  0.32  0.64  1.25  1.81  2.84  4.77  6.34  7.34  7.56  7.26  6.77  6.10  5.45  5.08  4.36  3.05  2.12  1.77  1.20  0.51  0.25  0.10  0.06  0.04  0.03  0.03
 6 -60  0.07  0.20  0.33  0.65  1.27  1.86  2.94  5.08  6.77  7.79  7.76  7.23  6.71  6.08  5.70  5.49  4.73  3.13  2.12  1.76  1.16  0.54  0.28  0.10  0.06  0.04  0.03  0.03
 6 -55  0.07  0.20  0.32  0.64  1.26  1.85  2.96  5.26  7.21  8.34  8.13  7.38  6.83  6.33  6.06  5.87  4.86  2.95  1.94  1.61  1.02  0.52  0.29  0.10  0.06  0.04  0.03  0.03
 6 -50  0.06  0.19  0.32  0.63  1.24  1.82  2.92  5.24  7.36  8.60  8.39  7.58  7.05  6.53  6.39  6.23  4.96  2.73  1.67  1.38  0.88  0.49  0.29  0.09  0.05  0.04  0.03  0.03
 6 -45  0.06  0.17  0.29  0.57  1.13  1.66  2.65  4.75  6.91  8.24  8.50  7.93  7.39  6.79  6.41  6.12  4.86  2.59  1.54  1.28  0.81  0.45  0.27  0.08  0.05  0.03  0.03  0.03
 6 -40  0.05  0.16  0.26  0.51  1.01  1.48  2.38  4.31  6.49  7.91  8.64  8.33  7.79  7.10  6.51  6.04  4.73  2.43  1.41  1.17  0.73  0.40  0.24  0.07  0.05  0.03  0.03  0.03
 6 -35  0.05  0.14  0.23  0.46  0.91  1.35  2.17  3.97  6.02  7.39  8.44  8.51  8.14  7.54  6.88  6.38  4.77  2.14  1.08  0.88  0.53  0.29  0.12  0.07  0.05  0.03  0.03  0.03
 6 -30  0.04  0.13  0.21  0.42  0.83  1.23  1.98  3.65  5.56  6.84  8.23  8.71  8.52  8.01  7.26  6.70  4.78  1.87  0.77  0.62  0.34  0.19  0.07  0.05  0.04  0.04  0.03  0.03
 6 -25  0.04  0.12  0.21  0.41  0.80  1.18  1.91  3.50  5.31  6.55  8.02  8.83  8.81  8.45  7.51  6.81  4.53  1.62  0.58  0.46  0.23  0.06  0.04  0.04  0.04  0.04  0.04  0.03
 6 -20  0.04  0.12  0.20  0.40  0.78  1.15  1.85  3.37  5.04  6.19  7.77  8.97  9.16  8.84  7.75  6.91  4.29  1.40  0.41  0.32  0.14  0.04  0.03  0.03  0.03  0.03  0.04  0.03
 6 -15  0.04  0.12  0.19  0.39  0.76  1.12  1.81  3.33  4.94  6.09  7.68  9.02  9.39  9.21  7.88  6.91  4.08  1.30  0.39  0.31  0.13  0.03  0.03  0.03  0.03  0.03  0.03  0.03
 6 -10  0.04  0.12  0.19  0.38  0.76  1.12  1.80  3.30  4.87  6.00  7.68  9.11  9.63  9.61  8.07  6.93  3.88  1.19  0.36  0.29  0.13  0.03  0.03  0.03  0.03  0.03  0.03  0.03
 6  -5  0.04  0.12  0.19  0.38  0.75  1.11  1.79  3.27  4.83  5.96  7.71  9.18  9.78  9.82  8.26  7.12  3.93  1.12  0.33  0.27  0.13  0.03  0.03  0.03  0.03  0.03  0.03  0.03
 6   0  0.04  0.11  0.19  0.37  0.73  1.08  1.75  3.27  4.82  5.94  7.76  9.31  9.93 10.00  8.45  7.34  4.01  1.07  0.30  0.25  0.14  0.03  0.03  0.03  0.03  0.03  0.03  0.03
 6   5  0.04  0.11  0.19  0.37  0.73  1.08  1.75  3.27  4.82  5.96  7.81  9.41  9.95  9.98  8.47  7.37  4.17  1.22  0.42  0.35  0.18  0.03  0.03  0.03  0.03  0.03  0.03  0.03
 6  10  0.04  0.11  0.18  0.36  0.71  1.06  1.73  3.29  4.86  6.00  7.88  9.53 10.02  9.97  8.47  7.38  4.30  1.37  0.53  0.43  0.23  0.03  0.03  0.03  0.03  0.03  0.03  0.03
 6  15  0.04  0.11  0.18  0.36  0.71  1.05  1.71  3.26  4.82  5.95  7.81  9.46  9.91  9.72  8.22  7.15  4.21  1.45  0.56  0.46  0.24  0.04  0.03  0.03  0.04  0.04  0.04  0.03
 6  20  0.04  0.11  0.18  0.36  0.71  1.05  1.71  3.22  4.76  5.90  7.79  9.42  9.78  9.49  7.95  6.91  4.15  1.53  0.60  0.49  0.26  0.05  0.04  0.04  0.04  0.05  0.04  0.04
 6  25  0.04  0.11  0.18  0.35  0.70  1.03  1.68  3.18  4.68  5.80  7.68  9.28  9.66  9.34  7.96  7.05  4.34  1.67  0.64  0.52  0.29  0.08  0.05  0.05  0.05  0.05  0.04  0.04
 6  30  0.03  0.10  0.17  0.34  0.68  1.01  1.65  3.14  4.60  5.70  7.57  9.17  9.52  9.17  7.96  7.17  4.51  1.81  0.70  0.57  0.32  0.13  0.07  0.05  0.05  0.05  0.05  0.04
 6  35  0.03  0.10  0.17  0.34  0.67  1.00  1.62  3.06  4.49  5.56  7.40  9.00  9.31  8.93  7.69  6.88  4.53  2.08  0.97  0.80  0.49  0.20  0.10  0.07  0.06  0.05  0.05  0.04
 6  40  0.03  0.10  0.17  0.34  0.66  0.98  1.59  2.97  4.38  5.43  7.29  8.82  9.08  8.69  7.40  6.56  4.53  2.37  1.26  1.04  0.66  0.38  0.16  0.09  0.07  0.06  0.05  0.04
 6  45  0.03  0.10  0.16  0.33  0.64  0.95  1.55  2.89  4.23  5.25  7.07  8.54  8.79  8.37  7.07  6.29  4.57  2.57  1.48  1.25  0.83  0.50  0.28  0.13  0.08  0.06  0.05  0.05
 6  50  0.03  0.09  0.16  0.31  0.61  0.91  1.49  2.84  4.14  5.12  6.90  8.32  8.54  8.07  6.80  6.03  4.58  2.76  1.69  1.44  1.00  0.61  0.37  0.16  0.09  0.06  0.06  0.05
 6  55  0.03  0.09  0.15  0.30  0.59  0.88  1.44  2.76  3.97  4.92  6.66  8.04  8.21  7.69  6.48  5.74  4.40  2.86  1.79  1.50  1.05  0.66  0.41  0.19  0.11  0.07  0.06  0.05
 6  60  0.03  0.09  0.15  0.30  0.59  0.88  1.43  2.74  4.04  5.00  6.64  7.83  7.90  7.26  6.19  5.55  4.28  3.00  1.93  1.60  1.09  0.69  0.46  0.26  0.12  0.07  0.06  0.05
 6  65  0.03  0.09  0.14  0.29  0.57  0.85  1.39  2.67  3.94  4.86  6.41  7.44  7.41  6.72  5.65  5.00  3.99  3.00  2.03  1.71  1.18  0.73  0.51  0.29  0.14  0.08  0.06  0.05
 6  70  0.03  0.08  0.14  0.28  0.55  0.82  1.35  2.58  3.83  4.73  6.20  7.10  6.95  6.19  5.12  4.46  3.71  3.00  2.14  1.81  1.28  0.78  0.57  0.33  0.15  0.08  0.06  0.05
 6  75  0.03  0.08  0.13  0.27  0.53  0.79  1.30  2.48  3.78  4.70  6.20  6.94  6.66  5.82  4.87  4.30  3.76  3.05  2.19  1.86  1.33  0.80  0.59  0.35  0.17  0.08  0.06  0.05
 6  80  0.03  0.08  0.13  0.26  0.51  0.76  1.25  2.39  3.73  4.68  6.23  6.81  6.38  5.46  4.63  4.13  3.80  3.09  2.24  1.91  1.39  0.83  0.61  0.37  0.20  0.09  0.06  0.05
 6  85  0.03  0.08  0.13  0.26  0.51  0.76  1.24  2.38  3.73  4.69  6.23  6.81  6.37  5.45  4.62  4.14  3.82  3.10  2.24  1.92  1.40  0.83  0.62  0.38  0.20  0.09  0.07  0.05
 6  90  0.03  0.08  0.13  0.25  0.50  0.75  1.23  2.35  3.65  4.60  6.09  6.71  6.35  5.47  4.58  4.07  3.69  3.07  2.21  1.89  1.36  0.82  0.62  0.38  0.20  0.10  0.07  0.05
 7 -90  0.05  0.16  0.27  0.52  1.00  1.43  2.14  3.09  4.27  5.08  5.47  5.98  6.01  5.53  4.82  4.31  3.77  2.87  2.09  1.71  1.13  0.47  0.20  0.09  0.05  0.03  0.03  0.03
 7 -85  0.06  0.17  0.27  0.54  1.02  1.46  2.20  3.20  4.48  5.37  5.85  6.17  6.09  5.57  4.93  4.44  3.89  2.94  2.13  1.74  1.14  0.45  0.21  0.09  0.05  0.03  0.03  0.03
 7 -80  0.06  0.17  0.28  0.54  1.03  1.48  2.23  3.26  4.57  5.46  5.92  6.24  6.15  5.60  4.96  4.47  3.92  2.96  2.15  1.76  1.14  0.45  0.20  0.08  0.05  0.03  0.03  0.03
 7 -75  0.05  0.16  0.26  0.52  0.99  1.42  2.15  3.21  4.59  5.51  6.17  6.77  6.73  6.16  5.26  4.60  3.85  2.99  2.17  1.78  1.17  0.46  0.20  0.08  0.05  0.03  0.03  0.03
 7 -70  0.05  0.15  0.25  0.50  0.96  1.38  2.11  3.24  4.73  5.71  6.58  7.33  7.26  6.63  5.49  4.71  3.80  3.03  2.21  1.83  1.21  0.48  0.21  0.09  0.05  0.03  0.03  0.03
 7 -65  0.05  0.16  0.27  0.53  1.03  1.49  2.31  3.80  5.44  6.52  7.22  7.49  7.13  6.42  5.67  5.21  4.38  3.19  2.22  1.84  1.24  0.51  0.24  0.10  0.05  0.04  0.03  0.03
 7 -60  0.06  0.17  0.28  0.55  1.07  1.57  2.48  4.28  6.05  7.20  7.71  7.50  6.92  6.16  5.81  5.64  4.88  3.28  2.19  1.84  1.27  0.54  0.28  0.10  0.06  0.04  0.03  0.03
 7 -55  0.05  0.16  0.27  0.54  1.06  1.56  2.50  4.51  6.49  7.71  8.16  7.70  7.04  6.39  6.18  6.06  5.02  3.11  2.05  1.71  1.12  0.52  0.29  0.10  0.06  0.04  0.03  0.03
 7 -50  0.05  0.16  0.27  0.53  1.05  1.55  2.50  4.57  6.66  7.95  8.44  7.91  7.24  6.58  6.56  6.51  5.15  2.90  1.80  1.49  0.96  0.49  0.29  0.09  0.05  0.04  0.03  0.03
 7 -45  0.05  0.15  0.26  0.51  1.00  1.48  2.37  4.30  6.38  7.71  8.49  8.20  7.59  6.89  6.60  6.39  5.08  2.82  1.70  1.40  0.87  0.45  0.27  0.08  0.05  0.04  0.03  0.03
 7 -40  0.05  0.14  0.24  0.48  0.94  1.39  2.23  4.08  6.16  7.52  8.61  8.56  8.03  7.28  6.72  6.28  5.01  2.75  1.59  1.30  0.78  0.40  0.25  0.09  0.05  0.04  0.03  0.03
 7 -35  0.05  0.14  0.22  0.45  0.88  1.30  2.09  3.84  5.83  7.16  8.43  8.67  8.28  7.63  6.87  6.33  4.91  2.46  1.27  1.02  0.57  0.30  0.19  0.09  0.05  0.04  0.03  0.03
 7 -30  0.04  0.13  0.21  0.42  0.82  1.21  1.96  3.63  5.50  6.78  8.26  8.80  8.58  8.00  7.03  6.35  4.79  2.17  0.98  0.76  0.39  0.20  0.09  0.06  0.05  0.04  0.04  0.03
 7 -25  0.04  0.12  0.21  0.41  0.80  1.19  1.91  3.49  5.31  6.59  8.15  8.92  8.79  8.31  7.30  6.58  4.60  1.85  0.73  0.57  0.27  0.07  0.05  0.04  0.04  0.04  0.04  0.04
 7 -20  0.04  0.12  0.20  0.40  0.79  1.17  1.87  3.37  5.10  6.33  7.98  9.05  9.05  8.57  7.53  6.78  4.40  1.55  0.50  0.39  0.17  0.05  0.04  0.03  0.03  0.04  0.04  0.04
 7 -15  0.04  0.12  0.20  0.39  0.77  1.13  1.82  3.34  5.01  6.22  7.91  9.14  9.32  8.95  7.75  6.93  4.11  1.37  0.46  0.36  0.17  0.04  0.03  0.03  0.03  0.03  0.04  0.04
 7 -10  0.04  0.12  0.20  0.39  0.76  1.12  1.81  3.30  4.94  6.13  7.92  9.25  9.62  9.42  8.05  7.10  3.80  1.16  0.40  0.32  0.16  0.03  0.03  0.03  0.03  0.03  0.03  0.03
 7  -5  0.04  0.12  0.19  0.38  0.76  1.12  1.80  3.27  4.90  6.09  7.93  9.32  9.81  9.69  8.10  7.02  3.84  1.13  0.40  0.32  0.17  0.03  0.03  0.03  0.03  0.03  0.03  0.03
 7   0  0.04  0.11  0.18  0.36  0.72  1.07  1.74  3.29  4.90  6.08  7.99  9.49 10.02  9.96  8.19  6.98  3.92  1.10  0.40  0.33  0.17  0.03  0.03  0.03  0.03  0.03  0.03  0.03
 7   5  0.04  0.11  0.19  0.37  0.73  1.08  1.76  3.28  4.90  6.08  8.02  9.57 10.05  9.99  8.36  7.23  4.17  1.30  0.51  0.41  0.20  0.03  0.03  0.03  0.03  0.03  0.03  0.02
 7  10  0.04  0.11  0.18  0.36  0.72  1.06  1.74  3.31  4.93  6.11  8.07  9.67 10.11 10.01  8.51  7.44  4.37  1.50  0.63  0.49  0.22  0.03  0.03  0.03  0.03  0.03  0.03  0.03
 7  15  0.04  0.11  0.18  0.36  0.72  1.07  1.74  3.30  4.92  6.08  8.01  9.57  9.94  9.72  8.30  7.29  4.35  1.57  0.65  0.50  0.22  0.04  0.03  0.03  0.03  0.04  0.04  0.03
 7  20  0.04  0.11  0.19  0.37  0.73  1.08  1.75  3.28  4.87  6.04  7.97  9.51  9.79  9.49  8.09  7.12  4.37  1.64  0.68  0.53  0.24  0.05  0.04  0.04  0.04  0.04  0.04  0.03
 7  25  0.04  0.11  0.18  0.36  0.71  1.06  1.73  3.27  4.83  5.98  7.86  9.35  9.65  9.32  7.92  6.99  4.36  1.78  0.72  0.56  0.25  0.07  0.05  0.05  0.05  0.05  0.04  0.04
 7  30  0.04  0.11  0.18  0.35  0.70  1.04  1.71  3.25  4.78  5.92  7.77  9.22  9.48  9.14  7.78  6.86  4.35  1.91  0.78  0.59  0.27  0.10  0.06  0.05  0.05  0.05  0.04  0.04
 7  35  0.04  0.11  0.18  0.35  0.70  1.03  1.68  3.18  4.67  5.77  7.58  9.01  9.25  8.88  7.58  6.71  4.37  2.05  0.95  0.75  0.39  0.13  0.07  0.06  0.05  0.05  0.05  0.04
 7  40  0.03  0.10  0.17  0.35  0.68  1.01  1.65  3.10  4.56  5.64  7.45  8.80  9.00  8.62  7.37  6.53  4.39  2.21  1.13  0.91  0.51  0.19  0.10  0.07  0.06  0.05  0.05  0.04
 7  45  0.03  0.10  0.17  0.34  0.66  0.98  1.60  3.00  4.38  5.43  7.20  8.52  8.70  8.28  7.03  6.25  4.41  2.38  1.29  1.06  0.65  0.34  0.16  0.10  0.07  0.06  0.05  0.04
 7  50  0.03  0.10  0.16  0.32  0.63  0.94  1.54  2.92  4.26  5.27  7.01  8.27  8.42  7.97  6.74  5.98  4.41  2.55  1.45  1.22  0.80  0.45  0.27  0.13  0.09  0.06  0.05  0.04
 7  55  0.03  0.09  0.15  0.30  0.60  0.90  1.47  2.83  4.08  5.05  6.77  8.00  8.09  7.59  6.34  5.56  4.22  2.61  1.55  1.30  0.89  0.52  0.32  0.16  0.10  0.07  0.06  0.05
 7  60  0.03  0.09  0.15  0.30  0.60  0.89  1.46  2.80  4.13  5.12  6.74  7.79  7.79  7.16  5.99  5.25  4.09  2.73  1.70  1.42  0.98  0.58  0.38  0.19  0.11  0.07  0.06  0.05
 7  65  0.03  0.09  0.15  0.29  0.58  0.86  1.41  2.70  4.00  4.93  6.45  7.36  7.26  6.58  5.42  4.68  3.75  2.75  1.80  1.51  1.06  0.62  0.42  0.25  0.12  0.07  0.06  0.05
 7  70  0.03  0.08  0.14  0.28  0.55  0.82  1.35  2.60  3.86  4.75  6.16  6.93  6.73  6.00  4.84  4.10  3.41  2.77  1.90  1.60  1.14  0.66  0.47  0.28  0.13  0.07  0.06  0.05
 7  75  0.03  0.08  0.13  0.27  0.53  0.79  1.29  2.49  3.79  4.69  6.09  6.70  6.38  5.58  4.58  3.94  3.42  2.83  1.96  1.65  1.18  0.67  0.49  0.29  0.14  0.08  0.06  0.05
 7  80  0.03  0.08  0.13  0.25  0.50  0.75  1.23  2.37  3.72  4.65  6.06  6.50  6.03  5.18  4.32  3.78  3.41  2.87  2.03  1.71  1.21  0.68  0.52  0.31  0.16  0.08  0.06  0.05
 7  85  0.03  0.08  0.13  0.25  0.50  0.74  1.22  2.35  3.71  4.66  6.06  6.48  6.02  5.17  4.32  3.80  3.43  2.88  2.03  1.71  1.21  0.68  0.52  0.31  0.18  0.09  0.06  0.05
 7  90  0.03  0.08  0.13  0.25  0.50  0.74  1.21  2.34  3.64  4.59  5.98  6.36  5.93  5.14  4.30  3.78  3.36  2.82  2.02  1.69  1.19  0.69  0.54  0.31  0.19  0.09  0.06  0.05
 8 -90  0.04  0.13  0.22  0.43  0.82  1.17  1.78  2.66  3.71  4.41  5.36  6.69  6.75  6.25  5.17  4.05  3.23  2.73  1.99  1.64  1.11  0.47  0.17  0.08  0.05  0.03  0.03  0.03
 8 -85  0.05  0.14  0.23  0.44  0.85  1.22  1.85  2.82  4.04  4.84  5.81  6.88  6.93  6.29  5.20  4.23  3.44  2.87  2.06  1.70  1.12  0.45  0.18  0.08  0.05  0.03  0.03  0.03
 8 -80  0.05  0.14  0.23  0.45  0.87  1.25  1.90  2.92  4.22  5.04  5.98  6.97  7.00  6.33  5.26  4.30  3.52  2.93  2.09  1.72  1.13  0.46  0.17  0.08  0.05  0.03  0.03  0.03
 8 -75  0.05  0.14  0.24  0.47  0.91  1.32  2.04  3.29  4.67  5.52  6.36  7.03  7.01  6.46  5.48  4.66  3.80  3.10  2.20  1.81  1.20  0.48  0.17  0.08  0.05  0.03  0.03  0.03
 8 -70  0.05  0.15  0.24  0.48  0.93  1.36  2.14  3.62  5.10  6.03  6.79  7.15  7.03  6.54  5.56  4.89  4.05  3.28  2.32  1.92  1.29  0.51  0.18  0.08  0.05  0.04  0.03  0.03
 8 -65  0.05  0.14  0.24  0.47  0.92  1.34  2.14  3.77  5.42  6.49  7.35  7.56  7.26  6.59  5.78  5.35  4.55  3.49  2.35  1.94  1.28  0.53  0.20  0.09  0.05  0.04  0.03  0.03
 8 -60  0.05  0.14  0.23  0.46  0.90  1.33  2.14  3.89  5.65  6.82  7.76  7.80  7.34  6.55  6.01  5.77  4.93  3.57  2.31  1.91  1.26  0.55  0.28  0.09  0.06  0.04  0.03  0.03
 8 -55  0.05  0.14  0.23  0.45  0.90  1.33  2.16  4.06  6.00  7.25  8.23  8.13  7.59  6.88  6.34  6.04  5.10  3.48  2.21  1.85  1.21  0.55  0.30  0.10  0.06  0.04  0.03  0.03
 8 -50  0.05  0.14  0.23  0.46  0.90  1.34  2.19  4.15  6.17  7.50  8.57  8.50  7.94  7.18  6.69  6.38  5.31  3.38  2.01  1.68  1.12  0.53  0.31  0.10  0.06  0.04  0.03  0.03
 8 -45  0.05  0.14  0.23  0.46  0.90  1.33  2.16  4.02  6.03  7.38  8.58  8.69  8.19  7.40  6.71  6.27  5.22  3.20  1.84  1.54  1.01  0.50  0.30  0.09  0.06  0.04  0.03  0.03
 8 -40  0.05  0.14  0.23  0.45  0.88  1.31  2.12  3.93  5.95  7.30  8.65  8.93  8.51  7.73  6.81  6.20  5.12  3.04  1.69  1.40  0.89  0.45  0.29  0.09  0.06  0.04  0.04  0.03
 8 -35  0.04  0.13  0.21  0.43  0.84  1.25  2.02  3.75  5.71  7.06  8.55  9.01  8.67  7.94  6.93  6.26  4.97  2.68  1.34  1.08  0.65  0.33  0.23  0.09  0.06  0.04  0.04  0.04
 8 -30  0.04  0.12  0.20  0.41  0.80  1.18  1.92  3.58  5.46  6.79  8.44  9.09  8.85  8.16  7.06  6.31  4.81  2.34  1.02  0.80  0.44  0.23  0.09  0.07  0.06  0.05  0.04  0.04
 8 -25  0.04  0.12  0.20  0.40  0.79  1.16  1.87  3.44  5.26  6.57  8.33  9.24  9.09  8.47  7.31  6.51  4.64  1.98  0.73  0.58  0.30  0.07  0.05  0.04  0.04  0.04  0.04  0.04
 8 -20  0.04  0.12  0.20  0.39  0.77  1.14  1.83  3.31  5.04  6.30  8.15  9.39  9.37  8.74  7.51  6.66  4.47  1.65  0.46  0.36  0.17  0.05  0.04  0.04  0.04  0.04  0.04  0.04
 8 -15  0.04  0.11  0.19  0.38  0.74  1.10  1.77  3.26  4.91  6.11  7.99  9.46  9.65  9.12  7.72  6.84  4.17  1.43  0.45  0.34  0.15  0.04  0.03  0.03  0.03  0.04  0.04  0.04
 8 -10  0.04  0.11  0.19  0.37  0.73  1.08  1.74  3.21  4.80  5.97  7.92  9.54  9.98  9.67  8.08  7.08  3.82  1.19  0.43  0.32  0.13  0.03  0.03  0.03  0.03  0.03  0.04  0.04
 8  -5  0.04  0.11  0.19  0.37  0.72  1.07  1.73  3.17  4.74  5.89  7.88  9.56 10.16  9.98  8.25  7.15  3.77  1.15  0.42  0.33  0.14  0.03  0.03  0.03  0.03  0.03  0.03  0.03
 8   0  0.03  0.10  0.17  0.35  0.69  1.02  1.67  3.19  4.73  5.88  7.92  9.72 10.40 10.31  8.47  7.27  3.78  1.11  0.42  0.33  0.14  0.03  0.03  0.03  0.03  0.03  0.03  0.03
 8   5  0.04  0.11  0.18  0.36  0.71  1.05  1.70  3.19  4.75  5.90  7.96  9.76 10.37 10.30  8.55  7.38  4.08  1.28  0.52  0.40  0.16  0.03  0.03  0.03  0.03  0.03  0.03  0.03
 8  10  0.04  0.11  0.18  0.35  0.70  1.04  1.70  3.23  4.81  5.97  8.02  9.82 10.36 10.25  8.61  7.47  4.34  1.44  0.62  0.46  0.18  0.03  0.03  0.03  0.03  0.03  0.03  0.03
 8  15  0.04  0.11  0.18  0.36  0.71  1.06  1.72  3.25  4.88  6.04  8.04  9.70 10.11  9.89  8.38  7.31  4.32  1.53  0.65  0.48  0.19  0.03  0.03  0.03  0.03  0.04  0.03  0.03
 8  20  0.04  0.11  0.19  0.37  0.73  1.08  1.75  3.27  4.90  6.10  8.09  9.64  9.90  9.60  8.15  7.14  4.33  1.61  0.69  0.51  0.20  0.04  0.04  0.04  0.04  0.04  0.04  0.03
 8  25  0.04  0.11  0.18  0.36  0.72  1.07  1.75  3.31  4.95  6.14  8.05  9.46  9.70  9.36  7.95  6.98  4.31  1.74  0.72  0.54  0.21  0.06  0.04  0.04  0.05  0.05  0.04  0.03
 8  30  0.04  0.11  0.18  0.36  0.72  1.07  1.75  3.33  4.97  6.18  8.04  9.33  9.49  9.12  7.77  6.85  4.31  1.85  0.76  0.57  0.23  0.08  0.05  0.05  0.05  0.05  0.04  0.04
 8  35  0.04  0.11  0.18  0.36  0.72  1.07  1.74  3.29  4.90  6.08  7.89  9.11  9.23  8.83  7.56  6.69  4.32  1.94  0.89  0.69  0.32  0.10  0.06  0.05  0.05  0.05  0.04  0.04
 8  40  0.04  0.11  0.18  0.36  0.71  1.05  1.72  3.25  4.83  5.99  7.78  8.89  8.95  8.54  7.33  6.50  4.30  2.05  1.01  0.79  0.41  0.14  0.08  0.06  0.06  0.05  0.05  0.04
 8  45  0.04  0.11  0.18  0.35  0.70  1.03  1.68  3.17  4.70  5.85  7.62  8.65  8.66  8.17  6.97  6.20  4.22  2.22  1.18  0.95  0.54  0.25  0.12  0.08  0.06  0.05  0.05  0.04
 8  50  0.03  0.10  0.17  0.34  0.68  1.01  1.64  3.12  4.62  5.76  7.50  8.44  8.38  7.82  6.65  5.89  4.14  2.39  1.36  1.11  0.69  0.35  0.20  0.11  0.08  0.06  0.05  0.04
 8  55  0.03  0.10  0.16  0.33  0.65  0.97  1.59  3.05  4.50  5.61  7.36  8.23  8.07  7.43  6.26  5.51  3.94  2.50  1.49  1.22  0.79  0.40  0.24  0.14  0.09  0.06  0.05  0.04
 8  60  0.03  0.10  0.16  0.32  0.64  0.96  1.58  3.04  4.59  5.74  7.40  8.07  7.79  6.99  5.91  5.25  3.81  2.67  1.68  1.37  0.87  0.45  0.28  0.16  0.10  0.06  0.05  0.04
 8  65  0.03  0.10  0.16  0.32  0.63  0.94  1.54  2.98  4.50  5.61  7.11  7.56  7.16  6.32  5.33  4.72  3.61  2.70  1.78  1.45  0.95  0.50  0.33  0.20  0.10  0.06  0.05  0.04
 8  70  0.03  0.09  0.16  0.31  0.62  0.92  1.51  2.91  4.38  5.43  6.76  7.00  6.52  5.66  4.75  4.20  3.40  2.73  1.87  1.54  1.03  0.55  0.37  0.22  0.11  0.07  0.05  0.04
 8  75  0.03  0.09  0.15  0.31  0.61  0.91  1.49  2.88  4.33  5.32  6.39  6.37  5.80  4.98  4.30  3.91  3.41  2.76  1.92  1.58  1.07  0.58  0.39  0.23  0.12  0.07  0.05  0.04
 8  80  0.03  0.09  0.15  0.30  0.60  0.90  1.48  2.85  4.30  5.25  6.07  5.77  5.11  4.31  3.85  3.60  3.41  2.79  1.96  1.63  1.11  0.61  0.40  0.24  0.13  0.07  0.06  0.04
 8  85  0.03  0.09  0.15  0.30  0.60  0.90  1.48  2.86  4.33  5.25  6.02  5.70  5.07  4.30  3.87  3.63  3.44  2.80  1.97  1.63  1.11  0.61  0.41  0.24  0.14  0.07  0.06  0.05
 8  90  0.03  0.09  0.15  0.30  0.60  0.89  1.46  2.83  4.27  5.19  5.91  5.56  4.92  4.19  3.80  3.57  3.35  2.74  1.96  1.62  1.12  0.63  0.42  0.23  0.14  0.08  0.06  0.05
 9 -90  0.04  0.13  0.22  0.43  0.83  1.21  1.91  3.26  4.64  5.54  6.01  6.36  6.15  5.79  5.24  4.58  2.93  2.15  1.63  1.39  0.96  0.45  0.11  0.06  0.04  0.03  0.03  0.03
 9 -85  0.04  0.13  0.22  0.43  0.84  1.23  1.93  3.32  4.87  5.92  6.56  6.73  6.45  5.98  5.31  4.74  3.28  2.44  1.74  1.45  0.98  0.45  0.12  0.06  0.04  0.03  0.03  0.03
 9 -80  0.04  0.13  0.22  0.43  0.84  1.23  1.94  3.33  4.96  6.07  6.76  6.88  6.52  6.01  5.33  4.78  3.39  2.55  1.81  1.50  1.00  0.46  0.14  0.06  0.05  0.03  0.03  0.03
 9 -75  0.04  0.13  0.21  0.42  0.82  1.20  1.91  3.37  5.03  6.19  7.20  7.36  6.94  6.33  5.54  5.02  3.69  2.81  1.99  1.65  1.10  0.49  0.17  0.07  0.05  0.04  0.03  0.03
 9 -70  0.04  0.12  0.20  0.40  0.79  1.17  1.87  3.37  5.00  6.16  7.49  7.74  7.31  6.62  5.65  5.07  3.85  2.99  2.15  1.79  1.20  0.54  0.19  0.08  0.05  0.04  0.03  0.03
 9 -65  0.04  0.12  0.20  0.40  0.78  1.16  1.87  3.46  5.13  6.33  7.76  8.09  7.73  7.03  6.10  5.57  4.34  3.30  2.32  1.94  1.30  0.58  0.26  0.09  0.05  0.04  0.03  0.03
 9 -60  0.04  0.12  0.20  0.40  0.79  1.17  1.90  3.55  5.30  6.54  8.03  8.40  8.04  7.31  6.55  6.11  4.79  3.48  2.37  2.00  1.35  0.63  0.30  0.09  0.06  0.04  0.03  0.03
 9 -55  0.04  0.12  0.20  0.41  0.81  1.20  1.96  3.72  5.59  6.87  8.31  8.64  8.26  7.62  6.81  6.29  5.01  3.49  2.31  1.93  1.25  0.62  0.31  0.10  0.06  0.04  0.03  0.03
 9 -50  0.04  0.12  0.21  0.41  0.82  1.21  1.99  3.82  5.74  7.07  8.53  8.93  8.58  7.89  7.07  6.54  5.33  3.54  2.18  1.80  1.12  0.59  0.31  0.10  0.06  0.04  0.04  0.03
 9 -45  0.04  0.12  0.21  0.41  0.82  1.21  1.97  3.73  5.66  7.03  8.56  9.06  8.72  7.96  7.00  6.39  5.19  3.32  1.97  1.60  0.97  0.54  0.30  0.09  0.06  0.04  0.04  0.03
 9 -40  0.04  0.12  0.21  0.41  0.81  1.20  1.95  3.67  5.62  6.99  8.64  9.23  8.92  8.13  7.01  6.28  5.06  3.12  1.78  1.43  0.83  0.48  0.29  0.09  0.06  0.04  0.04  0.04
 9 -35  0.04  0.12  0.20  0.39  0.78  1.16  1.88  3.55  5.45  6.81  8.60  9.34  9.10  8.33  7.09  6.29  4.92  2.73  1.42  1.11  0.59  0.34  0.23  0.09  0.06  0.05  0.04  0.04
 9 -30  0.04  0.11  0.19  0.38  0.75  1.11  1.82  3.43  5.26  6.59  8.52  9.45  9.28  8.55  7.18  6.30  4.77  2.34  1.09  0.83  0.38  0.21  0.10  0.07  0.06  0.05  0.04  0.04
 9 -25  0.04  0.11  0.19  0.38  0.75  1.10  1.79  3.31  5.07  6.35  8.35  9.58  9.52  8.85  7.42  6.47  4.67  2.06  0.85  0.65  0.29  0.08  0.05  0.05  0.05  0.05  0.05  0.04
 9 -20  0.04  0.11  0.19  0.37  0.73  1.08  1.75  3.22  4.87  6.09  8.11  9.68  9.80  9.13  7.61  6.62  4.57  1.80  0.64  0.49  0.20  0.05  0.04  0.04  0.04  0.04  0.05  0.04
 9 -15  0.04  0.11  0.18  0.36  0.70  1.04  1.70  3.18  4.73  5.88  7.85  9.63  9.98  9.46  7.80  6.80  4.26  1.51  0.55  0.41  0.17  0.04  0.03  0.03  0.03  0.04  0.04  0.04
 9 -10  0.04  0.11  0.18  0.35  0.69  1.02  1.67  3.15  4.62  5.71  7.70  9.61 10.21  9.94  8.12  7.02  3.89  1.22  0.45  0.34  0.14  0.03  0.03  0.03  0.03  0.04  0.04  0.04
 9  -5  0.04  0.11  0.17  0.35  0.69  1.02  1.66  3.11  4.55  5.63  7.62  9.57 10.35 10.26  8.25  7.01  3.78  1.17  0.45  0.34  0.14  0.03  0.03  0.03  0.03  0.03  0.04  0.03
 9   0  0.03  0.10  0.17  0.33  0.66  0.98  1.61  3.12  4.55  5.60  7.64  9.69 10.55 10.59  8.44  7.06  3.73  1.12  0.44  0.34  0.14  0.03  0.03  0.03  0.03  0.03  0.03  0.03
 9   5  0.03  0.10  0.17  0.34  0.68  1.01  1.65  3.13  4.59  5.65  7.68  9.69 10.48 10.52  8.57  7.28  4.02  1.26  0.51  0.39  0.15  0.03  0.03  0.03  0.03  0.03  0.03  0.03
 9  10  0.03  0.10  0.17  0.34  0.68  1.01  1.66  3.17  4.66  5.75  7.77  9.74 10.43 10.42  8.67  7.47  4.29  1.40  0.58  0.43  0.16  0.03  0.03  0.03  0.03  0.03  0.03  0.03
 9  15  0.04  0.11  0.18  0.35  0.69  1.03  1.68  3.19  4.77  5.89  7.89  9.66 10.15 10.00  8.42  7.32  4.27  1.44  0.59  0.43  0.16  0.03  0.03  0.03  0.03  0.04  0.03  0.03
 9  20  0.04  0.11  0.18  0.36  0.71  1.06  1.72  3.21  4.83  6.01  8.01  9.62  9.93  9.66  8.19  7.15  4.26  1.47  0.60  0.44  0.16  0.04  0.03  0.03  0.04  0.04  0.04  0.03
 9  25  0.04  0.11  0.18  0.36  0.71  1.05  1.72  3.27  4.92  6.13  8.04  9.45  9.68  9.34  8.06  7.15  4.31  1.56  0.62  0.46  0.17  0.05  0.04  0.04  0.04  0.04  0.04  0.04
 9  30  0.04  0.11  0.18  0.36  0.72  1.06  1.74  3.30  5.00  6.25  8.11  9.31  9.41  9.03  7.92  7.15  4.36  1.63  0.65  0.48  0.18  0.07  0.05  0.04  0.04  0.04  0.04  0.04
 9  35  0.04  0.11  0.18  0.37  0.72  1.08  1.76  3.33  5.04  6.29  8.08  9.09  9.10  8.66  7.53  6.76  4.28  1.82  0.84  0.63  0.28  0.08  0.06  0.05  0.05  0.05  0.04  0.04
 9  40  0.04  0.11  0.19  0.37  0.73  1.08  1.77  3.35  5.09  6.35  8.08  8.88  8.77  8.29  7.14  6.35  4.18  2.01  1.02  0.78  0.37  0.12  0.08  0.06  0.05  0.05  0.04  0.04
 9  45  0.04  0.11  0.19  0.37  0.74  1.10  1.78  3.36  5.12  6.40  8.07  8.66  8.41  7.83  6.74  6.03  4.15  2.20  1.18  0.93  0.50  0.22  0.11  0.08  0.06  0.05  0.04  0.04
 9  50  0.04  0.11  0.19  0.38  0.74  1.10  1.80  3.39  5.19  6.49  8.08  8.43  8.06  7.38  6.39  5.75  4.11  2.37  1.36  1.10  0.65  0.29  0.17  0.10  0.07  0.05  0.04  0.04
 9  55  0.04  0.11  0.19  0.37  0.73  1.09  1.79  3.43  5.22  6.53  8.03  8.19  7.69  6.93  5.97  5.35  3.97  2.47  1.50  1.22  0.75  0.35  0.21  0.13  0.08  0.05  0.05  0.04
 9  60  0.04  0.11  0.19  0.38  0.75  1.11  1.83  3.53  5.48  6.82  8.16  8.02  7.35  6.45  5.60  5.08  3.91  2.63  1.69  1.38  0.86  0.42  0.25  0.16  0.09  0.06  0.05  0.04
 9  65  0.04  0.12  0.19  0.39  0.77  1.14  1.87  3.61  5.55  6.83  7.88  7.49  6.75  5.85  5.05  4.56  3.71  2.64  1.81  1.48  0.95  0.48  0.30  0.18  0.10  0.05  0.04  0.04
 9  70  0.04  0.12  0.20  0.40  0.78  1.17  1.92  3.69  5.59  6.79  7.55  6.95  6.16  5.26  4.51  4.03  3.49  2.64  1.91  1.58  1.04  0.54  0.34  0.20  0.10  0.06  0.04  0.04
 9  75  0.04  0.12  0.20  0.40  0.80  1.19  1.95  3.75  5.38  6.36  6.73  6.13  5.49  4.76  4.30  4.02  3.47  2.66  1.92  1.59  1.06  0.54  0.35  0.21  0.11  0.06  0.05  0.04
 9  80  0.04  0.12  0.21  0.41  0.81  1.21  1.98  3.81  5.13  5.87  5.89  5.31  4.81  4.26  4.08  3.99  3.43  2.67  1.93  1.60  1.07  0.55  0.36  0.22  0.11  0.06  0.05  0.04
 9  85  0.04  0.12  0.21  0.41  0.82  1.22  2.00  3.84  5.06  5.74  5.75  5.25  4.79  4.25  4.09  4.02  3.45  2.68  1.94  1.60  1.07  0.55  0.36  0.22  0.12  0.06  0.05  0.04
 9  90  0.04  0.12  0.20  0.41  0.81  1.20  1.97  3.78  4.93  5.58  5.57  5.09  4.64  4.14  3.99  3.94  3.35  2.61  1.92  1.59  1.07  0.57  0.37  0.22  0.12  0.06  0.05  0.04
10 -90  0.03  0.10  0.17  0.34  0.68  1.00  1.62  3.01  4.39  5.38  6.97  7.75  7.49  6.65  5.85  5.47  4.12  2.10  1.64  1.47  1.05  0.52  0.12  0.06  0.05  0.03  0.03  0.03
10 -85  0.03  0.10  0.17  0.34  0.68  1.00  1.63  3.02  4.37  5.32  6.85  7.62  7.42  6.67  5.86  5.49  4.35  2.39  1.64  1.40  0.95  0.51  0.13  0.06  0.05  0.04  0.03  0.03
10 -80  0.03  0.10  0.17  0.34  0.67  0.99  1.60  2.97  4.32  5.28  6.83  7.61  7.43  6.70  5.81  5.40  4.30  2.42  1.68  1.43  0.98  0.52  0.14  0.06  0.05  0.03  0.03  0.03
10 -75  0.03  0.10  0.17  0.34  0.67  0.99  1.60  2.97  4.35  5.34  6.93  7.84  7.75  7.08  6.29  5.88  4.61  2.78  1.91  1.62  1.09  0.56  0.26  0.06  0.05  0.04  0.03  0.03
10 -70  0.03  0.10  0.17  0.34  0.67  0.99  1.60  2.99  4.40  5.42  7.02  8.02  7.98  7.38  6.71  6.28  4.77  3.02  2.08  1.77  1.19  0.62  0.29  0.07  0.05  0.04  0.03  0.03
10 -65  0.03  0.10  0.17  0.35  0.68  1.01  1.65  3.10  4.61  5.70  7.31  8.28  8.22  7.63  7.10  6.72  5.07  3.28  2.24  1.91  1.28  0.65  0.31  0.08  0.05  0.04  0.03  0.03
10 -60  0.04  0.11  0.18  0.36  0.70  1.04  1.70  3.22  4.84  6.01  7.63  8.56  8.48  7.87  7.48  7.22  5.43  3.50  2.31  1.95  1.29  0.66  0.32  0.09  0.06  0.04  0.03  0.03
10 -55  0.04  0.11  0.18  0.36  0.72  1.07  1.75  3.32  5.07  6.29  7.91  8.76  8.62  8.08  7.41  6.96  5.36  3.49  2.27  1.89  1.20  0.62  0.31  0.18  0.06  0.04  0.03  0.03
10 -50  0.04  0.11  0.18  0.36  0.72  1.07  1.76  3.36  5.16  6.42  8.15  9.01  8.86  8.23  7.32  6.73  5.36  3.52  2.23  1.83  1.13  0.56  0.30  0.17  0.06  0.04  0.04  0.03
10 -45  0.04  0.11  0.18  0.36  0.71  1.06  1.73  3.31  5.10  6.41  8.24  9.19  9.04  8.30  7.39  6.81  5.42  3.47  2.09  1.69  1.01  0.52  0.29  0.09  0.06  0.04  0.04  0.03
10 -40  0.04  0.11  0.18  0.36  0.71  1.05  1.72  3.29  5.07  6.37  8.33  9.40  9.27  8.47  7.53  6.94  5.50  3.44  1.99  1.59  0.92  0.47  0.27  0.09  0.06  0.05  0.04  0.04
10 -35  0.04  0.11  0.18  0.35  0.70  1.04  1.70  3.25  4.98  6.27  8.32  9.53  9.47  8.70  7.58  6.87  5.20  2.86  1.48  1.17  0.63  0.33  0.16  0.08  0.06  0.05  0.04  0.04
10 -30  0.03  0.10  0.17  0.35  0.69  1.02  1.68  3.21  4.88  6.13  8.25  9.64  9.68  8.97  7.64  6.79  4.88  2.27  0.99  0.76  0.36  0.16  0.10  0.07  0.06  0.05  0.05  0.04
10 -25  0.04  0.11  0.18  0.35  0.70  1.03  1.68  3.16  4.78  5.98  8.08  9.71  9.88  9.28  7.78  6.81  4.58  1.90  0.77  0.58  0.26  0.09  0.06  0.05  0.05  0.05  0.05  0.04
10 -20  0.04  0.11  0.17  0.35  0.69  1.02  1.66  3.13  4.67  5.82  7.87  9.73 10.08  9.56  7.89  6.81  4.30  1.52  0.56  0.42  0.16  0.05  0.04  0.04  0.04  0.04  0.05  0.04
10 -15  0.03  0.10  0.17  0.34  0.67  0.99  1.62  3.11  4.58  5.67  7.65  9.63 10.14  9.76  8.04  6.99  4.09  1.36  0.49  0.36  0.14  0.04  0.04  0.03  0.04  0.04  0.04  0.04
10 -10  0.03  0.10  0.16  0.33  0.65  0.97  1.60  3.10  4.52  5.58  7.53  9.56 10.28 10.10  8.29  7.19  3.83  1.21  0.42  0.31  0.11  0.04  0.03  0.03  0.03  0.04  0.04  0.04
10  -5  0.03  0.10  0.16  0.33  0.65  0.97  1.60  3.07  4.47  5.51  7.46  9.47 10.31 10.30  8.37  7.19  3.73  1.17  0.39  0.30  0.11  0.03  0.03  0.03  0.03  0.03  0.03  0.03
10   0  0.03  0.10  0.16  0.32  0.64  0.96  1.58  3.08  4.49  5.50  7.46  9.51 10.40 10.54  8.53  7.24  3.68  1.13  0.37  0.29  0.11  0.03  0.03  0.03  0.03  0.03  0.03  0.03
10   5  0.03  0.10  0.17  0.33  0.66  0.99  1.62  3.09  4.53  5.55  7.47  9.44 10.28 10.45  8.55  7.31  3.93  1.23  0.45  0.34  0.12  0.03  0.03  0.03  0.03  0.03  0.03  0.02
10  10  0.03  0.10  0.17  0.34  0.67  1.00  1.64  3.14  4.59  5.63  7.54  9.44 10.19 10.30  8.54  7.34  4.15  1.34  0.53  0.39  0.13  0.03  0.03  0.03  0.03  0.03  0.03  0.03
10  15  0.03  0.10  0.17  0.34  0.68  1.02  1.66  3.16  4.68  5.75  7.64  9.35  9.91  9.86  8.26  7.14  4.12  1.38  0.54  0.40  0.13  0.03  0.03  0.03  0.03  0.04  0.04  0.03
10  20  0.04  0.11  0.18  0.36  0.70  1.04  1.70  3.18  4.74  5.87  7.74  9.32  9.69  9.50  8.01  6.93  4.10  1.42  0.56  0.41  0.14  0.04  0.03  0.03  0.03  0.04  0.04  0.04
10  25  0.04  0.11  0.18  0.35  0.70  1.05  1.71  3.28  4.91  6.09  7.89  9.17  9.39  9.10  7.85  6.93  4.17  1.48  0.59  0.43  0.16  0.05  0.04  0.04  0.04  0.04  0.04  0.04
10  30  0.04  0.11  0.18  0.37  0.72  1.07  1.76  3.33  5.08  6.33  8.07  9.06  9.08  8.69  7.64  6.91  4.24  1.55  0.61  0.45  0.17  0.07  0.05  0.04  0.04  0.04  0.04  0.04
10  35  0.04  0.11  0.19  0.38  0.75  1.12  1.82  3.45  5.30  6.61  8.19  8.81  8.64  8.13  7.15  6.49  4.20  1.76  0.83  0.63  0.29  0.09  0.06  0.05  0.05  0.04  0.04  0.04
10  40  0.04  0.12  0.20  0.39  0.78  1.16  1.88  3.56  5.52  6.89  8.32  8.57  8.20  7.61  6.72  6.10  4.18  1.99  1.04  0.80  0.40  0.19  0.08  0.06  0.05  0.05  0.04  0.04
10  45  0.04  0.13  0.21  0.42  0.82  1.22  1.98  3.71  5.76  7.16  8.37  8.32  7.82  7.20  6.43  5.92  4.26  2.24  1.23  0.98  0.54  0.24  0.14  0.08  0.06  0.05  0.04  0.04
10  50  0.04  0.13  0.22  0.43  0.86  1.27  2.07  3.90  6.00  7.40  8.38  8.05  7.46  6.81  6.17  5.74  4.31  2.47  1.44  1.16  0.69  0.29  0.16  0.11  0.07  0.05  0.04  0.04
10  55  0.04  0.13  0.22  0.45  0.88  1.31  2.14  4.07  6.10  7.43  8.22  7.79  7.15  6.49  5.88  5.46  4.26  2.55  1.56  1.27  0.78  0.35  0.20  0.14  0.08  0.05  0.04  0.04
10  60  0.05  0.14  0.23  0.47  0.92  1.37  2.25  4.30  6.39  7.70  8.26  7.60  6.89  6.13  5.61  5.28  4.28  2.68  1.72  1.40  0.87  0.41  0.25  0.16  0.09  0.05  0.04  0.04
10  65  0.05  0.14  0.24  0.48  0.95  1.41  2.31  4.39  6.28  7.46  7.83  7.14  6.45  5.71  5.23  4.91  4.06  2.72  1.87  1.54  1.00  0.47  0.28  0.18  0.09  0.05  0.04  0.04
10  70  0.05  0.15  0.25  0.49  0.97  1.44  2.35  4.46  6.14  7.21  7.42  6.70  6.02  5.29  4.82  4.53  3.82  2.75  2.01  1.67  1.12  0.52  0.30  0.19  0.09  0.05  0.04  0.04
10  75  0.05  0.15  0.24  0.49  0.96  1.43  2.33  4.41  5.72  6.54  6.71  6.17  5.60  4.94  4.48  4.21  3.68  2.78  2.07  1.72  1.17  0.55  0.32  0.20  0.09  0.05  0.04  0.04
10  80  0.05  0.15  0.24  0.48  0.95  1.41  2.30  4.34  5.30  5.87  6.00  5.63  5.18  4.58  4.14  3.89  3.54  2.80  2.11  1.77  1.22  0.57  0.33  0.21  0.10  0.05  0.04  0.04
10  85  0.05  0.14  0.24  0.48  0.94  1.40  2.28  4.31  5.27  5.85  6.00  5.67  5.22  4.61  4.15  3.90  3.55  2.81  2.12  1.78  1.22  0.57  0.33  0.21  0.13  0.05  0.04  0.04
10  90  0.05  0.14  0.24  0.48  0.94  1.40  2.28  4.30  5.21  5.76  5.91  5.58  5.14  4.52  4.04  3.78  3.46  2.76  2.11  1.77  1.21  0.59  0.33  0.20  0.12  0.06  0.04  0.04
11 -90  0.03  0.09  0.14  0.28  0.56  0.83  1.36  2.56  3.79  4.69  6.19  7.10  7.45  7.37  7.02  6.66  5.41  3.37  2.45  2.16  1.49  0.67  0.30  0.17  0.05  0.04  0.03  0.02
11 -85  0.03  0.09  0.15  0.29  0.57  0.85  1.38  2.62  3.87  4.77  6.27  7.22  7.40  7.14  6.77  6.50  5.49  3.52  2.43  2.06  1.36  0.64  0.31  0.07  0.05  0.04  0.03  0.02
11 -80  0.03  0.09  0.15  0.29  0.57  0.85  1.39  2.63  3.87  4.76  6.26  7.21  7.35  7.04  6.69  6.43  5.39  3.47  2.42  2.06  1.38  0.65  0.31  0.18  0.05  0.03  0.03  0.02
11 -75  0.03  0.09  0.15  0.29  0.58  0.86  1.41  2.67  3.93  4.83  6.30  7.33  7.47  7.11  6.89  6.73  5.51  3.51  2.46  2.11  1.44  0.69  0.33  0.19  0.05  0.03  0.03  0.02
11 -70  0.03  0.09  0.15  0.30  0.59  0.87  1.42  2.70  3.97  4.91  6.37  7.47  7.60  7.19  7.07  7.00  5.58  3.48  2.43  2.10  1.46  0.74  0.35  0.20  0.05  0.03  0.03  0.02
11 -65  0.03  0.09  0.15  0.30  0.60  0.89  1.46  2.76  4.10  5.09  6.65  7.77  7.86  7.37  7.18  7.09  5.52  3.46  2.36  2.03  1.40  0.74  0.36  0.20  0.06  0.04  0.03  0.03
11 -60  0.03  0.09  0.16  0.31  0.62  0.91  1.49  2.83  4.23  5.27  6.92  8.07  8.13  7.57  7.32  7.21  5.51  3.45  2.26  1.90  1.26  0.71  0.36  0.19  0.06  0.04  0.03  0.03
11 -55  0.03  0.10  0.16  0.32  0.63  0.94  1.54  2.91  4.40  5.46  7.17  8.38  8.43  7.92  7.24  6.83  5.27  3.34  2.12  1.75  1.07  0.60  0.32  0.18  0.06  0.04  0.03  0.03
11 -50  0.03  0.10  0.16  0.32  0.64  0.94  1.54  2.94  4.43  5.50  7.35  8.72  8.82  8.20  7.14  6.46  5.05  3.25  1.99  1.61  0.94  0.49  0.28  0.10  0.06  0.04  0.03  0.03
11 -45  0.03  0.10  0.16  0.32  0.63  0.93  1.53  2.93  4.41  5.51  7.46  8.97  9.14  8.45  7.28  6.53  5.07  3.17  1.88  1.50  0.85  0.44  0.25  0.09  0.06  0.04  0.04  0.03
11 -40  0.03  0.09  0.16  0.31  0.62  0.93  1.53  2.96  4.41  5.51  7.55  9.23  9.47  8.79  7.48  6.65  5.10  3.10  1.77  1.40  0.77  0.40  0.23  0.08  0.06  0.05  0.04  0.03
11 -35  0.03  0.10  0.16  0.32  0.63  0.94  1.55  2.99  4.46  5.56  7.64  9.40  9.71  9.09  7.64  6.71  4.79  2.55  1.31  1.02  0.53  0.29  0.12  0.07  0.06  0.05  0.04  0.04
11 -30  0.03  0.10  0.16  0.32  0.64  0.95  1.57  3.04  4.50  5.59  7.68  9.52  9.91  9.41  7.81  6.77  4.48  2.01  0.85  0.65  0.30  0.15  0.09  0.06  0.05  0.05  0.04  0.04
11 -25  0.03  0.10  0.17  0.33  0.65  0.97  1.60  3.05  4.54  5.63  7.68  9.60 10.05  9.66  7.92  6.74  4.24  1.77  0.68  0.51  0.22  0.09  0.06  0.05  0.05  0.05  0.05  0.04
11 -20  0.03  0.10  0.17  0.33  0.65  0.98  1.60  3.10  4.57  5.67  7.68  9.66 10.18  9.87  7.99  6.68  4.01  1.52  0.53  0.39  0.15  0.06  0.04  0.04  0.04  0.05  0.04  0.04
11 -15  0.03  0.10  0.16  0.33  0.65  0.97  1.60  3.11  4.58  5.68  7.65  9.63 10.19  9.98  8.12  6.88  3.88  1.35  0.47  0.35  0.14  0.05  0.04  0.04  0.04  0.04  0.04  0.04
11 -10  0.03  0.10  0.16  0.32  0.64  0.96  1.59  3.16  4.63  5.72  7.70  9.62 10.29 10.19  8.31  7.08  3.74  1.18  0.40  0.31  0.13  0.04  0.03  0.03  0.03  0.04  0.04  0.03
11  -5  0.03  0.10  0.16  0.32  0.65  0.97  1.60  3.16  4.63  5.72  7.66  9.50 10.21 10.19  8.29  7.05  3.62  1.11  0.38  0.30  0.13  0.03  0.03  0.03  0.03  0.03  0.03  0.03
11   0  0.03  0.10  0.17  0.33  0.66  0.98  1.62  3.16  4.67  5.74  7.68  9.47 10.17 10.26  8.34  7.06  3.54  1.04  0.36  0.28  0.12  0.03  0.03  0.03  0.03  0.03  0.03  0.03
11   5  0.03  0.10  0.17  0.34  0.67  1.00  1.64  3.17  4.66  5.72  7.57  9.29 10.01 10.14  8.32  7.09  3.75  1.13  0.39  0.31  0.12  0.03  0.03  0.03  0.03  0.03  0.03  0.03
11  10  0.03  0.10  0.17  0.34  0.68  1.01  1.66  3.18  4.67  5.73  7.52  9.16  9.82  9.95  8.26  7.10  3.95  1.22  0.44  0.34  0.12  0.03  0.03  0.03  0.03  0.03  0.03  0.03
11  15  0.03  0.10  0.17  0.35  0.69  1.02  1.67  3.20  4.76  5.85  7.58  9.01  9.48  9.46  7.98  6.89  3.89  1.27  0.46  0.34  0.12  0.04  0.03  0.03  0.03  0.04  0.04  0.04
11  20  0.04  0.11  0.18  0.36  0.71  1.05  1.71  3.22  4.82  5.95  7.63  8.91  9.20  9.06  7.70  6.68  3.84  1.30  0.47  0.35  0.12  0.04  0.03  0.03  0.04  0.04  0.04  0.04
11  25  0.04  0.11  0.18  0.36  0.71  1.06  1.74  3.35  5.05  6.25  7.81  8.73  8.84  8.60  7.47  6.62  3.97  1.40  0.54  0.40  0.16  0.05  0.04  0.04  0.04  0.04  0.04  0.04
11  30  0.04  0.11  0.19  0.38  0.75  1.11  1.82  3.45  5.29  6.57  8.02  8.59  8.48  8.11  7.22  6.58  4.10  1.53  0.62  0.47  0.20  0.07  0.05  0.04  0.04  0.04  0.04  0.04
11  35  0.04  0.12  0.20  0.41  0.80  1.19  1.94  3.66  5.63  6.96  8.15  8.35  8.06  7.57  6.87  6.38  4.34  1.87  0.89  0.68  0.33  0.15  0.07  0.05  0.05  0.04  0.04  0.04
11  40  0.04  0.13  0.22  0.43  0.85  1.26  2.06  3.88  5.97  7.35  8.28  8.10  7.65  7.11  6.57  6.17  4.58  2.23  1.16  0.90  0.47  0.20  0.11  0.07  0.06  0.05  0.04  0.04
11  45  0.05  0.14  0.23  0.46  0.91  1.35  2.20  4.13  6.25  7.59  8.24  7.85  7.33  6.79  6.40  6.13  4.70  2.46  1.38  1.10  0.62  0.28  0.17  0.10  0.07  0.05  0.04  0.04
11  50  0.05  0.15  0.25  0.49  0.97  1.44  2.34  4.38  6.48  7.79  8.20  7.61  7.04  6.51  6.26  6.07  4.78  2.67  1.61  1.31  0.79  0.36  0.20  0.13  0.08  0.05  0.04  0.04
11  55  0.05  0.15  0.25  0.51  1.00  1.48  2.41  4.53  6.39  7.59  7.91  7.39  6.85  6.34  6.04  5.83  4.66  2.74  1.72  1.43  0.94  0.43  0.23  0.15  0.08  0.05  0.04  0.04
11  60  0.05  0.16  0.26  0.51  1.02  1.51  2.48  4.71  6.49  7.63  7.82  7.25  6.70  6.13  5.85  5.68  4.59  2.87  1.87  1.57  1.08  0.49  0.26  0.16  0.08  0.05  0.04  0.04
11  65  0.05  0.15  0.25  0.50  0.99  1.47  2.40  4.55  6.21  7.30  7.60  7.18  6.68  6.07  5.64  5.37  4.51  2.99  2.08  1.77  1.26  0.58  0.30  0.19  0.09  0.05  0.04  0.04
11  70  0.05  0.15  0.25  0.49  0.97  1.44  2.33  4.36  5.93  6.97  7.39  7.10  6.64  6.01  5.42  5.06  4.43  3.10  2.27  1.96  1.45  0.67  0.34  0.21  0.09  0.05  0.04  0.04
11  75  0.05  0.15  0.24  0.48  0.95  1.40  2.27  4.19  5.63  6.58  6.96  6.51  5.92  5.22  4.64  4.30  3.90  3.03  2.21  1.90  1.38  0.63  0.32  0.19  0.09  0.05  0.04  0.04
11  80  0.05  0.14  0.24  0.47  0.93  1.37  2.21  4.03  5.35  6.19  6.51  5.89  5.17  4.42  3.86  3.54  3.37  2.96  2.14  1.83  1.31  0.59  0.29  0.18  0.10  0.05  0.04  0.04
11  85  0.05  0.14  0.24  0.47  0.93  1.37  2.21  4.02  5.32  6.16  6.51  5.92  5.20  4.44  3.89  3.56  3.38  2.97  2.14  1.83  1.31  0.59  0.29  0.17  0.10  0.05  0.04  0.04
11  90  0.05  0.14  0.24  0.47  0.93  1.38  2.22  4.04  5.32  6.14  6.48  5.85  5.14  4.36  3.75  3.43  3.29  2.91  2.12  1.81  1.30  0.59  0.29  0.17  0.10  0.05  0.04  0.04
12 -90  0.03  0.08  0.13  0.25  0.50  0.75  1.21  2.26  3.45  4.34  5.96  6.79  6.56  5.85  5.67  5.72  5.29  4.19  2.96  2.56  1.79  0.81  0.40  0.22  0.10  0.04  0.03  0.02
12 -85  0.03  0.08  0.13  0.26  0.50  0.75  1.21  2.27  3.46  4.34  5.92  6.83  6.64  5.91  5.53  5.43  5.03  4.04  2.83  2.41  1.64  0.76  0.41  0.23  0.10  0.04  0.03  0.02
12 -80  0.03  0.08  0.13  0.26  0.51  0.75  1.22  2.28  3.46  4.33  5.89  6.82  6.64  5.91  5.51  5.38  4.97  3.97  2.77  2.37  1.61  0.75  0.41  0.23  0.10  0.04  0.03  0.02
12 -75  0.03  0.08  0.13  0.26  0.52  0.77  1.26  2.36  3.53  4.39  5.89  6.90  6.81  6.11  5.67  5.50  5.00  3.86  2.67  2.28  1.55  0.74  0.41  0.22  0.06  0.04  0.03  0.02
12 -70  0.03  0.08  0.14  0.27  0.54  0.79  1.29  2.44  3.59  4.44  5.91  6.99  6.99  6.32  5.86  5.65  5.03  3.72  2.52  2.14  1.46  0.72  0.40  0.21  0.06  0.04  0.03  0.02
12 -65  0.03  0.08  0.14  0.28  0.55  0.82  1.33  2.52  3.69  4.56  6.08  7.31  7.41  6.81  6.26  5.97  5.03  3.52  2.30  1.94  1.31  0.66  0.37  0.20  0.06  0.04  0.03  0.02
12 -60  0.03  0.09  0.14  0.29  0.57  0.84  1.38  2.59  3.79  4.69  6.29  7.66  7.86  7.32  6.68  6.30  5.07  3.34  2.11  1.75  1.14  0.60  0.34  0.18  0.07  0.04  0.03  0.02
12 -55  0.03  0.09  0.15  0.30  0.59  0.88  1.43  2.69  3.97  4.87  6.51  8.03  8.36  7.98  7.08  6.49  4.96  3.09  1.89  1.55  0.94  0.52  0.29  0.16  0.07  0.04  0.03  0.03
12 -50  0.03  0.09  0.15  0.30  0.60  0.89  1.45  2.75  4.01  4.92  6.68  8.42  8.89  8.51  7.39  6.65  4.84  2.83  1.64  1.33  0.78  0.44  0.24  0.10  0.06  0.04  0.03  0.03
12 -45  0.03  0.09  0.15  0.30  0.60  0.89  1.46  2.79  4.08  5.03  6.87  8.72  9.27  8.89  7.42  6.41  4.60  2.62  1.49  1.20  0.68  0.37  0.20  0.08  0.06  0.04  0.04  0.03
12 -40  0.03  0.09  0.15  0.30  0.60  0.90  1.48  2.88  4.16  5.13  7.04  8.98  9.61  9.29  7.45  6.20  4.38  2.40  1.33  1.06  0.58  0.31  0.12  0.07  0.05  0.04  0.04  0.03
12 -35  0.03  0.09  0.16  0.31  0.62  0.92  1.52  2.95  4.31  5.32  7.29  9.21  9.78  9.45  7.81  6.68  4.34  2.05  1.01  0.79  0.41  0.19  0.10  0.06  0.05  0.04  0.04  0.04
12 -30  0.03  0.09  0.16  0.31  0.63  0.94  1.55  3.02  4.43  5.48  7.50  9.38  9.92  9.62  8.14  7.13  4.27  1.71  0.70  0.54  0.24  0.13  0.07  0.05  0.05  0.05  0.04  0.04
12 -25  0.03  0.10  0.16  0.33  0.65  0.96  1.59  3.08  4.57  5.67  7.69  9.57 10.06  9.76  8.15  7.03  4.10  1.57  0.58  0.43  0.18  0.08  0.05  0.05  0.04  0.04  0.04  0.04
12 -20  0.03  0.10  0.16  0.33  0.65  0.97  1.61  3.16  4.71  5.85  7.89  9.76 10.21  9.90  8.13  6.90  3.93  1.41  0.47  0.34  0.12  0.06  0.04  0.04  0.04  0.04  0.04  0.04
12 -15  0.03  0.10  0.16  0.33  0.65  0.98  1.62  3.21  4.80  6.00  8.06  9.86 10.28 10.02  8.21  6.99  3.84  1.28  0.41  0.31  0.12  0.04  0.04  0.03  0.04  0.04  0.04  0.04
12 -10  0.03  0.10  0.16  0.33  0.65  0.98  1.64  3.28  4.94  6.16  8.27 10.00 10.46 10.20  8.34  7.09  3.75  1.15  0.36  0.28  0.12  0.04  0.03  0.03  0.03  0.04  0.04  0.03
12  -5  0.03  0.10  0.16  0.33  0.66  0.99  1.65  3.30  4.95  6.19  8.24  9.89 10.34 10.13  8.13  6.81  3.57  1.08  0.34  0.27  0.13  0.03  0.03  0.03  0.03  0.03  0.03  0.03
12   0  0.03  0.10  0.17  0.35  0.69  1.03  1.69  3.28  4.99  6.22  8.26  9.81 10.23 10.08  7.97  6.55  3.41  1.02  0.32  0.27  0.13  0.03  0.03  0.03  0.03  0.03  0.03  0.03
12   5  0.04  0.11  0.17  0.35  0.69  1.03  1.70  3.29  4.96  6.18  8.07  9.53  9.95  9.81  7.95  6.70  3.63  1.12  0.36  0.29  0.13  0.03  0.03  0.03  0.03  0.03  0.03  0.03
12  10  0.04  0.11  0.18  0.35  0.70  1.04  1.71  3.29  4.95  6.14  7.95  9.28  9.63  9.49  7.92  6.84  3.85  1.22  0.41  0.32  0.12  0.04  0.03  0.03  0.03  0.04  0.04  0.04
12  15  0.04  0.11  0.18  0.35  0.70  1.04  1.71  3.29  4.97  6.17  7.91  9.04  9.24  9.00  7.61  6.62  3.81  1.32  0.44  0.34  0.12  0.04  0.04  0.04  0.04  0.04  0.04  0.04
12  20  0.04  0.11  0.18  0.36  0.71  1.06  1.73  3.27  4.97  6.18  7.83  8.83  8.89  8.58  7.32  6.41  3.79  1.38  0.46  0.35  0.12  0.04  0.04  0.04  0.04  0.04  0.04  0.04
12  25  0.04  0.11  0.18  0.36  0.71  1.06  1.74  3.36  5.09  6.34  7.84  8.55  8.50  8.13  7.22  6.56  4.08  1.53  0.58  0.44  0.18  0.05  0.04  0.04  0.04  0.04  0.04  0.04
12  30  0.04  0.11  0.19  0.38  0.75  1.11  1.81  3.42  5.25  6.51  7.86  8.30  8.10  7.68  7.12  6.69  4.35  1.72  0.72  0.55  0.24  0.08  0.06  0.05  0.05  0.04  0.04  0.04
12  35  0.04  0.12  0.20  0.40  0.80  1.18  1.93  3.63  5.52  6.76  7.82  8.00  7.73  7.28  6.95  6.69  4.74  2.12  1.03  0.81  0.43  0.21  0.09  0.06  0.05  0.05  0.04  0.04
12  40  0.04  0.13  0.22  0.43  0.85  1.26  2.06  3.85  5.77  6.97  7.80  7.74  7.38  6.94  6.80  6.67  5.09  2.51  1.35  1.09  0.64  0.31  0.17  0.09  0.06  0.05  0.04  0.04
12  45  0.05  0.14  0.23  0.46  0.91  1.35  2.19  4.10  5.95  7.07  7.67  7.50  7.15  6.75  6.60  6.49  5.09  2.85  1.62  1.32  0.82  0.39  0.21  0.13  0.08  0.05  0.05  0.04
12  50  0.05  0.15  0.25  0.49  0.97  1.43  2.32  4.34  6.08  7.16  7.57  7.30  6.96  6.63  6.44  6.29  5.05  3.17  1.89  1.56  0.99  0.47  0.24  0.15  0.08  0.05  0.05  0.04
12  55  0.05  0.15  0.25  0.49  0.97  1.44  2.33  4.36  5.85  6.85  7.30  7.23  6.95  6.62  6.25  6.00  4.86  3.19  2.03  1.70  1.15  0.55  0.28  0.16  0.08  0.05  0.05  0.04
12  60  0.05  0.15  0.25  0.49  0.97  1.44  2.34  4.40  5.83  6.79  7.24  7.24  6.97  6.56  6.10  5.80  4.72  3.27  2.21  1.87  1.30  0.62  0.31  0.18  0.09  0.05  0.05  0.04
12  65  0.05  0.15  0.25  0.50  0.98  1.44  2.32  4.27  5.73  6.70  7.24  7.29  6.98  6.50  5.92  5.54  4.63  3.24  2.27  1.93  1.37  0.65  0.30  0.18  0.09  0.05  0.05  0.04
12  70  0.05  0.15  0.25  0.50  0.98  1.44  2.31  4.15  5.63  6.60  7.21  7.30  6.98  6.44  5.74  5.28  4.54  3.21  2.34  1.99  1.43  0.68  0.30  0.18  0.09  0.05  0.05  0.04
12  75  0.05  0.15  0.24  0.48  0.94  1.37  2.18  3.81  5.32  6.32  6.99  6.99  6.59  6.00  5.32  4.87  4.33  3.25  2.36  2.01  1.44  0.68  0.32  0.19  0.10  0.06  0.05  0.04
12  80  0.05  0.14  0.23  0.46  0.89  1.30  2.05  3.49  5.03  6.05  6.78  6.65  6.19  5.55  4.88  4.45  4.12  3.29  2.37  2.02  1.44  0.68  0.35  0.21  0.11  0.06  0.05  0.04
12  85  0.05  0.14  0.23  0.46  0.89  1.29  2.03  3.47  5.01  6.04  6.78  6.69  6.23  5.59  4.91  4.47  4.12  3.29  2.38  2.02  1.44  0.68  0.35  0.21  0.11  0.06  0.05  0.04
12  90  0.05  0.14  0.23  0.46  0.89  1.30  2.04  3.48  4.99  6.00  6.67  6.67  6.27  5.64  4.91  4.44  4.06  3.23  2.33  1.98  1.42  0.69  0.35  0.20  0.11  0.06  0.05  0.04
