     0.010
     0.030
     0.050
     0.100
     0.200
     0.300
     0.500
     1.000
     1.500
     2.000
     3.000
     5.000
     7.000
    10.000
    15.000
    20.000
    30.000
    50.000
    70.000
    80.000
   100.000
   150.000
   200.000
   250.000
   300.000
   400.000
   500.000
   600.000
 1 -90  0.02  0.07  0.12  0.23  0.46  0.67  1.09  2.01  2.95  3.62  5.00  5.88  5.72  5.02  4.20  3.72  3.63  3.11  2.24  1.86  1.22  0.56  0.37  0.22  0.11  0.05  0.03  0.02
 1 -85  0.02  0.07  0.12  0.23  0.46  0.67  1.09  2.00  2.95  3.60  4.97  5.86  5.73  5.05  4.25  3.74  3.61  3.04  2.16  1.79  1.17  0.53  0.35  0.21  0.11  0.05  0.03  0.02
 1 -80  0.02  0.07  0.12  0.23  0.46  0.67  1.09  2.01  2.96  3.60  4.96  5.86  5.73  5.05  4.26  3.75  3.60  3.02  2.15  1.78  1.16  0.53  0.35  0.21  0.10  0.05  0.03  0.02
 1 -75  0.02  0.07  0.12  0.24  0.47  0.70  1.13  2.09  3.03  3.67  4.96  5.99  5.97  5.35  4.62  4.14  3.88  3.06  2.12  1.75  1.13  0.52  0.34  0.20  0.10  0.04  0.03  0.02
 1 -70  0.02  0.07  0.12  0.25  0.48  0.72  1.16  2.16  3.09  3.73  4.97  6.12  6.22  5.65  4.98  4.54  4.16  3.10  2.08  1.71  1.09  0.51  0.34  0.20  0.09  0.04  0.03  0.02
 1 -65  0.03  0.08  0.13  0.25  0.50  0.74  1.20  2.24  3.19  3.85  5.14  6.47  6.72  6.25  5.63  5.22  4.35  3.03  1.96  1.60  1.00  0.47  0.31  0.18  0.07  0.04  0.03  0.03
 1 -60  0.03  0.08  0.13  0.26  0.52  0.77  1.25  2.31  3.29  3.97  5.31  6.82  7.22  6.85  6.28  5.89  4.55  2.97  1.84  1.49  0.91  0.43  0.29  0.17  0.08  0.04  0.03  0.03
 1 -55  0.03  0.08  0.14  0.28  0.55  0.81  1.32  2.44  3.47  4.14  5.48  7.14  7.66  7.50  6.75  6.21  4.40  2.71  1.59  1.28  0.73  0.34  0.23  0.14  0.08  0.05  0.03  0.03
 1 -50  0.03  0.09  0.14  0.28  0.56  0.83  1.34  2.49  3.52  4.18  5.60  7.46  8.15  8.04  7.13  6.48  4.23  2.41  1.28  1.01  0.54  0.25  0.17  0.11  0.07  0.05  0.04  0.03
 1 -45  0.03  0.09  0.14  0.28  0.56  0.83  1.35  2.55  3.59  4.29  5.78  7.72  8.49  8.41  7.29  6.50  4.22  2.36  1.21  0.95  0.50  0.22  0.15  0.08  0.06  0.05  0.04  0.03
 1 -40  0.03  0.08  0.14  0.28  0.56  0.83  1.37  2.64  3.68  4.40  5.92  7.94  8.80  8.79  7.48  6.56  4.22  2.30  1.13  0.88  0.45  0.19  0.10  0.06  0.05  0.05  0.04  0.03
 1 -35  0.03  0.09  0.14  0.29  0.57  0.85  1.40  2.71  3.82  4.57  6.16  8.17  9.02  8.97  7.67  6.76  4.23  2.01  0.91  0.70  0.34  0.14  0.08  0.06  0.05  0.05  0.04  0.04
 1 -30  0.03  0.09  0.15  0.29  0.58  0.87  1.43  2.78  3.93  4.71  6.36  8.39  9.21  9.16  7.83  6.93  4.23  1.73  0.68  0.52  0.23  0.10  0.06  0.05  0.05  0.05  0.04  0.04
 1 -25  0.03  0.09  0.15  0.30  0.59  0.88  1.45  2.81  4.04  4.87  6.56  8.67  9.45  9.41  7.92  6.89  4.15  1.59  0.58  0.43  0.19  0.07  0.05  0.05  0.05  0.05  0.04  0.04
 1 -20  0.03  0.09  0.14  0.29  0.58  0.87  1.44  2.86  4.14  5.01  6.78  8.96  9.71  9.63  7.99  6.84  4.08  1.43  0.48  0.36  0.15  0.05  0.04  0.04  0.04  0.04  0.04  0.04
 1 -15  0.03  0.09  0.14  0.29  0.58  0.86  1.43  2.85  4.19  5.17  7.04  9.16  9.86  9.79  8.12  6.95  3.98  1.36  0.43  0.32  0.14  0.05  0.04  0.04  0.04  0.04  0.04  0.03
 1 -10  0.03  0.09  0.14  0.28  0.57  0.86  1.43  2.88  4.30  5.33  7.35  9.41 10.12 10.02  8.29  7.06  3.87  1.29  0.37  0.29  0.09  0.04  0.03  0.03  0.03  0.04  0.04  0.03
 1  -5  0.03  0.09  0.14  0.28  0.57  0.85  1.43  2.87  4.30  5.36  7.41  9.38 10.00  9.91  8.19  6.95  3.75  1.24  0.35  0.28  0.07  0.04  0.03  0.03  0.03  0.04  0.03  0.03
 1   0  0.03  0.09  0.15  0.31  0.61  0.90  1.48  2.82  4.32  5.38  7.46  9.35  9.87  9.82  8.09  6.84  3.64  1.20  0.33  0.27  0.06  0.04  0.03  0.03  0.03  0.04  0.04  0.03
 1   5  0.03  0.09  0.15  0.31  0.61  0.90  1.48  2.85  4.31  5.36  7.28  9.08  9.60  9.47  7.90  6.78  3.78  1.31  0.38  0.30  0.06  0.04  0.03  0.03  0.03  0.04  0.04  0.04
 1  10  0.03  0.09  0.15  0.31  0.61  0.91  1.49  2.87  4.32  5.33  7.16  8.82  9.28  9.13  7.70  6.71  3.91  1.42  0.44  0.33  0.06  0.04  0.04  0.04  0.04  0.04  0.04  0.04
 1  15  0.03  0.09  0.16  0.31  0.62  0.92  1.51  2.89  4.31  5.31  7.02  8.50  8.86  8.65  7.36  6.44  3.91  1.48  0.45  0.34  0.07  0.04  0.04  0.04  0.04  0.04  0.05  0.04
 1  20  0.03  0.10  0.16  0.32  0.64  0.94  1.54  2.89  4.29  5.27  6.86  8.21  8.43  8.18  7.00  6.17  3.89  1.51  0.47  0.35  0.13  0.05  0.04  0.04  0.04  0.05  0.05  0.05
 1  25  0.03  0.10  0.16  0.32  0.64  0.95  1.56  2.99  4.35  5.34  6.81  7.88  8.00  7.71  6.86  6.27  4.23  1.75  0.64  0.48  0.22  0.07  0.05  0.05  0.05  0.05  0.05  0.05
 1  30  0.03  0.10  0.17  0.34  0.67  1.00  1.62  3.04  4.44  5.40  6.73  7.58  7.56  7.23  6.71  6.35  4.55  2.03  0.83  0.64  0.31  0.11  0.08  0.07  0.06  0.05  0.05  0.05
 1  35  0.04  0.11  0.18  0.36  0.71  1.05  1.70  3.17  4.57  5.52  6.64  7.31  7.24  6.90  6.50  6.24  4.90  2.46  1.22  0.95  0.50  0.25  0.17  0.09  0.07  0.05  0.05  0.05
 1  40  0.04  0.11  0.19  0.38  0.74  1.10  1.78  3.30  4.70  5.63  6.58  7.03  6.92  6.61  6.33  6.12  5.23  2.88  1.60  1.27  0.71  0.37  0.22  0.13  0.08  0.06  0.05  0.05
 1  45  0.04  0.12  0.20  0.39  0.77  1.14  1.84  3.43  4.79  5.68  6.43  6.77  6.66  6.39  6.23  6.15  5.31  3.15  1.84  1.50  0.91  0.48  0.27  0.17  0.10  0.06  0.05  0.05
 1  50  0.04  0.12  0.20  0.40  0.79  1.17  1.91  3.57  4.86  5.71  6.32  6.53  6.45  6.25  6.20  6.17  5.37  3.43  2.10  1.74  1.12  0.59  0.31  0.19  0.10  0.06  0.05  0.05
 1  55  0.04  0.12  0.20  0.41  0.80  1.19  1.92  3.58  4.67  5.44  6.03  6.37  6.33  6.16  5.94  5.77  5.06  3.42  2.25  1.90  1.29  0.66  0.37  0.21  0.11  0.06  0.05  0.05
 1  60  0.04  0.13  0.21  0.41  0.82  1.21  1.96  3.66  4.71  5.44  5.98  6.29  6.26  6.04  5.71  5.47  4.82  3.46  2.44  2.08  1.45  0.72  0.43  0.24  0.11  0.06  0.05  0.05
 1  65  0.04  0.12  0.20  0.41  0.80  1.19  1.92  3.57  4.60  5.34  5.98  6.43  6.44  6.22  5.79  5.48  4.66  3.44  2.43  2.06  1.45  0.72  0.41  0.23  0.10  0.06  0.05  0.05
 1  70  0.04  0.12  0.20  0.40  0.79  1.16  1.88  3.47  4.50  5.25  5.99  6.56  6.62  6.40  5.88  5.50  4.50  3.42  2.41  2.05  1.44  0.72  0.39  0.23  0.11  0.06  0.05  0.05
 1  75  0.04  0.12  0.19  0.38  0.75  1.11  1.78  3.25  4.21  4.93  5.70  6.23  6.20  5.89  5.37  4.98  4.25  3.34  2.50  2.17  1.63  0.76  0.40  0.24  0.11  0.07  0.05  0.05
 1  80  0.04  0.11  0.19  0.37  0.72  1.06  1.70  3.01  3.94  4.62  5.43  5.89  5.78  5.37  4.84  4.45  3.99  3.26  2.59  2.30  1.81  0.80  0.41  0.24  0.11  0.07  0.05  0.05
 1  85  0.04  0.11  0.19  0.37  0.72  1.06  1.70  3.02  3.94  4.63  5.45  5.92  5.81  5.40  4.86  4.47  3.99  3.26  2.59  2.30  1.81  0.79  0.41  0.24  0.11  0.06  0.06  0.05
 1  90  0.04  0.11  0.19  0.38  0.74  1.08  1.73  3.07  4.02  4.70  5.52  6.00  5.91  5.51  4.95  4.52  4.00  3.24  2.57  2.28  1.81  0.80  0.41  0.24  0.11  0.06  0.06  0.05
 2 -90  0.03  0.09  0.14  0.29  0.56  0.83  1.35  2.49  3.57  4.29  5.27  5.36  4.91  4.23  3.85  3.68  3.45  2.85  2.10  1.76  1.18  0.53  0.35  0.23  0.13  0.05  0.03  0.02
 2 -85  0.03  0.09  0.14  0.29  0.56  0.83  1.35  2.48  3.55  4.27  5.26  5.41  4.98  4.31  3.95  3.74  3.44  2.79  2.03  1.69  1.12  0.49  0.32  0.21  0.13  0.05  0.03  0.02
 2 -80  0.03  0.09  0.14  0.29  0.56  0.83  1.35  2.48  3.55  4.26  5.27  5.43  5.00  4.32  3.96  3.75  3.44  2.79  2.02  1.69  1.11  0.49  0.32  0.21  0.13  0.05  0.03  0.02
 2 -75  0.03  0.09  0.14  0.28  0.56  0.83  1.34  2.46  3.54  4.27  5.39  5.82  5.51  4.82  4.36  4.08  3.63  2.80  2.03  1.68  1.08  0.47  0.32  0.21  0.11  0.05  0.03  0.02
 2 -70  0.03  0.09  0.14  0.28  0.56  0.82  1.33  2.45  3.54  4.29  5.51  6.22  6.02  5.34  4.78  4.42  3.80  2.80  2.03  1.67  1.06  0.45  0.32  0.20  0.10  0.04  0.03  0.02
 2 -65  0.03  0.09  0.14  0.29  0.57  0.84  1.35  2.50  3.61  4.38  5.70  6.67  6.62  5.99  5.32  4.88  4.05  2.76  1.92  1.57  0.99  0.43  0.30  0.18  0.08  0.04  0.03  0.03
 2 -60  0.03  0.09  0.15  0.29  0.58  0.85  1.38  2.54  3.67  4.45  5.86  7.09  7.21  6.63  5.86  5.34  4.30  2.73  1.82  1.48  0.92  0.40  0.28  0.17  0.09  0.05  0.03  0.03
 2 -55  0.03  0.09  0.15  0.31  0.60  0.89  1.44  2.64  3.81  4.57  5.98  7.36  7.63  7.28  6.43  5.84  4.25  2.54  1.56  1.26  0.72  0.32  0.22  0.13  0.08  0.05  0.04  0.03
 2 -50  0.03  0.09  0.16  0.31  0.61  0.90  1.46  2.67  3.81  4.55  6.01  7.65  8.11  7.81  6.93  6.31  4.19  2.31  1.21  0.96  0.51  0.24  0.15  0.10  0.07  0.04  0.04  0.03
 2 -45  0.03  0.09  0.15  0.31  0.60  0.90  1.45  2.71  3.86  4.63  6.14  7.86  8.43  8.18  7.13  6.40  4.20  2.21  1.14  0.90  0.45  0.21  0.12  0.07  0.06  0.04  0.04  0.03
 2 -40  0.03  0.09  0.15  0.31  0.61  0.90  1.47  2.79  3.91  4.69  6.23  8.04  8.71  8.57  7.35  6.52  4.22  2.09  1.07  0.83  0.39  0.18  0.09  0.06  0.05  0.04  0.04  0.03
 2 -35  0.03  0.09  0.15  0.31  0.61  0.90  1.48  2.83  4.01  4.80  6.39  8.23  8.93  8.81  7.53  6.66  4.17  1.86  0.88  0.67  0.30  0.12  0.07  0.05  0.05  0.04  0.04  0.04
 2 -30  0.03  0.09  0.15  0.31  0.61  0.91  1.49  2.87  4.07  4.88  6.50  8.40  9.14  9.07  7.70  6.77  4.11  1.64  0.68  0.51  0.22  0.09  0.06  0.05  0.04  0.04  0.04  0.04
 2 -25  0.03  0.09  0.15  0.30  0.60  0.90  1.48  2.85  4.10  4.92  6.57  8.64  9.43  9.41  7.87  6.80  4.02  1.52  0.57  0.42  0.18  0.06  0.04  0.04  0.04  0.04  0.04  0.04
 2 -20  0.03  0.09  0.15  0.29  0.58  0.87  1.44  2.85  4.10  4.93  6.67  8.91  9.74  9.72  8.04  6.84  3.95  1.40  0.45  0.34  0.14  0.05  0.04  0.04  0.04  0.04  0.04  0.03
 2 -15  0.03  0.09  0.14  0.29  0.57  0.85  1.41  2.78  4.04  4.97  6.80  9.10  9.96  9.98  8.21  6.95  3.91  1.31  0.42  0.31  0.14  0.04  0.03  0.03  0.03  0.04  0.04  0.03
 2 -10  0.03  0.08  0.14  0.28  0.56  0.83  1.38  2.74  4.05  5.00  7.00  9.34 10.27 10.27  8.41  7.06  3.86  1.21  0.38  0.29  0.09  0.04  0.03  0.03  0.03  0.03  0.03  0.03
 2  -5  0.03  0.08  0.14  0.28  0.55  0.83  1.37  2.71  4.01  4.97  7.03  9.34 10.22 10.21  8.18  6.69  3.73  1.20  0.37  0.29  0.07  0.04  0.03  0.03  0.03  0.03  0.03  0.03
 2   0  0.03  0.09  0.15  0.30  0.59  0.87  1.41  2.64  3.98  4.94  7.04  9.32 10.12 10.15  7.95  6.32  3.62  1.19  0.37  0.30  0.06  0.04  0.03  0.03  0.03  0.04  0.04  0.03
 2   5  0.03  0.09  0.15  0.30  0.59  0.87  1.42  2.69  4.02  4.99  6.96  9.14  9.90  9.84  7.93  6.53  3.74  1.31  0.43  0.33  0.06  0.04  0.03  0.03  0.03  0.04  0.04  0.04
 2  10  0.03  0.09  0.15  0.30  0.59  0.87  1.43  2.74  4.09  5.04  6.94  8.98  9.66  9.54  7.90  6.74  3.85  1.42  0.49  0.37  0.07  0.04  0.04  0.04  0.04  0.04  0.05  0.04
 2  15  0.03  0.09  0.15  0.30  0.59  0.88  1.45  2.79  4.12  5.06  6.83  8.70  9.29  9.12  7.70  6.71  4.00  1.52  0.52  0.39  0.07  0.04  0.04  0.04  0.04  0.05  0.05  0.05
 2  20  0.03  0.09  0.16  0.31  0.62  0.91  1.49  2.81  4.13  5.06  6.73  8.43  8.88  8.69  7.49  6.66  4.13  1.60  0.56  0.41  0.09  0.05  0.05  0.04  0.05  0.05  0.05  0.05
 2  25  0.03  0.10  0.16  0.32  0.63  0.93  1.52  2.91  4.22  5.18  6.76  8.15  8.46  8.22  7.21  6.52  4.40  1.78  0.70  0.52  0.22  0.07  0.06  0.05  0.05  0.05  0.05  0.05
 2  30  0.03  0.10  0.17  0.33  0.66  0.97  1.58  2.96  4.33  5.27  6.75  7.90  8.04  7.73  6.92  6.36  4.64  2.01  0.87  0.65  0.29  0.17  0.10  0.07  0.06  0.05  0.05  0.05
 2  35  0.04  0.11  0.18  0.35  0.69  1.02  1.65  3.07  4.49  5.46  6.77  7.67  7.69  7.33  6.71  6.28  4.91  2.54  1.27  0.98  0.50  0.32  0.22  0.11  0.08  0.06  0.05  0.05
 2  40  0.04  0.11  0.19  0.37  0.72  1.07  1.72  3.17  4.64  5.65  6.82  7.43  7.32  6.97  6.53  6.20  5.17  3.06  1.65  1.31  0.72  0.46  0.30  0.15  0.10  0.06  0.05  0.05
 2  45  0.04  0.11  0.19  0.38  0.75  1.10  1.79  3.32  4.79  5.79  6.75  7.17  7.05  6.70  6.35  6.14  5.28  3.34  1.96  1.60  0.97  0.57  0.34  0.21  0.10  0.06  0.06  0.05
 2  50  0.04  0.12  0.20  0.39  0.77  1.14  1.85  3.49  4.95  5.93  6.73  6.96  6.82  6.52  6.26  6.09  5.37  3.62  2.27  1.88  1.21  0.67  0.39  0.23  0.11  0.07  0.06  0.05
 2  55  0.04  0.12  0.20  0.40  0.80  1.18  1.92  3.59  4.93  5.85  6.55  6.77  6.64  6.38  6.09  5.87  5.31  3.67  2.39  2.01  1.36  0.72  0.43  0.25  0.12  0.07  0.06  0.05
 2  60  0.04  0.13  0.21  0.42  0.84  1.24  2.02  3.77  5.14  6.06  6.59  6.68  6.51  6.21  5.96  5.77  5.32  3.78  2.56  2.17  1.50  0.77  0.47  0.27  0.12  0.07  0.06  0.05
 2  65  0.04  0.13  0.21  0.43  0.84  1.24  2.02  3.75  5.00  5.84  6.37  6.59  6.50  6.26  5.93  5.69  5.16  3.66  2.63  2.25  1.60  0.82  0.46  0.27  0.12  0.07  0.06  0.05
 2  70  0.04  0.13  0.21  0.43  0.84  1.24  2.01  3.73  4.85  5.61  6.15  6.50  6.49  6.31  5.91  5.61  4.99  3.54  2.69  2.32  1.70  0.86  0.46  0.28  0.12  0.07  0.06  0.05
 2  75  0.04  0.13  0.21  0.42  0.83  1.23  1.99  3.67  4.61  5.25  6.04  6.68  6.80  6.61  6.10  5.73  4.99  3.49  2.74  2.36  1.74  0.90  0.48  0.28  0.13  0.07  0.06  0.05
 2  80  0.04  0.13  0.21  0.42  0.83  1.22  1.97  3.61  4.37  4.91  5.94  6.87  7.10  6.92  6.30  5.85  5.00  3.43  2.78  2.40  1.78  0.94  0.50  0.28  0.14  0.07  0.06  0.05
 2  85  0.04  0.13  0.21  0.42  0.83  1.22  1.97  3.62  4.38  4.91  5.95  6.89  7.14  6.95  6.34  5.88  5.02  3.43  2.77  2.40  1.78  0.95  0.50  0.28  0.14  0.07  0.06  0.05
 2  90  0.04  0.13  0.21  0.42  0.82  1.21  1.96  3.60  4.39  4.96  6.06  7.07  7.31  7.09  6.47  5.99  5.08  3.44  2.79  2.42  1.82  0.98  0.51  0.29  0.14  0.07  0.06  0.05
 3 -90  0.04  0.13  0.21  0.42  0.82  1.20  1.93  3.45  4.41  5.03  5.11  4.89  4.57  4.13  3.65  3.36  3.38  2.70  2.08  1.75  1.19  0.53  0.32  0.20  0.10  0.04  0.03  0.02
 3 -85  0.04  0.13  0.21  0.42  0.82  1.21  1.94  3.47  4.46  5.11  5.21  4.99  4.67  4.21  3.72  3.42  3.41  2.69  2.06  1.72  1.16  0.51  0.30  0.19  0.10  0.04  0.03  0.02
 3 -80  0.04  0.13  0.21  0.42  0.82  1.21  1.93  3.47  4.50  5.17  5.27  5.02  4.68  4.20  3.71  3.41  3.42  2.70  2.05  1.72  1.15  0.51  0.30  0.19  0.10  0.04  0.03  0.02
 3 -75  0.04  0.12  0.20  0.40  0.78  1.15  1.85  3.33  4.53  5.31  5.75  5.59  5.18  4.61  4.03  3.67  3.51  2.71  2.03  1.68  1.10  0.49  0.29  0.18  0.09  0.04  0.03  0.02
 3 -70  0.04  0.12  0.19  0.38  0.75  1.10  1.76  3.18  4.54  5.44  6.21  6.14  5.68  5.02  4.36  3.93  3.59  2.73  2.01  1.65  1.05  0.47  0.28  0.17  0.09  0.04  0.03  0.03
 3 -65  0.04  0.11  0.19  0.37  0.72  1.07  1.71  3.11  4.51  5.45  6.44  6.64  6.26  5.59  4.96  4.55  3.79  2.71  1.90  1.55  0.98  0.44  0.27  0.16  0.09  0.05  0.03  0.03
 3 -60  0.04  0.11  0.18  0.36  0.70  1.03  1.67  3.04  4.47  5.45  6.67  7.13  6.84  6.17  5.57  5.18  3.99  2.69  1.78  1.45  0.91  0.41  0.25  0.15  0.08  0.05  0.03  0.03
 3 -55  0.04  0.11  0.18  0.36  0.70  1.04  1.67  3.04  4.48  5.43  6.73  7.44  7.30  6.78  6.15  5.71  4.22  2.58  1.56  1.27  0.75  0.33  0.20  0.12  0.07  0.05  0.04  0.03
 3 -50  0.04  0.11  0.18  0.35  0.69  1.02  1.64  2.97  4.35  5.26  6.70  7.76  7.81  7.26  6.63  6.19  4.43  2.43  1.27  1.02  0.58  0.25  0.15  0.08  0.06  0.04  0.04  0.03
 3 -45  0.03  0.10  0.17  0.34  0.67  0.99  1.60  2.94  4.30  5.21  6.72  7.97  8.16  7.69  6.71  6.05  4.28  2.31  1.16  0.93  0.51  0.21  0.11  0.07  0.05  0.04  0.04  0.03
 3 -40  0.03  0.10  0.17  0.33  0.66  0.98  1.58  2.94  4.25  5.15  6.71  8.14  8.48  8.13  6.84  5.97  4.13  2.16  1.06  0.84  0.44  0.18  0.09  0.06  0.05  0.04  0.04  0.03
 3 -35  0.03  0.10  0.16  0.33  0.65  0.96  1.56  2.94  4.26  5.16  6.76  8.30  8.75  8.50  7.35  6.57  4.19  1.94  0.86  0.67  0.32  0.13  0.07  0.05  0.04  0.04  0.04  0.03
 3 -30  0.03  0.10  0.16  0.32  0.64  0.95  1.55  2.93  4.25  5.14  6.78  8.44  9.00  8.88  7.85  7.14  4.24  1.73  0.66  0.50  0.21  0.09  0.05  0.04  0.04  0.04  0.04  0.04
 3 -25  0.03  0.09  0.16  0.31  0.62  0.92  1.51  2.88  4.18  5.05  6.68  8.59  9.29  9.27  8.06  7.21  4.13  1.50  0.52  0.38  0.15  0.06  0.04  0.04  0.04  0.04  0.04  0.04
 3 -20  0.03  0.09  0.15  0.30  0.60  0.89  1.47  2.84  4.08  4.91  6.59  8.78  9.60  9.64  8.26  7.27  4.03  1.27  0.38  0.28  0.10  0.05  0.04  0.03  0.04  0.04  0.04  0.03
 3 -15  0.03  0.09  0.15  0.29  0.58  0.87  1.43  2.75  3.94  4.79  6.49  8.82  9.81  9.99  8.33  7.15  4.00  1.26  0.38  0.28  0.11  0.04  0.03  0.03  0.03  0.04  0.04  0.03
 3 -10  0.03  0.09  0.14  0.29  0.57  0.85  1.40  2.70  3.85  4.67  6.47  8.92 10.09 10.34  8.42  7.03  3.95  1.24  0.38  0.28  0.12  0.04  0.03  0.03  0.03  0.03  0.03  0.03
 3  -5  0.03  0.09  0.14  0.28  0.56  0.84  1.38  2.66  3.77  4.59  6.44  8.89 10.07 10.35  8.37  6.91  3.91  1.23  0.38  0.29  0.07  0.03  0.03  0.03  0.03  0.03  0.03  0.03
 3   0  0.03  0.09  0.15  0.30  0.59  0.87  1.41  2.58  3.71  4.49  6.38  8.83  9.98 10.34  8.33  6.82  3.88  1.24  0.38  0.29  0.13  0.03  0.03  0.03  0.03  0.03  0.03  0.03
 3   5  0.03  0.09  0.15  0.30  0.59  0.87  1.41  2.65  3.79  4.62  6.43  8.80  9.86 10.09  8.27  6.92  3.95  1.34  0.42  0.33  0.06  0.04  0.03  0.03  0.03  0.04  0.04  0.04
 3  10  0.03  0.09  0.15  0.29  0.58  0.87  1.42  2.72  3.92  4.77  6.52  8.78  9.73  9.86  8.20  7.01  4.00  1.42  0.47  0.36  0.07  0.04  0.03  0.03  0.04  0.04  0.05  0.04
 3  15  0.03  0.09  0.15  0.30  0.59  0.88  1.44  2.78  3.99  4.85  6.52  8.61  9.45  9.48  7.89  6.77  4.05  1.47  0.49  0.37  0.08  0.04  0.04  0.04  0.04  0.05  0.05  0.05
 3  20  0.03  0.09  0.16  0.31  0.61  0.91  1.49  2.82  4.06  4.94  6.56  8.45  9.11  9.08  7.55  6.50  4.09  1.51  0.51  0.38  0.15  0.05  0.05  0.05  0.05  0.05  0.05  0.05
 3  25  0.03  0.09  0.16  0.31  0.62  0.92  1.51  2.88  4.14  5.06  6.67  8.30  8.82  8.70  7.37  6.48  4.33  1.80  0.69  0.53  0.25  0.08  0.06  0.06  0.06  0.06  0.05  0.05
 3  30  0.03  0.10  0.16  0.32  0.64  0.95  1.55  2.91  4.23  5.16  6.74  8.17  8.50  8.28  7.19  6.45  4.54  2.14  0.90  0.70  0.36  0.20  0.11  0.08  0.07  0.06  0.06  0.05
 3  35  0.03  0.10  0.17  0.34  0.66  0.98  1.59  2.95  4.34  5.31  6.85  8.08  8.23  7.90  7.00  6.39  4.65  2.57  1.30  1.04  0.61  0.34  0.24  0.12  0.08  0.06  0.06  0.05
 3  40  0.04  0.11  0.18  0.35  0.68  1.01  1.63  2.97  4.44  5.47  7.02  7.98  7.96  7.55  6.85  6.34  4.77  3.00  1.68  1.38  0.85  0.49  0.32  0.17  0.10  0.07  0.06  0.05
 3  45  0.04  0.11  0.18  0.35  0.69  1.02  1.65  3.05  4.56  5.63  7.05  7.78  7.67  7.21  6.58  6.16  4.99  3.27  1.96  1.62  1.04  0.61  0.38  0.22  0.11  0.07  0.06  0.06
 3  50  0.04  0.11  0.18  0.35  0.70  1.03  1.68  3.15  4.71  5.80  7.14  7.64  7.43  6.96  6.39  6.00  5.20  3.55  2.22  1.86  1.23  0.73  0.44  0.25  0.12  0.07  0.06  0.06
 3  55  0.04  0.11  0.18  0.37  0.72  1.07  1.73  3.23  4.76  5.84  7.03  7.42  7.18  6.73  6.23  5.87  5.20  3.66  2.38  2.01  1.37  0.80  0.49  0.28  0.13  0.07  0.06  0.06
 3  60  0.04  0.12  0.19  0.38  0.76  1.12  1.82  3.40  5.03  6.15  7.14  7.31  6.98  6.48  6.11  5.86  5.27  3.83  2.60  2.20  1.51  0.87  0.54  0.30  0.13  0.07  0.06  0.06
 3  65  0.04  0.12  0.20  0.40  0.79  1.16  1.88  3.51  5.05  6.09  6.93  7.07  6.78  6.32  5.94  5.68  5.15  3.85  2.70  2.31  1.65  0.93  0.57  0.33  0.13  0.07  0.06  0.06
 3  70  0.04  0.12  0.21  0.41  0.81  1.20  1.94  3.61  5.05  6.02  6.73  6.84  6.58  6.16  5.76  5.50  5.02  3.87  2.81  2.44  1.81  0.99  0.61  0.36  0.13  0.07  0.06  0.06
 3  75  0.04  0.13  0.21  0.41  0.81  1.20  1.95  3.62  4.93  5.82  6.51  6.78  6.63  6.30  5.73  5.36  4.93  3.89  2.86  2.49  1.86  1.03  0.61  0.35  0.15  0.08  0.06  0.06
 3  80  0.04  0.13  0.21  0.41  0.82  1.21  1.96  3.62  4.81  5.62  6.29  6.71  6.68  6.43  5.70  5.21  4.84  3.92  2.92  2.54  1.92  1.08  0.61  0.35  0.14  0.08  0.06  0.06
 3  85  0.04  0.13  0.21  0.41  0.82  1.21  1.96  3.62  4.81  5.63  6.31  6.72  6.69  6.44  5.73  5.24  4.86  3.94  2.94  2.56  1.93  1.08  0.61  0.35  0.14  0.08  0.06  0.06
 3  90  0.04  0.13  0.21  0.42  0.83  1.22  1.98  3.67  4.86  5.68  6.33  6.75  6.79  6.61  5.92  5.42  5.01  4.06  3.02  2.64  1.99  1.12  0.63  0.35  0.14  0.08  0.06  0.06
 4 -90  0.05  0.16  0.27  0.53  1.03  1.50  2.34  3.93  4.47  4.82  4.97  4.87  4.57  4.09  3.53  3.20  2.93  2.88  2.14  1.77  1.16  0.49  0.29  0.18  0.09  0.04  0.03  0.03
 4 -85  0.06  0.16  0.27  0.54  1.05  1.52  2.39  4.02  4.58  4.95  5.09  4.97  4.64  4.14  3.57  3.22  2.95  2.87  2.13  1.75  1.13  0.48  0.29  0.18  0.09  0.04  0.03  0.03
 4 -80  0.06  0.17  0.27  0.54  1.05  1.54  2.41  4.06  4.62  4.98  5.11  4.97  4.64  4.14  3.56  3.22  2.95  2.87  2.13  1.75  1.13  0.48  0.29  0.18  0.09  0.04  0.03  0.03
 4 -75  0.05  0.16  0.27  0.53  1.03  1.50  2.37  4.06  4.96  5.55  5.68  5.43  5.05  4.52  3.95  3.62  3.30  2.86  2.10  1.73  1.12  0.46  0.28  0.17  0.09  0.04  0.03  0.03
 4 -70  0.05  0.16  0.26  0.51  1.00  1.46  2.31  4.03  5.28  6.11  6.24  5.89  5.45  4.90  4.36  4.02  3.65  2.84  2.06  1.70  1.11  0.45  0.27  0.16  0.08  0.04  0.03  0.03
 4 -65  0.05  0.15  0.25  0.49  0.96  1.41  2.24  3.96  5.37  6.31  6.62  6.36  5.94  5.38  4.88  4.54  3.91  2.82  1.96  1.61  1.03  0.42  0.24  0.15  0.08  0.04  0.03  0.03
 4 -60  0.05  0.14  0.24  0.47  0.92  1.35  2.17  3.88  5.44  6.49  6.99  6.82  6.43  5.85  5.40  5.08  4.17  2.80  1.85  1.51  0.95  0.38  0.21  0.13  0.08  0.04  0.03  0.03
 4 -55  0.05  0.14  0.23  0.45  0.88  1.30  2.09  3.76  5.39  6.45  7.14  7.18  6.84  6.34  5.99  5.72  4.44  2.68  1.64  1.33  0.76  0.32  0.17  0.10  0.07  0.04  0.03  0.03
 4 -50  0.04  0.13  0.22  0.43  0.84  1.23  1.97  3.56  5.18  6.26  7.22  7.55  7.29  6.72  6.50  6.33  4.68  2.52  1.36  1.08  0.57  0.25  0.12  0.08  0.06  0.04  0.03  0.03
 4 -45  0.04  0.12  0.20  0.40  0.79  1.16  1.87  3.38  4.97  6.04  7.20  7.79  7.65  7.09  6.51  6.14  4.51  2.37  1.28  1.01  0.53  0.23  0.11  0.07  0.05  0.04  0.03  0.03
 4 -40  0.04  0.12  0.19  0.38  0.75  1.11  1.78  3.23  4.77  5.82  7.17  8.02  7.99  7.48  6.58  5.98  4.34  2.20  1.19  0.94  0.49  0.20  0.09  0.06  0.04  0.04  0.03  0.03
 4 -35  0.04  0.11  0.18  0.36  0.71  1.05  1.70  3.14  4.63  5.65  7.12  8.22  8.36  7.97  6.82  6.05  4.19  1.97  1.01  0.79  0.40  0.16  0.08  0.05  0.04  0.04  0.04  0.03
 4 -30  0.04  0.10  0.17  0.35  0.68  1.01  1.64  3.04  4.48  5.45  7.04  8.40  8.72  8.47  7.08  6.12  4.03  1.74  0.82  0.63  0.31  0.09  0.06  0.04  0.04  0.04  0.04  0.03
 4 -25  0.03  0.10  0.17  0.33  0.66  0.98  1.58  2.96  4.34  5.26  6.83  8.50  9.02  8.95  7.51  6.50  4.04  1.55  0.62  0.47  0.21  0.06  0.04  0.04  0.04  0.04  0.04  0.03
 4 -20  0.03  0.10  0.16  0.32  0.63  0.94  1.53  2.89  4.16  5.00  6.62  8.64  9.37  9.40  7.94  6.87  4.06  1.36  0.42  0.31  0.12  0.04  0.03  0.03  0.03  0.03  0.04  0.03
 4 -15  0.03  0.09  0.16  0.31  0.62  0.92  1.49  2.82  4.01  4.85  6.44  8.58  9.52  9.74  8.17  7.05  4.07  1.29  0.40  0.29  0.12  0.04  0.03  0.03  0.03  0.03  0.03  0.03
 4 -10  0.03  0.09  0.15  0.31  0.61  0.90  1.47  2.76  3.89  4.70  6.36  8.59  9.71 10.08  8.43  7.23  4.06  1.22  0.36  0.27  0.12  0.03  0.03  0.03  0.03  0.03  0.03  0.03
 4  -5  0.03  0.09  0.15  0.30  0.60  0.89  1.45  2.72  3.82  4.61  6.31  8.55  9.71 10.14  8.47  7.23  4.08  1.23  0.36  0.27  0.12  0.03  0.03  0.03  0.03  0.03  0.03  0.03
 4   0  0.03  0.09  0.16  0.31  0.61  0.90  1.45  2.66  3.75  4.51  6.22  8.49  9.65 10.17  8.51  7.25  4.11  1.26  0.36  0.28  0.12  0.03  0.03  0.03  0.03  0.03  0.03  0.03
 4   5  0.03  0.09  0.15  0.31  0.61  0.90  1.46  2.71  3.83  4.64  6.31  8.55  9.60  9.93  8.40  7.23  4.18  1.36  0.52  0.39  0.14  0.03  0.03  0.03  0.03  0.03  0.04  0.03
 4  10  0.03  0.09  0.15  0.30  0.60  0.89  1.45  2.77  3.95  4.79  6.46  8.62  9.54  9.73  8.27  7.20  4.23  1.45  0.68  0.49  0.16  0.04  0.03  0.03  0.03  0.04  0.04  0.04
 4  15  0.03  0.09  0.15  0.30  0.60  0.89  1.46  2.81  4.01  4.87  6.50  8.54  9.35  9.41  8.01  7.01  4.21  1.51  0.71  0.51  0.17  0.04  0.04  0.04  0.04  0.05  0.05  0.05
 4  20  0.03  0.09  0.16  0.31  0.62  0.92  1.50  2.83  4.07  4.96  6.59  8.46  9.11  9.08  7.73  6.79  4.19  1.56  0.75  0.54  0.17  0.06  0.05  0.05  0.05  0.05  0.05  0.05
 4  25  0.03  0.09  0.16  0.31  0.62  0.92  1.50  2.84  4.09  4.99  6.64  8.38  8.96  8.86  7.60  6.76  4.36  1.78  0.84  0.63  0.27  0.09  0.07  0.06  0.06  0.06  0.06  0.05
 4  30  0.03  0.10  0.16  0.31  0.62  0.92  1.51  2.84  4.11  5.01  6.64  8.31  8.78  8.60  7.47  6.71  4.51  2.03  0.96  0.74  0.37  0.18  0.11  0.08  0.07  0.06  0.06  0.05
 4  35  0.03  0.10  0.16  0.32  0.63  0.93  1.50  2.80  4.09  4.98  6.62  8.24  8.60  8.33  7.28  6.58  4.52  2.34  1.27  1.02  0.60  0.35  0.19  0.11  0.08  0.06  0.06  0.05
 4  40  0.03  0.10  0.16  0.32  0.63  0.93  1.50  2.74  4.06  4.98  6.68  8.16  8.42  8.08  7.13  6.47  4.52  2.67  1.58  1.31  0.83  0.50  0.32  0.15  0.10  0.07  0.06  0.06
 4  45  0.03  0.10  0.16  0.32  0.62  0.92  1.49  2.74  4.06  5.00  6.66  8.01  8.18  7.76  6.83  6.22  4.59  2.92  1.81  1.51  0.98  0.60  0.38  0.19  0.11  0.07  0.06  0.06
 4  50  0.03  0.09  0.16  0.31  0.61  0.91  1.48  2.76  4.10  5.05  6.72  7.91  7.99  7.51  6.61  5.99  4.64  3.17  2.04  1.71  1.13  0.70  0.44  0.25  0.13  0.07  0.06  0.06
 4  55  0.03  0.09  0.16  0.31  0.62  0.91  1.48  2.76  4.09  5.05  6.68  7.73  7.71  7.21  6.32  5.70  4.77  3.35  2.20  1.85  1.27  0.76  0.50  0.28  0.14  0.08  0.06  0.06
 4  60  0.03  0.10  0.16  0.32  0.63  0.94  1.52  2.85  4.32  5.35  6.88  7.66  7.49  6.88  6.06  5.51  4.95  3.59  2.41  2.03  1.39  0.81  0.55  0.31  0.15  0.08  0.06  0.06
 4  65  0.03  0.10  0.16  0.33  0.64  0.95  1.55  2.89  4.35  5.36  6.72  7.31  7.09  6.49  5.86  5.44  4.92  3.63  2.54  2.15  1.48  0.91  0.63  0.36  0.15  0.08  0.06  0.06
 4  70  0.03  0.10  0.17  0.33  0.65  0.96  1.57  2.93  4.38  5.37  6.55  6.97  6.70  6.11  5.67  5.39  4.89  3.67  2.69  2.27  1.58  1.00  0.70  0.42  0.19  0.08  0.06  0.06
 4  75  0.03  0.10  0.17  0.34  0.67  0.99  1.61  3.02  4.39  5.31  6.24  6.54  6.28  5.78  5.51  5.34  4.90  3.77  2.79  2.38  1.69  1.06  0.71  0.41  0.18  0.08  0.06  0.06
 4  80  0.03  0.10  0.17  0.35  0.68  1.01  1.65  3.10  4.40  5.25  5.93  6.12  5.88  5.45  5.34  5.29  4.91  3.87  2.90  2.49  1.80  1.12  0.72  0.41  0.17  0.08  0.06  0.06
 4  85  0.04  0.10  0.17  0.35  0.69  1.02  1.66  3.12  4.42  5.26  5.93  6.13  5.90  5.47  5.36  5.32  4.94  3.89  2.91  2.51  1.82  1.12  0.72  0.41  0.17  0.08  0.06  0.06
 4  90  0.04  0.11  0.18  0.35  0.69  1.03  1.67  3.15  4.50  5.37  6.03  6.17  5.95  5.53  5.47  5.45  5.05  4.00  3.00  2.58  1.87  1.15  0.74  0.42  0.17  0.09  0.06  0.06
 5 -90  0.06  0.17  0.29  0.57  1.09  1.57  2.41  3.78  4.56  5.11  5.05  4.71  4.17  3.62  3.50  3.46  3.36  2.80  2.08  1.70  1.08  0.46  0.26  0.15  0.06  0.04  0.03  0.03
 5 -85  0.06  0.18  0.29  0.57  1.10  1.59  2.44  3.84  4.65  5.21  5.13  4.76  4.23  3.66  3.53  3.48  3.37  2.80  2.08  1.71  1.09  0.46  0.26  0.15  0.06  0.04  0.03  0.03
 5 -80  0.06  0.18  0.29  0.58  1.11  1.60  2.46  3.86  4.69  5.25  5.16  4.76  4.22  3.65  3.52  3.47  3.37  2.80  2.08  1.71  1.09  0.46  0.26  0.16  0.06  0.04  0.03  0.03
 5 -75  0.06  0.17  0.29  0.57  1.10  1.59  2.45  3.92  4.90  5.56  5.64  5.35  4.89  4.34  3.99  3.79  3.49  2.69  1.94  1.60  1.02  0.43  0.25  0.15  0.07  0.04  0.03  0.03
 5 -70  0.06  0.17  0.28  0.56  1.08  1.57  2.44  4.00  5.13  5.87  6.13  5.94  5.56  5.03  4.46  4.11  3.61  2.58  1.80  1.48  0.94  0.40  0.23  0.14  0.07  0.04  0.03  0.03
 5 -65  0.06  0.17  0.29  0.57  1.10  1.61  2.53  4.31  5.55  6.38  6.48  6.22  5.86  5.36  4.95  4.70  4.10  2.72  1.81  1.46  0.89  0.41  0.22  0.13  0.07  0.04  0.03  0.03
 5 -60  0.06  0.17  0.29  0.57  1.12  1.64  2.61  4.58  5.94  6.85  6.81  6.49  6.15  5.69  5.45  5.29  4.58  2.84  1.81  1.44  0.84  0.41  0.21  0.13  0.07  0.04  0.03  0.03
 5 -55  0.06  0.17  0.28  0.55  1.08  1.58  2.52  4.48  6.05  7.04  7.14  6.84  6.49  6.09  5.86  5.67  4.69  2.67  1.69  1.34  0.73  0.40  0.19  0.12  0.06  0.04  0.03  0.03
 5 -50  0.05  0.16  0.27  0.52  1.03  1.51  2.41  4.28  5.97  7.06  7.39  7.22  6.87  6.37  6.18  6.01  4.79  2.47  1.50  1.18  0.62  0.39  0.18  0.09  0.05  0.04  0.03  0.03
 5 -45  0.05  0.15  0.24  0.48  0.94  1.38  2.21  3.93  5.62  6.74  7.40  7.49  7.18  6.64  6.25  5.98  4.69  2.39  1.41  1.10  0.57  0.35  0.16  0.07  0.05  0.04  0.03  0.03
 5 -40  0.04  0.13  0.22  0.44  0.86  1.26  2.02  3.61  5.30  6.44  7.42  7.76  7.52  6.95  6.38  5.98  4.58  2.29  1.31  1.02  0.51  0.31  0.14  0.06  0.04  0.04  0.03  0.03
 5 -35  0.04  0.12  0.20  0.40  0.79  1.17  1.87  3.41  5.02  6.10  7.30  7.94  7.85  7.40  6.78  6.36  4.51  2.05  1.06  0.81  0.38  0.23  0.09  0.06  0.04  0.04  0.03  0.03
 5 -30  0.04  0.11  0.19  0.37  0.73  1.08  1.75  3.20  4.72  5.74  7.15  8.12  8.20  7.85  7.18  6.73  4.43  1.82  0.81  0.60  0.25  0.10  0.06  0.05  0.04  0.04  0.04  0.03
 5 -25  0.04  0.11  0.18  0.36  0.70  1.04  1.67  3.07  4.51  5.46  6.90  8.23  8.53  8.37  7.44  6.78  4.31  1.67  0.65  0.48  0.19  0.06  0.04  0.04  0.04  0.04  0.04  0.03
 5 -20  0.03  0.10  0.17  0.34  0.67  0.99  1.60  2.95  4.25  5.11  6.63  8.38  8.92  8.85  7.69  6.83  4.20  1.53  0.49  0.36  0.14  0.05  0.03  0.03  0.03  0.03  0.04  0.03
 5 -15  0.03  0.10  0.17  0.33  0.65  0.97  1.56  2.89  4.12  4.98  6.49  8.36  9.11  9.23  7.98  7.08  4.24  1.43  0.43  0.31  0.12  0.04  0.03  0.03  0.03  0.03  0.03  0.03
 5 -10  0.03  0.10  0.17  0.33  0.65  0.95  1.54  2.83  4.02  4.85  6.44  8.39  9.32  9.62  8.30  7.33  4.25  1.32  0.35  0.26  0.11  0.03  0.03  0.03  0.03  0.03  0.03  0.03
 5  -5  0.03  0.10  0.16  0.33  0.64  0.94  1.52  2.79  3.97  4.81  6.45  8.40  9.38  9.74  8.23  7.12  4.04  1.15  0.31  0.23  0.10  0.03  0.03  0.03  0.03  0.03  0.03  0.03
 5   0  0.03  0.10  0.16  0.32  0.63  0.93  1.51  2.77  3.94  4.76  6.42  8.41  9.40  9.84  8.16  6.92  3.85  1.00  0.27  0.21  0.10  0.03  0.03  0.03  0.03  0.03  0.03  0.03
 5   5  0.03  0.10  0.16  0.32  0.63  0.93  1.51  2.79  3.97  4.82  6.48  8.50  9.40  9.72  8.25  7.14  4.14  1.26  0.44  0.34  0.16  0.03  0.03  0.03  0.03  0.03  0.03  0.03
 5  10  0.03  0.09  0.16  0.31  0.61  0.91  1.49  2.83  4.06  4.92  6.58  8.59  9.42  9.63  8.32  7.34  4.40  1.50  0.60  0.46  0.22  0.04  0.03  0.03  0.03  0.04  0.04  0.03
 5  15  0.03  0.09  0.16  0.31  0.61  0.91  1.49  2.83  4.07  4.93  6.56  8.53  9.30  9.37  8.14  7.25  4.30  1.58  0.64  0.49  0.24  0.05  0.04  0.04  0.04  0.05  0.05  0.04
 5  20  0.03  0.10  0.16  0.32  0.62  0.92  1.50  2.82  4.06  4.95  6.59  8.49  9.15  9.12  7.95  7.13  4.20  1.66  0.68  0.53  0.25  0.06  0.05  0.05  0.05  0.05  0.05  0.05
 5  25  0.03  0.09  0.16  0.31  0.62  0.91  1.49  2.81  4.03  4.90  6.54  8.37  9.03  8.96  7.79  7.02  4.41  1.83  0.79  0.62  0.32  0.11  0.07  0.06  0.06  0.06  0.06  0.05
 5  30  0.03  0.09  0.15  0.31  0.61  0.90  1.47  2.78  3.99  4.85  6.46  8.27  8.87  8.77  7.64  6.88  4.61  2.02  0.92  0.73  0.40  0.17  0.10  0.07  0.07  0.06  0.06  0.05
 5  35  0.03  0.09  0.15  0.31  0.61  0.90  1.46  2.73  3.92  4.75  6.32  8.12  8.68  8.54  7.46  6.72  4.61  2.26  1.16  0.94  0.57  0.32  0.15  0.09  0.08  0.06  0.06  0.05
 5  40  0.03  0.09  0.15  0.31  0.61  0.89  1.44  2.65  3.84  4.67  6.27  7.99  8.49  8.32  7.29  6.57  4.61  2.51  1.39  1.16  0.75  0.45  0.22  0.12  0.09  0.07  0.06  0.06
 5  45  0.03  0.09  0.15  0.30  0.59  0.87  1.41  2.60  3.74  4.56  6.13  7.79  8.26  8.04  6.99  6.30  4.57  2.69  1.61  1.35  0.90  0.55  0.35  0.16  0.10  0.07  0.06  0.06
 5  50  0.03  0.09  0.14  0.29  0.57  0.84  1.37  2.57  3.70  4.49  6.06  7.66  8.08  7.80  6.75  6.04  4.52  2.88  1.84  1.54  1.05  0.65  0.42  0.20  0.12  0.08  0.06  0.06
 5  55  0.03  0.08  0.14  0.28  0.55  0.82  1.33  2.52  3.59  4.37  5.95  7.49  7.81  7.45  6.43  5.74  4.51  3.01  1.95  1.63  1.11  0.69  0.47  0.28  0.13  0.08  0.06  0.06
 5  60  0.03  0.09  0.14  0.28  0.56  0.83  1.35  2.53  3.71  4.54  6.09  7.42  7.59  7.08  6.15  5.53  4.56  3.19  2.11  1.76  1.18  0.73  0.52  0.30  0.15  0.08  0.06  0.06
 5  65  0.03  0.08  0.14  0.28  0.55  0.81  1.32  2.48  3.64  4.45  5.91  7.06  7.11  6.54  5.64  5.05  4.28  3.21  2.24  1.87  1.28  0.79  0.58  0.36  0.16  0.08  0.06  0.06
 5  70  0.03  0.08  0.14  0.27  0.54  0.79  1.29  2.44  3.57  4.36  5.75  6.71  6.64  6.01  5.14  4.57  4.00  3.22  2.36  1.99  1.39  0.86  0.64  0.42  0.24  0.09  0.07  0.06
 5  75  0.03  0.08  0.14  0.27  0.54  0.80  1.30  2.45  3.63  4.46  5.78  6.47  6.24  5.55  4.92  4.53  4.14  3.31  2.40  2.03  1.42  0.88  0.64  0.41  0.23  0.09  0.07  0.06
 5  80  0.03  0.08  0.14  0.27  0.53  0.79  1.29  2.45  3.68  4.56  5.83  6.25  5.85  5.09  4.69  4.48  4.27  3.41  2.45  2.07  1.46  0.90  0.64  0.41  0.22  0.09  0.07  0.06
 5  85  0.03  0.08  0.14  0.27  0.53  0.79  1.29  2.44  3.68  4.57  5.85  6.27  5.86  5.09  4.68  4.48  4.29  3.44  2.47  2.09  1.46  0.90  0.65  0.42  0.23  0.09  0.07  0.06
 5  90  0.03  0.08  0.13  0.27  0.53  0.78  1.27  2.40  3.65  4.57  5.90  6.31  5.87  5.06  4.61  4.41  4.28  3.49  2.49  2.10  1.46  0.91  0.66  0.43  0.23  0.10  0.07  0.06
 6 -90  0.06  0.17  0.29  0.56  1.08  1.55  2.35  3.52  4.56  5.31  5.23  5.04  4.71  4.27  4.05  3.92  3.38  2.82  2.06  1.72  1.13  0.42  0.20  0.09  0.05  0.03  0.03  0.03
 6 -85  0.06  0.18  0.29  0.57  1.09  1.57  2.38  3.58  4.67  5.45  5.39  5.11  4.75  4.31  4.09  3.95  3.40  2.82  2.06  1.71  1.13  0.42  0.20  0.09  0.05  0.04  0.03  0.03
 6 -80  0.06  0.18  0.29  0.57  1.10  1.58  2.39  3.60  4.71  5.48  5.43  5.14  4.77  4.31  4.08  3.94  3.39  2.82  2.06  1.71  1.13  0.42  0.20  0.10  0.06  0.04  0.03  0.03
 6 -75  0.06  0.18  0.29  0.58  1.11  1.59  2.43  3.75  4.89  5.66  5.80  5.66  5.30  4.81  4.39  4.12  3.54  2.80  2.03  1.69  1.12  0.41  0.19  0.10  0.06  0.04  0.03  0.03
 6 -70  0.06  0.18  0.29  0.58  1.11  1.61  2.47  3.93  5.09  5.87  6.18  6.13  5.80  5.29  4.69  4.30  3.71  2.79  2.00  1.67  1.11  0.40  0.19  0.10  0.06  0.04  0.03  0.03
 6 -65  0.06  0.18  0.29  0.58  1.12  1.62  2.52  4.13  5.36  6.18  6.35  6.22  5.90  5.43  5.00  4.74  4.09  2.87  1.99  1.65  1.09  0.44  0.22  0.10  0.06  0.04  0.03  0.03
 6 -60  0.06  0.18  0.29  0.57  1.12  1.63  2.55  4.31  5.60  6.47  6.51  6.30  5.99  5.54  5.31  5.16  4.46  2.94  1.98  1.63  1.05  0.47  0.26  0.10  0.06  0.04  0.03  0.03
 6 -55  0.06  0.17  0.29  0.56  1.10  1.62  2.56  4.47  5.97  6.93  6.88  6.56  6.24  5.88  5.71  5.56  4.62  2.79  1.82  1.50  0.92  0.45  0.27  0.10  0.06  0.04  0.03  0.03
 6 -50  0.06  0.17  0.28  0.56  1.10  1.61  2.56  4.51  6.14  7.20  7.16  6.84  6.53  6.13  6.05  5.94  4.76  2.62  1.58  1.29  0.79  0.42  0.28  0.09  0.05  0.04  0.03  0.03
 6 -45  0.05  0.16  0.26  0.51  1.00  1.47  2.33  4.12  5.79  6.90  7.30  7.22  6.90  6.40  6.08  5.85  4.70  2.55  1.50  1.22  0.74  0.39  0.25  0.08  0.05  0.04  0.03  0.03
 6 -40  0.05  0.14  0.23  0.46  0.90  1.32  2.11  3.76  5.48  6.64  7.47  7.61  7.29  6.71  6.18  5.78  4.63  2.45  1.41  1.15  0.68  0.36  0.22  0.07  0.05  0.04  0.03  0.03
 6 -35  0.04  0.13  0.21  0.42  0.82  1.20  1.93  3.49  5.11  6.19  7.27  7.78  7.62  7.14  6.55  6.13  4.71  2.23  1.12  0.90  0.51  0.26  0.12  0.07  0.05  0.04  0.03  0.03
 6 -30  0.04  0.11  0.19  0.38  0.74  1.10  1.77  3.22  4.72  5.72  7.07  7.94  7.97  7.59  6.93  6.47  4.78  2.00  0.84  0.65  0.34  0.18  0.07  0.05  0.05  0.04  0.04  0.03
 6 -25  0.04  0.11  0.18  0.37  0.72  1.06  1.70  3.09  4.52  5.48  6.87  8.03  8.22  7.99  7.20  6.64  4.59  1.78  0.66  0.50  0.24  0.07  0.05  0.04  0.04  0.04  0.04  0.04
 6 -20  0.04  0.11  0.18  0.36  0.70  1.03  1.65  2.96  4.28  5.17  6.64  8.16  8.55  8.37  7.48  6.81  4.40  1.56  0.49  0.36  0.15  0.05  0.04  0.04  0.04  0.04  0.04  0.04
 6 -15  0.03  0.10  0.17  0.34  0.68  1.00  1.61  2.93  4.22  5.11  6.58  8.22  8.77  8.74  7.65  6.88  4.26  1.47  0.46  0.34  0.14  0.04  0.03  0.03  0.03  0.04  0.04  0.04
 6 -10  0.03  0.10  0.17  0.34  0.68  0.99  1.60  2.89  4.16  5.05  6.62  8.31  9.01  9.14  7.86  6.94  4.08  1.36  0.43  0.32  0.14  0.04  0.03  0.03  0.03  0.03  0.04  0.03
 6  -5  0.03  0.10  0.17  0.34  0.67  0.99  1.59  2.86  4.14  5.04  6.67  8.38  9.15  9.34  8.06  7.14  4.15  1.30  0.39  0.30  0.14  0.04  0.03  0.03  0.03  0.03  0.03  0.03
 6   0  0.03  0.10  0.17  0.33  0.65  0.96  1.55  2.88  4.14  5.04  6.71  8.48  9.27  9.53  8.27  7.37  4.24  1.25  0.36  0.28  0.14  0.04  0.03  0.03  0.03  0.03  0.03  0.03
 6   5  0.03  0.10  0.17  0.33  0.65  0.96  1.55  2.88  4.15  5.06  6.74  8.55  9.29  9.51  8.30  7.40  4.40  1.40  0.48  0.38  0.19  0.04  0.03  0.03  0.03  0.03  0.03  0.03
 6  10  0.03  0.10  0.16  0.32  0.63  0.94  1.53  2.91  4.20  5.11  6.79  8.63  9.34  9.50  8.30  7.42  4.53  1.54  0.59  0.46  0.23  0.04  0.03  0.03  0.04  0.04  0.04  0.03
 6  15  0.03  0.10  0.16  0.32  0.63  0.94  1.53  2.90  4.19  5.08  6.72  8.56  9.23  9.27  8.07  7.20  4.43  1.60  0.62  0.49  0.25  0.05  0.04  0.04  0.04  0.05  0.05  0.04
 6  20  0.03  0.10  0.16  0.32  0.64  0.95  1.54  2.88  4.15  5.05  6.70  8.52  9.12  9.08  7.82  6.95  4.34  1.67  0.66  0.52  0.27  0.07  0.05  0.05  0.05  0.05  0.05  0.04
 6  25  0.03  0.10  0.16  0.32  0.63  0.93  1.52  2.85  4.09  4.97  6.59  8.37  9.00  8.93  7.82  7.08  4.49  1.79  0.70  0.55  0.29  0.10  0.07  0.06  0.06  0.06  0.05  0.05
 6  30  0.03  0.09  0.16  0.31  0.61  0.91  1.49  2.82  4.02  4.89  6.46  8.24  8.85  8.77  7.82  7.19  4.62  1.92  0.75  0.59  0.31  0.14  0.08  0.07  0.06  0.06  0.05  0.05
 6  35  0.03  0.09  0.16  0.31  0.61  0.90  1.47  2.75  3.92  4.74  6.28  8.05  8.64  8.54  7.55  6.88  4.59  2.15  1.00  0.80  0.46  0.20  0.11  0.08  0.07  0.06  0.06  0.05
 6  40  0.03  0.09  0.15  0.30  0.60  0.89  1.44  2.66  3.81  4.61  6.17  7.86  8.41  8.31  7.28  6.57  4.54  2.39  1.26  1.02  0.60  0.34  0.17  0.11  0.08  0.07  0.06  0.05
 6  45  0.03  0.09  0.15  0.29  0.58  0.86  1.39  2.58  3.66  4.43  5.94  7.61  8.14  8.02  6.98  6.29  4.53  2.55  1.46  1.20  0.75  0.44  0.27  0.14  0.09  0.07  0.06  0.05
 6  50  0.03  0.08  0.14  0.28  0.55  0.82  1.33  2.53  3.56  4.30  5.78  7.42  7.92  7.75  6.72  6.03  4.51  2.70  1.65  1.37  0.90  0.53  0.35  0.16  0.10  0.07  0.06  0.05
 6  55  0.03  0.08  0.13  0.27  0.53  0.78  1.28  2.44  3.39  4.09  5.56  7.18  7.61  7.38  6.41  5.74  4.32  2.77  1.73  1.43  0.95  0.56  0.39  0.18  0.11  0.08  0.06  0.05
 6  60  0.03  0.08  0.13  0.26  0.52  0.78  1.27  2.42  3.46  4.18  5.58  7.02  7.34  6.97  6.11  5.54  4.20  2.90  1.86  1.53  0.99  0.59  0.43  0.26  0.13  0.08  0.06  0.05
 6  65  0.03  0.08  0.13  0.26  0.51  0.75  1.23  2.34  3.36  4.06  5.41  6.71  6.91  6.45  5.57  4.98  3.90  2.89  1.96  1.63  1.08  0.63  0.48  0.29  0.15  0.08  0.07  0.05
 6  70  0.02  0.07  0.12  0.25  0.49  0.73  1.19  2.26  3.26  3.94  5.25  6.42  6.50  5.96  5.04  4.42  3.61  2.88  2.06  1.73  1.17  0.67  0.54  0.33  0.16  0.09  0.07  0.05
 6  75  0.02  0.07  0.12  0.24  0.47  0.70  1.14  2.18  3.21  3.92  5.28  6.30  6.24  5.61  4.80  4.25  3.65  2.91  2.10  1.77  1.22  0.69  0.55  0.34  0.18  0.09  0.07  0.05
 6  80  0.02  0.07  0.11  0.23  0.45  0.67  1.10  2.10  3.16  3.89  5.31  6.19  5.98  5.27  4.55  4.08  3.68  2.95  2.14  1.81  1.28  0.72  0.57  0.36  0.20  0.09  0.07  0.05
 6  85  0.02  0.07  0.11  0.23  0.45  0.67  1.10  2.10  3.16  3.89  5.31  6.19  5.99  5.27  4.55  4.07  3.68  2.95  2.14  1.82  1.28  0.72  0.58  0.37  0.20  0.10  0.07  0.06
 6  90  0.02  0.07  0.11  0.23  0.45  0.67  1.09  2.09  3.12  3.86  5.28  6.17  6.00  5.29  4.54  4.04  3.63  2.92  2.11  1.79  1.25  0.72  0.59  0.38  0.21  0.10  0.07  0.06
 7 -90  0.05  0.16  0.26  0.51  0.97  1.39  2.08  2.95  4.10  4.88  5.18  5.26  5.08  4.56  4.20  3.95  3.61  2.77  2.04  1.67  1.07  0.42  0.18  0.08  0.05  0.03  0.03  0.03
 7 -85  0.05  0.16  0.26  0.51  0.98  1.40  2.09  2.99  4.18  4.99  5.33  5.37  5.13  4.59  4.25  3.99  3.65  2.80  2.05  1.67  1.06  0.41  0.19  0.08  0.05  0.03  0.03  0.03
 7 -80  0.05  0.16  0.26  0.52  0.98  1.40  2.10  3.00  4.21  5.02  5.35  5.41  5.16  4.60  4.25  3.99  3.65  2.80  2.05  1.68  1.06  0.41  0.19  0.08  0.05  0.03  0.03  0.03
 7 -75  0.05  0.15  0.25  0.49  0.93  1.33  1.99  2.88  4.12  4.96  5.49  5.85  5.72  5.18  4.54  4.09  3.54  2.80  2.06  1.70  1.09  0.42  0.19  0.08  0.05  0.03  0.03  0.03
 7 -70  0.05  0.14  0.23  0.45  0.87  1.25  1.88  2.80  4.07  4.95  5.70  6.31  6.24  5.72  4.81  4.18  3.44  2.80  2.08  1.72  1.13  0.43  0.20  0.09  0.05  0.04  0.03  0.03
 7 -65  0.05  0.14  0.24  0.47  0.91  1.31  2.02  3.21  4.55  5.47  6.10  6.41  6.19  5.64  5.09  4.74  4.03  2.93  2.06  1.72  1.15  0.46  0.22  0.09  0.06  0.04  0.03  0.03
 7 -60  0.05  0.15  0.24  0.48  0.94  1.36  2.13  3.59  4.97  5.94  6.42  6.45  6.11  5.57  5.37  5.28  4.58  3.04  2.02  1.70  1.17  0.48  0.26  0.10  0.06  0.04  0.03  0.03
 7 -55  0.05  0.14  0.24  0.47  0.92  1.35  2.16  3.82  5.34  6.36  6.81  6.74  6.38  5.94  5.83  5.76  4.76  2.92  1.90  1.58  1.01  0.46  0.27  0.09  0.06  0.04  0.03  0.03
 7 -50  0.05  0.14  0.24  0.47  0.92  1.36  2.18  3.93  5.54  6.61  7.11  7.02  6.66  6.19  6.23  6.23  4.94  2.77  1.70  1.39  0.86  0.42  0.28  0.08  0.05  0.04  0.03  0.03
 7 -45  0.05  0.14  0.23  0.45  0.89  1.30  2.09  3.73  5.35  6.43  7.22  7.37  7.04  6.51  6.27  6.11  4.92  2.78  1.65  1.34  0.80  0.39  0.25  0.08  0.05  0.04  0.03  0.03
 7 -40  0.04  0.13  0.22  0.43  0.84  1.23  1.98  3.57  5.21  6.31  7.37  7.75  7.49  6.91  6.39  6.01  4.89  2.78  1.60  1.28  0.73  0.35  0.23  0.08  0.05  0.04  0.04  0.03
 7 -35  0.04  0.12  0.20  0.40  0.79  1.16  1.86  3.39  4.95  6.00  7.22  7.86  7.73  7.26  6.56  6.07  4.83  2.55  1.32  1.04  0.56  0.27  0.18  0.09  0.06  0.04  0.04  0.03
 7 -30  0.04  0.11  0.19  0.37  0.74  1.09  1.75  3.21  4.68  5.67  7.05  7.98  8.01  7.62  6.74  6.12  4.76  2.31  1.05  0.81  0.39  0.19  0.09  0.07  0.05  0.04  0.04  0.04
 7 -25  0.04  0.11  0.19  0.37  0.72  1.07  1.71  3.09  4.53  5.52  6.95  8.09  8.21  7.91  7.01  6.38  4.61  2.01  0.82  0.62  0.28  0.08  0.06  0.05  0.05  0.04  0.04  0.04
 7 -20  0.04  0.11  0.18  0.36  0.71  1.05  1.67  2.98  4.35  5.30  6.81  8.22  8.46  8.16  7.27  6.64  4.46  1.72  0.58  0.43  0.18  0.06  0.04  0.04  0.04  0.04  0.04  0.04
 7 -15  0.04  0.11  0.18  0.35  0.69  1.01  1.63  2.95  4.30  5.23  6.77  8.32  8.74  8.56  7.54  6.87  4.22  1.52  0.53  0.39  0.17  0.05  0.04  0.04  0.04  0.04  0.04  0.04
 7 -10  0.04  0.11  0.18  0.35  0.68  1.01  1.61  2.92  4.25  5.19  6.83  8.46  9.05  9.03  7.88  7.10  3.96  1.31  0.47  0.35  0.16  0.04  0.03  0.03  0.03  0.04  0.04  0.04
 7  -5  0.04  0.10  0.17  0.35  0.68  1.00  1.60  2.89  4.22  5.17  6.86  8.54  9.23  9.29  7.94  7.03  4.02  1.28  0.46  0.35  0.17  0.04  0.03  0.03  0.03  0.04  0.04  0.03
 7   0  0.03  0.10  0.16  0.33  0.64  0.95  1.55  2.91  4.23  5.18  6.92  8.68  9.42  9.55  8.03  6.99  4.11  1.26  0.46  0.36  0.18  0.04  0.03  0.03  0.03  0.03  0.04  0.03
 7   5  0.03  0.10  0.17  0.33  0.65  0.97  1.57  2.90  4.24  5.19  6.94  8.73  9.42  9.55  8.19  7.23  4.34  1.46  0.58  0.45  0.21  0.04  0.03  0.03  0.03  0.03  0.03  0.03
 7  10  0.03  0.10  0.16  0.32  0.64  0.95  1.55  2.94  4.29  5.23  6.98  8.80  9.46  9.56  8.33  7.45  4.55  1.65  0.69  0.53  0.24  0.04  0.03  0.03  0.03  0.04  0.03  0.03
 7  15  0.03  0.10  0.16  0.33  0.65  0.96  1.56  2.94  4.29  5.22  6.92  8.69  9.30  9.30  8.14  7.31  4.54  1.71  0.71  0.54  0.24  0.05  0.04  0.04  0.04  0.04  0.04  0.03
 7  20  0.03  0.10  0.17  0.33  0.66  0.98  1.58  2.94  4.26  5.20  6.89  8.63  9.15  9.09  7.95  7.15  4.54  1.76  0.74  0.56  0.25  0.07  0.05  0.05  0.05  0.05  0.05  0.04
 7  25  0.03  0.10  0.16  0.33  0.65  0.96  1.56  2.94  4.24  5.15  6.78  8.46  9.01  8.92  7.79  7.02  4.51  1.89  0.78  0.59  0.26  0.09  0.06  0.06  0.06  0.06  0.05  0.04
 7  30  0.03  0.10  0.16  0.32  0.64  0.95  1.54  2.93  4.19  5.10  6.68  8.32  8.84  8.74  7.63  6.88  4.47  2.01  0.83  0.62  0.26  0.12  0.07  0.07  0.06  0.06  0.05  0.04
 7  35  0.03  0.10  0.16  0.32  0.63  0.93  1.52  2.86  4.09  4.95  6.47  8.10  8.61  8.49  7.43  6.71  4.46  2.13  0.99  0.76  0.37  0.14  0.09  0.07  0.07  0.06  0.06  0.05
 7  40  0.03  0.09  0.16  0.31  0.62  0.91  1.49  2.78  3.98  4.81  6.33  7.89  8.36  8.25  7.23  6.53  4.44  2.26  1.16  0.91  0.48  0.19  0.11  0.08  0.07  0.06  0.06  0.05
 7  45  0.03  0.09  0.15  0.30  0.60  0.88  1.43  2.67  3.80  4.59  6.07  7.63  8.08  7.95  6.93  6.26  4.43  2.40  1.30  1.05  0.61  0.30  0.16  0.11  0.08  0.07  0.06  0.05
 7  50  0.03  0.09  0.14  0.29  0.57  0.84  1.37  2.59  3.66  4.42  5.87  7.40  7.83  7.66  6.67  6.00  4.41  2.53  1.45  1.19  0.75  0.40  0.27  0.13  0.09  0.07  0.06  0.05
 7  55  0.03  0.08  0.14  0.27  0.54  0.80  1.31  2.49  3.47  4.19  5.64  7.15  7.53  7.30  6.28  5.59  4.20  2.57  1.53  1.27  0.83  0.46  0.32  0.16  0.11  0.07  0.06  0.05
 7  60  0.03  0.08  0.13  0.27  0.53  0.79  1.29  2.46  3.52  4.26  5.64  6.99  7.26  6.89  5.93  5.28  4.06  2.66  1.67  1.39  0.91  0.51  0.37  0.20  0.12  0.08  0.06  0.05
 7  65  0.03  0.08  0.13  0.26  0.51  0.75  1.24  2.37  3.39  4.10  5.42  6.63  6.78  6.34  5.35  4.68  3.70  2.66  1.77  1.47  1.00  0.54  0.41  0.25  0.13  0.08  0.06  0.05
 7  70  0.02  0.07  0.12  0.25  0.49  0.72  1.19  2.27  3.26  3.94  5.21  6.27  6.31  5.78  4.77  4.07  3.34  2.66  1.85  1.56  1.08  0.57  0.44  0.28  0.14  0.08  0.06  0.05
 7  75  0.02  0.07  0.12  0.23  0.46  0.69  1.13  2.17  3.19  3.89  5.18  6.08  5.99  5.39  4.50  3.89  3.31  2.71  1.91  1.61  1.11  0.57  0.46  0.29  0.15  0.08  0.06  0.05
 7  80  0.02  0.07  0.11  0.22  0.44  0.66  1.08  2.06  3.12  3.85  5.17  5.90  5.66  4.99  4.23  3.71  3.28  2.74  1.98  1.65  1.14  0.58  0.48  0.31  0.16  0.09  0.07  0.05
 7  85  0.02  0.07  0.11  0.22  0.44  0.66  1.08  2.06  3.12  3.85  5.17  5.90  5.66  4.98  4.23  3.72  3.28  2.74  1.97  1.65  1.14  0.58  0.49  0.31  0.18  0.09  0.07  0.05
 7  90  0.02  0.07  0.11  0.22  0.44  0.66  1.08  2.06  3.10  3.83  5.15  5.85  5.62  4.96  4.20  3.69  3.22  2.69  1.95  1.63  1.12  0.57  0.50  0.31  0.18  0.09  0.07  0.05
 8 -90  0.04  0.12  0.20  0.40  0.76  1.09  1.64  2.40  3.40  4.13  5.11  6.15  6.15  5.40  4.35  3.51  2.95  2.56  1.87  1.54  1.00  0.41  0.15  0.07  0.05  0.04  0.03  0.03
 8 -85  0.04  0.13  0.21  0.41  0.77  1.11  1.67  2.45  3.54  4.30  5.28  6.25  6.23  5.43  4.36  3.55  3.02  2.60  1.88  1.55  1.01  0.41  0.16  0.07  0.05  0.04  0.03  0.03
 8 -80  0.04  0.13  0.21  0.41  0.78  1.12  1.69  2.49  3.60  4.37  5.34  6.27  6.25  5.44  4.38  3.58  3.04  2.62  1.90  1.56  1.01  0.41  0.15  0.07  0.05  0.04  0.03  0.03
 8 -75  0.04  0.13  0.21  0.42  0.80  1.16  1.77  2.75  3.87  4.65  5.52  6.23  6.17  5.54  4.58  3.88  3.24  2.71  1.96  1.62  1.08  0.44  0.15  0.07  0.05  0.04  0.03  0.03
 8 -70  0.04  0.13  0.21  0.42  0.81  1.18  1.83  3.00  4.13  4.91  5.70  6.21  6.11  5.63  4.74  4.15  3.44  2.82  2.03  1.70  1.15  0.47  0.15  0.07  0.05  0.04  0.03  0.03
 8 -65  0.04  0.12  0.21  0.41  0.79  1.16  1.83  3.15  4.36  5.22  6.07  6.51  6.35  5.80  5.14  4.77  4.02  3.03  2.04  1.69  1.12  0.48  0.17  0.08  0.05  0.04  0.03  0.03
 8 -60  0.04  0.12  0.20  0.40  0.78  1.15  1.84  3.30  4.60  5.51  6.39  6.74  6.52  5.94  5.56  5.37  4.55  3.19  2.01  1.67  1.09  0.49  0.27  0.09  0.06  0.04  0.03  0.03
 8 -55  0.04  0.12  0.20  0.40  0.79  1.16  1.89  3.51  4.99  5.96  6.86  7.14  6.89  6.42  6.02  5.76  4.82  3.21  1.98  1.64  1.05  0.48  0.28  0.10  0.06  0.04  0.03  0.03
 8 -50  0.04  0.12  0.20  0.40  0.80  1.18  1.93  3.62  5.20  6.25  7.24  7.56  7.31  6.79  6.42  6.13  5.10  3.21  1.86  1.54  0.99  0.46  0.30  0.10  0.06  0.04  0.04  0.03
 8 -45  0.04  0.12  0.20  0.41  0.80  1.18  1.91  3.52  5.10  6.18  7.29  7.80  7.58  7.03  6.43  6.02  5.04  3.14  1.78  1.46  0.92  0.43  0.28  0.10  0.06  0.04  0.04  0.03
 8 -40  0.04  0.12  0.20  0.40  0.79  1.17  1.88  3.46  5.07  6.14  7.39  8.05  7.92  7.35  6.53  5.95  4.98  3.06  1.71  1.39  0.85  0.40  0.27  0.10  0.06  0.04  0.04  0.04
 8 -35  0.04  0.12  0.19  0.38  0.76  1.12  1.80  3.32  4.87  5.93  7.30  8.14  8.07  7.55  6.64  6.02  4.88  2.77  1.40  1.12  0.65  0.30  0.21  0.09  0.06  0.05  0.04  0.04
 8 -30  0.04  0.11  0.18  0.36  0.72  1.06  1.72  3.18  4.67  5.69  7.19  8.23  8.25  7.77  6.76  6.08  4.76  2.48  1.11  0.86  0.46  0.21  0.10  0.07  0.06  0.05  0.04  0.04
 8 -25  0.04  0.11  0.18  0.36  0.71  1.05  1.68  3.06  4.51  5.51  7.09  8.38  8.49  8.09  7.03  6.31  4.62  2.15  0.82  0.63  0.31  0.08  0.06  0.05  0.05  0.05  0.05  0.04
 8 -20  0.04  0.11  0.18  0.36  0.70  1.03  1.65  2.94  4.33  5.30  6.95  8.54  8.79  8.38  7.29  6.54  4.49  1.81  0.55  0.41  0.17  0.06  0.05  0.04  0.04  0.04  0.05  0.04
 8 -15  0.03  0.10  0.17  0.34  0.67  0.99  1.59  2.90  4.25  5.18  6.85  8.62  9.08  8.80  7.60  6.82  4.23  1.58  0.52  0.38  0.15  0.05  0.04  0.04  0.04  0.04  0.04  0.04
 8 -10  0.03  0.10  0.17  0.33  0.66  0.97  1.57  2.86  4.17  5.09  6.85  8.73  9.40  9.32  7.99  7.11  3.95  1.33  0.49  0.36  0.14  0.04  0.04  0.03  0.04  0.04  0.04  0.04
 8  -5  0.03  0.10  0.17  0.33  0.65  0.96  1.55  2.82  4.12  5.05  6.85  8.76  9.57  9.61  8.14  7.19  3.94  1.30  0.49  0.36  0.14  0.04  0.03  0.03  0.03  0.04  0.04  0.04
 8   0  0.03  0.09  0.16  0.31  0.62  0.92  1.50  2.85  4.13  5.05  6.89  8.90  9.78  9.90  8.33  7.29  3.96  1.27  0.49  0.37  0.15  0.04  0.03  0.03  0.03  0.04  0.04  0.03
 8   5  0.03  0.10  0.16  0.32  0.64  0.94  1.53  2.85  4.16  5.08  6.92  8.91  9.73  9.86  8.39  7.38  4.24  1.43  0.60  0.44  0.17  0.04  0.03  0.03  0.03  0.04  0.03  0.03
 8  10  0.03  0.10  0.16  0.32  0.63  0.94  1.53  2.89  4.22  5.15  6.97  8.96  9.71  9.81  8.43  7.46  4.50  1.60  0.70  0.51  0.20  0.04  0.03  0.03  0.03  0.04  0.03  0.03
 8  15  0.03  0.10  0.16  0.33  0.64  0.95  1.55  2.91  4.29  5.22  6.99  8.84  9.46  9.45  8.21  7.31  4.48  1.66  0.73  0.53  0.21  0.05  0.04  0.04  0.04  0.04  0.04  0.03
 8  20  0.03  0.10  0.17  0.34  0.66  0.98  1.58  2.93  4.31  5.28  7.04  8.78  9.26  9.18  7.99  7.15  4.48  1.72  0.76  0.56  0.22  0.06  0.05  0.05  0.05  0.05  0.05  0.04
 8  25  0.03  0.10  0.17  0.33  0.65  0.97  1.58  2.98  4.36  5.31  6.99  8.61  9.07  8.94  7.80  7.01  4.45  1.84  0.79  0.58  0.23  0.08  0.06  0.06  0.06  0.06  0.05  0.04
 8  30  0.03  0.10  0.17  0.33  0.65  0.97  1.58  3.00  4.37  5.34  6.97  8.48  8.87  8.71  7.61  6.85  4.43  1.95  0.83  0.61  0.24  0.10  0.07  0.06  0.06  0.06  0.05  0.04
 8  35  0.03  0.10  0.17  0.33  0.65  0.97  1.57  2.96  4.29  5.22  6.79  8.24  8.62  8.44  7.39  6.68  4.42  2.03  0.95  0.72  0.33  0.12  0.08  0.07  0.07  0.06  0.05  0.05
 8  40  0.03  0.10  0.16  0.32  0.64  0.95  1.55  2.91  4.21  5.11  6.65  8.03  8.35  8.18  7.19  6.50  4.38  2.11  1.06  0.82  0.41  0.15  0.10  0.08  0.07  0.06  0.05  0.05
 8  45  0.03  0.10  0.16  0.32  0.63  0.93  1.51  2.82  4.06  4.94  6.46  7.79  8.08  7.86  6.87  6.21  4.28  2.25  1.21  0.96  0.53  0.23  0.13  0.09  0.08  0.06  0.06  0.05
 8  50  0.03  0.09  0.15  0.31  0.61  0.90  1.46  2.76  3.96  4.81  6.30  7.58  7.82  7.54  6.58  5.93  4.18  2.37  1.37  1.11  0.67  0.31  0.19  0.12  0.09  0.07  0.06  0.05
 8  55  0.03  0.09  0.15  0.29  0.58  0.86  1.40  2.67  3.80  4.63  6.14  7.38  7.54  7.17  6.21  5.55  3.94  2.45  1.49  1.21  0.75  0.35  0.23  0.15  0.10  0.07  0.06  0.05
 8  60  0.03  0.09  0.14  0.29  0.57  0.84  1.38  2.66  3.88  4.73  6.19  7.25  7.28  6.75  5.87  5.27  3.78  2.60  1.67  1.35  0.84  0.39  0.26  0.17  0.11  0.07  0.06  0.05
 8  65  0.03  0.08  0.14  0.28  0.55  0.82  1.35  2.58  3.77  4.59  5.94  6.80  6.70  6.11  5.26  4.70  3.53  2.61  1.76  1.44  0.92  0.44  0.31  0.19  0.11  0.07  0.06  0.05
 8  70  0.03  0.08  0.14  0.27  0.54  0.80  1.31  2.51  3.65  4.43  5.67  6.33  6.11  5.46  4.66  4.12  3.28  2.63  1.84  1.52  0.99  0.48  0.35  0.22  0.12  0.07  0.06  0.05
 8  75  0.03  0.08  0.13  0.27  0.53  0.79  1.29  2.47  3.59  4.36  5.41  5.77  5.43  4.78  4.18  3.79  3.25  2.64  1.88  1.56  1.03  0.51  0.37  0.23  0.13  0.08  0.06  0.05
 8  80  0.03  0.08  0.13  0.26  0.52  0.77  1.27  2.43  3.55  4.30  5.15  5.22  4.76  4.11  3.72  3.45  3.21  2.65  1.92  1.60  1.07  0.53  0.37  0.24  0.14  0.08  0.06  0.05
 8  85  0.03  0.08  0.13  0.26  0.52  0.77  1.27  2.43  3.56  4.31  5.14  5.20  4.75  4.11  3.72  3.47  3.22  2.65  1.92  1.60  1.07  0.53  0.38  0.24  0.15  0.08  0.06  0.05
 8  90  0.03  0.08  0.13  0.26  0.52  0.77  1.27  2.44  3.57  4.33  5.12  5.13  4.68  4.06  3.69  3.45  3.19  2.61  1.90  1.58  1.07  0.53  0.38  0.23  0.16  0.08  0.06  0.05
 9 -90  0.04  0.11  0.19  0.37  0.72  1.05  1.64  2.73  3.94  4.77  5.33  5.72  5.59  5.14  4.37  3.71  2.28  1.60  1.19  1.02  0.71  0.37  0.11  0.06  0.04  0.04  0.03  0.03
 9 -85  0.04  0.11  0.19  0.37  0.72  1.05  1.64  2.73  3.94  4.81  5.41  5.83  5.69  5.21  4.36  3.73  2.38  1.70  1.23  1.04  0.72  0.38  0.12  0.06  0.05  0.04  0.03  0.03
 9 -80  0.04  0.11  0.19  0.37  0.72  1.05  1.64  2.73  3.96  4.85  5.49  5.92  5.76  5.24  4.37  3.75  2.42  1.75  1.26  1.06  0.74  0.39  0.13  0.07  0.05  0.04  0.03  0.03
 9 -75  0.04  0.11  0.18  0.36  0.71  1.03  1.63  2.80  3.99  4.88  5.80  6.30  6.13  5.56  4.63  4.04  2.71  1.96  1.40  1.18  0.82  0.42  0.15  0.07  0.05  0.04  0.03  0.03
 9 -70  0.04  0.11  0.18  0.35  0.69  1.01  1.61  2.86  4.01  4.86  6.02  6.60  6.45  5.87  4.88  4.28  2.98  2.17  1.55  1.31  0.91  0.46  0.17  0.08  0.05  0.04  0.03  0.03
 9 -65  0.04  0.11  0.18  0.35  0.69  1.01  1.64  2.99  4.22  5.10  6.32  6.94  6.87  6.37  5.55  5.04  3.72  2.64  1.79  1.49  1.01  0.50  0.25  0.08  0.05  0.04  0.03  0.03
 9 -60  0.04  0.11  0.18  0.36  0.70  1.04  1.68  3.11  4.43  5.37  6.65  7.31  7.26  6.78  6.21  5.81  4.42  3.02  1.96  1.63  1.08  0.54  0.28  0.09  0.06  0.04  0.03  0.03
 9 -55  0.04  0.11  0.18  0.36  0.72  1.07  1.74  3.28  4.75  5.73  6.98  7.63  7.56  7.18  6.56  6.10  4.79  3.20  2.03  1.67  1.03  0.53  0.29  0.10  0.06  0.04  0.04  0.03
 9 -50  0.04  0.11  0.18  0.37  0.73  1.08  1.77  3.37  4.90  5.94  7.25  7.97  7.93  7.49  6.84  6.36  5.16  3.38  2.02  1.63  0.96  0.50  0.29  0.10  0.06  0.04  0.04  0.03
 9 -45  0.04  0.11  0.19  0.37  0.73  1.08  1.76  3.29  4.84  5.91  7.30  8.14  8.09  7.57  6.77  6.20  5.05  3.26  1.91  1.52  0.87  0.46  0.28  0.10  0.06  0.04  0.04  0.04
 9 -40  0.04  0.11  0.18  0.37  0.73  1.07  1.74  3.25  4.82  5.88  7.38  8.32  8.31  7.75  6.76  6.08  4.95  3.14  1.80  1.42  0.78  0.42  0.27  0.10  0.06  0.05  0.04  0.04
 9 -35  0.04  0.11  0.18  0.36  0.70  1.04  1.69  3.15  4.68  5.73  7.33  8.45  8.49  7.95  6.85  6.10  4.84  2.81  1.48  1.15  0.58  0.30  0.21  0.09  0.06  0.05  0.04  0.04
 9 -30  0.03  0.10  0.17  0.34  0.68  1.00  1.63  3.06  4.53  5.55  7.25  8.55  8.68  8.18  6.95  6.12  4.73  2.47  1.17  0.88  0.40  0.20  0.10  0.07  0.06  0.05  0.05  0.04
 9 -25  0.03  0.10  0.17  0.34  0.67  1.00  1.61  2.96  4.37  5.36  7.10  8.67  8.92  8.49  7.20  6.33  4.67  2.22  0.95  0.71  0.30  0.09  0.06  0.05  0.05  0.05  0.05  0.05
 9 -20  0.03  0.10  0.17  0.34  0.66  0.98  1.57  2.87  4.21  5.15  6.92  8.78  9.19  8.78  7.44  6.53  4.62  1.96  0.73  0.54  0.21  0.06  0.05  0.04  0.04  0.05  0.05  0.05
 9 -15  0.03  0.10  0.16  0.32  0.64  0.94  1.53  2.84  4.12  5.01  6.75  8.78  9.38  9.14  7.72  6.80  4.34  1.67  0.63  0.46  0.18  0.05  0.04  0.04  0.04  0.04  0.05  0.05
 9 -10  0.03  0.10  0.16  0.31  0.62  0.92  1.50  2.82  4.04  4.91  6.68  8.79  9.63  9.61  8.08  7.08  4.02  1.36  0.52  0.38  0.15  0.05  0.04  0.04  0.04  0.04  0.04  0.04
 9  -5  0.03  0.09  0.16  0.31  0.62  0.92  1.49  2.78  3.99  4.87  6.65  8.76  9.75  9.88  8.17  7.07  3.94  1.32  0.52  0.38  0.15  0.04  0.04  0.04  0.04  0.04  0.04  0.04
 9   0  0.03  0.09  0.15  0.30  0.59  0.88  1.45  2.80  4.00  4.87  6.68  8.86  9.93 10.18  8.31  7.09  3.89  1.27  0.52  0.38  0.15  0.04  0.03  0.03  0.03  0.04  0.04  0.03
 9   5  0.03  0.09  0.16  0.31  0.61  0.91  1.49  2.80  4.05  4.92  6.72  8.85  9.84 10.08  8.41  7.28  4.17  1.42  0.59  0.43  0.16  0.04  0.03  0.03  0.03  0.04  0.03  0.03
 9  10  0.03  0.09  0.16  0.31  0.62  0.92  1.50  2.84  4.11  5.00  6.80  8.90  9.78  9.96  8.49  7.46  4.43  1.56  0.66  0.48  0.18  0.04  0.03  0.03  0.03  0.04  0.03  0.03
 9  15  0.03  0.10  0.16  0.32  0.63  0.93  1.52  2.86  4.21  5.11  6.89  8.82  9.52  9.55  8.25  7.31  4.41  1.58  0.67  0.48  0.18  0.04  0.03  0.04  0.04  0.04  0.04  0.03
 9  20  0.03  0.10  0.17  0.33  0.65  0.96  1.55  2.88  4.25  5.21  7.00  8.80  9.31  9.23  8.02  7.16  4.40  1.60  0.68  0.50  0.18  0.05  0.04  0.04  0.04  0.05  0.05  0.04
 9  25  0.03  0.10  0.16  0.32  0.64  0.95  1.55  2.94  4.32  5.29  7.00  8.63  9.07  8.92  7.89  7.16  4.44  1.67  0.70  0.51  0.19  0.07  0.05  0.05  0.05  0.05  0.05  0.04
 9  30  0.03  0.10  0.16  0.33  0.65  0.96  1.56  2.96  4.38  5.38  7.04  8.49  8.82  8.62  7.75  7.15  4.49  1.74  0.72  0.53  0.20  0.08  0.06  0.05  0.05  0.05  0.05  0.05
 9  35  0.03  0.10  0.17  0.33  0.65  0.97  1.58  2.98  4.39  5.38  6.97  8.26  8.52  8.29  7.38  6.77  4.40  1.91  0.91  0.68  0.29  0.10  0.07  0.06  0.06  0.06  0.05  0.05
 9  40  0.03  0.10  0.17  0.33  0.66  0.97  1.58  2.98  4.40  5.38  6.92  8.05  8.21  7.96  7.02  6.37  4.29  2.07  1.08  0.82  0.38  0.14  0.09  0.07  0.06  0.06  0.05  0.05
 9  45  0.03  0.10  0.17  0.33  0.66  0.98  1.59  2.97  4.38  5.37  6.87  7.83  7.88  7.54  6.65  6.05  4.19  2.21  1.22  0.96  0.51  0.21  0.12  0.09  0.07  0.06  0.05  0.05
 9  50  0.03  0.10  0.17  0.33  0.66  0.98  1.59  2.98  4.39  5.38  6.83  7.61  7.55  7.13  6.31  5.74  4.10  2.34  1.38  1.11  0.64  0.27  0.16  0.11  0.08  0.06  0.05  0.05
 9  55  0.03  0.10  0.16  0.32  0.64  0.95  1.56  2.98  4.36  5.35  6.76  7.40  7.21  6.70  5.88  5.31  3.92  2.42  1.50  1.22  0.74  0.32  0.20  0.14  0.09  0.06  0.05  0.05
 9  60  0.03  0.10  0.16  0.33  0.65  0.97  1.58  3.04  4.55  5.59  6.90  7.26  6.89  6.22  5.48  4.99  3.81  2.55  1.67  1.36  0.84  0.37  0.24  0.16  0.10  0.06  0.05  0.05
 9  65  0.03  0.10  0.17  0.33  0.66  0.98  1.61  3.08  4.56  5.57  6.64  6.76  6.31  5.61  4.90  4.42  3.57  2.54  1.77  1.45  0.92  0.43  0.28  0.18  0.10  0.06  0.05  0.05
 9  70  0.03  0.10  0.17  0.34  0.67  0.99  1.63  3.11  4.56  5.53  6.37  6.25  5.71  5.00  4.31  3.85  3.31  2.53  1.86  1.54  1.01  0.48  0.32  0.20  0.11  0.06  0.05  0.05
 9  75  0.03  0.10  0.17  0.34  0.67  1.00  1.64  3.13  4.34  5.15  5.63  5.47  5.05  4.49  4.08  3.81  3.27  2.53  1.86  1.54  1.02  0.49  0.32  0.20  0.11  0.07  0.05  0.05
 9  80  0.03  0.10  0.17  0.34  0.68  1.01  1.65  3.15  4.11  4.73  4.89  4.70  4.40  3.98  3.85  3.77  3.21  2.53  1.86  1.55  1.03  0.49  0.33  0.21  0.12  0.07  0.05  0.05
 9  85  0.03  0.10  0.17  0.34  0.68  1.01  1.66  3.16  4.08  4.68  4.82  4.68  4.40  3.99  3.85  3.77  3.21  2.52  1.86  1.55  1.04  0.49  0.33  0.21  0.12  0.07  0.06  0.05
 9  90  0.03  0.10  0.17  0.34  0.68  1.01  1.66  3.16  4.05  4.63  4.76  4.64  4.37  3.96  3.82  3.74  3.18  2.48  1.85  1.55  1.03  0.49  0.34  0.22  0.13  0.07  0.06  0.05
10 -90  0.03  0.09  0.15  0.30  0.58  0.86  1.38  2.53  3.57  4.32  5.70  6.56  6.56  5.98  5.01  4.39  2.96  1.01  0.66  0.64  0.53  0.40  0.11  0.06  0.05  0.04  0.03  0.03
10 -85  0.03  0.09  0.15  0.30  0.59  0.87  1.40  2.56  3.59  4.30  5.60  6.45  6.47  5.95  5.05  4.46  3.07  1.11  0.69  0.63  0.50  0.40  0.12  0.06  0.05  0.04  0.03  0.03
10 -80  0.03  0.09  0.15  0.30  0.58  0.86  1.39  2.55  3.56  4.27  5.57  6.44  6.48  5.99  5.06  4.46  3.08  1.16  0.71  0.66  0.52  0.40  0.13  0.06  0.05  0.04  0.03  0.03
10 -75  0.03  0.09  0.15  0.30  0.59  0.87  1.40  2.58  3.62  4.35  5.67  6.67  6.80  6.37  5.61  5.09  3.55  1.59  0.96  0.85  0.62  0.44  0.24  0.07  0.05  0.04  0.03  0.03
10 -70  0.03  0.09  0.15  0.30  0.59  0.87  1.41  2.62  3.70  4.47  5.80  6.89  7.07  6.70  6.14  5.70  3.98  2.02  1.22  1.05  0.72  0.49  0.27  0.08  0.05  0.04  0.03  0.03
10 -65  0.03  0.09  0.16  0.31  0.61  0.90  1.47  2.74  3.93  4.77  6.14  7.22  7.38  7.02  6.67  6.35  4.58  2.58  1.57  1.32  0.86  0.52  0.28  0.09  0.06  0.04  0.03  0.03
10 -60  0.03  0.10  0.16  0.32  0.63  0.94  1.52  2.85  4.16  5.08  6.49  7.57  7.71  7.35  7.16  6.98  5.15  3.06  1.85  1.52  0.95  0.53  0.30  0.10  0.06  0.04  0.03  0.03
10 -55  0.03  0.10  0.16  0.33  0.65  0.96  1.56  2.95  4.38  5.34  6.78  7.82  7.92  7.62  7.15  6.78  5.19  3.24  1.99  1.62  0.96  0.50  0.29  0.17  0.06  0.04  0.04  0.03
10 -50  0.03  0.10  0.16  0.33  0.65  0.96  1.57  2.99  4.46  5.45  6.99  8.10  8.20  7.81  7.08  6.56  5.23  3.40  2.08  1.67  0.97  0.46  0.27  0.16  0.06  0.04  0.04  0.03
10 -45  0.03  0.10  0.16  0.32  0.64  0.95  1.55  2.95  4.41  5.42  7.05  8.29  8.42  7.91  7.16  6.64  5.31  3.42  2.04  1.62  0.92  0.43  0.26  0.09  0.06  0.05  0.04  0.04
10 -40  0.03  0.10  0.16  0.32  0.64  0.95  1.55  2.93  4.38  5.39  7.11  8.50  8.66  8.11  7.30  6.77  5.41  3.45  1.99  1.58  0.87  0.40  0.25  0.09  0.06  0.05  0.04  0.04
10 -35  0.03  0.10  0.16  0.32  0.63  0.94  1.53  2.90  4.31  5.30  7.07  8.62  8.87  8.34  7.36  6.71  5.14  2.92  1.53  1.19  0.62  0.29  0.15  0.09  0.06  0.05  0.05  0.04
10 -30  0.03  0.09  0.16  0.31  0.62  0.92  1.51  2.87  4.23  5.18  7.00  8.71  9.07  8.61  7.43  6.66  4.87  2.38  1.06  0.80  0.37  0.16  0.10  0.07  0.06  0.05  0.05  0.04
10 -25  0.03  0.10  0.16  0.32  0.63  0.93  1.51  2.83  4.15  5.06  6.85  8.77  9.25  8.92  7.60  6.72  4.62  2.04  0.85  0.64  0.27  0.09  0.07  0.06  0.05  0.05  0.05  0.05
10 -20  0.03  0.10  0.16  0.31  0.62  0.92  1.50  2.80  4.06  4.94  6.70  8.81  9.44  9.20  7.75  6.76  4.39  1.68  0.65  0.47  0.18  0.06  0.05  0.05  0.05  0.05  0.05  0.05
10 -15  0.03  0.09  0.15  0.30  0.60  0.89  1.46  2.78  4.00  4.85  6.58  8.74  9.51  9.41  7.96  7.01  4.21  1.52  0.57  0.42  0.15  0.05  0.04  0.04  0.04  0.05  0.05  0.05
10 -10  0.03  0.09  0.15  0.30  0.59  0.87  1.44  2.78  3.96  4.80  6.53  8.69  9.65  9.75  8.25  7.27  4.01  1.37  0.49  0.36  0.13  0.04  0.04  0.04  0.04  0.04  0.04  0.04
10  -5  0.03  0.09  0.15  0.30  0.59  0.87  1.44  2.76  3.93  4.77  6.49  8.61  9.68  9.92  8.31  7.28  3.93  1.33  0.47  0.35  0.13  0.04  0.03  0.03  0.03  0.04  0.04  0.04
10   0  0.03  0.09  0.15  0.29  0.58  0.86  1.42  2.76  3.95  4.78  6.52  8.65  9.75 10.12  8.43  7.30  3.87  1.30  0.45  0.33  0.13  0.04  0.03  0.03  0.03  0.04  0.04  0.03
10   5  0.03  0.09  0.15  0.30  0.60  0.89  1.46  2.78  3.99  4.83  6.53  8.60  9.64  9.99  8.41  7.34  4.10  1.40  0.53  0.39  0.14  0.04  0.03  0.03  0.03  0.04  0.03  0.03
10  10  0.03  0.09  0.15  0.31  0.61  0.90  1.48  2.82  4.04  4.89  6.59  8.61  9.53  9.83  8.37  7.36  4.31  1.51  0.61  0.44  0.15  0.04  0.03  0.03  0.03  0.04  0.04  0.03
10  15  0.03  0.09  0.16  0.31  0.62  0.92  1.50  2.83  4.12  4.98  6.67  8.54  9.27  9.40  8.09  7.15  4.28  1.54  0.63  0.45  0.15  0.04  0.04  0.04  0.04  0.04  0.04  0.04
10  20  0.03  0.10  0.16  0.32  0.64  0.94  1.53  2.84  4.15  5.05  6.74  8.51  9.07  9.07  7.83  6.94  4.25  1.56  0.65  0.47  0.16  0.05  0.04  0.04  0.04  0.05  0.05  0.04
10  25  0.03  0.10  0.16  0.32  0.63  0.94  1.53  2.92  4.28  5.22  6.85  8.37  8.80  8.69  7.68  6.94  4.31  1.62  0.67  0.48  0.18  0.07  0.05  0.05  0.05  0.05  0.05  0.05
10  30  0.03  0.10  0.16  0.33  0.65  0.96  1.57  2.96  4.40  5.40  6.99  8.27  8.51  8.32  7.50  6.92  4.37  1.67  0.69  0.51  0.19  0.08  0.06  0.05  0.05  0.05  0.05  0.05
10  35  0.03  0.10  0.17  0.34  0.67  1.00  1.62  3.05  4.55  5.58  7.05  8.03  8.11  7.80  7.03  6.50  4.30  1.86  0.90  0.68  0.31  0.11  0.07  0.06  0.05  0.05  0.05  0.05
10  40  0.04  0.11  0.18  0.35  0.69  1.02  1.67  3.13  4.69  5.77  7.14  7.79  7.69  7.31  6.58  6.07  4.23  2.05  1.10  0.85  0.42  0.19  0.10  0.07  0.06  0.05  0.05  0.05
10  45  0.04  0.11  0.18  0.37  0.72  1.07  1.74  3.23  4.84  5.95  7.15  7.55  7.33  6.90  6.27  5.84  4.24  2.25  1.27  1.00  0.54  0.22  0.13  0.09  0.07  0.06  0.05  0.05
10  50  0.04  0.11  0.19  0.38  0.75  1.11  1.80  3.36  4.99  6.13  7.16  7.29  6.96  6.51  5.98  5.60  4.23  2.44  1.45  1.17  0.68  0.27  0.15  0.12  0.08  0.06  0.05  0.05
10  55  0.04  0.12  0.19  0.38  0.76  1.13  1.84  3.47  5.03  6.14  7.01  7.03  6.65  6.17  5.66  5.29  4.14  2.48  1.54  1.25  0.76  0.32  0.19  0.14  0.09  0.06  0.05  0.05
10  60  0.04  0.12  0.20  0.40  0.79  1.17  1.92  3.64  5.28  6.40  7.05  6.83  6.36  5.78  5.36  5.06  4.12  2.59  1.68  1.37  0.85  0.38  0.23  0.16  0.10  0.06  0.05  0.05
10  65  0.04  0.12  0.21  0.41  0.81  1.20  1.96  3.69  5.16  6.16  6.61  6.34  5.88  5.33  4.95  4.69  3.88  2.60  1.81  1.49  0.97  0.43  0.26  0.17  0.10  0.06  0.05  0.05
10  70  0.04  0.13  0.21  0.42  0.82  1.22  1.99  3.74  5.02  5.91  6.17  5.86  5.42  4.89  4.54  4.31  3.63  2.62  1.94  1.62  1.09  0.49  0.29  0.19  0.10  0.06  0.05  0.05
10  75  0.04  0.13  0.21  0.41  0.82  1.21  1.97  3.69  4.60  5.24  5.45  5.30  4.98  4.52  4.19  3.98  3.49  2.64  1.99  1.67  1.14  0.51  0.30  0.20  0.10  0.06  0.05  0.05
10  80  0.04  0.12  0.21  0.41  0.81  1.20  1.95  3.64  4.19  4.57  4.75  4.75  4.55  4.16  3.84  3.65  3.33  2.65  2.03  1.71  1.18  0.53  0.31  0.21  0.11  0.06  0.05  0.05
10  85  0.04  0.12  0.21  0.41  0.81  1.19  1.94  3.63  4.18  4.58  4.76  4.78  4.58  4.17  3.84  3.64  3.32  2.65  2.03  1.72  1.19  0.54  0.31  0.21  0.13  0.06  0.05  0.05
10  90  0.04  0.12  0.20  0.41  0.80  1.19  1.93  3.61  4.18  4.60  4.80  4.80  4.60  4.17  3.80  3.59  3.29  2.65  2.03  1.72  1.18  0.54  0.32  0.21  0.13  0.06  0.05  0.05
11 -90  0.03  0.08  0.13  0.26  0.50  0.75  1.22  2.28  3.22  3.87  5.21  6.35  6.67  6.63  6.41  6.04  4.58  2.30  1.41  1.23  0.83  0.50  0.28  0.16  0.06  0.04  0.03  0.02
11 -85  0.03  0.08  0.13  0.26  0.51  0.75  1.22  2.30  3.27  3.94  5.28  6.40  6.66  6.50  6.25  5.95  4.64  2.36  1.40  1.19  0.78  0.48  0.28  0.08  0.05  0.04  0.03  0.02
11 -80  0.03  0.08  0.13  0.26  0.51  0.76  1.23  2.31  3.28  3.94  5.29  6.39  6.63  6.45  6.20  5.92  4.62  2.37  1.41  1.20  0.79  0.48  0.29  0.17  0.05  0.04  0.03  0.02
11 -75  0.03  0.08  0.13  0.26  0.52  0.77  1.25  2.35  3.34  4.03  5.34  6.51  6.78  6.56  6.46  6.31  4.87  2.54  1.52  1.29  0.86  0.52  0.30  0.18  0.05  0.04  0.03  0.03
11 -70  0.03  0.08  0.13  0.26  0.52  0.77  1.26  2.37  3.40  4.12  5.41  6.66  6.95  6.68  6.71  6.68  5.11  2.70  1.62  1.37  0.92  0.56  0.32  0.19  0.06  0.04  0.03  0.03
11 -65  0.03  0.08  0.14  0.27  0.54  0.80  1.30  2.45  3.53  4.30  5.67  6.96  7.24  6.91  6.89  6.86  5.22  2.91  1.75  1.45  0.93  0.56  0.32  0.18  0.06  0.04  0.03  0.03
11 -60  0.03  0.08  0.14  0.28  0.55  0.82  1.34  2.52  3.66  4.48  5.92  7.25  7.52  7.16  7.08  7.04  5.32  3.13  1.87  1.51  0.92  0.54  0.32  0.18  0.06  0.04  0.03  0.03
11 -55  0.03  0.09  0.15  0.29  0.57  0.85  1.38  2.60  3.83  4.66  6.13  7.54  7.83  7.54  7.04  6.69  5.15  3.16  1.91  1.52  0.85  0.47  0.28  0.17  0.06  0.04  0.03  0.03
11 -50  0.03  0.09  0.15  0.29  0.57  0.85  1.39  2.63  3.86  4.69  6.28  7.84  8.20  7.82  6.94  6.33  4.96  3.16  1.88  1.49  0.81  0.39  0.25  0.10  0.06  0.04  0.04  0.03
11 -45  0.03  0.09  0.14  0.29  0.57  0.84  1.38  2.64  3.85  4.70  6.34  8.06  8.50  8.08  7.09  6.42  4.99  3.14  1.83  1.43  0.76  0.36  0.23  0.09  0.06  0.05  0.04  0.03
11 -40  0.03  0.09  0.14  0.28  0.56  0.84  1.38  2.66  3.85  4.69  6.40  8.28  8.81  8.41  7.29  6.53  5.04  3.11  1.76  1.38  0.72  0.34  0.21  0.08  0.06  0.05  0.04  0.04
11 -35  0.03  0.09  0.14  0.29  0.57  0.85  1.40  2.69  3.90  4.74  6.47  8.44  9.04  8.70  7.46  6.61  4.78  2.61  1.33  1.02  0.50  0.25  0.12  0.07  0.06  0.05  0.05  0.04
11 -30  0.03  0.09  0.15  0.29  0.58  0.86  1.41  2.73  3.93  4.76  6.50  8.54  9.23  9.02  7.63  6.69  4.51  2.10  0.90  0.68  0.29  0.15  0.09  0.06  0.06  0.05  0.05  0.04
11 -25  0.03  0.09  0.15  0.30  0.59  0.88  1.44  2.74  3.96  4.80  6.52  8.63  9.37  9.25  7.74  6.68  4.34  1.90  0.75  0.56  0.22  0.09  0.06  0.05  0.05  0.05  0.05  0.04
11 -20  0.03  0.09  0.15  0.30  0.59  0.88  1.44  2.77  3.99  4.84  6.56  8.72  9.50  9.45  7.81  6.66  4.16  1.67  0.61  0.44  0.16  0.06  0.05  0.05  0.05  0.05  0.05  0.04
11 -15  0.03  0.09  0.15  0.29  0.58  0.87  1.43  2.79  4.00  4.86  6.58  8.72  9.53  9.56  7.98  6.90  4.05  1.51  0.55  0.40  0.15  0.05  0.04  0.04  0.04  0.05  0.05  0.04
11 -10  0.03  0.09  0.14  0.29  0.57  0.86  1.43  2.83  4.05  4.92  6.66  8.74  9.65  9.79  8.21  7.14  3.93  1.35  0.48  0.36  0.14  0.04  0.04  0.04  0.04  0.04  0.04  0.04
11  -5  0.03  0.09  0.14  0.29  0.58  0.86  1.43  2.83  4.05  4.93  6.65  8.64  9.58  9.80  8.20  7.13  3.83  1.29  0.46  0.34  0.14  0.04  0.03  0.03  0.03  0.04  0.04  0.03
11   0  0.03  0.09  0.15  0.30  0.59  0.88  1.45  2.83  4.09  4.96  6.69  8.63  9.55  9.85  8.24  7.13  3.75  1.22  0.44  0.33  0.13  0.04  0.03  0.03  0.03  0.04  0.03  0.03
11   5  0.03  0.09  0.15  0.30  0.60  0.90  1.47  2.83  4.07  4.94  6.60  8.48  9.40  9.70  8.18  7.14  3.95  1.31  0.48  0.36  0.13  0.04  0.03  0.03  0.03  0.04  0.04  0.03
11  10  0.03  0.09  0.15  0.31  0.61  0.91  1.48  2.84  4.08  4.93  6.55  8.38  9.22  9.51  8.11  7.14  4.15  1.40  0.53  0.38  0.14  0.04  0.03  0.03  0.04  0.04  0.04  0.04
11  15  0.03  0.09  0.16  0.31  0.62  0.92  1.50  2.86  4.14  5.02  6.60  8.25  8.90  9.04  7.81  6.91  4.07  1.44  0.54  0.39  0.14  0.04  0.04  0.04  0.04  0.04  0.04  0.04
11  20  0.03  0.10  0.16  0.32  0.64  0.94  1.53  2.87  4.17  5.07  6.63  8.16  8.63  8.65  7.53  6.69  4.00  1.46  0.55  0.40  0.14  0.05  0.04  0.04  0.04  0.04  0.05  0.04
11  25  0.03  0.10  0.16  0.32  0.64  0.95  1.56  2.99  4.36  5.32  6.78  8.00  8.30  8.21  7.30  6.61  4.10  1.56  0.62  0.46  0.18  0.06  0.05  0.05  0.05  0.05  0.05  0.04
11  30  0.03  0.10  0.17  0.34  0.67  1.00  1.62  3.05  4.54  5.56  6.96  7.87  7.96  7.75  7.04  6.53  4.19  1.66  0.71  0.53  0.22  0.09  0.06  0.05  0.05  0.05  0.05  0.05
11  35  0.04  0.11  0.18  0.36  0.71  1.05  1.71  3.21  4.79  5.86  7.05  7.63  7.56  7.23  6.67  6.28  4.37  1.97  0.97  0.74  0.35  0.15  0.08  0.06  0.05  0.05  0.05  0.05
11  40  0.04  0.11  0.19  0.38  0.75  1.11  1.80  3.37  5.03  6.15  7.16  7.39  7.16  6.77  6.34  6.02  4.55  2.28  1.21  0.94  0.48  0.20  0.12  0.08  0.06  0.05  0.05  0.05
11  45  0.04  0.12  0.20  0.40  0.79  1.17  1.90  3.54  5.21  6.35  7.12  7.13  6.82  6.42  6.13  5.93  4.60  2.45  1.40  1.11  0.62  0.26  0.16  0.11  0.08  0.06  0.05  0.05
11  50  0.04  0.13  0.21  0.43  0.84  1.24  2.01  3.72  5.39  6.53  7.07  6.86  6.49  6.11  5.95  5.84  4.64  2.62  1.60  1.30  0.77  0.34  0.19  0.13  0.09  0.06  0.05  0.05
11  55  0.04  0.13  0.22  0.43  0.85  1.26  2.05  3.82  5.28  6.33  6.75  6.58  6.25  5.90  5.71  5.57  4.48  2.66  1.67  1.39  0.91  0.39  0.22  0.14  0.09  0.06  0.05  0.05
11  60  0.04  0.13  0.22  0.44  0.87  1.29  2.11  3.97  5.39  6.38  6.62  6.37  6.03  5.64  5.50  5.40  4.40  2.75  1.80  1.52  1.04  0.45  0.25  0.16  0.10  0.06  0.05  0.05
11  65  0.04  0.13  0.22  0.43  0.85  1.26  2.04  3.84  5.14  6.05  6.37  6.23  5.94  5.54  5.27  5.08  4.30  2.85  1.99  1.70  1.22  0.54  0.29  0.19  0.10  0.06  0.05  0.05
11  70  0.04  0.13  0.21  0.42  0.83  1.23  1.99  3.68  4.89  5.73  6.12  6.09  5.84  5.43  5.03  4.76  4.20  2.94  2.17  1.88  1.39  0.64  0.33  0.21  0.10  0.06  0.05  0.05
11  75  0.04  0.13  0.21  0.42  0.82  1.21  1.94  3.53  4.61  5.37  5.69  5.45  5.06  4.60  4.22  3.97  3.65  2.86  2.10  1.82  1.33  0.60  0.31  0.19  0.10  0.06  0.05  0.05
11  80  0.04  0.12  0.21  0.41  0.80  1.18  1.89  3.38  4.34  5.00  5.25  4.81  4.28  3.77  3.42  3.19  3.10  2.78  2.03  1.75  1.26  0.56  0.28  0.18  0.11  0.06  0.05  0.05
11  85  0.04  0.12  0.21  0.41  0.80  1.18  1.89  3.39  4.34  4.99  5.25  4.82  4.29  3.78  3.43  3.20  3.10  2.78  2.03  1.75  1.26  0.56  0.28  0.18  0.11  0.06  0.05  0.05
11  90  0.04  0.12  0.21  0.41  0.80  1.18  1.89  3.39  4.33  4.99  5.27  4.82  4.30  3.77  3.39  3.15  3.07  2.77  2.03  1.74  1.26  0.55  0.28  0.17  0.11  0.06  0.05  0.05
12 -90  0.02  0.07  0.11  0.23  0.45  0.67  1.08  2.00  2.94  3.60  4.98  6.13  6.18  5.70  5.51  5.45  4.87  3.45  2.16  1.79  1.15  0.58  0.37  0.21  0.10  0.05  0.03  0.02
12 -85  0.02  0.07  0.11  0.23  0.45  0.66  1.08  2.00  2.94  3.60  4.99  6.13  6.20  5.70  5.45  5.34  4.79  3.41  2.11  1.73  1.08  0.54  0.36  0.21  0.10  0.04  0.03  0.02
12 -80  0.02  0.07  0.11  0.23  0.45  0.67  1.08  2.00  2.94  3.61  4.99  6.13  6.20  5.69  5.42  5.30  4.77  3.40  2.10  1.72  1.08  0.54  0.36  0.21  0.10  0.04  0.03  0.02
12 -75  0.02  0.07  0.12  0.23  0.46  0.69  1.11  2.07  3.01  3.68  5.01  6.21  6.36  5.87  5.57  5.44  4.85  3.37  2.07  1.70  1.07  0.53  0.36  0.20  0.06  0.04  0.03  0.02
12 -70  0.02  0.07  0.12  0.24  0.48  0.71  1.15  2.14  3.08  3.75  5.04  6.30  6.52  6.05  5.75  5.59  4.92  3.33  2.02  1.66  1.04  0.53  0.35  0.20  0.06  0.04  0.03  0.03
12 -65  0.03  0.08  0.13  0.25  0.49  0.73  1.19  2.22  3.18  3.87  5.20  6.59  6.90  6.49  6.12  5.90  4.96  3.25  1.94  1.57  0.97  0.50  0.33  0.18  0.07  0.04  0.03  0.03
12 -60  0.03  0.08  0.13  0.26  0.51  0.76  1.23  2.30  3.28  3.99  5.36  6.88  7.29  6.94  6.50  6.21  5.01  3.17  1.86  1.49  0.88  0.45  0.30  0.17  0.07  0.04  0.03  0.03
12 -55  0.03  0.08  0.14  0.27  0.54  0.79  1.29  2.41  3.46  4.16  5.55  7.20  7.72  7.54  6.86  6.39  4.91  2.98  1.73  1.37  0.76  0.40  0.26  0.15  0.07  0.04  0.03  0.03
12 -50  0.03  0.08  0.14  0.28  0.54  0.81  1.31  2.46  3.50  4.20  5.67  7.53  8.20  8.03  7.16  6.55  4.78  2.76  1.53  1.21  0.64  0.34  0.21  0.11  0.07  0.05  0.04  0.03
12 -45  0.03  0.08  0.14  0.27  0.54  0.81  1.32  2.51  3.57  4.30  5.83  7.79  8.55  8.39  7.17  6.30  4.56  2.59  1.43  1.12  0.59  0.30  0.19  0.09  0.06  0.05  0.04  0.03
12 -40  0.03  0.08  0.14  0.27  0.54  0.81  1.33  2.59  3.64  4.38  5.96  8.03  8.87  8.78  7.19  6.07  4.35  2.41  1.31  1.02  0.53  0.26  0.12  0.07  0.06  0.05  0.04  0.04
12 -35  0.03  0.08  0.14  0.28  0.56  0.83  1.37  2.65  3.78  4.55  6.18  8.24  9.07  8.98  7.56  6.56  4.35  2.10  1.02  0.78  0.38  0.18  0.10  0.07  0.05  0.05  0.04  0.04
12 -30  0.03  0.09  0.14  0.28  0.57  0.84  1.39  2.72  3.88  4.68  6.36  8.41  9.22  9.18  7.92  7.05  4.34  1.79  0.73  0.55  0.24  0.12  0.07  0.06  0.05  0.05  0.05  0.04
12 -25  0.03  0.09  0.15  0.29  0.58  0.87  1.43  2.76  4.00  4.84  6.54  8.61  9.37  9.33  7.95  6.99  4.22  1.68  0.63  0.46  0.18  0.08  0.06  0.05  0.05  0.05  0.05  0.04
12 -20  0.03  0.09  0.15  0.29  0.58  0.87  1.44  2.83  4.11  5.00  6.76  8.81  9.52  9.46  7.96  6.91  4.09  1.54  0.53  0.38  0.14  0.06  0.05  0.04  0.04  0.05  0.05  0.04
12 -15  0.03  0.09  0.15  0.29  0.58  0.87  1.45  2.86  4.18  5.14  6.94  8.94  9.60  9.58  8.07  7.03  4.02  1.43  0.48  0.35  0.13  0.05  0.04  0.04  0.04  0.04  0.04  0.04
12 -10  0.03  0.09  0.14  0.29  0.58  0.87  1.45  2.92  4.30  5.29  7.16  9.10  9.80  9.78  8.23  7.16  3.94  1.32  0.43  0.32  0.13  0.04  0.03  0.03  0.04  0.04  0.04  0.03
12  -5  0.03  0.09  0.15  0.29  0.58  0.87  1.46  2.93  4.32  5.32  7.16  9.01  9.69  9.72  8.04  6.89  3.77  1.26  0.41  0.31  0.13  0.04  0.03  0.03  0.03  0.04  0.03  0.03
12   0  0.03  0.09  0.15  0.31  0.61  0.91  1.50  2.91  4.35  5.35  7.19  8.95  9.58  9.67  7.88  6.63  3.62  1.20  0.39  0.30  0.14  0.04  0.03  0.03  0.03  0.04  0.03  0.03
12   5  0.03  0.09  0.16  0.31  0.62  0.92  1.51  2.91  4.31  5.30  7.02  8.71  9.34  9.40  7.84  6.77  3.83  1.30  0.43  0.33  0.13  0.04  0.03  0.03  0.04  0.04  0.04  0.03
12  10  0.03  0.09  0.16  0.31  0.62  0.93  1.52  2.92  4.29  5.25  6.91  8.50  9.06  9.11  7.80  6.90  4.04  1.40  0.48  0.36  0.13  0.04  0.04  0.04  0.04  0.04  0.04  0.04
12  15  0.03  0.09  0.16  0.31  0.62  0.93  1.52  2.92  4.30  5.25  6.86  8.28  8.71  8.65  7.48  6.64  3.98  1.48  0.51  0.37  0.13  0.04  0.04  0.04  0.04  0.04  0.05  0.04
12  20  0.03  0.10  0.16  0.32  0.64  0.95  1.54  2.91  4.28  5.23  6.77  8.08  8.37  8.23  7.17  6.39  3.90  1.54  0.54  0.39  0.13  0.05  0.04  0.04  0.04  0.05  0.05  0.05
12  25  0.03  0.10  0.16  0.32  0.64  0.95  1.56  2.99  4.37  5.35  6.76  7.81  7.98  7.78  7.03  6.46  4.13  1.69  0.66  0.49  0.20  0.06  0.05  0.05  0.05  0.05  0.05  0.05
12  30  0.03  0.10  0.17  0.34  0.67  0.99  1.61  3.02  4.47  5.44  6.76  7.58  7.59  7.31  6.86  6.53  4.36  1.86  0.80  0.60  0.26  0.09  0.07  0.06  0.05  0.05  0.05  0.05
12  35  0.04  0.11  0.18  0.36  0.71  1.05  1.70  3.19  4.66  5.64  6.73  7.30  7.23  6.90  6.65  6.48  4.68  2.20  1.10  0.85  0.44  0.20  0.10  0.07  0.06  0.05  0.05  0.05
12  40  0.04  0.11  0.19  0.38  0.75  1.11  1.79  3.34  4.84  5.83  6.73  7.04  6.87  6.54  6.48  6.42  4.98  2.54  1.37  1.10  0.63  0.29  0.16  0.10  0.07  0.06  0.05  0.05
12  45  0.04  0.12  0.20  0.40  0.79  1.17  1.89  3.51  4.98  5.94  6.62  6.78  6.60  6.32  6.25  6.20  4.93  2.81  1.60  1.30  0.78  0.36  0.19  0.13  0.09  0.06  0.05  0.05
12  50  0.04  0.13  0.21  0.42  0.83  1.23  2.00  3.69  5.09  6.05  6.52  6.53  6.36  6.16  6.05  5.97  4.85  3.07  1.84  1.50  0.93  0.43  0.23  0.15  0.09  0.06  0.05  0.05
12  55  0.04  0.13  0.21  0.42  0.84  1.23  2.00  3.69  4.87  5.73  6.21  6.39  6.26  6.07  5.83  5.66  4.63  3.06  1.94  1.62  1.08  0.51  0.27  0.16  0.10  0.06  0.05  0.05
12  60  0.04  0.13  0.21  0.42  0.83  1.24  2.00  3.74  4.87  5.68  6.12  6.30  6.18  5.93  5.64  5.44  4.47  3.11  2.10  1.78  1.23  0.59  0.30  0.18  0.10  0.06  0.05  0.05
12  65  0.04  0.13  0.22  0.43  0.85  1.25  2.00  3.63  4.79  5.61  6.10  6.27  6.11  5.79  5.41  5.15  4.36  3.07  2.16  1.84  1.30  0.62  0.30  0.18  0.10  0.06  0.05  0.05
12  70  0.04  0.13  0.22  0.44  0.86  1.26  2.00  3.53  4.71  5.53  6.07  6.24  6.03  5.66  5.18  4.85  4.24  3.02  2.21  1.90  1.37  0.65  0.29  0.18  0.10  0.06  0.05  0.05
12  75  0.04  0.13  0.21  0.42  0.82  1.20  1.88  3.22  4.44  5.28  5.86  5.88  5.59  5.16  4.72  4.42  4.02  3.05  2.23  1.91  1.37  0.65  0.32  0.19  0.11  0.06  0.05  0.05
12  80  0.04  0.12  0.20  0.40  0.78  1.13  1.76  2.92  4.18  5.04  5.65  5.52  5.15  4.67  4.27  4.00  3.80  3.08  2.24  1.92  1.38  0.65  0.34  0.21  0.11  0.06  0.05  0.05
12  85  0.04  0.12  0.20  0.40  0.78  1.13  1.77  2.94  4.19  5.04  5.65  5.53  5.17  4.70  4.30  4.01  3.81  3.08  2.25  1.92  1.38  0.65  0.34  0.21  0.11  0.06  0.05  0.05
12  90  0.04  0.12  0.21  0.41  0.79  1.15  1.80  2.99  4.24  5.07  5.66  5.58  5.25  4.80  4.39  4.08  3.84  3.09  2.24  1.91  1.38  0.66  0.34  0.21  0.11  0.06  0.05  0.05
