     0.010
     0.030
     0.050
     0.100
     0.200
     0.300
     0.500
     1.000
     1.500
     2.000
     3.000
     5.000
     7.000
    10.000
    15.000
    20.000
    30.000
    50.000
    70.000
    80.000
   100.000
   150.000
   200.000
   250.000
   300.000
   400.000
   500.000
   600.000
 1 -90  0.02  0.07  0.11  0.22  0.43  0.64  1.04  1.90  2.71  3.27  4.54  5.54  5.52  4.97  4.29  3.81  3.58  2.85  1.94  1.57  0.96  0.39  0.28  0.18  0.09  0.05  0.03  0.02
 1 -85  0.02  0.07  0.11  0.22  0.43  0.64  1.04  1.91  2.71  3.27  4.54  5.53  5.52  4.97  4.29  3.81  3.58  2.85  1.94  1.57  0.96  0.39  0.28  0.18  0.09  0.05  0.03  0.02
 1 -80  0.02  0.07  0.11  0.22  0.43  0.64  1.04  1.91  2.71  3.27  4.54  5.53  5.52  4.97  4.29  3.81  3.58  2.85  1.94  1.57  0.96  0.39  0.28  0.18  0.09  0.05  0.03  0.02
 1 -75  0.02  0.07  0.11  0.23  0.45  0.66  1.07  1.98  2.79  3.34  4.55  5.66  5.75  5.25  4.64  4.19  3.87  2.92  1.93  1.56  0.94  0.39  0.28  0.18  0.09  0.04  0.03  0.02
 1 -70  0.02  0.07  0.12  0.23  0.46  0.68  1.10  2.05  2.86  3.41  4.56  5.78  5.99  5.54  4.98  4.58  4.16  2.99  1.93  1.55  0.93  0.39  0.27  0.17  0.08  0.04  0.03  0.02
 1 -65  0.02  0.07  0.12  0.24  0.48  0.71  1.15  2.13  2.96  3.53  4.71  6.10  6.46  6.11  5.59  5.22  4.35  2.95  1.84  1.47  0.86  0.36  0.26  0.16  0.07  0.04  0.03  0.02
 1 -60  0.03  0.08  0.13  0.25  0.50  0.74  1.19  2.21  3.06  3.65  4.87  6.42  6.93  6.67  6.20  5.87  4.55  2.91  1.75  1.39  0.80  0.34  0.24  0.15  0.07  0.04  0.03  0.03
 1 -55  0.03  0.08  0.13  0.27  0.53  0.78  1.26  2.33  3.21  3.79  5.03  6.72  7.36  7.27  6.62  6.15  4.39  2.65  1.51  1.19  0.64  0.26  0.19  0.11  0.07  0.04  0.03  0.03
 1 -50  0.03  0.08  0.14  0.27  0.54  0.80  1.29  2.38  3.28  3.86  5.16  7.03  7.82  7.79  6.99  6.42  4.22  2.37  1.21  0.94  0.48  0.19  0.14  0.09  0.06  0.04  0.04  0.03
 1 -45  0.03  0.08  0.14  0.27  0.54  0.80  1.30  2.45  3.37  3.98  5.34  7.28  8.14  8.15  7.16  6.45  4.21  2.32  1.15  0.90  0.45  0.19  0.13  0.07  0.06  0.04  0.04  0.03
 1 -40  0.03  0.08  0.14  0.27  0.54  0.80  1.32  2.54  3.46  4.09  5.47  7.50  8.44  8.53  7.34  6.51  4.21  2.27  1.08  0.84  0.42  0.17  0.10  0.06  0.05  0.05  0.04  0.03
 1 -35  0.03  0.08  0.14  0.28  0.55  0.82  1.35  2.60  3.61  4.26  5.70  7.74  8.67  8.73  7.54  6.70  4.23  1.99  0.88  0.67  0.32  0.14  0.08  0.06  0.05  0.05  0.04  0.04
 1 -30  0.03  0.08  0.14  0.28  0.56  0.83  1.37  2.68  3.71  4.39  5.89  7.95  8.87  8.95  7.73  6.89  4.24  1.73  0.67  0.50  0.22  0.10  0.06  0.05  0.05  0.05  0.04  0.04
 1 -25  0.03  0.09  0.14  0.28  0.57  0.84  1.39  2.70  3.81  4.54  6.08  8.21  9.12  9.19  7.83  6.87  4.19  1.60  0.57  0.43  0.18  0.07  0.05  0.04  0.04  0.05  0.04  0.04
 1 -20  0.03  0.08  0.14  0.28  0.56  0.83  1.38  2.75  3.91  4.67  6.30  8.49  9.35  9.40  7.92  6.85  4.14  1.45  0.48  0.36  0.15  0.05  0.04  0.04  0.04  0.04  0.04  0.04
 1 -15  0.03  0.08  0.14  0.28  0.55  0.83  1.38  2.74  3.96  4.82  6.55  8.70  9.51  9.58  8.07  6.97  4.05  1.39  0.43  0.32  0.14  0.05  0.04  0.04  0.04  0.04  0.04  0.03
 1 -10  0.03  0.08  0.14  0.27  0.55  0.82  1.37  2.76  4.06  4.97  6.84  8.95  9.76  9.80  8.24  7.09  3.93  1.33  0.38  0.29  0.09  0.04  0.03  0.03  0.03  0.04  0.04  0.03
 1  -5  0.03  0.08  0.14  0.27  0.55  0.82  1.37  2.75  4.06  5.00  6.87  8.89  9.64  9.68  8.13  6.98  3.81  1.28  0.36  0.28  0.07  0.04  0.03  0.03  0.03  0.03  0.03  0.03
 1   0  0.03  0.09  0.15  0.29  0.58  0.87  1.42  2.70  4.07  5.01  6.92  8.84  9.48  9.55  8.03  6.88  3.71  1.24  0.35  0.27  0.06  0.04  0.03  0.03  0.03  0.03  0.03  0.03
 1   5  0.03  0.09  0.15  0.29  0.58  0.87  1.42  2.73  4.05  4.98  6.76  8.59  9.21  9.21  7.83  6.81  3.85  1.36  0.40  0.31  0.06  0.04  0.03  0.03  0.03  0.04  0.04  0.04
 1  10  0.03  0.09  0.15  0.30  0.59  0.87  1.43  2.75  4.05  4.95  6.66  8.37  8.93  8.89  7.62  6.73  3.98  1.46  0.46  0.34  0.07  0.04  0.03  0.03  0.04  0.04  0.04  0.04
 1  15  0.03  0.09  0.15  0.30  0.59  0.88  1.44  2.76  4.04  4.91  6.53  8.09  8.55  8.44  7.28  6.45  3.95  1.52  0.47  0.34  0.07  0.04  0.04  0.04  0.04  0.04  0.04  0.04
 1  20  0.03  0.09  0.16  0.31  0.61  0.91  1.47  2.77  4.00  4.85  6.37  7.82  8.16  8.01  6.94  6.15  3.89  1.55  0.48  0.35  0.13  0.05  0.04  0.04  0.04  0.04  0.05  0.04
 1  25  0.03  0.09  0.16  0.31  0.61  0.91  1.49  2.86  4.06  4.92  6.31  7.51  7.74  7.57  6.79  6.21  4.19  1.78  0.65  0.49  0.21  0.06  0.05  0.05  0.05  0.05  0.05  0.04
 1  30  0.03  0.10  0.16  0.33  0.64  0.95  1.55  2.90  4.12  4.96  6.23  7.22  7.31  7.09  6.60  6.25  4.48  2.03  0.84  0.64  0.30  0.11  0.08  0.06  0.05  0.05  0.05  0.05
 1  35  0.03  0.10  0.17  0.34  0.68  1.00  1.62  3.01  4.22  5.05  6.14  6.95  6.99  6.73  6.36  6.11  4.80  2.43  1.21  0.94  0.49  0.23  0.15  0.08  0.07  0.05  0.05  0.05
 1  40  0.04  0.11  0.18  0.36  0.71  1.04  1.69  3.11  4.31  5.15  6.09  6.68  6.65  6.42  6.17  5.98  5.11  2.82  1.56  1.24  0.67  0.34  0.20  0.12  0.08  0.06  0.05  0.05
 1  45  0.04  0.11  0.18  0.37  0.72  1.07  1.73  3.21  4.38  5.19  5.96  6.42  6.39  6.17  6.05  5.98  5.17  3.06  1.78  1.44  0.85  0.43  0.24  0.15  0.09  0.06  0.05  0.05
 1  50  0.04  0.11  0.19  0.37  0.74  1.10  1.78  3.32  4.42  5.22  5.86  6.18  6.16  6.01  6.00  5.99  5.21  3.31  2.01  1.65  1.04  0.53  0.29  0.17  0.10  0.06  0.05  0.05
 1  55  0.04  0.11  0.19  0.38  0.75  1.10  1.79  3.31  4.26  4.99  5.60  5.99  6.00  5.87  5.70  5.58  4.89  3.27  2.14  1.80  1.20  0.60  0.34  0.20  0.11  0.06  0.05  0.05
 1  60  0.04  0.12  0.19  0.38  0.76  1.12  1.82  3.38  4.26  4.94  5.46  5.84  5.85  5.69  5.42  5.22  4.62  3.29  2.31  1.96  1.35  0.67  0.40  0.23  0.11  0.06  0.05  0.05
 1  65  0.04  0.11  0.19  0.38  0.75  1.10  1.78  3.29  4.16  4.84  5.45  5.95  6.00  5.83  5.46  5.20  4.44  3.26  2.29  1.94  1.35  0.66  0.38  0.22  0.11  0.06  0.05  0.05
 1  70  0.04  0.11  0.19  0.37  0.73  1.08  1.75  3.21  4.06  4.74  5.45  6.06  6.15  5.97  5.51  5.18  4.26  3.24  2.26  1.92  1.34  0.66  0.36  0.21  0.11  0.06  0.05  0.05
 1  75  0.04  0.11  0.18  0.35  0.70  1.03  1.65  2.99  3.78  4.42  5.15  5.70  5.71  5.41  4.95  4.63  3.99  3.15  2.35  2.04  1.52  0.70  0.37  0.23  0.11  0.06  0.05  0.05
 1  80  0.04  0.10  0.17  0.34  0.67  0.99  1.57  2.76  3.50  4.10  4.87  5.34  5.26  4.87  4.40  4.08  3.72  3.07  2.44  2.17  1.71  0.74  0.39  0.24  0.11  0.06  0.05  0.05
 1  85  0.04  0.10  0.17  0.34  0.67  0.99  1.57  2.76  3.51  4.11  4.88  5.35  5.27  4.87  4.41  4.08  3.72  3.07  2.44  2.17  1.71  0.74  0.39  0.24  0.11  0.06  0.05  0.05
 1  90  0.04  0.10  0.17  0.34  0.67  0.99  1.57  2.77  3.51  4.12  4.89  5.36  5.27  4.88  4.41  4.08  3.73  3.07  2.44  2.17  1.71  0.74  0.39  0.24  0.11  0.06  0.05  0.05
 2 -90  0.03  0.08  0.14  0.27  0.53  0.78  1.27  2.32  3.22  3.86  4.86  5.17  4.85  4.26  3.94  3.74  3.41  2.70  1.90  1.56  0.99  0.38  0.26  0.18  0.11  0.05  0.03  0.02
 2 -85  0.03  0.08  0.14  0.27  0.53  0.78  1.27  2.32  3.23  3.86  4.85  5.17  4.85  4.26  3.94  3.74  3.41  2.70  1.90  1.56  0.99  0.38  0.26  0.18  0.11  0.05  0.03  0.02
 2 -80  0.03  0.08  0.14  0.27  0.53  0.78  1.27  2.33  3.23  3.86  4.85  5.17  4.85  4.26  3.95  3.74  3.41  2.70  1.90  1.56  0.99  0.38  0.26  0.18  0.11  0.05  0.03  0.02
 2 -75  0.03  0.08  0.14  0.27  0.53  0.78  1.26  2.31  3.23  3.86  4.93  5.51  5.32  4.75  4.35  4.08  3.61  2.72  1.91  1.56  0.96  0.37  0.26  0.18  0.10  0.04  0.03  0.02
 2 -70  0.03  0.08  0.13  0.27  0.52  0.78  1.25  2.30  3.23  3.87  5.01  5.85  5.79  5.24  4.75  4.41  3.79  2.73  1.93  1.56  0.95  0.36  0.26  0.17  0.09  0.04  0.03  0.02
 2 -65  0.03  0.08  0.14  0.27  0.54  0.79  1.28  2.35  3.30  3.95  5.17  6.25  6.35  5.85  5.26  4.86  4.04  2.70  1.84  1.48  0.89  0.34  0.25  0.16  0.08  0.04  0.03  0.02
 2 -60  0.03  0.08  0.14  0.28  0.55  0.81  1.31  2.41  3.37  4.03  5.32  6.65  6.91  6.46  5.78  5.30  4.28  2.67  1.75  1.40  0.83  0.32  0.23  0.14  0.08  0.04  0.03  0.03
 2 -55  0.03  0.09  0.15  0.29  0.57  0.85  1.37  2.51  3.48  4.13  5.43  6.92  7.33  7.06  6.32  5.79  4.23  2.48  1.47  1.17  0.64  0.26  0.18  0.11  0.07  0.05  0.03  0.03
 2 -50  0.03  0.09  0.15  0.30  0.58  0.86  1.39  2.54  3.52  4.14  5.49  7.20  7.78  7.58  6.81  6.27  4.17  2.27  1.14  0.89  0.45  0.19  0.12  0.09  0.06  0.04  0.04  0.03
 2 -45  0.03  0.09  0.15  0.29  0.58  0.86  1.39  2.59  3.59  4.25  5.63  7.41  8.09  7.96  7.02  6.36  4.19  2.17  1.09  0.84  0.41  0.18  0.11  0.07  0.05  0.04  0.04  0.03
 2 -40  0.03  0.09  0.15  0.29  0.58  0.86  1.41  2.67  3.66  4.33  5.74  7.60  8.37  8.35  7.25  6.48  4.22  2.06  1.03  0.79  0.36  0.16  0.09  0.06  0.05  0.04  0.04  0.03
 2 -35  0.03  0.09  0.15  0.29  0.58  0.87  1.42  2.72  3.77  4.46  5.90  7.80  8.61  8.59  7.43  6.62  4.18  1.84  0.85  0.64  0.29  0.12  0.07  0.05  0.05  0.04  0.04  0.04
 2 -30  0.03  0.09  0.15  0.29  0.59  0.87  1.43  2.76  3.84  4.55  6.03  7.97  8.81  8.85  7.60  6.74  4.13  1.64  0.67  0.50  0.21  0.09  0.06  0.05  0.04  0.04  0.04  0.04
 2 -25  0.03  0.09  0.15  0.29  0.58  0.86  1.42  2.74  3.86  4.59  6.11  8.20  9.09  9.18  7.78  6.79  4.08  1.54  0.56  0.42  0.17  0.06  0.04  0.04  0.04  0.04  0.04  0.04
 2 -20  0.03  0.08  0.14  0.28  0.56  0.84  1.39  2.74  3.87  4.61  6.21  8.46  9.39  9.48  7.95  6.84  4.02  1.43  0.45  0.34  0.14  0.05  0.04  0.04  0.04  0.04  0.04  0.04
 2 -15  0.03  0.08  0.14  0.28  0.55  0.82  1.36  2.68  3.83  4.65  6.35  8.65  9.61  9.75  8.13  6.97  3.98  1.35  0.42  0.32  0.14  0.04  0.03  0.03  0.03  0.04  0.04  0.03
 2 -10  0.03  0.08  0.13  0.27  0.54  0.80  1.33  2.64  3.84  4.68  6.52  8.90  9.92 10.03  8.34  7.08  3.93  1.26  0.39  0.29  0.09  0.04  0.03  0.03  0.03  0.03  0.03  0.03
 2  -5  0.03  0.08  0.13  0.27  0.53  0.80  1.32  2.61  3.81  4.66  6.54  8.89  9.86  9.96  8.11  6.71  3.80  1.25  0.38  0.30  0.07  0.04  0.03  0.03  0.03  0.03  0.03  0.03
 2   0  0.03  0.09  0.15  0.29  0.57  0.85  1.37  2.55  3.78  4.62  6.54  8.85  9.74  9.87  7.88  6.36  3.69  1.25  0.38  0.30  0.06  0.03  0.03  0.03  0.03  0.03  0.03  0.03
 2   5  0.03  0.09  0.14  0.29  0.57  0.84  1.37  2.60  3.81  4.66  6.47  8.68  9.53  9.57  7.86  6.57  3.81  1.37  0.44  0.34  0.06  0.03  0.03  0.03  0.03  0.04  0.04  0.04
 2  10  0.03  0.09  0.14  0.29  0.57  0.84  1.38  2.64  3.87  4.71  6.47  8.54  9.31  9.30  7.83  6.77  3.92  1.47  0.51  0.37  0.06  0.04  0.03  0.03  0.03  0.04  0.04  0.04
 2  15  0.03  0.09  0.14  0.29  0.57  0.85  1.40  2.68  3.87  4.70  6.37  8.28  8.97  8.91  7.64  6.72  4.04  1.57  0.53  0.39  0.07  0.04  0.04  0.04  0.04  0.04  0.05  0.04
 2  20  0.03  0.09  0.15  0.30  0.59  0.88  1.43  2.70  3.88  4.69  6.26  8.02  8.57  8.50  7.43  6.65  4.13  1.65  0.57  0.41  0.09  0.05  0.04  0.04  0.04  0.05  0.05  0.05
 2  25  0.03  0.09  0.15  0.30  0.60  0.89  1.46  2.79  3.95  4.79  6.28  7.76  8.17  8.05  7.14  6.46  4.36  1.82  0.72  0.52  0.21  0.07  0.06  0.05  0.05  0.05  0.05  0.05
 2  30  0.03  0.10  0.16  0.32  0.63  0.93  1.52  2.83  4.04  4.86  6.26  7.51  7.74  7.55  6.80  6.26  4.57  2.02  0.88  0.65  0.28  0.16  0.09  0.07  0.06  0.05  0.05  0.05
 2  35  0.03  0.10  0.17  0.34  0.66  0.98  1.58  2.93  4.16  5.02  6.26  7.27  7.38  7.13  6.55  6.15  4.81  2.51  1.25  0.96  0.48  0.29  0.20  0.10  0.07  0.06  0.05  0.05
 2  40  0.04  0.11  0.18  0.35  0.69  1.02  1.65  3.01  4.29  5.18  6.31  7.03  7.01  6.74  6.35  6.04  5.04  3.00  1.60  1.26  0.67  0.42  0.27  0.15  0.09  0.06  0.05  0.05
 2  45  0.04  0.11  0.18  0.36  0.71  1.05  1.70  3.14  4.41  5.30  6.25  6.79  6.74  6.46  6.16  5.97  5.13  3.24  1.88  1.52  0.89  0.51  0.31  0.19  0.11  0.06  0.05  0.05
 2  50  0.04  0.11  0.18  0.37  0.73  1.08  1.75  3.28  4.54  5.42  6.23  6.57  6.50  6.26  6.05  5.90  5.21  3.49  2.16  1.78  1.12  0.61  0.36  0.21  0.12  0.07  0.06  0.05
 2  55  0.04  0.11  0.19  0.38  0.75  1.11  1.80  3.35  4.52  5.37  6.06  6.37  6.30  6.09  5.85  5.67  5.14  3.53  2.27  1.90  1.26  0.66  0.40  0.23  0.12  0.07  0.06  0.05
 2  60  0.04  0.12  0.20  0.40  0.78  1.16  1.88  3.50  4.65  5.48  6.02  6.22  6.12  5.89  5.67  5.50  5.10  3.61  2.42  2.04  1.40  0.70  0.44  0.25  0.12  0.07  0.06  0.05
 2  65  0.04  0.12  0.20  0.40  0.78  1.16  1.87  3.46  4.49  5.26  5.79  6.12  6.10  5.92  5.61  5.39  4.91  3.47  2.47  2.10  1.49  0.75  0.43  0.26  0.12  0.07  0.06  0.05
 2  70  0.04  0.12  0.20  0.40  0.78  1.15  1.86  3.43  4.34  5.03  5.57  6.01  6.07  5.94  5.55  5.27  4.71  3.32  2.51  2.16  1.57  0.79  0.42  0.26  0.13  0.07  0.06  0.05
 2  75  0.04  0.12  0.20  0.39  0.77  1.14  1.84  3.38  4.10  4.67  5.45  6.19  6.36  6.21  5.72  5.37  4.69  3.26  2.55  2.20  1.61  0.83  0.44  0.26  0.13  0.07  0.06  0.05
 2  80  0.04  0.12  0.20  0.39  0.77  1.13  1.82  3.33  3.87  4.32  5.34  6.36  6.64  6.49  5.89  5.46  4.67  3.19  2.58  2.23  1.65  0.86  0.46  0.26  0.14  0.07  0.06  0.05
 2  85  0.04  0.12  0.20  0.39  0.77  1.13  1.82  3.33  3.87  4.33  5.35  6.37  6.65  6.50  5.89  5.46  4.67  3.19  2.59  2.23  1.65  0.86  0.46  0.26  0.14  0.07  0.06  0.05
 2  90  0.04  0.12  0.20  0.39  0.77  1.13  1.83  3.33  3.88  4.34  5.36  6.38  6.66  6.50  5.90  5.47  4.68  3.19  2.59  2.23  1.65  0.86  0.46  0.26  0.14  0.07  0.06  0.05
 3 -90  0.04  0.12  0.20  0.39  0.77  1.13  1.80  3.21  4.05  4.67  4.84  4.73  4.48  4.07  3.62  3.35  3.38  2.64  1.96  1.61  1.04  0.42  0.25  0.16  0.08  0.04  0.03  0.02
 3 -85  0.04  0.12  0.20  0.39  0.77  1.13  1.80  3.21  4.05  4.67  4.83  4.73  4.48  4.07  3.62  3.35  3.38  2.64  1.96  1.61  1.04  0.42  0.25  0.16  0.08  0.04  0.03  0.02
 3 -80  0.04  0.12  0.20  0.39  0.77  1.13  1.80  3.21  4.06  4.67  4.83  4.73  4.48  4.07  3.63  3.35  3.38  2.64  1.96  1.61  1.04  0.42  0.25  0.16  0.08  0.04  0.03  0.02
 3 -75  0.04  0.11  0.19  0.37  0.73  1.08  1.72  3.09  4.06  4.77  5.24  5.25  4.96  4.48  3.95  3.62  3.47  2.65  1.94  1.59  1.00  0.41  0.24  0.15  0.08  0.04  0.03  0.02
 3 -70  0.04  0.11  0.18  0.36  0.70  1.03  1.65  2.96  4.07  4.86  5.64  5.78  5.44  4.89  4.28  3.87  3.55  2.66  1.93  1.56  0.96  0.39  0.23  0.15  0.07  0.04  0.03  0.03
 3 -65  0.04  0.11  0.17  0.35  0.68  1.00  1.61  2.90  4.06  4.87  5.84  6.25  6.01  5.45  4.88  4.49  3.74  2.64  1.82  1.47  0.89  0.37  0.22  0.14  0.08  0.04  0.03  0.03
 3 -60  0.03  0.10  0.17  0.34  0.66  0.97  1.57  2.84  4.04  4.87  6.04  6.71  6.58  6.01  5.48  5.11  3.94  2.62  1.70  1.38  0.83  0.35  0.21  0.13  0.08  0.04  0.03  0.03
 3 -55  0.03  0.10  0.17  0.34  0.67  0.98  1.58  2.86  4.05  4.85  6.09  7.01  7.03  6.59  6.03  5.63  4.17  2.51  1.48  1.19  0.68  0.28  0.17  0.11  0.07  0.04  0.03  0.03
 3 -50  0.03  0.10  0.17  0.34  0.66  0.97  1.56  2.81  3.97  4.74  6.09  7.32  7.51  7.09  6.53  6.13  4.39  2.38  1.21  0.96  0.53  0.20  0.13  0.08  0.06  0.04  0.04  0.03
 3 -45  0.03  0.10  0.16  0.33  0.64  0.95  1.53  2.80  3.96  4.74  6.14  7.53  7.85  7.51  6.63  6.02  4.26  2.27  1.12  0.88  0.47  0.18  0.10  0.06  0.05  0.04  0.04  0.03
 3 -40  0.03  0.10  0.16  0.32  0.63  0.94  1.51  2.81  3.95  4.72  6.16  7.70  8.17  7.94  6.76  5.95  4.14  2.14  1.02  0.80  0.42  0.16  0.09  0.06  0.04  0.04  0.04  0.03
 3 -35  0.03  0.09  0.16  0.31  0.62  0.92  1.50  2.81  3.98  4.77  6.24  7.88  8.44  8.29  7.26  6.54  4.21  1.94  0.84  0.65  0.31  0.12  0.07  0.05  0.04  0.04  0.04  0.03
 3 -30  0.03  0.09  0.16  0.31  0.61  0.91  1.48  2.81  3.99  4.77  6.29  8.04  8.69  8.66  7.74  7.11  4.28  1.74  0.65  0.48  0.20  0.08  0.05  0.04  0.04  0.04  0.04  0.03
 3 -25  0.03  0.09  0.15  0.30  0.60  0.89  1.45  2.76  3.94  4.71  6.22  8.17  8.96  9.03  7.95  7.19  4.19  1.52  0.52  0.38  0.15  0.06  0.04  0.04  0.04  0.04  0.04  0.03
 3 -20  0.03  0.09  0.14  0.29  0.57  0.86  1.41  2.73  3.85  4.58  6.16  8.35  9.26  9.38  8.16  7.27  4.11  1.30  0.38  0.28  0.10  0.04  0.03  0.03  0.03  0.04  0.04  0.03
 3 -15  0.03  0.09  0.14  0.28  0.56  0.84  1.38  2.65  3.73  4.49  6.08  8.40  9.46  9.72  8.23  7.16  4.08  1.30  0.39  0.29  0.11  0.04  0.03  0.03  0.03  0.04  0.03  0.03
 3 -10  0.03  0.08  0.14  0.28  0.55  0.82  1.35  2.60  3.65  4.38  6.06  8.50  9.73 10.07  8.33  7.04  4.02  1.29  0.39  0.29  0.12  0.03  0.03  0.03  0.03  0.03  0.03  0.03
 3  -5  0.03  0.08  0.14  0.27  0.54  0.81  1.33  2.55  3.59  4.31  6.01  8.47  9.70 10.07  8.28  6.93  3.98  1.29  0.39  0.29  0.07  0.03  0.03  0.03  0.03  0.03  0.03  0.03
 3   0  0.03  0.09  0.15  0.29  0.57  0.84  1.36  2.48  3.52  4.21  5.93  8.39  9.60 10.04  8.24  6.85  3.96  1.30  0.40  0.30  0.13  0.03  0.03  0.03  0.03  0.03  0.03  0.03
 3   5  0.03  0.09  0.14  0.29  0.57  0.84  1.36  2.55  3.59  4.34  5.99  8.37  9.49  9.80  8.19  6.95  4.03  1.39  0.44  0.33  0.06  0.03  0.03  0.03  0.03  0.04  0.04  0.03
 3  10  0.03  0.09  0.14  0.28  0.56  0.84  1.37  2.61  3.71  4.48  6.10  8.36  9.37  9.60  8.12  7.03  4.08  1.47  0.49  0.36  0.07  0.04  0.03  0.03  0.03  0.04  0.04  0.04
 3  15  0.03  0.09  0.14  0.29  0.57  0.85  1.39  2.67  3.77  4.54  6.10  8.21  9.12  9.25  7.82  6.78  4.11  1.53  0.51  0.37  0.08  0.04  0.04  0.04  0.04  0.04  0.05  0.05
 3  20  0.03  0.09  0.15  0.30  0.59  0.88  1.43  2.71  3.83  4.61  6.12  8.05  8.80  8.88  7.49  6.49  4.10  1.57  0.53  0.39  0.15  0.05  0.04  0.04  0.05  0.05  0.05  0.05
 3  25  0.03  0.09  0.15  0.30  0.60  0.89  1.46  2.77  3.90  4.71  6.22  7.91  8.52  8.51  7.31  6.45  4.30  1.85  0.71  0.54  0.24  0.08  0.06  0.06  0.05  0.05  0.05  0.05
 3  30  0.03  0.09  0.16  0.31  0.62  0.92  1.49  2.79  3.97  4.78  6.26  7.77  8.20  8.09  7.09  6.38  4.48  2.17  0.91  0.70  0.35  0.18  0.10  0.08  0.06  0.06  0.05  0.05
 3  35  0.03  0.10  0.16  0.32  0.64  0.94  1.53  2.83  4.06  4.90  6.35  7.68  7.93  7.70  6.88  6.29  4.57  2.55  1.27  1.01  0.56  0.30  0.22  0.11  0.08  0.06  0.05  0.05
 3  40  0.03  0.10  0.17  0.34  0.66  0.97  1.56  2.84  4.15  5.04  6.50  7.57  7.65  7.34  6.70  6.22  4.66  2.94  1.62  1.31  0.78  0.43  0.29  0.15  0.10  0.06  0.06  0.05
 3  45  0.03  0.10  0.17  0.34  0.66  0.98  1.58  2.91  4.24  5.17  6.51  7.37  7.36  7.00  6.42  6.02  4.86  3.18  1.87  1.53  0.95  0.54  0.35  0.20  0.11  0.07  0.06  0.05
 3  50  0.03  0.10  0.17  0.34  0.67  0.99  1.60  3.00  4.36  5.31  6.59  7.23  7.13  6.74  6.21  5.84  5.05  3.43  2.12  1.75  1.13  0.65  0.41  0.23  0.13  0.07  0.06  0.06
 3  55  0.04  0.11  0.18  0.35  0.69  1.02  1.65  3.06  4.40  5.35  6.49  7.01  6.86  6.48  6.03  5.71  5.04  3.53  2.27  1.90  1.26  0.73  0.46  0.26  0.14  0.07  0.06  0.06
 3  60  0.04  0.11  0.18  0.36  0.72  1.06  1.72  3.20  4.58  5.56  6.53  6.84  6.62  6.21  5.88  5.64  5.07  3.66  2.46  2.06  1.39  0.80  0.50  0.28  0.14  0.07  0.06  0.06
 3  65  0.04  0.11  0.19  0.38  0.74  1.09  1.77  3.28  4.57  5.50  6.32  6.59  6.40  6.03  5.69  5.44  4.91  3.64  2.53  2.16  1.53  0.85  0.54  0.31  0.14  0.07  0.06  0.06
 3  70  0.04  0.12  0.19  0.39  0.76  1.13  1.82  3.37  4.57  5.43  6.11  6.34  6.18  5.86  5.50  5.23  4.74  3.62  2.61  2.26  1.66  0.91  0.57  0.34  0.14  0.07  0.06  0.06
 3  75  0.04  0.12  0.19  0.39  0.76  1.13  1.82  3.36  4.45  5.23  5.89  6.27  6.23  5.98  5.44  5.06  4.62  3.62  2.63  2.29  1.70  0.94  0.56  0.33  0.14  0.08  0.06  0.06
 3  80  0.04  0.12  0.20  0.39  0.76  1.13  1.82  3.35  4.33  5.04  5.67  6.20  6.28  6.10  5.39  4.88  4.49  3.61  2.67  2.32  1.75  0.98  0.56  0.32  0.13  0.08  0.06  0.06
 3  85  0.04  0.12  0.20  0.39  0.76  1.13  1.82  3.36  4.34  5.05  5.68  6.21  6.28  6.10  5.39  4.88  4.50  3.61  2.67  2.32  1.75  0.98  0.56  0.32  0.13  0.08  0.06  0.06
 3  90  0.04  0.12  0.20  0.39  0.76  1.13  1.82  3.36  4.34  5.06  5.69  6.22  6.29  6.11  5.39  4.89  4.50  3.62  2.67  2.32  1.75  0.98  0.56  0.32  0.13  0.08  0.06  0.06
 4 -90  0.05  0.16  0.26  0.51  1.00  1.45  2.27  3.78  4.13  4.44  4.61  4.61  4.38  3.97  3.45  3.14  2.88  2.78  2.03  1.65  1.03  0.41  0.25  0.16  0.08  0.04  0.03  0.02
 4 -85  0.05  0.16  0.26  0.51  1.00  1.45  2.27  3.79  4.14  4.44  4.61  4.60  4.38  3.97  3.45  3.15  2.88  2.78  2.03  1.65  1.03  0.41  0.25  0.16  0.08  0.04  0.03  0.03
 4 -80  0.05  0.16  0.26  0.51  1.00  1.45  2.27  3.79  4.14  4.44  4.60  4.60  4.38  3.97  3.46  3.15  2.88  2.78  2.03  1.65  1.03  0.41  0.25  0.16  0.08  0.04  0.03  0.03
 4 -75  0.05  0.15  0.25  0.50  0.96  1.41  2.21  3.76  4.43  4.97  5.14  5.05  4.77  4.34  3.84  3.54  3.24  2.77  2.00  1.63  1.03  0.40  0.24  0.15  0.07  0.04  0.03  0.03
 4 -70  0.05  0.15  0.24  0.48  0.93  1.36  2.15  3.72  4.73  5.50  5.67  5.50  5.17  4.72  4.24  3.93  3.58  2.75  1.98  1.61  1.02  0.38  0.23  0.14  0.07  0.04  0.03  0.03
 4 -65  0.05  0.14  0.23  0.46  0.90  1.32  2.09  3.67  4.82  5.68  6.03  5.96  5.67  5.20  4.75  4.44  3.83  2.74  1.87  1.52  0.95  0.35  0.21  0.13  0.07  0.04  0.03  0.03
 4 -60  0.04  0.13  0.22  0.44  0.86  1.27  2.03  3.61  4.90  5.86  6.39  6.43  6.16  5.68  5.26  4.96  4.08  2.72  1.77  1.43  0.87  0.32  0.18  0.11  0.07  0.04  0.03  0.03
 4 -55  0.04  0.13  0.21  0.42  0.83  1.22  1.96  3.51  4.84  5.80  6.53  6.80  6.59  6.15  5.84  5.60  4.34  2.60  1.56  1.25  0.70  0.27  0.14  0.09  0.06  0.04  0.03  0.03
 4 -50  0.04  0.12  0.20  0.40  0.79  1.17  1.86  3.34  4.70  5.64  6.62  7.17  7.04  6.55  6.37  6.22  4.60  2.46  1.31  1.02  0.52  0.21  0.10  0.08  0.05  0.04  0.03  0.03
 4 -45  0.04  0.12  0.19  0.38  0.75  1.10  1.77  3.19  4.53  5.47  6.62  7.40  7.39  6.93  6.41  6.06  4.46  2.33  1.23  0.96  0.49  0.20  0.10  0.07  0.05  0.04  0.03  0.03
 4 -40  0.04  0.11  0.18  0.37  0.72  1.06  1.70  3.07  4.39  5.29  6.60  7.62  7.72  7.31  6.50  5.93  4.31  2.17  1.16  0.91  0.46  0.18  0.09  0.06  0.04  0.04  0.03  0.03
 4 -35  0.04  0.10  0.17  0.35  0.68  1.01  1.63  2.99  4.29  5.18  6.57  7.81  8.07  7.79  6.74  6.02  4.19  1.96  0.99  0.77  0.38  0.15  0.07  0.05  0.04  0.04  0.03  0.03
 4 -30  0.03  0.10  0.17  0.33  0.66  0.97  1.57  2.91  4.17  5.02  6.52  8.00  8.42  8.26  6.97  6.08  4.06  1.75  0.81  0.62  0.30  0.09  0.05  0.04  0.04  0.04  0.04  0.03
 4 -25  0.03  0.10  0.16  0.32  0.63  0.94  1.52  2.84  4.06  4.87  6.36  8.09  8.71  8.72  7.40  6.46  4.10  1.57  0.62  0.47  0.21  0.06  0.04  0.03  0.03  0.03  0.04  0.03
 4 -20  0.03  0.09  0.15  0.31  0.61  0.90  1.47  2.77  3.91  4.65  6.18  8.23  9.04  9.14  7.81  6.85  4.14  1.39  0.42  0.31  0.12  0.04  0.03  0.03  0.03  0.03  0.03  0.03
 4 -15  0.03  0.09  0.15  0.30  0.60  0.88  1.44  2.70  3.77  4.53  6.03  8.18  9.17  9.46  8.05  7.04  4.15  1.34  0.40  0.30  0.12  0.03  0.03  0.03  0.03  0.03  0.03  0.03
 4 -10  0.03  0.09  0.15  0.30  0.59  0.87  1.41  2.65  3.67  4.38  5.94  8.18  9.35  9.78  8.31  7.23  4.14  1.28  0.37  0.28  0.12  0.03  0.03  0.03  0.03  0.03  0.03  0.03
 4  -5  0.03  0.09  0.15  0.29  0.58  0.86  1.39  2.60  3.60  4.31  5.88  8.14  9.34  9.83  8.35  7.24  4.16  1.30  0.37  0.28  0.12  0.03  0.03  0.03  0.03  0.03  0.03  0.03
 4   0  0.03  0.09  0.15  0.30  0.59  0.87  1.40  2.55  3.54  4.20  5.78  8.05  9.27  9.85  8.40  7.27  4.19  1.33  0.38  0.28  0.12  0.03  0.03  0.03  0.03  0.03  0.03  0.03
 4   5  0.03  0.09  0.15  0.30  0.59  0.87  1.40  2.60  3.61  4.33  5.88  8.12  9.23  9.64  8.30  7.25  4.26  1.43  0.53  0.39  0.14  0.03  0.03  0.03  0.03  0.03  0.03  0.03
 4  10  0.03  0.09  0.15  0.29  0.58  0.86  1.40  2.66  3.73  4.48  6.03  8.20  9.20  9.48  8.19  7.21  4.31  1.51  0.69  0.50  0.16  0.03  0.03  0.03  0.03  0.04  0.04  0.04
 4  15  0.03  0.09  0.15  0.29  0.58  0.86  1.41  2.70  3.79  4.55  6.06  8.13  9.03  9.19  7.94  7.01  4.28  1.57  0.72  0.52  0.16  0.04  0.03  0.03  0.04  0.04  0.05  0.05
 4  20  0.03  0.09  0.15  0.30  0.60  0.89  1.44  2.72  3.84  4.63  6.14  8.06  8.81  8.89  7.66  6.78  4.22  1.62  0.76  0.55  0.17  0.06  0.04  0.04  0.05  0.05  0.05  0.05
 4  25  0.03  0.09  0.15  0.30  0.60  0.89  1.45  2.74  3.86  4.65  6.18  7.98  8.66  8.67  7.54  6.74  4.36  1.83  0.87  0.64  0.26  0.10  0.07  0.06  0.06  0.06  0.05  0.05
 4  30  0.03  0.09  0.15  0.30  0.60  0.89  1.45  2.74  3.88  4.66  6.17  7.90  8.47  8.41  7.39  6.67  4.48  2.06  0.98  0.74  0.35  0.17  0.11  0.08  0.07  0.06  0.06  0.05
 4  35  0.03  0.09  0.15  0.31  0.61  0.90  1.45  2.70  3.84  4.63  6.13  7.81  8.29  8.14  7.20  6.53  4.46  2.34  1.26  1.00  0.56  0.32  0.17  0.10  0.08  0.06  0.06  0.05
 4  40  0.03  0.09  0.16  0.31  0.61  0.90  1.45  2.64  3.81  4.61  6.17  7.73  8.10  7.89  7.04  6.40  4.44  2.63  1.54  1.26  0.76  0.45  0.30  0.13  0.09  0.07  0.06  0.05
 4  45  0.03  0.09  0.15  0.31  0.60  0.89  1.43  2.63  3.81  4.62  6.14  7.57  7.87  7.58  6.73  6.14  4.49  2.85  1.74  1.43  0.89  0.53  0.35  0.18  0.11  0.07  0.06  0.06
 4  50  0.03  0.09  0.15  0.30  0.59  0.88  1.42  2.64  3.83  4.65  6.19  7.49  7.69  7.33  6.49  5.90  4.53  3.07  1.95  1.61  1.03  0.62  0.41  0.24  0.13  0.07  0.06  0.06
 4  55  0.03  0.09  0.15  0.30  0.59  0.88  1.42  2.64  3.84  4.67  6.16  7.31  7.41  7.01  6.19  5.60  4.64  3.24  2.09  1.74  1.15  0.67  0.46  0.27  0.14  0.08  0.06  0.06
 4  60  0.03  0.09  0.15  0.31  0.61  0.90  1.46  2.71  3.97  4.85  6.27  7.20  7.16  6.67  5.92  5.37  4.79  3.44  2.27  1.89  1.27  0.72  0.51  0.29  0.15  0.08  0.06  0.06
 4  65  0.03  0.09  0.16  0.31  0.61  0.91  1.47  2.74  3.99  4.84  6.12  6.87  6.78  6.29  5.71  5.29  4.73  3.44  2.38  2.00  1.35  0.82  0.58  0.34  0.16  0.08  0.06  0.06
 4  70  0.03  0.09  0.16  0.31  0.62  0.92  1.49  2.78  4.00  4.84  5.97  6.55  6.40  5.91  5.50  5.20  4.67  3.45  2.50  2.10  1.43  0.91  0.66  0.40  0.18  0.08  0.06  0.06
 4  75  0.03  0.10  0.16  0.32  0.63  0.94  1.52  2.85  3.99  4.78  5.68  6.12  5.98  5.56  5.31  5.13  4.65  3.51  2.57  2.18  1.53  0.96  0.66  0.39  0.16  0.08  0.07  0.06
 4  80  0.03  0.10  0.16  0.33  0.65  0.96  1.55  2.91  3.99  4.73  5.40  5.70  5.56  5.21  5.12  5.06  4.62  3.58  2.64  2.26  1.63  1.02  0.67  0.39  0.15  0.09  0.07  0.06
 4  85  0.03  0.10  0.16  0.33  0.65  0.96  1.56  2.92  3.99  4.74  5.41  5.71  5.57  5.21  5.12  5.06  4.63  3.58  2.64  2.26  1.63  1.02  0.67  0.39  0.15  0.09  0.07  0.06
 4  90  0.03  0.10  0.16  0.33  0.65  0.96  1.56  2.92  4.00  4.75  5.43  5.72  5.58  5.22  5.13  5.06  4.63  3.58  2.64  2.26  1.63  1.02  0.67  0.39  0.15  0.09  0.07  0.06
 5 -90  0.06  0.17  0.28  0.56  1.08  1.55  2.38  3.71  4.34  4.83  4.66  4.30  3.84  3.37  3.36  3.36  3.29  2.70  1.98  1.61  1.01  0.40  0.23  0.14  0.06  0.04  0.03  0.03
 5 -85  0.06  0.17  0.28  0.56  1.08  1.55  2.38  3.71  4.34  4.83  4.66  4.30  3.84  3.37  3.36  3.37  3.29  2.70  1.98  1.61  1.01  0.40  0.23  0.14  0.06  0.04  0.03  0.03
 5 -80  0.06  0.17  0.28  0.56  1.08  1.55  2.38  3.72  4.35  4.83  4.66  4.29  3.83  3.37  3.36  3.37  3.29  2.70  1.98  1.62  1.01  0.40  0.23  0.14  0.06  0.04  0.03  0.03
 5 -75  0.06  0.17  0.28  0.55  1.05  1.52  2.34  3.73  4.50  5.07  5.11  4.89  4.52  4.08  3.83  3.68  3.40  2.59  1.84  1.50  0.93  0.37  0.22  0.13  0.06  0.04  0.03  0.03
 5 -70  0.05  0.16  0.27  0.53  1.03  1.49  2.30  3.75  4.65  5.33  5.58  5.49  5.21  4.78  4.30  3.99  3.51  2.48  1.70  1.39  0.86  0.34  0.20  0.12  0.07  0.04  0.03  0.03
 5 -65  0.05  0.16  0.27  0.53  1.04  1.51  2.37  4.00  5.01  5.77  5.91  5.79  5.52  5.12  4.78  4.56  3.99  2.62  1.72  1.38  0.81  0.35  0.19  0.12  0.06  0.04  0.03  0.03
 5 -60  0.05  0.16  0.27  0.54  1.05  1.54  2.44  4.25  5.37  6.21  6.24  6.09  5.84  5.47  5.27  5.14  4.47  2.74  1.73  1.36  0.76  0.35  0.18  0.11  0.06  0.04  0.03  0.03
 5 -55  0.05  0.16  0.26  0.52  1.01  1.49  2.37  4.18  5.44  6.37  6.57  6.48  6.22  5.86  5.67  5.51  4.57  2.58  1.60  1.26  0.66  0.35  0.17  0.11  0.06  0.04  0.03  0.03
 5 -50  0.05  0.15  0.25  0.50  0.97  1.43  2.28  4.02  5.42  6.43  6.84  6.87  6.62  6.17  6.01  5.85  4.68  2.40  1.43  1.11  0.56  0.35  0.15  0.08  0.05  0.04  0.03  0.03
 5 -45  0.05  0.14  0.23  0.46  0.90  1.32  2.10  3.71  5.13  6.15  6.86  7.15  6.94  6.46  6.09  5.84  4.60  2.34  1.35  1.05  0.52  0.32  0.14  0.07  0.05  0.04  0.03  0.03
 5 -40  0.04  0.13  0.21  0.42  0.82  1.21  1.93  3.43  4.87  5.89  6.89  7.42  7.27  6.77  6.24  5.86  4.51  2.25  1.27  0.98  0.48  0.28  0.13  0.06  0.04  0.04  0.03  0.03
 5 -35  0.04  0.12  0.19  0.39  0.76  1.12  1.79  3.25  4.64  5.61  6.79  7.60  7.61  7.22  6.65  6.27  4.47  2.04  1.04  0.79  0.36  0.21  0.09  0.05  0.04  0.03  0.03  0.03
 5 -30  0.04  0.11  0.18  0.36  0.70  1.04  1.67  3.05  4.38  5.29  6.66  7.77  7.95  7.67  7.07  6.66  4.42  1.82  0.80  0.59  0.24  0.10  0.06  0.05  0.04  0.04  0.03  0.03
 5 -25  0.03  0.10  0.17  0.34  0.67  0.99  1.60  2.93  4.19  5.04  6.43  7.86  8.25  8.16  7.32  6.72  4.34  1.69  0.65  0.48  0.19  0.06  0.04  0.04  0.03  0.03  0.03  0.03
 5 -20  0.03  0.10  0.17  0.33  0.64  0.95  1.53  2.81  3.95  4.71  6.17  8.00  8.62  8.61  7.56  6.79  4.26  1.56  0.50  0.37  0.14  0.04  0.03  0.03  0.03  0.03  0.03  0.03
 5 -15  0.03  0.10  0.16  0.32  0.63  0.92  1.49  2.75  3.84  4.60  6.03  7.96  8.78  8.97  7.85  7.06  4.32  1.48  0.44  0.32  0.12  0.04  0.03  0.03  0.03  0.03  0.03  0.03
 5 -10  0.03  0.10  0.16  0.32  0.62  0.92  1.48  2.70  3.75  4.48  5.97  7.98  8.98  9.34  8.17  7.32  4.33  1.38  0.36  0.27  0.11  0.03  0.03  0.03  0.03  0.03  0.03  0.03
 5  -5  0.03  0.09  0.16  0.31  0.61  0.91  1.46  2.67  3.71  4.44  5.96  7.98  9.03  9.46  8.10  7.11  4.13  1.22  0.33  0.24  0.10  0.03  0.03  0.03  0.03  0.03  0.03  0.03
 5   0  0.03  0.09  0.16  0.31  0.61  0.90  1.45  2.65  3.68  4.39  5.93  7.97  9.04  9.55  8.05  6.92  3.93  1.07  0.29  0.22  0.10  0.03  0.03  0.03  0.03  0.03  0.03  0.03
 5   5  0.03  0.09  0.15  0.31  0.60  0.89  1.45  2.67  3.72  4.46  5.99  8.05  9.05  9.45  8.15  7.15  4.21  1.32  0.45  0.34  0.16  0.03  0.03  0.03  0.03  0.03  0.03  0.03
 5  10  0.03  0.09  0.15  0.30  0.59  0.88  1.43  2.71  3.81  4.57  6.09  8.15  9.08  9.40  8.23  7.35  4.47  1.56  0.61  0.46  0.22  0.04  0.03  0.03  0.03  0.04  0.04  0.03
 5  15  0.03  0.09  0.15  0.30  0.59  0.88  1.43  2.72  3.83  4.58  6.08  8.09  8.98  9.16  8.07  7.25  4.36  1.63  0.65  0.49  0.23  0.04  0.04  0.04  0.04  0.05  0.05  0.04
 5  20  0.03  0.09  0.15  0.30  0.60  0.89  1.45  2.71  3.83  4.60  6.11  8.06  8.83  8.93  7.89  7.13  4.24  1.70  0.69  0.53  0.24  0.06  0.05  0.05  0.05  0.05  0.05  0.05
 5  25  0.03  0.09  0.15  0.30  0.60  0.88  1.44  2.70  3.80  4.56  6.07  7.95  8.72  8.77  7.73  7.01  4.43  1.87  0.80  0.62  0.31  0.10  0.06  0.06  0.06  0.06  0.05  0.05
 5  30  0.03  0.09  0.15  0.30  0.59  0.87  1.42  2.67  3.76  4.51  5.99  7.85  8.56  8.59  7.57  6.86  4.61  2.05  0.92  0.72  0.38  0.16  0.09  0.07  0.06  0.06  0.06  0.05
 5  35  0.03  0.09  0.15  0.30  0.58  0.87  1.41  2.62  3.69  4.41  5.85  7.70  8.38  8.36  7.38  6.68  4.59  2.26  1.14  0.92  0.54  0.29  0.14  0.09  0.07  0.06  0.06  0.05
 5  40  0.03  0.09  0.15  0.30  0.58  0.86  1.39  2.54  3.61  4.33  5.80  7.57  8.18  8.13  7.21  6.52  4.56  2.48  1.35  1.11  0.69  0.41  0.21  0.12  0.09  0.07  0.06  0.06
 5  45  0.03  0.09  0.14  0.29  0.57  0.84  1.35  2.49  3.51  4.22  5.65  7.38  7.95  7.84  6.91  6.25  4.51  2.64  1.56  1.29  0.82  0.49  0.32  0.16  0.10  0.07  0.06  0.06
 5  50  0.03  0.08  0.14  0.28  0.54  0.81  1.31  2.46  3.46  4.15  5.59  7.25  7.78  7.61  6.67  6.00  4.45  2.80  1.76  1.46  0.96  0.58  0.40  0.20  0.12  0.08  0.06  0.06
 5  55  0.03  0.08  0.13  0.27  0.53  0.79  1.28  2.40  3.38  4.06  5.50  7.08  7.50  7.26  6.36  5.71  4.44  2.92  1.87  1.55  1.02  0.61  0.44  0.26  0.13  0.08  0.07  0.06
 5  60  0.03  0.08  0.14  0.27  0.53  0.79  1.29  2.41  3.43  4.13  5.54  6.97  7.26  6.89  6.07  5.48  4.47  3.07  2.01  1.66  1.08  0.64  0.48  0.29  0.15  0.08  0.07  0.06
 5  65  0.03  0.08  0.13  0.26  0.52  0.77  1.26  2.36  3.36  4.04  5.39  6.64  6.82  6.39  5.58  5.00  4.18  3.07  2.12  1.77  1.19  0.71  0.54  0.34  0.16  0.08  0.07  0.06
 5  70  0.03  0.08  0.13  0.26  0.51  0.76  1.23  2.31  3.28  3.95  5.24  6.31  6.38  5.89  5.10  4.53  3.89  3.06  2.23  1.88  1.29  0.78  0.60  0.39  0.23  0.09  0.07  0.06
 5  75  0.03  0.08  0.13  0.26  0.51  0.76  1.23  2.32  3.34  4.04  5.27  6.08  5.99  5.45  4.89  4.49  4.01  3.14  2.26  1.90  1.31  0.80  0.59  0.39  0.22  0.09  0.07  0.06
 5  80  0.03  0.08  0.13  0.26  0.51  0.76  1.24  2.33  3.39  4.12  5.30  5.86  5.61  5.01  4.68  4.45  4.13  3.21  2.29  1.93  1.34  0.81  0.59  0.38  0.21  0.09  0.07  0.06
 5  85  0.03  0.08  0.13  0.26  0.51  0.76  1.24  2.34  3.40  4.13  5.31  5.87  5.62  5.01  4.69  4.45  4.13  3.21  2.29  1.93  1.34  0.81  0.59  0.38  0.21  0.10  0.07  0.06
 5  90  0.03  0.08  0.13  0.26  0.51  0.76  1.24  2.34  3.40  4.14  5.33  5.88  5.63  5.02  4.69  4.46  4.13  3.21  2.29  1.93  1.34  0.81  0.59  0.38  0.21  0.10  0.07  0.06
 6 -90  0.06  0.17  0.29  0.56  1.08  1.55  2.36  3.54  4.51  5.22  5.09  4.68  4.32  3.95  3.86  3.79  3.29  2.72  1.96  1.62  1.05  0.37  0.18  0.09  0.05  0.03  0.03  0.03
 6 -85  0.06  0.17  0.29  0.56  1.08  1.55  2.36  3.54  4.51  5.22  5.08  4.68  4.32  3.95  3.86  3.79  3.29  2.72  1.97  1.62  1.05  0.37  0.18  0.09  0.05  0.03  0.03  0.03
 6 -80  0.06  0.17  0.29  0.56  1.08  1.55  2.36  3.55  4.51  5.22  5.08  4.68  4.32  3.95  3.86  3.79  3.29  2.72  1.97  1.62  1.05  0.37  0.18  0.09  0.05  0.04  0.03  0.03
 6 -75  0.06  0.17  0.29  0.56  1.08  1.56  2.38  3.66  4.63  5.34  5.39  5.16  4.84  4.45  4.16  3.97  3.44  2.70  1.93  1.60  1.04  0.36  0.17  0.10  0.06  0.04  0.03  0.03
 6 -70  0.06  0.17  0.28  0.56  1.08  1.56  2.40  3.79  4.75  5.46  5.70  5.65  5.36  4.94  4.45  4.13  3.59  2.68  1.90  1.58  1.03  0.35  0.17  0.10  0.06  0.04  0.03  0.03
 6 -65  0.06  0.17  0.28  0.55  1.07  1.55  2.41  3.92  4.93  5.67  5.83  5.77  5.51  5.11  4.77  4.55  3.95  2.76  1.89  1.56  1.00  0.39  0.20  0.10  0.06  0.04  0.03  0.03
 6 -60  0.06  0.17  0.28  0.55  1.06  1.54  2.42  4.05  5.11  5.90  5.96  5.90  5.66  5.28  5.09  4.98  4.30  2.82  1.89  1.55  0.97  0.42  0.23  0.10  0.06  0.04  0.03  0.03
 6 -55  0.05  0.16  0.27  0.54  1.05  1.53  2.42  4.20  5.42  6.31  6.33  6.20  5.97  5.64  5.50  5.38  4.47  2.68  1.72  1.40  0.85  0.40  0.25  0.10  0.06  0.04  0.03  0.03
 6 -50  0.05  0.16  0.27  0.53  1.04  1.53  2.43  4.26  5.63  6.61  6.65  6.51  6.28  5.93  5.86  5.76  4.63  2.54  1.51  1.23  0.72  0.38  0.26  0.09  0.05  0.04  0.03  0.03
 6 -45  0.05  0.15  0.25  0.49  0.95  1.40  2.22  3.89  5.31  6.34  6.80  6.90  6.66  6.21  5.90  5.68  4.58  2.49  1.44  1.17  0.69  0.35  0.23  0.08  0.05  0.04  0.03  0.03
 6 -40  0.04  0.13  0.22  0.44  0.86  1.26  2.01  3.57  5.05  6.12  6.98  7.30  7.07  6.54  6.01  5.62  4.52  2.41  1.37  1.11  0.64  0.33  0.21  0.07  0.05  0.04  0.03  0.03
 6 -35  0.04  0.12  0.20  0.40  0.78  1.15  1.84  3.31  4.71  5.69  6.78  7.46  7.40  6.98  6.40  6.00  4.63  2.21  1.10  0.87  0.49  0.24  0.11  0.06  0.05  0.04  0.03  0.03
 6 -30  0.04  0.11  0.18  0.36  0.71  1.05  1.68  3.05  4.35  5.24  6.57  7.62  7.74  7.42  6.79  6.36  4.73  2.00  0.83  0.64  0.33  0.17  0.07  0.05  0.04  0.04  0.03  0.03
 6 -25  0.04  0.11  0.18  0.35  0.69  1.01  1.63  2.94  4.18  5.02  6.37  7.69  7.97  7.81  7.07  6.55  4.57  1.79  0.66  0.50  0.24  0.07  0.05  0.04  0.04  0.04  0.04  0.03
 6 -20  0.03  0.10  0.17  0.34  0.67  0.98  1.58  2.83  3.95  4.71  6.13  7.79  8.27  8.16  7.35  6.74  4.42  1.59  0.49  0.36  0.14  0.05  0.04  0.03  0.03  0.04  0.04  0.04
 6 -15  0.03  0.10  0.17  0.33  0.65  0.96  1.54  2.79  3.90  4.67  6.06  7.81  8.46  8.50  7.52  6.83  4.30  1.51  0.47  0.35  0.14  0.04  0.03  0.03  0.03  0.03  0.04  0.04
 6 -10  0.03  0.10  0.17  0.33  0.65  0.95  1.53  2.76  3.86  4.62  6.09  7.88  8.67  8.88  7.73  6.91  4.15  1.41  0.44  0.33  0.14  0.04  0.03  0.03  0.03  0.03  0.03  0.03
 6  -5  0.03  0.10  0.17  0.33  0.64  0.95  1.52  2.73  3.84  4.63  6.13  7.93  8.80  9.08  7.94  7.13  4.22  1.35  0.41  0.30  0.14  0.03  0.03  0.03  0.03  0.03  0.03  0.03
 6   0  0.03  0.10  0.16  0.31  0.62  0.92  1.48  2.74  3.85  4.63  6.17  8.01  8.91  9.28  8.17  7.37  4.29  1.30  0.37  0.29  0.13  0.04  0.03  0.03  0.03  0.03  0.03  0.03
 6   5  0.03  0.10  0.16  0.32  0.62  0.92  1.49  2.74  3.87  4.65  6.20  8.08  8.94  9.27  8.20  7.40  4.45  1.45  0.48  0.37  0.18  0.04  0.03  0.03  0.03  0.03  0.03  0.03
 6  10  0.03  0.09  0.15  0.31  0.61  0.90  1.47  2.78  3.93  4.72  6.26  8.17  8.99  9.27  8.22  7.41  4.58  1.59  0.59  0.45  0.22  0.04  0.03  0.03  0.03  0.04  0.04  0.03
 6  15  0.03  0.09  0.15  0.31  0.61  0.90  1.47  2.77  3.92  4.70  6.20  8.10  8.90  9.07  8.00  7.19  4.48  1.64  0.62  0.47  0.23  0.05  0.04  0.04  0.04  0.05  0.04  0.04
 6  20  0.03  0.09  0.16  0.31  0.62  0.91  1.48  2.76  3.89  4.68  6.19  8.07  8.79  8.88  7.76  6.95  4.38  1.69  0.65  0.51  0.25  0.06  0.05  0.05  0.05  0.05  0.05  0.04
 6  25  0.03  0.09  0.15  0.31  0.61  0.90  1.46  2.74  3.85  4.61  6.09  7.93  8.68  8.74  7.76  7.08  4.51  1.81  0.69  0.54  0.27  0.09  0.06  0.06  0.06  0.06  0.05  0.05
 6  30  0.03  0.09  0.15  0.30  0.59  0.88  1.43  2.71  3.78  4.53  5.97  7.80  8.53  8.59  7.75  7.18  4.63  1.92  0.73  0.57  0.29  0.13  0.08  0.06  0.06  0.06  0.05  0.05
 6  35  0.03  0.09  0.15  0.30  0.59  0.87  1.41  2.63  3.68  4.39  5.78  7.61  8.32  8.36  7.48  6.86  4.58  2.15  0.99  0.78  0.43  0.19  0.10  0.08  0.07  0.06  0.06  0.05
 6  40  0.03  0.09  0.15  0.29  0.58  0.85  1.38  2.55  3.57  4.26  5.67  7.42  8.09  8.13  7.22  6.55  4.52  2.37  1.23  0.99  0.57  0.31  0.16  0.10  0.08  0.07  0.06  0.05
 6  45  0.03  0.09  0.14  0.28  0.56  0.82  1.33  2.46  3.42  4.09  5.45  7.18  7.84  7.83  6.92  6.27  4.50  2.51  1.42  1.15  0.70  0.40  0.26  0.13  0.09  0.07  0.06  0.06
 6  50  0.03  0.08  0.13  0.27  0.53  0.78  1.27  2.41  3.33  3.96  5.29  7.00  7.63  7.57  6.66  6.01  4.47  2.64  1.60  1.32  0.84  0.48  0.33  0.16  0.10  0.07  0.06  0.06
 6  55  0.03  0.08  0.13  0.25  0.50  0.75  1.22  2.32  3.19  3.79  5.11  6.76  7.32  7.20  6.35  5.73  4.29  2.71  1.68  1.38  0.88  0.51  0.37  0.19  0.12  0.08  0.07  0.06
 6  60  0.03  0.08  0.13  0.25  0.50  0.74  1.21  2.30  3.18  3.79  5.06  6.58  7.03  6.80  6.04  5.50  4.14  2.82  1.79  1.47  0.92  0.53  0.41  0.25  0.13  0.08  0.07  0.06
 6  65  0.02  0.07  0.12  0.24  0.48  0.72  1.17  2.22  3.08  3.68  4.92  6.31  6.64  6.31  5.52  4.95  3.85  2.81  1.89  1.56  1.02  0.57  0.46  0.28  0.14  0.08  0.07  0.06
 6  70  0.02  0.07  0.12  0.24  0.47  0.69  1.13  2.15  2.99  3.57  4.79  6.04  6.24  5.83  5.00  4.41  3.57  2.80  1.99  1.66  1.11  0.61  0.50  0.31  0.16  0.09  0.07  0.06
 6  75  0.02  0.07  0.11  0.23  0.45  0.67  1.09  2.07  2.95  3.56  4.83  5.94  6.00  5.48  4.75  4.24  3.61  2.83  2.03  1.70  1.16  0.63  0.52  0.33  0.18  0.09  0.07  0.06
 6  80  0.02  0.07  0.11  0.22  0.43  0.64  1.05  2.00  2.91  3.54  4.87  5.84  5.75  5.14  4.51  4.06  3.65  2.87  2.07  1.74  1.21  0.65  0.53  0.34  0.19  0.10  0.07  0.06
 6  85  0.02  0.07  0.11  0.22  0.43  0.64  1.05  2.01  2.92  3.55  4.89  5.85  5.76  5.15  4.52  4.07  3.65  2.87  2.07  1.74  1.21  0.65  0.53  0.34  0.19  0.10  0.07  0.06
 6  90  0.02  0.07  0.11  0.22  0.43  0.64  1.05  2.01  2.93  3.56  4.90  5.87  5.77  5.15  4.52  4.07  3.65  2.87  2.07  1.74  1.21  0.65  0.53  0.34  0.19  0.10  0.07  0.06
 7 -90  0.05  0.16  0.26  0.51  0.96  1.38  2.06  2.93  4.00  4.78  5.09  5.06  4.75  4.19  3.96  3.78  3.52  2.68  1.95  1.59  0.99  0.38  0.19  0.08  0.05  0.03  0.03  0.03
 7 -85  0.05  0.16  0.26  0.51  0.96  1.38  2.06  2.93  4.00  4.78  5.09  5.06  4.75  4.19  3.96  3.78  3.52  2.68  1.95  1.59  0.99  0.38  0.19  0.08  0.05  0.03  0.03  0.03
 7 -80  0.05  0.16  0.26  0.51  0.96  1.38  2.06  2.94  4.00  4.78  5.08  5.06  4.75  4.19  3.97  3.78  3.52  2.67  1.96  1.59  0.99  0.38  0.19  0.08  0.05  0.03  0.03  0.03
 7 -75  0.05  0.15  0.24  0.47  0.90  1.29  1.93  2.78  3.86  4.65  5.15  5.44  5.28  4.76  4.24  3.86  3.39  2.66  1.96  1.60  1.02  0.38  0.20  0.08  0.05  0.03  0.03  0.03
 7 -70  0.05  0.13  0.22  0.44  0.83  1.19  1.80  2.64  3.73  4.53  5.23  5.83  5.80  5.33  4.51  3.93  3.26  2.65  1.96  1.62  1.04  0.39  0.21  0.09  0.05  0.04  0.03  0.03
 7 -65  0.05  0.14  0.23  0.45  0.86  1.25  1.91  3.00  4.13  4.96  5.51  5.88  5.75  5.30  4.81  4.49  3.81  2.75  1.93  1.60  1.06  0.41  0.20  0.09  0.05  0.04  0.03  0.03
 7 -60  0.05  0.14  0.23  0.46  0.89  1.29  2.02  3.38  4.53  5.39  5.81  5.93  5.70  5.27  5.12  5.05  4.36  2.85  1.90  1.59  1.07  0.43  0.24  0.10  0.06  0.04  0.03  0.03
 7 -55  0.05  0.14  0.23  0.45  0.87  1.28  2.04  3.59  4.86  5.79  6.22  6.27  6.03  5.65  5.60  5.55  4.56  2.75  1.77  1.46  0.92  0.40  0.25  0.10  0.06  0.04  0.03  0.03
 7 -50  0.05  0.14  0.23  0.45  0.88  1.29  2.07  3.71  5.09  6.08  6.57  6.61  6.36  5.96  6.03  6.04  4.77  2.65  1.60  1.30  0.78  0.37  0.25  0.09  0.05  0.04  0.03  0.03
 7 -45  0.04  0.13  0.22  0.43  0.84  1.24  1.98  3.52  4.91  5.91  6.69  6.99  6.77  6.32  6.09  5.93  4.77  2.69  1.58  1.27  0.74  0.34  0.23  0.09  0.05  0.04  0.03  0.03
 7 -40  0.04  0.12  0.21  0.41  0.80  1.17  1.88  3.38  4.80  5.80  6.84  7.38  7.23  6.73  6.23  5.85  4.76  2.72  1.55  1.23  0.69  0.31  0.21  0.08  0.05  0.04  0.03  0.03
 7 -35  0.04  0.12  0.19  0.38  0.75  1.11  1.78  3.22  4.56  5.50  6.68  7.49  7.48  7.09  6.40  5.91  4.72  2.52  1.30  1.01  0.53  0.24  0.16  0.08  0.05  0.04  0.04  0.03
 7 -30  0.04  0.11  0.18  0.36  0.71  1.04  1.67  3.05  4.31  5.18  6.50  7.59  7.75  7.45  6.59  5.98  4.67  2.30  1.04  0.79  0.38  0.17  0.08  0.06  0.05  0.04  0.04  0.04
 7 -25  0.04  0.11  0.18  0.35  0.69  1.02  1.64  2.95  4.18  5.03  6.38  7.68  7.92  7.73  6.88  6.27  4.55  2.03  0.82  0.62  0.28  0.07  0.05  0.05  0.04  0.04  0.04  0.04
 7 -20  0.04  0.11  0.18  0.35  0.69  1.01  1.61  2.85  4.02  4.82  6.23  7.78  8.16  7.97  7.17  6.57  4.44  1.74  0.59  0.44  0.17  0.05  0.04  0.04  0.04  0.04  0.04  0.04
 7 -15  0.03  0.10  0.17  0.34  0.66  0.97  1.56  2.81  3.98  4.77  6.20  7.88  8.41  8.34  7.45  6.83  4.24  1.55  0.54  0.40  0.17  0.05  0.04  0.03  0.03  0.04  0.04  0.04
 7 -10  0.03  0.10  0.17  0.33  0.66  0.96  1.54  2.78  3.93  4.74  6.27  8.01  8.68  8.77  7.77  7.09  4.02  1.36  0.48  0.36  0.16  0.04  0.03  0.03  0.03  0.04  0.04  0.04
 7  -5  0.03  0.10  0.17  0.33  0.65  0.96  1.53  2.75  3.92  4.74  6.31  8.06  8.85  9.02  7.84  7.03  4.08  1.33  0.48  0.36  0.17  0.04  0.03  0.03  0.03  0.03  0.04  0.03
 7   0  0.03  0.09  0.16  0.31  0.62  0.91  1.48  2.76  3.94  4.76  6.37  8.20  9.05  9.29  7.93  6.99  4.16  1.31  0.47  0.36  0.17  0.04  0.03  0.03  0.03  0.03  0.03  0.03
 7   5  0.03  0.10  0.16  0.32  0.63  0.93  1.50  2.77  3.95  4.77  6.39  8.24  9.06  9.31  8.10  7.22  4.39  1.50  0.58  0.44  0.20  0.04  0.03  0.03  0.03  0.03  0.03  0.03
 7  10  0.03  0.09  0.16  0.31  0.62  0.91  1.49  2.81  4.01  4.83  6.43  8.32  9.10  9.34  8.25  7.43  4.60  1.69  0.69  0.52  0.23  0.04  0.03  0.03  0.03  0.04  0.03  0.03
 7  15  0.03  0.10  0.16  0.31  0.62  0.92  1.50  2.82  4.02  4.83  6.39  8.23  8.95  9.08  8.06  7.30  4.58  1.74  0.71  0.53  0.23  0.05  0.04  0.04  0.04  0.04  0.04  0.03
 7  20  0.03  0.10  0.16  0.32  0.64  0.94  1.52  2.82  4.00  4.83  6.38  8.18  8.82  8.88  7.88  7.15  4.58  1.78  0.73  0.55  0.24  0.06  0.05  0.05  0.05  0.05  0.05  0.04
 7  25  0.03  0.10  0.16  0.32  0.62  0.93  1.51  2.82  3.99  4.78  6.27  8.02  8.69  8.72  7.71  7.02  4.54  1.90  0.77  0.58  0.24  0.08  0.06  0.06  0.06  0.06  0.05  0.04
 7  30  0.03  0.09  0.16  0.31  0.61  0.91  1.49  2.81  3.94  4.73  6.17  7.88  8.52  8.55  7.55  6.87  4.50  2.02  0.82  0.60  0.25  0.11  0.07  0.06  0.06  0.06  0.05  0.05
 7  35  0.03  0.09  0.15  0.31  0.61  0.90  1.46  2.74  3.83  4.58  5.97  7.66  8.29  8.31  7.36  6.70  4.48  2.13  0.98  0.75  0.36  0.13  0.08  0.07  0.07  0.06  0.06  0.05
 7  40  0.03  0.09  0.15  0.30  0.59  0.88  1.43  2.66  3.72  4.44  5.82  7.45  8.04  8.06  7.17  6.53  4.44  2.25  1.15  0.89  0.46  0.18  0.11  0.08  0.07  0.06  0.06  0.05
 7  45  0.03  0.09  0.15  0.29  0.57  0.85  1.37  2.55  3.54  4.22  5.57  7.19  7.78  7.77  6.89  6.26  4.42  2.37  1.28  1.02  0.58  0.28  0.16  0.11  0.08  0.07  0.06  0.05
 7  50  0.03  0.08  0.14  0.27  0.54  0.80  1.31  2.47  3.40  4.05  5.37  6.97  7.54  7.49  6.62  6.00  4.39  2.49  1.42  1.16  0.71  0.37  0.26  0.14  0.10  0.07  0.06  0.05
 7  55  0.03  0.08  0.13  0.26  0.51  0.76  1.24  2.36  3.25  3.86  5.16  6.72  7.23  7.12  6.24  5.60  4.19  2.53  1.51  1.24  0.79  0.41  0.30  0.17  0.11  0.07  0.06  0.05
 7  60  0.03  0.08  0.13  0.25  0.50  0.75  1.22  2.33  3.21  3.82  5.07  6.52  6.94  6.73  5.87  5.25  4.03  2.60  1.63  1.34  0.86  0.46  0.35  0.19  0.12  0.08  0.06  0.05
 7  65  0.02  0.07  0.12  0.24  0.48  0.71  1.17  2.23  3.09  3.68  4.89  6.20  6.50  6.19  5.29  4.65  3.66  2.60  1.72  1.42  0.94  0.49  0.38  0.24  0.13  0.08  0.06  0.05
 7  70  0.02  0.07  0.12  0.23  0.46  0.68  1.12  2.14  2.97  3.54  4.71  5.88  6.06  5.66  4.71  4.04  3.29  2.59  1.80  1.51  1.02  0.52  0.41  0.27  0.14  0.08  0.07  0.05
 7  75  0.02  0.07  0.11  0.22  0.44  0.65  1.07  2.04  2.91  3.50  4.71  5.73  5.77  5.28  4.45  3.86  3.26  2.63  1.86  1.56  1.05  0.52  0.43  0.28  0.15  0.09  0.07  0.05
 7  80  0.02  0.06  0.11  0.21  0.42  0.62  1.02  1.95  2.85  3.47  4.72  5.58  5.47  4.89  4.19  3.68  3.24  2.67  1.92  1.60  1.08  0.52  0.45  0.29  0.16  0.09  0.07  0.05
 7  85  0.02  0.06  0.11  0.21  0.42  0.62  1.02  1.95  2.85  3.48  4.74  5.60  5.48  4.90  4.19  3.69  3.24  2.67  1.92  1.60  1.08  0.52  0.45  0.29  0.18  0.09  0.07  0.05
 7  90  0.02  0.06  0.11  0.21  0.42  0.62  1.02  1.96  2.86  3.49  4.75  5.61  5.49  4.91  4.20  3.69  3.24  2.67  1.92  1.60  1.08  0.52  0.45  0.29  0.18  0.09  0.07  0.05
 8 -90  0.04  0.12  0.20  0.39  0.75  1.08  1.62  2.37  3.32  4.04  4.99  5.96  5.93  5.07  4.03  3.29  2.83  2.43  1.75  1.44  0.93  0.38  0.15  0.07  0.05  0.03  0.03  0.03
 8 -85  0.04  0.12  0.20  0.39  0.75  1.08  1.62  2.37  3.32  4.04  4.98  5.96  5.93  5.07  4.04  3.30  2.83  2.43  1.75  1.44  0.93  0.38  0.16  0.07  0.05  0.03  0.03  0.03
 8 -80  0.04  0.12  0.20  0.39  0.75  1.08  1.62  2.37  3.33  4.04  4.98  5.95  5.93  5.07  4.04  3.30  2.83  2.43  1.76  1.45  0.93  0.38  0.17  0.07  0.05  0.04  0.03  0.03
 8 -75  0.04  0.12  0.20  0.40  0.77  1.10  1.68  2.58  3.51  4.20  5.05  5.83  5.80  5.17  4.23  3.56  2.98  2.48  1.79  1.49  0.98  0.40  0.18  0.08  0.05  0.04  0.03  0.03
 8 -70  0.04  0.12  0.20  0.40  0.77  1.11  1.72  2.80  3.70  4.38  5.13  5.71  5.67  5.27  4.41  3.83  3.13  2.54  1.83  1.53  1.03  0.42  0.19  0.08  0.05  0.04  0.03  0.03
 8 -65  0.04  0.12  0.19  0.39  0.75  1.10  1.73  2.96  3.93  4.67  5.46  5.94  5.85  5.44  4.87  4.49  3.71  2.72  1.81  1.51  0.99  0.43  0.20  0.09  0.05  0.04  0.03  0.03
 8 -60  0.04  0.12  0.19  0.38  0.74  1.09  1.74  3.11  4.17  4.96  5.80  6.18  6.03  5.61  5.33  5.16  4.29  2.90  1.79  1.48  0.95  0.43  0.25  0.10  0.06  0.04  0.03  0.03
 8 -55  0.04  0.11  0.19  0.38  0.74  1.10  1.78  3.30  4.52  5.38  6.27  6.64  6.48  6.10  5.81  5.57  4.62  2.98  1.78  1.47  0.92  0.42  0.26  0.10  0.06  0.04  0.03  0.03
 8 -50  0.04  0.12  0.19  0.38  0.76  1.12  1.82  3.42  4.77  5.71  6.68  7.10  6.95  6.55  6.24  5.96  4.92  3.06  1.73  1.42  0.88  0.40  0.27  0.10  0.06  0.04  0.04  0.03
 8 -45  0.04  0.12  0.19  0.39  0.76  1.12  1.81  3.33  4.69  5.65  6.73  7.35  7.25  6.81  6.27  5.87  4.89  3.03  1.70  1.38  0.84  0.38  0.26  0.09  0.06  0.04  0.04  0.03
 8 -40  0.04  0.12  0.19  0.38  0.75  1.11  1.79  3.29  4.67  5.62  6.82  7.62  7.60  7.14  6.37  5.80  4.85  2.99  1.66  1.34  0.80  0.36  0.24  0.09  0.06  0.04  0.04  0.04
 8 -35  0.04  0.11  0.19  0.37  0.72  1.07  1.72  3.17  4.50  5.42  6.73  7.70  7.76  7.35  6.49  5.88  4.76  2.74  1.38  1.10  0.62  0.28  0.20  0.09  0.06  0.04  0.04  0.04
 8 -30  0.04  0.11  0.18  0.35  0.69  1.02  1.65  3.04  4.33  5.21  6.61  7.78  7.93  7.58  6.63  5.96  4.66  2.48  1.11  0.86  0.45  0.20  0.09  0.07  0.06  0.05  0.04  0.04
 8 -25  0.04  0.11  0.18  0.35  0.68  1.01  1.62  2.93  4.19  5.05  6.51  7.92  8.17  7.90  6.92  6.21  4.55  2.17  0.83  0.64  0.31  0.08  0.06  0.05  0.05  0.05  0.04  0.04
 8 -20  0.04  0.10  0.17  0.34  0.68  0.99  1.58  2.82  4.02  4.85  6.38  8.06  8.45  8.18  7.20  6.47  4.45  1.84  0.56  0.41  0.17  0.06  0.04  0.04  0.04  0.04  0.04  0.04
 8 -15  0.03  0.10  0.17  0.33  0.65  0.95  1.53  2.78  3.95  4.75  6.30  8.15  8.72  8.57  7.52  6.80  4.24  1.61  0.54  0.39  0.15  0.05  0.04  0.04  0.04  0.04  0.04  0.04
 8 -10  0.03  0.10  0.16  0.32  0.63  0.94  1.51  2.74  3.89  4.69  6.32  8.26  9.02  9.06  7.91  7.12  4.00  1.37  0.51  0.36  0.13  0.04  0.03  0.03  0.03  0.04  0.04  0.04
 8  -5  0.03  0.10  0.16  0.32  0.63  0.93  1.49  2.71  3.86  4.67  6.32  8.28  9.19  9.33  8.05  7.20  4.00  1.34  0.50  0.37  0.14  0.04  0.03  0.03  0.03  0.04  0.04  0.04
 8   0  0.03  0.09  0.15  0.30  0.59  0.88  1.44  2.73  3.88  4.68  6.37  8.42  9.41  9.64  8.23  7.29  4.01  1.31  0.51  0.37  0.15  0.04  0.03  0.03  0.03  0.04  0.04  0.03
 8   5  0.03  0.09  0.16  0.31  0.61  0.91  1.47  2.73  3.90  4.72  6.40  8.44  9.37  9.61  8.29  7.37  4.28  1.47  0.61  0.45  0.17  0.04  0.03  0.03  0.03  0.03  0.03  0.03
 8  10  0.03  0.09  0.15  0.31  0.61  0.90  1.47  2.77  3.96  4.79  6.46  8.50  9.36  9.57  8.34  7.44  4.53  1.63  0.70  0.52  0.20  0.04  0.03  0.03  0.03  0.04  0.03  0.03
 8  15  0.03  0.09  0.16  0.31  0.62  0.92  1.49  2.80  4.03  4.86  6.50  8.39  9.12  9.23  8.12  7.29  4.52  1.69  0.73  0.54  0.21  0.04  0.04  0.04  0.04  0.04  0.04  0.03
 8  20  0.03  0.10  0.16  0.32  0.64  0.94  1.53  2.82  4.06  4.92  6.55  8.34  8.93  8.96  7.90  7.14  4.53  1.74  0.76  0.56  0.22  0.05  0.04  0.04  0.05  0.05  0.04  0.04
 8  25  0.03  0.10  0.16  0.32  0.63  0.94  1.52  2.86  4.10  4.95  6.50  8.18  8.75  8.73  7.71  7.00  4.50  1.86  0.79  0.58  0.23  0.07  0.05  0.05  0.05  0.05  0.05  0.04
 8  30  0.03  0.10  0.16  0.32  0.63  0.93  1.52  2.88  4.11  4.97  6.47  8.05  8.55  8.51  7.52  6.84  4.46  1.96  0.82  0.60  0.24  0.09  0.06  0.06  0.06  0.06  0.05  0.05
 8  35  0.03  0.10  0.16  0.32  0.63  0.93  1.51  2.84  4.02  4.84  6.28  7.81  8.31  8.25  7.31  6.67  4.44  2.03  0.94  0.71  0.32  0.11  0.07  0.07  0.06  0.06  0.06  0.05
 8  40  0.03  0.09  0.16  0.31  0.62  0.91  1.48  2.79  3.94  4.72  6.12  7.59  8.04  8.00  7.12  6.49  4.39  2.10  1.04  0.80  0.39  0.14  0.09  0.08  0.07  0.06  0.06  0.05
 8  45  0.03  0.09  0.15  0.30  0.60  0.89  1.44  2.69  3.78  4.53  5.92  7.36  7.78  7.69  6.82  6.21  4.29  2.22  1.19  0.94  0.51  0.22  0.13  0.09  0.08  0.06  0.06  0.05
 8  50  0.03  0.09  0.15  0.29  0.58  0.86  1.39  2.62  3.66  4.38  5.75  7.14  7.53  7.38  6.54  5.94  4.19  2.33  1.33  1.08  0.64  0.29  0.18  0.12  0.09  0.07  0.06  0.05
 8  55  0.03  0.08  0.14  0.28  0.55  0.81  1.33  2.53  3.53  4.23  5.58  6.93  7.24  7.01  6.18  5.57  3.95  2.42  1.46  1.19  0.72  0.32  0.21  0.15  0.10  0.07  0.06  0.05
 8  60  0.03  0.08  0.14  0.27  0.54  0.80  1.31  2.50  3.51  4.21  5.53  6.75  6.95  6.60  5.82  5.25  3.75  2.54  1.62  1.31  0.80  0.35  0.24  0.17  0.11  0.07  0.06  0.05
 8  65  0.03  0.08  0.13  0.26  0.52  0.77  1.26  2.42  3.40  4.08  5.31  6.34  6.40  5.97  5.21  4.67  3.48  2.54  1.71  1.39  0.87  0.40  0.29  0.18  0.11  0.07  0.06  0.05
 8  70  0.03  0.08  0.13  0.25  0.50  0.75  1.22  2.34  3.29  3.94  5.10  5.92  5.85  5.34  4.61  4.09  3.21  2.55  1.79  1.47  0.95  0.44  0.33  0.20  0.12  0.08  0.06  0.05
 8  75  0.03  0.08  0.13  0.25  0.49  0.73  1.20  2.30  3.24  3.89  4.89  5.43  5.23  4.69  4.14  3.74  3.17  2.56  1.83  1.51  0.98  0.46  0.34  0.21  0.14  0.08  0.06  0.05
 8  80  0.02  0.07  0.12  0.24  0.49  0.72  1.18  2.26  3.20  3.84  4.69  4.94  4.61  4.04  3.67  3.40  3.12  2.56  1.87  1.54  1.02  0.48  0.35  0.22  0.15  0.08  0.06  0.05
 8  85  0.02  0.07  0.12  0.24  0.49  0.72  1.18  2.27  3.20  3.86  4.70  4.95  4.62  4.05  3.67  3.40  3.12  2.56  1.87  1.54  1.02  0.48  0.35  0.22  0.15  0.08  0.06  0.05
 8  90  0.02  0.07  0.12  0.24  0.49  0.72  1.19  2.27  3.21  3.87  4.72  4.96  4.63  4.06  3.68  3.41  3.13  2.56  1.87  1.54  1.02  0.48  0.35  0.23  0.16  0.09  0.07  0.05
 9 -90  0.04  0.11  0.18  0.35  0.68  0.99  1.54  2.54  3.54  4.29  4.85  5.36  5.33  4.92  3.99  3.36  2.00  1.34  0.94  0.81  0.58  0.34  0.11  0.06  0.05  0.04  0.03  0.03
 9 -85  0.04  0.11  0.18  0.35  0.68  0.99  1.54  2.55  3.54  4.29  4.85  5.35  5.33  4.92  4.00  3.36  2.00  1.34  0.95  0.81  0.58  0.34  0.12  0.06  0.05  0.04  0.03  0.03
 9 -80  0.04  0.11  0.18  0.35  0.68  0.99  1.55  2.55  3.54  4.29  4.84  5.35  5.32  4.92  4.00  3.36  2.00  1.34  0.95  0.81  0.58  0.34  0.13  0.06  0.05  0.04  0.03  0.03
 9 -75  0.04  0.11  0.17  0.34  0.67  0.98  1.54  2.63  3.60  4.32  5.11  5.67  5.61  5.18  4.27  3.65  2.25  1.49  1.05  0.90  0.64  0.36  0.14  0.07  0.05  0.04  0.03  0.03
 9 -70  0.03  0.10  0.17  0.34  0.66  0.97  1.54  2.71  3.66  4.35  5.38  5.98  5.89  5.42  4.54  3.94  2.54  1.66  1.16  1.00  0.70  0.40  0.16  0.08  0.05  0.04  0.03  0.03
 9 -65  0.03  0.10  0.17  0.33  0.66  0.97  1.56  2.84  3.89  4.63  5.74  6.40  6.34  5.90  5.23  4.76  3.37  2.16  1.40  1.17  0.78  0.43  0.23  0.08  0.05  0.04  0.03  0.03
 9 -60  0.03  0.10  0.17  0.34  0.67  0.99  1.60  2.96  4.10  4.91  6.10  6.83  6.80  6.37  5.92  5.59  4.17  2.66  1.64  1.35  0.87  0.46  0.26  0.09  0.06  0.04  0.03  0.03
 9 -55  0.04  0.10  0.17  0.35  0.69  1.02  1.66  3.11  4.37  5.23  6.43  7.18  7.17  6.82  6.31  5.90  4.60  2.95  1.78  1.44  0.86  0.44  0.26  0.09  0.06  0.04  0.04  0.03
 9 -50  0.04  0.11  0.18  0.35  0.70  1.03  1.69  3.21  4.54  5.47  6.72  7.55  7.58  7.22  6.66  6.21  5.00  3.22  1.87  1.49  0.84  0.42  0.25  0.09  0.06  0.04  0.04  0.03
 9 -45  0.04  0.11  0.18  0.35  0.70  1.03  1.68  3.14  4.48  5.42  6.75  7.71  7.76  7.34  6.61  6.06  4.91  3.15  1.82  1.43  0.79  0.40  0.25  0.09  0.06  0.04  0.04  0.04
 9 -40  0.04  0.11  0.18  0.35  0.69  1.03  1.67  3.10  4.47  5.39  6.81  7.89  7.99  7.54  6.63  5.96  4.82  3.06  1.74  1.37  0.73  0.37  0.24  0.09  0.06  0.05  0.04  0.04
 9 -35  0.03  0.10  0.17  0.34  0.67  1.00  1.62  3.01  4.34  5.25  6.75  8.00  8.16  7.75  6.72  5.99  4.74  2.76  1.45  1.12  0.56  0.28  0.19  0.09  0.06  0.05  0.04  0.04
 9 -30  0.03  0.10  0.17  0.33  0.65  0.96  1.56  2.93  4.21  5.09  6.66  8.08  8.34  7.98  6.84  6.03  4.64  2.46  1.17  0.88  0.38  0.18  0.10  0.07  0.06  0.05  0.05  0.04
 9 -25  0.03  0.10  0.17  0.33  0.65  0.96  1.55  2.84  4.08  4.92  6.51  8.18  8.57  8.29  7.11  6.26  4.61  2.24  0.96  0.71  0.29  0.08  0.06  0.05  0.05  0.05  0.05  0.05
 9 -20  0.03  0.10  0.16  0.33  0.64  0.94  1.52  2.76  3.93  4.74  6.36  8.28  8.82  8.58  7.37  6.49  4.58  1.99  0.75  0.54  0.21  0.06  0.05  0.04  0.04  0.05  0.05  0.05
 9 -15  0.03  0.09  0.16  0.31  0.61  0.91  1.47  2.73  3.86  4.62  6.22  8.28  8.99  8.91  7.67  6.80  4.35  1.70  0.64  0.47  0.18  0.05  0.04  0.04  0.04  0.04  0.05  0.05
 9 -10  0.03  0.09  0.15  0.30  0.60  0.89  1.44  2.70  3.79  4.55  6.17  8.29  9.22  9.34  8.02  7.11  4.08  1.41  0.54  0.39  0.15  0.04  0.04  0.04  0.04  0.04  0.04  0.04
 9  -5  0.03  0.09  0.15  0.30  0.60  0.88  1.43  2.67  3.76  4.52  6.16  8.27  9.33  9.59  8.10  7.11  4.02  1.37  0.54  0.39  0.15  0.04  0.03  0.03  0.04  0.04  0.04  0.04
 9   0  0.03  0.09  0.14  0.29  0.57  0.85  1.39  2.68  3.77  4.53  6.20  8.38  9.53  9.89  8.22  7.10  3.96  1.33  0.54  0.40  0.15  0.04  0.03  0.03  0.03  0.04  0.04  0.03
 9   5  0.03  0.09  0.15  0.30  0.59  0.88  1.43  2.69  3.82  4.59  6.25  8.39  9.46  9.81  8.30  7.27  4.23  1.47  0.61  0.45  0.17  0.04  0.03  0.03  0.03  0.04  0.03  0.03
 9  10  0.03  0.09  0.15  0.30  0.59  0.88  1.44  2.73  3.88  4.66  6.33  8.45  9.42  9.71  8.38  7.44  4.47  1.61  0.68  0.49  0.18  0.04  0.03  0.03  0.03  0.04  0.03  0.03
 9  15  0.03  0.09  0.15  0.31  0.61  0.90  1.46  2.75  3.97  4.77  6.42  8.38  9.17  9.31  8.15  7.29  4.46  1.62  0.68  0.50  0.18  0.04  0.03  0.03  0.04  0.04  0.04  0.03
 9  20  0.03  0.10  0.16  0.32  0.63  0.93  1.50  2.77  4.00  4.85  6.51  8.36  8.97  9.00  7.93  7.15  4.45  1.63  0.69  0.51  0.18  0.05  0.04  0.04  0.04  0.05  0.04  0.04
 9  25  0.03  0.09  0.16  0.31  0.62  0.91  1.49  2.82  4.07  4.92  6.51  8.20  8.74  8.70  7.79  7.15  4.50  1.69  0.71  0.52  0.19  0.07  0.05  0.05  0.05  0.05  0.05  0.04
 9  30  0.03  0.09  0.16  0.31  0.62  0.92  1.50  2.84  4.11  4.99  6.53  8.07  8.50  8.41  7.66  7.13  4.53  1.75  0.73  0.53  0.20  0.08  0.06  0.05  0.05  0.05  0.05  0.05
 9  35  0.03  0.10  0.16  0.32  0.63  0.93  1.51  2.85  4.10  4.96  6.43  7.84  8.22  8.09  7.30  6.75  4.44  1.92  0.91  0.68  0.29  0.10  0.07  0.06  0.06  0.06  0.05  0.05
 9  40  0.03  0.10  0.16  0.32  0.63  0.93  1.51  2.84  4.09  4.94  6.36  7.62  7.91  7.79  6.96  6.36  4.32  2.07  1.07  0.81  0.37  0.13  0.09  0.07  0.06  0.06  0.05  0.05
 9  45  0.03  0.10  0.16  0.32  0.63  0.93  1.51  2.82  4.05  4.89  6.29  7.41  7.60  7.39  6.61  6.05  4.22  2.19  1.20  0.94  0.49  0.19  0.12  0.09  0.07  0.06  0.06  0.05
 9  50  0.03  0.10  0.16  0.32  0.63  0.93  1.51  2.81  4.03  4.87  6.23  7.19  7.28  6.99  6.28  5.75  4.11  2.30  1.35  1.08  0.61  0.25  0.15  0.11  0.08  0.06  0.06  0.05
 9  55  0.03  0.09  0.15  0.31  0.61  0.90  1.47  2.80  4.00  4.85  6.16  6.97  6.93  6.55  5.85  5.32  3.90  2.37  1.47  1.18  0.70  0.29  0.19  0.14  0.09  0.06  0.06  0.05
 9  60  0.03  0.09  0.15  0.31  0.61  0.91  1.48  2.84  4.09  4.96  6.20  6.78  6.59  6.07  5.42  4.94  3.74  2.48  1.62  1.31  0.79  0.34  0.22  0.15  0.10  0.07  0.06  0.05
 9  65  0.03  0.09  0.16  0.31  0.61  0.91  1.50  2.86  4.07  4.93  5.96  6.31  6.02  5.47  4.83  4.35  3.47  2.45  1.71  1.40  0.88  0.39  0.26  0.17  0.11  0.07  0.05  0.05
 9  70  0.03  0.09  0.16  0.31  0.62  0.92  1.51  2.88  4.06  4.90  5.73  5.84  5.46  4.88  4.23  3.77  3.21  2.43  1.80  1.48  0.96  0.45  0.29  0.18  0.11  0.07  0.06  0.05
 9  75  0.03  0.10  0.16  0.31  0.62  0.93  1.51  2.88  3.85  4.55  5.07  5.12  4.83  4.37  4.00  3.73  3.16  2.43  1.80  1.48  0.97  0.45  0.30  0.19  0.12  0.07  0.06  0.05
 9  80  0.03  0.10  0.16  0.32  0.63  0.93  1.52  2.88  3.65  4.21  4.40  4.39  4.19  3.86  3.76  3.68  3.10  2.43  1.79  1.48  0.98  0.45  0.31  0.20  0.12  0.07  0.06  0.05
 9  85  0.03  0.10  0.16  0.32  0.63  0.93  1.52  2.88  3.66  4.22  4.42  4.40  4.21  3.86  3.77  3.69  3.11  2.43  1.79  1.48  0.98  0.45  0.31  0.20  0.13  0.07  0.06  0.05
 9  90  0.03  0.10  0.16  0.32  0.63  0.93  1.52  2.89  3.66  4.23  4.43  4.42  4.22  3.87  3.77  3.69  3.11  2.43  1.79  1.48  0.98  0.45  0.31  0.20  0.13  0.07  0.06  0.05
10 -90  0.03  0.09  0.14  0.28  0.56  0.83  1.33  2.42  3.30  3.91  5.08  5.87  5.91  5.48  4.65  4.05  2.61  0.67  0.29  0.28  0.24  0.31  0.10  0.06  0.05  0.04  0.03  0.03
10 -85  0.03  0.09  0.14  0.28  0.56  0.83  1.33  2.43  3.30  3.91  5.07  5.87  5.91  5.49  4.65  4.05  2.61  0.67  0.29  0.28  0.24  0.31  0.11  0.06  0.05  0.04  0.03  0.03
10 -80  0.03  0.09  0.14  0.28  0.56  0.83  1.33  2.43  3.30  3.91  5.07  5.86  5.91  5.49  4.65  4.06  2.61  0.67  0.29  0.28  0.24  0.31  0.12  0.06  0.05  0.04  0.03  0.03
10 -75  0.03  0.09  0.14  0.29  0.56  0.83  1.34  2.46  3.38  4.01  5.20  6.13  6.25  5.86  5.20  4.70  3.09  1.04  0.50  0.44  0.31  0.34  0.22  0.07  0.05  0.04  0.03  0.03
10 -70  0.03  0.09  0.14  0.29  0.57  0.84  1.35  2.50  3.45  4.11  5.34  6.40  6.59  6.23  5.74  5.36  3.58  1.46  0.72  0.61  0.40  0.38  0.24  0.07  0.05  0.04  0.03  0.03
10 -65  0.03  0.09  0.15  0.30  0.58  0.86  1.40  2.61  3.67  4.39  5.66  6.76  6.97  6.63  6.32  6.06  4.27  2.10  1.12  0.91  0.54  0.39  0.25  0.08  0.06  0.04  0.03  0.03
10 -60  0.03  0.09  0.15  0.31  0.60  0.89  1.45  2.72  3.88  4.67  5.99  7.13  7.35  7.04  6.89  6.75  4.92  2.74  1.52  1.21  0.69  0.41  0.26  0.09  0.06  0.04  0.03  0.03
10 -55  0.03  0.09  0.16  0.31  0.62  0.92  1.49  2.82  4.05  4.88  6.25  7.40  7.60  7.34  6.94  6.61  5.02  3.02  1.77  1.41  0.78  0.40  0.25  0.15  0.06  0.04  0.04  0.03
10 -50  0.03  0.09  0.16  0.31  0.62  0.92  1.51  2.86  4.15  5.02  6.46  7.68  7.89  7.59  6.94  6.45  5.10  3.26  1.96  1.55  0.86  0.38  0.24  0.14  0.06  0.04  0.04  0.03
10 -45  0.03  0.09  0.16  0.31  0.61  0.91  1.49  2.83  4.11  4.99  6.49  7.85  8.10  7.71  7.05  6.56  5.20  3.32  1.96  1.54  0.84  0.37  0.23  0.09  0.06  0.05  0.04  0.04
10 -40  0.03  0.09  0.16  0.31  0.61  0.91  1.49  2.82  4.09  4.96  6.55  8.03  8.33  7.91  7.21  6.70  5.31  3.37  1.93  1.52  0.82  0.36  0.23  0.09  0.06  0.05  0.04  0.04
10 -35  0.03  0.09  0.15  0.31  0.61  0.90  1.47  2.79  4.04  4.88  6.50  8.13  8.52  8.14  7.28  6.66  5.06  2.87  1.49  1.15  0.58  0.26  0.14  0.08  0.06  0.05  0.05  0.04
10 -30  0.03  0.09  0.15  0.30  0.60  0.89  1.45  2.76  3.97  4.78  6.43  8.21  8.70  8.41  7.36  6.61  4.81  2.36  1.05  0.79  0.35  0.15  0.10  0.07  0.06  0.05  0.05  0.04
10 -25  0.03  0.09  0.15  0.31  0.61  0.90  1.46  2.72  3.89  4.67  6.30  8.26  8.88  8.71  7.53  6.68  4.59  2.05  0.85  0.63  0.26  0.09  0.07  0.06  0.05  0.05  0.05  0.05
10 -20  0.03  0.09  0.15  0.30  0.60  0.89  1.44  2.70  3.81  4.57  6.17  8.31  9.07  8.98  7.68  6.74  4.38  1.71  0.66  0.48  0.18  0.06  0.05  0.05  0.05  0.05  0.05  0.05
10 -15  0.03  0.09  0.15  0.29  0.58  0.86  1.41  2.67  3.75  4.49  6.07  8.26  9.12  9.18  7.92  7.03  4.24  1.57  0.59  0.42  0.15  0.05  0.04  0.04  0.04  0.05  0.05  0.05
10 -10  0.03  0.09  0.14  0.28  0.56  0.84  1.38  2.67  3.73  4.46  6.05  8.22  9.25  9.50  8.21  7.31  4.07  1.42  0.51  0.37  0.13  0.04  0.04  0.04  0.04  0.04  0.04  0.04
10  -5  0.03  0.09  0.14  0.29  0.57  0.84  1.38  2.65  3.70  4.44  6.04  8.16  9.28  9.65  8.25  7.31  4.00  1.39  0.49  0.36  0.13  0.04  0.03  0.03  0.03  0.04  0.04  0.04
10   0  0.03  0.08  0.14  0.28  0.56  0.83  1.37  2.65  3.72  4.46  6.08  8.22  9.38  9.85  8.34  7.32  3.95  1.35  0.48  0.35  0.13  0.04  0.03  0.03  0.03  0.04  0.04  0.03
10   5  0.03  0.09  0.15  0.29  0.58  0.86  1.40  2.67  3.76  4.51  6.10  8.18  9.28  9.73  8.30  7.33  4.16  1.46  0.56  0.41  0.14  0.04  0.03  0.03  0.03  0.03  0.03  0.03
10  10  0.03  0.09  0.15  0.29  0.58  0.87  1.42  2.71  3.81  4.56  6.16  8.20  9.20  9.57  8.25  7.34  4.37  1.57  0.64  0.46  0.16  0.04  0.03  0.03  0.03  0.04  0.04  0.03
10  15  0.03  0.09  0.15  0.30  0.59  0.88  1.44  2.72  3.88  4.64  6.22  8.13  8.95  9.16  7.98  7.13  4.34  1.59  0.65  0.47  0.16  0.04  0.03  0.03  0.04  0.04  0.04  0.04
10  20  0.03  0.09  0.16  0.31  0.61  0.91  1.47  2.73  3.89  4.69  6.27  8.11  8.76  8.83  7.72  6.91  4.30  1.59  0.66  0.48  0.16  0.05  0.04  0.04  0.04  0.04  0.04  0.04
10  25  0.03  0.09  0.15  0.31  0.61  0.90  1.47  2.80  4.01  4.84  6.36  7.97  8.49  8.47  7.57  6.91  4.36  1.64  0.68  0.49  0.18  0.06  0.04  0.04  0.04  0.05  0.05  0.04
10  30  0.03  0.10  0.16  0.31  0.62  0.92  1.50  2.83  4.10  4.97  6.47  7.86  8.22  8.12  7.40  6.89  4.41  1.68  0.70  0.51  0.19  0.08  0.05  0.05  0.05  0.05  0.05  0.05
10  35  0.03  0.10  0.16  0.33  0.64  0.95  1.55  2.91  4.22  5.12  6.50  7.63  7.83  7.62  6.94  6.47  4.33  1.86  0.90  0.68  0.30  0.10  0.07  0.06  0.05  0.05  0.05  0.05
10  40  0.03  0.10  0.17  0.33  0.66  0.98  1.59  2.97  4.33  5.26  6.56  7.39  7.42  7.16  6.51  6.03  4.23  2.03  1.09  0.84  0.41  0.17  0.09  0.07  0.06  0.05  0.05  0.05
10  45  0.04  0.11  0.18  0.35  0.69  1.02  1.65  3.05  4.43  5.40  6.57  7.17  7.08  6.75  6.19  5.79  4.22  2.21  1.24  0.98  0.52  0.21  0.12  0.09  0.07  0.06  0.05  0.05
10  50  0.04  0.11  0.18  0.36  0.71  1.05  1.70  3.15  4.54  5.54  6.58  6.92  6.72  6.37  5.90  5.56  4.19  2.38  1.41  1.13  0.64  0.24  0.13  0.12  0.08  0.06  0.05  0.05
10  55  0.04  0.11  0.18  0.36  0.71  1.06  1.72  3.23  4.58  5.58  6.44  6.65  6.40  6.01  5.57  5.24  4.09  2.42  1.50  1.21  0.72  0.29  0.17  0.12  0.09  0.06  0.05  0.05
10  60  0.04  0.11  0.19  0.37  0.74  1.09  1.78  3.37  4.73  5.73  6.40  6.39  6.07  5.60  5.24  4.97  4.04  2.50  1.62  1.31  0.80  0.35  0.21  0.15  0.10  0.06  0.05  0.05
10  65  0.04  0.11  0.19  0.38  0.75  1.11  1.81  3.40  4.60  5.51  5.98  5.91  5.59  5.15  4.82  4.57  3.78  2.51  1.74  1.43  0.92  0.40  0.24  0.16  0.10  0.06  0.05  0.05
10  70  0.04  0.12  0.19  0.39  0.76  1.13  1.84  3.44  4.48  5.29  5.57  5.43  5.11  4.69  4.39  4.18  3.52  2.52  1.86  1.55  1.03  0.45  0.27  0.18  0.10  0.06  0.05  0.05
10  75  0.04  0.12  0.19  0.38  0.76  1.12  1.82  3.39  4.09  4.64  4.86  4.87  4.66  4.31  4.04  3.86  3.36  2.53  1.91  1.60  1.08  0.47  0.28  0.19  0.11  0.06  0.05  0.05
10  80  0.04  0.12  0.19  0.38  0.75  1.11  1.80  3.35  3.69  4.00  4.16  4.30  4.21  3.93  3.70  3.53  3.21  2.54  1.95  1.64  1.13  0.50  0.29  0.20  0.11  0.07  0.05  0.05
10  85  0.04  0.12  0.19  0.38  0.75  1.11  1.80  3.36  3.70  4.01  4.18  4.32  4.22  3.94  3.70  3.54  3.21  2.55  1.95  1.64  1.13  0.50  0.29  0.20  0.12  0.07  0.05  0.05
10  90  0.04  0.12  0.19  0.38  0.75  1.11  1.80  3.36  3.70  4.02  4.19  4.33  4.23  3.94  3.71  3.54  3.21  2.55  1.95  1.64  1.13  0.50  0.29  0.20  0.12  0.07  0.05  0.05
11 -90  0.02  0.07  0.12  0.25  0.49  0.72  1.17  2.19  3.04  3.63  4.91  6.05  6.31  6.10  5.80  5.53  4.24  1.88  0.95  0.77  0.47  0.36  0.25  0.15  0.05  0.04  0.03  0.02
11 -85  0.02  0.07  0.12  0.25  0.49  0.72  1.17  2.19  3.04  3.63  4.90  6.05  6.31  6.10  5.80  5.53  4.24  1.88  0.95  0.77  0.47  0.36  0.25  0.07  0.05  0.04  0.03  0.02
11 -80  0.02  0.07  0.12  0.25  0.49  0.72  1.17  2.20  3.05  3.63  4.90  6.04  6.30  6.10  5.81  5.53  4.24  1.88  0.96  0.78  0.47  0.36  0.25  0.15  0.05  0.04  0.03  0.03
11 -75  0.03  0.08  0.13  0.25  0.49  0.73  1.19  2.23  3.11  3.71  4.94  6.16  6.47  6.28  6.13  5.97  4.53  2.07  1.06  0.86  0.52  0.38  0.26  0.16  0.05  0.04  0.03  0.03
11 -70  0.03  0.08  0.13  0.25  0.50  0.74  1.20  2.26  3.17  3.79  4.99  6.28  6.65  6.45  6.46  6.42  4.83  2.29  1.19  0.96  0.58  0.41  0.27  0.17  0.06  0.04  0.03  0.03
11 -65  0.03  0.08  0.13  0.26  0.51  0.76  1.24  2.34  3.31  3.96  5.21  6.56  6.93  6.72  6.71  6.67  5.00  2.60  1.41  1.12  0.63  0.41  0.27  0.16  0.06  0.04  0.03  0.03
11 -60  0.03  0.08  0.14  0.27  0.53  0.79  1.28  2.41  3.44  4.13  5.44  6.83  7.21  6.99  6.97  6.93  5.18  2.90  1.63  1.28  0.70  0.41  0.26  0.16  0.06  0.04  0.03  0.03
11 -55  0.03  0.08  0.14  0.28  0.55  0.82  1.33  2.50  3.56  4.27  5.63  7.12  7.54  7.34  6.94  6.62  5.05  3.00  1.73  1.36  0.71  0.36  0.23  0.14  0.07  0.04  0.04  0.03
11 -50  0.03  0.08  0.14  0.28  0.55  0.82  1.34  2.54  3.63  4.34  5.79  7.41  7.89  7.65  6.88  6.30  4.90  3.06  1.78  1.38  0.71  0.32  0.21  0.10  0.07  0.05  0.04  0.03
11 -45  0.03  0.08  0.14  0.28  0.55  0.81  1.33  2.54  3.62  4.35  5.84  7.60  8.17  7.89  7.03  6.40  4.94  3.05  1.75  1.36  0.69  0.31  0.20  0.09  0.06  0.05  0.04  0.04
11 -40  0.03  0.08  0.14  0.27  0.54  0.81  1.33  2.57  3.63  4.35  5.89  7.80  8.45  8.20  7.22  6.52  5.00  3.04  1.71  1.32  0.67  0.31  0.19  0.08  0.06  0.05  0.04  0.04
11 -35  0.03  0.08  0.14  0.28  0.55  0.82  1.35  2.59  3.68  4.39  5.95  7.93  8.65  8.46  7.38  6.59  4.75  2.56  1.30  0.99  0.47  0.23  0.12  0.07  0.06  0.05  0.05  0.04
11 -30  0.03  0.08  0.14  0.28  0.56  0.83  1.36  2.63  3.70  4.41  5.98  8.03  8.84  8.76  7.53  6.66  4.49  2.09  0.89  0.66  0.28  0.15  0.09  0.06  0.06  0.05  0.05  0.04
11 -25  0.03  0.09  0.14  0.29  0.57  0.85  1.39  2.63  3.72  4.44  6.00  8.13  8.99  9.00  7.63  6.65  4.33  1.91  0.75  0.55  0.22  0.09  0.06  0.05  0.05  0.05  0.05  0.04
11 -20  0.03  0.09  0.14  0.29  0.57  0.85  1.39  2.66  3.75  4.48  6.04  8.24  9.14  9.21  7.72  6.63  4.18  1.70  0.61  0.44  0.16  0.07  0.05  0.05  0.05  0.05  0.05  0.04
11 -15  0.03  0.08  0.14  0.28  0.56  0.83  1.38  2.67  3.75  4.50  6.07  8.25  9.17  9.34  7.92  6.91  4.10  1.55  0.56  0.40  0.15  0.05  0.04  0.04  0.04  0.05  0.05  0.04
11 -10  0.03  0.08  0.14  0.28  0.55  0.82  1.37  2.71  3.80  4.56  6.16  8.28  9.29  9.56  8.16  7.17  3.99  1.40  0.50  0.36  0.14  0.05  0.04  0.04  0.04  0.04  0.04  0.04
11  -5  0.03  0.08  0.14  0.28  0.55  0.83  1.37  2.70  3.80  4.58  6.17  8.19  9.22  9.56  8.14  7.16  3.89  1.34  0.48  0.35  0.14  0.04  0.03  0.03  0.03  0.04  0.04  0.03
11   0  0.03  0.09  0.14  0.28  0.57  0.84  1.39  2.70  3.84  4.62  6.23  8.20  9.19  9.61  8.15  7.14  3.81  1.28  0.46  0.34  0.13  0.04  0.03  0.03  0.03  0.04  0.03  0.03
11   5  0.03  0.09  0.15  0.29  0.58  0.86  1.41  2.71  3.82  4.59  6.15  8.07  9.05  9.44  8.07  7.13  4.01  1.37  0.50  0.37  0.14  0.04  0.03  0.03  0.03  0.04  0.03  0.03
11  10  0.03  0.09  0.15  0.29  0.58  0.87  1.42  2.72  3.82  4.58  6.10  7.99  8.91  9.27  7.99  7.11  4.20  1.45  0.55  0.40  0.14  0.04  0.03  0.03  0.03  0.04  0.04  0.03
11  15  0.03  0.09  0.15  0.30  0.59  0.88  1.44  2.74  3.88  4.64  6.14  7.87  8.61  8.82  7.69  6.88  4.12  1.48  0.55  0.40  0.14  0.04  0.04  0.04  0.04  0.04  0.04  0.04
11  20  0.03  0.09  0.16  0.31  0.61  0.90  1.47  2.74  3.89  4.68  6.16  7.79  8.35  8.44  7.40  6.65  4.03  1.49  0.56  0.41  0.14  0.05  0.04  0.04  0.04  0.04  0.04  0.04
11  25  0.03  0.09  0.16  0.31  0.61  0.91  1.49  2.85  4.06  4.90  6.29  7.63  8.02  8.00  7.17  6.56  4.12  1.58  0.63  0.46  0.18  0.06  0.04  0.04  0.04  0.04  0.04  0.04
11  30  0.03  0.10  0.16  0.33  0.64  0.95  1.55  2.91  4.21  5.11  6.45  7.51  7.69  7.56  6.92  6.47  4.19  1.67  0.71  0.53  0.22  0.08  0.06  0.05  0.05  0.05  0.05  0.04
11  35  0.03  0.10  0.17  0.34  0.68  1.01  1.64  3.06  4.43  5.36  6.52  7.27  7.31  7.06  6.56  6.20  4.35  1.96  0.96  0.73  0.34  0.14  0.08  0.06  0.05  0.05  0.05  0.05
11  40  0.04  0.11  0.18  0.36  0.71  1.06  1.71  3.19  4.62  5.62  6.62  7.04  6.91  6.60  6.22  5.92  4.50  2.24  1.19  0.93  0.46  0.18  0.11  0.08  0.06  0.05  0.05  0.05
11  45  0.04  0.12  0.19  0.38  0.75  1.11  1.80  3.33  4.76  5.78  6.58  6.78  6.57  6.25  6.00  5.82  4.53  2.40  1.36  1.08  0.59  0.24  0.14  0.10  0.07  0.06  0.05  0.05
11  50  0.04  0.12  0.20  0.40  0.79  1.17  1.89  3.48  4.90  5.96  6.53  6.50  6.24  5.93  5.81  5.71  4.55  2.55  1.54  1.25  0.73  0.30  0.17  0.12  0.08  0.06  0.05  0.05
11  55  0.04  0.12  0.20  0.41  0.80  1.18  1.92  3.55  4.82  5.79  6.22  6.20  5.96  5.68  5.55  5.45  4.39  2.58  1.62  1.34  0.85  0.36  0.20  0.13  0.09  0.06  0.05  0.05
11  60  0.04  0.12  0.21  0.41  0.81  1.21  1.96  3.69  4.85  5.74  6.00  5.91  5.68  5.38  5.30  5.23  4.27  2.65  1.72  1.44  0.97  0.41  0.23  0.15  0.10  0.06  0.05  0.05
11  65  0.04  0.12  0.20  0.40  0.79  1.17  1.90  3.55  4.60  5.43  5.75  5.75  5.56  5.26  5.05  4.90  4.16  2.73  1.90  1.62  1.15  0.50  0.27  0.18  0.10  0.06  0.05  0.05
11  70  0.04  0.12  0.20  0.39  0.77  1.14  1.85  3.39  4.36  5.11  5.49  5.59  5.44  5.14  4.81  4.58  4.05  2.82  2.08  1.80  1.32  0.59  0.31  0.20  0.10  0.06  0.05  0.05
11  75  0.04  0.12  0.20  0.39  0.76  1.12  1.80  3.25  4.09  4.75  5.06  4.94  4.65  4.29  3.99  3.79  3.50  2.74  2.01  1.73  1.26  0.56  0.29  0.19  0.10  0.06  0.05  0.05
11  80  0.04  0.12  0.19  0.38  0.75  1.10  1.75  3.11  3.83  4.39  4.64  4.30  3.86  3.44  3.17  2.99  2.95  2.66  1.94  1.66  1.19  0.52  0.26  0.17  0.11  0.06  0.05  0.05
11  85  0.04  0.12  0.19  0.38  0.75  1.10  1.75  3.11  3.83  4.40  4.65  4.31  3.87  3.44  3.18  3.00  2.95  2.66  1.94  1.66  1.19  0.52  0.26  0.17  0.11  0.06  0.05  0.05
11  90  0.04  0.12  0.19  0.38  0.75  1.10  1.75  3.12  3.84  4.41  4.66  4.32  3.88  3.45  3.18  3.00  2.95  2.66  1.94  1.66  1.19  0.52  0.26  0.17  0.11  0.06  0.05  0.05
12 -90  0.02  0.07  0.11  0.22  0.43  0.64  1.03  1.91  2.74  3.31  4.58  5.76  5.94  5.57  5.37  5.21  4.55  3.07  1.73  1.37  0.77  0.38  0.29  0.18  0.09  0.04  0.03  0.02
12 -85  0.02  0.07  0.11  0.22  0.43  0.64  1.03  1.91  2.74  3.31  4.58  5.76  5.94  5.57  5.37  5.22  4.55  3.07  1.73  1.37  0.77  0.38  0.29  0.18  0.09  0.04  0.03  0.02
12 -80  0.02  0.07  0.11  0.22  0.43  0.64  1.03  1.91  2.74  3.31  4.57  5.76  5.94  5.57  5.37  5.22  4.55  3.07  1.73  1.37  0.77  0.38  0.29  0.18  0.09  0.04  0.03  0.02
12 -75  0.02  0.07  0.11  0.22  0.44  0.66  1.06  1.98  2.81  3.38  4.60  5.84  6.10  5.76  5.56  5.40  4.68  3.08  1.74  1.38  0.77  0.38  0.29  0.18  0.06  0.04  0.03  0.02
12 -70  0.02  0.07  0.12  0.23  0.46  0.68  1.10  2.04  2.88  3.45  4.62  5.93  6.25  5.94  5.74  5.58  4.81  3.10  1.75  1.39  0.78  0.38  0.29  0.17  0.06  0.04  0.03  0.03
12 -65  0.02  0.07  0.12  0.24  0.47  0.70  1.14  2.13  2.99  3.58  4.78  6.20  6.62  6.37  6.10  5.89  4.90  3.07  1.74  1.37  0.75  0.36  0.27  0.16  0.07  0.04  0.03  0.03
12 -60  0.03  0.08  0.13  0.25  0.49  0.73  1.18  2.21  3.10  3.70  4.93  6.48  7.00  6.79  6.46  6.21  4.98  3.04  1.72  1.35  0.73  0.34  0.24  0.14  0.07  0.04  0.03  0.03
12 -55  0.03  0.08  0.13  0.26  0.52  0.77  1.24  2.32  3.23  3.83  5.10  6.79  7.42  7.32  6.77  6.37  4.89  2.88  1.61  1.26  0.65  0.31  0.21  0.13  0.07  0.05  0.03  0.03
12 -50  0.03  0.08  0.13  0.27  0.52  0.78  1.26  2.37  3.30  3.90  5.24  7.11  7.87  7.80  7.06  6.52  4.78  2.70  1.46  1.13  0.56  0.28  0.18  0.10  0.07  0.05  0.04  0.03
12 -45  0.03  0.08  0.13  0.26  0.52  0.78  1.27  2.41  3.36  3.99  5.38  7.34  8.18  8.13  7.05  6.26  4.55  2.54  1.37  1.06  0.53  0.26  0.16  0.09  0.06  0.05  0.04  0.03
12 -40  0.03  0.08  0.13  0.26  0.52  0.78  1.28  2.49  3.42  4.06  5.48  7.55  8.48  8.50  7.06  6.04  4.34  2.37  1.27  0.98  0.49  0.24  0.12  0.07  0.06  0.05  0.04  0.04
12 -35  0.03  0.08  0.14  0.27  0.54  0.80  1.32  2.55  3.55  4.21  5.67  7.74  8.67  8.69  7.42  6.51  4.33  2.07  1.00  0.76  0.36  0.18  0.10  0.07  0.06  0.05  0.04  0.04
12 -30  0.03  0.08  0.14  0.27  0.54  0.81  1.34  2.61  3.64  4.32  5.83  7.90  8.83  8.91  7.78  6.98  4.32  1.79  0.73  0.54  0.23  0.13  0.08  0.06  0.05  0.05  0.05  0.04
12 -25  0.03  0.09  0.14  0.28  0.56  0.84  1.37  2.65  3.75  4.46  5.99  8.11  9.00  9.09  7.83  6.93  4.22  1.69  0.63  0.46  0.18  0.08  0.06  0.05  0.05  0.05  0.05  0.04
12 -20  0.03  0.08  0.14  0.28  0.56  0.83  1.38  2.71  3.85  4.61  6.19  8.32  9.16  9.23  7.86  6.87  4.12  1.56  0.53  0.38  0.13  0.06  0.04  0.04  0.04  0.05  0.05  0.04
12 -15  0.03  0.08  0.14  0.28  0.56  0.84  1.38  2.74  3.91  4.74  6.38  8.45  9.25  9.37  8.01  7.03  4.06  1.46  0.48  0.35  0.13  0.05  0.04  0.04  0.04  0.04  0.04  0.04
12 -10  0.03  0.08  0.14  0.28  0.55  0.83  1.39  2.79  4.03  4.89  6.61  8.61  9.44  9.57  8.18  7.17  3.98  1.35  0.44  0.32  0.13  0.04  0.03  0.03  0.03  0.04  0.04  0.03
12  -5  0.03  0.08  0.14  0.28  0.56  0.84  1.39  2.79  4.04  4.92  6.62  8.51  9.31  9.49  7.99  6.91  3.82  1.30  0.42  0.31  0.13  0.04  0.03  0.03  0.03  0.04  0.03  0.03
12   0  0.03  0.09  0.15  0.29  0.58  0.87  1.43  2.77  4.07  4.95  6.67  8.47  9.20  9.44  7.82  6.64  3.66  1.25  0.41  0.31  0.14  0.04  0.03  0.03  0.03  0.04  0.03  0.03
12   5  0.03  0.09  0.15  0.30  0.59  0.88  1.44  2.78  4.02  4.90  6.51  8.24  8.97  9.16  7.76  6.77  3.88  1.35  0.45  0.34  0.13  0.04  0.03  0.03  0.03  0.04  0.04  0.03
12  10  0.03  0.09  0.15  0.30  0.60  0.89  1.45  2.78  4.00  4.83  6.40  8.06  8.73  8.89  7.70  6.88  4.09  1.44  0.50  0.36  0.12  0.04  0.04  0.04  0.04  0.04  0.04  0.04
12  15  0.03  0.09  0.15  0.30  0.60  0.89  1.46  2.78  4.00  4.82  6.33  7.86  8.39  8.43  7.37  6.61  4.01  1.52  0.52  0.38  0.13  0.04  0.04  0.04  0.04  0.04  0.04  0.04
12  20  0.03  0.09  0.16  0.31  0.61  0.91  1.48  2.77  3.96  4.79  6.25  7.68  8.07  8.02  7.05  6.33  3.91  1.57  0.55  0.40  0.13  0.05  0.04  0.04  0.04  0.04  0.04  0.04
12  25  0.03  0.09  0.15  0.31  0.61  0.90  1.48  2.84  4.04  4.89  6.25  7.44  7.70  7.59  6.90  6.38  4.11  1.70  0.67  0.49  0.20  0.06  0.05  0.05  0.04  0.05  0.05  0.04
12  30  0.03  0.10  0.16  0.32  0.64  0.94  1.53  2.87  4.12  4.97  6.25  7.23  7.33  7.13  6.72  6.42  4.30  1.85  0.81  0.61  0.26  0.09  0.06  0.05  0.05  0.05  0.05  0.04
12  35  0.03  0.10  0.17  0.34  0.67  1.00  1.62  3.01  4.28  5.15  6.23  6.96  6.98  6.71  6.49  6.33  4.59  2.17  1.09  0.84  0.43  0.19  0.09  0.07  0.06  0.05  0.05  0.05
12  40  0.04  0.11  0.18  0.36  0.71  1.05  1.69  3.14  4.43  5.33  6.24  6.70  6.61  6.33  6.30  6.25  4.87  2.48  1.34  1.07  0.60  0.27  0.14  0.09  0.07  0.05  0.05  0.05
12  45  0.04  0.11  0.19  0.38  0.74  1.10  1.78  3.29  4.54  5.42  6.13  6.43  6.32  6.09  6.04  6.02  4.80  2.73  1.55  1.25  0.74  0.33  0.17  0.12  0.08  0.06  0.05  0.05
12  50  0.04  0.12  0.20  0.40  0.78  1.16  1.87  3.44  4.64  5.53  6.02  6.16  6.06  5.91  5.84  5.79  4.71  2.98  1.76  1.44  0.88  0.39  0.21  0.14  0.09  0.06  0.05  0.05
12  55  0.04  0.12  0.20  0.40  0.78  1.16  1.87  3.43  4.46  5.27  5.73  5.97  5.91  5.78  5.61  5.48  4.48  2.96  1.87  1.56  1.02  0.47  0.24  0.15  0.10  0.06  0.05  0.05
12  60  0.04  0.12  0.20  0.40  0.78  1.16  1.88  3.49  4.40  5.12  5.52  5.79  5.77  5.62  5.39  5.23  4.30  2.98  2.00  1.69  1.16  0.54  0.28  0.17  0.10  0.06  0.05  0.05
12  65  0.04  0.12  0.21  0.41  0.80  1.18  1.89  3.40  4.33  5.05  5.49  5.74  5.66  5.45  5.14  4.92  4.18  2.93  2.05  1.75  1.22  0.58  0.28  0.17  0.10  0.06  0.05  0.05
12  70  0.04  0.13  0.21  0.42  0.81  1.19  1.90  3.32  4.27  4.99  5.47  5.70  5.56  5.28  4.89  4.62  4.06  2.88  2.10  1.80  1.29  0.61  0.27  0.17  0.10  0.06  0.05  0.05
12  75  0.04  0.12  0.20  0.40  0.78  1.14  1.78  3.02  4.02  4.76  5.28  5.33  5.10  4.76  4.41  4.17  3.83  2.91  2.12  1.81  1.30  0.61  0.30  0.18  0.11  0.06  0.05  0.05
12  80  0.04  0.12  0.19  0.38  0.74  1.07  1.67  2.74  3.77  4.53  5.08  4.97  4.64  4.24  3.93  3.73  3.61  2.93  2.13  1.82  1.30  0.60  0.32  0.20  0.11  0.06  0.05  0.05
12  85  0.04  0.12  0.19  0.38  0.74  1.07  1.67  2.74  3.78  4.54  5.10  4.98  4.65  4.24  3.94  3.73  3.61  2.93  2.13  1.82  1.30  0.60  0.32  0.20  0.11  0.06  0.05  0.05
12  90  0.04  0.12  0.19  0.38  0.74  1.07  1.67  2.74  3.79  4.55  5.11  5.00  4.66  4.25  3.94  3.74  3.61  2.93  2.13  1.82  1.30  0.60  0.32  0.20  0.11  0.06  0.05  0.05
