     0.010
     0.030
     0.050
     0.100
     0.200
     0.300
     0.500
     1.000
     1.500
     2.000
     3.000
     5.000
     7.000
    10.000
    15.000
    20.000
    30.000
    50.000
    70.000
    80.000
   100.000
   150.000
   200.000
   250.000
   300.000
   400.000
   500.000
   600.000
 1 -90  0.02  0.07  0.11  0.22  0.44  0.65  1.05  1.96  2.79  3.38  4.71  5.70  5.64  5.04  4.33  3.84  3.56  2.84  1.98  1.61  1.01  0.43  0.29  0.18  0.09  0.05  0.03  0.02
 1 -85  0.02  0.07  0.11  0.22  0.44  0.65  1.05  1.95  2.78  3.39  4.73  5.71  5.65  5.03  4.33  3.83  3.56  2.85  1.97  1.61  1.01  0.43  0.29  0.18  0.09  0.05  0.03  0.02
 1 -80  0.02  0.07  0.11  0.22  0.44  0.65  1.05  1.94  2.77  3.39  4.74  5.72  5.66  5.02  4.32  3.82  3.56  2.85  1.97  1.60  1.01  0.43  0.29  0.18  0.09  0.05  0.03  0.02
 1 -75  0.02  0.07  0.11  0.23  0.45  0.66  1.08  2.00  2.83  3.47  4.77  5.86  5.90  5.30  4.66  4.20  3.85  2.92  1.96  1.58  0.99  0.42  0.29  0.18  0.09  0.05  0.03  0.02
 1 -70  0.02  0.07  0.12  0.23  0.46  0.68  1.11  2.06  2.90  3.55  4.79  5.99  6.15  5.58  4.99  4.58  4.14  2.99  1.94  1.57  0.97  0.42  0.28  0.18  0.08  0.04  0.03  0.03
 1 -65  0.02  0.07  0.12  0.24  0.48  0.71  1.15  2.13  2.99  3.67  4.96  6.32  6.62  6.14  5.60  5.22  4.35  2.97  1.84  1.48  0.90  0.39  0.27  0.17  0.08  0.05  0.03  0.03
 1 -60  0.03  0.08  0.13  0.25  0.50  0.74  1.19  2.21  3.09  3.79  5.13  6.65  7.09  6.70  6.21  5.86  4.55  2.94  1.75  1.39  0.83  0.36  0.25  0.16  0.09  0.05  0.03  0.03
 1 -55  0.03  0.08  0.13  0.27  0.53  0.78  1.26  2.34  3.25  3.95  5.31  6.95  7.52  7.29  6.62  6.14  4.41  2.68  1.49  1.17  0.66  0.28  0.20  0.13  0.09  0.05  0.04  0.03
 1 -50  0.03  0.08  0.14  0.27  0.54  0.80  1.29  2.39  3.32  4.03  5.45  7.26  7.98  7.82  6.99  6.41  4.25  2.41  1.20  0.92  0.49  0.20  0.14  0.12  0.07  0.05  0.04  0.03
 1 -45  0.03  0.08  0.14  0.27  0.54  0.80  1.31  2.51  3.48  4.20  5.66  7.53  8.31  8.24  7.24  6.52  4.28  2.36  1.14  0.88  0.46  0.19  0.13  0.09  0.06  0.05  0.04  0.03
 1 -40  0.03  0.08  0.14  0.27  0.54  0.81  1.33  2.60  3.62  4.36  5.88  7.82  8.66  8.66  7.46  6.60  4.30  2.33  1.09  0.83  0.43  0.17  0.11  0.07  0.05  0.04  0.04  0.03
 1 -35  0.03  0.08  0.14  0.28  0.55  0.83  1.36  2.66  3.73  4.52  6.10  8.08  8.90  8.88  7.66  6.78  4.31  2.06  0.88  0.67  0.33  0.14  0.08  0.06  0.05  0.05  0.04  0.04
 1 -30  0.03  0.08  0.14  0.28  0.56  0.84  1.39  2.73  3.84  4.67  6.32  8.33  9.14  9.10  7.87  6.97  4.32  1.79  0.66  0.50  0.22  0.10  0.06  0.05  0.05  0.04  0.04  0.04
 1 -25  0.03  0.09  0.14  0.29  0.57  0.85  1.41  2.77  3.94  4.80  6.55  8.55  9.35  9.31  7.93  6.94  4.28  1.63  0.58  0.43  0.18  0.07  0.05  0.04  0.04  0.04  0.04  0.04
 1 -20  0.03  0.08  0.14  0.28  0.56  0.84  1.40  2.81  4.04  4.96  6.78  8.75  9.53  9.51  7.98  6.90  4.23  1.49  0.49  0.36  0.15  0.05  0.04  0.04  0.04  0.04  0.04  0.04
 1 -15  0.03  0.08  0.14  0.28  0.56  0.84  1.40  2.85  4.13  5.05  6.93  8.92  9.68  9.65  8.11  7.02  4.10  1.42  0.44  0.33  0.14  0.04  0.03  0.03  0.03  0.04  0.04  0.03
 1 -10  0.03  0.08  0.14  0.27  0.55  0.83  1.40  2.86  4.19  5.14  7.01  9.09  9.84  9.78  8.23  7.14  3.99  1.36  0.39  0.30  0.09  0.04  0.03  0.03  0.03  0.03  0.03  0.03
 1  -5  0.03  0.08  0.14  0.27  0.55  0.83  1.40  2.89  4.24  5.19  7.00  9.06  9.76  9.65  8.11  7.04  3.87  1.31  0.37  0.28  0.07  0.04  0.03  0.03  0.03  0.03  0.03  0.03
 1   0  0.03  0.09  0.15  0.30  0.59  0.88  1.47  2.90  4.27  5.25  7.02  8.99  9.66  9.50  7.97  6.93  3.75  1.27  0.35  0.27  0.06  0.03  0.03  0.03  0.03  0.03  0.03  0.03
 1   5  0.03  0.09  0.15  0.30  0.59  0.88  1.46  2.89  4.25  5.22  6.96  8.78  9.39  9.25  7.83  6.86  3.90  1.38  0.42  0.31  0.06  0.04  0.03  0.03  0.03  0.04  0.04  0.03
 1  10  0.03  0.09  0.15  0.30  0.59  0.89  1.47  2.88  4.23  5.20  6.91  8.58  9.12  9.02  7.71  6.80  4.05  1.50  0.48  0.34  0.07  0.04  0.03  0.03  0.03  0.04  0.04  0.04
 1  15  0.03  0.09  0.15  0.30  0.60  0.89  1.48  2.90  4.22  5.18  6.85  8.38  8.82  8.69  7.42  6.53  4.01  1.54  0.49  0.35  0.07  0.04  0.04  0.04  0.04  0.04  0.04  0.04
 1  20  0.03  0.09  0.16  0.31  0.62  0.92  1.51  2.92  4.23  5.16  6.78  8.15  8.51  8.34  7.13  6.27  3.98  1.60  0.50  0.36  0.13  0.05  0.04  0.04  0.04  0.04  0.04  0.04
 1  25  0.03  0.09  0.16  0.31  0.62  0.92  1.52  2.97  4.29  5.23  6.72  7.89  8.10  7.86  6.98  6.34  4.27  1.86  0.68  0.51  0.22  0.06  0.05  0.05  0.04  0.04  0.04  0.04
 1  30  0.03  0.10  0.16  0.33  0.65  0.97  1.59  3.04  4.36  5.31  6.68  7.62  7.69  7.38  6.82  6.41  4.57  2.12  0.86  0.65  0.31  0.10  0.07  0.06  0.05  0.05  0.04  0.04
 1  35  0.03  0.10  0.17  0.34  0.68  1.01  1.65  3.15  4.46  5.42  6.65  7.35  7.33  7.01  6.59  6.28  4.88  2.52  1.22  0.94  0.49  0.23  0.15  0.08  0.06  0.05  0.05  0.05
 1  40  0.04  0.11  0.18  0.36  0.71  1.06  1.73  3.27  4.60  5.56  6.61  7.09  6.98  6.64  6.35  6.15  5.20  2.91  1.58  1.23  0.67  0.34  0.20  0.11  0.08  0.05  0.05  0.05
 1  45  0.04  0.11  0.19  0.37  0.73  1.09  1.78  3.38  4.69  5.62  6.49  6.85  6.72  6.40  6.26  6.15  5.26  3.15  1.81  1.45  0.86  0.44  0.25  0.16  0.09  0.06  0.05  0.05
 1  50  0.04  0.11  0.19  0.38  0.75  1.11  1.82  3.48  4.75  5.66  6.36  6.58  6.42  6.13  6.13  6.13  5.34  3.39  2.03  1.66  1.06  0.54  0.29  0.18  0.10  0.06  0.05  0.05
 1  55  0.04  0.11  0.19  0.38  0.75  1.12  1.83  3.48  4.60  5.41  6.07  6.34  6.23  5.99  5.83  5.73  5.03  3.36  2.17  1.81  1.22  0.61  0.35  0.21  0.10  0.06  0.05  0.05
 1  60  0.04  0.12  0.19  0.39  0.77  1.14  1.86  3.54  4.58  5.33  5.91  6.16  6.07  5.82  5.55  5.37  4.75  3.37  2.35  1.97  1.38  0.68  0.40  0.23  0.11  0.06  0.05  0.05
 1  65  0.04  0.11  0.19  0.38  0.75  1.12  1.82  3.45  4.48  5.22  5.87  6.23  6.19  5.95  5.59  5.34  4.56  3.34  2.33  1.96  1.37  0.67  0.38  0.22  0.11  0.06  0.05  0.05
 1  70  0.04  0.11  0.19  0.37  0.74  1.10  1.79  3.36  4.38  5.11  5.83  6.30  6.31  6.08  5.62  5.31  4.38  3.31  2.30  1.94  1.37  0.67  0.36  0.22  0.11  0.06  0.05  0.05
 1  75  0.04  0.11  0.18  0.36  0.70  1.04  1.69  3.14  4.08  4.76  5.50  5.89  5.83  5.52  5.06  4.74  4.10  3.22  2.39  2.07  1.55  0.71  0.38  0.23  0.11  0.06  0.05  0.05
 1  80  0.04  0.10  0.17  0.35  0.68  1.00  1.61  2.91  3.78  4.41  5.15  5.48  5.34  4.95  4.49  4.17  3.83  3.13  2.48  2.20  1.74  0.75  0.39  0.24  0.11  0.06  0.05  0.04
 1  85  0.04  0.10  0.17  0.35  0.68  1.00  1.60  2.90  3.76  4.37  5.11  5.44  5.31  4.93  4.47  4.16  3.82  3.12  2.48  2.20  1.74  0.75  0.39  0.24  0.12  0.06  0.05  0.04
 1  90  0.04  0.10  0.17  0.34  0.68  1.00  1.60  2.89  3.73  4.33  5.06  5.39  5.27  4.91  4.46  4.14  3.81  3.12  2.48  2.20  1.74  0.75  0.39  0.24  0.12  0.06  0.05  0.04
 2 -90  0.03  0.08  0.14  0.27  0.53  0.79  1.28  2.39  3.34  4.02  5.05  5.32  4.96  4.32  3.99  3.75  3.33  2.69  1.95  1.61  1.04  0.42  0.27  0.19  0.11  0.05  0.03  0.02
 2 -85  0.03  0.08  0.14  0.27  0.53  0.79  1.28  2.38  3.33  4.02  5.06  5.34  4.97  4.32  3.98  3.74  3.33  2.69  1.95  1.60  1.04  0.42  0.27  0.19  0.11  0.05  0.03  0.02
 2 -80  0.03  0.08  0.14  0.27  0.53  0.79  1.28  2.37  3.32  4.02  5.08  5.35  4.98  4.31  3.97  3.74  3.33  2.70  1.94  1.60  1.04  0.42  0.27  0.19  0.11  0.05  0.03  0.02
 2 -75  0.03  0.08  0.14  0.27  0.53  0.78  1.27  2.35  3.31  4.03  5.17  5.70  5.46  4.79  4.37  4.07  3.53  2.71  1.95  1.59  1.02  0.41  0.27  0.18  0.11  0.05  0.03  0.02
 2 -70  0.03  0.08  0.13  0.27  0.53  0.78  1.26  2.32  3.29  4.03  5.27  6.05  5.94  5.27  4.76  4.40  3.73  2.73  1.95  1.58  1.00  0.40  0.28  0.18  0.10  0.05  0.03  0.03
 2 -65  0.03  0.08  0.14  0.27  0.54  0.79  1.28  2.37  3.36  4.12  5.43  6.46  6.50  5.88  5.27  4.84  4.00  2.71  1.85  1.49  0.93  0.37  0.26  0.17  0.09  0.05  0.03  0.03
 2 -60  0.03  0.08  0.14  0.28  0.55  0.81  1.31  2.42  3.42  4.20  5.60  6.87  7.06  6.49  5.78  5.29  4.27  2.69  1.75  1.40  0.86  0.34  0.25  0.16  0.09  0.05  0.03  0.03
 2 -55  0.03  0.09  0.15  0.29  0.58  0.85  1.37  2.53  3.54  4.32  5.72  7.14  7.48  7.09  6.32  5.78  4.24  2.51  1.46  1.15  0.66  0.27  0.19  0.13  0.09  0.05  0.04  0.03
 2 -50  0.03  0.09  0.15  0.30  0.59  0.86  1.40  2.56  3.58  4.35  5.79  7.42  7.94  7.61  6.82  6.26  4.21  2.31  1.13  0.87  0.46  0.20  0.13  0.10  0.07  0.05  0.04  0.03
 2 -45  0.03  0.09  0.15  0.29  0.58  0.87  1.41  2.67  3.72  4.49  5.96  7.66  8.26  8.06  7.11  6.43  4.25  2.20  1.08  0.82  0.42  0.18  0.12  0.07  0.06  0.04  0.04  0.03
 2 -40  0.03  0.09  0.15  0.29  0.58  0.87  1.43  2.74  3.84  4.63  6.14  7.92  8.60  8.50  7.38  6.58  4.30  2.12  1.03  0.78  0.37  0.16  0.09  0.06  0.05  0.04  0.04  0.03
 2 -35  0.03  0.09  0.15  0.30  0.59  0.87  1.44  2.78  3.91  4.74  6.30  8.13  8.84  8.76  7.56  6.70  4.25  1.91  0.85  0.64  0.29  0.13  0.08  0.05  0.05  0.04  0.04  0.04
 2 -30  0.03  0.09  0.15  0.30  0.59  0.88  1.45  2.83  3.98  4.83  6.46  8.35  9.08  9.02  7.75  6.82  4.20  1.69  0.66  0.49  0.21  0.09  0.06  0.05  0.04  0.04  0.04  0.04
 2 -25  0.03  0.09  0.15  0.29  0.58  0.87  1.44  2.82  3.99  4.86  6.57  8.54  9.34  9.32  7.89  6.86  4.16  1.58  0.56  0.42  0.17  0.06  0.04  0.04  0.04  0.04  0.04  0.04
 2 -20  0.03  0.08  0.14  0.28  0.56  0.84  1.40  2.81  4.01  4.90  6.69  8.72  9.57  9.61  8.02  6.89  4.10  1.47  0.46  0.34  0.14  0.05  0.04  0.03  0.04  0.04  0.04  0.03
 2 -15  0.03  0.08  0.14  0.28  0.55  0.83  1.39  2.79  4.01  4.88  6.73  8.87  9.78  9.82  8.18  7.01  4.04  1.38  0.42  0.32  0.13  0.04  0.03  0.03  0.03  0.04  0.03  0.03
 2 -10  0.03  0.08  0.13  0.27  0.54  0.81  1.36  2.76  3.99  4.86  6.70  9.04 10.00 10.02  8.33  7.13  3.98  1.29  0.40  0.30  0.09  0.04  0.03  0.03  0.03  0.03  0.03  0.03
 2  -5  0.03  0.08  0.13  0.27  0.54  0.81  1.36  2.77  4.00  4.87  6.67  9.05 10.00  9.96  8.08  6.77  3.85  1.27  0.39  0.30  0.07  0.03  0.03  0.03  0.03  0.03  0.03  0.03
 2   0  0.03  0.09  0.15  0.29  0.58  0.86  1.42  2.77  4.00  4.88  6.66  9.01  9.96  9.86  7.81  6.39  3.71  1.26  0.39  0.30  0.06  0.03  0.03  0.03  0.03  0.03  0.03  0.03
 2   5  0.03  0.09  0.14  0.29  0.57  0.86  1.42  2.77  4.01  4.90  6.68  8.87  9.72  9.63  7.85  6.61  3.85  1.38  0.46  0.34  0.06  0.03  0.03  0.03  0.03  0.04  0.04  0.03
 2  10  0.03  0.09  0.14  0.29  0.57  0.86  1.41  2.78  4.04  4.94  6.70  8.73  9.50  9.42  7.89  6.83  3.99  1.50  0.52  0.38  0.06  0.04  0.03  0.03  0.03  0.04  0.04  0.04
 2  15  0.03  0.09  0.14  0.29  0.58  0.86  1.43  2.81  4.05  4.95  6.69  8.55  9.21  9.13  7.76  6.79  4.10  1.60  0.56  0.40  0.07  0.04  0.04  0.04  0.04  0.04  0.04  0.04
 2  20  0.03  0.09  0.15  0.30  0.60  0.89  1.47  2.84  4.08  4.97  6.66  8.35  8.91  8.81  7.61  6.75  4.21  1.70  0.59  0.42  0.09  0.05  0.04  0.04  0.04  0.04  0.05  0.04
 2  25  0.03  0.09  0.15  0.30  0.60  0.90  1.49  2.90  4.17  5.08  6.67  8.12  8.50  8.32  7.31  6.58  4.43  1.91  0.74  0.55  0.22  0.07  0.05  0.05  0.05  0.05  0.05  0.04
 2  30  0.03  0.10  0.16  0.32  0.64  0.95  1.55  2.97  4.26  5.19  6.70  7.89  8.09  7.82  7.01  6.41  4.66  2.12  0.90  0.67  0.28  0.16  0.08  0.07  0.06  0.05  0.05  0.05
 2  35  0.03  0.10  0.17  0.34  0.67  0.99  1.62  3.07  4.40  5.37  6.76  7.66  7.71  7.39  6.76  6.31  4.90  2.60  1.26  0.96  0.48  0.29  0.20  0.10  0.07  0.05  0.05  0.05
 2  40  0.04  0.11  0.18  0.35  0.70  1.04  1.69  3.18  4.57  5.57  6.81  7.43  7.34  6.96  6.52  6.21  5.14  3.09  1.62  1.26  0.67  0.42  0.28  0.14  0.09  0.06  0.05  0.05
 2  45  0.04  0.11  0.18  0.36  0.72  1.06  1.74  3.31  4.72  5.72  6.78  7.22  7.07  6.70  6.37  6.13  5.23  3.33  1.90  1.52  0.90  0.52  0.32  0.20  0.10  0.06  0.05  0.05
 2  50  0.04  0.11  0.19  0.37  0.73  1.09  1.79  3.43  4.84  5.85  6.73  6.98  6.78  6.41  6.19  6.04  5.34  3.57  2.18  1.78  1.13  0.61  0.37  0.22  0.11  0.06  0.05  0.05
 2  55  0.04  0.12  0.19  0.38  0.76  1.12  1.84  3.51  4.83  5.78  6.54  6.76  6.56  6.24  5.99  5.82  5.27  3.61  2.30  1.91  1.28  0.66  0.41  0.24  0.12  0.06  0.05  0.05
 2  60  0.04  0.12  0.20  0.40  0.79  1.17  1.92  3.66  4.95  5.89  6.48  6.59  6.38  6.04  5.81  5.66  5.23  3.69  2.46  2.06  1.42  0.71  0.45  0.26  0.12  0.07  0.05  0.05
 2  65  0.04  0.12  0.20  0.40  0.79  1.17  1.91  3.62  4.80  5.64  6.23  6.45  6.33  6.06  5.74  5.53  5.03  3.55  2.51  2.13  1.51  0.76  0.44  0.26  0.12  0.06  0.05  0.05
 2  70  0.04  0.12  0.20  0.40  0.79  1.17  1.90  3.58  4.64  5.40  5.97  6.30  6.27  6.07  5.67  5.40  4.83  3.40  2.56  2.20  1.61  0.80  0.43  0.26  0.12  0.06  0.05  0.05
 2  75  0.04  0.12  0.20  0.39  0.78  1.16  1.88  3.52  4.39  5.02  5.81  6.42  6.52  6.33  5.83  5.48  4.81  3.33  2.60  2.23  1.64  0.84  0.44  0.26  0.13  0.06  0.05  0.05
 2  80  0.04  0.12  0.20  0.39  0.77  1.14  1.86  3.46  4.14  4.63  5.65  6.54  6.76  6.59  5.99  5.56  4.79  3.26  2.63  2.27  1.68  0.88  0.46  0.27  0.13  0.06  0.05  0.05
 2  85  0.04  0.12  0.20  0.39  0.77  1.14  1.85  3.45  4.11  4.59  5.60  6.50  6.73  6.57  5.97  5.54  4.77  3.26  2.63  2.27  1.68  0.88  0.46  0.27  0.13  0.06  0.05  0.05
 2  90  0.04  0.12  0.20  0.39  0.77  1.14  1.85  3.43  4.09  4.56  5.55  6.45  6.69  6.55  5.95  5.53  4.76  3.25  2.63  2.27  1.68  0.88  0.46  0.27  0.13  0.06  0.05  0.05
 3 -90  0.04  0.12  0.20  0.39  0.77  1.14  1.83  3.33  4.24  4.89  5.04  4.88  4.57  4.12  3.65  3.32  3.28  2.64  2.02  1.67  1.10  0.44  0.26  0.16  0.09  0.04  0.03  0.02
 3 -85  0.04  0.12  0.20  0.39  0.77  1.14  1.83  3.32  4.23  4.89  5.05  4.89  4.57  4.12  3.65  3.32  3.28  2.64  2.01  1.67  1.10  0.44  0.26  0.16  0.09  0.04  0.03  0.02
 3 -80  0.04  0.12  0.20  0.39  0.77  1.14  1.83  3.31  4.22  4.89  5.07  4.90  4.58  4.11  3.64  3.31  3.28  2.64  2.01  1.66  1.10  0.44  0.26  0.16  0.09  0.04  0.03  0.02
 3 -75  0.04  0.11  0.19  0.37  0.74  1.09  1.74  3.16  4.21  4.99  5.49  5.43  5.07  4.51  3.96  3.58  3.38  2.65  1.98  1.63  1.05  0.43  0.25  0.16  0.08  0.04  0.03  0.03
 3 -70  0.04  0.11  0.18  0.36  0.70  1.03  1.66  3.02  4.20  5.08  5.91  5.97  5.57  4.91  4.28  3.84  3.47  2.66  1.96  1.59  1.01  0.42  0.25  0.16  0.08  0.05  0.03  0.03
 3 -65  0.04  0.11  0.17  0.35  0.68  1.00  1.62  2.95  4.16  5.09  6.12  6.44  6.14  5.47  4.88  4.46  3.69  2.65  1.83  1.48  0.94  0.39  0.23  0.15  0.09  0.05  0.03  0.03
 3 -60  0.03  0.10  0.17  0.34  0.66  0.98  1.57  2.88  4.13  5.09  6.32  6.91  6.71  6.03  5.47  5.09  3.92  2.64  1.70  1.37  0.86  0.36  0.22  0.14  0.09  0.05  0.03  0.03
 3 -55  0.03  0.10  0.17  0.34  0.67  0.99  1.59  2.90  4.15  5.08  6.38  7.22  7.17  6.61  6.03  5.62  4.17  2.54  1.47  1.18  0.70  0.28  0.18  0.12  0.08  0.05  0.04  0.03
 3 -50  0.03  0.10  0.17  0.34  0.66  0.97  1.57  2.85  4.07  4.98  6.39  7.53  7.65  7.11  6.54  6.13  4.42  2.42  1.19  0.94  0.54  0.21  0.13  0.09  0.06  0.04  0.04  0.03
 3 -45  0.03  0.10  0.16  0.33  0.65  0.96  1.55  2.89  4.12  5.01  6.47  7.76  8.01  7.61  6.73  6.09  4.31  2.30  1.10  0.86  0.48  0.18  0.11  0.07  0.05  0.04  0.04  0.03
 3 -40  0.03  0.10  0.16  0.32  0.64  0.94  1.54  2.90  4.14  5.04  6.56  8.01  8.39  8.10  6.90  6.04  4.20  2.20  1.02  0.79  0.42  0.16  0.09  0.06  0.05  0.04  0.04  0.03
 3 -35  0.03  0.09  0.16  0.31  0.62  0.93  1.52  2.89  4.15  5.07  6.64  8.21  8.68  8.47  7.39  6.62  4.27  1.99  0.83  0.63  0.31  0.13  0.07  0.05  0.04  0.04  0.04  0.03
 3 -30  0.03  0.09  0.16  0.31  0.62  0.92  1.50  2.89  4.15  5.08  6.72  8.40  8.97  8.84  7.89  7.20  4.35  1.79  0.64  0.48  0.20  0.09  0.05  0.04  0.04  0.04  0.04  0.03
 3 -25  0.03  0.09  0.15  0.30  0.60  0.90  1.47  2.85  4.08  4.99  6.68  8.51  9.22  9.20  8.07  7.26  4.27  1.56  0.51  0.38  0.15  0.06  0.04  0.04  0.04  0.04  0.04  0.03
 3 -20  0.03  0.09  0.15  0.29  0.58  0.86  1.43  2.82  4.02  4.90  6.65  8.60  9.44  9.55  8.24  7.32  4.19  1.34  0.39  0.28  0.10  0.04  0.03  0.03  0.03  0.04  0.04  0.03
 3 -15  0.03  0.09  0.14  0.28  0.57  0.85  1.41  2.78  3.93  4.75  6.48  8.62  9.63  9.82  8.29  7.20  4.12  1.33  0.39  0.29  0.11  0.04  0.03  0.03  0.03  0.03  0.03  0.03
 3 -10  0.03  0.08  0.14  0.28  0.56  0.83  1.38  2.73  3.82  4.59  6.26  8.65  9.82 10.08  8.33  7.09  4.07  1.32  0.40  0.29  0.12  0.03  0.03  0.03  0.03  0.03  0.03  0.03
 3  -5  0.03  0.08  0.14  0.27  0.55  0.82  1.37  2.73  3.79  4.54  6.15  8.63  9.84 10.08  8.26  6.99  4.03  1.31  0.40  0.30  0.07  0.03  0.03  0.03  0.03  0.03  0.03  0.02
 3   0  0.03  0.09  0.15  0.29  0.58  0.86  1.41  2.71  3.75  4.49  6.07  8.57  9.83 10.06  8.18  6.88  3.97  1.31  0.40  0.30  0.13  0.03  0.03  0.03  0.03  0.03  0.03  0.03
 3   5  0.03  0.09  0.14  0.29  0.57  0.85  1.41  2.73  3.81  4.58  6.20  8.55  9.69  9.88  8.17  6.99  4.05  1.40  0.46  0.34  0.06  0.03  0.03  0.03  0.03  0.04  0.04  0.03
 3  10  0.03  0.09  0.14  0.29  0.57  0.85  1.40  2.75  3.87  4.68  6.33  8.55  9.57  9.72  8.18  7.09  4.14  1.50  0.51  0.37  0.07  0.04  0.03  0.03  0.03  0.04  0.04  0.04
 3  15  0.03  0.09  0.14  0.29  0.57  0.86  1.42  2.80  3.94  4.77  6.43  8.48  9.36  9.46  7.92  6.84  4.16  1.56  0.53  0.38  0.08  0.04  0.04  0.04  0.04  0.04  0.05  0.04
 3  20  0.03  0.09  0.15  0.30  0.60  0.89  1.47  2.85  4.02  4.85  6.51  8.38  9.13  9.16  7.67  6.59  4.19  1.62  0.55  0.40  0.15  0.05  0.04  0.04  0.04  0.05  0.05  0.05
 3  25  0.03  0.09  0.15  0.30  0.60  0.90  1.48  2.88  4.10  4.97  6.59  8.26  8.82  8.76  7.48  6.55  4.38  1.94  0.74  0.56  0.25  0.07  0.06  0.05  0.05  0.05  0.05  0.05
 3  30  0.03  0.09  0.16  0.31  0.62  0.93  1.52  2.92  4.18  5.09  6.69  8.14  8.52  8.35  7.29  6.52  4.57  2.26  0.93  0.71  0.35  0.18  0.10  0.07  0.06  0.05  0.05  0.05
 3  35  0.03  0.10  0.16  0.32  0.64  0.95  1.56  2.96  4.28  5.24  6.84  8.05  8.24  7.95  7.07  6.45  4.66  2.65  1.29  1.01  0.56  0.30  0.22  0.11  0.08  0.06  0.05  0.05
 3  40  0.03  0.10  0.17  0.34  0.67  0.99  1.60  3.00  4.41  5.42  6.98  7.96  7.97  7.55  6.86  6.37  4.75  3.03  1.64  1.31  0.77  0.43  0.29  0.15  0.09  0.06  0.05  0.05
 3  45  0.03  0.10  0.17  0.34  0.67  0.99  1.62  3.08  4.54  5.59  7.04  7.81  7.70  7.23  6.62  6.18  4.96  3.27  1.89  1.53  0.95  0.54  0.35  0.21  0.11  0.07  0.06  0.05
 3  50  0.03  0.10  0.17  0.34  0.67  1.00  1.64  3.14  4.65  5.73  7.09  7.64  7.41  6.90  6.36  5.98  5.17  3.50  2.14  1.75  1.13  0.65  0.41  0.24  0.12  0.07  0.06  0.05
 3  55  0.04  0.11  0.18  0.35  0.69  1.03  1.68  3.21  4.69  5.76  6.97  7.40  7.14  6.64  6.18  5.86  5.16  3.61  2.30  1.90  1.27  0.73  0.46  0.27  0.13  0.07  0.06  0.05
 3  60  0.04  0.11  0.18  0.37  0.73  1.08  1.76  3.35  4.88  5.97  7.00  7.22  6.89  6.37  6.02  5.79  5.19  3.74  2.50  2.08  1.41  0.81  0.51  0.29  0.14  0.07  0.06  0.05
 3  65  0.04  0.11  0.19  0.38  0.75  1.11  1.81  3.43  4.86  5.88  6.76  6.94  6.65  6.18  5.82  5.58  5.02  3.73  2.58  2.19  1.56  0.86  0.54  0.32  0.14  0.07  0.06  0.05
 3  70  0.04  0.12  0.19  0.39  0.77  1.14  1.86  3.51  4.84  5.79  6.52  6.66  6.40  6.00  5.62  5.36  4.84  3.71  2.66  2.29  1.70  0.92  0.58  0.35  0.15  0.07  0.06  0.05
 3  75  0.04  0.12  0.20  0.39  0.77  1.14  1.85  3.50  4.70  5.56  6.25  6.54  6.42  6.10  5.55  5.17  4.72  3.70  2.69  2.33  1.74  0.96  0.57  0.34  0.15  0.07  0.06  0.05
 3  80  0.04  0.12  0.20  0.39  0.77  1.14  1.85  3.47  4.56  5.33  5.98  6.41  6.42  6.20  5.48  4.97  4.59  3.69  2.72  2.37  1.78  1.00  0.57  0.33  0.14  0.07  0.06  0.05
 3  85  0.04  0.12  0.20  0.39  0.77  1.14  1.85  3.46  4.53  5.29  5.93  6.37  6.39  6.18  5.46  4.95  4.58  3.69  2.72  2.37  1.78  1.00  0.57  0.33  0.14  0.07  0.06  0.05
 3  90  0.04  0.12  0.20  0.39  0.77  1.14  1.84  3.45  4.50  5.25  5.88  6.32  6.35  6.16  5.45  4.94  4.56  3.68  2.72  2.37  1.78  1.00  0.57  0.33  0.14  0.07  0.06  0.05
 4 -90  0.05  0.16  0.26  0.52  1.01  1.47  2.32  4.00  4.40  4.70  4.80  4.71  4.44  4.00  3.47  3.09  2.81  2.79  2.08  1.70  1.07  0.42  0.26  0.16  0.08  0.04  0.03  0.03
 4 -85  0.05  0.16  0.26  0.52  1.01  1.47  2.32  3.99  4.39  4.70  4.82  4.72  4.45  3.99  3.46  3.09  2.81  2.79  2.07  1.69  1.07  0.42  0.26  0.16  0.08  0.04  0.03  0.03
 4 -80  0.05  0.16  0.26  0.52  1.00  1.47  2.32  3.99  4.39  4.70  4.83  4.73  4.45  3.99  3.45  3.08  2.81  2.79  2.07  1.69  1.07  0.42  0.26  0.16  0.08  0.04  0.03  0.03
 4 -75  0.05  0.15  0.25  0.50  0.97  1.42  2.25  3.92  4.66  5.23  5.38  5.19  4.86  4.36  3.84  3.48  3.16  2.78  2.03  1.66  1.07  0.40  0.25  0.16  0.08  0.04  0.03  0.03
 4 -70  0.05  0.15  0.24  0.48  0.94  1.37  2.19  3.85  4.93  5.75  5.93  5.66  5.27  4.73  4.22  3.87  3.51  2.77  1.99  1.64  1.07  0.39  0.24  0.15  0.08  0.04  0.03  0.03
 4 -65  0.05  0.14  0.23  0.46  0.90  1.32  2.12  3.77  4.99  5.92  6.30  6.14  5.77  5.20  4.73  4.40  3.79  2.76  1.88  1.53  0.98  0.36  0.21  0.13  0.08  0.04  0.03  0.03
 4 -60  0.04  0.13  0.22  0.44  0.87  1.28  2.05  3.69  5.05  6.09  6.66  6.63  6.27  5.68  5.24  4.93  4.07  2.75  1.76  1.42  0.90  0.33  0.18  0.12  0.08  0.04  0.03  0.03
 4 -55  0.04  0.13  0.21  0.43  0.84  1.23  1.98  3.58  4.99  6.04  6.81  6.99  6.70  6.15  5.82  5.58  4.35  2.63  1.55  1.23  0.71  0.27  0.14  0.10  0.07  0.04  0.03  0.03
 4 -50  0.04  0.12  0.20  0.40  0.80  1.17  1.88  3.40  4.84  5.90  6.91  7.35  7.16  6.56  6.36  6.22  4.63  2.50  1.29  1.00  0.53  0.22  0.10  0.09  0.06  0.04  0.03  0.03
 4 -45  0.04  0.12  0.19  0.38  0.75  1.11  1.80  3.31  4.73  5.77  6.95  7.62  7.54  7.02  6.50  6.13  4.50  2.35  1.22  0.94  0.49  0.19  0.10  0.07  0.05  0.04  0.03  0.03
 4 -40  0.04  0.11  0.18  0.37  0.72  1.07  1.73  3.19  4.61  5.64  7.00  7.90  7.93  7.48  6.63  6.03  4.37  2.21  1.15  0.88  0.46  0.17  0.09  0.06  0.04  0.04  0.03  0.03
 4 -35  0.04  0.10  0.17  0.35  0.69  1.02  1.65  3.10  4.49  5.51  6.97  8.13  8.31  7.97  6.88  6.10  4.25  2.00  0.97  0.75  0.38  0.15  0.07  0.05  0.04  0.04  0.03  0.03
 4 -30  0.03  0.10  0.17  0.33  0.66  0.98  1.59  3.00  4.36  5.36  6.96  8.35  8.70  8.46  7.13  6.17  4.12  1.79  0.80  0.61  0.30  0.09  0.05  0.04  0.04  0.03  0.03  0.03
 4 -25  0.03  0.10  0.16  0.32  0.64  0.95  1.55  2.94  4.23  5.18  6.82  8.42  8.98  8.90  7.53  6.54  4.17  1.60  0.61  0.46  0.21  0.06  0.04  0.03  0.03  0.03  0.03  0.03
 4 -20  0.03  0.09  0.15  0.31  0.61  0.91  1.50  2.88  4.10  5.01  6.69  8.47  9.23  9.33  7.91  6.90  4.21  1.43  0.42  0.31  0.12  0.04  0.03  0.03  0.03  0.03  0.03  0.03
 4 -15  0.03  0.09  0.15  0.30  0.60  0.89  1.47  2.85  4.00  4.83  6.46  8.40  9.34  9.58  8.13  7.09  4.19  1.36  0.40  0.30  0.12  0.03  0.03  0.03  0.03  0.03  0.03  0.03
 4 -10  0.03  0.09  0.15  0.30  0.59  0.88  1.45  2.80  3.88  4.63  6.18  8.35  9.45  9.82  8.33  7.28  4.19  1.31  0.38  0.28  0.12  0.03  0.03  0.03  0.03  0.03  0.03  0.03
 4  -5  0.03  0.09  0.15  0.29  0.59  0.87  1.44  2.80  3.83  4.56  6.04  8.32  9.48  9.86  8.35  7.30  4.20  1.32  0.38  0.28  0.12  0.03  0.03  0.02  0.03  0.03  0.03  0.02
 4   0  0.03  0.09  0.15  0.30  0.60  0.89  1.45  2.78  3.77  4.48  5.93  8.23  9.48  9.87  8.36  7.31  4.21  1.34  0.38  0.28  0.12  0.03  0.03  0.03  0.03  0.03  0.03  0.03
 4   5  0.03  0.09  0.15  0.30  0.59  0.88  1.45  2.79  3.83  4.57  6.09  8.31  9.43  9.73  8.29  7.29  4.29  1.44  0.55  0.39  0.14  0.03  0.03  0.03  0.03  0.03  0.03  0.03
 4  10  0.03  0.09  0.15  0.29  0.58  0.87  1.43  2.79  3.89  4.68  6.25  8.39  9.40  9.60  8.23  7.27  4.38  1.54  0.71  0.50  0.16  0.03  0.03  0.03  0.03  0.04  0.04  0.04
 4  15  0.03  0.09  0.15  0.29  0.58  0.87  1.44  2.83  3.95  4.77  6.39  8.41  9.28  9.40  8.04  7.07  4.34  1.60  0.74  0.53  0.17  0.04  0.03  0.03  0.04  0.04  0.05  0.04
 4  20  0.03  0.09  0.15  0.30  0.60  0.90  1.48  2.86  4.03  4.86  6.51  8.40  9.15  9.16  7.84  6.88  4.30  1.68  0.78  0.55  0.17  0.05  0.04  0.04  0.04  0.05  0.05  0.05
 4  25  0.03  0.09  0.15  0.30  0.60  0.90  1.48  2.85  4.05  4.90  6.55  8.33  8.96  8.91  7.71  6.84  4.43  1.92  0.90  0.66  0.27  0.09  0.06  0.06  0.05  0.05  0.05  0.05
 4  30  0.03  0.09  0.15  0.31  0.61  0.90  1.48  2.86  4.07  4.95  6.59  8.25  8.77  8.66  7.58  6.80  4.57  2.15  1.01  0.76  0.36  0.17  0.10  0.07  0.06  0.06  0.05  0.05
 4  35  0.03  0.09  0.15  0.31  0.61  0.91  1.48  2.82  4.05  4.95  6.61  8.17  8.59  8.38  7.38  6.67  4.55  2.44  1.28  1.01  0.56  0.32  0.16  0.10  0.07  0.06  0.06  0.05
 4  40  0.03  0.09  0.16  0.31  0.62  0.91  1.49  2.79  4.06  4.97  6.63  8.10  8.42  8.11  7.19  6.55  4.53  2.73  1.56  1.26  0.77  0.45  0.30  0.13  0.09  0.06  0.06  0.05
 4  45  0.03  0.09  0.15  0.31  0.61  0.90  1.47  2.79  4.10  5.02  6.66  8.01  8.21  7.81  6.93  6.30  4.59  2.93  1.77  1.44  0.90  0.53  0.36  0.17  0.11  0.07  0.06  0.06
 4  50  0.03  0.09  0.15  0.30  0.60  0.89  1.45  2.79  4.11  5.06  6.69  7.89  7.98  7.50  6.64  6.04  4.65  3.14  1.96  1.61  1.03  0.62  0.41  0.25  0.13  0.07  0.06  0.06
 4  55  0.03  0.09  0.15  0.30  0.60  0.89  1.45  2.78  4.10  5.05  6.64  7.71  7.70  7.18  6.34  5.74  4.76  3.31  2.11  1.75  1.16  0.67  0.46  0.27  0.14  0.08  0.06  0.06
 4  60  0.03  0.09  0.16  0.31  0.61  0.91  1.49  2.85  4.24  5.24  6.75  7.59  7.45  6.84  6.05  5.51  4.90  3.51  2.30  1.91  1.29  0.73  0.51  0.30  0.15  0.08  0.06  0.06
 4  65  0.03  0.09  0.16  0.31  0.62  0.92  1.51  2.88  4.24  5.21  6.56  7.23  7.04  6.44  5.83  5.41  4.83  3.52  2.43  2.02  1.38  0.83  0.59  0.35  0.16  0.08  0.06  0.06
 4  70  0.03  0.10  0.16  0.31  0.62  0.93  1.52  2.90  4.23  5.17  6.37  6.87  6.63  6.04  5.61  5.31  4.75  3.53  2.55  2.14  1.47  0.93  0.67  0.40  0.19  0.08  0.06  0.06
 4  75  0.03  0.10  0.16  0.32  0.64  0.95  1.55  2.95  4.19  5.08  6.03  6.40  6.17  5.67  5.41  5.22  4.72  3.59  2.62  2.22  1.57  0.98  0.68  0.40  0.17  0.08  0.06  0.06
 4  80  0.03  0.10  0.16  0.33  0.65  0.96  1.58  3.00  4.15  4.97  5.69  5.93  5.72  5.30  5.20  5.13  4.68  3.64  2.70  2.31  1.67  1.04  0.68  0.39  0.16  0.08  0.06  0.05
 4  85  0.03  0.10  0.16  0.33  0.65  0.96  1.57  2.99  4.13  4.93  5.64  5.88  5.68  5.28  5.18  5.11  4.67  3.64  2.70  2.31  1.67  1.04  0.68  0.39  0.16  0.08  0.06  0.05
 4  90  0.03  0.10  0.16  0.33  0.65  0.96  1.57  2.98  4.10  4.89  5.59  5.83  5.64  5.26  5.17  5.10  4.66  3.63  2.69  2.31  1.67  1.04  0.68  0.39  0.16  0.08  0.06  0.05
 5 -90  0.06  0.17  0.29  0.56  1.09  1.58  2.45  4.00  4.63  5.09  4.86  4.37  3.87  3.37  3.33  3.30  3.25  2.74  2.02  1.65  1.04  0.41  0.24  0.14  0.06  0.04  0.03  0.03
 5 -85  0.06  0.17  0.28  0.56  1.09  1.58  2.45  4.00  4.63  5.09  4.87  4.38  3.87  3.36  3.32  3.29  3.25  2.74  2.01  1.65  1.04  0.41  0.24  0.14  0.07  0.04  0.03  0.03
 5 -80  0.06  0.17  0.28  0.56  1.09  1.57  2.44  3.99  4.62  5.09  4.88  4.39  3.88  3.36  3.31  3.29  3.25  2.74  2.01  1.64  1.04  0.41  0.24  0.14  0.07  0.04  0.03  0.03
 5 -75  0.06  0.17  0.28  0.55  1.06  1.54  2.40  3.97  4.75  5.34  5.35  5.00  4.58  4.06  3.79  3.61  3.36  2.63  1.86  1.52  0.97  0.38  0.22  0.14  0.07  0.04  0.03  0.03
 5 -70  0.05  0.16  0.27  0.53  1.03  1.50  2.36  3.95  4.88  5.59  5.82  5.61  5.27  4.76  4.27  3.92  3.47  2.52  1.72  1.40  0.89  0.35  0.20  0.13  0.07  0.04  0.03  0.03
 5 -65  0.05  0.16  0.27  0.54  1.05  1.53  2.41  4.17  5.21  6.02  6.16  5.93  5.60  5.10  4.75  4.51  3.96  2.65  1.72  1.37  0.83  0.35  0.19  0.12  0.07  0.04  0.03  0.03
 5 -60  0.05  0.16  0.27  0.54  1.06  1.55  2.47  4.38  5.55  6.45  6.49  6.24  5.93  5.45  5.24  5.11  4.45  2.78  1.71  1.35  0.78  0.36  0.19  0.12  0.07  0.04  0.03  0.03
 5 -55  0.05  0.16  0.26  0.52  1.02  1.50  2.40  4.29  5.62  6.61  6.82  6.64  6.31  5.84  5.63  5.48  4.58  2.62  1.59  1.24  0.67  0.35  0.17  0.11  0.06  0.04  0.03  0.03
 5 -50  0.05  0.15  0.25  0.50  0.98  1.44  2.30  4.12  5.60  6.69  7.10  7.03  6.71  6.16  5.98  5.85  4.71  2.43  1.41  1.09  0.56  0.35  0.16  0.09  0.06  0.04  0.03  0.03
 5 -45  0.05  0.14  0.23  0.46  0.90  1.33  2.13  3.86  5.37  6.47  7.18  7.35  7.08  6.54  6.18  5.91  4.63  2.36  1.33  1.02  0.52  0.31  0.14  0.07  0.05  0.04  0.03  0.03
 5 -40  0.04  0.13  0.21  0.42  0.83  1.22  1.96  3.58  5.13  6.25  7.27  7.68  7.47  6.93  6.36  5.95  4.56  2.29  1.25  0.95  0.47  0.28  0.13  0.06  0.04  0.03  0.03  0.03
 5 -35  0.04  0.12  0.19  0.39  0.76  1.13  1.82  3.37  4.87  5.96  7.18  7.90  7.84  7.40  6.79  6.35  4.52  2.07  1.02  0.77  0.36  0.21  0.09  0.05  0.04  0.03  0.03  0.03
 5 -30  0.04  0.11  0.18  0.36  0.71  1.05  1.70  3.16  4.60  5.65  7.09  8.11  8.22  7.87  7.23  6.76  4.48  1.85  0.79  0.58  0.24  0.10  0.06  0.04  0.04  0.03  0.03  0.03
 5 -25  0.03  0.10  0.17  0.34  0.68  1.00  1.63  3.05  4.39  5.37  6.89  8.18  8.52  8.35  7.45  6.80  4.41  1.72  0.65  0.47  0.19  0.06  0.04  0.03  0.03  0.03  0.03  0.03
 5 -20  0.03  0.10  0.17  0.33  0.65  0.96  1.57  2.94  4.18  5.09  6.69  8.23  8.80  8.82  7.66  6.85  4.34  1.60  0.50  0.36  0.13  0.04  0.03  0.03  0.03  0.03  0.03  0.03
 5 -15  0.03  0.10  0.16  0.32  0.63  0.94  1.53  2.92  4.09  4.94  6.50  8.19  8.94  9.11  7.94  7.11  4.35  1.50  0.43  0.32  0.12  0.03  0.03  0.03  0.03  0.03  0.03  0.03
 5 -10  0.03  0.10  0.16  0.32  0.63  0.93  1.52  2.87  3.98  4.76  6.25  8.16  9.08  9.39  8.21  7.38  4.37  1.40  0.37  0.27  0.11  0.03  0.03  0.03  0.03  0.03  0.03  0.03
 5  -5  0.03  0.09  0.16  0.31  0.62  0.92  1.51  2.88  3.96  4.72  6.15  8.18  9.17  9.49  8.12  7.18  4.17  1.24  0.33  0.25  0.10  0.03  0.03  0.03  0.03  0.03  0.03  0.03
 5   0  0.03  0.09  0.16  0.31  0.61  0.91  1.50  2.87  3.92  4.67  6.08  8.15  9.22  9.56  8.03  6.98  3.96  1.08  0.29  0.22  0.10  0.03  0.03  0.03  0.03  0.03  0.03  0.03
 5   5  0.03  0.09  0.15  0.31  0.61  0.91  1.49  2.86  3.93  4.71  6.19  8.24  9.25  9.53  8.15  7.19  4.25  1.33  0.46  0.35  0.16  0.03  0.03  0.03  0.03  0.03  0.03  0.03
 5  10  0.03  0.09  0.15  0.30  0.60  0.89  1.46  2.85  3.96  4.76  6.31  8.34  9.30  9.53  8.28  7.41  4.54  1.59  0.62  0.47  0.22  0.03  0.03  0.03  0.03  0.04  0.04  0.03
 5  15  0.03  0.09  0.15  0.30  0.59  0.89  1.46  2.85  3.98  4.79  6.40  8.38  9.25  9.38  8.18  7.32  4.43  1.67  0.66  0.50  0.23  0.04  0.03  0.03  0.04  0.04  0.05  0.04
 5  20  0.03  0.09  0.15  0.31  0.61  0.90  1.48  2.85  4.00  4.82  6.47  8.40  9.18  9.21  8.06  7.24  4.32  1.76  0.71  0.53  0.25  0.06  0.04  0.04  0.05  0.05  0.05  0.05
 5  25  0.03  0.09  0.15  0.30  0.60  0.89  1.46  2.82  3.98  4.80  6.43  8.30  9.02  9.03  7.91  7.10  4.50  1.95  0.83  0.64  0.32  0.10  0.06  0.05  0.05  0.05  0.05  0.05
 5  30  0.03  0.09  0.15  0.30  0.59  0.88  1.45  2.79  3.95  4.78  6.40  8.20  8.86  8.84  7.75  6.97  4.69  2.13  0.95  0.74  0.39  0.16  0.09  0.07  0.06  0.06  0.05  0.05
 5  35  0.03  0.09  0.15  0.30  0.59  0.88  1.43  2.73  3.87  4.70  6.32  8.06  8.67  8.60  7.56  6.81  4.66  2.36  1.16  0.93  0.54  0.29  0.13  0.09  0.07  0.06  0.06  0.05
 5  40  0.03  0.09  0.15  0.30  0.59  0.87  1.42  2.69  3.83  4.65  6.24  7.93  8.49  8.35  7.36  6.66  4.64  2.58  1.38  1.12  0.70  0.41  0.20  0.11  0.08  0.07  0.06  0.05
 5  45  0.03  0.09  0.14  0.29  0.57  0.85  1.39  2.64  3.79  4.60  6.16  7.80  8.29  8.07  7.10  6.40  4.59  2.72  1.58  1.29  0.83  0.49  0.33  0.15  0.10  0.07  0.06  0.06
 5  50  0.03  0.08  0.14  0.28  0.55  0.82  1.34  2.59  3.72  4.53  6.07  7.64  8.06  7.77  6.81  6.13  4.55  2.86  1.78  1.47  0.96  0.58  0.40  0.20  0.12  0.08  0.06  0.06
 5  55  0.03  0.08  0.13  0.27  0.53  0.79  1.31  2.53  3.62  4.41  5.96  7.47  7.79  7.42  6.49  5.83  4.54  2.98  1.89  1.56  1.03  0.61  0.44  0.27  0.13  0.08  0.06  0.06
 5  60  0.03  0.08  0.14  0.27  0.54  0.80  1.32  2.54  3.68  4.49  6.00  7.35  7.54  7.05  6.19  5.60  4.57  3.14  2.04  1.68  1.10  0.65  0.49  0.30  0.14  0.08  0.06  0.06
 5  65  0.03  0.08  0.13  0.27  0.53  0.78  1.29  2.48  3.58  4.37  5.81  6.99  7.08  6.53  5.70  5.11  4.26  3.13  2.16  1.79  1.21  0.72  0.55  0.35  0.15  0.08  0.06  0.06
 5  70  0.03  0.08  0.13  0.26  0.52  0.77  1.26  2.42  3.49  4.25  5.62  6.62  6.61  6.02  5.20  4.62  3.95  3.12  2.27  1.91  1.32  0.80  0.61  0.41  0.24  0.09  0.07  0.06
 5  75  0.03  0.08  0.13  0.26  0.51  0.77  1.26  2.41  3.51  4.29  5.59  6.35  6.19  5.56  4.97  4.57  4.06  3.19  2.30  1.94  1.35  0.82  0.61  0.40  0.23  0.09  0.07  0.06
 5  80  0.03  0.08  0.13  0.26  0.51  0.77  1.25  2.41  3.53  4.33  5.57  6.07  5.76  5.09  4.75  4.51  4.16  3.26  2.33  1.97  1.38  0.83  0.60  0.39  0.22  0.09  0.07  0.06
 5  85  0.03  0.08  0.13  0.26  0.51  0.76  1.25  2.39  3.50  4.29  5.52  6.02  5.72  5.07  4.73  4.49  4.15  3.25  2.33  1.97  1.38  0.83  0.60  0.39  0.22  0.09  0.07  0.06
 5  90  0.03  0.08  0.13  0.26  0.51  0.76  1.25  2.38  3.48  4.25  5.46  5.98  5.69  5.05  4.71  4.47  4.14  3.25  2.33  1.97  1.38  0.83  0.60  0.39  0.22  0.09  0.07  0.06
 6 -90  0.06  0.17  0.29  0.57  1.10  1.58  2.43  3.86  4.80  5.47  5.26  4.72  4.32  3.94  3.81  3.71  3.26  2.75  1.99  1.65  1.09  0.38  0.18  0.10  0.05  0.03  0.03  0.03
 6 -85  0.06  0.17  0.29  0.57  1.09  1.58  2.43  3.85  4.79  5.47  5.28  4.73  4.33  3.94  3.80  3.71  3.26  2.75  1.98  1.64  1.09  0.38  0.18  0.10  0.06  0.03  0.03  0.03
 6 -80  0.06  0.17  0.29  0.57  1.09  1.58  2.43  3.84  4.78  5.48  5.29  4.74  4.33  3.93  3.80  3.70  3.26  2.75  1.98  1.64  1.09  0.38  0.18  0.10  0.06  0.03  0.03  0.03
 6 -75  0.06  0.17  0.29  0.57  1.10  1.58  2.45  3.93  4.88  5.59  5.61  5.24  4.86  4.41  4.10  3.88  3.41  2.73  1.94  1.61  1.08  0.38  0.18  0.10  0.06  0.04  0.03  0.03
 6 -70  0.06  0.17  0.29  0.56  1.09  1.58  2.46  4.02  4.98  5.70  5.94  5.74  5.39  4.90  4.40  4.05  3.55  2.71  1.90  1.58  1.06  0.37  0.17  0.11  0.06  0.04  0.03  0.03
 6 -65  0.06  0.17  0.28  0.56  1.08  1.57  2.46  4.12  5.14  5.92  6.07  5.88  5.56  5.07  4.73  4.50  3.92  2.79  1.89  1.55  1.02  0.40  0.20  0.11  0.06  0.04  0.03  0.03
 6 -60  0.06  0.17  0.28  0.55  1.07  1.56  2.46  4.21  5.30  6.13  6.21  6.02  5.73  5.24  5.06  4.94  4.29  2.85  1.87  1.53  0.98  0.43  0.24  0.11  0.06  0.04  0.03  0.03
 6 -55  0.05  0.16  0.27  0.54  1.05  1.54  2.46  4.33  5.59  6.53  6.57  6.34  6.03  5.60  5.46  5.36  4.47  2.72  1.70  1.38  0.85  0.40  0.25  0.10  0.06  0.04  0.03  0.03
 6 -50  0.05  0.16  0.27  0.53  1.05  1.54  2.46  4.37  5.80  6.85  6.88  6.65  6.35  5.89  5.81  5.76  4.65  2.57  1.49  1.20  0.72  0.38  0.26  0.09  0.06  0.04  0.03  0.03
 6 -45  0.05  0.15  0.25  0.49  0.96  1.41  2.26  4.05  5.56  6.66  7.11  7.09  6.79  6.28  5.97  5.75  4.61  2.50  1.41  1.13  0.68  0.35  0.23  0.08  0.05  0.04  0.03  0.03
 6 -40  0.04  0.13  0.22  0.44  0.86  1.27  2.04  3.71  5.31  6.47  7.35  7.55  7.25  6.68  6.12  5.72  4.58  2.44  1.34  1.07  0.64  0.32  0.21  0.07  0.05  0.04  0.03  0.03
 6 -35  0.04  0.12  0.20  0.40  0.79  1.16  1.87  3.44  4.95  6.04  7.17  7.75  7.62  7.15  6.53  6.09  4.68  2.23  1.08  0.85  0.48  0.24  0.11  0.07  0.05  0.04  0.03  0.03
 6 -30  0.04  0.11  0.18  0.36  0.71  1.06  1.71  3.17  4.58  5.61  7.00  7.95  8.00  7.61  6.95  6.46  4.79  2.02  0.81  0.63  0.33  0.16  0.07  0.05  0.04  0.04  0.03  0.03
 6 -25  0.04  0.11  0.18  0.35  0.69  1.02  1.66  3.07  4.39  5.36  6.83  7.99  8.23  7.99  7.21  6.64  4.64  1.82  0.65  0.50  0.24  0.07  0.05  0.04  0.04  0.04  0.04  0.03
 6 -20  0.03  0.10  0.17  0.34  0.67  1.00  1.61  2.97  4.20  5.12  6.65  8.01  8.44  8.36  7.45  6.81  4.49  1.62  0.49  0.36  0.14  0.05  0.04  0.03  0.03  0.03  0.04  0.03
 6 -15  0.03  0.10  0.17  0.33  0.66  0.97  1.58  2.97  4.17  5.03  6.55  8.04  8.61  8.65  7.62  6.89  4.33  1.52  0.47  0.35  0.14  0.04  0.03  0.03  0.03  0.03  0.03  0.03
 6 -10  0.03  0.10  0.17  0.33  0.65  0.97  1.57  2.94  4.11  4.93  6.39  8.07  8.78  8.93  7.77  6.97  4.18  1.43  0.44  0.33  0.13  0.04  0.03  0.03  0.03  0.03  0.03  0.03
 6  -5  0.03  0.10  0.17  0.33  0.65  0.96  1.57  2.95  4.10  4.92  6.34  8.14  8.93  9.10  7.97  7.20  4.26  1.37  0.41  0.31  0.14  0.03  0.03  0.03  0.03  0.03  0.03  0.03
 6   0  0.03  0.10  0.16  0.32  0.63  0.93  1.53  2.95  4.08  4.90  6.31  8.17  9.05  9.25  8.16  7.43  4.33  1.32  0.37  0.28  0.14  0.03  0.03  0.03  0.03  0.03  0.03  0.03
 6   5  0.03  0.10  0.16  0.32  0.63  0.94  1.53  2.93  4.07  4.90  6.39  8.26  9.12  9.32  8.21  7.46  4.49  1.46  0.49  0.37  0.18  0.04  0.03  0.03  0.03  0.03  0.03  0.03
 6  10  0.03  0.09  0.15  0.31  0.61  0.91  1.50  2.91  4.08  4.91  6.47  8.37  9.22  9.41  8.28  7.48  4.65  1.61  0.60  0.46  0.22  0.04  0.03  0.03  0.03  0.04  0.04  0.03
 6  15  0.03  0.09  0.15  0.31  0.61  0.91  1.50  2.91  4.07  4.91  6.52  8.40  9.19  9.30  8.11  7.27  4.55  1.68  0.63  0.48  0.24  0.05  0.04  0.04  0.04  0.04  0.04  0.04
 6  20  0.03  0.09  0.16  0.31  0.62  0.93  1.52  2.90  4.07  4.90  6.55  8.42  9.16  9.17  7.95  7.06  4.46  1.75  0.66  0.51  0.25  0.06  0.05  0.05  0.05  0.05  0.05  0.04
 6  25  0.03  0.09  0.15  0.31  0.61  0.91  1.49  2.86  4.02  4.84  6.45  8.29  9.00  9.01  7.95  7.17  4.58  1.88  0.71  0.55  0.28  0.09  0.06  0.05  0.05  0.05  0.05  0.04
 6  30  0.03  0.09  0.15  0.30  0.60  0.89  1.46  2.82  3.96  4.78  6.37  8.16  8.84  8.85  7.94  7.29  4.71  2.01  0.76  0.59  0.30  0.13  0.07  0.06  0.06  0.06  0.05  0.05
 6  35  0.03  0.09  0.15  0.30  0.59  0.88  1.44  2.74  3.85  4.66  6.23  7.97  8.61  8.60  7.65  6.98  4.65  2.24  1.01  0.79  0.43  0.19  0.10  0.07  0.07  0.06  0.06  0.05
 6  40  0.03  0.09  0.15  0.29  0.58  0.86  1.41  2.68  3.78  4.57  6.09  7.78  8.39  8.35  7.36  6.67  4.59  2.48  1.26  1.00  0.57  0.32  0.15  0.10  0.08  0.06  0.06  0.05
 6  45  0.03  0.09  0.14  0.28  0.56  0.83  1.37  2.61  3.69  4.45  5.93  7.59  8.16  8.05  7.09  6.40  4.57  2.59  1.44  1.16  0.71  0.40  0.26  0.13  0.09  0.07  0.06  0.05
 6  50  0.03  0.08  0.13  0.27  0.53  0.79  1.30  2.53  3.57  4.31  5.76  7.38  7.91  7.73  6.79  6.13  4.56  2.70  1.62  1.32  0.85  0.48  0.33  0.16  0.10  0.07  0.06  0.06
 6  55  0.03  0.08  0.13  0.25  0.51  0.76  1.25  2.43  3.41  4.12  5.55  7.13  7.59  7.35  6.46  5.84  4.38  2.77  1.70  1.39  0.90  0.51  0.37  0.19  0.12  0.08  0.07  0.06
 6  60  0.03  0.08  0.13  0.25  0.51  0.75  1.24  2.42  3.41  4.12  5.49  6.94  7.30  6.94  6.15  5.60  4.23  2.87  1.82  1.48  0.94  0.54  0.41  0.26  0.13  0.08  0.07  0.06
 6  65  0.02  0.07  0.12  0.24  0.49  0.73  1.20  2.33  3.29  3.98  5.32  6.64  6.88  6.44  5.62  5.05  3.92  2.85  1.92  1.58  1.04  0.58  0.46  0.29  0.14  0.08  0.07  0.06
 6  70  0.02  0.07  0.12  0.24  0.47  0.70  1.15  2.24  3.17  3.84  5.14  6.33  6.46  5.93  5.08  4.49  3.62  2.83  2.02  1.68  1.13  0.62  0.52  0.32  0.15  0.09  0.07  0.06
 6  75  0.02  0.07  0.11  0.23  0.45  0.68  1.11  2.15  3.10  3.78  5.14  6.18  6.18  5.57  4.82  4.30  3.64  2.86  2.06  1.72  1.18  0.65  0.53  0.34  0.17  0.09  0.07  0.06
 6  80  0.02  0.07  0.11  0.22  0.44  0.65  1.07  2.06  3.03  3.72  5.12  6.03  5.89  5.21  4.56  4.11  3.67  2.89  2.10  1.77  1.24  0.67  0.54  0.35  0.20  0.09  0.07  0.06
 6  85  0.02  0.07  0.11  0.22  0.44  0.65  1.06  2.05  3.01  3.68  5.07  5.99  5.85  5.19  4.54  4.09  3.66  2.89  2.10  1.77  1.24  0.67  0.54  0.35  0.20  0.09  0.07  0.06
 6  90  0.02  0.07  0.11  0.22  0.43  0.65  1.06  2.04  2.98  3.64  5.02  5.94  5.81  5.17  4.53  4.07  3.65  2.88  2.10  1.77  1.24  0.67  0.54  0.35  0.19  0.09  0.07  0.06
 7 -90  0.05  0.16  0.26  0.51  0.98  1.40  2.13  3.24  4.28  5.02  5.24  5.08  4.73  4.19  3.92  3.72  3.48  2.69  1.97  1.62  1.02  0.39  0.20  0.09  0.05  0.03  0.03  0.03
 7 -85  0.05  0.16  0.26  0.51  0.98  1.40  2.13  3.23  4.27  5.02  5.26  5.09  4.73  4.18  3.91  3.72  3.48  2.69  1.97  1.61  1.02  0.39  0.21  0.09  0.05  0.03  0.03  0.03
 7 -80  0.05  0.16  0.26  0.51  0.98  1.40  2.13  3.22  4.26  5.03  5.27  5.09  4.74  4.18  3.91  3.71  3.48  2.69  1.97  1.61  1.02  0.39  0.21  0.09  0.05  0.03  0.03  0.03
 7 -75  0.05  0.15  0.24  0.48  0.91  1.31  2.00  3.03  4.10  4.90  5.36  5.50  5.28  4.73  4.18  3.79  3.36  2.68  1.96  1.61  1.05  0.40  0.22  0.09  0.05  0.04  0.03  0.03
 7 -70  0.05  0.13  0.22  0.44  0.84  1.21  1.85  2.85  3.94  4.77  5.46  5.91  5.81  5.28  4.45  3.87  3.23  2.67  1.96  1.61  1.07  0.40  0.22  0.10  0.06  0.04  0.03  0.03
 7 -65  0.05  0.14  0.23  0.45  0.87  1.26  1.96  3.17  4.32  5.19  5.75  5.98  5.78  5.25  4.77  4.44  3.79  2.77  1.92  1.59  1.08  0.42  0.21  0.10  0.06  0.04  0.03  0.03
 7 -60  0.05  0.14  0.23  0.46  0.89  1.30  2.05  3.50  4.70  5.61  6.05  6.05  5.75  5.21  5.09  5.01  4.35  2.88  1.88  1.57  1.08  0.43  0.25  0.11  0.06  0.04  0.03  0.03
 7 -55  0.05  0.14  0.23  0.45  0.88  1.29  2.06  3.67  5.00  5.99  6.44  6.40  6.08  5.59  5.55  5.53  4.58  2.79  1.75  1.44  0.93  0.40  0.25  0.11  0.06  0.04  0.03  0.03
 7 -50  0.05  0.14  0.23  0.45  0.88  1.30  2.08  3.77  5.21  6.29  6.80  6.75  6.42  5.90  5.98  6.03  4.79  2.68  1.58  1.27  0.78  0.37  0.26  0.10  0.06  0.04  0.03  0.03
 7 -45  0.04  0.13  0.22  0.43  0.85  1.25  2.01  3.64  5.12  6.21  6.99  7.17  6.89  6.38  6.16  6.00  4.80  2.71  1.55  1.23  0.73  0.34  0.23  0.10  0.06  0.04  0.03  0.03
 7 -40  0.04  0.12  0.21  0.41  0.80  1.18  1.91  3.50  5.03  6.13  7.20  7.61  7.39  6.86  6.33  5.95  4.82  2.75  1.52  1.20  0.68  0.31  0.21  0.09  0.05  0.04  0.03  0.03
 7 -35  0.04  0.12  0.19  0.38  0.76  1.12  1.80  3.33  4.78  5.84  7.06  7.76  7.69  7.24  6.53  6.01  4.78  2.54  1.28  0.99  0.53  0.24  0.16  0.08  0.05  0.04  0.03  0.03
 7 -30  0.04  0.11  0.18  0.36  0.71  1.05  1.70  3.16  4.53  5.53  6.92  7.91  8.00  7.63  6.73  6.08  4.74  2.33  1.03  0.78  0.38  0.17  0.08  0.06  0.05  0.04  0.04  0.03
 7 -25  0.04  0.11  0.18  0.35  0.70  1.03  1.67  3.08  4.40  5.37  6.84  7.97  8.17  7.90  7.01  6.36  4.63  2.04  0.81  0.61  0.28  0.07  0.05  0.04  0.04  0.04  0.04  0.04
 7 -20  0.04  0.11  0.18  0.35  0.69  1.02  1.64  3.00  4.27  5.22  6.75  8.00  8.32  8.16  7.27  6.64  4.51  1.76  0.59  0.44  0.17  0.05  0.04  0.03  0.03  0.04  0.04  0.04
 7 -15  0.03  0.10  0.17  0.34  0.67  0.99  1.60  2.99  4.24  5.14  6.69  8.10  8.55  8.48  7.55  6.90  4.27  1.57  0.53  0.40  0.17  0.04  0.03  0.03  0.03  0.03  0.04  0.04
 7 -10  0.03  0.10  0.17  0.34  0.66  0.98  1.59  2.96  4.19  5.06  6.58  8.20  8.79  8.81  7.83  7.15  4.05  1.38  0.48  0.36  0.16  0.04  0.03  0.03  0.03  0.03  0.03  0.03
 7  -5  0.03  0.10  0.17  0.33  0.66  0.97  1.58  2.96  4.18  5.03  6.52  8.29  8.97  9.03  7.89  7.11  4.13  1.36  0.48  0.36  0.17  0.04  0.03  0.03  0.03  0.03  0.03  0.03
 7   0  0.03  0.09  0.16  0.31  0.62  0.93  1.53  2.96  4.15  5.00  6.49  8.34  9.14  9.22  7.93  7.07  4.21  1.34  0.47  0.36  0.17  0.04  0.03  0.03  0.03  0.03  0.03  0.03
 7   5  0.03  0.10  0.16  0.32  0.63  0.94  1.54  2.95  4.15  5.01  6.56  8.43  9.22  9.34  8.12  7.29  4.44  1.53  0.59  0.44  0.20  0.04  0.03  0.03  0.03  0.03  0.03  0.03
 7  10  0.03  0.09  0.16  0.31  0.62  0.92  1.52  2.94  4.16  5.03  6.65  8.53  9.33  9.47  8.32  7.52  4.68  1.72  0.70  0.53  0.23  0.04  0.03  0.03  0.03  0.03  0.03  0.03
 7  15  0.03  0.10  0.16  0.32  0.63  0.93  1.53  2.95  4.17  5.04  6.69  8.54  9.27  9.34  8.20  7.39  4.67  1.77  0.72  0.54  0.23  0.04  0.04  0.04  0.04  0.04  0.04  0.03
 7  20  0.03  0.10  0.16  0.32  0.64  0.95  1.56  2.96  4.19  5.05  6.73  8.53  9.19  9.18  8.07  7.27  4.66  1.83  0.74  0.55  0.24  0.06  0.04  0.04  0.05  0.05  0.04  0.04
 7  25  0.03  0.10  0.16  0.32  0.63  0.94  1.53  2.94  4.15  5.01  6.64  8.38  9.01  9.00  7.91  7.12  4.61  1.97  0.79  0.59  0.25  0.08  0.06  0.05  0.05  0.05  0.05  0.04
 7  30  0.03  0.09  0.16  0.31  0.62  0.92  1.51  2.93  4.11  4.97  6.56  8.24  8.83  8.82  7.75  6.98  4.57  2.10  0.84  0.62  0.25  0.11  0.07  0.06  0.06  0.06  0.05  0.05
 7  35  0.03  0.09  0.15  0.31  0.61  0.91  1.49  2.85  4.00  4.84  6.39  8.01  8.58  8.55  7.53  6.81  4.54  2.23  1.00  0.76  0.36  0.14  0.08  0.07  0.06  0.06  0.05  0.05
 7  40  0.03  0.09  0.15  0.30  0.60  0.89  1.46  2.79  3.92  4.73  6.23  7.80  8.34  8.28  7.32  6.65  4.51  2.35  1.17  0.90  0.47  0.19  0.11  0.08  0.07  0.06  0.06  0.05
 7  45  0.03  0.09  0.15  0.29  0.58  0.86  1.41  2.69  3.79  4.57  6.03  7.57  8.09  7.97  7.05  6.38  4.49  2.45  1.31  1.04  0.60  0.29  0.16  0.10  0.08  0.07  0.06  0.05
 7  50  0.03  0.08  0.14  0.27  0.54  0.81  1.34  2.59  3.64  4.39  5.81  7.33  7.80  7.63  6.73  6.10  4.48  2.55  1.44  1.16  0.72  0.38  0.26  0.13  0.09  0.07  0.06  0.05
 7  55  0.03  0.08  0.13  0.26  0.51  0.77  1.27  2.47  3.46  4.17  5.57  7.06  7.48  7.25  6.34  5.69  4.27  2.58  1.53  1.25  0.80  0.42  0.31  0.16  0.10  0.07  0.06  0.05
 7  60  0.03  0.08  0.13  0.25  0.51  0.76  1.25  2.44  3.43  4.14  5.48  6.85  7.19  6.84  5.96  5.34  4.10  2.65  1.65  1.35  0.88  0.47  0.35  0.19  0.11  0.08  0.06  0.05
 7  65  0.02  0.07  0.12  0.24  0.48  0.72  1.20  2.33  3.29  3.97  5.27  6.50  6.72  6.30  5.37  4.72  3.71  2.63  1.74  1.44  0.96  0.50  0.39  0.25  0.12  0.08  0.06  0.05
 7  70  0.02  0.07  0.12  0.23  0.46  0.69  1.14  2.23  3.14  3.79  5.05  6.15  6.26  5.75  4.78  4.11  3.32  2.61  1.82  1.52  1.04  0.53  0.42  0.28  0.13  0.08  0.06  0.05
 7  75  0.02  0.07  0.11  0.22  0.44  0.66  1.09  2.12  3.05  3.72  5.00  5.95  5.92  5.34  4.50  3.91  3.29  2.64  1.88  1.57  1.07  0.53  0.44  0.29  0.14  0.08  0.06  0.05
 7  80  0.02  0.06  0.11  0.21  0.42  0.63  1.04  2.01  2.96  3.64  4.95  5.75  5.58  4.94  4.22  3.71  3.25  2.67  1.94  1.62  1.10  0.54  0.46  0.30  0.16  0.09  0.06  0.05
 7  85  0.02  0.06  0.11  0.21  0.42  0.63  1.03  1.99  2.93  3.60  4.90  5.71  5.55  4.92  4.20  3.70  3.24  2.67  1.94  1.62  1.10  0.54  0.46  0.30  0.16  0.09  0.07  0.05
 7  90  0.02  0.06  0.11  0.21  0.42  0.63  1.03  1.98  2.91  3.56  4.85  5.66  5.51  4.90  4.19  3.68  3.23  2.66  1.93  1.62  1.10  0.54  0.46  0.30  0.17  0.09  0.07  0.05
 8 -90  0.04  0.12  0.20  0.40  0.76  1.10  1.68  2.59  3.56  4.27  5.16  5.98  5.90  5.07  4.02  3.27  2.88  2.50  1.82  1.50  0.97  0.39  0.17  0.08  0.05  0.03  0.03  0.03
 8 -85  0.04  0.12  0.20  0.40  0.76  1.10  1.67  2.58  3.56  4.27  5.18  5.99  5.91  5.06  4.01  3.27  2.88  2.50  1.81  1.49  0.97  0.39  0.18  0.08  0.05  0.03  0.03  0.03
 8 -80  0.04  0.12  0.20  0.40  0.76  1.10  1.67  2.57  3.55  4.27  5.19  6.00  5.92  5.06  4.01  3.26  2.88  2.51  1.81  1.49  0.97  0.39  0.19  0.09  0.05  0.04  0.03  0.03
 8 -75  0.04  0.12  0.20  0.40  0.77  1.12  1.72  2.74  3.71  4.44  5.28  5.90  5.81  5.14  4.19  3.52  3.02  2.56  1.83  1.52  1.02  0.41  0.20  0.09  0.06  0.04  0.03  0.03
 8 -70  0.04  0.12  0.20  0.40  0.77  1.12  1.75  2.92  3.87  4.60  5.37  5.79  5.70  5.22  4.37  3.79  3.16  2.61  1.86  1.56  1.08  0.44  0.22  0.10  0.06  0.04  0.03  0.03
 8 -65  0.04  0.12  0.20  0.39  0.75  1.10  1.75  3.03  4.07  4.88  5.71  6.06  5.89  5.38  4.84  4.46  3.73  2.78  1.83  1.51  1.02  0.44  0.23  0.10  0.06  0.04  0.03  0.03
 8 -60  0.04  0.12  0.19  0.38  0.74  1.09  1.75  3.15  4.28  5.15  6.04  6.32  6.09  5.55  5.30  5.13  4.30  2.95  1.79  1.47  0.97  0.43  0.25  0.11  0.06  0.04  0.03  0.03
 8 -55  0.04  0.11  0.19  0.38  0.75  1.10  1.79  3.32  4.60  5.55  6.49  6.78  6.54  6.05  5.76  5.54  4.63  3.03  1.77  1.45  0.93  0.42  0.26  0.11  0.06  0.04  0.03  0.03
 8 -50  0.04  0.12  0.19  0.38  0.76  1.12  1.83  3.42  4.83  5.88  6.90  7.25  7.02  6.49  6.17  5.94  4.94  3.09  1.70  1.39  0.88  0.40  0.27  0.11  0.06  0.04  0.04  0.03
 8 -45  0.04  0.12  0.19  0.39  0.76  1.13  1.83  3.42  4.85  5.90  7.03  7.53  7.37  6.86  6.32  5.93  4.93  3.04  1.66  1.35  0.84  0.37  0.26  0.10  0.06  0.04  0.04  0.03
 8 -40  0.04  0.12  0.19  0.38  0.76  1.12  1.82  3.39  4.86  5.92  7.17  7.85  7.74  7.25  6.46  5.90  4.91  3.01  1.63  1.31  0.80  0.35  0.24  0.10  0.06  0.04  0.04  0.03
 8 -35  0.04  0.11  0.19  0.37  0.73  1.08  1.75  3.26  4.70  5.74  7.10  7.97  7.95  7.49  6.61  5.98  4.82  2.76  1.36  1.08  0.62  0.27  0.20  0.09  0.06  0.04  0.04  0.04
 8 -30  0.04  0.11  0.18  0.35  0.69  1.03  1.67  3.14  4.53  5.55  7.03  8.10  8.17  7.74  6.77  6.06  4.73  2.50  1.09  0.85  0.45  0.20  0.09  0.07  0.05  0.04  0.04  0.04
 8 -25  0.04  0.11  0.18  0.35  0.69  1.02  1.65  3.05  4.39  5.38  6.96  8.20  8.40  8.04  7.03  6.30  4.63  2.18  0.83  0.63  0.31  0.07  0.05  0.05  0.04  0.04  0.04  0.04
 8 -20  0.04  0.10  0.17  0.35  0.68  1.00  1.62  2.96  4.27  5.23  6.89  8.28  8.60  8.34  7.29  6.54  4.53  1.86  0.56  0.42  0.17  0.05  0.04  0.04  0.04  0.04  0.04  0.04
 8 -15  0.03  0.10  0.17  0.33  0.65  0.97  1.57  2.95  4.21  5.11  6.78  8.36  8.85  8.71  7.63  6.86  4.28  1.62  0.53  0.39  0.15  0.04  0.04  0.03  0.03  0.04  0.04  0.04
 8 -10  0.03  0.10  0.16  0.32  0.64  0.95  1.55  2.91  4.13  4.99  6.62  8.45  9.11  9.08  7.96  7.18  4.03  1.39  0.51  0.37  0.13  0.04  0.03  0.03  0.03  0.04  0.04  0.04
 8  -5  0.03  0.10  0.16  0.32  0.64  0.95  1.54  2.91  4.11  4.94  6.52  8.51  9.30  9.32  8.10  7.28  4.05  1.37  0.51  0.37  0.14  0.04  0.03  0.03  0.03  0.03  0.04  0.03
 8   0  0.03  0.09  0.15  0.30  0.60  0.90  1.48  2.92  4.07  4.90  6.46  8.54  9.47  9.53  8.23  7.37  4.07  1.35  0.50  0.37  0.14  0.04  0.03  0.03  0.03  0.03  0.03  0.03
 8   5  0.03  0.09  0.16  0.31  0.62  0.92  1.51  2.91  4.09  4.94  6.57  8.62  9.52  9.61  8.32  7.44  4.34  1.50  0.61  0.45  0.17  0.04  0.03  0.03  0.03  0.03  0.03  0.03
 8  10  0.03  0.09  0.15  0.31  0.61  0.91  1.50  2.90  4.12  5.00  6.68  8.72  9.59  9.71  8.42  7.52  4.62  1.66  0.71  0.52  0.20  0.04  0.03  0.03  0.03  0.03  0.03  0.03
 8  15  0.03  0.09  0.16  0.31  0.62  0.93  1.53  2.93  4.18  5.08  6.80  8.71  9.45  9.50  8.27  7.39  4.61  1.73  0.74  0.54  0.21  0.04  0.03  0.03  0.04  0.04  0.04  0.03
 8  20  0.03  0.10  0.16  0.32  0.64  0.96  1.56  2.96  4.25  5.15  6.90  8.69  9.31  9.27  8.11  7.27  4.61  1.80  0.77  0.56  0.22  0.05  0.04  0.04  0.04  0.05  0.04  0.04
 8  25  0.03  0.10  0.16  0.32  0.63  0.94  1.55  2.97  4.27  5.18  6.87  8.55  9.10  9.03  7.92  7.11  4.57  1.92  0.81  0.59  0.23  0.07  0.05  0.05  0.05  0.05  0.05  0.04
 8  30  0.03  0.10  0.16  0.32  0.63  0.94  1.55  3.00  4.28  5.21  6.85  8.41  8.88  8.79  7.72  6.95  4.53  2.04  0.84  0.61  0.24  0.09  0.06  0.06  0.06  0.06  0.05  0.04
 8  35  0.03  0.10  0.16  0.32  0.63  0.94  1.54  2.94  4.19  5.10  6.70  8.17  8.61  8.51  7.50  6.78  4.49  2.12  0.95  0.71  0.32  0.11  0.07  0.06  0.06  0.06  0.05  0.05
 8  40  0.03  0.09  0.16  0.31  0.62  0.92  1.51  2.91  4.14  5.01  6.54  7.94  8.34  8.21  7.27  6.61  4.46  2.20  1.07  0.81  0.40  0.15  0.09  0.07  0.07  0.06  0.05  0.05
 8  45  0.03  0.09  0.15  0.31  0.61  0.90  1.48  2.83  4.03  4.88  6.37  7.73  8.08  7.88  6.98  6.33  4.36  2.30  1.22  0.95  0.53  0.22  0.13  0.09  0.07  0.06  0.06  0.05
 8  50  0.03  0.09  0.15  0.29  0.58  0.87  1.42  2.74  3.90  4.73  6.17  7.49  7.78  7.51  6.64  6.03  4.27  2.39  1.36  1.09  0.66  0.30  0.19  0.12  0.09  0.07  0.06  0.05
 8  55  0.03  0.08  0.14  0.28  0.55  0.82  1.35  2.64  3.74  4.54  5.98  7.25  7.47  7.11  6.26  5.66  4.03  2.47  1.49  1.20  0.74  0.33  0.22  0.14  0.10  0.07  0.06  0.05
 8  60  0.03  0.08  0.14  0.27  0.54  0.81  1.33  2.61  3.73  4.53  5.93  7.06  7.17  6.69  5.89  5.34  3.82  2.58  1.65  1.32  0.81  0.37  0.25  0.17  0.11  0.07  0.06  0.05
 8  65  0.03  0.08  0.13  0.26  0.52  0.78  1.29  2.52  3.60  4.37  5.68  6.62  6.60  6.05  5.28  4.74  3.53  2.57  1.72  1.40  0.89  0.41  0.29  0.19  0.11  0.07  0.06  0.05
 8  70  0.03  0.08  0.13  0.25  0.51  0.76  1.25  2.43  3.46  4.20  5.42  6.16  6.02  5.41  4.66  4.14  3.25  2.56  1.80  1.48  0.96  0.45  0.33  0.21  0.12  0.07  0.06  0.05
 8  75  0.03  0.08  0.13  0.25  0.50  0.74  1.22  2.38  3.39  4.11  5.16  5.62  5.36  4.74  4.18  3.78  3.19  2.56  1.84  1.52  1.00  0.47  0.34  0.22  0.13  0.08  0.06  0.05
 8  80  0.02  0.07  0.12  0.25  0.49  0.73  1.20  2.32  3.31  4.02  4.90  5.08  4.70  4.07  3.69  3.42  3.13  2.55  1.88  1.55  1.03  0.49  0.35  0.23  0.14  0.08  0.06  0.05
 8  85  0.02  0.07  0.12  0.25  0.49  0.73  1.19  2.31  3.29  3.98  4.85  5.04  4.66  4.05  3.67  3.41  3.12  2.55  1.87  1.56  1.03  0.49  0.35  0.23  0.15  0.08  0.06  0.05
 8  90  0.02  0.07  0.12  0.25  0.49  0.73  1.19  2.30  3.26  3.94  4.80  4.99  4.63  4.03  3.65  3.39  3.11  2.54  1.87  1.56  1.03  0.49  0.35  0.23  0.15  0.08  0.06  0.05
 9 -90  0.04  0.11  0.18  0.35  0.69  1.00  1.58  2.67  3.73  4.50  5.03  5.40  5.32  4.91  4.01  3.38  2.17  1.53  1.09  0.93  0.65  0.36  0.15  0.07  0.05  0.03  0.03  0.03
 9 -85  0.04  0.11  0.18  0.35  0.69  1.00  1.57  2.66  3.72  4.50  5.04  5.41  5.33  4.90  4.00  3.37  2.17  1.53  1.08  0.92  0.65  0.36  0.16  0.08  0.05  0.04  0.03  0.03
 9 -80  0.04  0.11  0.18  0.35  0.69  1.00  1.57  2.66  3.71  4.50  5.06  5.42  5.34  4.90  4.00  3.37  2.17  1.53  1.08  0.91  0.65  0.36  0.17  0.08  0.05  0.04  0.03  0.03
 9 -75  0.04  0.11  0.17  0.35  0.67  0.99  1.56  2.71  3.74  4.52  5.33  5.76  5.63  5.14  4.26  3.65  2.41  1.69  1.18  1.00  0.72  0.39  0.18  0.09  0.05  0.04  0.03  0.03
 9 -70  0.03  0.10  0.17  0.34  0.66  0.97  1.55  2.76  3.77  4.54  5.61  6.10  5.93  5.38  4.53  3.93  2.65  1.84  1.28  1.08  0.78  0.42  0.20  0.09  0.06  0.04  0.03  0.03
 9 -65  0.03  0.10  0.17  0.33  0.66  0.97  1.56  2.86  3.96  4.81  5.97  6.54  6.40  5.85  5.20  4.75  3.43  2.30  1.48  1.23  0.85  0.44  0.23  0.10  0.06  0.04  0.03  0.03
 9 -60  0.03  0.10  0.17  0.34  0.67  0.99  1.60  2.96  4.16  5.07  6.33  6.98  6.87  6.33  5.88  5.56  4.20  2.75  1.68  1.37  0.91  0.47  0.26  0.11  0.06  0.04  0.04  0.03
 9 -55  0.04  0.11  0.17  0.35  0.69  1.02  1.66  3.11  4.41  5.38  6.65  7.34  7.25  6.78  6.26  5.88  4.62  3.01  1.78  1.43  0.87  0.44  0.26  0.11  0.07  0.04  0.04  0.03
 9 -50  0.04  0.11  0.18  0.35  0.69  1.03  1.69  3.20  4.58  5.60  6.92  7.70  7.66  7.17  6.59  6.18  5.02  3.25  1.84  1.46  0.84  0.42  0.26  0.11  0.06  0.04  0.04  0.03
 9 -45  0.04  0.11  0.18  0.35  0.70  1.04  1.69  3.20  4.61  5.64  7.03  7.89  7.88  7.39  6.66  6.12  4.96  3.16  1.78  1.40  0.79  0.39  0.25  0.11  0.06  0.04  0.04  0.04
 9 -40  0.04  0.11  0.18  0.35  0.70  1.04  1.69  3.18  4.63  5.67  7.15  8.12  8.13  7.63  6.72  6.06  4.90  3.09  1.72  1.34  0.74  0.37  0.24  0.10  0.06  0.05  0.04  0.04
 9 -35  0.03  0.10  0.17  0.34  0.68  1.00  1.64  3.09  4.51  5.54  7.11  8.26  8.35  7.87  6.84  6.09  4.80  2.79  1.44  1.11  0.56  0.27  0.19  0.09  0.06  0.05  0.04  0.04
 9 -30  0.03  0.10  0.17  0.33  0.65  0.97  1.58  3.01  4.39  5.40  7.07  8.40  8.57  8.12  6.97  6.13  4.71  2.48  1.16  0.87  0.38  0.18  0.09  0.07  0.06  0.05  0.05  0.04
 9 -25  0.03  0.10  0.17  0.33  0.65  0.97  1.57  2.94  4.26  5.23  6.96  8.46  8.78  8.42  7.22  6.34  4.69  2.24  0.95  0.71  0.29  0.08  0.06  0.05  0.05  0.05  0.05  0.04
 9 -20  0.03  0.10  0.16  0.33  0.64  0.95  1.55  2.88  4.15  5.09  6.85  8.50  8.96  8.71  7.45  6.56  4.67  2.01  0.75  0.55  0.20  0.06  0.04  0.04  0.04  0.04  0.05  0.05
 9 -15  0.03  0.09  0.16  0.31  0.62  0.92  1.51  2.88  4.09  4.95  6.68  8.48  9.12  9.02  7.76  6.87  4.39  1.72  0.64  0.47  0.18  0.05  0.04  0.04  0.04  0.04  0.05  0.05
 9 -10  0.03  0.09  0.15  0.30  0.60  0.90  1.48  2.85  4.00  4.81  6.45  8.47  9.29  9.34  8.06  7.18  4.12  1.43  0.54  0.39  0.15  0.04  0.03  0.03  0.04  0.04  0.04  0.04
 9  -5  0.03  0.09  0.15  0.30  0.60  0.90  1.48  2.86  3.98  4.77  6.33  8.49  9.45  9.56  8.14  7.19  4.08  1.39  0.54  0.40  0.15  0.04  0.03  0.03  0.03  0.04  0.04  0.04
 9   0  0.03  0.09  0.14  0.29  0.57  0.86  1.43  2.86  3.95  4.73  6.27  8.49  9.58  9.76  8.22  7.19  4.03  1.36  0.54  0.40  0.15  0.04  0.03  0.03  0.03  0.04  0.04  0.03
 9   5  0.03  0.09  0.15  0.30  0.60  0.89  1.47  2.86  3.99  4.80  6.40  8.57  9.61  9.80  8.34  7.36  4.29  1.50  0.62  0.45  0.16  0.04  0.03  0.03  0.03  0.03  0.03  0.03
 9  10  0.03  0.09  0.15  0.30  0.60  0.89  1.47  2.86  4.04  4.88  6.54  8.68  9.65  9.85  8.48  7.53  4.56  1.64  0.69  0.50  0.18  0.04  0.03  0.03  0.03  0.03  0.03  0.03
 9  15  0.03  0.09  0.15  0.31  0.61  0.91  1.50  2.89  4.11  4.99  6.72  8.70  9.51  9.59  8.31  7.40  4.54  1.65  0.69  0.50  0.18  0.04  0.03  0.03  0.03  0.04  0.04  0.03
 9  20  0.03  0.10  0.16  0.32  0.63  0.94  1.53  2.91  4.19  5.10  6.87  8.71  9.36  9.33  8.14  7.28  4.54  1.68  0.70  0.50  0.19  0.05  0.04  0.04  0.04  0.04  0.04  0.04
 9  25  0.03  0.09  0.16  0.31  0.62  0.92  1.52  2.93  4.24  5.17  6.88  8.57  9.10  9.02  8.01  7.27  4.57  1.76  0.72  0.52  0.19  0.06  0.05  0.04  0.05  0.05  0.05  0.04
 9  30  0.03  0.09  0.16  0.31  0.63  0.93  1.53  2.95  4.28  5.23  6.92  8.44  8.85  8.71  7.87  7.26  4.60  1.83  0.74  0.54  0.20  0.08  0.06  0.05  0.05  0.05  0.05  0.04
 9  35  0.03  0.10  0.16  0.32  0.63  0.94  1.54  2.95  4.27  5.23  6.86  8.20  8.52  8.35  7.49  6.88  4.49  2.00  0.92  0.68  0.29  0.10  0.07  0.06  0.05  0.05  0.05  0.05
 9  40  0.03  0.10  0.16  0.32  0.63  0.94  1.54  2.96  4.29  5.24  6.79  7.97  8.21  8.00  7.11  6.49  4.39  2.16  1.09  0.82  0.38  0.13  0.09  0.07  0.06  0.06  0.05  0.05
 9  45  0.03  0.10  0.16  0.32  0.64  0.94  1.55  2.96  4.30  5.25  6.73  7.77  7.88  7.57  6.76  6.17  4.28  2.26  1.24  0.96  0.50  0.20  0.12  0.09  0.07  0.06  0.05  0.05
 9  50  0.03  0.10  0.16  0.32  0.63  0.94  1.54  2.95  4.28  5.23  6.64  7.52  7.51  7.11  6.36  5.84  4.19  2.36  1.38  1.09  0.63  0.26  0.16  0.11  0.08  0.06  0.05  0.05
 9  55  0.03  0.09  0.15  0.31  0.61  0.91  1.50  2.91  4.23  5.17  6.54  7.27  7.14  6.65  5.92  5.41  3.98  2.42  1.49  1.19  0.72  0.30  0.19  0.14  0.09  0.06  0.05  0.05
 9  60  0.03  0.09  0.15  0.31  0.61  0.92  1.51  2.95  4.31  5.28  6.57  7.07  6.78  6.16  5.49  5.03  3.81  2.52  1.64  1.32  0.81  0.35  0.23  0.16  0.10  0.06  0.05  0.05
 9  65  0.03  0.09  0.16  0.31  0.62  0.92  1.52  2.96  4.28  5.23  6.31  6.57  6.20  5.54  4.89  4.43  3.53  2.48  1.73  1.40  0.89  0.40  0.26  0.17  0.11  0.07  0.05  0.05
 9  70  0.03  0.09  0.16  0.31  0.63  0.93  1.53  2.97  4.25  5.17  6.03  6.07  5.60  4.93  4.28  3.82  3.25  2.45  1.81  1.49  0.97  0.45  0.30  0.19  0.11  0.07  0.05  0.05
 9  75  0.03  0.10  0.16  0.32  0.63  0.93  1.54  2.96  4.02  4.79  5.32  5.29  4.93  4.40  4.03  3.77  3.18  2.44  1.81  1.49  0.98  0.45  0.30  0.20  0.12  0.07  0.05  0.05
 9  80  0.03  0.10  0.16  0.32  0.63  0.94  1.54  2.95  3.79  4.40  4.59  4.51  4.26  3.87  3.77  3.71  3.12  2.43  1.80  1.49  0.99  0.45  0.31  0.20  0.12  0.07  0.05  0.05
 9  85  0.03  0.10  0.16  0.32  0.63  0.93  1.53  2.94  3.77  4.36  4.55  4.47  4.22  3.85  3.76  3.69  3.11  2.42  1.80  1.49  0.99  0.45  0.31  0.20  0.13  0.07  0.05  0.05
 9  90  0.03  0.10  0.16  0.32  0.63  0.93  1.53  2.92  3.74  4.32  4.50  4.42  4.19  3.83  3.74  3.67  3.10  2.42  1.80  1.49  0.99  0.45  0.31  0.20  0.13  0.07  0.05  0.05
10 -90  0.03  0.09  0.14  0.29  0.56  0.83  1.34  2.48  3.40  4.05  5.24  5.97  5.95  5.48  4.68  4.11  2.77  0.93  0.48  0.43  0.35  0.33  0.15  0.08  0.05  0.04  0.03  0.03
10 -85  0.03  0.09  0.14  0.29  0.56  0.83  1.34  2.47  3.39  4.06  5.25  5.98  5.95  5.47  4.67  4.10  2.77  0.93  0.48  0.43  0.35  0.33  0.16  0.08  0.05  0.04  0.03  0.03
10 -80  0.03  0.09  0.14  0.28  0.56  0.83  1.34  2.46  3.38  4.06  5.26  5.99  5.96  5.47  4.67  4.10  2.77  0.93  0.47  0.42  0.35  0.33  0.17  0.08  0.05  0.04  0.03  0.03
10 -75  0.03  0.09  0.14  0.29  0.56  0.83  1.35  2.48  3.44  4.15  5.40  6.28  6.31  5.83  5.19  4.73  3.22  1.31  0.67  0.57  0.42  0.37  0.23  0.09  0.06  0.04  0.03  0.03
10 -70  0.03  0.09  0.14  0.29  0.57  0.84  1.35  2.50  3.50  4.25  5.54  6.56  6.67  6.20  5.72  5.37  3.67  1.69  0.88  0.73  0.50  0.41  0.25  0.09  0.06  0.04  0.03  0.03
10 -65  0.03  0.09  0.15  0.30  0.58  0.86  1.40  2.60  3.70  4.52  5.87  6.93  7.06  6.61  6.29  6.06  4.32  2.28  1.23  0.99  0.62  0.42  0.26  0.10  0.06  0.04  0.03  0.03
10 -60  0.03  0.09  0.15  0.31  0.60  0.89  1.45  2.71  3.90  4.80  6.20  7.30  7.44  7.01  6.85  6.74  4.95  2.86  1.58  1.25  0.75  0.43  0.27  0.12  0.07  0.04  0.03  0.03
10 -55  0.03  0.09  0.16  0.31  0.62  0.92  1.49  2.81  4.07  5.01  6.45  7.56  7.70  7.31  6.89  6.58  5.04  3.09  1.78  1.41  0.80  0.40  0.25  0.16  0.07  0.04  0.04  0.03
10 -50  0.03  0.09  0.16  0.31  0.62  0.92  1.50  2.84  4.16  5.13  6.66  7.83  7.99  7.55  6.89  6.41  5.12  3.29  1.93  1.52  0.86  0.38  0.24  0.15  0.07  0.04  0.04  0.03
10 -45  0.03  0.09  0.16  0.31  0.61  0.91  1.50  2.88  4.20  5.18  6.76  8.03  8.21  7.76  7.10  6.61  5.25  3.34  1.92  1.51  0.84  0.37  0.23  0.10  0.06  0.05  0.04  0.04
10 -40  0.03  0.09  0.16  0.31  0.62  0.92  1.50  2.88  4.23  5.21  6.88  8.27  8.47  7.99  7.30  6.80  5.39  3.41  1.92  1.50  0.83  0.36  0.23  0.09  0.06  0.05  0.04  0.04
10 -35  0.03  0.09  0.15  0.31  0.61  0.91  1.49  2.85  4.18  5.15  6.86  8.40  8.70  8.26  7.39  6.75  5.14  2.90  1.48  1.14  0.59  0.26  0.14  0.08  0.06  0.05  0.04  0.04
10 -30  0.03  0.09  0.15  0.30  0.60  0.89  1.47  2.82  4.12  5.07  6.83  8.53  8.93  8.54  7.48  6.71  4.89  2.39  1.04  0.78  0.35  0.15  0.10  0.07  0.06  0.05  0.05  0.04
10 -25  0.03  0.09  0.15  0.31  0.61  0.90  1.48  2.81  4.05  4.96  6.74  8.54  9.08  8.81  7.62  6.76  4.68  2.06  0.85  0.63  0.26  0.09  0.06  0.05  0.05  0.05  0.05  0.05
10 -20  0.03  0.09  0.15  0.30  0.60  0.90  1.47  2.80  3.99  4.87  6.65  8.52  9.20  9.08  7.75  6.81  4.47  1.73  0.66  0.48  0.18  0.06  0.05  0.04  0.04  0.05  0.05  0.05
10 -15  0.03  0.09  0.15  0.29  0.58  0.87  1.44  2.81  3.96  4.78  6.50  8.45  9.25  9.27  8.00  7.09  4.28  1.58  0.59  0.43  0.15  0.05  0.04  0.04  0.04  0.04  0.05  0.05
10 -10  0.03  0.09  0.14  0.29  0.57  0.85  1.41  2.80  3.90  4.68  6.29  8.39  9.32  9.48  8.23  7.37  4.11  1.44  0.52  0.37  0.13  0.04  0.04  0.04  0.04  0.04  0.04  0.04
10  -5  0.03  0.09  0.14  0.29  0.57  0.86  1.42  2.82  3.90  4.66  6.18  8.36  9.39  9.61  8.28  7.39  4.06  1.41  0.50  0.36  0.13  0.04  0.03  0.03  0.03  0.04  0.04  0.03
10   0  0.03  0.08  0.14  0.28  0.56  0.84  1.41  2.83  3.89  4.64  6.12  8.31  9.45  9.72  8.33  7.40  4.01  1.39  0.48  0.35  0.13  0.04  0.03  0.03  0.03  0.03  0.03  0.03
10   5  0.03  0.09  0.15  0.29  0.58  0.87  1.44  2.83  3.92  4.70  6.24  8.35  9.42  9.70  8.33  7.41  4.23  1.49  0.57  0.41  0.14  0.04  0.03  0.03  0.03  0.03  0.03  0.03
10  10  0.03  0.09  0.15  0.30  0.59  0.88  1.45  2.83  3.97  4.78  6.37  8.42  9.42  9.70  8.35  7.43  4.45  1.60  0.65  0.46  0.15  0.03  0.03  0.03  0.03  0.03  0.03  0.03
10  15  0.03  0.09  0.15  0.30  0.60  0.89  1.47  2.85  4.03  4.87  6.52  8.44  9.28  9.44  8.15  7.23  4.42  1.62  0.66  0.47  0.16  0.04  0.03  0.03  0.03  0.04  0.04  0.04
10  20  0.03  0.09  0.16  0.31  0.62  0.92  1.50  2.87  4.09  4.94  6.64  8.45  9.13  9.17  7.94  7.04  4.39  1.64  0.67  0.48  0.16  0.04  0.04  0.04  0.04  0.04  0.04  0.04
10  25  0.03  0.09  0.15  0.31  0.61  0.91  1.50  2.91  4.18  5.09  6.73  8.34  8.85  8.79  7.78  7.03  4.43  1.70  0.69  0.50  0.18  0.06  0.04  0.04  0.04  0.04  0.05  0.04
10  30  0.03  0.10  0.16  0.32  0.63  0.93  1.53  2.95  4.28  5.23  6.86  8.24  8.57  8.42  7.61  7.03  4.48  1.76  0.71  0.52  0.19  0.08  0.05  0.05  0.05  0.05  0.05  0.04
10  35  0.03  0.10  0.16  0.33  0.65  0.96  1.57  3.01  4.39  5.39  6.93  7.99  8.14  7.89  7.14  6.60  4.39  1.94  0.91  0.68  0.30  0.11  0.07  0.05  0.05  0.05  0.05  0.05
10  40  0.03  0.10  0.17  0.33  0.66  0.99  1.61  3.09  4.54  5.58  6.99  7.75  7.71  7.37  6.66  6.17  4.30  2.12  1.11  0.84  0.41  0.18  0.09  0.07  0.06  0.05  0.05  0.05
10  45  0.04  0.11  0.18  0.35  0.69  1.03  1.68  3.19  4.69  5.75  7.00  7.52  7.35  6.93  6.35  5.92  4.29  2.28  1.28  0.99  0.54  0.21  0.12  0.09  0.07  0.06  0.05  0.05
10  50  0.04  0.11  0.18  0.36  0.71  1.06  1.73  3.29  4.80  5.89  6.98  7.24  6.95  6.47  5.99  5.65  4.28  2.45  1.44  1.14  0.66  0.25  0.14  0.11  0.08  0.06  0.05  0.05
10  55  0.04  0.11  0.18  0.36  0.72  1.07  1.75  3.36  4.83  5.90  6.81  6.94  6.59  6.09  5.65  5.33  4.18  2.48  1.52  1.22  0.74  0.30  0.18  0.13  0.09  0.06  0.05  0.05
10  60  0.04  0.11  0.19  0.37  0.74  1.10  1.81  3.49  4.97  6.05  6.75  6.67  6.25  5.68  5.32  5.07  4.12  2.55  1.64  1.32  0.81  0.36  0.22  0.15  0.10  0.06  0.05  0.05
10  65  0.04  0.11  0.19  0.38  0.76  1.12  1.84  3.52  4.84  5.80  6.30  6.15  5.74  5.21  4.88  4.66  3.84  2.54  1.76  1.44  0.93  0.41  0.25  0.17  0.10  0.06  0.05  0.05
10  70  0.04  0.12  0.19  0.39  0.77  1.14  1.86  3.55  4.71  5.55  5.85  5.63  5.24  4.74  4.45  4.25  3.57  2.54  1.88  1.56  1.04  0.46  0.27  0.18  0.10  0.06  0.05  0.05
10  75  0.04  0.12  0.19  0.38  0.76  1.13  1.85  3.50  4.28  4.87  5.09  5.02  4.75  4.34  4.08  3.91  3.40  2.55  1.92  1.60  1.09  0.48  0.28  0.19  0.11  0.06  0.05  0.05
10  80  0.04  0.12  0.19  0.38  0.75  1.12  1.82  3.44  3.86  4.18  4.33  4.40  4.25  3.94  3.72  3.57  3.23  2.55  1.96  1.65  1.13  0.50  0.29  0.20  0.11  0.06  0.05  0.05
10  85  0.04  0.12  0.19  0.38  0.75  1.12  1.82  3.43  3.84  4.15  4.29  4.36  4.22  3.92  3.70  3.55  3.22  2.55  1.96  1.65  1.13  0.50  0.29  0.20  0.12  0.06  0.05  0.04
10  90  0.04  0.12  0.19  0.38  0.75  1.12  1.82  3.42  3.81  4.11  4.24  4.31  4.19  3.91  3.69  3.53  3.21  2.54  1.96  1.65  1.13  0.50  0.29  0.20  0.12  0.06  0.05  0.04
11 -90  0.02  0.07  0.12  0.25  0.49  0.72  1.18  2.22  3.10  3.71  5.03  6.16  6.38  6.13  5.81  5.57  4.32  2.06  1.11  0.90  0.56  0.38  0.26  0.15  0.06  0.04  0.03  0.02
11 -85  0.02  0.07  0.12  0.25  0.49  0.72  1.18  2.21  3.09  3.71  5.04  6.17  6.39  6.12  5.81  5.57  4.32  2.06  1.10  0.90  0.56  0.38  0.26  0.09  0.06  0.04  0.03  0.03
11 -80  0.02  0.07  0.12  0.25  0.49  0.72  1.17  2.21  3.08  3.71  5.06  6.18  6.39  6.11  5.80  5.56  4.32  2.07  1.10  0.89  0.56  0.38  0.26  0.15  0.06  0.04  0.03  0.03
11 -75  0.03  0.08  0.13  0.25  0.49  0.73  1.19  2.23  3.13  3.80  5.11  6.31  6.57  6.28  6.12  5.99  4.61  2.26  1.20  0.97  0.61  0.41  0.27  0.16  0.06  0.04  0.03  0.03
11 -70  0.03  0.08  0.13  0.25  0.50  0.74  1.20  2.25  3.18  3.89  5.17  6.43  6.75  6.45  6.44  6.42  4.89  2.45  1.31  1.06  0.66  0.44  0.28  0.17  0.06  0.04  0.03  0.03
11 -65  0.03  0.08  0.13  0.26  0.51  0.76  1.24  2.32  3.30  4.06  5.41  6.72  7.04  6.71  6.69  6.67  5.05  2.72  1.49  1.18  0.70  0.43  0.27  0.17  0.07  0.04  0.03  0.03
11 -60  0.03  0.08  0.14  0.27  0.53  0.79  1.28  2.39  3.43  4.23  5.64  7.00  7.33  6.97  6.94  6.91  5.21  2.99  1.67  1.31  0.74  0.42  0.27  0.17  0.07  0.04  0.03  0.03
11 -55  0.03  0.08  0.14  0.28  0.55  0.82  1.33  2.48  3.56  4.38  5.83  7.28  7.65  7.33  6.91  6.60  5.08  3.05  1.74  1.35  0.73  0.37  0.24  0.15  0.07  0.05  0.04  0.03
11 -50  0.03  0.08  0.14  0.28  0.55  0.82  1.34  2.51  3.62  4.44  5.99  7.57  8.00  7.62  6.84  6.27  4.92  3.09  1.75  1.35  0.71  0.32  0.21  0.11  0.07  0.05  0.04  0.03
11 -45  0.03  0.08  0.14  0.28  0.55  0.81  1.34  2.58  3.70  4.52  6.10  7.79  8.29  7.95  7.08  6.45  5.00  3.08  1.72  1.33  0.70  0.31  0.21  0.10  0.06  0.05  0.04  0.03
11 -40  0.03  0.08  0.14  0.27  0.55  0.82  1.34  2.62  3.76  4.58  6.22  8.04  8.61  8.28  7.31  6.61  5.08  3.08  1.70  1.31  0.68  0.31  0.20  0.09  0.06  0.05  0.04  0.04
11 -35  0.03  0.08  0.14  0.28  0.55  0.83  1.36  2.65  3.80  4.64  6.30  8.20  8.83  8.58  7.48  6.67  4.82  2.61  1.29  0.98  0.48  0.23  0.12  0.08  0.06  0.05  0.04  0.04
11 -30  0.03  0.08  0.14  0.28  0.56  0.83  1.37  2.68  3.83  4.68  6.37  8.35  9.06  8.89  7.65  6.75  4.56  2.13  0.88  0.65  0.28  0.15  0.09  0.06  0.06  0.05  0.05  0.04
11 -25  0.03  0.09  0.14  0.29  0.57  0.85  1.40  2.71  3.85  4.70  6.43  8.42  9.19  9.10  7.72  6.72  4.42  1.92  0.75  0.55  0.22  0.09  0.06  0.05  0.05  0.05  0.05  0.04
11 -20  0.03  0.09  0.14  0.29  0.57  0.85  1.41  2.75  3.90  4.75  6.50  8.46  9.27  9.29  7.78  6.70  4.27  1.73  0.62  0.45  0.16  0.06  0.05  0.04  0.04  0.05  0.05  0.04
11 -15  0.03  0.08  0.14  0.28  0.56  0.84  1.40  2.79  3.93  4.75  6.46  8.44  9.30  9.41  7.98  6.96  4.15  1.57  0.56  0.41  0.15  0.05  0.04  0.04  0.04  0.04  0.04  0.04
11 -10  0.03  0.08  0.14  0.28  0.55  0.83  1.39  2.82  3.95  4.75  6.37  8.43  9.35  9.53  8.18  7.23  4.04  1.42  0.50  0.37  0.14  0.04  0.04  0.03  0.04  0.04  0.04  0.04
11  -5  0.03  0.08  0.14  0.28  0.56  0.84  1.41  2.86  3.98  4.77  6.29  8.38  9.33  9.52  8.16  7.23  3.95  1.36  0.48  0.35  0.13  0.04  0.03  0.03  0.03  0.04  0.04  0.03
11   0  0.03  0.09  0.14  0.29  0.57  0.86  1.43  2.88  4.00  4.79  6.27  8.30  9.28  9.49  8.13  7.22  3.87  1.31  0.46  0.34  0.13  0.04  0.03  0.03  0.03  0.03  0.03  0.03
11   5  0.03  0.09  0.15  0.29  0.58  0.87  1.45  2.86  3.98  4.79  6.28  8.23  9.19  9.43  8.10  7.21  4.07  1.39  0.51  0.37  0.13  0.04  0.03  0.03  0.03  0.03  0.03  0.03
11  10  0.03  0.09  0.15  0.30  0.59  0.88  1.45  2.84  3.98  4.79  6.31  8.21  9.12  9.39  8.09  7.20  4.28  1.48  0.56  0.40  0.14  0.04  0.03  0.03  0.03  0.04  0.04  0.03
11  15  0.03  0.09  0.15  0.30  0.60  0.89  1.47  2.86  4.03  4.87  6.43  8.17  8.92  9.09  7.85  6.98  4.20  1.51  0.56  0.40  0.14  0.04  0.03  0.03  0.04  0.04  0.04  0.04
11  20  0.03  0.09  0.16  0.31  0.62  0.92  1.50  2.88  4.08  4.93  6.52  8.12  8.72  8.77  7.61  6.77  4.11  1.54  0.57  0.41  0.14  0.05  0.04  0.04  0.04  0.04  0.04  0.04
11  25  0.03  0.09  0.16  0.31  0.62  0.92  1.52  2.95  4.24  5.16  6.67  8.00  8.38  8.32  7.38  6.69  4.19  1.64  0.65  0.47  0.18  0.06  0.04  0.04  0.04  0.04  0.04  0.04
11  30  0.03  0.10  0.16  0.33  0.65  0.96  1.58  3.03  4.40  5.38  6.84  7.89  8.05  7.86  7.14  6.61  4.26  1.74  0.73  0.53  0.22  0.08  0.05  0.05  0.04  0.04  0.04  0.04
11  35  0.03  0.10  0.17  0.35  0.68  1.02  1.66  3.16  4.61  5.65  6.94  7.64  7.62  7.33  6.75  6.34  4.42  2.04  0.97  0.73  0.34  0.14  0.08  0.06  0.05  0.05  0.05  0.04
11  40  0.04  0.11  0.18  0.36  0.72  1.07  1.74  3.31  4.85  5.95  7.05  7.39  7.19  6.81  6.37  6.07  4.57  2.33  1.21  0.93  0.47  0.19  0.11  0.07  0.06  0.05  0.05  0.05
11  45  0.04  0.12  0.19  0.38  0.76  1.12  1.83  3.48  5.03  6.14  7.00  7.12  6.84  6.43  6.16  5.95  4.60  2.47  1.40  1.09  0.60  0.25  0.15  0.10  0.07  0.05  0.05  0.05
11  50  0.04  0.12  0.20  0.40  0.80  1.18  1.93  3.63  5.18  6.30  6.92  6.82  6.45  6.03  5.90  5.81  4.64  2.61  1.57  1.26  0.75  0.32  0.18  0.12  0.08  0.06  0.05  0.05
11  55  0.04  0.12  0.20  0.41  0.81  1.20  1.95  3.69  5.08  6.11  6.58  6.48  6.15  5.77  5.64  5.55  4.48  2.64  1.64  1.34  0.87  0.37  0.20  0.13  0.09  0.06  0.05  0.05
11  60  0.04  0.12  0.21  0.41  0.82  1.22  2.00  3.82  5.11  6.06  6.35  6.18  5.86  5.47  5.39  5.34  4.36  2.70  1.74  1.45  0.99  0.42  0.23  0.15  0.09  0.06  0.05  0.05
11  65  0.04  0.12  0.20  0.40  0.79  1.18  1.93  3.67  4.85  5.72  6.07  5.98  5.71  5.34  5.13  5.00  4.24  2.78  1.92  1.63  1.16  0.51  0.27  0.18  0.10  0.06  0.05  0.05
11  70  0.04  0.12  0.20  0.39  0.78  1.15  1.88  3.52  4.59  5.38  5.77  5.78  5.56  5.20  4.88  4.66  4.12  2.85  2.10  1.80  1.33  0.60  0.31  0.20  0.10  0.06  0.05  0.05
11  75  0.04  0.12  0.20  0.39  0.77  1.13  1.83  3.37  4.30  4.98  5.29  5.08  4.73  4.33  4.05  3.85  3.55  2.77  2.02  1.74  1.27  0.56  0.29  0.18  0.10  0.06  0.05  0.05
11  80  0.04  0.12  0.19  0.38  0.75  1.11  1.78  3.23  4.00  4.57  4.81  4.38  3.91  3.47  3.21  3.04  2.98  2.68  1.95  1.67  1.21  0.52  0.26  0.17  0.10  0.06  0.05  0.04
11  85  0.04  0.12  0.19  0.38  0.75  1.11  1.78  3.21  3.98  4.54  4.76  4.34  3.87  3.45  3.20  3.02  2.97  2.68  1.95  1.67  1.21  0.52  0.26  0.17  0.10  0.06  0.05  0.04
11  90  0.04  0.12  0.19  0.38  0.75  1.11  1.77  3.20  3.95  4.51  4.72  4.30  3.84  3.43  3.18  3.01  2.96  2.67  1.95  1.67  1.21  0.52  0.26  0.17  0.10  0.06  0.05  0.04
12 -90  0.02  0.07  0.11  0.22  0.43  0.64  1.04  1.94  2.78  3.37  4.68  5.86  6.02  5.61  5.39  5.23  4.59  3.12  1.80  1.43  0.82  0.41  0.30  0.18  0.09  0.05  0.03  0.02
12 -85  0.02  0.07  0.11  0.22  0.43  0.64  1.04  1.93  2.77  3.38  4.70  5.87  6.03  5.60  5.38  5.22  4.59  3.12  1.80  1.43  0.82  0.41  0.30  0.18  0.09  0.05  0.03  0.02
12 -80  0.02  0.07  0.11  0.22  0.43  0.64  1.03  1.92  2.76  3.38  4.71  5.89  6.03  5.60  5.38  5.22  4.59  3.12  1.79  1.42  0.82  0.41  0.30  0.19  0.09  0.04  0.03  0.02
12 -75  0.02  0.07  0.11  0.22  0.44  0.66  1.06  1.98  2.82  3.46  4.75  5.98  6.20  5.77  5.55  5.39  4.72  3.14  1.79  1.42  0.82  0.40  0.30  0.18  0.07  0.04  0.03  0.03
12 -70  0.02  0.07  0.12  0.23  0.46  0.67  1.09  2.03  2.88  3.53  4.79  6.08  6.36  5.95  5.72  5.57  4.84  3.15  1.79  1.42  0.83  0.40  0.30  0.18  0.07  0.04  0.03  0.03
12 -65  0.02  0.07  0.12  0.24  0.47  0.70  1.13  2.11  2.98  3.66  4.96  6.36  6.74  6.37  6.08  5.88  4.92  3.12  1.75  1.38  0.79  0.38  0.27  0.17  0.08  0.04  0.03  0.03
12 -60  0.03  0.08  0.13  0.25  0.49  0.73  1.18  2.19  3.09  3.79  5.13  6.64  7.12  6.79  6.44  6.19  5.00  3.08  1.72  1.34  0.75  0.35  0.25  0.15  0.08  0.05  0.03  0.03
12 -55  0.03  0.08  0.13  0.26  0.52  0.76  1.24  2.30  3.23  3.93  5.31  6.96  7.54  7.32  6.75  6.35  4.91  2.92  1.60  1.24  0.66  0.31  0.22  0.14  0.08  0.05  0.04  0.03
12 -50  0.03  0.08  0.13  0.27  0.52  0.78  1.26  2.35  3.29  4.00  5.45  7.28  7.98  7.79  7.03  6.49  4.80  2.73  1.44  1.10  0.57  0.28  0.18  0.12  0.07  0.05  0.04  0.03
12 -45  0.03  0.08  0.13  0.26  0.52  0.78  1.28  2.45  3.43  4.16  5.63  7.53  8.30  8.19  7.11  6.32  4.60  2.57  1.35  1.03  0.53  0.26  0.17  0.09  0.06  0.05  0.04  0.03
12 -40  0.03  0.08  0.13  0.26  0.52  0.78  1.29  2.53  3.55  4.29  5.82  7.80  8.65  8.60  7.15  6.12  4.41  2.41  1.26  0.97  0.50  0.24  0.13  0.08  0.06  0.05  0.04  0.04
12 -35  0.03  0.08  0.14  0.27  0.54  0.80  1.33  2.59  3.66  4.44  6.02  8.02  8.86  8.81  7.53  6.59  4.40  2.12  0.99  0.75  0.36  0.18  0.10  0.07  0.05  0.05  0.04  0.04
12 -30  0.03  0.08  0.14  0.27  0.55  0.82  1.35  2.66  3.76  4.58  6.21  8.23  9.06  9.04  7.90  7.07  4.39  1.83  0.72  0.53  0.23  0.12  0.08  0.06  0.05  0.05  0.05  0.04
12 -25  0.03  0.09  0.14  0.28  0.56  0.84  1.39  2.72  3.86  4.71  6.42  8.39  9.20  9.18  7.92  7.00  4.30  1.71  0.62  0.46  0.18  0.08  0.06  0.05  0.05  0.05  0.05  0.04
12 -20  0.03  0.08  0.14  0.28  0.56  0.84  1.40  2.78  3.98  4.87  6.63  8.53  9.29  9.32  7.92  6.93  4.21  1.59  0.53  0.38  0.13  0.06  0.04  0.04  0.04  0.04  0.04  0.04
12 -15  0.03  0.08  0.14  0.28  0.56  0.84  1.41  2.85  4.08  4.97  6.74  8.63  9.38  9.42  8.06  7.08  4.12  1.48  0.48  0.35  0.13  0.05  0.04  0.04  0.04  0.04  0.04  0.04
12 -10  0.03  0.08  0.14  0.28  0.56  0.84  1.41  2.90  4.16  5.05  6.78  8.73  9.49  9.54  8.18  7.23  4.03  1.38  0.44  0.33  0.12  0.04  0.03  0.03  0.03  0.04  0.04  0.03
12  -5  0.03  0.08  0.14  0.28  0.56  0.85  1.43  2.93  4.21  5.10  6.72  8.67  9.42  9.46  7.99  6.98  3.87  1.32  0.43  0.32  0.13  0.04  0.03  0.03  0.03  0.03  0.03  0.03
12   0  0.03  0.09  0.15  0.30  0.59  0.89  1.48  2.95  4.23  5.14  6.71  8.57  9.32  9.35  7.78  6.71  3.71  1.27  0.41  0.31  0.14  0.04  0.03  0.03  0.03  0.03  0.03  0.03
12   5  0.03  0.09  0.15  0.30  0.59  0.89  1.48  2.93  4.18  5.09  6.65  8.40  9.12  9.17  7.78  6.84  3.94  1.37  0.46  0.34  0.13  0.04  0.03  0.03  0.03  0.03  0.04  0.03
12  10  0.03  0.09  0.15  0.30  0.60  0.90  1.48  2.90  4.15  5.04  6.60  8.26  8.93  9.01  7.79  6.96  4.17  1.47  0.51  0.37  0.13  0.04  0.03  0.03  0.03  0.04  0.04  0.04
12  15  0.03  0.09  0.15  0.30  0.60  0.90  1.49  2.90  4.15  5.05  6.62  8.14  8.68  8.69  7.53  6.70  4.08  1.54  0.53  0.38  0.13  0.04  0.04  0.04  0.04  0.04  0.04  0.04
12  20  0.03  0.09  0.16  0.31  0.62  0.92  1.51  2.90  4.15  5.04  6.60  8.00  8.43  8.35  7.25  6.46  3.99  1.61  0.56  0.40  0.13  0.05  0.04  0.04  0.04  0.04  0.04  0.04
12  25  0.03  0.09  0.15  0.31  0.61  0.91  1.51  2.94  4.23  5.15  6.61  7.80  8.05  7.89  7.10  6.51  4.18  1.77  0.69  0.51  0.20  0.06  0.05  0.04  0.04  0.04  0.04  0.04
12  30  0.03  0.10  0.16  0.32  0.64  0.95  1.56  2.98  4.30  5.24  6.64  7.60  7.68  7.42  6.93  6.57  4.38  1.93  0.82  0.61  0.26  0.09  0.06  0.05  0.05  0.05  0.04  0.04
12  35  0.03  0.10  0.17  0.34  0.68  1.00  1.64  3.12  4.46  5.44  6.66  7.33  7.29  6.97  6.69  6.48  4.66  2.25  1.09  0.84  0.43  0.19  0.09  0.07  0.06  0.05  0.05  0.04
12  40  0.04  0.11  0.18  0.36  0.71  1.06  1.73  3.26  4.66  5.66  6.68  7.06  6.89  6.54  6.45  6.40  4.95  2.56  1.36  1.07  0.61  0.27  0.15  0.09  0.07  0.05  0.05  0.05
12  45  0.04  0.11  0.19  0.38  0.75  1.11  1.81  3.43  4.81  5.79  6.57  6.79  6.61  6.29  6.22  6.16  4.87  2.80  1.58  1.26  0.75  0.33  0.18  0.12  0.08  0.05  0.05  0.05
12  50  0.04  0.12  0.20  0.40  0.79  1.17  1.91  3.58  4.91  5.88  6.43  6.49  6.29  6.02  5.95  5.90  4.81  3.04  1.79  1.45  0.89  0.40  0.21  0.14  0.09  0.06  0.05  0.05
12  55  0.04  0.12  0.20  0.40  0.79  1.17  1.90  3.57  4.73  5.59  6.11  6.26  6.12  5.89  5.72  5.60  4.59  3.02  1.89  1.56  1.03  0.47  0.25  0.16  0.09  0.06  0.05  0.05
12  60  0.04  0.12  0.20  0.40  0.79  1.17  1.91  3.62  4.66  5.44  5.88  6.06  5.96  5.72  5.50  5.35  4.40  3.04  2.03  1.70  1.18  0.55  0.28  0.17  0.10  0.06  0.05  0.05
12  65  0.04  0.12  0.21  0.41  0.81  1.19  1.93  3.55  4.59  5.36  5.83  5.98  5.83  5.55  5.24  5.03  4.27  2.98  2.07  1.75  1.24  0.58  0.28  0.17  0.10  0.06  0.05  0.05
12  70  0.04  0.13  0.21  0.42  0.82  1.21  1.93  3.48  4.51  5.27  5.77  5.89  5.70  5.37  4.98  4.71  4.14  2.92  2.12  1.81  1.30  0.61  0.28  0.17  0.10  0.06  0.05  0.05
12  75  0.04  0.12  0.20  0.40  0.79  1.15  1.82  3.18  4.24  5.00  5.52  5.48  5.20  4.83  4.49  4.25  3.90  2.94  2.14  1.82  1.31  0.61  0.30  0.18  0.11  0.06  0.05  0.05
12  80  0.04  0.12  0.19  0.38  0.74  1.09  1.70  2.89  3.96  4.73  5.27  5.07  4.70  4.29  3.99  3.79  3.66  2.96  2.15  1.84  1.32  0.61  0.32  0.20  0.11  0.06  0.05  0.04
12  85  0.04  0.12  0.19  0.38  0.74  1.08  1.70  2.88  3.94  4.70  5.22  5.03  4.67  4.27  3.98  3.77  3.65  2.95  2.15  1.84  1.32  0.61  0.32  0.20  0.11  0.06  0.05  0.04
12  90  0.04  0.12  0.19  0.38  0.74  1.08  1.70  2.86  3.91  4.66  5.18  4.99  4.63  4.25  3.96  3.76  3.64  2.95  2.15  1.84  1.32  0.61  0.32  0.20  0.11  0.06  0.05  0.04
