     0.010
     0.030
     0.050
     0.100
     0.200
     0.300
     0.500
     1.000
     1.500
     2.000
     3.000
     5.000
     7.000
    10.000
    15.000
    20.000
    30.000
    50.000
    70.000
    80.000
   100.000
   150.000
   200.000
   250.000
   300.000
   400.000
   500.000
   600.000
 1 -90  0.03  0.08  0.13  0.25  0.49  0.72  1.17  2.17  3.28  4.10  5.58  6.30  5.97  5.04  4.03  3.49  3.49  3.33  2.59  2.21  1.54  0.77  0.45  0.25  0.12  0.05  0.03  0.02
 1 -85  0.03  0.08  0.12  0.25  0.49  0.72  1.17  2.17  3.30  4.10  5.56  6.30  6.01  5.14  4.17  3.60  3.50  3.17  2.41  2.05  1.42  0.69  0.42  0.24  0.11  0.05  0.03  0.02
 1 -80  0.03  0.08  0.13  0.25  0.49  0.73  1.18  2.17  3.29  4.09  5.56  6.31  6.02  5.15  4.20  3.62  3.50  3.14  2.38  2.02  1.40  0.68  0.41  0.24  0.11  0.04  0.03  0.02
 1 -75  0.03  0.08  0.13  0.26  0.51  0.75  1.22  2.25  3.36  4.15  5.57  6.45  6.28  5.47  4.59  4.05  3.80  3.17  2.32  1.97  1.35  0.66  0.40  0.23  0.11  0.04  0.03  0.02
 1 -70  0.03  0.08  0.13  0.26  0.52  0.77  1.25  2.32  3.41  4.22  5.61  6.61  6.56  5.79  4.99  4.49  4.10  3.20  2.25  1.89  1.29  0.63  0.39  0.22  0.10  0.04  0.03  0.02
 1 -65  0.03  0.08  0.14  0.27  0.54  0.80  1.29  2.39  3.50  4.35  5.81  7.00  7.09  6.42  5.69  5.22  4.33  3.13  2.10  1.75  1.17  0.59  0.36  0.20  0.07  0.04  0.03  0.02
 1 -60  0.03  0.09  0.14  0.28  0.56  0.82  1.33  2.46  3.59  4.47  6.02  7.41  7.64  7.08  6.39  5.93  4.56  3.06  1.95  1.60  1.05  0.54  0.33  0.19  0.08  0.04  0.03  0.02
 1 -55  0.03  0.09  0.15  0.30  0.59  0.87  1.40  2.58  3.77  4.64  6.22  7.75  8.12  7.78  6.90  6.28  4.43  2.79  1.68  1.37  0.85  0.44  0.27  0.15  0.08  0.05  0.03  0.03
 1 -50  0.03  0.09  0.15  0.30  0.59  0.88  1.42  2.62  3.81  4.68  6.35  8.11  8.66  8.36  7.31  6.57  4.27  2.48  1.34  1.08  0.65  0.33  0.19  0.10  0.07  0.04  0.04  0.03
 1 -45  0.03  0.09  0.15  0.30  0.59  0.88  1.44  2.74  3.95  4.86  6.60  8.42  9.03  8.79  7.55  6.65  4.27  2.41  1.25  1.00  0.58  0.28  0.17  0.08  0.06  0.04  0.04  0.03
 1 -40  0.03  0.09  0.15  0.30  0.60  0.89  1.47  2.85  4.08  5.01  6.82  8.71  9.39  9.20  7.73  6.71  4.28  2.34  1.15  0.90  0.50  0.23  0.10  0.06  0.05  0.04  0.04  0.03
 1 -35  0.03  0.09  0.15  0.31  0.61  0.91  1.50  2.91  4.23  5.22  7.10  9.00  9.62  9.36  7.90  6.87  4.27  2.03  0.90  0.70  0.36  0.14  0.08  0.06  0.05  0.04  0.04  0.04
 1 -30  0.03  0.09  0.16  0.31  0.62  0.92  1.53  3.00  4.35  5.39  7.34  9.25  9.84  9.57  8.05  7.01  4.24  1.72  0.67  0.51  0.23  0.10  0.06  0.05  0.05  0.04  0.04  0.04
 1 -25  0.03  0.09  0.16  0.32  0.63  0.94  1.55  3.04  4.47  5.55  7.58  9.50 10.07  9.80  8.10  6.93  4.14  1.55  0.56  0.42  0.19  0.07  0.05  0.04  0.04  0.04  0.04  0.04
 1 -20  0.03  0.09  0.16  0.31  0.62  0.93  1.55  3.11  4.60  5.73  7.84  9.73 10.26 10.00  8.13  6.85  4.04  1.37  0.45  0.34  0.15  0.05  0.04  0.04  0.04  0.04  0.04  0.04
 1 -15  0.03  0.09  0.16  0.31  0.62  0.93  1.56  3.15  4.69  5.88  8.05  9.91 10.41 10.14  8.24  6.95  3.91  1.28  0.39  0.31  0.14  0.05  0.04  0.04  0.04  0.04  0.04  0.03
 1 -10  0.03  0.09  0.15  0.31  0.62  0.93  1.56  3.19  4.80  6.01  8.22 10.14 10.63 10.30  8.37  7.06  3.79  1.21  0.34  0.27  0.09  0.04  0.03  0.03  0.03  0.04  0.04  0.03
 1  -5  0.03  0.09  0.15  0.31  0.62  0.93  1.57  3.21  4.83  6.05  8.19 10.11 10.55 10.17  8.25  6.96  3.67  1.15  0.32  0.26  0.07  0.04  0.03  0.03  0.03  0.03  0.03  0.03
 1   0  0.03  0.10  0.17  0.33  0.66  0.98  1.62  3.18  4.84  6.07  8.19 10.02 10.43 10.04  8.13  6.86  3.56  1.11  0.30  0.25  0.06  0.03  0.03  0.03  0.03  0.04  0.03  0.03
 1   5  0.03  0.10  0.17  0.33  0.66  0.98  1.62  3.18  4.81  6.04  8.05  9.77 10.16  9.76  7.97  6.79  3.70  1.22  0.36  0.29  0.06  0.04  0.03  0.03  0.03  0.04  0.04  0.04
 1  10  0.03  0.10  0.17  0.33  0.66  0.99  1.63  3.17  4.82  6.02  7.99  9.54  9.87  9.49  7.84  6.74  3.86  1.33  0.42  0.32  0.06  0.04  0.04  0.04  0.04  0.04  0.04  0.04
 1  15  0.03  0.10  0.17  0.33  0.67  0.99  1.64  3.19  4.81  6.01  7.93  9.27  9.48  9.08  7.56  6.50  3.88  1.40  0.42  0.32  0.07  0.04  0.04  0.04  0.04  0.04  0.05  0.04
 1  20  0.03  0.10  0.17  0.34  0.68  1.02  1.66  3.18  4.81  5.99  7.82  8.99  9.07  8.64  7.26  6.30  3.91  1.44  0.43  0.32  0.13  0.05  0.04  0.04  0.04  0.05  0.05  0.05
 1  25  0.03  0.10  0.17  0.34  0.69  1.02  1.68  3.27  4.90  6.11  7.78  8.67  8.61  8.16  7.16  6.45  4.29  1.70  0.60  0.46  0.21  0.06  0.05  0.05  0.05  0.05  0.05  0.05
 1  30  0.04  0.11  0.18  0.36  0.72  1.07  1.75  3.33  5.01  6.22  7.74  8.36  8.16  7.67  7.04  6.60  4.66  2.00  0.79  0.61  0.30  0.11  0.08  0.06  0.06  0.05  0.05  0.05
 1  35  0.04  0.12  0.19  0.39  0.76  1.13  1.84  3.48  5.19  6.39  7.66  8.07  7.82  7.33  6.85  6.52  5.05  2.49  1.20  0.94  0.51  0.26  0.17  0.09  0.07  0.05  0.05  0.05
 1  40  0.04  0.12  0.21  0.41  0.81  1.20  1.95  3.66  5.40  6.56  7.58  7.79  7.50  7.03  6.68  6.43  5.42  2.97  1.61  1.28  0.73  0.39  0.23  0.13  0.09  0.06  0.05  0.05
 1  45  0.04  0.13  0.21  0.43  0.84  1.25  2.04  3.86  5.56  6.62  7.43  7.55  7.28  6.84  6.62  6.48  5.53  3.27  1.91  1.55  0.96  0.51  0.28  0.17  0.10  0.06  0.05  0.05
 1  50  0.04  0.13  0.22  0.44  0.88  1.30  2.13  4.04  5.63  6.63  7.28  7.32  7.07  6.70  6.58  6.52  5.62  3.57  2.19  1.81  1.18  0.63  0.33  0.19  0.10  0.06  0.05  0.05
 1  55  0.05  0.14  0.23  0.45  0.89  1.32  2.15  4.07  5.43  6.33  6.99  7.18  6.99  6.66  6.36  6.14  5.34  3.58  2.35  1.98  1.36  0.70  0.38  0.22  0.10  0.06  0.05  0.05
 1  60  0.05  0.14  0.23  0.46  0.90  1.34  2.19  4.15  5.44  6.31  6.91  7.12  6.96  6.60  6.18  5.88  5.12  3.63  2.56  2.16  1.52  0.76  0.43  0.24  0.10  0.06  0.05  0.05
 1  65  0.05  0.14  0.23  0.45  0.89  1.32  2.15  4.04  5.30  6.18  6.90  7.29  7.19  6.83  6.31  5.92  4.98  3.63  2.55  2.16  1.51  0.75  0.41  0.23  0.10  0.06  0.05  0.05
 1  70  0.04  0.13  0.22  0.44  0.87  1.29  2.10  3.93  5.18  6.06  6.89  7.43  7.39  7.06  6.44  5.97  4.83  3.62  2.54  2.14  1.51  0.75  0.39  0.23  0.11  0.06  0.05  0.05
 1  75  0.04  0.13  0.21  0.42  0.83  1.23  1.99  3.69  4.88  5.72  6.58  7.08  6.98  6.57  5.96  5.47  4.58  3.55  2.63  2.27  1.70  0.79  0.41  0.24  0.11  0.06  0.05  0.05
 1  80  0.04  0.12  0.21  0.41  0.80  1.19  1.90  3.44  4.58  5.38  6.28  6.72  6.55  6.07  5.46  4.95  4.32  3.47  2.73  2.41  1.89  0.83  0.42  0.25  0.11  0.06  0.05  0.05
 1  85  0.04  0.12  0.21  0.41  0.80  1.18  1.89  3.42  4.56  5.36  6.27  6.73  6.57  6.10  5.49  4.98  4.32  3.47  2.73  2.41  1.89  0.84  0.42  0.25  0.11  0.06  0.05  0.05
 1  90  0.04  0.12  0.21  0.41  0.80  1.17  1.88  3.39  4.51  5.30  6.20  6.75  6.62  6.24  5.64  5.06  4.32  3.45  2.72  2.40  1.89  0.85  0.42  0.25  0.11  0.06  0.05  0.05
 2 -90  0.03  0.09  0.16  0.31  0.61  0.90  1.46  2.72  4.00  4.82  5.75  5.62  5.05  4.26  3.82  3.61  3.34  2.90  2.26  1.94  1.36  0.68  0.42  0.26  0.15  0.04  0.03  0.02
 2 -85  0.03  0.09  0.16  0.31  0.61  0.91  1.47  2.72  4.01  4.86  5.81  5.74  5.19  4.41  3.99  3.76  3.41  2.83  2.14  1.82  1.27  0.62  0.39  0.24  0.14  0.04  0.03  0.02
 2 -80  0.03  0.09  0.16  0.31  0.61  0.91  1.47  2.72  3.98  4.85  5.87  5.81  5.24  4.43  4.00  3.77  3.41  2.82  2.13  1.81  1.26  0.61  0.38  0.24  0.14  0.04  0.03  0.02
 2 -75  0.03  0.09  0.16  0.31  0.61  0.90  1.45  2.68  3.96  4.87  6.04  6.25  5.78  4.95  4.42  4.12  3.62  2.83  2.12  1.79  1.22  0.58  0.37  0.23  0.12  0.04  0.03  0.02
 2 -70  0.03  0.09  0.15  0.31  0.60  0.89  1.44  2.66  3.95  4.92  6.25  6.71  6.34  5.48  4.86  4.47  3.81  2.84  2.11  1.77  1.19  0.56  0.36  0.22  0.11  0.04  0.03  0.02
 2 -65  0.03  0.09  0.16  0.31  0.61  0.90  1.46  2.70  4.01  5.02  6.50  7.22  6.99  6.15  5.41  4.93  4.07  2.82  2.00  1.66  1.11  0.53  0.34  0.20  0.09  0.05  0.03  0.02
 2 -60  0.03  0.10  0.16  0.31  0.62  0.92  1.48  2.73  4.06  5.09  6.71  7.70  7.61  6.83  5.96  5.40  4.33  2.79  1.90  1.56  1.03  0.49  0.32  0.19  0.09  0.05  0.03  0.03
 2 -55  0.03  0.10  0.17  0.33  0.65  0.95  1.54  2.82  4.18  5.19  6.83  8.01  8.08  7.51  6.55  5.90  4.29  2.60  1.62  1.32  0.82  0.40  0.25  0.15  0.08  0.05  0.03  0.03
 2 -50  0.03  0.10  0.17  0.33  0.65  0.96  1.55  2.84  4.17  5.15  6.87  8.32  8.59  8.06  7.05  6.37  4.22  2.37  1.26  1.01  0.59  0.30  0.18  0.09  0.06  0.04  0.04  0.03
 2 -45  0.03  0.10  0.16  0.33  0.65  0.96  1.56  2.93  4.26  5.27  7.02  8.56  8.93  8.50  7.32  6.51  4.24  2.25  1.18  0.93  0.51  0.25  0.12  0.07  0.05  0.04  0.04  0.03
 2 -40  0.03  0.10  0.16  0.33  0.65  0.96  1.57  3.01  4.34  5.36  7.15  8.79  9.26  8.93  7.57  6.65  4.26  2.12  1.09  0.84  0.43  0.20  0.09  0.06  0.05  0.04  0.04  0.03
 2 -35  0.03  0.10  0.16  0.33  0.65  0.96  1.58  3.04  4.44  5.48  7.32  9.01  9.51  9.19  7.75  6.75  4.18  1.87  0.88  0.67  0.32  0.12  0.07  0.05  0.05  0.04  0.04  0.03
 2 -30  0.03  0.10  0.16  0.33  0.65  0.97  1.59  3.09  4.50  5.56  7.46  9.21  9.75  9.48  7.92  6.84  4.09  1.63  0.67  0.51  0.23  0.08  0.06  0.05  0.04  0.04  0.04  0.03
 2 -25  0.03  0.10  0.16  0.32  0.64  0.96  1.58  3.09  4.52  5.59  7.55  9.43 10.05  9.83  8.06  6.83  3.99  1.49  0.55  0.41  0.18  0.06  0.04  0.04  0.04  0.04  0.04  0.03
 2 -20  0.03  0.09  0.16  0.31  0.62  0.94  1.56  3.10  4.54  5.61  7.66  9.67 10.32 10.13  8.17  6.83  3.89  1.36  0.43  0.32  0.14  0.05  0.04  0.04  0.04  0.04  0.04  0.03
 2 -15  0.03  0.09  0.15  0.31  0.62  0.92  1.54  3.07  4.52  5.63  7.76  9.86 10.54 10.36  8.33  6.94  3.83  1.24  0.39  0.30  0.13  0.04  0.03  0.03  0.03  0.04  0.04  0.03
 2 -10  0.03  0.09  0.15  0.30  0.60  0.90  1.51  3.04  4.51  5.62  7.83 10.09 10.82 10.59  8.50  7.07  3.77  1.13  0.35  0.28  0.08  0.04  0.03  0.03  0.03  0.03  0.03  0.03
 2  -5  0.03  0.09  0.15  0.30  0.60  0.90  1.50  3.04  4.49  5.60  7.78 10.11 10.82 10.52  8.26  6.71  3.65  1.11  0.34  0.28  0.07  0.04  0.03  0.03  0.03  0.03  0.03  0.03
 2   0  0.03  0.10  0.16  0.32  0.64  0.95  1.55  2.97  4.45  5.56  7.73 10.03 10.72 10.40  7.99  6.34  3.53  1.11  0.34  0.28  0.06  0.04  0.03  0.03  0.03  0.04  0.04  0.03
 2   5  0.03  0.10  0.16  0.32  0.63  0.94  1.55  3.00  4.48  5.60  7.70  9.86 10.50 10.14  7.99  6.55  3.65  1.22  0.40  0.32  0.06  0.04  0.03  0.03  0.03  0.04  0.04  0.04
 2  10  0.03  0.10  0.16  0.32  0.63  0.94  1.56  3.03  4.55  5.68  7.73  9.72 10.27  9.91  8.02  6.77  3.80  1.34  0.47  0.35  0.06  0.04  0.04  0.04  0.04  0.04  0.05  0.04
 2  15  0.03  0.10  0.16  0.32  0.64  0.95  1.57  3.07  4.58  5.72  7.71  9.49  9.94  9.56  7.90  6.77  3.97  1.44  0.49  0.37  0.07  0.04  0.04  0.04  0.04  0.05  0.05  0.05
 2  20  0.03  0.10  0.17  0.33  0.66  0.98  1.61  3.09  4.63  5.75  7.67  9.24  9.56  9.19  7.76  6.79  4.15  1.52  0.51  0.38  0.09  0.05  0.04  0.04  0.05  0.05  0.05  0.05
 2  25  0.03  0.10  0.17  0.34  0.67  1.00  1.64  3.18  4.74  5.91  7.74  8.99  9.13  8.71  7.52  6.70  4.46  1.71  0.66  0.50  0.21  0.07  0.06  0.05  0.05  0.05  0.05  0.05
 2  30  0.04  0.11  0.18  0.36  0.70  1.04  1.71  3.24  4.87  6.06  7.78  8.74  8.69  8.19  7.24  6.60  4.75  1.98  0.83  0.63  0.29  0.18  0.09  0.07  0.06  0.05  0.05  0.05
 2  35  0.04  0.11  0.19  0.37  0.74  1.10  1.79  3.36  5.06  6.30  7.83  8.49  8.30  7.76  7.02  6.55  5.07  2.56  1.25  0.98  0.52  0.34  0.23  0.11  0.08  0.06  0.05  0.05
 2  40  0.04  0.12  0.20  0.40  0.78  1.16  1.88  3.50  5.31  6.58  7.89  8.22  7.91  7.37  6.83  6.49  5.38  3.15  1.68  1.34  0.77  0.50  0.31  0.16  0.10  0.06  0.05  0.05
 2  45  0.04  0.12  0.21  0.41  0.81  1.21  1.97  3.71  5.55  6.78  7.82  7.99  7.67  7.12  6.70  6.45  5.51  3.46  2.03  1.66  1.03  0.62  0.36  0.21  0.10  0.06  0.05  0.05
 2  50  0.04  0.13  0.21  0.43  0.84  1.25  2.05  3.92  5.74  6.93  7.77  7.77  7.44  6.93  6.59  6.41  5.64  3.77  2.37  1.97  1.30  0.73  0.41  0.23  0.11  0.06  0.06  0.05
 2  55  0.04  0.13  0.22  0.44  0.88  1.31  2.13  4.05  5.74  6.85  7.58  7.60  7.28  6.83  6.45  6.22  5.61  3.86  2.52  2.12  1.46  0.78  0.45  0.25  0.12  0.07  0.06  0.05
 2  60  0.05  0.14  0.23  0.47  0.92  1.37  2.24  4.26  5.96  7.04  7.61  7.52  7.18  6.71  6.37  6.15  5.65  4.00  2.72  2.30  1.61  0.82  0.49  0.27  0.12  0.07  0.06  0.05
 2  65  0.05  0.14  0.24  0.47  0.93  1.38  2.25  4.24  5.79  6.79  7.37  7.43  7.19  6.80  6.39  6.12  5.51  3.90  2.80  2.38  1.71  0.87  0.47  0.27  0.12  0.07  0.06  0.05
 2  70  0.05  0.14  0.24  0.47  0.93  1.38  2.24  4.20  5.61  6.53  7.13  7.33  7.20  6.88  6.41  6.08  5.37  3.79  2.86  2.45  1.80  0.91  0.46  0.28  0.12  0.07  0.06  0.05
 2  75  0.05  0.14  0.23  0.46  0.92  1.36  2.21  4.12  5.33  6.13  6.98  7.52  7.51  7.20  6.64  6.23  5.39  3.74  2.90  2.49  1.83  0.94  0.48  0.28  0.13  0.07  0.06  0.05
 2  80  0.05  0.14  0.23  0.46  0.91  1.34  2.17  4.03  5.05  5.73  6.84  7.69  7.81  7.52  6.87  6.38  5.40  3.67  2.93  2.52  1.86  0.98  0.50  0.28  0.14  0.07  0.06  0.05
 2  85  0.05  0.14  0.23  0.46  0.90  1.33  2.16  4.00  5.01  5.69  6.80  7.69  7.82  7.54  6.90  6.40  5.41  3.67  2.93  2.52  1.86  0.98  0.50  0.28  0.14  0.07  0.06  0.05
 2  90  0.05  0.14  0.23  0.45  0.89  1.31  2.12  3.92  4.95  5.65  6.81  7.80  7.96  7.67  7.06  6.55  5.47  3.65  2.94  2.54  1.88  1.01  0.51  0.28  0.14  0.07  0.06  0.05
 3 -90  0.05  0.14  0.23  0.46  0.90  1.32  2.12  3.84  4.95  5.61  5.61  5.22  4.81  4.29  3.77  3.43  3.34  2.69  2.18  1.88  1.32  0.65  0.38  0.23  0.11  0.04  0.03  0.02
 3 -85  0.05  0.14  0.23  0.46  0.91  1.34  2.15  3.90  5.09  5.81  5.86  5.42  4.97  4.41  3.87  3.53  3.44  2.71  2.13  1.82  1.27  0.61  0.35  0.21  0.11  0.04  0.03  0.02
 3 -80  0.05  0.14  0.23  0.46  0.91  1.33  2.14  3.88  5.14  5.91  5.96  5.47  4.99  4.40  3.85  3.51  3.45  2.73  2.12  1.80  1.26  0.60  0.35  0.21  0.11  0.04  0.03  0.02
 3 -75  0.04  0.13  0.22  0.44  0.86  1.27  2.05  3.71  5.18  6.12  6.51  6.06  5.51  4.80  4.17  3.77  3.55  2.75  2.10  1.76  1.21  0.58  0.34  0.20  0.10  0.04  0.03  0.02
 3 -70  0.04  0.13  0.21  0.42  0.82  1.21  1.94  3.53  5.18  6.29  7.05  6.66  6.02  5.21  4.49  4.03  3.65  2.77  2.08  1.73  1.16  0.56  0.33  0.19  0.10  0.04  0.03  0.02
 3 -65  0.04  0.12  0.20  0.40  0.79  1.17  1.88  3.42  5.12  6.31  7.34  7.19  6.61  5.77  5.09  4.66  3.86  2.77  1.96  1.63  1.08  0.53  0.31  0.18  0.09  0.05  0.03  0.03
 3 -60  0.04  0.12  0.20  0.39  0.76  1.13  1.82  3.32  5.04  6.29  7.60  7.72  7.22  6.34  5.70  5.29  4.08  2.76  1.84  1.52  1.00  0.49  0.29  0.17  0.09  0.05  0.03  0.03
 3 -55  0.04  0.12  0.19  0.39  0.76  1.12  1.81  3.30  5.01  6.24  7.67  8.07  7.71  6.97  6.25  5.80  4.31  2.65  1.62  1.32  0.83  0.40  0.23  0.14  0.07  0.04  0.04  0.03
 3 -50  0.04  0.12  0.19  0.38  0.74  1.10  1.76  3.20  4.83  6.02  7.64  8.42  8.25  7.47  6.72  6.26  4.50  2.49  1.31  1.06  0.65  0.30  0.17  0.08  0.06  0.04  0.04  0.03
 3 -45  0.04  0.11  0.18  0.37  0.72  1.07  1.73  3.20  4.80  5.97  7.68  8.65  8.63  7.96  6.86  6.15  4.34  2.34  1.19  0.95  0.56  0.25  0.11  0.07  0.05  0.04  0.04  0.03
 3 -40  0.04  0.11  0.18  0.36  0.71  1.05  1.70  3.19  4.75  5.91  7.68  8.87  8.99  8.46  7.03  6.07  4.16  2.18  1.07  0.85  0.48  0.20  0.09  0.06  0.05  0.04  0.04  0.03
 3 -35  0.04  0.11  0.18  0.35  0.69  1.03  1.67  3.18  4.74  5.90  7.72  9.06  9.30  8.87  7.56  6.65  4.18  1.94  0.85  0.67  0.34  0.14  0.07  0.05  0.04  0.04  0.04  0.03
 3 -30  0.03  0.10  0.17  0.34  0.68  1.01  1.66  3.17  4.72  5.87  7.74  9.23  9.60  9.29  8.07  7.21  4.20  1.71  0.65  0.49  0.22  0.09  0.05  0.04  0.04  0.04  0.04  0.04
 3 -25  0.03  0.10  0.17  0.33  0.66  0.99  1.62  3.12  4.63  5.74  7.64  9.36  9.89  9.70  8.27  7.24  4.07  1.46  0.50  0.37  0.15  0.06  0.04  0.04  0.04  0.04  0.04  0.03
 3 -20  0.03  0.10  0.16  0.32  0.64  0.96  1.58  3.09  4.53  5.59  7.57  9.51 10.17 10.05  8.42  7.27  3.96  1.21  0.36  0.27  0.10  0.05  0.04  0.03  0.04  0.04  0.04  0.03
 3 -15  0.03  0.09  0.16  0.31  0.63  0.94  1.55  3.04  4.40  5.44  7.42  9.56 10.39 10.38  8.48  7.14  3.90  1.18  0.35  0.27  0.11  0.04  0.03  0.03  0.03  0.04  0.04  0.03
 3 -10  0.03  0.09  0.15  0.31  0.61  0.92  1.52  2.98  4.29  5.26  7.26  9.66 10.65 10.69  8.54  7.03  3.85  1.15  0.35  0.27  0.11  0.03  0.03  0.03  0.03  0.03  0.03  0.03
 3  -5  0.03  0.09  0.15  0.30  0.61  0.91  1.50  2.97  4.23  5.18  7.14  9.65 10.69 10.70  8.48  6.94  3.80  1.13  0.34  0.27  0.06  0.03  0.03  0.03  0.03  0.03  0.03  0.02
 3   0  0.03  0.10  0.16  0.32  0.63  0.94  1.54  2.90  4.16  5.08  7.03  9.53 10.61 10.65  8.39  6.83  3.76  1.14  0.35  0.27  0.13  0.03  0.03  0.03  0.03  0.03  0.03  0.03
 3   5  0.03  0.10  0.16  0.32  0.63  0.94  1.54  2.95  4.22  5.20  7.12  9.52 10.50 10.44  8.34  6.92  3.83  1.23  0.40  0.31  0.06  0.04  0.03  0.03  0.03  0.04  0.04  0.03
 3  10  0.03  0.09  0.16  0.31  0.63  0.93  1.54  2.99  4.35  5.37  7.29  9.53 10.38 10.27  8.32  7.02  3.92  1.32  0.44  0.34  0.06  0.04  0.03  0.03  0.04  0.04  0.05  0.04
 3  15  0.03  0.10  0.16  0.32  0.63  0.94  1.56  3.05  4.42  5.47  7.37  9.42 10.13  9.94  8.06  6.80  4.00  1.37  0.45  0.35  0.07  0.04  0.04  0.04  0.04  0.05  0.05  0.05
 3  20  0.03  0.10  0.17  0.33  0.66  0.98  1.61  3.09  4.52  5.59  7.48  9.29  9.82  9.58  7.79  6.59  4.08  1.42  0.46  0.35  0.15  0.05  0.05  0.05  0.05  0.05  0.05  0.05
 3  25  0.03  0.10  0.17  0.33  0.67  0.99  1.63  3.14  4.63  5.75  7.63  9.16  9.50  9.17  7.63  6.62  4.36  1.73  0.64  0.50  0.25  0.08  0.07  0.06  0.06  0.06  0.05  0.05
 3  30  0.03  0.10  0.17  0.35  0.69  1.02  1.67  3.18  4.74  5.90  7.76  9.04  9.17  8.73  7.46  6.64  4.63  2.10  0.85  0.68  0.36  0.21  0.11  0.08  0.07  0.06  0.05  0.05
 3  35  0.04  0.11  0.18  0.36  0.71  1.05  1.71  3.22  4.87  6.10  7.92  8.93  8.86  8.32  7.27  6.61  4.79  2.59  1.27  1.04  0.63  0.37  0.25  0.12  0.08  0.06  0.05  0.05
 3  40  0.04  0.11  0.19  0.37  0.74  1.09  1.76  3.27  5.05  6.35  8.12  8.81  8.56  7.93  7.11  6.58  4.94  3.08  1.70  1.41  0.90  0.54  0.34  0.16  0.10  0.06  0.06  0.05
 3  45  0.04  0.11  0.19  0.38  0.75  1.11  1.80  3.39  5.24  6.57  8.16  8.61  8.28  7.61  6.88  6.42  5.19  3.39  2.03  1.69  1.13  0.68  0.40  0.23  0.11  0.07  0.06  0.05
 3  50  0.04  0.12  0.19  0.38  0.76  1.13  1.84  3.51  5.41  6.75  8.20  8.44  8.03  7.35  6.67  6.26  5.43  3.70  2.34  1.96  1.34  0.80  0.46  0.26  0.13  0.07  0.06  0.05
 3  55  0.04  0.12  0.20  0.40  0.79  1.17  1.91  3.60  5.48  6.79  8.07  8.23  7.79  7.14  6.53  6.15  5.46  3.85  2.53  2.14  1.50  0.88  0.51  0.28  0.13  0.07  0.06  0.05
 3  60  0.04  0.13  0.21  0.42  0.83  1.23  2.01  3.79  5.77  7.09  8.16  8.12  7.61  6.90  6.44  6.16  5.57  4.06  2.78  2.35  1.64  0.94  0.56  0.31  0.14  0.07  0.06  0.05
 3  65  0.04  0.13  0.22  0.43  0.86  1.27  2.08  3.92  5.78  7.01  7.93  7.89  7.41  6.76  6.29  6.02  5.47  4.10  2.90  2.48  1.79  1.00  0.59  0.33  0.14  0.07  0.06  0.06
 3  70  0.05  0.14  0.23  0.45  0.89  1.31  2.14  4.03  5.78  6.91  7.70  7.65  7.21  6.62  6.16  5.89  5.39  4.15  3.01  2.60  1.94  1.05  0.62  0.36  0.14  0.07  0.06  0.06
 3  75  0.05  0.14  0.23  0.45  0.89  1.32  2.15  4.04  5.63  6.67  7.45  7.57  7.26  6.76  6.14  5.76  5.33  4.20  3.07  2.65  1.98  1.09  0.62  0.35  0.15  0.07  0.06  0.06
 3  80  0.05  0.14  0.23  0.45  0.89  1.32  2.15  4.03  5.46  6.41  7.18  7.48  7.30  6.89  6.12  5.62  5.26  4.23  3.12  2.70  2.02  1.12  0.61  0.35  0.14  0.08  0.06  0.06
 3  85  0.05  0.14  0.23  0.45  0.89  1.32  2.14  4.00  5.41  6.36  7.13  7.45  7.29  6.90  6.12  5.64  5.28  4.25  3.13  2.71  2.02  1.12  0.61  0.35  0.14  0.08  0.06  0.06
 3  90  0.04  0.13  0.22  0.44  0.88  1.30  2.11  3.93  5.25  6.16  6.95  7.41  7.38  7.06  6.29  5.79  5.41  4.33  3.19  2.76  2.07  1.16  0.63  0.35  0.14  0.08  0.06  0.06
 4 -90  0.06  0.17  0.29  0.56  1.10  1.60  2.52  4.28  5.02  5.46  5.61  5.28  4.84  4.23  3.59  3.23  2.90  2.85  2.22  1.88  1.27  0.59  0.34  0.19  0.09  0.04  0.03  0.03
 4 -85  0.06  0.18  0.29  0.58  1.13  1.65  2.60  4.44  5.25  5.73  5.89  5.52  5.03  4.36  3.69  3.31  3.00  2.88  2.20  1.84  1.23  0.56  0.33  0.19  0.10  0.04  0.03  0.03
 4 -80  0.06  0.18  0.30  0.59  1.15  1.68  2.64  4.52  5.34  5.82  5.95  5.54  5.03  4.36  3.68  3.31  3.00  2.89  2.20  1.83  1.23  0.56  0.33  0.19  0.10  0.04  0.03  0.03
 4 -75  0.06  0.18  0.29  0.58  1.13  1.65  2.62  4.55  5.73  6.46  6.57  6.03  5.46  4.74  4.08  3.72  3.38  2.90  2.16  1.81  1.22  0.54  0.32  0.19  0.09  0.04  0.03  0.03
 4 -70  0.06  0.17  0.28  0.56  1.10  1.61  2.57  4.53  6.07  7.07  7.16  6.50  5.88  5.13  4.50  4.14  3.75  2.90  2.13  1.78  1.22  0.53  0.31  0.18  0.08  0.04  0.03  0.03
 4 -65  0.05  0.16  0.27  0.54  1.06  1.55  2.48  4.43  6.16  7.27  7.55  6.97  6.37  5.63  5.06  4.70  4.04  2.90  2.02  1.68  1.13  0.50  0.28  0.17  0.08  0.04  0.03  0.03
 4 -60  0.05  0.16  0.26  0.52  1.01  1.49  2.39  4.30  6.20  7.45  7.92  7.43  6.85  6.10  5.59  5.24  4.31  2.89  1.90  1.57  1.04  0.45  0.25  0.15  0.08  0.04  0.03  0.03
 4 -55  0.05  0.15  0.25  0.49  0.96  1.42  2.28  4.13  6.10  7.39  8.07  7.78  7.26  6.59  6.17  5.88  4.57  2.75  1.69  1.37  0.83  0.38  0.20  0.12  0.07  0.04  0.03  0.03
 4 -50  0.05  0.14  0.23  0.46  0.91  1.34  2.15  3.88  5.83  7.16  8.14  8.15  7.70  6.94  6.65  6.46  4.79  2.57  1.39  1.10  0.62  0.30  0.14  0.08  0.05  0.04  0.03  0.03
 4 -45  0.04  0.13  0.22  0.43  0.85  1.26  2.03  3.71  5.61  6.93  8.16  8.42  8.07  7.35  6.71  6.29  4.60  2.39  1.28  1.02  0.57  0.26  0.13  0.06  0.05  0.04  0.03  0.03
 4 -40  0.04  0.12  0.21  0.41  0.81  1.19  1.93  3.53  5.38  6.69  8.17  8.70  8.46  7.79  6.79  6.13  4.39  2.21  1.19  0.94  0.52  0.22  0.10  0.06  0.04  0.04  0.03  0.03
 4 -35  0.04  0.12  0.19  0.39  0.76  1.13  1.84  3.42  5.20  6.49  8.12  8.94  8.87  8.32  7.04  6.16  4.20  1.95  0.99  0.78  0.42  0.18  0.08  0.05  0.04  0.04  0.03  0.03
 4 -30  0.04  0.11  0.19  0.37  0.73  1.09  1.76  3.31  5.01  6.25  8.03  9.17  9.29  8.87  7.32  6.21  4.00  1.71  0.80  0.62  0.32  0.10  0.06  0.04  0.04  0.04  0.04  0.03
 4 -25  0.04  0.11  0.18  0.36  0.71  1.05  1.71  3.23  4.83  6.00  7.81  9.24  9.59  9.36  7.74  6.56  3.99  1.49  0.59  0.45  0.21  0.06  0.04  0.04  0.04  0.04  0.04  0.03
 4 -20  0.03  0.10  0.17  0.34  0.68  1.01  1.65  3.16  4.63  5.71  7.58  9.34  9.90  9.81  8.13  6.90  3.99  1.30  0.39  0.29  0.12  0.04  0.03  0.03  0.03  0.03  0.04  0.03
 4 -15  0.03  0.10  0.17  0.33  0.66  0.99  1.62  3.11  4.49  5.51  7.34  9.27 10.06 10.13  8.35  7.07  3.97  1.20  0.36  0.28  0.11  0.03  0.03  0.03  0.03  0.03  0.03  0.03
 4 -10  0.03  0.10  0.17  0.33  0.65  0.97  1.59  3.05  4.35  5.30  7.10  9.27 10.24 10.44  8.58  7.25  3.95  1.12  0.33  0.26  0.11  0.03  0.03  0.03  0.03  0.03  0.03  0.03
 4  -5  0.03  0.10  0.16  0.33  0.65  0.96  1.58  3.04  4.29  5.21  6.96  9.25 10.30 10.50  8.60  7.27  3.96  1.12  0.32  0.26  0.12  0.03  0.03  0.03  0.03  0.03  0.03  0.02
 4   0  0.03  0.10  0.17  0.33  0.66  0.97  1.59  2.99  4.22  5.10  6.83  9.14 10.24 10.48  8.59  7.27  3.97  1.15  0.32  0.26  0.12  0.03  0.03  0.03  0.03  0.03  0.03  0.03
 4   5  0.03  0.10  0.17  0.33  0.65  0.97  1.58  3.02  4.27  5.22  6.99  9.24 10.21 10.28  8.48  7.23  4.05  1.25  0.49  0.37  0.14  0.03  0.03  0.03  0.03  0.04  0.03  0.03
 4  10  0.03  0.10  0.16  0.32  0.64  0.96  1.57  3.04  4.39  5.39  7.22  9.36 10.18 10.15  8.40  7.20  4.14  1.35  0.64  0.47  0.15  0.04  0.03  0.03  0.03  0.04  0.04  0.04
 4  15  0.03  0.10  0.16  0.32  0.64  0.96  1.58  3.08  4.44  5.48  7.35  9.35 10.04  9.89  8.19  7.03  4.14  1.41  0.67  0.49  0.16  0.04  0.04  0.04  0.04  0.05  0.05  0.04
 4  20  0.03  0.10  0.17  0.33  0.66  0.98  1.61  3.10  4.51  5.58  7.50  9.32  9.84  9.60  7.96  6.86  4.16  1.47  0.70  0.51  0.17  0.05  0.04  0.04  0.05  0.05  0.05  0.05
 4  25  0.03  0.10  0.17  0.33  0.66  0.98  1.61  3.09  4.54  5.64  7.58  9.26  9.66  9.35  7.85  6.86  4.37  1.71  0.80  0.61  0.27  0.09  0.07  0.06  0.06  0.06  0.05  0.05
 4  30  0.03  0.10  0.17  0.34  0.66  0.99  1.62  3.09  4.56  5.68  7.63  9.20  9.47  9.06  7.71  6.84  4.57  2.00  0.93  0.73  0.38  0.18  0.11  0.08  0.07  0.06  0.06  0.05
 4  35  0.03  0.10  0.17  0.34  0.67  0.99  1.62  3.05  4.55  5.69  7.65  9.12  9.26  8.74  7.51  6.74  4.62  2.36  1.26  1.03  0.63  0.39  0.18  0.11  0.08  0.06  0.06  0.05
 4  40  0.03  0.10  0.17  0.34  0.68  1.00  1.62  3.01  4.58  5.74  7.73  9.02  9.03  8.44  7.33  6.65  4.66  2.74  1.60  1.34  0.89  0.56  0.33  0.14  0.09  0.06  0.06  0.05
 4  45  0.03  0.10  0.17  0.34  0.67  0.99  1.62  3.03  4.63  5.83  7.75  8.87  8.79  8.11  7.06  6.42  4.75  3.02  1.88  1.57  1.07  0.67  0.40  0.18  0.11  0.07  0.06  0.05
 4  50  0.03  0.10  0.17  0.33  0.66  0.99  1.61  3.06  4.69  5.90  7.80  8.74  8.57  7.83  6.81  6.18  4.84  3.30  2.13  1.79  1.24  0.77  0.46  0.26  0.12  0.07  0.06  0.05
 4  55  0.03  0.10  0.17  0.34  0.67  0.99  1.62  3.07  4.70  5.93  7.74  8.54  8.29  7.54  6.53  5.91  4.98  3.51  2.32  1.96  1.38  0.83  0.52  0.29  0.14  0.07  0.06  0.05
 4  60  0.04  0.11  0.17  0.35  0.69  1.02  1.67  3.17  4.95  6.23  7.91  8.45  8.07  7.22  6.30  5.73  5.18  3.78  2.55  2.16  1.52  0.88  0.56  0.31  0.15  0.07  0.06  0.05
 4  65  0.04  0.11  0.18  0.35  0.70  1.04  1.70  3.22  4.99  6.23  7.69  8.07  7.67  6.85  6.12  5.68  5.17  3.85  2.72  2.30  1.62  0.98  0.64  0.37  0.15  0.08  0.06  0.05
 4  70  0.04  0.11  0.18  0.36  0.71  1.06  1.72  3.27  5.02  6.21  7.46  7.69  7.26  6.48  5.93  5.64  5.16  3.92  2.89  2.45  1.72  1.08  0.72  0.42  0.19  0.08  0.06  0.05
 4  75  0.04  0.11  0.19  0.37  0.73  1.08  1.77  3.36  5.02  6.11  7.08  7.21  6.81  6.13  5.76  5.59  5.18  4.04  3.00  2.56  1.84  1.13  0.73  0.42  0.18  0.08  0.06  0.05
 4  80  0.04  0.11  0.19  0.38  0.75  1.11  1.82  3.46  5.02  6.00  6.70  6.73  6.36  5.77  5.58  5.52  5.18  4.15  3.11  2.68  1.95  1.19  0.73  0.42  0.17  0.08  0.06  0.05
 4  85  0.04  0.12  0.19  0.38  0.76  1.12  1.83  3.48  5.02  5.97  6.63  6.68  6.34  5.77  5.58  5.53  5.20  4.18  3.13  2.70  1.96  1.19  0.74  0.42  0.17  0.08  0.06  0.05
 4  90  0.04  0.11  0.19  0.38  0.75  1.12  1.82  3.45  4.99  5.92  6.55  6.63  6.36  5.85  5.69  5.65  5.32  4.29  3.22  2.77  2.00  1.21  0.74  0.42  0.17  0.09  0.06  0.05
 5 -90  0.06  0.18  0.30  0.58  1.12  1.62  2.49  3.93  4.78  5.40  5.45  5.24  4.64  3.93  3.64  3.54  3.38  2.78  2.13  1.78  1.17  0.53  0.28  0.15  0.06  0.04  0.03  0.03
 5 -85  0.06  0.18  0.30  0.60  1.15  1.67  2.57  4.08  5.06  5.73  5.77  5.42  4.79  4.04  3.72  3.60  3.46  2.83  2.13  1.77  1.17  0.52  0.29  0.16  0.06  0.04  0.03  0.03
 5 -80  0.06  0.19  0.31  0.61  1.17  1.69  2.61  4.15  5.17  5.87  5.89  5.46  4.79  4.03  3.71  3.60  3.47  2.84  2.13  1.77  1.18  0.53  0.29  0.17  0.06  0.04  0.03  0.03
 5 -75  0.06  0.19  0.31  0.61  1.17  1.70  2.64  4.29  5.50  6.31  6.50  6.09  5.48  4.72  4.19  3.93  3.60  2.75  1.99  1.66  1.11  0.50  0.28  0.16  0.06  0.04  0.03  0.03
 5 -70  0.06  0.18  0.31  0.60  1.17  1.71  2.66  4.44  5.84  6.76  7.07  6.69  6.14  5.39  4.67  4.26  3.74  2.67  1.86  1.55  1.04  0.47  0.26  0.15  0.07  0.04  0.03  0.03
 5 -65  0.06  0.19  0.31  0.62  1.21  1.76  2.79  4.80  6.34  7.32  7.43  6.93  6.40  5.69  5.16  4.87  4.26  2.82  1.88  1.53  0.99  0.48  0.25  0.15  0.07  0.04  0.03  0.03
 5 -60  0.06  0.19  0.32  0.63  1.22  1.80  2.86  5.07  6.74  7.81  7.74  7.15  6.63  5.98  5.66  5.47  4.74  2.95  1.87  1.50  0.92  0.48  0.24  0.14  0.07  0.04  0.03  0.03
 5 -55  0.06  0.18  0.30  0.60  1.17  1.73  2.76  4.94  6.83  7.99  8.04  7.44  6.93  6.36  6.07  5.85  4.85  2.76  1.74  1.39  0.80  0.46  0.22  0.13  0.06  0.04  0.03  0.03
 5 -50  0.06  0.17  0.29  0.57  1.12  1.64  2.62  4.69  6.71  7.98  8.26  7.79  7.28  6.63  6.38  6.18  4.93  2.54  1.52  1.20  0.67  0.44  0.20  0.08  0.05  0.04  0.03  0.03
 5 -45  0.05  0.16  0.26  0.52  1.02  1.50  2.40  4.33  6.36  7.69  8.29  8.05  7.58  6.92  6.49  6.18  4.81  2.43  1.41  1.11  0.61  0.39  0.18  0.07  0.05  0.04  0.03  0.03
 5 -40  0.05  0.14  0.24  0.47  0.93  1.36  2.19  3.97  6.00  7.37  8.36  8.37  7.94  7.24  6.62  6.17  4.67  2.31  1.30  1.01  0.54  0.34  0.16  0.06  0.04  0.04  0.03  0.03
 5 -35  0.04  0.13  0.22  0.43  0.85  1.25  2.02  3.72  5.65  7.00  8.26  8.61  8.32  7.72  7.03  6.53  4.57  2.04  1.04  0.80  0.39  0.25  0.09  0.06  0.04  0.04  0.03  0.03
 5 -30  0.04  0.12  0.20  0.40  0.79  1.16  1.88  3.49  5.30  6.60  8.14  8.84  8.73  8.23  7.45  6.88  4.45  1.78  0.78  0.58  0.26  0.10  0.06  0.05  0.04  0.04  0.03  0.03
 5 -25  0.04  0.12  0.19  0.38  0.75  1.11  1.80  3.36  5.04  6.26  7.89  8.93  9.07  8.75  7.69  6.89  4.30  1.61  0.61  0.46  0.19  0.06  0.04  0.04  0.04  0.04  0.03  0.03
 5 -20  0.04  0.11  0.18  0.37  0.72  1.07  1.74  3.24  4.76  5.87  7.62  9.03  9.42  9.24  7.91  6.91  4.17  1.46  0.46  0.34  0.13  0.04  0.03  0.03  0.03  0.03  0.03  0.03
 5 -15  0.04  0.11  0.18  0.36  0.70  1.04  1.70  3.20  4.65  5.70  7.41  8.99  9.60  9.60  8.18  7.14  4.15  1.34  0.38  0.29  0.12  0.04  0.03  0.03  0.03  0.03  0.03  0.03
 5 -10  0.04  0.11  0.18  0.35  0.70  1.03  1.68  3.15  4.53  5.51  7.20  9.01  9.79  9.94  8.46  7.38  4.15  1.21  0.31  0.24  0.10  0.03  0.03  0.03  0.03  0.03  0.03  0.03
 5  -5  0.04  0.11  0.18  0.35  0.69  1.03  1.67  3.14  4.50  5.46  7.12  9.05  9.91 10.06  8.38  7.17  3.94  1.04  0.27  0.22  0.10  0.03  0.03  0.03  0.03  0.03  0.03  0.03
 5   0  0.03  0.10  0.17  0.34  0.68  1.01  1.65  3.13  4.45  5.40  7.06  9.04  9.94 10.11  8.26  6.96  3.73  0.89  0.23  0.19  0.10  0.03  0.03  0.03  0.03  0.03  0.03  0.03
 5   5  0.03  0.10  0.17  0.34  0.68  1.01  1.64  3.12  4.46  5.46  7.19  9.17  9.98 10.04  8.35  7.16  4.02  1.15  0.40  0.33  0.16  0.03  0.03  0.03  0.03  0.03  0.03  0.03
 5  10  0.03  0.10  0.17  0.33  0.66  0.99  1.62  3.12  4.53  5.56  7.37  9.32 10.04 10.03  8.46  7.36  4.31  1.41  0.57  0.45  0.22  0.03  0.03  0.03  0.03  0.04  0.04  0.03
 5  15  0.03  0.10  0.17  0.33  0.66  0.98  1.61  3.12  4.52  5.56  7.42  9.33  9.98  9.85  8.34  7.29  4.23  1.49  0.61  0.48  0.24  0.04  0.04  0.04  0.04  0.05  0.05  0.04
 5  20  0.03  0.10  0.17  0.34  0.67  0.99  1.62  3.10  4.52  5.57  7.50  9.33  9.86  9.63  8.20  7.21  4.16  1.58  0.65  0.51  0.26  0.06  0.05  0.05  0.05  0.05  0.05  0.04
 5  25  0.03  0.10  0.17  0.33  0.66  0.98  1.60  3.06  4.48  5.53  7.46  9.24  9.72  9.45  8.05  7.11  4.40  1.78  0.77  0.62  0.33  0.10  0.06  0.06  0.05  0.05  0.05  0.05
 5  30  0.03  0.10  0.16  0.33  0.65  0.96  1.58  3.03  4.43  5.50  7.42  9.15  9.56  9.25  7.89  7.00  4.64  2.00  0.91  0.73  0.42  0.16  0.09  0.07  0.06  0.06  0.05  0.05
 5  35  0.03  0.10  0.16  0.33  0.65  0.96  1.57  2.97  4.36  5.41  7.33  9.02  9.36  8.98  7.67  6.84  4.67  2.28  1.16  0.96  0.61  0.34  0.14  0.09  0.07  0.06  0.05  0.05
 5  40  0.03  0.10  0.16  0.33  0.65  0.96  1.56  2.91  4.32  5.38  7.30  8.88  9.16  8.72  7.46  6.68  4.70  2.57  1.41  1.19  0.80  0.49  0.22  0.12  0.08  0.06  0.06  0.05
 5  45  0.03  0.10  0.16  0.32  0.63  0.94  1.53  2.88  4.27  5.32  7.18  8.70  8.94  8.42  7.18  6.42  4.67  2.77  1.66  1.40  0.96  0.60  0.36  0.15  0.09  0.07  0.06  0.05
 5  50  0.03  0.09  0.15  0.31  0.61  0.91  1.49  2.85  4.23  5.26  7.10  8.54  8.71  8.12  6.90  6.16  4.65  2.97  1.90  1.60  1.12  0.71  0.43  0.18  0.11  0.07  0.06  0.05
 5  55  0.03  0.09  0.15  0.30  0.60  0.89  1.46  2.79  4.12  5.14  6.98  8.33  8.41  7.77  6.59  5.87  4.66  3.13  2.03  1.70  1.20  0.76  0.49  0.28  0.12  0.07  0.06  0.05
 5  60  0.03  0.09  0.15  0.30  0.60  0.90  1.47  2.81  4.25  5.31  7.08  8.21  8.15  7.38  6.31  5.68  4.73  3.33  2.21  1.85  1.27  0.80  0.54  0.31  0.14  0.08  0.06  0.05
 5  65  0.03  0.09  0.15  0.30  0.59  0.88  1.44  2.76  4.17  5.20  6.85  7.78  7.62  6.82  5.81  5.20  4.46  3.36  2.35  1.98  1.39  0.87  0.60  0.36  0.15  0.08  0.06  0.05
 5  70  0.03  0.09  0.15  0.29  0.58  0.87  1.42  2.71  4.08  5.08  6.62  7.36  7.10  6.26  5.29  4.73  4.18  3.39  2.49  2.11  1.51  0.94  0.67  0.42  0.24  0.08  0.06  0.05
 5  75  0.03  0.09  0.15  0.29  0.58  0.87  1.42  2.71  4.13  5.16  6.59  7.07  6.65  5.78  5.06  4.67  4.32  3.50  2.54  2.16  1.54  0.97  0.67  0.42  0.23  0.08  0.06  0.05
 5  80  0.03  0.09  0.15  0.29  0.58  0.86  1.41  2.69  4.17  5.23  6.58  6.78  6.21  5.30  4.83  4.62  4.45  3.61  2.60  2.21  1.59  0.99  0.67  0.42  0.23  0.08  0.06  0.05
 5  85  0.03  0.09  0.15  0.29  0.57  0.85  1.40  2.66  4.14  5.22  6.55  6.74  6.17  5.27  4.81  4.61  4.47  3.64  2.62  2.23  1.60  1.00  0.68  0.42  0.23  0.09  0.07  0.05
 5  90  0.03  0.09  0.14  0.28  0.56  0.83  1.36  2.59  4.04  5.12  6.48  6.68  6.13  5.24  4.74  4.55  4.48  3.71  2.66  2.25  1.58  0.99  0.68  0.43  0.23  0.10  0.07  0.05
 6 -90  0.06  0.18  0.29  0.57  1.10  1.58  2.39  3.60  4.68  5.47  5.48  5.55  5.31  4.75  4.28  4.05  3.43  2.81  2.07  1.74  1.19  0.47  0.20  0.09  0.05  0.04  0.03  0.03
 6 -85  0.06  0.18  0.30  0.59  1.13  1.62  2.46  3.73  4.93  5.78  5.85  5.74  5.42  4.86  4.39  4.12  3.50  2.86  2.09  1.75  1.19  0.46  0.21  0.09  0.06  0.04  0.03  0.03
 6 -80  0.06  0.18  0.30  0.59  1.13  1.63  2.48  3.76  4.99  5.86  5.96  5.84  5.47  4.87  4.39  4.12  3.51  2.87  2.09  1.75  1.19  0.46  0.21  0.10  0.06  0.04  0.03  0.03
 6 -75  0.06  0.18  0.30  0.60  1.15  1.66  2.54  3.95  5.22  6.13  6.44  6.41  6.02  5.36  4.70  4.32  3.68  2.87  2.06  1.72  1.18  0.46  0.21  0.10  0.06  0.04  0.03  0.03
 6 -70  0.06  0.19  0.31  0.61  1.17  1.70  2.62  4.21  5.56  6.51  6.96  6.91  6.50  5.81  5.00  4.51  3.87  2.89  2.04  1.71  1.18  0.45  0.20  0.10  0.06  0.04  0.03  0.03
 6 -65  0.06  0.19  0.31  0.62  1.20  1.75  2.72  4.52  5.99  6.99  7.24  6.98  6.54  5.88  5.30  4.96  4.28  3.00  2.05  1.71  1.16  0.49  0.24  0.10  0.06  0.04  0.03  0.03
 6 -60  0.06  0.19  0.32  0.62  1.22  1.77  2.79  4.77  6.34  7.38  7.43  6.98  6.53  5.91  5.57  5.38  4.65  3.08  2.05  1.69  1.13  0.53  0.28  0.10  0.06  0.04  0.03  0.03
 6 -55  0.06  0.19  0.31  0.61  1.20  1.76  2.80  4.94  6.74  7.88  7.78  7.17  6.69  6.19  5.95  5.77  4.80  2.92  1.88  1.55  1.00  0.51  0.29  0.10  0.06  0.04  0.03  0.03
 6 -50  0.06  0.18  0.31  0.61  1.19  1.74  2.78  4.93  6.89  8.14  8.05  7.40  6.93  6.39  6.26  6.13  4.92  2.72  1.63  1.33  0.86  0.48  0.30  0.09  0.05  0.04  0.03  0.03
 6 -45  0.06  0.17  0.28  0.55  1.08  1.59  2.54  4.53  6.54  7.85  8.20  7.77  7.28  6.68  6.34  6.08  4.84  2.60  1.51  1.24  0.80  0.44  0.27  0.08  0.05  0.04  0.03  0.03
 6 -40  0.05  0.15  0.25  0.49  0.97  1.42  2.29  4.13  6.20  7.58  8.40  8.21  7.71  7.03  6.46  6.02  4.75  2.48  1.40  1.15  0.73  0.40  0.24  0.08  0.05  0.04  0.03  0.03
 6 -35  0.05  0.14  0.23  0.45  0.88  1.30  2.09  3.82  5.76  7.11  8.24  8.42  8.07  7.47  6.83  6.36  4.81  2.22  1.10  0.89  0.53  0.29  0.13  0.07  0.05  0.04  0.03  0.03
 6 -30  0.04  0.12  0.20  0.41  0.80  1.18  1.91  3.51  5.32  6.61  8.07  8.64  8.47  7.95  7.23  6.69  4.86  1.95  0.79  0.63  0.35  0.19  0.08  0.06  0.05  0.04  0.04  0.03
 6 -25  0.04  0.12  0.20  0.39  0.77  1.14  1.84  3.38  5.09  6.32  7.90  8.72  8.73  8.36  7.47  6.81  4.64  1.70  0.61  0.48  0.24  0.07  0.05  0.04  0.04  0.04  0.04  0.03
 6 -20  0.04  0.12  0.19  0.38  0.75  1.11  1.78  3.26  4.84  6.00  7.68  8.81  9.01  8.73  7.70  6.92  4.41  1.49  0.44  0.34  0.14  0.05  0.04  0.03  0.03  0.04  0.04  0.04
 6 -15  0.04  0.11  0.19  0.37  0.73  1.08  1.75  3.26  4.79  5.90  7.57  8.85  9.23  9.07  7.84  6.95  4.20  1.38  0.42  0.32  0.14  0.04  0.03  0.03  0.03  0.04  0.04  0.04
 6 -10  0.04  0.11  0.19  0.37  0.73  1.08  1.74  3.23  4.71  5.78  7.45  8.93  9.45  9.42  8.01  6.99  4.00  1.26  0.39  0.30  0.13  0.04  0.03  0.03  0.03  0.03  0.04  0.03
 6  -5  0.04  0.11  0.19  0.37  0.73  1.07  1.74  3.23  4.70  5.76  7.40  9.03  9.66  9.62  8.20  7.21  4.06  1.19  0.35  0.28  0.14  0.03  0.03  0.03  0.03  0.03  0.03  0.03
 6   0  0.04  0.11  0.18  0.35  0.70  1.04  1.70  3.24  4.69  5.75  7.41  9.10  9.81  9.79  8.37  7.43  4.14  1.15  0.32  0.26  0.14  0.03  0.03  0.03  0.03  0.03  0.03  0.03
 6   5  0.04  0.11  0.18  0.35  0.70  1.04  1.70  3.22  4.67  5.75  7.50  9.22  9.85  9.81  8.41  7.46  4.31  1.30  0.45  0.36  0.19  0.03  0.03  0.03  0.03  0.03  0.03  0.03
 6  10  0.03  0.10  0.17  0.34  0.68  1.02  1.67  3.21  4.70  5.80  7.62  9.36  9.94  9.89  8.47  7.47  4.46  1.46  0.56  0.45  0.23  0.04  0.03  0.03  0.03  0.04  0.04  0.03
 6  15  0.03  0.10  0.17  0.34  0.68  1.01  1.66  3.19  4.67  5.75  7.62  9.36  9.90  9.74  8.28  7.25  4.37  1.53  0.60  0.48  0.25  0.04  0.04  0.04  0.04  0.04  0.04  0.04
 6  20  0.03  0.10  0.17  0.35  0.69  1.02  1.67  3.16  4.62  5.70  7.63  9.36  9.82  9.58  8.07  7.03  4.30  1.62  0.63  0.51  0.27  0.06  0.05  0.05  0.05  0.05  0.05  0.04
 6  25  0.03  0.10  0.17  0.34  0.67  1.00  1.63  3.11  4.55  5.62  7.52  9.24  9.69  9.42  8.07  7.17  4.46  1.76  0.68  0.55  0.30  0.09  0.06  0.05  0.05  0.05  0.05  0.04
 6  30  0.03  0.10  0.17  0.33  0.66  0.98  1.60  3.07  4.48  5.54  7.43  9.13  9.54  9.25  8.07  7.30  4.62  1.91  0.73  0.58  0.33  0.13  0.07  0.06  0.06  0.05  0.05  0.04
 6  35  0.03  0.10  0.16  0.33  0.65  0.96  1.57  2.99  4.36  5.40  7.28  8.94  9.31  8.99  7.77  6.99  4.61  2.17  1.00  0.81  0.48  0.20  0.10  0.07  0.06  0.06  0.05  0.04
 6  40  0.03  0.10  0.16  0.32  0.64  0.95  1.55  2.91  4.29  5.31  7.18  8.74  9.07  8.72  7.47  6.67  4.59  2.45  1.27  1.03  0.64  0.36  0.16  0.10  0.07  0.06  0.05  0.05
 6  45  0.03  0.09  0.16  0.31  0.62  0.92  1.51  2.85  4.18  5.17  6.97  8.51  8.82  8.41  7.18  6.40  4.60  2.61  1.49  1.23  0.80  0.47  0.27  0.13  0.08  0.06  0.06  0.05
 6  50  0.03  0.09  0.15  0.30  0.59  0.88  1.45  2.80  4.08  5.04  6.79  8.29  8.55  8.09  6.88  6.13  4.61  2.77  1.69  1.41  0.96  0.58  0.36  0.15  0.09  0.07  0.06  0.05
 6  55  0.03  0.09  0.14  0.29  0.57  0.85  1.40  2.71  3.91  4.83  6.56  8.01  8.22  7.71  6.56  5.84  4.44  2.86  1.78  1.47  1.01  0.62  0.41  0.17  0.10  0.07  0.06  0.05
 6  60  0.03  0.09  0.14  0.29  0.57  0.85  1.39  2.69  3.97  4.90  6.53  7.80  7.90  7.28  6.26  5.64  4.31  3.00  1.92  1.58  1.05  0.65  0.45  0.26  0.12  0.07  0.06  0.05
 6  65  0.03  0.08  0.14  0.28  0.55  0.82  1.35  2.61  3.85  4.75  6.29  7.41  7.41  6.72  5.70  5.07  4.01  2.99  2.02  1.68  1.15  0.70  0.50  0.30  0.13  0.08  0.06  0.05
 6  70  0.03  0.08  0.13  0.27  0.53  0.79  1.30  2.52  3.73  4.60  6.06  7.04  6.94  6.19  5.15  4.50  3.71  2.99  2.12  1.78  1.24  0.74  0.56  0.33  0.15  0.08  0.06  0.05
 6  75  0.03  0.08  0.13  0.26  0.51  0.76  1.25  2.41  3.66  4.54  6.03  6.86  6.63  5.81  4.89  4.31  3.74  3.03  2.17  1.83  1.29  0.76  0.58  0.35  0.17  0.09  0.06  0.05
 6  80  0.02  0.07  0.12  0.25  0.49  0.73  1.20  2.30  3.58  4.48  6.01  6.69  6.32  5.44  4.62  4.12  3.76  3.06  2.22  1.88  1.35  0.79  0.60  0.37  0.20  0.09  0.06  0.05
 6  85  0.02  0.07  0.12  0.25  0.49  0.72  1.19  2.28  3.55  4.44  5.95  6.64  6.28  5.41  4.60  4.10  3.76  3.06  2.22  1.89  1.35  0.79  0.60  0.37  0.20  0.09  0.07  0.05
 6  90  0.02  0.07  0.12  0.24  0.48  0.72  1.17  2.25  3.45  4.32  5.81  6.52  6.22  5.39  4.54  4.04  3.69  3.04  2.19  1.86  1.33  0.78  0.61  0.38  0.20  0.09  0.07  0.05
 7 -90  0.05  0.16  0.26  0.51  0.97  1.38  2.07  2.94  4.11  4.94  5.32  5.66  5.61  5.14  4.56  4.15  3.69  2.79  2.06  1.70  1.12  0.46  0.19  0.08  0.05  0.03  0.03  0.03
 7 -85  0.05  0.16  0.27  0.53  1.00  1.43  2.15  3.10  4.37  5.26  5.69  5.90  5.76  5.22  4.68  4.28  3.80  2.88  2.10  1.72  1.12  0.45  0.19  0.08  0.05  0.03  0.03  0.03
 7 -80  0.06  0.16  0.27  0.53  1.02  1.45  2.18  3.17  4.45  5.34  5.77  5.98  5.83  5.25  4.70  4.29  3.82  2.90  2.11  1.72  1.12  0.45  0.19  0.08  0.05  0.03  0.03  0.03
 7 -75  0.05  0.16  0.26  0.51  0.98  1.40  2.11  3.10  4.45  5.38  6.00  6.51  6.43  5.82  5.00  4.41  3.75  2.92  2.12  1.74  1.15  0.46  0.20  0.08  0.05  0.03  0.03  0.03
 7 -70  0.05  0.15  0.25  0.49  0.93  1.34  2.04  3.09  4.53  5.52  6.38  7.06  6.98  6.33  5.26  4.52  3.69  2.96  2.15  1.77  1.19  0.47  0.21  0.09  0.05  0.04  0.03  0.03
 7 -65  0.05  0.16  0.26  0.51  0.99  1.43  2.21  3.57  5.13  6.22  6.95  7.22  6.88  6.17  5.48  5.06  4.29  3.12  2.15  1.78  1.22  0.50  0.23  0.10  0.06  0.04  0.03  0.03
 7 -60  0.05  0.16  0.27  0.52  1.02  1.49  2.35  3.99  5.64  6.80  7.36  7.23  6.71  5.97  5.67  5.53  4.81  3.23  2.13  1.78  1.25  0.53  0.28  0.10  0.06  0.04  0.03  0.03
 7 -55  0.05  0.16  0.26  0.51  1.01  1.48  2.36  4.21  6.03  7.25  7.77  7.45  6.88  6.23  6.06  5.96  4.97  3.09  2.00  1.66  1.10  0.51  0.29  0.10  0.06  0.04  0.03  0.03
 7 -50  0.05  0.16  0.26  0.51  1.00  1.48  2.37  4.29  6.21  7.48  8.05  7.68  7.10  6.43  6.43  6.41  5.11  2.90  1.77  1.45  0.94  0.48  0.30  0.09  0.05  0.04  0.03  0.03
 7 -45  0.05  0.15  0.25  0.49  0.96  1.41  2.27  4.10  6.03  7.33  8.16  8.00  7.46  6.79  6.53  6.34  5.08  2.84  1.68  1.37  0.86  0.44  0.27  0.09  0.05  0.04  0.03  0.03
 7 -40  0.05  0.14  0.23  0.46  0.90  1.33  2.14  3.91  5.88  7.21  8.35  8.42  7.93  7.22  6.68  6.27  5.04  2.80  1.59  1.28  0.77  0.39  0.24  0.09  0.05  0.04  0.04  0.03
 7 -35  0.04  0.13  0.22  0.43  0.84  1.25  2.01  3.70  5.58  6.90  8.22  8.57  8.22  7.58  6.84  6.31  4.95  2.54  1.29  1.02  0.58  0.29  0.19  0.09  0.06  0.04  0.04  0.03
 7 -30  0.04  0.12  0.20  0.40  0.79  1.17  1.89  3.49  5.28  6.56  8.09  8.73  8.53  7.97  7.02  6.34  4.86  2.26  1.00  0.77  0.40  0.20  0.09  0.07  0.05  0.04  0.04  0.04
 7 -25  0.04  0.12  0.20  0.39  0.77  1.14  1.84  3.37  5.10  6.36  8.01  8.81  8.72  8.24  7.27  6.57  4.69  1.93  0.76  0.59  0.28  0.07  0.05  0.05  0.04  0.04  0.04  0.04
 7 -20  0.04  0.12  0.20  0.39  0.76  1.12  1.81  3.27  4.91  6.13  7.88  8.89  8.92  8.49  7.47  6.76  4.51  1.64  0.53  0.41  0.18  0.05  0.04  0.04  0.04  0.04  0.04  0.04
 7 -15  0.04  0.11  0.19  0.37  0.74  1.09  1.77  3.27  4.86  6.02  7.78  8.97  9.19  8.85  7.71  6.95  4.21  1.44  0.48  0.37  0.17  0.04  0.04  0.03  0.03  0.04  0.04  0.04
 7 -10  0.04  0.11  0.19  0.37  0.73  1.08  1.75  3.24  4.79  5.91  7.67  9.09  9.49  9.28  8.01  7.16  3.91  1.23  0.43  0.34  0.16  0.04  0.03  0.03  0.03  0.04  0.04  0.04
 7  -5  0.04  0.11  0.19  0.37  0.73  1.08  1.75  3.24  4.78  5.88  7.61  9.19  9.74  9.55  8.06  7.09  3.96  1.19  0.42  0.34  0.17  0.04  0.03  0.03  0.03  0.03  0.04  0.03
 7   0  0.04  0.11  0.18  0.35  0.70  1.04  1.70  3.27  4.77  5.88  7.63  9.30  9.94  9.79  8.12  7.05  4.03  1.17  0.42  0.34  0.18  0.04  0.03  0.03  0.03  0.03  0.03  0.03
 7   5  0.04  0.11  0.18  0.36  0.71  1.05  1.71  3.24  4.75  5.87  7.71  9.39  9.97  9.85  8.31  7.29  4.28  1.37  0.55  0.43  0.21  0.04  0.03  0.03  0.03  0.03  0.03  0.03
 7  10  0.04  0.10  0.17  0.35  0.69  1.03  1.69  3.24  4.78  5.91  7.81  9.52 10.05  9.94  8.51  7.52  4.50  1.58  0.67  0.51  0.23  0.04  0.03  0.03  0.03  0.03  0.03  0.03
 7  15  0.04  0.11  0.18  0.35  0.69  1.03  1.69  3.24  4.76  5.88  7.81  9.48  9.95  9.75  8.35  7.37  4.48  1.64  0.69  0.52  0.23  0.04  0.04  0.04  0.04  0.04  0.04  0.03
 7  20  0.04  0.11  0.18  0.36  0.70  1.05  1.70  3.22  4.73  5.85  7.82  9.46  9.84  9.58  8.20  7.23  4.49  1.71  0.71  0.54  0.24  0.06  0.05  0.05  0.05  0.05  0.04  0.04
 7  25  0.04  0.11  0.18  0.35  0.69  1.03  1.68  3.19  4.70  5.80  7.71  9.31  9.68  9.40  8.04  7.10  4.47  1.86  0.76  0.58  0.26  0.08  0.06  0.05  0.05  0.05  0.05  0.04
 7  30  0.03  0.10  0.17  0.34  0.68  1.01  1.66  3.18  4.65  5.76  7.64  9.18  9.51  9.21  7.88  6.98  4.46  1.99  0.81  0.61  0.27  0.11  0.07  0.06  0.06  0.05  0.05  0.04
 7  35  0.03  0.10  0.17  0.34  0.67  1.00  1.63  3.10  4.53  5.61  7.46  8.96  9.26  8.94  7.66  6.82  4.47  2.14  0.98  0.76  0.38  0.14  0.08  0.06  0.06  0.06  0.05  0.04
 7  40  0.03  0.10  0.17  0.33  0.66  0.98  1.60  3.04  4.46  5.52  7.33  8.74  9.00  8.65  7.43  6.64  4.46  2.30  1.16  0.91  0.50  0.19  0.10  0.08  0.07  0.06  0.05  0.04
 7  45  0.03  0.10  0.16  0.32  0.64  0.95  1.55  2.95  4.32  5.34  7.11  8.50  8.74  8.33  7.13  6.36  4.46  2.43  1.32  1.06  0.64  0.32  0.16  0.10  0.08  0.06  0.05  0.04
 7  50  0.03  0.09  0.15  0.31  0.61  0.91  1.49  2.87  4.19  5.18  6.90  8.25  8.45  7.99  6.81  6.08  4.46  2.57  1.47  1.20  0.78  0.43  0.27  0.13  0.09  0.06  0.05  0.04
 7  55  0.03  0.09  0.15  0.29  0.58  0.87  1.43  2.78  4.01  4.95  6.66  7.98  8.12  7.61  6.42  5.67  4.26  2.62  1.56  1.28  0.87  0.50  0.32  0.16  0.10  0.07  0.06  0.05
 7  60  0.03  0.09  0.14  0.29  0.57  0.86  1.41  2.74  4.05  5.01  6.62  7.78  7.81  7.19  6.06  5.35  4.13  2.73  1.70  1.40  0.95  0.55  0.38  0.18  0.11  0.07  0.06  0.05
 7  65  0.03  0.08  0.14  0.28  0.55  0.82  1.36  2.64  3.91  4.82  6.33  7.34  7.27  6.60  5.47  4.75  3.78  2.75  1.80  1.49  1.03  0.59  0.42  0.25  0.12  0.07  0.06  0.05
 7  70  0.03  0.08  0.13  0.27  0.53  0.79  1.30  2.53  3.75  4.61  6.02  6.89  6.74  6.01  4.88  4.15  3.43  2.76  1.90  1.59  1.12  0.63  0.46  0.28  0.13  0.08  0.06  0.05
 7  75  0.03  0.08  0.13  0.26  0.51  0.76  1.24  2.41  3.66  4.52  5.92  6.63  6.36  5.58  4.60  3.97  3.40  2.81  1.96  1.64  1.15  0.63  0.49  0.29  0.14  0.08  0.06  0.05
 7  80  0.02  0.07  0.12  0.24  0.48  0.72  1.18  2.28  3.56  4.44  5.85  6.39  5.99  5.16  4.32  3.78  3.37  2.85  2.03  1.70  1.19  0.64  0.51  0.31  0.16  0.08  0.06  0.05
 7  85  0.02  0.07  0.12  0.24  0.48  0.71  1.17  2.25  3.53  4.41  5.80  6.33  5.94  5.13  4.31  3.78  3.36  2.85  2.03  1.70  1.19  0.64  0.51  0.31  0.17  0.09  0.06  0.05
 7  90  0.02  0.07  0.12  0.24  0.47  0.71  1.16  2.23  3.43  4.31  5.69  6.19  5.82  5.08  4.26  3.73  3.28  2.79  2.01  1.68  1.16  0.64  0.52  0.32  0.17  0.09  0.06  0.05
 8 -90  0.04  0.13  0.21  0.41  0.79  1.13  1.71  2.53  3.56  4.26  5.22  6.47  6.51  5.90  4.80  3.81  3.09  2.63  1.91  1.58  1.07  0.45  0.16  0.08  0.05  0.04  0.03  0.03
 8 -85  0.04  0.13  0.22  0.43  0.83  1.19  1.80  2.71  3.88  4.67  5.64  6.68  6.69  5.97  4.88  3.96  3.27  2.76  1.98  1.63  1.09  0.45  0.17  0.08  0.05  0.04  0.03  0.03
 8 -80  0.05  0.14  0.22  0.44  0.85  1.21  1.85  2.80  4.04  4.86  5.81  6.76  6.76  6.03  4.94  4.03  3.34  2.82  2.01  1.65  1.10  0.45  0.16  0.07  0.05  0.04  0.03  0.03
 8 -75  0.05  0.14  0.23  0.46  0.88  1.27  1.96  3.12  4.42  5.30  6.15  6.80  6.76  6.16  5.17  4.37  3.60  2.97  2.10  1.73  1.17  0.47  0.16  0.07  0.05  0.04  0.03  0.03
 8 -70  0.05  0.14  0.23  0.46  0.89  1.30  2.03  3.39  4.77  5.71  6.51  6.90  6.78  6.25  5.29  4.64  3.86  3.15  2.22  1.84  1.26  0.51  0.16  0.08  0.05  0.04  0.03  0.03
 8 -65  0.05  0.14  0.23  0.45  0.87  1.27  2.02  3.52  5.02  6.08  7.00  7.29  7.03  6.35  5.59  5.18  4.41  3.39  2.26  1.87  1.26  0.53  0.17  0.08  0.05  0.04  0.03  0.03
 8 -60  0.04  0.13  0.22  0.44  0.86  1.26  2.02  3.64  5.23  6.37  7.35  7.51  7.14  6.37  5.88  5.67  4.85  3.50  2.23  1.84  1.23  0.55  0.29  0.09  0.06  0.04  0.03  0.03
 8 -55  0.04  0.13  0.22  0.43  0.86  1.27  2.06  3.82  5.59  6.79  7.80  7.86  7.43  6.74  6.24  5.96  5.04  3.44  2.15  1.78  1.18  0.54  0.30  0.09  0.06  0.04  0.03  0.03
 8 -50  0.04  0.13  0.22  0.44  0.87  1.28  2.09  3.92  5.79  7.07  8.16  8.24  7.80  7.06  6.60  6.29  5.27  3.36  1.96  1.63  1.10  0.53  0.32  0.10  0.06  0.04  0.04  0.03
 8 -45  0.04  0.13  0.22  0.44  0.87  1.28  2.08  3.86  5.73  7.04  8.24  8.47  8.04  7.32  6.67  6.24  5.20  3.21  1.81  1.50  0.99  0.49  0.30  0.10  0.06  0.04  0.04  0.03
 8 -40  0.04  0.13  0.22  0.43  0.85  1.26  2.04  3.79  5.71  7.03  8.39  8.76  8.40  7.66  6.78  6.18  5.14  3.09  1.69  1.38  0.88  0.44  0.29  0.10  0.06  0.04  0.04  0.04
 8 -35  0.04  0.12  0.21  0.41  0.81  1.20  1.95  3.62  5.48  6.82  8.34  8.88  8.58  7.87  6.89  6.23  5.01  2.77  1.36  1.09  0.66  0.33  0.23  0.10  0.06  0.05  0.04  0.04
 8 -30  0.04  0.12  0.20  0.39  0.77  1.14  1.85  3.46  5.24  6.57  8.26  9.01  8.79  8.11  7.03  6.29  4.87  2.44  1.05  0.82  0.46  0.22  0.10  0.07  0.06  0.05  0.04  0.04
 8 -25  0.04  0.12  0.19  0.39  0.76  1.12  1.81  3.32  5.04  6.34  8.18  9.14  9.03  8.41  7.27  6.49  4.72  2.08  0.76  0.60  0.31  0.08  0.06  0.05  0.05  0.05  0.05  0.04
 8 -20  0.04  0.12  0.19  0.38  0.75  1.10  1.77  3.21  4.84  6.09  8.03  9.24  9.27  8.69  7.47  6.65  4.56  1.74  0.50  0.38  0.17  0.05  0.04  0.04  0.04  0.04  0.04  0.04
 8 -15  0.04  0.11  0.18  0.36  0.72  1.06  1.72  3.19  4.77  5.92  7.85  9.30  9.55  9.08  7.73  6.88  4.24  1.51  0.48  0.36  0.16  0.05  0.04  0.04  0.04  0.04  0.04  0.04
 8 -10  0.04  0.11  0.18  0.36  0.70  1.04  1.69  3.15  4.66  5.76  7.67  9.38  9.87  9.57  8.08  7.15  3.91  1.26  0.46  0.34  0.14  0.04  0.03  0.03  0.03  0.04  0.04  0.04
 8  -5  0.04  0.11  0.18  0.35  0.70  1.04  1.68  3.15  4.63  5.71  7.56  9.42 10.09  9.86  8.23  7.23  3.88  1.21  0.45  0.34  0.14  0.04  0.03  0.03  0.03  0.04  0.04  0.04
 8   0  0.03  0.10  0.17  0.33  0.66  0.99  1.63  3.18  4.62  5.70  7.56  9.53 10.32 10.14  8.41  7.34  3.89  1.18  0.45  0.34  0.15  0.04  0.03  0.03  0.03  0.04  0.04  0.03
 8   5  0.03  0.10  0.17  0.34  0.68  1.01  1.66  3.16  4.62  5.71  7.65  9.58 10.29 10.16  8.51  7.45  4.18  1.34  0.56  0.42  0.17  0.04  0.03  0.03  0.03  0.03  0.03  0.03
 8  10  0.03  0.10  0.17  0.34  0.67  1.00  1.65  3.17  4.67  5.78  7.77  9.68 10.31 10.20  8.62  7.54  4.46  1.52  0.66  0.49  0.19  0.04  0.03  0.03  0.03  0.04  0.03  0.03
 8  15  0.03  0.10  0.17  0.35  0.69  1.02  1.67  3.19  4.73  5.85  7.86  9.62 10.12  9.92  8.43  7.39  4.43  1.60  0.69  0.50  0.19  0.04  0.04  0.04  0.04  0.04  0.04  0.03
 8  20  0.04  0.11  0.18  0.36  0.70  1.05  1.70  3.20  4.77  5.91  7.94  9.59  9.94  9.68  8.25  7.24  4.43  1.68  0.72  0.53  0.20  0.05  0.04  0.04  0.05  0.05  0.04  0.04
 8  25  0.04  0.11  0.18  0.35  0.70  1.04  1.70  3.23  4.81  5.96  7.90  9.44  9.73  9.43  8.06  7.09  4.41  1.81  0.76  0.56  0.22  0.07  0.05  0.05  0.05  0.05  0.05  0.04
 8  30  0.04  0.11  0.18  0.35  0.70  1.04  1.70  3.26  4.83  6.01  7.91  9.31  9.52  9.19  7.87  6.96  4.40  1.93  0.80  0.59  0.23  0.09  0.06  0.06  0.06  0.05  0.05  0.04
 8  35  0.04  0.11  0.18  0.35  0.69  1.03  1.69  3.21  4.75  5.91  7.77  9.07  9.25  8.88  7.64  6.80  4.40  2.03  0.92  0.70  0.32  0.11  0.07  0.06  0.06  0.05  0.05  0.04
 8  40  0.03  0.10  0.17  0.35  0.68  1.02  1.67  3.18  4.72  5.85  7.65  8.85  8.96  8.56  7.39  6.61  4.38  2.14  1.05  0.81  0.41  0.15  0.09  0.07  0.06  0.06  0.05  0.04
 8  45  0.03  0.10  0.17  0.34  0.67  1.00  1.64  3.11  4.61  5.73  7.51  8.64  8.70  8.22  7.07  6.31  4.28  2.27  1.22  0.96  0.54  0.24  0.13  0.09  0.07  0.06  0.05  0.04
 8  50  0.03  0.10  0.17  0.33  0.65  0.97  1.59  3.05  4.52  5.62  7.36  8.41  8.41  7.85  6.72  5.99  4.20  2.41  1.38  1.11  0.69  0.33  0.20  0.11  0.08  0.06  0.05  0.04
 8  55  0.03  0.09  0.16  0.31  0.63  0.93  1.54  2.98  4.39  5.47  7.21  8.20  8.11  7.46  6.33  5.61  3.99  2.51  1.51  1.22  0.78  0.38  0.23  0.14  0.09  0.06  0.05  0.05
 8  60  0.03  0.09  0.16  0.31  0.62  0.92  1.52  2.97  4.47  5.58  7.24  8.04  7.81  7.02  5.98  5.34  3.85  2.67  1.69  1.36  0.86  0.43  0.27  0.16  0.10  0.06  0.05  0.05
 8  65  0.03  0.09  0.15  0.30  0.60  0.90  1.49  2.89  4.36  5.42  6.95  7.52  7.18  6.35  5.38  4.78  3.63  2.70  1.79  1.45  0.94  0.48  0.32  0.20  0.10  0.06  0.05  0.04
 8  70  0.03  0.09  0.15  0.30  0.59  0.88  1.45  2.81  4.22  5.23  6.58  6.96  6.52  5.67  4.78  4.23  3.40  2.73  1.88  1.54  1.03  0.53  0.37  0.22  0.11  0.07  0.05  0.05
 8  75  0.03  0.09  0.15  0.29  0.58  0.87  1.43  2.77  4.15  5.10  6.21  6.31  5.79  4.97  4.31  3.91  3.39  2.75  1.93  1.59  1.07  0.56  0.39  0.23  0.12  0.07  0.06  0.05
 8  80  0.03  0.09  0.15  0.29  0.58  0.86  1.41  2.73  4.09  5.00  5.86  5.68  5.07  4.28  3.84  3.58  3.37  2.77  1.97  1.63  1.10  0.58  0.40  0.24  0.14  0.07  0.06  0.05
 8  85  0.03  0.09  0.15  0.29  0.57  0.86  1.41  2.72  4.09  4.97  5.77  5.58  5.00  4.26  3.85  3.60  3.39  2.78  1.97  1.63  1.10  0.58  0.40  0.24  0.15  0.08  0.06  0.05
 8  90  0.03  0.09  0.14  0.29  0.57  0.85  1.40  2.69  4.03  4.89  5.63  5.40  4.83  4.14  3.76  3.53  3.32  2.73  1.95  1.61  1.09  0.59  0.40  0.23  0.15  0.08  0.06  0.05
 9 -90  0.04  0.12  0.20  0.40  0.78  1.14  1.78  3.02  4.38  5.31  5.87  6.19  5.97  5.53  4.90  4.22  2.67  1.96  1.49  1.27  0.88  0.43  0.09  0.05  0.04  0.04  0.03  0.03
 9 -85  0.04  0.12  0.21  0.41  0.79  1.16  1.82  3.09  4.54  5.54  6.17  6.43  6.18  5.68  4.95  4.36  2.95  2.20  1.58  1.31  0.90  0.43  0.10  0.06  0.04  0.04  0.03  0.03
 9 -80  0.04  0.13  0.21  0.41  0.80  1.16  1.82  3.09  4.60  5.67  6.36  6.58  6.28  5.72  4.98  4.41  3.05  2.30  1.64  1.36  0.93  0.44  0.12  0.06  0.05  0.04  0.03  0.03
 9 -75  0.04  0.12  0.20  0.40  0.78  1.13  1.80  3.13  4.64  5.75  6.78  7.06  6.72  6.07  5.22  4.68  3.37  2.56  1.82  1.51  1.03  0.49  0.14  0.07  0.05  0.04  0.03  0.03
 9 -70  0.04  0.12  0.19  0.38  0.75  1.10  1.76  3.14  4.60  5.71  7.04  7.41  7.09  6.39  5.39  4.82  3.59  2.78  1.99  1.67  1.14  0.53  0.15  0.07  0.05  0.04  0.03  0.03
 9 -65  0.04  0.11  0.19  0.38  0.74  1.10  1.77  3.24  4.75  5.89  7.30  7.73  7.49  6.83  5.93  5.41  4.18  3.15  2.18  1.82  1.24  0.58  0.26  0.08  0.05  0.04  0.03  0.03
 9 -60  0.04  0.12  0.19  0.38  0.76  1.12  1.81  3.35  4.94  6.14  7.59  8.06  7.82  7.15  6.46  6.03  4.71  3.38  2.26  1.89  1.30  0.62  0.30  0.09  0.06  0.04  0.03  0.03
 9 -55  0.04  0.12  0.20  0.39  0.77  1.15  1.87  3.52  5.25  6.49  7.91  8.34  8.08  7.47  6.74  6.24  4.97  3.44  2.23  1.85  1.20  0.60  0.31  0.09  0.06  0.04  0.04  0.03
 9 -50  0.04  0.12  0.20  0.40  0.78  1.16  1.90  3.61  5.40  6.70  8.17  8.67  8.42  7.75  6.99  6.48  5.30  3.53  2.13  1.74  1.09  0.58  0.31  0.10  0.06  0.04  0.04  0.03
 9 -45  0.04  0.12  0.20  0.40  0.78  1.16  1.89  3.57  5.39  6.72  8.25  8.84  8.58  7.86  6.96  6.37  5.19  3.34  1.95  1.57  0.96  0.53  0.30  0.09  0.06  0.04  0.04  0.04
 9 -40  0.04  0.12  0.20  0.39  0.78  1.15  1.88  3.53  5.39  6.72  8.39  9.07  8.82  8.07  6.98  6.26  5.09  3.19  1.79  1.42  0.83  0.47  0.29  0.09  0.06  0.05  0.04  0.04
 9 -35  0.04  0.11  0.19  0.38  0.75  1.11  1.81  3.42  5.23  6.57  8.37  9.23  9.03  8.28  7.07  6.27  4.96  2.82  1.45  1.12  0.60  0.33  0.23  0.09  0.06  0.05  0.04  0.04
 9 -30  0.04  0.11  0.18  0.37  0.72  1.07  1.75  3.31  5.05  6.37  8.32  9.37  9.25  8.52  7.18  6.29  4.83  2.43  1.12  0.85  0.40  0.21  0.10  0.08  0.06  0.05  0.05  0.04
 9 -25  0.04  0.11  0.18  0.36  0.72  1.06  1.73  3.21  4.87  6.13  8.17  9.46  9.48  8.82  7.41  6.47  4.75  2.15  0.89  0.67  0.30  0.08  0.06  0.05  0.05  0.05  0.05  0.05
 9 -20  0.04  0.11  0.18  0.36  0.71  1.04  1.69  3.13  4.70  5.90  7.98  9.50  9.68  9.10  7.59  6.62  4.67  1.89  0.68  0.51  0.21  0.06  0.04  0.04  0.04  0.05  0.05  0.05
 9 -15  0.03  0.10  0.17  0.34  0.68  1.01  1.65  3.12  4.61  5.70  7.71  9.46  9.86  9.41  7.83  6.85  4.33  1.58  0.58  0.44  0.18  0.05  0.04  0.04  0.04  0.04  0.05  0.05
 9 -10  0.03  0.10  0.17  0.34  0.67  0.99  1.62  3.10  4.51  5.53  7.46  9.44 10.10  9.85  8.14  7.10  3.98  1.28  0.48  0.36  0.14  0.04  0.03  0.03  0.04  0.04  0.04  0.04
 9  -5  0.03  0.10  0.17  0.33  0.66  0.99  1.62  3.09  4.47  5.47  7.32  9.43 10.28 10.14  8.25  7.10  3.88  1.23  0.47  0.36  0.14  0.04  0.03  0.03  0.03  0.04  0.04  0.04
 9   0  0.03  0.10  0.16  0.32  0.64  0.95  1.58  3.11  4.46  5.46  7.30  9.48 10.46 10.42  8.39  7.13  3.83  1.19  0.47  0.35  0.14  0.04  0.03  0.03  0.03  0.04  0.04  0.03
 9   5  0.03  0.10  0.17  0.33  0.66  0.98  1.61  3.10  4.48  5.49  7.40  9.51 10.39 10.39  8.53  7.34  4.12  1.32  0.54  0.41  0.15  0.04  0.03  0.03  0.03  0.03  0.03  0.03
 9  10  0.03  0.10  0.17  0.33  0.66  0.98  1.61  3.11  4.54  5.58  7.54  9.60 10.37 10.36  8.68  7.54  4.40  1.47  0.61  0.45  0.16  0.03  0.03  0.03  0.03  0.03  0.03  0.03
 9  15  0.03  0.10  0.17  0.34  0.67  1.00  1.64  3.14  4.63  5.71  7.71  9.57 10.15 10.02  8.48  7.39  4.37  1.51  0.62  0.45  0.17  0.04  0.03  0.03  0.04  0.04  0.04  0.03
 9  20  0.04  0.11  0.18  0.35  0.69  1.02  1.67  3.15  4.69  5.82  7.86  9.57  9.97  9.74  8.30  7.25  4.36  1.55  0.63  0.46  0.17  0.05  0.04  0.04  0.04  0.05  0.04  0.04
 9  25  0.03  0.10  0.17  0.34  0.68  1.02  1.67  3.19  4.78  5.94  7.89  9.42  9.71  9.41  8.17  7.25  4.41  1.64  0.66  0.49  0.18  0.06  0.05  0.05  0.05  0.05  0.05  0.04
 9  30  0.04  0.10  0.17  0.35  0.69  1.03  1.68  3.23  4.86  6.06  7.98  9.29  9.44  9.09  8.03  7.27  4.46  1.72  0.69  0.50  0.19  0.08  0.05  0.05  0.05  0.05  0.05  0.04
 9  35  0.04  0.11  0.18  0.35  0.70  1.04  1.70  3.24  4.88  6.10  7.95  9.05  9.11  8.71  7.63  6.88  4.37  1.91  0.88  0.66  0.28  0.10  0.06  0.05  0.05  0.05  0.05  0.04
 9  40  0.04  0.11  0.18  0.36  0.70  1.05  1.71  3.27  4.95  6.18  7.94  8.83  8.78  8.32  7.22  6.47  4.27  2.10  1.06  0.80  0.38  0.13  0.08  0.06  0.06  0.05  0.05  0.04
 9  45  0.04  0.11  0.18  0.36  0.71  1.06  1.73  3.28  5.00  6.24  7.95  8.65  8.46  7.88  6.85  6.15  4.21  2.25  1.22  0.95  0.50  0.21  0.12  0.08  0.06  0.05  0.05  0.04
 9  50  0.04  0.11  0.18  0.36  0.71  1.06  1.74  3.31  5.04  6.30  7.93  8.41  8.10  7.42  6.45  5.83  4.16  2.39  1.39  1.10  0.65  0.28  0.17  0.10  0.07  0.06  0.05  0.04
 9  55  0.04  0.11  0.18  0.35  0.70  1.05  1.72  3.33  5.05  6.32  7.87  8.18  7.73  6.96  6.02  5.42  4.01  2.48  1.52  1.22  0.75  0.34  0.21  0.13  0.09  0.06  0.05  0.04
 9  60  0.04  0.11  0.18  0.36  0.71  1.07  1.76  3.42  5.29  6.59  8.00  8.00  7.38  6.46  5.63  5.11  3.92  2.63  1.71  1.37  0.86  0.41  0.25  0.16  0.10  0.06  0.05  0.04
 9  65  0.04  0.11  0.18  0.37  0.73  1.09  1.79  3.48  5.32  6.57  7.69  7.45  6.76  5.85  5.06  4.58  3.69  2.63  1.81  1.48  0.95  0.47  0.29  0.18  0.10  0.06  0.05  0.04
 9  70  0.04  0.11  0.19  0.38  0.75  1.11  1.83  3.54  5.33  6.50  7.34  6.89  6.14  5.25  4.49  4.02  3.45  2.62  1.91  1.57  1.04  0.53  0.33  0.20  0.10  0.06  0.05  0.04
 9  75  0.04  0.12  0.19  0.38  0.76  1.13  1.85  3.58  5.10  6.05  6.51  6.05  5.45  4.73  4.26  3.98  3.41  2.63  1.92  1.58  1.06  0.53  0.34  0.21  0.11  0.06  0.05  0.04
 9  80  0.04  0.12  0.19  0.39  0.77  1.14  1.87  3.60  4.83  5.56  5.65  5.22  4.77  4.21  4.02  3.92  3.34  2.62  1.92  1.59  1.07  0.53  0.35  0.22  0.12  0.06  0.05  0.04
 9  85  0.04  0.12  0.20  0.39  0.77  1.15  1.89  3.63  4.76  5.42  5.50  5.15  4.74  4.21  4.02  3.92  3.32  2.62  1.92  1.59  1.07  0.53  0.35  0.21  0.12  0.06  0.05  0.04
 9  90  0.04  0.12  0.19  0.39  0.77  1.14  1.87  3.59  4.62  5.24  5.28  4.97  4.61  4.11  3.93  3.83  3.23  2.56  1.90  1.58  1.06  0.53  0.35  0.21  0.12  0.06  0.05  0.04
10 -90  0.03  0.10  0.16  0.33  0.64  0.95  1.53  2.83  4.08  4.97  6.53  7.47  7.35  6.59  5.66  5.16  3.72  1.73  1.33  1.22  0.91  0.49  0.10  0.06  0.05  0.04  0.03  0.03
10 -85  0.03  0.10  0.16  0.33  0.64  0.95  1.54  2.83  4.08  4.98  6.47  7.31  7.21  6.50  5.59  5.12  3.89  1.95  1.33  1.15  0.82  0.48  0.11  0.06  0.05  0.04  0.03  0.03
10 -80  0.03  0.10  0.16  0.32  0.64  0.94  1.52  2.79  4.02  4.93  6.44  7.30  7.21  6.52  5.56  5.08  3.88  2.01  1.38  1.19  0.86  0.49  0.12  0.06  0.05  0.04  0.03  0.03
10 -75  0.03  0.10  0.16  0.32  0.63  0.94  1.52  2.80  4.05  4.99  6.52  7.49  7.50  6.89  6.07  5.61  4.27  2.42  1.63  1.40  0.98  0.54  0.26  0.06  0.05  0.04  0.03  0.03
10 -70  0.03  0.10  0.16  0.32  0.64  0.94  1.52  2.82  4.11  5.08  6.63  7.65  7.71  7.17  6.52  6.09  4.54  2.74  1.84  1.57  1.09  0.60  0.29  0.07  0.05  0.04  0.03  0.03
10 -65  0.03  0.10  0.17  0.33  0.65  0.97  1.57  2.93  4.33  5.39  6.96  7.94  7.95  7.42  6.95  6.59  4.95  3.11  2.06  1.74  1.19  0.63  0.31  0.07  0.05  0.04  0.03  0.03
10 -60  0.03  0.10  0.17  0.34  0.67  1.00  1.62  3.03  4.55  5.70  7.31  8.26  8.24  7.67  7.35  7.13  5.36  3.42  2.19  1.82  1.22  0.65  0.32  0.08  0.05  0.04  0.03  0.03
10 -55  0.04  0.11  0.18  0.35  0.69  1.02  1.66  3.13  4.77  5.97  7.61  8.50  8.42  7.90  7.29  6.87  5.32  3.46  2.20  1.81  1.15  0.60  0.31  0.18  0.06  0.04  0.04  0.03
10 -50  0.04  0.11  0.18  0.35  0.69  1.02  1.67  3.17  4.85  6.10  7.84  8.77  8.69  8.07  7.20  6.64  5.33  3.53  2.19  1.78  1.10  0.55  0.30  0.17  0.06  0.04  0.04  0.03
10 -45  0.03  0.10  0.17  0.34  0.68  1.01  1.66  3.18  4.86  6.13  7.95  8.98  8.90  8.20  7.33  6.77  5.42  3.50  2.07  1.66  1.00  0.50  0.28  0.09  0.06  0.05  0.04  0.04
10 -40  0.03  0.10  0.17  0.34  0.68  1.01  1.66  3.16  4.87  6.13  8.08  9.24  9.18  8.42  7.49  6.92  5.52  3.49  1.99  1.58  0.92  0.46  0.27  0.09  0.06  0.05  0.04  0.04
10 -35  0.03  0.10  0.17  0.34  0.67  1.00  1.64  3.12  4.79  6.05  8.08  9.40  9.41  8.67  7.56  6.85  5.24  2.93  1.50  1.17  0.64  0.32  0.15  0.09  0.06  0.05  0.05  0.04
10 -30  0.03  0.10  0.17  0.33  0.66  0.98  1.61  3.09  4.70  5.93  8.04  9.54  9.64  8.95  7.64  6.79  4.95  2.35  1.02  0.78  0.37  0.16  0.10  0.07  0.06  0.05  0.05  0.04
10 -25  0.03  0.10  0.17  0.34  0.67  0.99  1.62  3.06  4.60  5.78  7.89  9.57  9.82  9.25  7.79  6.83  4.69  1.98  0.80  0.61  0.27  0.09  0.06  0.06  0.05  0.05  0.05  0.05
10 -20  0.03  0.10  0.17  0.34  0.66  0.98  1.61  3.05  4.51  5.65  7.73  9.54  9.95  9.52  7.89  6.83  4.41  1.61  0.60  0.45  0.17  0.06  0.05  0.04  0.04  0.05  0.05  0.05
10 -15  0.03  0.10  0.16  0.32  0.64  0.96  1.58  3.06  4.46  5.51  7.51  9.42  9.99  9.69  8.07  7.05  4.18  1.43  0.52  0.39  0.15  0.05  0.04  0.04  0.04  0.04  0.05  0.04
10 -10  0.03  0.09  0.16  0.32  0.63  0.94  1.56  3.06  4.41  5.40  7.29  9.35 10.11  9.98  8.29  7.27  3.94  1.27  0.45  0.33  0.12  0.04  0.03  0.03  0.04  0.04  0.04  0.04
10  -5  0.03  0.10  0.16  0.32  0.63  0.94  1.56  3.06  4.39  5.36  7.15  9.29 10.20 10.17  8.37  7.29  3.85  1.23  0.42  0.32  0.12  0.04  0.03  0.03  0.03  0.04  0.04  0.03
10   0  0.03  0.09  0.16  0.31  0.62  0.93  1.55  3.08  4.40  5.35  7.13  9.27 10.29 10.36  8.49  7.33  3.79  1.20  0.40  0.30  0.12  0.04  0.03  0.03  0.03  0.03  0.03  0.03
10   5  0.03  0.10  0.16  0.32  0.64  0.96  1.58  3.07  4.42  5.39  7.19  9.24 10.19 10.31  8.52  7.39  4.03  1.30  0.48  0.36  0.13  0.03  0.03  0.03  0.03  0.03  0.03  0.03
10  10  0.03  0.10  0.16  0.33  0.65  0.97  1.59  3.09  4.47  5.47  7.31  9.28 10.11 10.23  8.55  7.42  4.28  1.42  0.57  0.41  0.14  0.03  0.03  0.03  0.03  0.03  0.03  0.03
10  15  0.03  0.10  0.17  0.33  0.66  0.98  1.61  3.11  4.54  5.58  7.46  9.26  9.90  9.88  8.33  7.22  4.24  1.46  0.58  0.42  0.14  0.04  0.03  0.03  0.03  0.04  0.04  0.04
10  20  0.03  0.10  0.17  0.34  0.68  1.01  1.65  3.12  4.60  5.67  7.59  9.26  9.72  9.57  8.11  7.04  4.21  1.50  0.60  0.43  0.15  0.05  0.04  0.04  0.04  0.04  0.04  0.04
10  25  0.03  0.10  0.17  0.34  0.68  1.01  1.66  3.20  4.76  5.89  7.73  9.13  9.42  9.17  7.95  7.03  4.27  1.58  0.63  0.46  0.17  0.06  0.05  0.04  0.05  0.05  0.05  0.04
10  30  0.04  0.11  0.18  0.35  0.70  1.04  1.70  3.25  4.91  6.12  7.93  9.04  9.11  8.77  7.77  7.04  4.34  1.64  0.66  0.48  0.18  0.08  0.05  0.05  0.05  0.05  0.05  0.04
10  35  0.04  0.11  0.18  0.36  0.72  1.07  1.75  3.34  5.10  6.38  8.05  8.79  8.67  8.20  7.26  6.62  4.29  1.86  0.87  0.65  0.30  0.10  0.07  0.06  0.05  0.05  0.05  0.04
10  40  0.04  0.11  0.19  0.38  0.75  1.11  1.81  3.46  5.33  6.67  8.18  8.54  8.22  7.66  6.78  6.19  4.25  2.07  1.08  0.82  0.41  0.19  0.09  0.07  0.06  0.05  0.05  0.04
10  45  0.04  0.12  0.20  0.40  0.79  1.17  1.90  3.60  5.57  6.94  8.24  8.32  7.87  7.24  6.49  5.99  4.29  2.29  1.27  0.99  0.54  0.24  0.14  0.09  0.07  0.05  0.05  0.04
10  50  0.04  0.13  0.21  0.41  0.82  1.22  1.99  3.76  5.77  7.16  8.24  8.04  7.48  6.80  6.17  5.76  4.33  2.49  1.46  1.16  0.69  0.28  0.16  0.11  0.08  0.05  0.05  0.04
10  55  0.04  0.13  0.21  0.42  0.84  1.25  2.05  3.92  5.86  7.19  8.07  7.76  7.16  6.47  5.86  5.47  4.27  2.56  1.56  1.26  0.78  0.34  0.20  0.14  0.09  0.05  0.05  0.04
10  60  0.04  0.13  0.22  0.44  0.88  1.31  2.14  4.12  6.13  7.44  8.10  7.56  6.87  6.09  5.59  5.26  4.27  2.68  1.72  1.39  0.87  0.41  0.24  0.16  0.09  0.05  0.05  0.04
10  65  0.05  0.14  0.23  0.46  0.90  1.34  2.20  4.20  6.01  7.18  7.64  7.07  6.41  5.66  5.19  4.89  4.03  2.70  1.86  1.53  1.00  0.46  0.27  0.18  0.09  0.05  0.05  0.04
10  70  0.05  0.14  0.23  0.46  0.92  1.37  2.24  4.26  5.86  6.91  7.18  6.59  5.95  5.23  4.79  4.51  3.78  2.72  2.00  1.66  1.12  0.52  0.30  0.19  0.09  0.05  0.05  0.04
10  75  0.05  0.14  0.23  0.46  0.91  1.36  2.22  4.21  5.43  6.22  6.44  6.02  5.51  4.86  4.43  4.18  3.63  2.74  2.05  1.72  1.17  0.54  0.31  0.20  0.10  0.05  0.05  0.04
10  80  0.05  0.14  0.23  0.46  0.90  1.34  2.19  4.13  4.99  5.54  5.72  5.47  5.08  4.50  4.08  3.84  3.47  2.75  2.10  1.76  1.22  0.57  0.32  0.21  0.10  0.06  0.05  0.04
10  85  0.05  0.14  0.23  0.45  0.90  1.33  2.17  4.10  4.95  5.51  5.71  5.49  5.10  4.52  4.07  3.82  3.45  2.75  2.10  1.77  1.23  0.57  0.32  0.21  0.13  0.06  0.05  0.04
10  90  0.05  0.14  0.23  0.45  0.90  1.33  2.17  4.08  4.91  5.47  5.71  5.50  5.12  4.52  4.01  3.75  3.41  2.72  2.09  1.77  1.22  0.57  0.33  0.21  0.12  0.06  0.05  0.04
11 -90  0.03  0.08  0.14  0.28  0.54  0.81  1.32  2.48  3.64  4.47  5.89  6.87  7.20  7.16  6.99  6.66  5.30  3.08  2.19  1.94  1.36  0.65  0.31  0.17  0.05  0.04  0.03  0.02
11 -85  0.03  0.08  0.14  0.28  0.55  0.81  1.33  2.50  3.67  4.51  5.97  6.98  7.19  6.99  6.70  6.42  5.28  3.17  2.13  1.82  1.22  0.61  0.31  0.07  0.05  0.04  0.03  0.02
11 -80  0.03  0.08  0.14  0.28  0.55  0.82  1.33  2.50  3.66  4.51  5.97  6.97  7.15  6.89  6.61  6.33  5.20  3.13  2.12  1.82  1.24  0.62  0.31  0.18  0.05  0.04  0.03  0.02
11 -75  0.03  0.09  0.14  0.28  0.56  0.83  1.35  2.53  3.71  4.58  6.03  7.09  7.27  6.94  6.79  6.63  5.34  3.23  2.18  1.88  1.30  0.66  0.33  0.19  0.05  0.04  0.03  0.02
11 -70  0.03  0.09  0.14  0.28  0.56  0.83  1.36  2.55  3.74  4.66  6.11  7.23  7.41  7.00  6.95  6.91  5.46  3.27  2.19  1.89  1.33  0.70  0.35  0.20  0.05  0.04  0.03  0.03
11 -65  0.03  0.09  0.15  0.29  0.57  0.85  1.39  2.60  3.85  4.83  6.38  7.55  7.68  7.18  7.05  6.99  5.44  3.33  2.19  1.86  1.29  0.71  0.35  0.20  0.05  0.04  0.03  0.03
11 -60  0.03  0.09  0.15  0.30  0.59  0.87  1.42  2.67  3.97  5.01  6.65  7.85  7.96  7.39  7.19  7.11  5.45  3.39  2.15  1.78  1.18  0.68  0.35  0.20  0.06  0.04  0.03  0.03
11 -55  0.03  0.09  0.15  0.31  0.61  0.90  1.46  2.74  4.13  5.18  6.88  8.16  8.28  7.76  7.13  6.73  5.22  3.32  2.06  1.67  1.03  0.58  0.32  0.18  0.06  0.04  0.03  0.03
11 -50  0.03  0.09  0.15  0.31  0.61  0.90  1.47  2.77  4.16  5.22  7.04  8.48  8.66  8.05  7.03  6.36  5.02  3.26  1.96  1.56  0.91  0.47  0.28  0.10  0.06  0.04  0.04  0.03
11 -45  0.03  0.09  0.15  0.30  0.60  0.89  1.47  2.82  4.21  5.28  7.17  8.73  8.98  8.36  7.24  6.50  5.06  3.19  1.85  1.47  0.83  0.43  0.25  0.09  0.06  0.04  0.04  0.03
11 -40  0.03  0.09  0.15  0.30  0.60  0.89  1.47  2.86  4.25  5.32  7.30  9.03  9.34  8.73  7.46  6.64  5.12  3.14  1.76  1.38  0.76  0.38  0.23  0.08  0.06  0.05  0.04  0.04
11 -35  0.03  0.09  0.15  0.31  0.61  0.91  1.49  2.89  4.31  5.39  7.41  9.24  9.61  9.05  7.64  6.71  4.84  2.61  1.31  1.02  0.53  0.28  0.12  0.07  0.06  0.05  0.04  0.04
11 -30  0.03  0.09  0.15  0.31  0.61  0.91  1.51  2.93  4.34  5.43  7.48  9.38  9.84  9.38  7.83  6.79  4.55  2.07  0.87  0.66  0.30  0.15  0.09  0.06  0.05  0.05  0.05  0.04
11 -25  0.03  0.10  0.16  0.32  0.63  0.94  1.54  2.96  4.38  5.46  7.52  9.45  9.96  9.61  7.93  6.77  4.36  1.84  0.71  0.53  0.22  0.09  0.06  0.05  0.05  0.05  0.05  0.04
11 -20  0.03  0.10  0.16  0.32  0.63  0.94  1.55  3.01  4.43  5.51  7.55  9.46 10.02  9.79  7.97  6.72  4.15  1.60  0.57  0.42  0.16  0.06  0.05  0.04  0.05  0.05  0.05  0.04
11 -15  0.03  0.09  0.16  0.31  0.62  0.94  1.55  3.06  4.46  5.51  7.50  9.41 10.02  9.87  8.11  6.93  3.99  1.43  0.50  0.38  0.15  0.05  0.04  0.04  0.04  0.04  0.04  0.04
11 -10  0.03  0.09  0.15  0.31  0.62  0.93  1.55  3.11  4.51  5.52  7.43  9.40 10.10 10.02  8.28  7.15  3.85  1.26  0.44  0.33  0.14  0.04  0.03  0.03  0.04  0.04  0.04  0.04
11  -5  0.03  0.09  0.16  0.31  0.62  0.93  1.56  3.13  4.53  5.53  7.33  9.31 10.08 10.03  8.26  7.15  3.75  1.19  0.41  0.32  0.13  0.04  0.03  0.03  0.03  0.04  0.04  0.03
11   0  0.03  0.10  0.16  0.32  0.64  0.95  1.58  3.15  4.56  5.56  7.32  9.24 10.05 10.08  8.29  7.16  3.66  1.12  0.39  0.30  0.13  0.04  0.03  0.03  0.03  0.04  0.03  0.03
11   5  0.03  0.10  0.16  0.33  0.65  0.97  1.60  3.13  4.53  5.53  7.26  9.09  9.91 10.00  8.29  7.18  3.87  1.20  0.43  0.33  0.13  0.04  0.03  0.03  0.03  0.04  0.03  0.03
11  10  0.03  0.10  0.16  0.33  0.65  0.97  1.61  3.12  4.53  5.54  7.27  9.02  9.76  9.88  8.28  7.19  4.09  1.30  0.48  0.36  0.13  0.04  0.03  0.03  0.03  0.04  0.04  0.03
11  15  0.03  0.10  0.17  0.33  0.66  0.99  1.62  3.14  4.60  5.64  7.39  8.92  9.48  9.49  8.04  6.99  4.02  1.36  0.49  0.36  0.13  0.04  0.04  0.04  0.04  0.04  0.04  0.04
11  20  0.03  0.10  0.17  0.34  0.68  1.01  1.66  3.15  4.65  5.72  7.47  8.85  9.23  9.13  7.80  6.79  3.96  1.40  0.51  0.37  0.13  0.05  0.04  0.04  0.04  0.04  0.04  0.04
11  25  0.03  0.10  0.17  0.35  0.69  1.02  1.69  3.26  4.87  6.02  7.64  8.70  8.87  8.66  7.58  6.73  4.07  1.51  0.58  0.43  0.17  0.06  0.04  0.04  0.04  0.04  0.04  0.04
11  30  0.04  0.11  0.18  0.36  0.72  1.07  1.76  3.36  5.09  6.32  7.87  8.58  8.52  8.18  7.32  6.68  4.19  1.64  0.67  0.50  0.21  0.08  0.06  0.05  0.05  0.05  0.04  0.04
11  35  0.04  0.12  0.20  0.39  0.77  1.14  1.86  3.53  5.39  6.70  8.02  8.33  8.09  7.63  6.95  6.46  4.41  1.98  0.94  0.71  0.34  0.15  0.08  0.06  0.05  0.05  0.05  0.04
11  40  0.04  0.12  0.21  0.41  0.82  1.21  1.97  3.74  5.74  7.10  8.16  8.09  7.68  7.15  6.62  6.24  4.63  2.32  1.20  0.93  0.47  0.20  0.12  0.08  0.06  0.05  0.05  0.04
11  45  0.04  0.13  0.22  0.44  0.87  1.29  2.11  3.97  6.03  7.38  8.15  7.86  7.37  6.82  6.45  6.18  4.72  2.51  1.41  1.11  0.62  0.28  0.16  0.10  0.07  0.05  0.05  0.04
11  50  0.05  0.14  0.24  0.47  0.93  1.38  2.24  4.21  6.25  7.58  8.09  7.59  7.04  6.49  6.25  6.08  4.79  2.69  1.62  1.30  0.79  0.35  0.19  0.13  0.08  0.05  0.05  0.04
11  55  0.05  0.15  0.24  0.48  0.95  1.41  2.30  4.34  6.16  7.37  7.77  7.35  6.83  6.30  6.01  5.82  4.64  2.74  1.71  1.41  0.93  0.41  0.23  0.15  0.09  0.05  0.05  0.04
11  60  0.05  0.15  0.25  0.49  0.97  1.44  2.36  4.51  6.25  7.39  7.65  7.17  6.66  6.06  5.80  5.65  4.56  2.85  1.86  1.55  1.07  0.48  0.26  0.16  0.09  0.06  0.05  0.04
11  65  0.05  0.14  0.24  0.48  0.94  1.40  2.29  4.36  5.96  7.04  7.40  7.06  6.59  5.98  5.57  5.32  4.46  2.96  2.05  1.74  1.25  0.57  0.30  0.19  0.09  0.05  0.05  0.04
11  70  0.05  0.14  0.23  0.47  0.92  1.37  2.22  4.17  5.68  6.69  7.14  6.93  6.50  5.88  5.33  4.99  4.36  3.05  2.24  1.93  1.43  0.66  0.34  0.21  0.09  0.05  0.05  0.04
11  75  0.05  0.14  0.23  0.46  0.90  1.34  2.16  3.99  5.36  6.28  6.68  6.30  5.74  5.06  4.52  4.20  3.81  2.98  2.18  1.87  1.37  0.62  0.32  0.20  0.09  0.06  0.05  0.04
11  80  0.05  0.14  0.23  0.45  0.89  1.31  2.10  3.82  5.05  5.86  6.20  5.65  4.97  4.24  3.71  3.40  3.25  2.89  2.11  1.80  1.31  0.58  0.29  0.18  0.10  0.06  0.05  0.04
11  85  0.05  0.14  0.23  0.45  0.88  1.30  2.09  3.79  5.00  5.81  6.16  5.64  4.98  4.25  3.71  3.40  3.25  2.89  2.11  1.81  1.30  0.58  0.29  0.17  0.10  0.06  0.05  0.04
11  90  0.05  0.14  0.23  0.45  0.89  1.31  2.10  3.81  5.01  5.81  6.17  5.63  4.99  4.27  3.66  3.36  3.23  2.86  2.08  1.79  1.29  0.58  0.28  0.17  0.10  0.06  0.05  0.04
12 -90  0.02  0.07  0.12  0.25  0.49  0.72  1.17  2.19  3.31  4.17  5.75  6.64  6.46  5.73  5.47  5.55  5.30  4.18  2.86  2.44  1.67  0.81  0.43  0.23  0.11  0.04  0.03  0.02
12 -85  0.02  0.07  0.12  0.25  0.49  0.72  1.17  2.17  3.29  4.13  5.68  6.65  6.52  5.80  5.43  5.35  5.02  3.96  2.69  2.27  1.52  0.73  0.41  0.23  0.11  0.04  0.03  0.02
12 -80  0.02  0.07  0.12  0.25  0.49  0.72  1.17  2.17  3.28  4.12  5.66  6.65  6.53  5.80  5.40  5.30  4.95  3.90  2.64  2.23  1.50  0.73  0.41  0.23  0.11  0.04  0.03  0.02
12 -75  0.03  0.08  0.13  0.25  0.50  0.74  1.20  2.23  3.33  4.17  5.66  6.73  6.69  5.99  5.57  5.42  4.97  3.79  2.54  2.14  1.45  0.71  0.41  0.22  0.06  0.04  0.03  0.02
12 -70  0.03  0.08  0.13  0.26  0.51  0.76  1.23  2.30  3.38  4.22  5.67  6.82  6.87  6.19  5.76  5.57  4.99  3.65  2.39  2.01  1.37  0.69  0.40  0.21  0.06  0.04  0.03  0.02
12 -65  0.03  0.08  0.13  0.27  0.53  0.78  1.27  2.37  3.46  4.32  5.83  7.13  7.28  6.66  6.16  5.89  4.99  3.46  2.19  1.83  1.22  0.64  0.37  0.20  0.06  0.04  0.03  0.02
12 -60  0.03  0.08  0.14  0.28  0.55  0.81  1.31  2.44  3.55  4.45  6.02  7.46  7.72  7.17  6.58  6.23  5.03  3.30  2.01  1.65  1.07  0.57  0.34  0.18  0.07  0.04  0.03  0.03
12 -55  0.03  0.09  0.15  0.29  0.57  0.84  1.36  2.54  3.73  4.62  6.23  7.81  8.20  7.83  6.99  6.43  4.93  3.07  1.82  1.47  0.89  0.49  0.29  0.16  0.07  0.04  0.03  0.03
12 -50  0.03  0.09  0.15  0.29  0.58  0.85  1.38  2.59  3.77  4.66  6.38  8.18  8.72  8.35  7.31  6.60  4.81  2.83  1.59  1.27  0.74  0.42  0.24  0.11  0.07  0.04  0.03  0.03
12 -45  0.03  0.09  0.15  0.29  0.58  0.86  1.40  2.69  3.90  4.83  6.60  8.48  9.10  8.78  7.38  6.41  4.59  2.63  1.46  1.15  0.66  0.36  0.20  0.09  0.06  0.04  0.04  0.03
12 -40  0.03  0.09  0.15  0.29  0.58  0.86  1.42  2.78  4.02  4.97  6.81  8.79  9.47  9.21  7.42  6.19  4.39  2.43  1.32  1.03  0.57  0.30  0.12  0.07  0.06  0.05  0.04  0.03
12 -35  0.03  0.09  0.15  0.30  0.59  0.89  1.46  2.85  4.17  5.18  7.09  9.03  9.67  9.39  7.79  6.67  4.38  2.10  1.01  0.78  0.40  0.19  0.10  0.06  0.05  0.05  0.04  0.04
12 -30  0.03  0.09  0.15  0.30  0.60  0.90  1.49  2.92  4.29  5.34  7.32  9.24  9.83  9.57  8.14  7.15  4.36  1.77  0.71  0.54  0.25  0.13  0.07  0.06  0.05  0.05  0.04  0.04
12 -25  0.03  0.09  0.16  0.31  0.62  0.93  1.53  2.98  4.41  5.50  7.54  9.42  9.96  9.69  8.15  7.07  4.22  1.63  0.60  0.45  0.19  0.08  0.06  0.05  0.05  0.05  0.05  0.04
12 -20  0.03  0.09  0.16  0.31  0.62  0.93  1.55  3.07  4.55  5.69  7.77  9.56 10.04  9.80  8.11  6.95  4.07  1.48  0.49  0.36  0.13  0.06  0.04  0.04  0.04  0.05  0.04  0.04
12 -15  0.03  0.09  0.16  0.31  0.63  0.94  1.57  3.15  4.67  5.82  7.90  9.64 10.10  9.89  8.20  7.05  3.96  1.35  0.44  0.33  0.13  0.05  0.04  0.04  0.04  0.04  0.04  0.04
12 -10  0.03  0.09  0.16  0.31  0.63  0.94  1.58  3.22  4.79  5.94  7.98  9.78 10.26 10.02  8.30  7.17  3.87  1.23  0.39  0.30  0.13  0.04  0.03  0.03  0.03  0.04  0.04  0.03
12  -5  0.03  0.09  0.16  0.32  0.63  0.95  1.60  3.25  4.83  5.98  7.89  9.69 10.19  9.95  8.11  6.91  3.70  1.16  0.37  0.29  0.13  0.04  0.03  0.03  0.03  0.04  0.03  0.03
12   0  0.03  0.10  0.17  0.33  0.66  0.99  1.64  3.25  4.86  6.02  7.88  9.57 10.09  9.88  7.93  6.65  3.53  1.10  0.35  0.28  0.14  0.04  0.03  0.03  0.03  0.04  0.03  0.03
12   5  0.03  0.10  0.17  0.33  0.67  1.00  1.65  3.24  4.81  5.96  7.75  9.34  9.85  9.67  7.93  6.80  3.75  1.20  0.40  0.31  0.13  0.04  0.03  0.03  0.03  0.04  0.04  0.03
12  10  0.03  0.10  0.17  0.34  0.67  1.00  1.65  3.22  4.78  5.92  7.69  9.15  9.58  9.44  7.94  6.94  3.99  1.30  0.45  0.34  0.12  0.04  0.04  0.04  0.04  0.04  0.04  0.04
12  15  0.03  0.10  0.17  0.34  0.67  1.00  1.65  3.21  4.79  5.94  7.70  8.96  9.26  9.05  7.69  6.71  3.93  1.40  0.48  0.36  0.13  0.04  0.04  0.04  0.04  0.04  0.04  0.04
12  20  0.03  0.10  0.17  0.35  0.69  1.02  1.67  3.20  4.79  5.93  7.65  8.77  8.94  8.66  7.42  6.50  3.89  1.48  0.50  0.37  0.13  0.05  0.04  0.04  0.04  0.05  0.05  0.05
12  25  0.03  0.10  0.17  0.34  0.69  1.02  1.68  3.27  4.91  6.09  7.66  8.51  8.53  8.20  7.31  6.62  4.16  1.64  0.62  0.46  0.19  0.06  0.05  0.05  0.05  0.05  0.05  0.05
12  30  0.04  0.11  0.18  0.36  0.72  1.07  1.75  3.33  5.05  6.25  7.69  8.27  8.13  7.74  7.18  6.74  4.42  1.83  0.76  0.57  0.25  0.09  0.06  0.06  0.05  0.05  0.05  0.04
12  35  0.04  0.12  0.19  0.39  0.77  1.14  1.86  3.51  5.29  6.51  7.69  7.98  7.75  7.32  6.98  6.73  4.77  2.22  1.06  0.83  0.44  0.21  0.10  0.07  0.06  0.05  0.05  0.05
12  40  0.04  0.13  0.21  0.41  0.82  1.21  1.98  3.73  5.56  6.76  7.69  7.71  7.39  6.94  6.81  6.69  5.11  2.59  1.37  1.09  0.63  0.30  0.16  0.10  0.07  0.05  0.05  0.05
12  45  0.04  0.13  0.22  0.44  0.87  1.29  2.10  3.97  5.77  6.90  7.58  7.49  7.16  6.74  6.61  6.50  5.09  2.88  1.63  1.31  0.80  0.38  0.20  0.13  0.08  0.05  0.05  0.05
12  50  0.05  0.14  0.23  0.47  0.92  1.37  2.22  4.18  5.88  6.97  7.45  7.25  6.92  6.57  6.40  6.28  5.04  3.17  1.89  1.54  0.97  0.46  0.24  0.15  0.09  0.06  0.05  0.05
12  55  0.05  0.14  0.24  0.47  0.92  1.37  2.23  4.17  5.63  6.64  7.15  7.14  6.87  6.52  6.20  5.97  4.84  3.18  2.01  1.68  1.13  0.54  0.28  0.17  0.09  0.06  0.05  0.05
12  60  0.05  0.14  0.23  0.47  0.92  1.37  2.23  4.21  5.59  6.55  7.05  7.09  6.85  6.44  6.03  5.76  4.69  3.24  2.18  1.84  1.29  0.61  0.31  0.18  0.09  0.06  0.05  0.05
12  65  0.05  0.14  0.24  0.47  0.93  1.37  2.21  4.06  5.47  6.44  7.01  7.10  6.82  6.35  5.82  5.47  4.57  3.20  2.25  1.91  1.35  0.64  0.30  0.18  0.10  0.06  0.05  0.04
12  70  0.05  0.14  0.24  0.48  0.93  1.37  2.19  3.93  5.35  6.31  6.94  7.08  6.78  6.25  5.61  5.19  4.46  3.16  2.31  1.97  1.42  0.67  0.30  0.18  0.10  0.06  0.05  0.04
12  75  0.05  0.14  0.23  0.45  0.89  1.30  2.06  3.59  5.03  6.00  6.69  6.72  6.36  5.79  5.17  4.76  4.24  3.19  2.32  1.98  1.42  0.67  0.32  0.19  0.11  0.06  0.05  0.04
12  80  0.04  0.13  0.22  0.43  0.84  1.23  1.92  3.26  4.71  5.71  6.44  6.35  5.92  5.31  4.71  4.31  4.00  3.22  2.34  1.99  1.43  0.67  0.34  0.21  0.11  0.06  0.05  0.04
12  85  0.04  0.13  0.22  0.43  0.84  1.22  1.91  3.22  4.67  5.66  6.40  6.35  5.93  5.34  4.72  4.31  3.99  3.22  2.34  2.00  1.43  0.67  0.34  0.21  0.11  0.06  0.05  0.04
12  90  0.04  0.13  0.22  0.43  0.83  1.22  1.91  3.21  4.64  5.60  6.30  6.34  5.98  5.42  4.74  4.28  3.95  3.18  2.29  1.95  1.40  0.67  0.34  0.20  0.11  0.06  0.05  0.04
