     0.010
     0.030
     0.050
     0.100
     0.200
     0.300
     0.500
     1.000
     1.500
     2.000
     3.000
     5.000
     7.000
    10.000
    15.000
    20.000
    30.000
    50.000
    70.000
    80.000
   100.000
   150.000
   200.000
   250.000
   300.000
   400.000
   500.000
   600.000
 1 -90  0.02  0.07  0.11  0.22  0.45  0.68  1.14  2.31  3.34  4.13  5.80  6.74  6.44  5.50  4.62  4.00  3.41  2.81  2.24  1.91  1.28  0.65  0.34  0.19  0.08  0.06  0.03  0.02
 1 -85  0.02  0.07  0.11  0.22  0.45  0.68  1.14  2.30  3.33  4.13  5.82  6.75  6.45  5.50  4.62  4.00  3.41  2.81  2.24  1.90  1.28  0.65  0.34  0.19  0.09  0.06  0.03  0.02
 1 -80  0.02  0.07  0.11  0.22  0.45  0.68  1.13  2.30  3.32  4.14  5.83  6.76  6.45  5.49  4.61  3.99  3.41  2.82  2.23  1.90  1.28  0.65  0.34  0.19  0.09  0.05  0.03  0.02
 1 -75  0.02  0.07  0.12  0.23  0.46  0.70  1.17  2.35  3.39  4.22  5.86  6.89  6.70  5.77  4.94  4.37  3.70  2.88  2.21  1.87  1.26  0.65  0.34  0.19  0.08  0.05  0.03  0.02
 1 -70  0.02  0.07  0.12  0.24  0.48  0.72  1.20  2.41  3.47  4.31  5.88  7.02  6.93  6.04  5.28  4.74  4.03  2.97  2.18  1.83  1.22  0.63  0.35  0.19  0.08  0.05  0.03  0.03
 1 -65  0.02  0.07  0.12  0.25  0.49  0.74  1.24  2.49  3.58  4.45  6.06  7.35  7.40  6.60  5.89  5.39  4.30  2.97  2.03  1.70  1.10  0.56  0.33  0.19  0.11  0.05  0.03  0.03
 1 -60  0.03  0.08  0.13  0.26  0.51  0.77  1.29  2.59  3.71  4.60  6.26  7.67  7.87  7.16  6.49  6.02  4.57  2.98  1.88  1.56  0.99  0.48  0.31  0.20  0.12  0.05  0.03  0.03
 1 -55  0.03  0.08  0.14  0.27  0.54  0.82  1.37  2.75  3.92  4.86  6.52  7.98  8.28  7.75  6.92  6.31  4.49  2.77  1.58  1.30  0.78  0.37  0.25  0.18  0.11  0.05  0.03  0.03
 1 -50  0.03  0.08  0.14  0.28  0.56  0.83  1.39  2.81  4.01  5.00  6.70  8.28  8.72  8.25  7.28  6.60  4.45  2.57  1.29  1.03  0.57  0.25  0.19  0.17  0.09  0.05  0.03  0.03
 1 -45  0.03  0.08  0.14  0.27  0.55  0.83  1.39  2.81  4.02  4.96  6.76  8.61  9.11  8.73  7.47  6.66  4.55  2.58  1.27  1.00  0.53  0.19  0.15  0.11  0.07  0.04  0.03  0.03
 1 -40  0.03  0.08  0.14  0.27  0.55  0.82  1.38  2.79  4.13  5.14  7.06  8.96  9.49  9.04  7.69  6.70  4.55  2.60  1.31  1.02  0.52  0.18  0.13  0.07  0.05  0.04  0.03  0.03
 1 -35  0.03  0.08  0.14  0.28  0.56  0.84  1.41  2.85  3.99  4.97  6.96  9.00  9.54  9.31  7.82  6.85  4.50  2.36  1.05  0.79  0.37  0.15  0.09  0.06  0.04  0.04  0.04  0.03
 1 -30  0.03  0.08  0.14  0.28  0.57  0.85  1.42  2.87  4.12  5.10  7.11  9.21  9.76  9.37  7.98  7.03  4.45  2.07  0.80  0.58  0.24  0.10  0.06  0.05  0.04  0.04  0.04  0.03
 1 -25  0.03  0.09  0.14  0.29  0.58  0.86  1.45  2.93  4.20  5.30  7.43  9.40  9.86  9.44  7.94  6.96  4.36  1.86  0.71  0.50  0.19  0.06  0.04  0.04  0.04  0.04  0.04  0.03
 1 -20  0.03  0.08  0.14  0.28  0.56  0.84  1.40  2.83  4.27  5.42  7.51  9.57 10.19  9.70  8.03  6.92  4.32  1.68  0.60  0.41  0.13  0.05  0.03  0.03  0.03  0.03  0.03  0.03
 1 -15  0.03  0.08  0.14  0.28  0.56  0.84  1.40  2.85  4.34  5.34  7.36  9.65 10.45  9.86  8.08  6.95  4.16  1.64  0.54  0.36  0.13  0.04  0.03  0.03  0.03  0.03  0.03  0.03
 1 -10  0.03  0.08  0.14  0.27  0.55  0.82  1.38  2.79  4.18  5.31  7.27  9.45 10.13  9.84  8.06  7.02  4.05  1.56  0.47  0.32  0.08  0.03  0.03  0.02  0.03  0.03  0.03  0.02
 1  -5  0.03  0.08  0.14  0.27  0.55  0.83  1.39  2.82  4.35  5.49  7.62  9.41 10.01  9.68  7.91  6.85  3.94  1.50  0.45  0.30  0.07  0.03  0.02  0.02  0.02  0.03  0.03  0.02
 1   0  0.03  0.09  0.15  0.30  0.60  0.90  1.52  3.13  4.58  5.75  7.71  9.61 10.21  9.64  7.79  6.69  3.73  1.38  0.41  0.28  0.06  0.03  0.02  0.02  0.02  0.03  0.03  0.02
 1   5  0.03  0.09  0.15  0.30  0.60  0.90  1.52  3.10  4.70  5.82  7.90  9.39  9.68  9.48  7.81  6.65  3.91  1.48  0.47  0.31  0.05  0.03  0.02  0.02  0.02  0.03  0.03  0.03
 1  10  0.03  0.09  0.15  0.30  0.60  0.91  1.52  3.10  4.64  5.88  7.62  8.91  9.15  9.11  7.78  6.69  4.10  1.64  0.54  0.36  0.06  0.03  0.03  0.03  0.03  0.03  0.03  0.03
 1  15  0.03  0.09  0.15  0.30  0.61  0.91  1.54  3.13  4.78  6.03  7.54  8.65  8.86  8.84  7.41  6.45  4.02  1.64  0.58  0.40  0.07  0.03  0.03  0.03  0.03  0.03  0.03  0.03
 1  20  0.03  0.09  0.16  0.31  0.63  0.95  1.60  3.27  4.96  6.31  7.71  8.49  8.77  8.59  7.09  6.23  4.09  1.72  0.59  0.43  0.16  0.04  0.03  0.03  0.03  0.03  0.03  0.03
 1  25  0.03  0.09  0.16  0.31  0.63  0.94  1.58  3.22  5.08  6.28  7.68  8.43  8.49  7.99  6.88  6.39  4.38  2.10  0.79  0.60  0.25  0.05  0.04  0.04  0.03  0.03  0.03  0.03
 1  30  0.03  0.10  0.17  0.33  0.67  1.00  1.69  3.44  5.15  6.48  7.69  8.23  8.27  7.64  6.93  6.59  4.76  2.34  0.93  0.71  0.32  0.09  0.06  0.05  0.04  0.04  0.04  0.03
 1  35  0.03  0.10  0.17  0.35  0.70  1.05  1.77  3.61  5.41  6.71  7.90  8.10  7.90  7.44  6.91  6.52  5.07  2.65  1.22  0.95  0.49  0.24  0.15  0.07  0.05  0.04  0.04  0.04
 1  40  0.04  0.11  0.18  0.37  0.73  1.11  1.86  3.80  5.54  6.84  7.92  8.00  7.57  6.96  6.59  6.43  5.43  3.03  1.65  1.24  0.68  0.35  0.22  0.11  0.07  0.04  0.04  0.04
 1  45  0.04  0.11  0.19  0.37  0.75  1.13  1.91  3.90  5.53  6.78  7.75  7.61  7.10  6.73  6.53  6.35  5.54  3.39  1.89  1.53  0.95  0.50  0.30  0.20  0.08  0.05  0.04  0.04
 1  50  0.04  0.11  0.19  0.38  0.77  1.15  1.94  3.96  5.76  6.91  7.55  7.30  6.63  6.13  6.28  6.31  5.70  3.71  2.16  1.77  1.16  0.61  0.34  0.23  0.09  0.05  0.04  0.04
 1  55  0.04  0.12  0.19  0.39  0.77  1.17  1.96  4.01  5.69  6.58  7.10  6.80  6.30  5.97  6.01  6.02  5.44  3.73  2.33  1.93  1.34  0.68  0.39  0.26  0.09  0.05  0.04  0.04
 1  60  0.04  0.12  0.20  0.39  0.79  1.19  1.99  4.06  5.66  6.46  6.89  6.49  6.09  5.87  5.78  5.71  5.14  3.71  2.53  2.13  1.53  0.74  0.44  0.27  0.10  0.05  0.04  0.04
 1  65  0.04  0.12  0.19  0.39  0.78  1.17  1.96  4.00  5.67  6.42  6.89  6.48  6.19  6.06  5.84  5.68  4.95  3.66  2.54  2.14  1.54  0.74  0.41  0.25  0.10  0.05  0.04  0.04
 1  70  0.04  0.11  0.19  0.38  0.76  1.15  1.93  3.94  5.66  6.38  6.88  6.50  6.30  6.24  5.90  5.64  4.80  3.62  2.54  2.16  1.56  0.74  0.39  0.23  0.10  0.05  0.04  0.04
 1  75  0.04  0.11  0.18  0.36  0.73  1.10  1.85  3.77  5.46  6.09  6.57  6.07  5.81  5.72  5.35  5.08  4.57  3.52  2.64  2.30  1.75  0.77  0.40  0.23  0.10  0.05  0.04  0.04
 1  80  0.04  0.11  0.18  0.35  0.71  1.07  1.80  3.69  5.20  5.78  6.21  5.64  5.31  5.16  4.81  4.52  4.33  3.43  2.72  2.43  1.94  0.81  0.41  0.24  0.10  0.05  0.04  0.04
 1  85  0.04  0.11  0.18  0.35  0.71  1.07  1.80  3.68  5.18  5.75  6.17  5.60  5.28  5.15  4.79  4.51  4.32  3.42  2.72  2.44  1.94  0.81  0.41  0.24  0.10  0.05  0.04  0.04
 1  90  0.04  0.11  0.18  0.35  0.71  1.07  1.80  3.67  5.16  5.72  6.13  5.56  5.25  5.13  4.78  4.49  4.31  3.42  2.72  2.44  1.94  0.81  0.41  0.24  0.10  0.05  0.04  0.04
 2 -90  0.03  0.08  0.14  0.28  0.55  0.83  1.39  2.83  4.12  5.07  6.33  6.35  5.70  4.77  4.29  3.81  2.75  2.60  2.30  1.98  1.39  0.66  0.36  0.21  0.13  0.06  0.03  0.02
 2 -85  0.03  0.08  0.14  0.27  0.55  0.83  1.39  2.82  4.12  5.07  6.34  6.36  5.71  4.76  4.28  3.80  2.75  2.61  2.30  1.97  1.39  0.66  0.36  0.21  0.13  0.06  0.03  0.02
 2 -80  0.03  0.08  0.14  0.27  0.55  0.83  1.39  2.81  4.11  5.08  6.35  6.37  5.72  4.76  4.27  3.80  2.75  2.61  2.30  1.97  1.39  0.66  0.36  0.21  0.13  0.05  0.03  0.02
 2 -75  0.03  0.08  0.14  0.27  0.55  0.82  1.38  2.79  4.09  5.07  6.44  6.72  6.20  5.24  4.67  4.15  2.96  2.61  2.29  1.96  1.37  0.65  0.36  0.20  0.12  0.05  0.03  0.02
 2 -70  0.03  0.08  0.14  0.27  0.54  0.82  1.37  2.76  4.07  5.06  6.52  7.07  6.68  5.72  5.06  4.51  3.25  2.63  2.26  1.92  1.32  0.62  0.37  0.21  0.11  0.05  0.03  0.03
 2 -65  0.03  0.08  0.14  0.28  0.55  0.83  1.39  2.81  4.13  5.14  6.68  7.47  7.24  6.33  5.57  4.97  3.69  2.66  2.08  1.76  1.18  0.55  0.35  0.20  0.12  0.05  0.03  0.03
 2 -60  0.03  0.08  0.14  0.28  0.57  0.85  1.42  2.87  4.20  5.24  6.85  7.88  7.80  6.94  6.09  5.43  4.13  2.70  1.91  1.60  1.05  0.48  0.32  0.20  0.12  0.05  0.03  0.03
 2 -55  0.03  0.09  0.15  0.30  0.60  0.89  1.50  3.02  4.38  5.45  7.05  8.16  8.21  7.54  6.65  5.95  4.27  2.58  1.56  1.29  0.80  0.35  0.25  0.18  0.11  0.05  0.04  0.03
 2 -50  0.03  0.09  0.15  0.30  0.61  0.91  1.53  3.08  4.45  5.57  7.20  8.43  8.66  8.09  7.18  6.49  4.39  2.46  1.23  0.99  0.55  0.24  0.17  0.14  0.09  0.05  0.04  0.03
 2 -45  0.03  0.09  0.15  0.30  0.60  0.90  1.51  3.07  4.40  5.47  7.19  8.74  9.05  8.58  7.43  6.60  4.49  2.41  1.23  0.95  0.48  0.18  0.16  0.09  0.06  0.04  0.03  0.03
 2 -40  0.03  0.09  0.15  0.30  0.60  0.90  1.50  3.05  4.48  5.59  7.41  9.09  9.51  9.03  7.70  6.68  4.50  2.38  1.24  0.94  0.44  0.16  0.11  0.06  0.05  0.04  0.03  0.03
 2 -35  0.03  0.09  0.15  0.30  0.60  0.90  1.50  3.04  4.27  5.34  7.24  9.09  9.56  9.30  7.80  6.74  4.39  2.19  1.00  0.74  0.33  0.13  0.08  0.05  0.04  0.04  0.03  0.03
 2 -30  0.03  0.09  0.15  0.30  0.60  0.90  1.50  3.03  4.34  5.39  7.32  9.25  9.77  9.43  7.94  6.87  4.30  1.97  0.79  0.56  0.22  0.09  0.05  0.04  0.04  0.03  0.03  0.03
 2 -25  0.03  0.09  0.15  0.29  0.59  0.89  1.49  3.01  4.29  5.40  7.48  9.45  9.97  9.62  7.98  6.86  4.21  1.84  0.68  0.48  0.18  0.06  0.04  0.03  0.03  0.03  0.03  0.03
 2 -20  0.03  0.08  0.14  0.28  0.56  0.85  1.42  2.87  4.30  5.48  7.48  9.54 10.32 10.00  8.13  6.88  4.17  1.68  0.56  0.38  0.12  0.04  0.03  0.03  0.03  0.03  0.03  0.03
 2 -15  0.03  0.08  0.14  0.28  0.56  0.84  1.41  2.86  4.29  5.22  7.22  9.65 10.58 10.12  8.16  6.93  4.08  1.59  0.52  0.35  0.12  0.04  0.03  0.03  0.03  0.03  0.03  0.03
 2 -10  0.03  0.08  0.13  0.27  0.54  0.82  1.37  2.78  4.07  5.12  7.01  9.40 10.37 10.21  8.17  7.01  4.04  1.48  0.48  0.32  0.08  0.03  0.02  0.02  0.02  0.03  0.03  0.02
 2  -5  0.03  0.08  0.13  0.27  0.54  0.81  1.37  2.79  4.20  5.26  7.32  9.34 10.31 10.11  7.84  6.57  3.88  1.45  0.47  0.32  0.07  0.03  0.02  0.02  0.02  0.02  0.02  0.02
 2   0  0.03  0.09  0.15  0.29  0.59  0.90  1.51  3.12  4.45  5.59  7.54  9.78 10.79 10.28  7.59  6.10  3.60  1.32  0.44  0.31  0.06  0.03  0.02  0.02  0.02  0.03  0.03  0.02
 2   5  0.03  0.09  0.15  0.29  0.59  0.88  1.49  3.05  4.55  5.60  7.69  9.48 10.17 10.05  7.72  6.34  3.80  1.44  0.51  0.34  0.06  0.03  0.02  0.02  0.02  0.03  0.03  0.03
 2  10  0.03  0.09  0.14  0.29  0.58  0.88  1.47  3.00  4.42  5.54  7.40  9.00  9.52  9.50  7.85  6.68  4.01  1.62  0.60  0.40  0.06  0.03  0.03  0.02  0.03  0.03  0.03  0.03
 2  15  0.03  0.09  0.15  0.29  0.59  0.88  1.48  3.02  4.61  5.72  7.43  8.75  9.11  9.13  7.62  6.64  4.08  1.70  0.66  0.46  0.07  0.03  0.03  0.03  0.03  0.03  0.03  0.03
 2  20  0.03  0.09  0.15  0.30  0.61  0.92  1.55  3.16  4.73  5.98  7.59  8.68  9.08  8.94  7.49  6.67  4.33  1.84  0.70  0.50  0.09  0.04  0.03  0.03  0.03  0.03  0.04  0.03
 2  25  0.03  0.09  0.15  0.31  0.62  0.93  1.56  3.16  4.92  6.04  7.57  8.57  8.73  8.30  7.15  6.58  4.55  2.18  0.88  0.66  0.26  0.06  0.04  0.04  0.04  0.04  0.04  0.03
 2  30  0.03  0.10  0.16  0.32  0.65  0.98  1.65  3.37  5.05  6.35  7.71  8.40  8.51  7.97  7.06  6.55  4.87  2.35  1.00  0.75  0.31  0.18  0.07  0.06  0.05  0.04  0.04  0.04
 2  35  0.03  0.10  0.17  0.34  0.69  1.03  1.73  3.53  5.36  6.65  8.03  8.34  8.22  7.74  7.04  6.55  5.13  2.78  1.29  0.99  0.47  0.30  0.21  0.09  0.06  0.04  0.04  0.04
 2  40  0.04  0.11  0.18  0.36  0.72  1.09  1.83  3.74  5.49  6.81  8.08  8.31  7.96  7.28  6.74  6.48  5.39  3.24  1.70  1.26  0.66  0.42  0.29  0.13  0.08  0.05  0.04  0.04
 2  45  0.04  0.11  0.18  0.37  0.74  1.11  1.87  3.83  5.56  6.90  8.12  8.09  7.57  7.12  6.73  6.38  5.56  3.59  1.96  1.57  0.96  0.55  0.37  0.23  0.09  0.05  0.04  0.04
 2  50  0.04  0.11  0.19  0.37  0.75  1.13  1.90  3.87  5.79  7.14  8.00  7.82  7.11  6.54  6.45  6.30  5.75  3.87  2.27  1.86  1.19  0.65  0.40  0.28  0.10  0.05  0.04  0.04
 2  55  0.04  0.12  0.19  0.39  0.78  1.17  1.96  4.01  5.85  7.02  7.70  7.47  6.84  6.39  6.27  6.17  5.70  3.98  2.45  2.02  1.38  0.70  0.44  0.30  0.11  0.05  0.04  0.04
 2  60  0.04  0.12  0.20  0.40  0.81  1.22  2.05  4.18  5.96  7.08  7.61  7.21  6.62  6.24  6.11  6.03  5.65  4.06  2.65  2.22  1.57  0.77  0.48  0.31  0.11  0.05  0.04  0.04
 2  65  0.04  0.12  0.20  0.40  0.81  1.22  2.05  4.19  5.88  6.88  7.38  7.01  6.56  6.28  6.06  5.91  5.44  3.92  2.76  2.34  1.71  0.83  0.48  0.30  0.11  0.05  0.04  0.04
 2  70  0.04  0.12  0.20  0.40  0.81  1.22  2.05  4.18  5.82  6.70  7.16  6.80  6.50  6.34  6.01  5.78  5.28  3.80  2.86  2.46  1.84  0.89  0.47  0.29  0.11  0.05  0.04  0.04
 2  75  0.04  0.12  0.20  0.40  0.81  1.21  2.04  4.16  5.68  6.40  7.05  6.88  6.74  6.65  6.19  5.87  5.32  3.74  2.91  2.52  1.89  0.94  0.49  0.29  0.12  0.06  0.04  0.04
 2  80  0.04  0.12  0.20  0.40  0.80  1.21  2.02  4.12  5.52  6.08  6.93  6.99  6.98  6.95  6.37  5.96  5.36  3.66  2.94  2.56  1.92  0.97  0.50  0.29  0.12  0.06  0.04  0.04
 2  85  0.04  0.12  0.20  0.40  0.80  1.20  2.02  4.11  5.50  6.05  6.89  6.95  6.95  6.93  6.35  5.94  5.35  3.66  2.93  2.56  1.92  0.97  0.50  0.29  0.12  0.06  0.04  0.04
 2  90  0.04  0.12  0.20  0.40  0.80  1.20  2.02  4.10  5.48  6.01  6.84  6.91  6.92  6.91  6.34  5.93  5.34  3.65  2.93  2.56  1.92  0.97  0.50  0.29  0.12  0.06  0.04  0.04
 3 -90  0.04  0.12  0.20  0.40  0.81  1.21  2.04  4.16  5.55  6.41  6.48  5.88  5.18  4.50  3.86  3.14  2.57  2.61  2.44  2.11  1.50  0.59  0.33  0.19  0.11  0.05  0.03  0.02
 3 -85  0.04  0.12  0.20  0.40  0.81  1.21  2.04  4.15  5.55  6.41  6.49  5.89  5.19  4.49  3.86  3.14  2.57  2.61  2.44  2.10  1.50  0.59  0.33  0.19  0.11  0.05  0.03  0.02
 3 -80  0.04  0.12  0.20  0.40  0.81  1.21  2.04  4.14  5.54  6.41  6.50  5.90  5.19  4.48  3.85  3.13  2.57  2.61  2.43  2.10  1.50  0.59  0.33  0.19  0.11  0.05  0.03  0.03
 3 -75  0.04  0.11  0.19  0.38  0.77  1.16  1.94  3.94  5.47  6.47  6.91  6.43  5.69  4.89  4.18  3.43  2.69  2.59  2.40  2.05  1.46  0.58  0.32  0.19  0.11  0.05  0.03  0.03
 3 -70  0.04  0.11  0.18  0.36  0.73  1.10  1.84  3.74  5.38  6.52  7.31  6.96  6.19  5.29  4.50  3.77  2.89  2.57  2.31  1.98  1.38  0.56  0.32  0.19  0.11  0.05  0.03  0.03
 3 -65  0.04  0.11  0.18  0.35  0.71  1.07  1.79  3.62  5.28  6.48  7.49  7.43  6.77  5.85  5.11  4.48  3.33  2.60  2.09  1.78  1.23  0.51  0.30  0.18  0.12  0.05  0.03  0.03
 3 -60  0.03  0.10  0.17  0.34  0.69  1.03  1.73  3.51  5.20  6.45  7.69  7.90  7.35  6.41  5.71  5.16  3.75  2.65  1.88  1.59  1.08  0.45  0.28  0.18  0.11  0.05  0.03  0.03
 3 -55  0.03  0.10  0.17  0.35  0.69  1.04  1.75  3.53  5.24  6.49  7.80  8.20  7.81  6.99  6.28  5.76  4.20  2.62  1.57  1.32  0.84  0.34  0.23  0.17  0.10  0.05  0.03  0.03
 3 -50  0.03  0.10  0.17  0.34  0.69  1.03  1.73  3.50  5.22  6.50  7.92  8.50  8.31  7.56  6.86  6.36  4.60  2.57  1.30  1.05  0.62  0.24  0.17  0.12  0.07  0.04  0.03  0.03
 3 -45  0.03  0.10  0.17  0.33  0.67  1.00  1.69  3.43  5.05  6.30  7.85  8.82  8.79  8.15  7.10  6.30  4.50  2.49  1.25  0.97  0.52  0.17  0.14  0.08  0.05  0.04  0.03  0.03
 3 -40  0.03  0.10  0.16  0.33  0.66  0.99  1.65  3.36  4.98  6.25  7.94  9.17  9.33  8.76  7.29  6.16  4.36  2.42  1.18  0.90  0.45  0.14  0.10  0.06  0.04  0.03  0.03  0.03
 3 -35  0.03  0.10  0.16  0.32  0.64  0.96  1.61  3.27  4.72  5.91  7.71  9.19  9.48  9.11  7.72  6.68  4.37  2.24  0.95  0.71  0.32  0.13  0.07  0.05  0.04  0.03  0.03  0.03
 3 -30  0.03  0.09  0.16  0.31  0.63  0.95  1.59  3.22  4.68  5.86  7.69  9.32  9.71  9.39  8.18  7.27  4.41  2.03  0.75  0.54  0.19  0.08  0.05  0.04  0.03  0.03  0.03  0.03
 3 -25  0.03  0.09  0.15  0.31  0.61  0.92  1.55  3.14  4.51  5.67  7.65  9.46  9.97  9.69  8.27  7.29  4.29  1.83  0.61  0.43  0.15  0.05  0.03  0.03  0.03  0.03  0.03  0.03
 3 -20  0.03  0.09  0.15  0.29  0.58  0.88  1.47  2.99  4.48  5.72  7.58  9.42 10.26 10.18  8.46  7.31  4.22  1.55  0.47  0.31  0.09  0.04  0.03  0.03  0.03  0.03  0.03  0.03
 3 -15  0.03  0.09  0.14  0.29  0.58  0.87  1.46  2.97  4.37  5.30  7.16  9.45 10.45 10.29  8.36  7.12  4.13  1.52  0.46  0.31  0.10  0.03  0.02  0.02  0.02  0.03  0.03  0.02
 3 -10  0.03  0.08  0.14  0.28  0.56  0.85  1.42  2.91  4.11  5.08  6.76  9.10 10.28 10.44  8.24  6.97  4.11  1.49  0.47  0.31  0.12  0.03  0.02  0.02  0.02  0.03  0.02  0.02
 3  -5  0.03  0.08  0.14  0.28  0.56  0.84  1.41  2.90  4.15  5.10  6.93  8.97 10.21 10.39  8.08  6.81  4.02  1.47  0.47  0.32  0.06  0.03  0.02  0.02  0.02  0.02  0.02  0.02
 3   0  0.03  0.09  0.15  0.30  0.60  0.90  1.52  3.15  4.31  5.36  7.14  9.43 10.77 10.68  8.01  6.57  3.81  1.34  0.45  0.31  0.13  0.03  0.02  0.02  0.02  0.02  0.02  0.02
 3   5  0.03  0.09  0.15  0.29  0.59  0.89  1.49  3.07  4.43  5.34  7.27  9.18 10.25 10.45  8.00  6.70  3.96  1.44  0.50  0.33  0.06  0.03  0.02  0.02  0.02  0.03  0.03  0.03
 3  10  0.03  0.09  0.14  0.29  0.58  0.87  1.46  2.99  4.24  5.16  7.02  8.78  9.64  9.81  8.04  6.93  4.15  1.61  0.58  0.39  0.06  0.03  0.02  0.02  0.03  0.03  0.03  0.03
 3  15  0.03  0.09  0.14  0.29  0.58  0.88  1.47  3.00  4.47  5.43  7.25  8.69  9.23  9.36  7.70  6.65  4.14  1.69  0.64  0.45  0.07  0.03  0.03  0.03  0.03  0.03  0.04  0.03
 3  20  0.03  0.09  0.15  0.30  0.61  0.92  1.54  3.15  4.60  5.71  7.42  8.77  9.29  9.20  7.49  6.47  4.31  1.79  0.67  0.48  0.19  0.04  0.03  0.03  0.03  0.04  0.04  0.04
 3  25  0.03  0.09  0.15  0.31  0.62  0.93  1.56  3.16  4.77  5.83  7.44  8.67  8.95  8.64  7.28  6.48  4.50  2.23  0.89  0.68  0.30  0.07  0.05  0.04  0.04  0.04  0.04  0.04
 3  30  0.03  0.10  0.16  0.32  0.64  0.96  1.62  3.30  4.91  6.14  7.68  8.58  8.79  8.40  7.27  6.58  4.79  2.51  1.07  0.82  0.39  0.20  0.09  0.06  0.05  0.04  0.04  0.04
 3  35  0.03  0.10  0.16  0.33  0.66  1.00  1.67  3.41  5.19  6.45  8.11  8.68  8.68  8.21  7.29  6.64  4.91  2.87  1.36  1.06  0.57  0.31  0.22  0.09  0.06  0.05  0.04  0.04
 3  40  0.03  0.10  0.17  0.34  0.69  1.04  1.75  3.58  5.27  6.58  8.16  8.79  8.60  7.87  7.05  6.59  5.01  3.22  1.74  1.32  0.77  0.42  0.30  0.13  0.08  0.05  0.04  0.04
 3  45  0.03  0.10  0.17  0.34  0.69  1.04  1.75  3.59  5.40  6.78  8.43  8.74  8.28  7.70  6.99  6.44  5.30  3.54  1.93  1.57  1.00  0.55  0.39  0.24  0.10  0.05  0.04  0.04
 3  50  0.03  0.10  0.17  0.34  0.69  1.04  1.74  3.56  5.57  7.07  8.41  8.52  7.82  7.15  6.67  6.27  5.58  3.79  2.20  1.81  1.17  0.66  0.43  0.30  0.11  0.06  0.05  0.04
 3  55  0.04  0.11  0.18  0.35  0.71  1.07  1.80  3.69  5.66  7.04  8.22  8.21  7.54  6.92  6.51  6.21  5.58  3.95  2.43  2.02  1.36  0.75  0.48  0.33  0.12  0.06  0.05  0.04
 3  60  0.04  0.11  0.19  0.37  0.75  1.12  1.89  3.85  5.83  7.21  8.20  7.98  7.28  6.67  6.34  6.14  5.58  4.11  2.70  2.26  1.56  0.86  0.54  0.35  0.13  0.06  0.05  0.04
 3  65  0.04  0.11  0.19  0.38  0.77  1.16  1.94  3.96  5.85  7.15  7.98  7.69  7.04  6.50  6.15  5.92  5.37  4.12  2.85  2.42  1.76  0.95  0.60  0.37  0.13  0.06  0.05  0.04
 3  70  0.04  0.12  0.20  0.39  0.79  1.19  2.00  4.07  5.88  7.09  7.76  7.39  6.79  6.33  5.96  5.70  5.18  4.13  3.00  2.59  1.95  1.04  0.65  0.39  0.14  0.06  0.05  0.04
 3  75  0.04  0.12  0.20  0.39  0.79  1.19  2.00  4.07  5.78  6.90  7.52  7.25  6.81  6.45  5.90  5.51  5.11  4.15  3.05  2.66  2.01  1.09  0.64  0.38  0.19  0.06  0.05  0.04
 3  80  0.04  0.12  0.20  0.39  0.79  1.19  2.00  4.07  5.68  6.70  7.27  7.11  6.82  6.58  5.83  5.33  5.04  4.14  3.08  2.70  2.05  1.12  0.63  0.37  0.18  0.06  0.05  0.04
 3  85  0.04  0.12  0.20  0.39  0.79  1.19  2.00  4.06  5.65  6.67  7.23  7.07  6.79  6.56  5.82  5.31  5.03  4.14  3.08  2.70  2.05  1.12  0.63  0.37  0.18  0.06  0.05  0.04
 3  90  0.04  0.12  0.20  0.39  0.79  1.19  2.00  4.05  5.63  6.63  7.18  7.03  6.75  6.54  5.80  5.30  5.02  4.13  3.07  2.70  2.05  1.12  0.63  0.37  0.18  0.06  0.05  0.04
 4 -90  0.05  0.16  0.27  0.53  1.07  1.61  2.72  5.59  6.37  6.53  6.22  5.47  4.87  4.24  3.57  2.73  2.26  2.86  2.43  2.08  1.38  0.47  0.29  0.18  0.10  0.04  0.03  0.03
 4 -85  0.05  0.16  0.27  0.53  1.07  1.61  2.72  5.59  6.36  6.54  6.23  5.48  4.88  4.24  3.56  2.73  2.26  2.86  2.42  2.08  1.38  0.47  0.29  0.18  0.11  0.04  0.03  0.03
 4 -80  0.05  0.16  0.27  0.53  1.07  1.61  2.72  5.58  6.36  6.54  6.24  5.49  4.88  4.23  3.56  2.72  2.26  2.86  2.42  2.07  1.38  0.47  0.29  0.18  0.11  0.04  0.03  0.03
 4 -75  0.05  0.15  0.26  0.51  1.03  1.55  2.61  5.34  6.56  7.00  6.78  5.97  5.31  4.61  3.97  3.17  2.57  2.81  2.37  2.04  1.39  0.46  0.28  0.17  0.10  0.05  0.03  0.03
 4 -70  0.05  0.15  0.25  0.49  0.99  1.49  2.50  5.11  6.70  7.46  7.31  6.49  5.74  4.99  4.35  3.67  2.99  2.76  2.28  1.98  1.37  0.44  0.27  0.17  0.10  0.05  0.03  0.03
 4 -65  0.05  0.14  0.24  0.47  0.95  1.43  2.39  4.87  6.63  7.55  7.67  7.04  6.27  5.47  4.85  4.33  3.47  2.77  2.09  1.79  1.23  0.40  0.25  0.16  0.10  0.05  0.03  0.03
 4 -60  0.05  0.14  0.23  0.45  0.91  1.37  2.29  4.65  6.56  7.66  8.03  7.57  6.79  5.96  5.36  4.96  3.93  2.80  1.91  1.61  1.08  0.36  0.22  0.15  0.09  0.05  0.03  0.03
 4 -55  0.04  0.13  0.22  0.43  0.87  1.31  2.20  4.46  6.43  7.62  8.20  7.91  7.21  6.42  5.94  5.69  4.39  2.74  1.63  1.35  0.83  0.29  0.18  0.14  0.08  0.04  0.03  0.03
 4 -50  0.04  0.12  0.21  0.41  0.83  1.25  2.09  4.24  6.32  7.63  8.42  8.25  7.72  6.90  6.57  6.45  4.80  2.64  1.38  1.09  0.59  0.22  0.13  0.10  0.06  0.04  0.03  0.03
 4 -45  0.04  0.12  0.20  0.39  0.78  1.18  1.98  4.04  6.02  7.36  8.41  8.64  8.29  7.56  6.89  6.35  4.64  2.51  1.34  1.02  0.51  0.18  0.11  0.08  0.05  0.03  0.03  0.03
 4 -40  0.04  0.11  0.19  0.37  0.75  1.13  1.90  3.87  5.73  7.13  8.44  9.03  8.85  8.21  7.04  6.16  4.49  2.39  1.25  0.94  0.45  0.14  0.10  0.06  0.04  0.03  0.03  0.03
 4 -35  0.04  0.11  0.18  0.35  0.71  1.07  1.79  3.64  5.36  6.63  8.17  9.11  9.17  8.67  7.26  6.19  4.31  2.18  1.06  0.80  0.37  0.13  0.08  0.05  0.04  0.03  0.03  0.03
 4 -30  0.03  0.10  0.17  0.34  0.68  1.02  1.71  3.48  5.14  6.41  8.03  9.27  9.48  9.12  7.50  6.28  4.17  1.99  0.88  0.66  0.29  0.09  0.05  0.04  0.03  0.03  0.03  0.03
 4 -25  0.03  0.10  0.16  0.33  0.65  0.98  1.65  3.36  4.88  6.10  7.88  9.37  9.83  9.56  7.82  6.61  4.18  1.86  0.68  0.50  0.20  0.05  0.03  0.03  0.03  0.03  0.03  0.03
 4 -20  0.03  0.09  0.16  0.31  0.63  0.94  1.58  3.22  4.85  6.15  7.80  9.28 10.09 10.21  8.24  6.93  4.22  1.62  0.49  0.34  0.11  0.04  0.03  0.02  0.02  0.03  0.03  0.03
 4 -15  0.03  0.09  0.15  0.31  0.61  0.93  1.56  3.19  4.66  5.69  7.43  9.31 10.16 10.26  8.32  7.03  4.15  1.53  0.45  0.31  0.11  0.03  0.02  0.02  0.02  0.02  0.03  0.02
 4 -10  0.03  0.09  0.15  0.30  0.61  0.91  1.54  3.15  4.42  5.44  6.99  8.94 10.00 10.35  8.38  7.18  4.19  1.45  0.44  0.30  0.12  0.03  0.02  0.02  0.02  0.02  0.02  0.02
 4  -5  0.03  0.09  0.15  0.30  0.60  0.91  1.53  3.14  4.38  5.34  7.03  8.78  9.86 10.28  8.29  7.15  4.17  1.47  0.43  0.30  0.13  0.02  0.02  0.02  0.02  0.02  0.02  0.02
 4   0  0.03  0.09  0.15  0.31  0.62  0.93  1.57  3.25  4.44  5.46  7.15  9.16 10.35 10.56  8.28  7.03  4.05  1.37  0.42  0.29  0.13  0.02  0.02  0.02  0.02  0.02  0.02  0.02
 4   5  0.03  0.09  0.15  0.30  0.61  0.92  1.55  3.18  4.52  5.39  7.20  8.97 10.03 10.36  8.13  7.02  4.19  1.47  0.58  0.39  0.14  0.02  0.02  0.02  0.02  0.02  0.03  0.02
 4  10  0.03  0.09  0.15  0.30  0.59  0.89  1.50  3.06  4.23  5.09  6.93  8.65  9.56  9.72  8.05  7.13  4.40  1.64  0.77  0.52  0.17  0.03  0.02  0.02  0.02  0.03  0.03  0.03
 4  15  0.03  0.09  0.15  0.30  0.59  0.89  1.50  3.06  4.44  5.37  7.25  8.71  9.24  9.30  7.78  6.87  4.35  1.76  0.86  0.59  0.19  0.03  0.03  0.03  0.03  0.03  0.04  0.03
 4  20  0.03  0.09  0.15  0.31  0.61  0.93  1.56  3.18  4.57  5.62  7.39  8.88  9.37  9.15  7.65  6.75  4.42  1.87  0.91  0.63  0.21  0.05  0.03  0.03  0.03  0.04  0.04  0.04
 4  25  0.03  0.09  0.15  0.31  0.62  0.93  1.56  3.17  4.64  5.68  7.37  8.75  9.05  8.76  7.51  6.70  4.55  2.20  1.05  0.78  0.32  0.08  0.05  0.04  0.04  0.04  0.04  0.04
 4  30  0.03  0.09  0.15  0.31  0.62  0.94  1.57  3.20  4.74  5.89  7.56  8.66  8.94  8.66  7.52  6.77  4.77  2.41  1.17  0.88  0.41  0.16  0.09  0.06  0.05  0.04  0.04  0.04
 4  35  0.03  0.09  0.16  0.31  0.63  0.94  1.59  3.24  4.86  6.05  7.86  8.77  8.98  8.59  7.52  6.78  4.79  2.71  1.40  1.08  0.58  0.34  0.15  0.08  0.06  0.05  0.04  0.04
 4  40  0.03  0.09  0.16  0.32  0.64  0.96  1.62  3.32  4.80  5.99  7.69  8.87  9.04  8.44  7.34  6.69  4.79  2.97  1.68  1.29  0.77  0.44  0.30  0.12  0.07  0.05  0.04  0.04
 4  45  0.03  0.09  0.16  0.31  0.63  0.95  1.59  3.27  4.89  6.13  8.01  8.94  8.83  8.27  7.24  6.53  4.91  3.22  1.81  1.48  0.94  0.53  0.38  0.16  0.09  0.06  0.05  0.04
 4  50  0.03  0.09  0.15  0.31  0.61  0.92  1.55  3.18  4.90  6.27  7.98  8.77  8.43  7.81  6.95  6.32  5.02  3.41  2.02  1.67  1.06  0.61  0.42  0.30  0.11  0.06  0.05  0.04
 4  55  0.03  0.09  0.15  0.30  0.61  0.92  1.55  3.17  4.86  6.19  7.88  8.53  8.16  7.50  6.64  6.04  5.11  3.61  2.24  1.87  1.24  0.69  0.47  0.33  0.13  0.06  0.05  0.05
 4  60  0.03  0.09  0.16  0.31  0.63  0.95  1.59  3.26  4.98  6.34  7.92  8.37  7.88  7.14  6.32  5.78  5.22  3.84  2.50  2.10  1.43  0.79  0.55  0.36  0.14  0.07  0.05  0.05
 4  65  0.03  0.09  0.16  0.32  0.64  0.96  1.61  3.28  4.97  6.30  7.73  8.01  7.48  6.75  6.11  5.67  5.10  3.87  2.70  2.28  1.58  0.93  0.66  0.41  0.15  0.07  0.05  0.05
 4  70  0.03  0.10  0.16  0.32  0.64  0.96  1.62  3.30  4.95  6.26  7.54  7.65  7.07  6.35  5.89  5.55  4.97  3.91  2.89  2.45  1.73  1.07  0.76  0.46  0.24  0.07  0.05  0.05
 4  75  0.03  0.10  0.16  0.33  0.65  0.98  1.65  3.35  4.91  6.15  7.20  7.19  6.62  5.98  5.68  5.45  4.92  3.98  3.00  2.56  1.86  1.14  0.77  0.46  0.23  0.07  0.05  0.05
 4  80  0.03  0.10  0.17  0.33  0.67  1.00  1.68  3.41  4.87  6.04  6.85  6.72  6.17  5.61  5.48  5.36  4.88  4.03  3.07  2.65  1.96  1.19  0.78  0.45  0.22  0.07  0.05  0.05
 4  85  0.03  0.10  0.17  0.33  0.66  1.00  1.68  3.40  4.85  6.01  6.81  6.68  6.14  5.60  5.46  5.35  4.87  4.03  3.07  2.65  1.96  1.19  0.78  0.45  0.22  0.07  0.05  0.04
 4  90  0.03  0.10  0.17  0.33  0.66  1.00  1.67  3.38  4.82  5.98  6.76  6.63  6.11  5.58  5.45  5.33  4.86  4.03  3.07  2.65  1.96  1.19  0.78  0.45  0.22  0.07  0.05  0.04
 5 -90  0.06  0.17  0.29  0.58  1.18  1.78  3.01  6.22  6.87  7.06  6.34  4.91  4.08  3.39  3.10  2.79  3.01  2.98  2.32  1.96  1.31  0.47  0.25  0.15  0.08  0.04  0.03  0.03
 5 -85  0.06  0.17  0.29  0.58  1.18  1.78  3.00  6.21  6.86  7.06  6.35  4.92  4.08  3.38  3.10  2.79  3.01  2.98  2.32  1.96  1.31  0.47  0.25  0.15  0.08  0.04  0.03  0.03
 5 -80  0.06  0.17  0.29  0.58  1.18  1.78  3.00  6.21  6.85  7.06  6.36  4.93  4.09  3.38  3.09  2.78  3.01  2.98  2.31  1.95  1.31  0.47  0.25  0.15  0.08  0.04  0.03  0.03
 5 -75  0.06  0.17  0.28  0.57  1.15  1.73  2.92  6.03  6.91  7.28  6.81  5.57  4.81  4.10  3.64  3.15  3.06  2.84  2.16  1.82  1.24  0.44  0.23  0.14  0.08  0.04  0.03  0.03
 5 -70  0.05  0.16  0.27  0.55  1.11  1.67  2.82  5.80  6.93  7.47  7.23  6.23  5.54  4.84  4.24  3.59  3.12  2.68  1.97  1.67  1.14  0.41  0.22  0.14  0.08  0.04  0.03  0.03
 5 -65  0.06  0.17  0.28  0.55  1.11  1.67  2.82  5.77  7.15  7.78  7.51  6.59  5.91  5.21  4.84  4.36  3.69  2.78  1.90  1.59  1.03  0.39  0.21  0.14  0.08  0.04  0.03  0.03
 5 -60  0.06  0.17  0.28  0.55  1.11  1.67  2.81  5.74  7.37  8.11  7.81  6.96  6.28  5.57  5.30  5.08  4.33  2.92  1.84  1.50  0.92  0.38  0.21  0.15  0.08  0.04  0.03  0.03
 5 -55  0.05  0.16  0.27  0.53  1.07  1.61  2.69  5.48  7.32  8.25  8.09  7.39  6.65  5.92  5.63  5.56  4.63  2.77  1.65  1.33  0.76  0.35  0.20  0.15  0.07  0.04  0.03  0.03
 5 -50  0.05  0.15  0.26  0.51  1.03  1.54  2.59  5.27  7.35  8.53  8.46  7.81  7.12  6.32  6.04  6.07  4.86  2.56  1.48  1.16  0.61  0.34  0.18  0.10  0.06  0.04  0.03  0.03
 5 -45  0.05  0.14  0.23  0.47  0.94  1.42  2.39  4.88  7.02  8.27  8.63  8.31  7.79  7.05  6.53  6.14  4.74  2.48  1.41  1.07  0.50  0.29  0.15  0.08  0.05  0.03  0.03  0.03
 5 -40  0.04  0.13  0.21  0.43  0.86  1.30  2.18  4.46  6.54  7.92  8.72  8.72  8.31  7.66  6.74  6.12  4.67  2.41  1.30  0.97  0.43  0.24  0.12  0.07  0.04  0.03  0.03  0.03
 5 -35  0.04  0.12  0.20  0.39  0.79  1.19  2.00  4.08  6.00  7.31  8.44  8.84  8.71  8.13  7.19  6.50  4.56  2.18  1.08  0.79  0.34  0.19  0.09  0.05  0.04  0.03  0.03  0.03
 5 -30  0.04  0.11  0.18  0.36  0.73  1.10  1.85  3.77  5.62  6.95  8.25  9.01  9.01  8.58  7.63  6.91  4.52  2.01  0.86  0.63  0.23  0.10  0.06  0.04  0.03  0.03  0.03  0.03
 5 -25  0.03  0.10  0.17  0.35  0.70  1.05  1.77  3.61  5.28  6.52  8.04  9.10  9.43  9.11  7.81  6.93  4.41  1.94  0.70  0.51  0.18  0.06  0.04  0.03  0.03  0.03  0.03  0.03
 5 -20  0.03  0.10  0.17  0.33  0.67  1.01  1.70  3.47  5.22  6.53  7.97  9.02  9.68  9.85  8.07  6.92  4.31  1.77  0.55  0.39  0.12  0.04  0.03  0.02  0.02  0.03  0.03  0.03
 5 -15  0.03  0.10  0.16  0.32  0.65  0.98  1.65  3.39  4.98  6.14  7.76  9.16  9.76  9.96  8.28  7.09  4.26  1.63  0.46  0.33  0.11  0.03  0.02  0.02  0.02  0.03  0.03  0.03
 5 -10  0.03  0.10  0.16  0.32  0.65  0.98  1.64  3.37  4.78  5.91  7.39  8.92  9.70 10.04  8.40  7.30  4.34  1.53  0.41  0.29  0.11  0.03  0.02  0.02  0.02  0.02  0.02  0.02
 5  -5  0.03  0.10  0.16  0.32  0.64  0.97  1.64  3.38  4.68  5.71  7.36  8.83  9.53  9.95  8.22  7.07  4.14  1.39  0.36  0.26  0.11  0.02  0.02  0.02  0.02  0.02  0.02  0.02
 5   0  0.03  0.09  0.16  0.32  0.63  0.96  1.62  3.34  4.64  5.67  7.37  9.08  9.84 10.14  8.08  6.76  3.87  1.15  0.32  0.22  0.11  0.02  0.02  0.02  0.02  0.02  0.02  0.02
 5   5  0.03  0.09  0.16  0.31  0.63  0.95  1.60  3.29  4.66  5.56  7.31  8.94  9.82 10.10  8.06  6.97  4.18  1.40  0.47  0.33  0.16  0.03  0.02  0.02  0.02  0.02  0.02  0.02
 5  10  0.03  0.09  0.15  0.30  0.61  0.92  1.54  3.14  4.29  5.18  6.99  8.66  9.56  9.70  8.12  7.30  4.58  1.69  0.67  0.48  0.22  0.03  0.02  0.02  0.02  0.03  0.03  0.03
 5  15  0.03  0.09  0.15  0.30  0.61  0.91  1.53  3.13  4.41  5.39  7.27  8.81  9.38  9.38  7.94  7.14  4.49  1.85  0.76  0.56  0.25  0.03  0.03  0.03  0.03  0.03  0.03  0.03
 5  20  0.03  0.09  0.15  0.31  0.62  0.94  1.57  3.21  4.54  5.55  7.31  8.97  9.53  9.22  7.90  7.11  4.45  1.97  0.82  0.60  0.28  0.05  0.04  0.03  0.03  0.04  0.04  0.03
 5  25  0.03  0.09  0.15  0.31  0.61  0.92  1.55  3.16  4.50  5.52  7.26  8.79  9.16  8.93  7.76  6.93  4.62  2.21  0.98  0.74  0.36  0.09  0.05  0.04  0.04  0.04  0.04  0.04
 5  30  0.03  0.09  0.15  0.30  0.60  0.91  1.53  3.11  4.54  5.59  7.34  8.62  9.01  8.85  7.69  6.86  4.86  2.38  1.12  0.87  0.44  0.15  0.08  0.05  0.05  0.04  0.04  0.04
 5  35  0.03  0.09  0.15  0.30  0.60  0.91  1.53  3.12  4.58  5.68  7.51  8.66  9.04  8.79  7.64  6.82  4.86  2.64  1.30  1.02  0.57  0.32  0.12  0.07  0.05  0.05  0.04  0.04
 5  40  0.03  0.09  0.15  0.30  0.61  0.92  1.54  3.16  4.43  5.51  7.15  8.62  9.08  8.71  7.47  6.71  4.87  2.86  1.51  1.19  0.72  0.41  0.19  0.10  0.07  0.05  0.05  0.04
 5  45  0.03  0.09  0.15  0.29  0.59  0.89  1.49  3.06  4.47  5.55  7.39  8.65  8.88  8.47  7.32  6.56  4.87  3.01  1.64  1.36  0.89  0.49  0.34  0.14  0.08  0.06  0.05  0.04
 5  50  0.03  0.08  0.14  0.28  0.56  0.85  1.42  2.91  4.37  5.50  7.26  8.44  8.51  8.06  7.06  6.34  4.84  3.12  1.85  1.55  1.01  0.58  0.40  0.18  0.10  0.06  0.05  0.05
 5  55  0.03  0.08  0.14  0.27  0.55  0.82  1.38  2.83  4.21  5.30  7.07  8.19  8.22  7.69  6.69  6.02  4.81  3.25  2.01  1.70  1.12  0.64  0.46  0.31  0.12  0.06  0.05  0.05
 5  60  0.03  0.08  0.14  0.27  0.55  0.83  1.40  2.85  4.24  5.34  7.05  8.03  7.95  7.29  6.36  5.74  4.79  3.40  2.22  1.87  1.24  0.71  0.53  0.35  0.13  0.07  0.05  0.05
 5  65  0.03  0.08  0.13  0.27  0.54  0.81  1.37  2.79  4.14  5.21  6.85  7.68  7.49  6.78  5.86  5.24  4.42  3.38  2.39  2.03  1.41  0.83  0.62  0.41  0.14  0.07  0.05  0.05
 5  70  0.03  0.08  0.13  0.26  0.53  0.79  1.33  2.72  4.03  5.07  6.65  7.32  7.03  6.26  5.36  4.74  4.05  3.37  2.56  2.20  1.57  0.94  0.71  0.47  0.29  0.07  0.05  0.05
 5  75  0.03  0.08  0.13  0.26  0.53  0.79  1.33  2.71  4.05  5.10  6.63  7.05  6.61  5.80  5.14  4.68  4.13  3.44  2.62  2.25  1.62  0.98  0.72  0.47  0.29  0.07  0.05  0.05
 5  80  0.03  0.08  0.13  0.26  0.53  0.79  1.33  2.69  4.06  5.14  6.60  6.77  6.19  5.34  4.92  4.62  4.24  3.51  2.65  2.28  1.65  1.00  0.71  0.46  0.28  0.08  0.06  0.05
 5  85  0.03  0.08  0.13  0.26  0.53  0.79  1.32  2.68  4.04  5.10  6.56  6.73  6.16  5.32  4.90  4.60  4.23  3.50  2.65  2.28  1.65  1.00  0.71  0.46  0.28  0.08  0.06  0.05
 5  90  0.03  0.08  0.13  0.26  0.53  0.79  1.32  2.67  4.01  5.07  6.51  6.69  6.13  5.31  4.89  4.59  4.22  3.50  2.65  2.29  1.65  1.00  0.71  0.46  0.28  0.08  0.06  0.05
 6 -90  0.06  0.18  0.30  0.59  1.20  1.81  3.06  6.36  7.11  7.44  6.68  5.03  4.29  3.90  3.42  3.14  3.01  2.92  2.17  1.88  1.36  0.48  0.21  0.12  0.06  0.03  0.03  0.03
 6 -85  0.06  0.18  0.30  0.59  1.20  1.81  3.06  6.36  7.11  7.44  6.69  5.03  4.30  3.89  3.42  3.13  3.01  2.92  2.17  1.88  1.36  0.48  0.21  0.12  0.06  0.03  0.03  0.03
 6 -80  0.06  0.18  0.30  0.59  1.20  1.81  3.06  6.35  7.10  7.44  6.70  5.04  4.30  3.89  3.41  3.13  3.01  2.92  2.16  1.88  1.36  0.48  0.21  0.12  0.07  0.03  0.03  0.03
 6 -75  0.06  0.18  0.29  0.59  1.19  1.80  3.04  6.30  7.11  7.52  7.06  5.59  4.87  4.32  3.78  3.34  3.11  2.90  2.11  1.83  1.35  0.48  0.21  0.13  0.07  0.04  0.03  0.03
 6 -70  0.06  0.17  0.29  0.58  1.18  1.78  3.00  6.19  7.11  7.59  7.37  6.15  5.45  4.78  4.20  3.64  3.24  2.86  2.05  1.76  1.31  0.47  0.20  0.13  0.07  0.04  0.03  0.03
 6 -65  0.06  0.17  0.29  0.58  1.16  1.75  2.95  6.06  7.17  7.74  7.47  6.36  5.68  4.98  4.68  4.28  3.70  2.90  2.00  1.69  1.19  0.47  0.23  0.13  0.07  0.04  0.03  0.03
 6 -60  0.06  0.17  0.28  0.57  1.14  1.71  2.89  5.91  7.21  7.86  7.54  6.57  5.91  5.19  5.10  4.88  4.18  2.99  1.96  1.62  1.09  0.46  0.26  0.13  0.07  0.04  0.03  0.03
 6 -55  0.05  0.17  0.28  0.55  1.11  1.67  2.80  5.72  7.34  8.13  7.79  6.93  6.19  5.50  5.41  5.41  4.51  2.90  1.75  1.44  0.91  0.39  0.27  0.12  0.06  0.04  0.03  0.03
 6 -50  0.05  0.16  0.27  0.55  1.10  1.66  2.78  5.67  7.58  8.62  8.13  7.32  6.60  5.86  5.76  5.95  4.78  2.70  1.53  1.24  0.74  0.35  0.27  0.11  0.06  0.03  0.03  0.03
 6 -45  0.05  0.15  0.25  0.50  1.01  1.52  2.55  5.22  7.32  8.52  8.55  8.00  7.44  6.73  6.27  5.98  4.70  2.60  1.46  1.16  0.65  0.31  0.24  0.09  0.05  0.03  0.03  0.03
 6 -40  0.04  0.13  0.22  0.45  0.90  1.36  2.28  4.66  6.82  8.18  8.77  8.49  7.98  7.35  6.45  5.93  4.69  2.52  1.36  1.06  0.59  0.27  0.20  0.08  0.05  0.03  0.03  0.03
 6 -35  0.04  0.12  0.20  0.41  0.82  1.23  2.07  4.22  6.20  7.50  8.45  8.65  8.46  7.85  6.93  6.30  4.73  2.29  1.12  0.87  0.47  0.22  0.12  0.07  0.04  0.03  0.03  0.03
 6 -30  0.04  0.11  0.18  0.37  0.74  1.12  1.88  3.83  5.72  7.04  8.23  8.82  8.77  8.31  7.34  6.67  4.84  2.14  0.88  0.68  0.32  0.15  0.07  0.05  0.04  0.03  0.03  0.03
 6 -25  0.04  0.11  0.18  0.36  0.72  1.08  1.82  3.72  5.46  6.68  8.03  8.86  9.13  8.76  7.58  6.82  4.66  1.98  0.70  0.53  0.23  0.06  0.04  0.03  0.03  0.03  0.03  0.03
 6 -20  0.03  0.10  0.17  0.35  0.70  1.06  1.78  3.65  5.47  6.75  8.05  8.79  9.28  9.44  7.89  6.95  4.46  1.77  0.54  0.39  0.13  0.04  0.03  0.03  0.03  0.03  0.03  0.03
 6 -15  0.03  0.10  0.17  0.34  0.68  1.02  1.73  3.55  5.23  6.51  8.05  9.04  9.40  9.61  8.07  6.91  4.22  1.63  0.49  0.36  0.13  0.03  0.03  0.02  0.02  0.03  0.03  0.03
 6 -10  0.03  0.10  0.17  0.34  0.68  1.02  1.73  3.55  5.11  6.33  7.81  8.96  9.43  9.62  8.09  6.91  4.11  1.55  0.47  0.35  0.13  0.03  0.02  0.02  0.02  0.03  0.03  0.03
 6  -5  0.03  0.10  0.17  0.34  0.68  1.02  1.72  3.56  4.97  6.06  7.73  8.97  9.26  9.53  8.23  7.14  4.25  1.53  0.43  0.32  0.13  0.03  0.02  0.02  0.02  0.02  0.02  0.02
 6   0  0.03  0.10  0.16  0.32  0.65  0.97  1.64  3.39  4.79  5.83  7.56  9.03  9.33  9.57  8.32  7.29  4.34  1.45  0.39  0.29  0.14  0.03  0.02  0.02  0.02  0.02  0.02  0.02
 6   5  0.03  0.10  0.16  0.32  0.65  0.98  1.65  3.39  4.79  5.77  7.47  9.01  9.61  9.73  8.23  7.31  4.49  1.58  0.48  0.35  0.18  0.03  0.02  0.02  0.02  0.03  0.02  0.02
 6  10  0.03  0.09  0.16  0.31  0.63  0.94  1.58  3.23  4.43  5.38  7.16  8.77  9.58  9.64  8.18  7.43  4.74  1.73  0.63  0.46  0.22  0.03  0.02  0.02  0.02  0.03  0.03  0.02
 6  15  0.03  0.09  0.16  0.31  0.63  0.94  1.59  3.24  4.49  5.54  7.39  8.95  9.53  9.47  7.97  7.16  4.67  1.87  0.71  0.54  0.25  0.04  0.03  0.03  0.03  0.03  0.03  0.03
 6  20  0.03  0.10  0.16  0.32  0.64  0.96  1.62  3.32  4.63  5.68  7.40  9.06  9.64  9.28  7.84  6.98  4.59  1.97  0.77  0.56  0.27  0.05  0.03  0.03  0.03  0.04  0.04  0.03
 6  25  0.03  0.09  0.16  0.31  0.63  0.94  1.58  3.23  4.51  5.55  7.33  8.86  9.24  9.05  7.88  7.01  4.69  2.11  0.84  0.63  0.31  0.08  0.05  0.04  0.04  0.04  0.04  0.03
 6  30  0.03  0.09  0.15  0.30  0.61  0.92  1.54  3.14  4.51  5.49  7.28  8.62  9.06  8.94  7.92  7.14  4.83  2.25  0.92  0.72  0.36  0.12  0.06  0.05  0.04  0.04  0.04  0.04
 6  35  0.03  0.09  0.15  0.30  0.61  0.91  1.53  3.12  4.50  5.54  7.35  8.58  9.00  8.82  7.73  6.91  4.77  2.52  1.15  0.90  0.47  0.18  0.09  0.06  0.05  0.05  0.04  0.04
 6  40  0.03  0.09  0.15  0.30  0.60  0.90  1.52  3.11  4.31  5.32  6.93  8.43  8.95  8.73  7.47  6.66  4.76  2.78  1.39  1.10  0.60  0.33  0.14  0.08  0.06  0.05  0.05  0.04
 6  45  0.03  0.09  0.14  0.29  0.58  0.87  1.47  3.01  4.31  5.32  7.04  8.33  8.68  8.36  7.21  6.47  4.78  2.88  1.52  1.26  0.80  0.41  0.28  0.11  0.07  0.05  0.05  0.04
 6  50  0.03  0.08  0.13  0.27  0.54  0.82  1.37  2.81  4.15  5.18  6.84  8.05  8.31  7.95  6.95  6.23  4.76  2.96  1.71  1.43  0.94  0.51  0.35  0.15  0.09  0.06  0.05  0.04
 6  55  0.03  0.08  0.13  0.26  0.52  0.78  1.31  2.68  3.91  4.86  6.51  7.69  7.93  7.50  6.54  5.89  4.56  3.00  1.82  1.54  1.01  0.56  0.40  0.18  0.10  0.06  0.05  0.05
 6  60  0.03  0.08  0.13  0.26  0.52  0.78  1.30  2.66  3.87  4.81  6.40  7.47  7.61  7.05  6.18  5.60  4.35  3.06  1.97  1.66  1.09  0.61  0.47  0.30  0.11  0.07  0.05  0.05
 6  65  0.02  0.07  0.12  0.25  0.50  0.75  1.26  2.56  3.73  4.65  6.22  7.18  7.20  6.55  5.65  5.04  3.97  2.99  2.10  1.78  1.22  0.68  0.54  0.34  0.12  0.07  0.05  0.04
 6  70  0.02  0.07  0.12  0.24  0.48  0.72  1.21  2.47  3.59  4.48  6.04  6.88  6.78  6.05  5.12  4.48  3.59  2.93  2.23  1.91  1.34  0.76  0.62  0.39  0.13  0.07  0.05  0.05
 6  75  0.02  0.07  0.11  0.23  0.46  0.69  1.17  2.37  3.51  4.41  6.03  6.74  6.50  5.69  4.87  4.29  3.59  2.94  2.28  1.97  1.41  0.79  0.64  0.41  0.15  0.07  0.06  0.05
 6  80  0.02  0.07  0.11  0.22  0.44  0.67  1.12  2.28  3.43  4.34  6.01  6.60  6.22  5.33  4.61  4.10  3.62  2.96  2.32  2.02  1.46  0.82  0.65  0.42  0.25  0.08  0.06  0.04
 6  85  0.02  0.07  0.11  0.22  0.44  0.67  1.12  2.26  3.40  4.30  5.97  6.56  6.19  5.31  4.59  4.08  3.61  2.96  2.32  2.02  1.46  0.82  0.65  0.42  0.25  0.08  0.06  0.04
 6  90  0.02  0.07  0.11  0.22  0.44  0.67  1.11  2.25  3.38  4.27  5.92  6.51  6.16  5.29  4.58  4.07  3.60  2.96  2.32  2.02  1.46  0.82  0.65  0.42  0.25  0.08  0.06  0.04
 7 -90  0.05  0.16  0.27  0.54  1.08  1.63  2.77  5.78  6.62  7.03  6.52  5.20  4.49  4.19  3.57  3.26  3.18  2.77  2.14  1.85  1.26  0.50  0.26  0.12  0.06  0.03  0.03  0.03
 7 -85  0.05  0.16  0.27  0.54  1.08  1.63  2.77  5.77  6.61  7.04  6.54  5.21  4.50  4.18  3.56  3.25  3.18  2.78  2.14  1.84  1.26  0.50  0.27  0.12  0.06  0.03  0.03  0.03
 7 -80  0.05  0.16  0.27  0.54  1.08  1.63  2.77  5.77  6.60  7.04  6.55  5.22  4.51  4.18  3.56  3.25  3.18  2.78  2.13  1.84  1.26  0.50  0.27  0.12  0.06  0.03  0.03  0.03
 7 -75  0.05  0.15  0.25  0.50  1.01  1.53  2.58  5.38  6.34  6.87  6.76  5.68  5.10  4.67  3.87  3.35  3.06  2.76  2.11  1.83  1.29  0.51  0.27  0.11  0.06  0.03  0.03  0.03
 7 -70  0.05  0.14  0.23  0.46  0.93  1.40  2.37  4.92  6.05  6.67  6.91  6.17  5.71  5.12  4.24  3.52  2.98  2.72  2.07  1.80  1.30  0.51  0.28  0.12  0.06  0.03  0.03  0.03
 7 -65  0.05  0.14  0.23  0.47  0.94  1.42  2.40  4.96  6.31  7.02  7.21  6.35  5.77  5.04  4.69  4.26  3.65  2.82  2.00  1.71  1.24  0.49  0.25  0.12  0.06  0.04  0.03  0.03
 7 -60  0.05  0.14  0.24  0.47  0.95  1.44  2.42  4.95  6.53  7.31  7.43  6.55  5.82  5.02  5.09  4.96  4.30  2.95  1.94  1.64  1.17  0.46  0.28  0.13  0.07  0.04  0.03  0.03
 7 -55  0.05  0.14  0.23  0.46  0.92  1.39  2.32  4.73  6.56  7.49  7.67  6.98  6.14  5.35  5.47  5.57  4.63  2.94  1.78  1.48  0.97  0.39  0.27  0.13  0.07  0.04  0.03  0.03
 7 -50  0.05  0.14  0.23  0.46  0.92  1.38  2.31  4.70  6.70  7.89  8.01  7.41  6.59  5.72  5.83  6.19  4.91  2.81  1.60  1.30  0.78  0.33  0.26  0.13  0.07  0.04  0.03  0.03
 7 -45  0.04  0.13  0.22  0.44  0.89  1.34  2.24  4.58  6.69  7.95  8.45  8.08  7.52  6.74  6.39  6.22  4.91  2.80  1.56  1.25  0.69  0.30  0.23  0.12  0.06  0.03  0.03  0.03
 7 -40  0.04  0.12  0.21  0.42  0.84  1.26  2.11  4.32  6.36  7.74  8.59  8.49  8.01  7.40  6.59  6.20  4.96  2.81  1.53  1.20  0.64  0.26  0.20  0.11  0.06  0.03  0.03  0.03
 7 -35  0.04  0.12  0.19  0.39  0.78  1.18  1.98  4.05  5.95  7.25  8.33  8.62  8.45  7.86  6.90  6.28  4.85  2.56  1.32  1.02  0.52  0.22  0.16  0.09  0.05  0.03  0.03  0.03
 7 -30  0.04  0.11  0.18  0.37  0.74  1.11  1.86  3.79  5.64  6.95  8.16  8.75  8.72  8.24  7.08  6.33  4.81  2.42  1.09  0.84  0.38  0.16  0.07  0.05  0.04  0.03  0.03  0.03
 7 -25  0.04  0.11  0.18  0.36  0.73  1.10  1.84  3.77  5.55  6.77  8.07  8.77  9.00  8.58  7.34  6.58  4.67  2.16  0.87  0.65  0.27  0.06  0.04  0.03  0.03  0.03  0.03  0.03
 7 -20  0.04  0.11  0.18  0.36  0.72  1.09  1.83  3.76  5.64  6.91  8.21  8.77  9.10  9.14  7.68  6.83  4.49  1.88  0.64  0.47  0.16  0.04  0.03  0.03  0.03  0.03  0.03  0.03
 7 -15  0.03  0.10  0.17  0.34  0.69  1.04  1.76  3.62  5.38  6.77  8.32  9.09  9.32  9.46  8.06  6.95  4.15  1.67  0.56  0.41  0.16  0.03  0.03  0.02  0.02  0.03  0.03  0.03
 7 -10  0.03  0.10  0.17  0.34  0.69  1.04  1.75  3.60  5.27  6.58  8.14  9.15  9.43  9.44  8.20  7.11  3.96  1.50  0.50  0.38  0.15  0.03  0.02  0.02  0.02  0.03  0.03  0.03
 7  -5  0.03  0.10  0.17  0.34  0.68  1.03  1.74  3.60  5.08  6.23  8.01  9.23  9.26  9.33  8.25  7.08  4.15  1.53  0.49  0.37  0.16  0.03  0.02  0.02  0.02  0.02  0.03  0.02
 7   0  0.03  0.09  0.16  0.32  0.64  0.96  1.62  3.34  4.77  5.79  7.62  9.06  9.08  9.22  8.17  7.02  4.32  1.53  0.48  0.36  0.17  0.03  0.02  0.02  0.02  0.02  0.02  0.02
 7   5  0.03  0.10  0.16  0.32  0.65  0.98  1.66  3.41  4.82  5.86  7.59  9.20  9.59  9.53  8.24  7.23  4.52  1.70  0.57  0.42  0.20  0.03  0.02  0.02  0.02  0.02  0.02  0.02
 7  10  0.03  0.09  0.16  0.32  0.63  0.95  1.60  3.27  4.57  5.58  7.37  9.03  9.76  9.73  8.33  7.53  4.80  1.87  0.72  0.53  0.23  0.03  0.02  0.02  0.02  0.03  0.02  0.02
 7  15  0.03  0.10  0.16  0.32  0.64  0.97  1.62  3.32  4.61  5.74  7.57  9.20  9.79  9.68  8.18  7.36  4.84  1.97  0.79  0.58  0.24  0.03  0.03  0.03  0.03  0.03  0.03  0.03
 7  20  0.03  0.10  0.16  0.33  0.66  0.99  1.67  3.42  4.82  5.92  7.63  9.21  9.81  9.42  8.05  7.25  4.80  2.05  0.82  0.59  0.25  0.04  0.03  0.03  0.03  0.04  0.03  0.03
 7  25  0.03  0.10  0.16  0.32  0.64  0.97  1.63  3.32  4.64  5.75  7.60  9.03  9.40  9.20  7.93  7.00  4.71  2.16  0.89  0.64  0.27  0.07  0.04  0.04  0.04  0.04  0.04  0.03
 7  30  0.03  0.09  0.16  0.31  0.63  0.95  1.60  3.25  4.64  5.63  7.46  8.76  9.17  9.02  7.79  6.83  4.65  2.32  0.97  0.73  0.30  0.09  0.05  0.04  0.04  0.04  0.04  0.03
 7  35  0.03  0.09  0.16  0.31  0.63  0.94  1.58  3.23  4.62  5.65  7.46  8.67  9.02  8.83  7.64  6.71  4.60  2.48  1.12  0.86  0.39  0.12  0.06  0.05  0.05  0.05  0.04  0.04
 7  40  0.03  0.09  0.15  0.31  0.61  0.92  1.55  3.17  4.41  5.45  7.09  8.44  8.89  8.67  7.44  6.61  4.63  2.66  1.30  1.02  0.52  0.17  0.09  0.06  0.05  0.05  0.04  0.04
 7  45  0.03  0.09  0.15  0.30  0.59  0.89  1.51  3.08  4.39  5.41  7.05  8.19  8.50  8.18  7.07  6.35  4.64  2.73  1.41  1.16  0.72  0.33  0.14  0.09  0.06  0.05  0.05  0.04
 7  50  0.03  0.08  0.14  0.28  0.56  0.84  1.41  2.88  4.22  5.24  6.80  7.88  8.11  7.75  6.79  6.09  4.62  2.81  1.56  1.31  0.85  0.44  0.30  0.12  0.08  0.06  0.05  0.04
 7  55  0.03  0.08  0.13  0.26  0.52  0.79  1.33  2.71  3.93  4.86  6.41  7.46  7.66  7.24  6.28  5.62  4.39  2.79  1.66  1.41  0.94  0.50  0.36  0.14  0.09  0.06  0.05  0.04
 7  60  0.03  0.08  0.13  0.26  0.51  0.78  1.30  2.66  3.84  4.76  6.27  7.22  7.33  6.78  5.86  5.22  4.15  2.77  1.78  1.52  1.03  0.56  0.42  0.17  0.10  0.06  0.05  0.04
 7  65  0.02  0.07  0.12  0.25  0.49  0.74  1.25  2.54  3.68  4.57  6.05  6.88  6.88  6.23  5.27  4.60  3.68  2.67  1.86  1.61  1.12  0.60  0.46  0.29  0.11  0.06  0.05  0.04
 7  70  0.02  0.07  0.12  0.24  0.47  0.71  1.19  2.43  3.52  4.38  5.83  6.53  6.42  5.69  4.69  3.98  3.22  2.56  1.94  1.69  1.21  0.64  0.51  0.33  0.12  0.07  0.05  0.04
 7  75  0.02  0.07  0.11  0.22  0.45  0.68  1.14  2.31  3.41  4.29  5.78  6.35  6.09  5.29  4.41  3.79  3.15  2.56  2.00  1.75  1.24  0.65  0.53  0.34  0.13  0.07  0.05  0.04
 7  80  0.02  0.06  0.11  0.21  0.43  0.65  1.08  2.20  3.31  4.19  5.73  6.15  5.76  4.89  4.13  3.59  3.11  2.59  2.06  1.79  1.27  0.65  0.55  0.35  0.14  0.07  0.05  0.04
 7  85  0.02  0.06  0.11  0.21  0.43  0.65  1.08  2.18  3.29  4.16  5.69  6.11  5.73  4.87  4.11  3.58  3.10  2.59  2.05  1.80  1.27  0.65  0.55  0.35  0.15  0.07  0.05  0.04
 7  90  0.02  0.06  0.11  0.21  0.43  0.64  1.08  2.17  3.26  4.12  5.64  6.07  5.70  4.85  4.10  3.56  3.09  2.58  2.05  1.80  1.27  0.65  0.55  0.35  0.15  0.07  0.05  0.04
 8 -90  0.04  0.12  0.21  0.42  0.84  1.27  2.15  4.48  5.70  6.30  6.70  6.14  5.65  5.05  3.88  3.08  3.27  3.09  2.37  2.00  1.33  0.52  0.28  0.12  0.06  0.03  0.03  0.03
 8 -85  0.04  0.12  0.21  0.42  0.84  1.27  2.15  4.48  5.70  6.30  6.71  6.15  5.65  5.04  3.87  3.07  3.27  3.09  2.36  1.99  1.33  0.52  0.28  0.12  0.06  0.03  0.03  0.03
 8 -80  0.04  0.12  0.21  0.42  0.84  1.27  2.15  4.47  5.69  6.30  6.72  6.16  5.66  5.04  3.86  3.07  3.27  3.09  2.36  1.99  1.33  0.52  0.29  0.12  0.06  0.03  0.03  0.03
 8 -75  0.04  0.12  0.21  0.42  0.84  1.27  2.15  4.44  5.75  6.39  6.83  6.14  5.63  5.04  4.07  3.34  3.38  3.13  2.39  2.03  1.40  0.55  0.30  0.12  0.06  0.04  0.03  0.03
 8 -70  0.04  0.12  0.21  0.41  0.83  1.25  2.11  4.33  5.75  6.44  6.92  6.17  5.62  4.99  4.30  3.65  3.46  3.12  2.37  2.02  1.44  0.56  0.30  0.13  0.06  0.04  0.03  0.03
 8 -65  0.04  0.12  0.20  0.40  0.80  1.20  2.02  4.12  5.74  6.54  7.18  6.60  5.91  5.15  4.83  4.41  3.92  3.14  2.20  1.86  1.30  0.52  0.32  0.13  0.07  0.04  0.03  0.03
 8 -60  0.04  0.12  0.19  0.39  0.78  1.17  1.96  3.98  5.71  6.66  7.41  7.01  6.21  5.36  5.32  5.15  4.39  3.20  2.03  1.70  1.15  0.48  0.30  0.14  0.07  0.04  0.03  0.03
 8 -55  0.04  0.12  0.19  0.38  0.77  1.16  1.93  3.90  5.71  6.87  7.68  7.53  6.70  5.84  5.61  5.59  4.71  3.25  1.87  1.55  1.00  0.41  0.29  0.15  0.07  0.04  0.03  0.03
 8 -50  0.04  0.12  0.19  0.39  0.78  1.17  1.96  3.94  5.91  7.19  8.06  8.00  7.25  6.26  5.94  6.04  5.08  3.22  1.72  1.41  0.87  0.36  0.28  0.15  0.07  0.04  0.03  0.03
 8 -45  0.04  0.12  0.20  0.39  0.79  1.19  1.99  4.05  6.08  7.33  8.43  8.48  7.99  7.17  6.47  6.14  5.08  3.14  1.66  1.37  0.81  0.34  0.26  0.14  0.07  0.04  0.03  0.03
 8 -40  0.04  0.12  0.19  0.39  0.78  1.18  1.98  4.03  5.89  7.32  8.48  8.71  8.28  7.65  6.67  6.16  5.11  3.08  1.66  1.34  0.78  0.31  0.24  0.13  0.07  0.04  0.03  0.03
 8 -35  0.04  0.11  0.19  0.37  0.75  1.13  1.90  3.86  5.69  6.99  8.31  8.78  8.62  8.00  6.93  6.26  4.94  2.79  1.43  1.13  0.63  0.25  0.19  0.10  0.06  0.04  0.03  0.03
 8 -30  0.04  0.11  0.18  0.36  0.72  1.08  1.81  3.68  5.52  6.83  8.23  8.90  8.82  8.22  7.05  6.32  4.83  2.61  1.17  0.91  0.45  0.19  0.08  0.06  0.05  0.04  0.03  0.03
 8 -25  0.04  0.11  0.18  0.36  0.72  1.08  1.81  3.70  5.50  6.74  8.18  8.94  9.11  8.56  7.28  6.53  4.71  2.26  0.90  0.69  0.31  0.06  0.04  0.04  0.03  0.03  0.03  0.03
 8 -20  0.04  0.11  0.18  0.35  0.71  1.07  1.80  3.70  5.58  6.82  8.30  9.05  9.31  9.12  7.63  6.75  4.54  1.97  0.63  0.45  0.16  0.04  0.03  0.03  0.03  0.03  0.03  0.03
 8 -15  0.03  0.10  0.17  0.34  0.68  1.02  1.72  3.53  5.29  6.70  8.36  9.32  9.59  9.60  8.11  6.93  4.17  1.73  0.57  0.41  0.14  0.03  0.03  0.03  0.03  0.03  0.03  0.03
 8 -10  0.03  0.10  0.16  0.33  0.66  1.00  1.69  3.46  5.12  6.43  8.14  9.40  9.70  9.58  8.32  7.14  3.95  1.53  0.53  0.38  0.12  0.03  0.02  0.02  0.02  0.03  0.03  0.03
 8  -5  0.03  0.10  0.16  0.33  0.66  1.00  1.68  3.47  4.93  6.06  7.99  9.50  9.54  9.48  8.49  7.26  4.11  1.57  0.52  0.38  0.13  0.03  0.02  0.02  0.02  0.03  0.03  0.03
 8   0  0.03  0.09  0.15  0.30  0.61  0.92  1.55  3.19  4.54  5.49  7.41  9.12  9.16  9.23  8.49  7.37  4.26  1.60  0.51  0.37  0.14  0.03  0.02  0.02  0.02  0.03  0.03  0.02
 8   5  0.03  0.09  0.16  0.32  0.64  0.96  1.61  3.31  4.69  5.72  7.51  9.41  9.76  9.61  8.53  7.44  4.48  1.73  0.60  0.42  0.16  0.03  0.02  0.02  0.02  0.02  0.02  0.02
 8  10  0.03  0.09  0.16  0.31  0.63  0.94  1.58  3.23  4.58  5.64  7.43  9.29 10.05  9.97  8.55  7.58  4.77  1.84  0.73  0.52  0.20  0.03  0.02  0.02  0.02  0.02  0.02  0.02
 8  15  0.03  0.10  0.16  0.32  0.64  0.96  1.62  3.31  4.65  5.85  7.65  9.44 10.11  9.98  8.38  7.44  4.81  1.92  0.79  0.58  0.21  0.03  0.02  0.02  0.03  0.03  0.03  0.02
 8  20  0.03  0.10  0.16  0.33  0.66  1.00  1.68  3.44  4.96  6.15  7.86  9.38 10.00  9.64  8.17  7.30  4.75  2.00  0.83  0.59  0.23  0.04  0.03  0.03  0.03  0.03  0.03  0.03
 8  25  0.03  0.10  0.16  0.32  0.65  0.98  1.64  3.35  4.79  6.01  7.93  9.26  9.62  9.39  8.00  7.06  4.67  2.10  0.88  0.63  0.24  0.05  0.04  0.03  0.04  0.04  0.04  0.03
 8  30  0.03  0.10  0.16  0.32  0.65  0.97  1.64  3.33  4.81  5.90  7.77  9.01  9.37  9.12  7.83  6.85  4.59  2.26  0.94  0.70  0.27  0.07  0.04  0.04  0.04  0.04  0.04  0.03
 8  35  0.03  0.10  0.16  0.32  0.65  0.97  1.63  3.32  4.83  5.92  7.74  8.88  9.11  8.86  7.65  6.69  4.53  2.34  1.04  0.79  0.35  0.09  0.06  0.05  0.04  0.04  0.04  0.04
 8  40  0.03  0.09  0.16  0.32  0.63  0.96  1.61  3.28  4.62  5.78  7.48  8.61  8.91  8.59  7.41  6.59  4.57  2.48  1.18  0.92  0.46  0.13  0.07  0.06  0.05  0.05  0.04  0.04
 8  45  0.03  0.09  0.15  0.31  0.62  0.94  1.58  3.23  4.63  5.74  7.34  8.24  8.39  7.98  6.93  6.23  4.49  2.56  1.36  1.11  0.68  0.29  0.11  0.07  0.06  0.05  0.04  0.04
 8  50  0.03  0.09  0.15  0.30  0.60  0.90  1.51  3.08  4.53  5.63  7.11  7.94  7.98  7.50  6.57  5.93  4.38  2.65  1.53  1.27  0.81  0.39  0.24  0.10  0.07  0.05  0.05  0.04
 8  55  0.03  0.08  0.14  0.28  0.56  0.84  1.42  2.89  4.23  5.27  6.74  7.50  7.46  6.92  6.07  5.51  4.12  2.68  1.65  1.38  0.89  0.44  0.29  0.12  0.08  0.05  0.05  0.04
 8  60  0.03  0.08  0.14  0.27  0.55  0.83  1.39  2.82  4.15  5.20  6.63  7.27  7.13  6.45  5.67  5.16  3.84  2.68  1.77  1.49  0.96  0.47  0.32  0.15  0.09  0.06  0.05  0.04
 8  65  0.03  0.08  0.13  0.26  0.53  0.80  1.34  2.73  4.02  5.03  6.38  6.83  6.56  5.81  5.06  4.56  3.47  2.57  1.82  1.55  1.02  0.50  0.36  0.22  0.09  0.06  0.05  0.04
 8  70  0.03  0.08  0.13  0.26  0.51  0.77  1.30  2.64  3.88  4.85  6.12  6.38  5.99  5.17  4.45  3.96  3.10  2.45  1.87  1.61  1.08  0.54  0.39  0.25  0.10  0.06  0.05  0.04
 8  75  0.03  0.08  0.13  0.25  0.51  0.76  1.28  2.59  3.81  4.76  5.87  5.85  5.33  4.50  3.96  3.60  3.01  2.41  1.90  1.64  1.12  0.56  0.40  0.26  0.11  0.06  0.05  0.04
 8  80  0.02  0.07  0.12  0.25  0.50  0.75  1.25  2.54  3.73  4.67  5.61  5.31  4.67  3.83  3.47  3.24  2.95  2.41  1.94  1.68  1.15  0.58  0.41  0.27  0.12  0.06  0.05  0.04
 8  85  0.02  0.07  0.12  0.25  0.50  0.75  1.25  2.52  3.71  4.64  5.56  5.27  4.64  3.82  3.46  3.22  2.94  2.40  1.93  1.68  1.15  0.58  0.41  0.27  0.13  0.07  0.05  0.04
 8  90  0.02  0.07  0.12  0.25  0.50  0.74  1.25  2.51  3.68  4.60  5.52  5.23  4.60  3.80  3.44  3.21  2.93  2.40  1.93  1.68  1.15  0.58  0.41  0.26  0.13  0.07  0.05  0.04
 9 -90  0.04  0.11  0.18  0.37  0.74  1.11  1.87  3.85  5.55  6.38  6.68  5.83  5.29  4.82  4.16  3.56  3.74  3.26  2.39  2.00  1.36  0.55  0.29  0.12  0.06  0.03  0.03  0.03
 9 -85  0.04  0.11  0.18  0.37  0.74  1.11  1.87  3.85  5.54  6.38  6.69  5.84  5.30  4.82  4.15  3.56  3.74  3.26  2.39  1.99  1.36  0.55  0.30  0.13  0.06  0.04  0.03  0.03
 9 -80  0.04  0.11  0.18  0.37  0.74  1.11  1.87  3.84  5.53  6.39  6.70  5.85  5.30  4.81  4.15  3.55  3.74  3.26  2.39  1.99  1.36  0.55  0.31  0.13  0.07  0.04  0.03  0.03
 9 -75  0.04  0.11  0.18  0.36  0.71  1.08  1.81  3.70  5.39  6.28  6.94  6.31  5.65  4.98  4.40  3.83  3.79  3.41  2.52  2.10  1.46  0.60  0.33  0.14  0.07  0.04  0.03  0.03
 9 -70  0.03  0.10  0.17  0.34  0.69  1.04  1.75  3.56  5.19  6.15  7.15  6.79  6.02  5.20  4.63  4.09  3.62  3.40  2.55  2.12  1.50  0.62  0.35  0.14  0.07  0.04  0.03  0.03
 9 -65  0.03  0.10  0.17  0.34  0.68  1.03  1.72  3.48  5.17  6.28  7.40  7.36  6.58  5.70  5.27  4.88  3.92  3.40  2.42  2.03  1.41  0.60  0.31  0.15  0.07  0.04  0.03  0.03
 9 -60  0.03  0.10  0.17  0.34  0.69  1.04  1.74  3.51  5.22  6.40  7.65  7.86  7.14  6.28  5.90  5.67  4.39  3.46  2.28  1.92  1.28  0.57  0.32  0.16  0.08  0.04  0.03  0.03
 9 -55  0.04  0.11  0.18  0.35  0.70  1.06  1.77  3.56  5.30  6.51  7.80  8.20  7.57  6.68  6.11  5.93  4.73  3.42  2.03  1.67  1.04  0.48  0.30  0.17  0.08  0.04  0.03  0.03
 9 -50  0.04  0.11  0.18  0.35  0.71  1.07  1.78  3.58  5.44  6.68  8.01  8.50  7.99  6.99  6.36  6.21  5.17  3.39  1.86  1.48  0.84  0.40  0.27  0.17  0.08  0.04  0.03  0.03
 9 -45  0.04  0.11  0.18  0.36  0.72  1.08  1.81  3.67  5.56  6.80  8.35  8.87  8.51  7.70  6.75  6.30  5.17  3.30  1.79  1.43  0.77  0.37  0.25  0.15  0.08  0.04  0.03  0.03
 9 -40  0.04  0.11  0.18  0.36  0.72  1.08  1.81  3.68  5.44  6.86  8.41  9.00  8.63  7.91  6.86  6.29  5.14  3.20  1.80  1.42  0.76  0.34  0.25  0.13  0.07  0.04  0.04  0.03
 9 -35  0.03  0.10  0.17  0.35  0.70  1.05  1.75  3.56  5.29  6.57  8.24  9.04  8.93  8.27  7.07  6.36  4.98  2.87  1.54  1.19  0.59  0.26  0.20  0.10  0.06  0.04  0.04  0.03
 9 -30  0.03  0.10  0.17  0.33  0.67  1.01  1.69  3.43  5.18  6.46  8.17  9.20  9.16  8.46  7.15  6.37  4.85  2.62  1.25  0.94  0.40  0.17  0.09  0.06  0.05  0.04  0.04  0.04
 9 -25  0.03  0.10  0.17  0.34  0.68  1.02  1.71  3.48  5.20  6.43  8.13  9.18  9.37  8.74  7.36  6.56  4.80  2.32  1.05  0.77  0.30  0.07  0.05  0.04  0.04  0.04  0.04  0.04
 9 -20  0.03  0.10  0.17  0.33  0.67  1.01  1.69  3.46  5.22  6.40  8.13  9.29  9.59  9.25  7.69  6.76  4.71  2.12  0.83  0.59  0.19  0.04  0.03  0.03  0.03  0.03  0.04  0.04
 9 -15  0.03  0.09  0.16  0.32  0.64  0.96  1.61  3.30  4.95  6.29  8.07  9.39  9.84  9.76  8.16  6.92  4.32  1.84  0.71  0.50  0.16  0.04  0.03  0.03  0.03  0.03  0.03  0.03
 9 -10  0.03  0.09  0.15  0.31  0.62  0.93  1.57  3.22  4.73  5.96  7.77  9.35  9.80  9.66  8.35  7.12  4.05  1.59  0.57  0.41  0.13  0.03  0.03  0.02  0.03  0.03  0.03  0.03
 9  -5  0.03  0.09  0.15  0.31  0.62  0.94  1.58  3.24  4.60  5.65  7.64  9.47  9.65  9.57  8.50  7.15  4.17  1.61  0.57  0.41  0.13  0.03  0.02  0.02  0.02  0.03  0.03  0.03
 9   0  0.03  0.09  0.14  0.29  0.58  0.88  1.48  3.03  4.23  5.14  6.98  8.98  9.17  9.25  8.44  7.21  4.27  1.65  0.56  0.40  0.14  0.03  0.02  0.02  0.02  0.03  0.03  0.02
 9   5  0.03  0.09  0.15  0.30  0.61  0.92  1.55  3.18  4.46  5.47  7.24  9.37  9.75  9.64  8.60  7.38  4.46  1.75  0.61  0.43  0.15  0.03  0.02  0.02  0.02  0.02  0.02  0.02
 9  10  0.03  0.09  0.15  0.30  0.61  0.92  1.55  3.16  4.50  5.59  7.31  9.30 10.08 10.08  8.70  7.61  4.72  1.83  0.70  0.50  0.17  0.03  0.02  0.02  0.02  0.03  0.02  0.02
 9  15  0.03  0.09  0.16  0.31  0.63  0.94  1.59  3.24  4.59  5.81  7.54  9.44 10.20 10.15  8.52  7.50  4.74  1.83  0.74  0.53  0.18  0.03  0.02  0.02  0.02  0.03  0.03  0.02
 9  20  0.03  0.10  0.16  0.32  0.65  0.98  1.65  3.37  4.95  6.21  7.88  9.37 10.06  9.79  8.26  7.35  4.68  1.86  0.74  0.53  0.19  0.04  0.03  0.03  0.03  0.03  0.03  0.03
 9  25  0.03  0.09  0.16  0.32  0.63  0.95  1.60  3.26  4.80  6.09  8.02  9.33  9.73  9.49  8.11  7.28  4.68  1.92  0.78  0.55  0.19  0.05  0.03  0.03  0.03  0.04  0.04  0.03
 9  30  0.03  0.10  0.16  0.32  0.64  0.96  1.62  3.29  4.83  6.01  7.87  9.12  9.48  9.14  8.03  7.23  4.68  2.04  0.81  0.59  0.22  0.06  0.04  0.04  0.04  0.04  0.04  0.03
 9  35  0.03  0.10  0.16  0.32  0.65  0.97  1.63  3.32  4.94  6.13  7.93  8.97  9.10  8.79  7.69  6.83  4.53  2.17  0.97  0.72  0.31  0.08  0.05  0.04  0.04  0.04  0.04  0.03
 9  40  0.03  0.10  0.16  0.32  0.65  0.98  1.64  3.34  4.86  6.13  7.86  8.73  8.78  8.36  7.27  6.51  4.51  2.40  1.19  0.91  0.44  0.12  0.07  0.05  0.04  0.04  0.04  0.04
 9  45  0.03  0.10  0.16  0.32  0.65  0.98  1.65  3.38  4.95  6.18  7.68  8.23  8.10  7.61  6.67  6.08  4.40  2.50  1.40  1.13  0.67  0.28  0.10  0.07  0.05  0.04  0.04  0.04
 9  50  0.03  0.10  0.16  0.32  0.65  0.98  1.64  3.35  5.01  6.23  7.54  7.93  7.60  6.99  6.21  5.72  4.31  2.64  1.59  1.29  0.81  0.38  0.23  0.09  0.06  0.05  0.04  0.04
 9  55  0.03  0.09  0.15  0.31  0.62  0.94  1.57  3.21  4.81  6.01  7.22  7.42  6.95  6.31  5.65  5.28  4.11  2.67  1.69  1.39  0.89  0.44  0.27  0.12  0.07  0.05  0.04  0.04
 9  60  0.03  0.09  0.15  0.31  0.62  0.94  1.57  3.20  4.84  6.06  7.17  7.15  6.53  5.78  5.21  4.88  3.87  2.65  1.80  1.49  0.95  0.47  0.29  0.17  0.08  0.05  0.04  0.04
 9  65  0.03  0.09  0.16  0.31  0.63  0.95  1.59  3.23  4.85  6.02  6.90  6.64  5.94  5.17  4.60  4.27  3.50  2.51  1.84  1.54  1.01  0.49  0.31  0.19  0.09  0.05  0.04  0.04
 9  70  0.03  0.10  0.16  0.32  0.64  0.96  1.61  3.26  4.87  5.98  6.62  6.12  5.34  4.55  3.99  3.65  3.14  2.36  1.88  1.60  1.06  0.52  0.33  0.20  0.09  0.05  0.04  0.04
 9  75  0.03  0.10  0.16  0.32  0.64  0.96  1.61  3.27  4.68  5.61  5.90  5.34  4.66  4.02  3.74  3.58  3.04  2.31  1.87  1.59  1.06  0.51  0.34  0.21  0.10  0.05  0.04  0.04
 9  80  0.03  0.10  0.16  0.32  0.64  0.97  1.62  3.28  4.48  5.23  5.17  4.56  3.98  3.50  3.48  3.52  2.97  2.30  1.87  1.60  1.07  0.51  0.34  0.22  0.10  0.06  0.04  0.04
 9  85  0.03  0.10  0.16  0.32  0.64  0.96  1.61  3.27  4.46  5.19  5.13  4.52  3.95  3.48  3.47  3.51  2.97  2.29  1.86  1.60  1.07  0.51  0.34  0.22  0.11  0.06  0.04  0.04
 9  90  0.03  0.10  0.16  0.32  0.64  0.96  1.61  3.25  4.43  5.16  5.08  4.47  3.91  3.46  3.45  3.49  2.96  2.29  1.86  1.60  1.07  0.51  0.34  0.22  0.11  0.06  0.04  0.04
10 -90  0.03  0.09  0.15  0.29  0.58  0.88  1.47  2.99  4.41  5.46  6.78  6.98  6.24  5.42  4.96  4.66  4.27  3.40  2.32  1.93  1.35  0.60  0.34  0.14  0.07  0.04  0.03  0.03
10 -85  0.03  0.09  0.14  0.29  0.58  0.88  1.47  2.98  4.40  5.46  6.79  6.99  6.25  5.41  4.95  4.65  4.27  3.40  2.31  1.93  1.35  0.60  0.35  0.15  0.07  0.04  0.03  0.03
10 -80  0.03  0.09  0.14  0.29  0.58  0.88  1.47  2.97  4.39  5.46  6.80  7.00  6.26  5.40  4.95  4.65  4.27  3.40  2.31  1.92  1.35  0.60  0.37  0.15  0.07  0.04  0.03  0.03
10 -75  0.03  0.09  0.15  0.29  0.58  0.88  1.47  2.97  4.38  5.47  6.87  7.29  6.66  5.82  5.40  5.24  4.45  3.75  2.57  2.12  1.48  0.65  0.30  0.16  0.08  0.04  0.03  0.03
10 -70  0.03  0.09  0.15  0.29  0.58  0.88  1.47  2.97  4.36  5.46  6.92  7.58  7.08  6.26  5.82  5.77  4.54  3.84  2.65  2.19  1.53  0.68  0.33  0.17  0.08  0.04  0.03  0.03
10 -65  0.03  0.09  0.15  0.30  0.60  0.90  1.51  3.04  4.50  5.64  7.16  7.94  7.53  6.71  6.34  6.32  4.77  3.81  2.56  2.12  1.42  0.64  0.34  0.18  0.08  0.04  0.03  0.03
10 -60  0.03  0.09  0.15  0.31  0.62  0.93  1.56  3.13  4.66  5.85  7.43  8.28  7.97  7.13  6.87  6.91  5.22  3.85  2.44  2.01  1.28  0.59  0.33  0.19  0.09  0.04  0.03  0.03
10 -55  0.03  0.10  0.16  0.32  0.63  0.95  1.59  3.20  4.76  5.96  7.58  8.48  8.22  7.38  6.81  6.65  5.20  3.55  2.13  1.74  1.04  0.48  0.30  0.19  0.09  0.04  0.03  0.03
10 -50  0.03  0.10  0.16  0.32  0.63  0.95  1.59  3.19  4.83  6.05  7.74  8.70  8.46  7.51  6.74  6.43  5.29  3.45  1.96  1.57  0.88  0.38  0.26  0.19  0.09  0.04  0.04  0.03
10 -45  0.03  0.09  0.16  0.31  0.63  0.94  1.58  3.19  4.90  6.10  8.01  9.06  8.88  8.11  7.16  6.76  5.52  3.51  1.96  1.57  0.86  0.36  0.24  0.15  0.08  0.04  0.04  0.03
10 -40  0.03  0.09  0.16  0.31  0.63  0.95  1.59  3.21  4.86  6.21  8.11  9.22  9.01  8.19  7.41  7.00  5.68  3.58  2.06  1.63  0.89  0.35  0.24  0.12  0.07  0.04  0.04  0.03
10 -35  0.03  0.09  0.16  0.31  0.62  0.94  1.57  3.18  4.73  5.94  7.90  9.20  9.23  8.58  7.55  6.98  5.35  3.06  1.61  1.25  0.63  0.25  0.16  0.09  0.06  0.04  0.04  0.03
10 -30  0.03  0.09  0.15  0.31  0.61  0.92  1.54  3.12  4.70  5.87  7.83  9.34  9.47  8.76  7.59  6.91  5.05  2.58  1.16  0.86  0.37  0.14  0.09  0.06  0.05  0.04  0.04  0.04
10 -25  0.03  0.09  0.16  0.31  0.63  0.94  1.58  3.22  4.76  5.94  7.83  9.27  9.57  8.96  7.67  6.93  4.80  2.16  0.97  0.70  0.27  0.08  0.05  0.04  0.04  0.04  0.04  0.04
10 -20  0.03  0.09  0.15  0.31  0.62  0.93  1.57  3.19  4.78  5.86  7.75  9.33  9.79  9.39  7.89  6.98  4.54  1.86  0.77  0.54  0.16  0.05  0.04  0.03  0.03  0.04  0.04  0.04
10 -15  0.03  0.09  0.15  0.30  0.60  0.90  1.51  3.08  4.59  5.78  7.59  9.29  9.98  9.82  8.27  7.12  4.26  1.74  0.67  0.46  0.13  0.04  0.03  0.03  0.03  0.03  0.04  0.04
10 -10  0.03  0.09  0.14  0.29  0.58  0.87  1.46  2.97  4.35  5.47  7.29  9.13  9.73  9.63  8.39  7.29  4.08  1.62  0.57  0.39  0.11  0.03  0.03  0.03  0.03  0.03  0.03  0.03
10  -5  0.03  0.09  0.14  0.29  0.58  0.87  1.47  3.02  4.31  5.28  7.26  9.21  9.59  9.51  8.52  7.31  4.18  1.64  0.55  0.37  0.11  0.03  0.02  0.02  0.02  0.03  0.03  0.03
10   0  0.03  0.08  0.14  0.28  0.57  0.86  1.44  2.95  4.03  4.93  6.66  8.74  9.12  9.15  8.46  7.39  4.24  1.67  0.51  0.35  0.11  0.03  0.02  0.02  0.02  0.03  0.03  0.02
10   5  0.03  0.09  0.15  0.30  0.59  0.89  1.51  3.08  4.31  5.30  7.02  9.14  9.53  9.50  8.59  7.42  4.40  1.73  0.58  0.40  0.13  0.03  0.02  0.02  0.02  0.02  0.02  0.02
10  10  0.03  0.09  0.15  0.30  0.60  0.90  1.52  3.09  4.44  5.52  7.15  9.04  9.77  9.90  8.64  7.49  4.60  1.79  0.67  0.47  0.15  0.03  0.02  0.02  0.02  0.03  0.03  0.02
10  15  0.03  0.09  0.15  0.30  0.61  0.92  1.55  3.16  4.54  5.72  7.31  9.13  9.91 10.00  8.40  7.34  4.58  1.76  0.71  0.50  0.16  0.03  0.02  0.02  0.02  0.03  0.03  0.03
10  20  0.03  0.09  0.16  0.32  0.64  0.96  1.61  3.29  4.89  6.15  7.67  9.05  9.79  9.68  8.08  7.13  4.52  1.80  0.71  0.50  0.17  0.03  0.03  0.03  0.03  0.03  0.03  0.03
10  25  0.03  0.09  0.15  0.31  0.62  0.94  1.57  3.20  4.83  6.13  7.91  9.12  9.54  9.31  7.88  7.10  4.55  1.87  0.74  0.53  0.18  0.04  0.03  0.03  0.03  0.03  0.03  0.03
10  30  0.03  0.10  0.16  0.32  0.64  0.97  1.62  3.30  4.91  6.16  7.85  8.98  9.32  8.89  7.80  7.09  4.59  1.97  0.76  0.55  0.21  0.06  0.04  0.03  0.03  0.03  0.03  0.03
10  35  0.03  0.10  0.16  0.33  0.66  1.00  1.67  3.41  5.15  6.46  8.08  8.82  8.77  8.38  7.39  6.63  4.46  2.08  0.93  0.69  0.32  0.09  0.05  0.04  0.04  0.04  0.03  0.03
10  40  0.03  0.10  0.17  0.34  0.68  1.02  1.72  3.51  5.29  6.66  8.19  8.62  8.28  7.72  6.84  6.27  4.45  2.31  1.19  0.91  0.47  0.22  0.08  0.05  0.04  0.04  0.04  0.03
10  45  0.04  0.11  0.18  0.36  0.71  1.08  1.81  3.70  5.46  6.80  7.98  7.98  7.52  6.98  6.29  5.88  4.43  2.51  1.45  1.17  0.70  0.30  0.17  0.07  0.05  0.04  0.04  0.04
10  50  0.04  0.11  0.18  0.37  0.73  1.10  1.86  3.79  5.75  6.99  7.88  7.64  6.97  6.28  5.82  5.57  4.45  2.74  1.66  1.35  0.84  0.38  0.21  0.09  0.06  0.04  0.04  0.04
10  55  0.04  0.11  0.18  0.37  0.73  1.11  1.86  3.79  5.70  6.80  7.43  7.02  6.30  5.70  5.39  5.29  4.38  2.77  1.74  1.41  0.90  0.45  0.25  0.15  0.07  0.05  0.04  0.04
10  60  0.04  0.11  0.19  0.38  0.76  1.14  1.91  3.89  5.79  6.87  7.28  6.66  5.88  5.28  5.07  5.02  4.25  2.74  1.82  1.49  0.96  0.47  0.27  0.16  0.08  0.05  0.04  0.04
10  65  0.04  0.12  0.19  0.39  0.77  1.17  1.96  3.98  5.74  6.63  6.81  6.11  5.36  4.82  4.65  4.60  3.90  2.63  1.90  1.58  1.05  0.49  0.28  0.17  0.08  0.05  0.04  0.04
10  70  0.04  0.12  0.20  0.39  0.79  1.19  1.99  4.04  5.66  6.39  6.34  5.53  4.83  4.35  4.23  4.16  3.56  2.53  1.99  1.67  1.13  0.51  0.29  0.18  0.09  0.05  0.04  0.04
10  75  0.04  0.12  0.19  0.39  0.78  1.18  1.98  4.02  5.28  5.73  5.55  4.86  4.31  3.96  3.88  3.81  3.36  2.50  2.02  1.71  1.17  0.52  0.29  0.18  0.09  0.05  0.04  0.04
10  80  0.04  0.12  0.19  0.39  0.78  1.17  1.96  3.98  4.89  5.07  4.76  4.19  3.80  3.58  3.53  3.47  3.19  2.51  2.07  1.75  1.21  0.54  0.30  0.19  0.09  0.05  0.04  0.04
10  85  0.04  0.12  0.19  0.39  0.78  1.17  1.96  3.97  4.87  5.03  4.72  4.15  3.77  3.56  3.52  3.46  3.18  2.51  2.07  1.76  1.21  0.54  0.30  0.19  0.11  0.05  0.04  0.04
10  90  0.04  0.12  0.19  0.39  0.78  1.17  1.95  3.96  4.84  5.00  4.68  4.12  3.74  3.55  3.50  3.44  3.17  2.50  2.07  1.76  1.21  0.54  0.30  0.19  0.11  0.05  0.04  0.04
11 -90  0.02  0.07  0.12  0.25  0.50  0.75  1.26  2.56  3.65  4.53  6.25  7.25  7.11  6.39  5.95  6.03  5.13  3.87  2.70  2.24  1.50  0.64  0.30  0.16  0.09  0.04  0.03  0.02
11 -85  0.02  0.07  0.12  0.25  0.50  0.75  1.26  2.55  3.64  4.53  6.26  7.26  7.11  6.39  5.94  6.02  5.13  3.87  2.69  2.23  1.50  0.64  0.30  0.20  0.09  0.04  0.03  0.02
11 -80  0.02  0.07  0.12  0.25  0.50  0.75  1.26  2.54  3.63  4.54  6.28  7.27  7.12  6.38  5.94  6.02  5.13  3.87  2.69  2.23  1.50  0.64  0.30  0.16  0.09  0.04  0.03  0.03
11 -75  0.03  0.08  0.13  0.25  0.51  0.76  1.27  2.56  3.68  4.62  6.32  7.38  7.30  6.55  6.25  6.40  5.37  4.03  2.81  2.33  1.57  0.68  0.32  0.17  0.09  0.04  0.03  0.03
11 -70  0.03  0.08  0.13  0.26  0.51  0.77  1.28  2.59  3.74  4.70  6.35  7.49  7.48  6.72  6.56  6.75  5.56  4.02  2.79  2.32  1.56  0.71  0.34  0.18  0.09  0.04  0.03  0.03
11 -65  0.03  0.08  0.13  0.26  0.53  0.79  1.32  2.66  3.87  4.87  6.57  7.76  7.77  6.99  6.80  6.90  5.54  3.84  2.60  2.14  1.39  0.66  0.34  0.19  0.10  0.04  0.03  0.03
11 -60  0.03  0.08  0.14  0.27  0.55  0.82  1.37  2.75  4.01  5.05  6.80  8.02  8.05  7.25  7.05  7.08  5.54  3.68  2.37  1.94  1.21  0.59  0.33  0.20  0.10  0.05  0.03  0.03
11 -55  0.03  0.08  0.14  0.28  0.57  0.85  1.42  2.85  4.16  5.21  6.97  8.26  8.34  7.58  6.97  6.70  5.26  3.39  2.02  1.64  0.95  0.47  0.29  0.19  0.10  0.05  0.03  0.03
11 -50  0.03  0.09  0.14  0.28  0.57  0.85  1.42  2.85  4.19  5.27  7.09  8.52  8.62  7.79  6.83  6.32  5.11  3.25  1.81  1.42  0.76  0.35  0.24  0.18  0.09  0.05  0.03  0.03
11 -45  0.03  0.08  0.14  0.28  0.56  0.84  1.40  2.83  4.24  5.28  7.26  8.88  9.02  8.34  7.17  6.58  5.30  3.29  1.80  1.41  0.74  0.31  0.22  0.14  0.08  0.04  0.04  0.03
11 -40  0.03  0.08  0.14  0.28  0.55  0.83  1.40  2.82  4.28  5.42  7.44  9.09  9.23  8.47  7.42  6.77  5.38  3.31  1.89  1.48  0.77  0.31  0.22  0.10  0.06  0.04  0.04  0.03
11 -35  0.03  0.08  0.14  0.28  0.56  0.85  1.42  2.87  4.15  5.22  7.26  9.04  9.37  8.89  7.60  6.85  5.05  2.84  1.46  1.11  0.53  0.23  0.13  0.08  0.05  0.04  0.04  0.03
11 -30  0.03  0.08  0.14  0.28  0.57  0.85  1.42  2.87  4.23  5.26  7.27  9.20  9.61  9.06  7.72  6.90  4.74  2.37  1.01  0.74  0.30  0.14  0.08  0.06  0.05  0.04  0.04  0.04
11 -25  0.03  0.09  0.15  0.29  0.58  0.88  1.47  2.99  4.35  5.45  7.44  9.19  9.63  9.14  7.71  6.84  4.55  2.06  0.89  0.63  0.23  0.08  0.05  0.04  0.04  0.04  0.04  0.04
11 -20  0.03  0.09  0.14  0.29  0.58  0.87  1.46  2.97  4.41  5.44  7.42  9.29  9.85  9.44  7.84  6.82  4.37  1.88  0.74  0.50  0.14  0.05  0.04  0.04  0.04  0.04  0.04  0.04
11 -15  0.03  0.08  0.14  0.28  0.57  0.86  1.44  2.93  4.35  5.42  7.25  9.22 10.04  9.78  8.11  6.96  4.17  1.76  0.66  0.45  0.13  0.04  0.03  0.03  0.03  0.03  0.04  0.03
11 -10  0.03  0.08  0.14  0.28  0.56  0.84  1.40  2.84  4.15  5.21  7.03  9.00  9.68  9.57  8.19  7.13  4.05  1.62  0.57  0.39  0.12  0.04  0.03  0.03  0.03  0.03  0.03  0.03
11  -5  0.03  0.08  0.14  0.28  0.56  0.84  1.42  2.90  4.21  5.19  7.16  9.05  9.51  9.39  8.23  7.10  4.08  1.59  0.55  0.37  0.12  0.03  0.03  0.02  0.03  0.03  0.03  0.03
11   0  0.03  0.09  0.14  0.29  0.58  0.87  1.46  3.00  4.09  5.05  6.75  8.71  9.18  9.06  8.15  7.14  4.05  1.55  0.51  0.35  0.12  0.03  0.03  0.02  0.02  0.03  0.03  0.02
11   5  0.03  0.09  0.15  0.29  0.59  0.89  1.50  3.07  4.35  5.33  7.08  8.97  9.30  9.30  8.30  7.16  4.22  1.60  0.55  0.37  0.13  0.03  0.02  0.02  0.02  0.03  0.02  0.02
11  10  0.03  0.09  0.15  0.30  0.60  0.90  1.51  3.08  4.47  5.55  7.11  8.76  9.36  9.54  8.36  7.22  4.41  1.67  0.60  0.41  0.13  0.03  0.03  0.02  0.03  0.03  0.03  0.03
11  15  0.03  0.09  0.15  0.30  0.61  0.92  1.54  3.13  4.58  5.75  7.20  8.75  9.39  9.56  8.08  7.05  4.31  1.62  0.63  0.44  0.15  0.03  0.03  0.03  0.03  0.03  0.03  0.03
11  20  0.03  0.09  0.16  0.31  0.63  0.95  1.60  3.27  4.91  6.20  7.55  8.64  9.27  9.25  7.73  6.83  4.24  1.67  0.62  0.45  0.16  0.04  0.03  0.03  0.03  0.03  0.03  0.03
11  25  0.03  0.09  0.16  0.31  0.63  0.94  1.58  3.22  4.98  6.29  7.82  8.75  9.06  8.76  7.43  6.79  4.31  1.83  0.71  0.52  0.19  0.05  0.03  0.03  0.03  0.03  0.03  0.03
11  30  0.03  0.10  0.16  0.33  0.66  1.00  1.68  3.41  5.13  6.48  7.87  8.66  8.84  8.32  7.33  6.75  4.40  1.95  0.76  0.56  0.23  0.07  0.04  0.03  0.03  0.03  0.03  0.03
11  35  0.03  0.10  0.17  0.35  0.70  1.06  1.78  3.62  5.50  6.90  8.17  8.49  8.27  7.86  7.05  6.46  4.53  2.15  0.96  0.73  0.36  0.16  0.06  0.04  0.04  0.03  0.03  0.03
11  40  0.04  0.11  0.18  0.37  0.74  1.11  1.87  3.80  5.81  7.26  8.36  8.32  7.75  7.16  6.58  6.25  4.75  2.48  1.28  0.98  0.50  0.22  0.09  0.06  0.05  0.04  0.04  0.03
11  45  0.04  0.12  0.19  0.39  0.78  1.18  1.98  4.04  5.98  7.35  8.05  7.64  7.03  6.55  6.19  6.00  4.78  2.70  1.56  1.25  0.75  0.34  0.20  0.08  0.06  0.04  0.04  0.04
11  50  0.04  0.12  0.20  0.41  0.82  1.24  2.09  4.26  6.34  7.50  7.90  7.24  6.46  5.84  5.80  5.80  4.88  2.93  1.78  1.44  0.91  0.44  0.25  0.15  0.07  0.04  0.04  0.04
11  55  0.04  0.12  0.21  0.41  0.83  1.25  2.10  4.29  6.20  7.09  7.27  6.54  5.86  5.43  5.51  5.63  4.77  2.98  1.85  1.52  1.03  0.50  0.27  0.16  0.08  0.05  0.04  0.04
11  60  0.04  0.13  0.21  0.42  0.84  1.27  2.12  4.32  6.14  6.97  6.94  6.11  5.50  5.16  5.30  5.44  4.59  2.96  1.93  1.61  1.14  0.53  0.28  0.17  0.08  0.05  0.04  0.04
11  65  0.04  0.12  0.20  0.41  0.82  1.23  2.06  4.19  5.93  6.66  6.63  5.85  5.33  5.05  5.07  5.08  4.42  2.96  2.09  1.77  1.29  0.59  0.30  0.18  0.08  0.05  0.04  0.04
11  70  0.04  0.12  0.20  0.40  0.80  1.21  2.03  4.15  5.71  6.35  6.32  5.59  5.16  4.94  4.83  4.72  4.24  2.95  2.25  1.93  1.45  0.65  0.32  0.19  0.08  0.05  0.04  0.04
11  75  0.04  0.12  0.20  0.40  0.80  1.20  2.02  4.12  5.43  5.95  5.83  4.87  4.32  4.10  4.01  3.90  3.65  2.83  2.17  1.86  1.38  0.60  0.29  0.17  0.09  0.05  0.04  0.04
11  80  0.04  0.12  0.20  0.39  0.79  1.19  1.99  4.08  5.14  5.55  5.33  4.14  3.49  3.25  3.19  3.09  3.09  2.75  2.10  1.79  1.31  0.56  0.26  0.15  0.09  0.05  0.04  0.04
11  85  0.04  0.12  0.20  0.39  0.79  1.18  1.99  4.07  5.12  5.52  5.29  4.10  3.46  3.24  3.18  3.08  3.08  2.74  2.09  1.80  1.31  0.56  0.26  0.15  0.09  0.05  0.04  0.03
11  90  0.04  0.12  0.20  0.39  0.79  1.18  1.99  4.05  5.10  5.49  5.24  4.07  3.43  3.22  3.17  3.07  3.07  2.74  2.09  1.80  1.31  0.56  0.26  0.15  0.09  0.05  0.04  0.03
12 -90  0.02  0.07  0.11  0.22  0.45  0.67  1.12  2.28  3.27  4.06  5.74  6.94  6.84  6.04  5.60  5.40  4.98  3.60  2.54  2.12  1.36  0.64  0.33  0.18  0.08  0.05  0.03  0.02
12 -85  0.02  0.07  0.11  0.22  0.45  0.67  1.12  2.27  3.26  4.06  5.75  6.95  6.85  6.03  5.60  5.39  4.98  3.60  2.54  2.12  1.36  0.64  0.33  0.18  0.08  0.05  0.03  0.02
12 -80  0.02  0.07  0.11  0.22  0.45  0.67  1.12  2.27  3.25  4.06  5.77  6.96  6.86  6.03  5.59  5.39  4.98  3.61  2.53  2.11  1.36  0.64  0.33  0.18  0.08  0.05  0.03  0.02
12 -75  0.02  0.07  0.11  0.23  0.46  0.69  1.15  2.32  3.33  4.15  5.81  7.05  7.02  6.20  5.77  5.56  5.10  3.60  2.52  2.10  1.36  0.64  0.33  0.18  0.11  0.04  0.03  0.02
12 -70  0.02  0.07  0.12  0.23  0.47  0.71  1.18  2.37  3.40  4.24  5.86  7.15  7.18  6.37  5.94  5.73  5.19  3.56  2.44  2.04  1.32  0.63  0.34  0.18  0.10  0.04  0.03  0.03
12 -65  0.02  0.07  0.12  0.24  0.49  0.73  1.22  2.46  3.53  4.39  6.05  7.43  7.55  6.79  6.29  6.04  5.21  3.44  2.23  1.86  1.17  0.56  0.32  0.18  0.11  0.05  0.03  0.03
12 -60  0.03  0.08  0.13  0.25  0.51  0.76  1.27  2.56  3.66  4.55  6.26  7.70  7.91  7.20  6.65  6.35  5.22  3.32  2.03  1.67  1.02  0.49  0.30  0.19  0.11  0.05  0.03  0.03
12 -55  0.03  0.08  0.13  0.27  0.53  0.80  1.34  2.69  3.84  4.78  6.49  8.00  8.31  7.72  6.96  6.49  5.07  3.08  1.75  1.43  0.82  0.40  0.27  0.19  0.11  0.05  0.03  0.03
12 -50  0.03  0.08  0.13  0.27  0.54  0.81  1.35  2.71  3.90  4.89  6.63  8.30  8.71  8.13  7.20  6.62  5.00  2.90  1.52  1.20  0.63  0.32  0.22  0.18  0.10  0.05  0.03  0.03
12 -45  0.03  0.08  0.13  0.27  0.53  0.80  1.35  2.72  3.94  4.87  6.75  8.65  9.09  8.64  7.25  6.45  4.91  2.80  1.46  1.15  0.60  0.27  0.18  0.13  0.08  0.04  0.04  0.03
12 -40  0.03  0.08  0.13  0.26  0.53  0.80  1.34  2.70  4.03  5.05  7.03  8.95  9.40  8.86  7.32  6.25  4.71  2.69  1.49  1.17  0.60  0.24  0.16  0.09  0.06  0.04  0.04  0.03
12 -35  0.03  0.08  0.14  0.27  0.55  0.82  1.37  2.77  3.92  4.90  6.93  8.93  9.44  9.17  7.65  6.71  4.63  2.41  1.18  0.89  0.42  0.19  0.10  0.06  0.05  0.04  0.04  0.03
12 -30  0.03  0.08  0.14  0.28  0.55  0.83  1.38  2.79  4.06  5.03  7.05  9.12  9.64  9.23  7.97  7.17  4.55  2.11  0.86  0.62  0.25  0.12  0.07  0.05  0.04  0.04  0.04  0.03
12 -25  0.03  0.09  0.14  0.28  0.57  0.86  1.44  2.91  4.20  5.29  7.37  9.22  9.66  9.23  7.89  7.06  4.42  1.89  0.77  0.54  0.19  0.08  0.05  0.04  0.04  0.04  0.04  0.03
12 -20  0.03  0.08  0.14  0.28  0.56  0.85  1.42  2.87  4.30  5.38  7.44  9.38  9.91  9.42  7.95  7.00  4.32  1.77  0.66  0.44  0.12  0.05  0.04  0.03  0.03  0.04  0.04  0.03
12 -15  0.03  0.08  0.14  0.28  0.56  0.85  1.42  2.89  4.35  5.37  7.30  9.38 10.15  9.67  8.08  7.03  4.17  1.69  0.60  0.39  0.11  0.04  0.03  0.03  0.03  0.03  0.03  0.03
12 -10  0.03  0.08  0.14  0.28  0.56  0.84  1.40  2.83  4.19  5.30  7.18  9.18  9.78  9.55  8.07  7.11  4.08  1.59  0.52  0.35  0.11  0.04  0.03  0.03  0.03  0.03  0.03  0.03
12  -5  0.03  0.08  0.14  0.28  0.56  0.84  1.41  2.87  4.32  5.41  7.44  9.16  9.63  9.38  7.90  6.80  3.98  1.53  0.50  0.34  0.13  0.03  0.02  0.02  0.02  0.03  0.03  0.02
12   0  0.03  0.09  0.15  0.30  0.60  0.90  1.52  3.10  4.40  5.48  7.27  9.06  9.55  9.19  7.68  6.54  3.80  1.45  0.46  0.32  0.13  0.03  0.02  0.02  0.02  0.03  0.03  0.02
12   5  0.03  0.09  0.15  0.30  0.60  0.91  1.53  3.12  4.59  5.64  7.52  9.08  9.30  9.21  7.87  6.70  4.03  1.53  0.51  0.34  0.12  0.03  0.03  0.02  0.02  0.03  0.03  0.03
12  10  0.03  0.09  0.15  0.30  0.61  0.92  1.54  3.14  4.63  5.80  7.39  8.72  9.05  9.13  7.99  6.92  4.26  1.64  0.57  0.38  0.13  0.03  0.03  0.03  0.03  0.03  0.03  0.03
12  15  0.03  0.09  0.15  0.31  0.61  0.92  1.55  3.16  4.73  5.94  7.35  8.58  8.94  9.01  7.65  6.71  4.14  1.64  0.61  0.42  0.14  0.03  0.03  0.03  0.03  0.03  0.03  0.03
12  20  0.03  0.09  0.16  0.31  0.63  0.95  1.60  3.27  4.96  6.30  7.60  8.43  8.84  8.75  7.30  6.47  4.11  1.74  0.63  0.45  0.16  0.04  0.03  0.03  0.03  0.03  0.03  0.03
12  25  0.03  0.09  0.15  0.31  0.62  0.94  1.57  3.19  5.02  6.28  7.70  8.48  8.63  8.20  7.08  6.61  4.30  1.98  0.78  0.58  0.22  0.05  0.04  0.03  0.03  0.03  0.03  0.03
12  30  0.03  0.10  0.16  0.33  0.66  0.99  1.66  3.38  5.09  6.43  7.70  8.33  8.43  7.81  7.10  6.76  4.55  2.14  0.87  0.65  0.27  0.08  0.05  0.04  0.04  0.03  0.03  0.03
12  35  0.03  0.10  0.17  0.35  0.70  1.05  1.76  3.58  5.42  6.77  7.94  8.17  7.93  7.49  7.02  6.69  4.81  2.36  1.08  0.84  0.44  0.20  0.08  0.06  0.04  0.04  0.03  0.03
12  40  0.04  0.11  0.18  0.37  0.73  1.11  1.86  3.80  5.67  7.04  8.07  8.01  7.48  6.88  6.70  6.66  5.15  2.69  1.43  1.10  0.63  0.29  0.16  0.08  0.05  0.04  0.04  0.04
12  45  0.04  0.11  0.19  0.38  0.77  1.16  1.95  3.99  5.77  7.05  7.76  7.43  6.88  6.52  6.38  6.30  5.11  3.04  1.70  1.38  0.87  0.41  0.24  0.15  0.07  0.04  0.04  0.04
12  50  0.04  0.12  0.20  0.41  0.82  1.23  2.06  4.22  6.13  7.17  7.55  7.00  6.35  5.90  5.97  5.99  5.12  3.38  1.96  1.60  1.03  0.50  0.28  0.18  0.08  0.05  0.04  0.04
12  55  0.04  0.12  0.20  0.41  0.82  1.23  2.06  4.22  5.97  6.73  6.98  6.41  5.95  5.70  5.76  5.81  4.96  3.40  2.08  1.71  1.18  0.58  0.30  0.20  0.08  0.05  0.04  0.04
12  60  0.04  0.12  0.20  0.40  0.81  1.22  2.06  4.19  5.87  6.54  6.66  6.07  5.73  5.61  5.59  5.59  4.73  3.35  2.22  1.85  1.33  0.64  0.32  0.20  0.08  0.05  0.04  0.04
12  65  0.04  0.12  0.21  0.42  0.84  1.27  2.13  4.36  5.84  6.49  6.61  5.94  5.59  5.48  5.36  5.27  4.57  3.24  2.27  1.92  1.40  0.65  0.30  0.18  0.09  0.05  0.04  0.04
12  70  0.04  0.13  0.21  0.43  0.86  1.30  2.19  4.49  5.78  6.42  6.51  5.82  5.45  5.34  5.12  4.93  4.42  3.14  2.32  1.98  1.46  0.66  0.29  0.16  0.09  0.05  0.04  0.04
12  75  0.04  0.12  0.21  0.41  0.83  1.26  2.12  4.36  5.53  6.16  6.23  5.38  4.94  4.84  4.64  4.47  4.20  3.14  2.34  2.00  1.47  0.65  0.30  0.17  0.09  0.05  0.04  0.04
12  80  0.04  0.12  0.20  0.40  0.80  1.20  2.03  4.20  5.30  5.90  5.95  4.94  4.43  4.30  4.16  4.02  3.98  3.15  2.35  2.01  1.48  0.65  0.32  0.19  0.09  0.05  0.04  0.04
12  85  0.04  0.12  0.20  0.40  0.80  1.20  2.03  4.18  5.28  5.87  5.91  4.90  4.40  4.29  4.15  4.00  3.97  3.15  2.35  2.02  1.48  0.65  0.32  0.19  0.09  0.05  0.04  0.04
12  90  0.04  0.12  0.20  0.40  0.80  1.20  2.03  4.17  5.26  5.84  5.87  4.86  4.37  4.27  4.13  3.99  3.96  3.15  2.35  2.02  1.48  0.65  0.32  0.19  0.09  0.05  0.04  0.03
